 kgrid  ValNew  Policy 
      0.55   -6.66064       0.55
  0.551301   -6.56696       0.55
  0.552603   -6.47495       0.55
  0.553904   -6.38457       0.55
  0.555205   -6.29579       0.55
  0.556507   -6.20857       0.55
  0.557808   -6.12288       0.55
  0.559109   -6.03868       0.55
   0.56041   -5.95596       0.55
  0.561712   -5.87466       0.55
  0.563013   -5.79478       0.55
  0.564314   -5.71627       0.55
  0.565616    -5.6391       0.55
  0.566917   -5.56325       0.55
  0.568218    -5.4887       0.55
   0.56952   -5.41541       0.55
  0.570821   -5.34336       0.55
  0.572122   -5.27253       0.55
  0.573423   -5.20288       0.55
  0.574725    -5.1344       0.55
  0.576026   -5.06706       0.55
  0.577327   -5.00083       0.55
  0.578629   -4.93571       0.55
   0.57993   -4.87166       0.55
  0.581231   -4.80866       0.55
  0.582533   -4.74669       0.55
  0.583834   -4.68573       0.55
  0.585135   -4.62577       0.55
  0.586436   -4.56678       0.55
  0.587738   -4.50873       0.55
  0.589039   -4.45163       0.55
   0.59034   -4.39544       0.55
  0.591642   -4.34015       0.55
  0.592943   -4.28574       0.55
  0.594244   -4.23219       0.55
  0.595546   -4.17949       0.55
  0.596847   -4.12762       0.55
  0.598148   -4.07657       0.55
  0.599449   -4.02631       0.55
  0.600751   -3.97684       0.55
  0.602052   -3.92814       0.55
  0.603353    -3.8802       0.55
  0.604655     -3.833       0.55
  0.605956   -3.78652       0.55
  0.607257   -3.74076       0.55
  0.608559    -3.6957       0.55
   0.60986   -3.65132       0.55
  0.611161   -3.60763       0.55
  0.612462   -3.56459       0.55
  0.613764    -3.5222       0.55
  0.615065   -3.48046       0.55
  0.616366   -3.43933       0.55
  0.617668   -3.39883       0.55
  0.618969   -3.35893       0.55
   0.62027   -3.31962       0.55
  0.621572   -3.28089       0.55
  0.622873   -3.24274       0.55
  0.624174   -3.20515       0.55
  0.625475   -3.16811       0.55
  0.626777   -3.13161       0.55
  0.628078   -3.09565       0.55
  0.629379   -3.06021       0.55
  0.630681   -3.02528       0.55
  0.631982   -2.99086       0.55
  0.633283   -2.95693       0.55
  0.634585   -2.92349       0.55
  0.635886   -2.89053       0.55
  0.637187   -2.85804       0.55
  0.638488   -2.82602       0.55
   0.63979   -2.79445       0.55
  0.641091   -2.76332       0.55
  0.642392   -2.73264       0.55
  0.643694   -2.70238       0.55
  0.644995   -2.67255       0.55
  0.646296   -2.64314       0.55
  0.647598   -2.61414       0.55
  0.648899   -2.58554       0.55
    0.6502   -2.55733       0.55
  0.651502   -2.52952       0.55
  0.652803   -2.50209       0.55
  0.654104   -2.47504       0.55
  0.655405   -2.44836       0.55
  0.656707   -2.42204       0.55
  0.658008   -2.39608       0.55
  0.659309   -2.37047       0.55
  0.660611   -2.34521       0.55
  0.661912   -2.32029       0.55
  0.663213    -2.2957       0.55
  0.664515   -2.27145       0.55
  0.665816   -2.24752       0.55
  0.667117   -2.22391       0.55
  0.668418   -2.20061       0.55
   0.66972   -2.17763       0.55
  0.671021   -2.15495       0.55
  0.672322   -2.13256       0.55
  0.673624   -2.11047       0.55
  0.674925   -2.08867       0.55
  0.676226   -2.06716       0.55
  0.677528   -2.04593       0.55
  0.678829   -2.02497       0.55
   0.68013   -2.00429       0.55
  0.681431   -1.98387       0.55
  0.682733   -1.96372       0.55
  0.684034   -1.94382       0.55
  0.685335   -1.92418       0.55
  0.686637   -1.90479       0.55
  0.687938   -1.88565       0.55
  0.689239   -1.86676       0.55
  0.690541    -1.8481       0.55
  0.691842   -1.82968       0.55
  0.693143   -1.81149       0.55
  0.694444   -1.79354       0.55
  0.695746    -1.7758       0.55
  0.697047   -1.75829       0.55
  0.698348     -1.741       0.55
   0.69965   -1.72392       0.55
  0.700951   -1.70706       0.55
  0.702252    -1.6904       0.55
  0.703554   -1.67395       0.55
  0.704855   -1.65771       0.55
  0.706156   -1.64166       0.55
  0.707457   -1.62581       0.55
  0.708759   -1.61015       0.55
   0.71006   -1.59469       0.55
  0.711361   -1.57941       0.55
  0.712663   -1.56432       0.55
  0.713964   -1.54941       0.55
  0.715265   -1.53468       0.55
  0.716567   -1.52013       0.55
  0.717868   -1.50575       0.55
  0.719169   -1.49155       0.55
   0.72047   -1.47751       0.55
  0.721772   -1.46365       0.55
  0.723073   -1.44994       0.55
  0.724374    -1.4364       0.55
  0.725676   -1.42302       0.55
  0.726977    -1.4098       0.55
  0.728278   -1.39674       0.55
   0.72958   -1.38382       0.55
  0.730881   -1.37106       0.55
  0.732182   -1.35845       0.55
  0.733483   -1.34598       0.55
  0.734785   -1.33366       0.55
  0.736086   -1.32149       0.55
  0.737387   -1.30945       0.55
  0.738689   -1.29755       0.55
   0.73999   -1.28579       0.55
  0.741291   -1.27416       0.55
  0.742593   -1.26267       0.55
  0.743894   -1.25131       0.55
  0.745195   -1.24008       0.55
  0.746496   -1.22897       0.55
  0.747798     -1.218       0.55
  0.749099   -1.20714       0.55
    0.7504   -1.19641       0.55
  0.751702    -1.1858       0.55
  0.753003   -1.17531       0.55
  0.754304   -1.16493       0.55
  0.755606   -1.15468       0.55
  0.756907   -1.14453       0.55
  0.758208    -1.1345       0.55
   0.75951   -1.12458       0.55
  0.760811   -1.11477       0.55
  0.762112   -1.10507       0.55
  0.763413   -1.09548       0.55
  0.764715   -1.08599       0.55
  0.766016   -1.07661       0.55
  0.767317   -1.06733       0.55
  0.768619   -1.05815       0.55
   0.76992   -1.04907       0.55
  0.771221   -1.04008       0.55
  0.772523    -1.0312       0.55
  0.773824   -1.02241       0.55
  0.775125   -1.01372       0.55
  0.776426   -1.00512       0.55
  0.777728  -0.996613       0.55
  0.779029  -0.988198       0.55
   0.78033  -0.979872       0.55
  0.781632  -0.971635       0.55
  0.782933  -0.963486       0.55
  0.784234  -0.955424       0.55
  0.785536  -0.947447       0.55
  0.786837  -0.939554       0.55
  0.788138  -0.931745       0.55
  0.789439  -0.924018       0.55
  0.790741  -0.916372       0.55
  0.792042  -0.908806       0.55
  0.793343  -0.901319       0.55
  0.794645  -0.893911       0.55
  0.795946  -0.886579       0.55
  0.797247  -0.879324       0.55
  0.798549  -0.872144       0.55
   0.79985  -0.865039       0.55
  0.801151  -0.858006       0.55
  0.802452  -0.851046       0.55
  0.803754  -0.844158       0.55
  0.805055   -0.83734       0.55
  0.806356  -0.830592       0.55
  0.807658  -0.823913       0.55
  0.808959  -0.817302       0.55
   0.81026  -0.810758       0.55
  0.811562   -0.80428       0.55
  0.812863  -0.797868       0.55
  0.814164  -0.791521       0.55
  0.815465  -0.785238       0.55
  0.816767  -0.779018       0.55
  0.818068   -0.77286       0.55
  0.819369  -0.766764       0.55
  0.820671  -0.760729       0.55
  0.821972  -0.754754       0.55
  0.823273  -0.748838       0.55
  0.824575  -0.742982       0.55
  0.825876  -0.737183       0.55
  0.827177  -0.731442       0.55
  0.828478  -0.725757       0.55
   0.82978  -0.720128       0.55
  0.831081  -0.714555       0.55
  0.832382  -0.709036       0.55
  0.833684  -0.703571       0.55
  0.834985  -0.698159       0.55
  0.836286  -0.692801       0.55
  0.837588  -0.687494       0.55
  0.838889  -0.682239       0.55
   0.84019  -0.677034       0.55
  0.841491   -0.67188       0.55
  0.842793  -0.666776       0.55
  0.844094  -0.661721       0.55
  0.845395  -0.656714       0.55
  0.846697  -0.651756       0.55
  0.847998  -0.646844       0.55
  0.849299   -0.64198       0.55
  0.850601  -0.637162       0.55
  0.851902   -0.63239       0.55
  0.853203  -0.627663       0.55
  0.854505  -0.622981       0.55
  0.855806  -0.618343       0.55
  0.857107  -0.613748       0.55
  0.858408  -0.609197       0.55
   0.85971  -0.604689       0.55
  0.861011  -0.600223       0.55
  0.862312  -0.595799       0.55
  0.863614  -0.591416       0.55
  0.864915  -0.587074       0.55
  0.866216  -0.582772       0.55
  0.867518  -0.578511       0.55
  0.868819  -0.574288       0.55
   0.87012  -0.570105       0.55
  0.871421   -0.56596       0.55
  0.872723  -0.561854       0.55
  0.874024  -0.557785       0.55
  0.875325  -0.553754       0.55
  0.876627  -0.549759       0.55
  0.877928  -0.545801       0.55
  0.879229  -0.541879       0.55
  0.880531  -0.537993       0.55
  0.881832  -0.534142       0.55
  0.883133  -0.530326       0.55
  0.884434  -0.526545       0.55
  0.885736  -0.522797       0.55
  0.887037  -0.519084       0.55
  0.888338  -0.515403       0.55
   0.88964  -0.511756       0.55
  0.890941  -0.508142       0.55
  0.892242   -0.50456       0.55
  0.893544   -0.50101       0.55
  0.894845  -0.497491       0.55
  0.896146  -0.494004       0.55
  0.897447  -0.490548       0.55
  0.898749  -0.487122       0.55
   0.90005  -0.483727       0.55
  0.901351  -0.480361       0.55
  0.902653  -0.477026       0.55
  0.903954  -0.473719       0.55
  0.905255  -0.470442       0.55
  0.906557  -0.467194       0.55
  0.907858  -0.463973       0.55
  0.909159  -0.460781       0.55
   0.91046  -0.457617       0.55
  0.911762   -0.45448       0.55
  0.913063  -0.451371       0.55
  0.914364  -0.448288       0.55
  0.915666  -0.445232       0.55
  0.916967  -0.442203       0.55
  0.918268  -0.439199       0.55
   0.91957  -0.436222       0.55
  0.920871  -0.433269       0.55
  0.922172  -0.430343       0.55
  0.923473  -0.427441       0.55
  0.924775  -0.424564       0.55
  0.926076  -0.421712       0.55
  0.927377  -0.418884       0.55
  0.928679  -0.416079       0.55
   0.92998  -0.413299       0.55
  0.931281  -0.410542       0.55
  0.932583  -0.407809       0.55
  0.933884  -0.405098       0.55
  0.935185  -0.402411       0.55
  0.936486  -0.399745       0.55
  0.937788  -0.397103       0.55
  0.939089  -0.394482       0.55
   0.94039  -0.391883       0.55
  0.941692  -0.389306       0.55
  0.942993  -0.386751       0.55
  0.944294  -0.384216       0.55
  0.945596  -0.381703       0.55
  0.946897  -0.379211       0.55
  0.948198  -0.376739       0.55
  0.949499  -0.374287       0.55
  0.950801  -0.371856       0.55
  0.952102  -0.369445       0.55
  0.953403  -0.367053       0.55
  0.954705  -0.364681       0.55
  0.956006  -0.362329       0.55
  0.957307  -0.359996       0.55
  0.958609  -0.357681       0.55
   0.95991  -0.355386       0.55
  0.961211  -0.353109       0.55
  0.962513  -0.350851       0.55
  0.963814  -0.348611       0.55
  0.965115  -0.346389       0.55
  0.966416  -0.344185       0.55
  0.967718  -0.341999       0.55
  0.969019   -0.33983       0.55
   0.97032  -0.337679       0.55
  0.971622  -0.335545       0.55
  0.972923  -0.333428       0.55
  0.974224  -0.331328       0.55
  0.975526  -0.329245       0.55
  0.976827  -0.327179       0.55
  0.978128  -0.325128       0.55
  0.979429  -0.323094       0.55
  0.980731  -0.321077       0.55
  0.982032  -0.319075       0.55
  0.983333  -0.317089       0.55
  0.984635  -0.315118       0.55
  0.985936  -0.313163       0.55
  0.987237  -0.311224       0.55
  0.988539  -0.309299       0.55
   0.98984   -0.30739       0.55
  0.991141  -0.305496       0.55
  0.992442  -0.303616       0.55
  0.993744  -0.301751       0.55
  0.995045  -0.299901       0.55
  0.996346  -0.298065       0.55
  0.997648  -0.296243       0.55
  0.998949  -0.294435       0.55
   1.00025  -0.292641       0.55
   1.00155  -0.290861       0.55
   1.00285  -0.289095       0.55
   1.00415  -0.287342       0.55
   1.00546  -0.285603       0.55
   1.00676  -0.283877       0.55
   1.00806  -0.282165       0.55
   1.00936  -0.280465       0.55
   1.01066  -0.278778       0.55
   1.01196  -0.277105       0.55
   1.01326  -0.275444       0.55
   1.01456  -0.273795       0.55
   1.01587  -0.272159       0.55
   1.01717  -0.270535       0.55
   1.01847  -0.268924       0.55
   1.01977  -0.267325       0.55
   1.02107  -0.265738       0.55
   1.02237  -0.264163       0.55
   1.02367  -0.262599       0.55
   1.02497  -0.261047       0.55
   1.02628  -0.259507       0.55
   1.02758  -0.257979       0.55
   1.02888  -0.256462       0.55
   1.03018  -0.254956       0.55
   1.03148  -0.253461       0.55
   1.03278  -0.251977       0.55
   1.03408  -0.250505       0.55
   1.03539  -0.249043       0.55
   1.03669  -0.247592       0.55
   1.03799  -0.246152       0.55
   1.03929  -0.244722       0.55
   1.04059  -0.243303       0.55
   1.04189  -0.241895       0.55
   1.04319  -0.240496       0.55
   1.04449  -0.239108       0.55
    1.0458   -0.23773       0.55
    1.0471  -0.236362       0.55
    1.0484  -0.235004       0.55
    1.0497  -0.233656       0.55
     1.051  -0.232318       0.55
    1.0523  -0.230989       0.55
    1.0536   -0.22967       0.55
    1.0549  -0.228361       0.55
   1.05621  -0.227061       0.55
   1.05751   -0.22577       0.55
   1.05881  -0.224489       0.55
   1.06011  -0.223217       0.55
   1.06141  -0.221954       0.55
   1.06271    -0.2207       0.55
   1.06401  -0.219455       0.55
   1.06532  -0.218219       0.55
   1.06662  -0.216991       0.55
   1.06792  -0.215773       0.55
   1.06922  -0.214563       0.55
   1.07052  -0.213361       0.55
   1.07182  -0.212169       0.55
   1.07312  -0.210984       0.55
   1.07442  -0.209808       0.55
   1.07573  -0.208641       0.55
   1.07703  -0.207481       0.55
   1.07833   -0.20633       0.55
   1.07963  -0.205186       0.55
   1.08093  -0.204051       0.55
   1.08223  -0.202924       0.55
   1.08353  -0.201805       0.55
   1.08483  -0.200693       0.55
   1.08614  -0.199589       0.55
   1.08744  -0.198493       0.55
   1.08874  -0.197405       0.55
   1.09004  -0.196324       0.55
   1.09134   -0.19525       0.55
   1.09264  -0.194184       0.55
   1.09394  -0.193125       0.55
   1.09525  -0.192074       0.55
   1.09655   -0.19103       0.55
   1.09785  -0.189993       0.55
   1.09915  -0.188963       0.55
   1.10045   -0.18794       0.55
   1.10175  -0.186925       0.55
   1.10305  -0.185916       0.55
   1.10435  -0.184914       0.55
   1.10566  -0.183919       0.55
   1.10696  -0.182931       0.55
   1.10826  -0.181949       0.55
   1.10956  -0.180974       0.55
   1.11086  -0.180006       0.55
   1.11216  -0.179044       0.55
   1.11346  -0.178089       0.55
   1.11476   -0.17714       0.55
   1.11607  -0.176197       0.55
   1.11737  -0.175261       0.55
   1.11867  -0.174332       0.55
   1.11997  -0.173408       0.55
   1.12127  -0.172491       0.55
   1.12257   -0.17158       0.55
   1.12387  -0.170675       0.55
   1.12518  -0.169775       0.55
   1.12648  -0.168882       0.55
   1.12778  -0.167995       0.55
   1.12908  -0.167114       0.55
   1.13038  -0.166239       0.55
   1.13168  -0.165369       0.55
   1.13298  -0.164505       0.55
   1.13428  -0.163647       0.55
   1.13559  -0.162795       0.55
   1.13689  -0.161948       0.55
   1.13819  -0.161107       0.55
   1.13949  -0.160271       0.55
   1.14079  -0.159441       0.55
   1.14209  -0.158616       0.55
   1.14339  -0.157797       0.55
   1.14469  -0.156982       0.55
     1.146  -0.156174       0.55
    1.1473   -0.15537       0.55
    1.1486  -0.154572       0.55
    1.1499  -0.153779       0.55
    1.1512  -0.152991       0.55
    1.1525  -0.152208       0.55
    1.1538  -0.151431       0.55
   1.15511  -0.150658       0.55
   1.15641   -0.14989       0.55
   1.15771  -0.149128       0.55
   1.15901   -0.14837       0.55
   1.16031  -0.147617       0.55
   1.16161  -0.146869       0.55
   1.16291  -0.146125       0.55
   1.16421  -0.145387       0.55
   1.16552  -0.144653       0.55
   1.16682  -0.143924       0.55
   1.16812  -0.143199       0.55
   1.16942  -0.142479       0.55
   1.17072  -0.141764       0.55
   1.17202  -0.141053       0.55
   1.17332  -0.140347       0.55
   1.17462  -0.139645       0.55
   1.17593  -0.138948       0.55
   1.17723  -0.138255       0.55
   1.17853  -0.137566       0.55
   1.17983  -0.136882       0.55
   1.18113  -0.136202       0.55
   1.18243  -0.135526       0.55
   1.18373  -0.134855       0.55
   1.18504  -0.134188       0.55
   1.18634  -0.133525       0.55
   1.18764  -0.132866       0.55
   1.18894  -0.132211       0.55
   1.19024   -0.13156       0.55
   1.19154  -0.130914       0.55
   1.19284  -0.130271       0.55
   1.19414  -0.129633       0.55
   1.19545  -0.128998       0.55
   1.19675  -0.128367       0.55
   1.19805   -0.12774       0.55
   1.19935  -0.127117       0.55
   1.20065  -0.126498       0.55
   1.20195  -0.125883       0.55
   1.20325  -0.125271       0.55
   1.20455  -0.124664       0.55
   1.20586   -0.12406       0.55
   1.20716  -0.123459       0.55
   1.20846  -0.122863       0.55
   1.20976   -0.12227       0.55
   1.21106   -0.12168       0.55
   1.21236  -0.121095       0.55
   1.21366  -0.120512       0.55
   1.21496  -0.119934       0.55
   1.21627  -0.119358       0.55
   1.21757  -0.118787       0.55
   1.21887  -0.118219       0.55
   1.22017  -0.117654       0.55
   1.22147  -0.117092       0.55
   1.22277  -0.116534       0.55
   1.22407   -0.11598       0.55
   1.22538  -0.115429       0.55
   1.22668  -0.114881       0.55
   1.22798  -0.114336       0.55
   1.22928  -0.113795       0.55
   1.23058  -0.113256       0.55
   1.23188  -0.112721       0.55
   1.23318   -0.11219       0.55
   1.23448  -0.111661       0.55
   1.23579  -0.111136       0.55
   1.23709  -0.110613       0.55
   1.23839  -0.110094       0.55
   1.23969  -0.109578       0.55
   1.24099  -0.109065       0.55
   1.24229  -0.108555       0.55
   1.24359  -0.108048       0.55
   1.24489  -0.107544       0.55
    1.2462  -0.107043       0.55
    1.2475  -0.106545       0.55
    1.2488   -0.10605       0.55
    1.2501  -0.105558       0.55
    1.2514  -0.105068       0.55
    1.2527  -0.104582       0.55
     1.254  -0.104098       0.55
   1.25531  -0.103617       0.55
   1.25661  -0.103139       0.55
   1.25791  -0.102664       0.55
   1.25921  -0.102192       0.55
   1.26051  -0.101722       0.55
   1.26181  -0.101255       0.55
   1.26311  -0.100791       0.55
   1.26441  -0.100329       0.55
   1.26572 -0.0998706       0.55
   1.26702 -0.0994144       0.55
   1.26832 -0.0989608       0.55
   1.26962 -0.0985098       0.55
   1.27092 -0.0980615       0.55
   1.27222 -0.0976157       0.55
   1.27352 -0.0971725       0.55
   1.27482 -0.0967318       0.55
   1.27613 -0.0962936       0.55
   1.27743  -0.095858       0.55
   1.27873 -0.0954248       0.55
   1.28003 -0.0949942       0.55
   1.28133  -0.094566       0.55
   1.28263 -0.0941402       0.55
   1.28393 -0.0937169       0.55
   1.28524 -0.0932959       0.55
   1.28654 -0.0928774       0.55
   1.28784 -0.0924612       0.55
   1.28914 -0.0920474       0.55
   1.29044 -0.0916359       0.55
   1.29174 -0.0912268       0.55
   1.29304 -0.0908199       0.55
   1.29434 -0.0904154       0.55
   1.29565 -0.0900131       0.55
   1.29695 -0.0896131       0.55
   1.29825 -0.0892154       0.55
   1.29955 -0.0888199       0.55
   1.30085 -0.0884266       0.55
   1.30215 -0.0880355       0.55
   1.30345 -0.0876465       0.55
   1.30475 -0.0872598       0.55
   1.30606 -0.0868752       0.55
   1.30736 -0.0864928       0.55
   1.30866 -0.0861125       0.55
   1.30996 -0.0857343       0.55
   1.31126 -0.0853582       0.55
   1.31256 -0.0849842       0.55
   1.31386 -0.0846122       0.55
   1.31517 -0.0842424       0.55
   1.31647 -0.0838745       0.55
   1.31777 -0.0835087       0.55
   1.31907  -0.083145       0.55
   1.32037 -0.0827832       0.55
   1.32167 -0.0824234       0.55
   1.32297 -0.0820656       0.55
   1.32427 -0.0817097       0.55
   1.32558 -0.0813558       0.55
   1.32688 -0.0810039       0.55
   1.32818 -0.0806538       0.55
   1.32948 -0.0803057       0.55
   1.33078 -0.0799595       0.55
   1.33208 -0.0796152       0.55
   1.33338 -0.0792727       0.55
   1.33468 -0.0789321       0.55
   1.33599 -0.0785933       0.55
   1.33729 -0.0782564       0.55
   1.33859 -0.0779214       0.55
   1.33989 -0.0775881       0.55
   1.34119 -0.0772566       0.55
   1.34249 -0.0769269       0.55
   1.34379 -0.0765991       0.55
    1.3451 -0.0762729       0.55
    1.3464 -0.0759485       0.55
    1.3477 -0.0756259       0.55
     1.349  -0.075305       0.55
    1.3503 -0.0749858       0.55
    1.3516 -0.0746684       0.55
    1.3529 -0.0743526       0.55
    1.3542 -0.0740385       0.55
   1.35551 -0.0737261       0.55
   1.35681 -0.0734154       0.55
   1.35811 -0.0731063       0.55
   1.35941 -0.0727989       0.55
   1.36071 -0.0724931       0.55
   1.36201 -0.0721889       0.55
   1.36331 -0.0718864       0.55
   1.36461 -0.0715854       0.55
   1.36592  -0.071286       0.55
   1.36722 -0.0709883       0.55
   1.36852 -0.0706921       0.55
   1.36982 -0.0703974       0.55
   1.37112 -0.0701043       0.55
   1.37242 -0.0698128       0.55
   1.37372 -0.0695227       0.55
   1.37503 -0.0692342       0.55
   1.37633 -0.0689473       0.55
   1.37763 -0.0686618       0.55
   1.37893 -0.0683778       0.55
   1.38023 -0.0680953       0.55
   1.38153 -0.0678143       0.55
   1.38283 -0.0675347       0.55
   1.38413 -0.0672566       0.55
   1.38544   -0.06698       0.55
   1.38674 -0.0667048       0.55
   1.38804  -0.066431       0.55
   1.38934 -0.0661586       0.55
   1.39064 -0.0658877       0.55
   1.39194 -0.0656181       0.55
   1.39324   -0.06535       0.55
   1.39454 -0.0650832       0.55
   1.39585 -0.0648178       0.55
   1.39715 -0.0645538       0.55
   1.39845 -0.0642911       0.55
   1.39975 -0.0640298       0.55
   1.40105 -0.0637698       0.55
   1.40235 -0.0635112       0.55
   1.40365 -0.0632539       0.55
   1.40495 -0.0629979       0.55
   1.40626 -0.0627432       0.55
   1.40756 -0.0624898       0.55
   1.40886 -0.0622377       0.55
   1.41016 -0.0619869       0.55
   1.41146 -0.0617374       0.55
   1.41276 -0.0614891       0.55
   1.41406 -0.0612421       0.55
   1.41537 -0.0609964       0.55
   1.41667 -0.0607519       0.55
   1.41797 -0.0605087       0.55
   1.41927 -0.0602666       0.55
   1.42057 -0.0600258       0.55
   1.42187 -0.0597862       0.55
   1.42317 -0.0595479       0.55
   1.42447 -0.0593107       0.55
   1.42578 -0.0590747       0.55
   1.42708 -0.0588399       0.55
   1.42838 -0.0586063       0.55
   1.42968 -0.0583739       0.55
   1.43098 -0.0581426       0.55
   1.43228 -0.0579125       0.55
   1.43358 -0.0576835       0.55
   1.43488 -0.0574557       0.55
   1.43619  -0.057229       0.55
   1.43749 -0.0570034       0.55
   1.43879  -0.056779       0.55
   1.44009 -0.0565557       0.55
   1.44139 -0.0563335       0.55
   1.44269 -0.0561124       0.55
   1.44399 -0.0558924       0.55
    1.4453 -0.0556735       0.55
    1.4466 -0.0554556       0.55
    1.4479 -0.0552389       0.55
    1.4492 -0.0550232       0.55
    1.4505 -0.0548086       0.55
    1.4518  -0.054595       0.55
    1.4531 -0.0543825       0.55
    1.4544 -0.0541711       0.55
   1.45571 -0.0539606       0.55
   1.45701 -0.0537512       0.55
   1.45831 -0.0535429       0.55
   1.45961 -0.0533355       0.55
   1.46091 -0.0531292       0.55
   1.46221 -0.0529239       0.55
   1.46351 -0.0527196       0.55
   1.46481 -0.0525163       0.55
   1.46612 -0.0523139       0.55
   1.46742 -0.0521126       0.55
   1.46872 -0.0519122       0.55
   1.47002 -0.0517128       0.55
   1.47132 -0.0515144       0.55
   1.47262 -0.0513169       0.55
   1.47392 -0.0511204       0.55
   1.47523 -0.0509249       0.55
   1.47653 -0.0507303       0.55
   1.47783 -0.0505366       0.55
   1.47913 -0.0503439       0.55
   1.48043 -0.0501521       0.55
   1.48173 -0.0499612       0.55
   1.48303 -0.0497712       0.55
   1.48433 -0.0495822       0.55
   1.48564  -0.049394       0.55
   1.48694 -0.0492068       0.55
   1.48824 -0.0490205       0.55
   1.48954  -0.048835       0.55
   1.49084 -0.0486504       0.55
   1.49214 -0.0484668       0.55
   1.49344  -0.048284       0.55
   1.49474  -0.048102       0.55
   1.49605 -0.0479209       0.55
   1.49735 -0.0477407       0.55
   1.49865 -0.0475614       0.55
   1.49995 -0.0473829       0.55
   1.50125 -0.0472052       0.55
   1.50255 -0.0470284       0.55
   1.50385 -0.0468524       0.55
   1.50516 -0.0466773       0.55
   1.50646  -0.046503       0.55
   1.50776 -0.0463295       0.55
   1.50906 -0.0461568       0.55
   1.51036  -0.045985       0.55
   1.51166 -0.0458139       0.55
   1.51296 -0.0456437       0.55
   1.51426 -0.0454742       0.55
   1.51557 -0.0453055       0.55
   1.51687 -0.0451377       0.55
   1.51817 -0.0449706       0.55
   1.51947 -0.0448043       0.55
   1.52077 -0.0446388       0.55
   1.52207  -0.044474       0.55
   1.52337 -0.0443101       0.55
   1.52467 -0.0441468       0.55
   1.52598 -0.0439844       0.55
   1.52728 -0.0438227       0.55
   1.52858 -0.0436617       0.55
   1.52988 -0.0435015       0.55
   1.53118 -0.0433421       0.55
   1.53248 -0.0431834       0.55
   1.53378 -0.0430254       0.55
   1.53509 -0.0428681       0.55
   1.53639 -0.0427116       0.55
   1.53769 -0.0425558       0.55
   1.53899 -0.0424007       0.55
   1.54029 -0.0422463       0.55
   1.54159 -0.0420926       0.55
   1.54289 -0.0419397       0.55
   1.54419 -0.0417874       0.55
    1.5455 -0.0416359       0.55
    1.5468  -0.041485       0.55
    1.5481 -0.0413348       0.55
    1.5494 -0.0411853       0.55
    1.5507 -0.0410365       0.55
     1.552 -0.0408884       0.55
    1.5533  -0.040741       0.55
    1.5546 -0.0405942       0.55
   1.55591 -0.0404481       0.55
   1.55721 -0.0403026       0.55
   1.55851 -0.0401578       0.55
   1.55981 -0.0400137       0.55
   1.56111 -0.0398702       0.55
   1.56241 -0.0397274       0.55
   1.56371 -0.0395852       0.55
   1.56502 -0.0394437       0.55
   1.56632 -0.0393028       0.55
   1.56762 -0.0391626       0.55
   1.56892 -0.0390229       0.55
   1.57022 -0.0388839       0.55
   1.57152 -0.0387456       0.55
   1.57282 -0.0386078       0.55
   1.57412 -0.0384707       0.55
   1.57543 -0.0383342       0.55
   1.57673 -0.0381983       0.55
   1.57803  -0.038063       0.55
   1.57933 -0.0379283       0.55
   1.58063 -0.0377942       0.55
   1.58193 -0.0376607       0.55
   1.58323 -0.0375278       0.55
   1.58453 -0.0373955       0.55
   1.58584 -0.0372638       0.55
   1.58714 -0.0371327       0.55
   1.58844 -0.0370021       0.55
   1.58974 -0.0368722       0.55
   1.59104 -0.0367428       0.55
   1.59234  -0.036614       0.55
   1.59364 -0.0364857       0.55
   1.59494  -0.036358       0.55
   1.59625 -0.0362309       0.55
   1.59755 -0.0361044       0.55
   1.59885 -0.0359784       0.55
   1.60015  -0.035853       0.55
   1.60145 -0.0357281       0.55
   1.60275 -0.0356037       0.55
   1.60405   -0.03548       0.55
   1.60536 -0.0353567       0.55
   1.60666  -0.035234       0.55
   1.60796 -0.0351118       0.55
   1.60926 -0.0349902       0.55
   1.61056 -0.0348691       0.55
   1.61186 -0.0347486       0.55
   1.61316 -0.0346285       0.55
   1.61446  -0.034509       0.55
   1.61577   -0.03439       0.55
   1.61707 -0.0342715       0.55
   1.61837 -0.0341536       0.55
   1.61967 -0.0340361       0.55
   1.62097 -0.0339192       0.55
   1.62227 -0.0338027       0.55
   1.62357 -0.0336868       0.55
   1.62487 -0.0335714       0.55
   1.62618 -0.0334565       0.55
   1.62748  -0.033342       0.55
   1.62878 -0.0332281       0.55
   1.63008 -0.0331147       0.55
   1.63138 -0.0330017       0.55
   1.63268 -0.0328892       0.55
   1.63398 -0.0327773       0.55
   1.63529 -0.0326658       0.55
   1.63659 -0.0325547       0.55
   1.63789 -0.0324442       0.55
   1.63919 -0.0323341       0.55
   1.64049 -0.0322245       0.55
   1.64179 -0.0321154       0.55
   1.64309 -0.0320067       0.55
   1.64439 -0.0318985       0.55
    1.6457 -0.0317908       0.55
     1.647 -0.0316835       0.55
    1.6483 -0.0315767       0.55
    1.6496 -0.0314703       0.55
    1.6509 -0.0313644       0.55
    1.6522  -0.031259       0.55
    1.6535 -0.0311539       0.55
    1.6548 -0.0310494       0.55
   1.65611 -0.0309452       0.55
   1.65741 -0.0308416       0.55
   1.65871 -0.0307383       0.55
   1.66001 -0.0306355       0.55
   1.66131 -0.0305331       0.55
   1.66261 -0.0304312       0.55
   1.66391 -0.0303297       0.55
   1.66522 -0.0302286       0.55
   1.66652 -0.0301279       0.55
   1.66782 -0.0300277       0.55
   1.66912 -0.0299279       0.55
   1.67042 -0.0298285       0.55
   1.67172 -0.0297295       0.55
   1.67302 -0.0296309       0.55
   1.67432 -0.0295328       0.55
   1.67563  -0.029435       0.55
   1.67693 -0.0293377       0.55
   1.67823 -0.0292408       0.55
   1.67953 -0.0291443       0.55
   1.68083 -0.0290481       0.55
   1.68213 -0.0289524       0.55
   1.68343 -0.0288571       0.55
   1.68473 -0.0287622       0.55
   1.68604 -0.0286676       0.55
   1.68734 -0.0285735       0.55
   1.68864 -0.0284798       0.55
   1.68994 -0.0283864       0.55
   1.69124 -0.0282934       0.55
   1.69254 -0.0282008       0.55
   1.69384 -0.0281086       0.55
   1.69515 -0.0280168       0.55
   1.69645 -0.0279254       0.55
   1.69775 -0.0278343       0.55
   1.69905 -0.0277436       0.55
   1.70035 -0.0276533       0.55
   1.70165 -0.0275633       0.55
   1.70295 -0.0274738       0.55
   1.70425 -0.0273845       0.55
   1.70556 -0.0272957       0.55
   1.70686 -0.0272072       0.55
   1.70816 -0.0271191       0.55
   1.70946 -0.0270313       0.55
   1.71076 -0.0269439       0.55
   1.71206 -0.0268569       0.55
   1.71336 -0.0267702       0.55
   1.71466 -0.0266839       0.55
   1.71597 -0.0265979       0.55
   1.71727 -0.0265122       0.55
   1.71857  -0.026427       0.55
   1.71987  -0.026342       0.55
   1.72117 -0.0262574       0.55
   1.72247 -0.0261732       0.55
   1.72377 -0.0260893       0.55
   1.72508 -0.0260057       0.55
   1.72638 -0.0259225       0.55
   1.72768 -0.0258396       0.55
   1.72898  -0.025757       0.55
   1.73028 -0.0256748       0.55
   1.73158 -0.0255929       0.55
   1.73288 -0.0255113       0.55
   1.73418 -0.0254301       0.55
   1.73549 -0.0253492       0.55
   1.73679 -0.0252686       0.55
   1.73809 -0.0251883       0.55
   1.73939 -0.0251084       0.55
   1.74069 -0.0250287       0.55
   1.74199 -0.0249494       0.55
   1.74329 -0.0248705       0.55
   1.74459 -0.0247918       0.55
    1.7459 -0.0247134       0.55
    1.7472 -0.0246354       0.55
    1.7485 -0.0245577       0.55
    1.7498 -0.0244802       0.55
    1.7511 -0.0244031       0.55
    1.7524 -0.0243263       0.55
    1.7537 -0.0242498       0.55
   1.75501 -0.0241736       0.55
   1.75631 -0.0240977       0.55
   1.75761 -0.0240221       0.55
   1.75891 -0.0239468       0.55
   1.76021 -0.0238718       0.55
   1.76151 -0.0237971       0.55
   1.76281 -0.0237227       0.55
   1.76411 -0.0236486       0.55
   1.76542 -0.0235748       0.55
   1.76672 -0.0235013       0.55
   1.76802  -0.023428       0.55
   1.76932 -0.0233551       0.55
   1.77062 -0.0232824       0.55
   1.77192   -0.02321       0.55
   1.77322 -0.0231379       0.55
   1.77452 -0.0230661       0.55
   1.77583 -0.0229946       0.55
   1.77713 -0.0229233       0.55
   1.77843 -0.0228524       0.55
   1.77973 -0.0227817       0.55
   1.78103 -0.0227113       0.55
   1.78233 -0.0226411       0.55
   1.78363 -0.0225713       0.55
   1.78493 -0.0225017       0.55
   1.78624 -0.0224323       0.55
   1.78754 -0.0223633       0.55
   1.78884 -0.0222945       0.55
   1.79014  -0.022226       0.55
   1.79144 -0.0221577       0.55
   1.79274 -0.0220897       0.55
   1.79404  -0.022022       0.55
   1.79535 -0.0219545       0.55
   1.79665 -0.0218873       0.55
   1.79795 -0.0218204       0.55
   1.79925 -0.0217537       0.55
   1.80055 -0.0216873       0.55
   1.80185 -0.0216211       0.55
   1.80315 -0.0215552       0.55
   1.80445 -0.0214895       0.55
   1.80576 -0.0214241       0.55
   1.80706 -0.0213589       0.55
   1.80836  -0.021294       0.55
   1.80966 -0.0212294       0.55
   1.81096 -0.0211649       0.55
   1.81226 -0.0211008       0.55
   1.81356 -0.0210369       0.55
   1.81486 -0.0209732       0.55
   1.81617 -0.0209097       0.55
   1.81747 -0.0208466       0.55
   1.81877 -0.0207836       0.55
   1.82007 -0.0207209       0.55
   1.82137 -0.0206584       0.55
   1.82267 -0.0205962       0.55
   1.82397 -0.0205342       0.55
   1.82528 -0.0204724       0.55
   1.82658 -0.0204109       0.55
   1.82788 -0.0203496       0.55
   1.82918 -0.0202886       0.55
   1.83048 -0.0202277       0.55
   1.83178 -0.0201671       0.55
   1.83308 -0.0201068       0.55
   1.83438 -0.0200466       0.55
   1.83569 -0.0199867       0.55
   1.83699  -0.019927       0.55
   1.83829 -0.0198675       0.55
   1.83959 -0.0198083       0.55
   1.84089 -0.0197493       0.55
   1.84219 -0.0196905       0.55
   1.84349 -0.0196319       0.55
   1.84479 -0.0195736       0.55
    1.8461 -0.0195154       0.55
    1.8474 -0.0194575       0.55
    1.8487 -0.0193998       0.55
      1.85 -0.0193423       0.55