 kgrid  ValNew  Policy 
    0.55 -51.9622     0.55
0.551301 -51.6553     0.55
0.552603 -51.3551     0.55
0.553904 -51.0613     0.55
0.555205 -50.7739     0.55
0.556507 -50.4927     0.55
0.557808 -50.2174     0.55
0.559109  -49.948     0.55
 0.56041 -49.6844     0.55
0.561712 -49.4262     0.55
0.563013 -49.1735     0.55
0.564314 -48.9261     0.55
0.565616 -48.6838     0.55
0.566917 -48.4466     0.55
0.568218 -48.2142     0.55
 0.56952 -47.9866     0.55
0.570821 -47.7636     0.55
0.572122 -47.5452     0.55
0.573423 -47.3313     0.55
0.574725 -47.1216     0.55
0.576026 -46.9162     0.55
0.577327 -46.7148     0.55
0.578629 -46.5175     0.55
 0.57993 -46.3241     0.55
0.581231 -46.1345     0.55
0.582533 -45.9457 0.551301
0.583834 -45.7591 0.552603
0.585135 -45.5743 0.552603
0.586436 -45.3902 0.553904
0.587738 -45.2083 0.555205
0.589039 -45.0281 0.555205
 0.59034 -44.8487 0.556507
0.591642 -44.6713 0.557808
0.592943 -44.4955 0.557808
0.594244 -44.3205 0.559109
0.595546 -44.1474  0.56041
0.596847  -43.976  0.56041
0.598148 -43.8053 0.561712
0.599449 -43.6365 0.563013
0.600751 -43.4693 0.563013
0.602052 -43.3026 0.564314
0.603353 -43.1376 0.565616
0.604655 -42.9742 0.566917
0.605956 -42.8115 0.566917
0.607257 -42.6499 0.568218
0.608559 -42.4898  0.56952
 0.60986  -42.331  0.56952
0.611161 -42.1728 0.570821
0.612462 -42.0159 0.572122
0.613764 -41.8603 0.573423
0.615065 -41.7057 0.573423
0.616366 -41.5519 0.574725
0.617668 -41.3995 0.576026
0.618969 -41.2483 0.577327
 0.62027 -41.0978 0.577327
0.621572 -40.9482 0.578629
0.622873    -40.8  0.57993
0.624174 -40.6529 0.581231
0.625475 -40.5063 0.581231
0.626777 -40.3608 0.582533
0.628078 -40.2162 0.583834
0.629379 -40.0725 0.585135
0.630681 -39.9297 0.585135
0.631982 -39.7873 0.586436
0.633283 -39.6459 0.587738
0.634585 -39.5054 0.589039
0.635886 -39.3658  0.59034
0.637187  -39.227 0.591642
0.638488 -39.0885 0.591642
 0.63979  -38.951 0.592943
0.641091 -38.8144 0.594244
0.642392 -38.6785 0.595546
0.643694 -38.5435 0.596847
0.644995  -38.409 0.596847
0.646296 -38.2751 0.598148
0.647598 -38.1421 0.599449
0.648899 -38.0099 0.600751
  0.6502 -37.8785 0.602052
0.651502 -37.7476 0.602052
0.652803 -37.6172 0.603353
0.654104 -37.4877 0.604655
0.655405  -37.359 0.605956
0.656707 -37.2309 0.607257
0.658008 -37.1036 0.607257
0.659309 -36.9767 0.608559
0.660611 -36.8505  0.60986
0.661912  -36.725 0.611161
0.663213 -36.6002 0.612462
0.664515 -36.4762 0.613764
0.665816 -36.3526 0.613764
0.667117 -36.2295 0.615065
0.668418 -36.1071 0.616366
 0.66972 -35.9855 0.617668
0.671021 -35.8644 0.618969
0.672322 -35.7441  0.62027
0.673624 -35.6241  0.62027
0.674925 -35.5047 0.621572
0.676226  -35.386 0.622873
0.677528 -35.2678 0.624174
0.678829 -35.1504 0.625475
 0.68013 -35.0336 0.626777
0.681431 -34.9171 0.626777
0.682733 -34.8012 0.628078
0.684034 -34.6859 0.629379
0.685335 -34.5713 0.630681
0.686637 -34.4572 0.631982
0.687938 -34.3437 0.633283
0.689239 -34.2305 0.633283
0.690541 -34.1179 0.634585
0.691842 -34.0059 0.635886
0.693143 -33.8945 0.637187
0.694444 -33.7837 0.638488
0.695746 -33.6734  0.63979
0.697047 -33.5634  0.63979
0.698348 -33.4539 0.641091
 0.69965 -33.3449 0.642392
0.700951 -33.2366 0.643694
0.702252 -33.1289 0.644995
0.703554 -33.0216 0.646296
0.704855 -32.9148 0.646296
0.706156 -32.8083 0.647598
0.707457 -32.7023 0.648899
0.708759 -32.5969   0.6502
 0.71006  -32.492 0.651502
0.711361 -32.3877 0.652803
0.712663 -32.2838 0.652803
0.713964 -32.1803 0.654104
0.715265 -32.0773 0.655405
0.716567 -31.9747 0.656707
0.717868 -31.8726 0.658008
0.719169 -31.7711 0.659309
 0.72047   -31.67 0.659309
0.721772 -31.5692 0.660611
0.723073  -31.469 0.661912
0.724374 -31.3692 0.663213
0.725676 -31.2698 0.664515
0.726977  -31.171 0.665816
0.728278 -31.0727 0.667117
 0.72958 -30.9745 0.667117
0.730881 -30.8769 0.668418
0.732182 -30.7798  0.66972
0.733483 -30.6831 0.671021
0.734785 -30.5868 0.672322
0.736086 -30.4911 0.673624
0.737387 -30.3956 0.673624
0.738689 -30.3005 0.674925
 0.73999 -30.2059 0.676226
0.741291 -30.1117 0.677528
0.742593 -30.0179 0.678829
0.743894 -29.9247  0.68013
0.745195 -29.8317  0.68013
0.746496 -29.7391 0.681431
0.747798  -29.647 0.682733
0.749099 -29.5552 0.684034
  0.7504 -29.4639 0.685335
0.751702  -29.373 0.686637
0.753003 -29.2825 0.686637
0.754304 -29.1922 0.687938
0.755606 -29.1024 0.689239
0.756907  -29.013 0.690541
0.758208  -28.924 0.691842
 0.75951 -28.8354 0.693143
0.760811 -28.7472 0.694444
0.762112 -28.6593 0.694444
0.763413 -28.5718 0.695746
0.764715 -28.4846 0.697047
0.766016 -28.3978 0.698348
0.767317 -28.3115  0.69965
0.768619 -28.2255 0.700951
 0.76992 -28.1399 0.700951
0.771221 -28.0545 0.702252
0.772523 -27.9696 0.703554
0.773824 -27.8849 0.704855
0.775125 -27.8007 0.706156
0.776426 -27.7169 0.707457
0.777728 -27.6335 0.707457
0.779029 -27.5503 0.708759
 0.78033 -27.4674  0.71006
0.781632 -27.3849 0.711361
0.782933 -27.3027 0.712663
0.784234  -27.221 0.713964
0.785536 -27.1396 0.715265
0.786837 -27.0585 0.715265
0.788138 -26.9777 0.716567
0.789439 -26.8972 0.717868
0.790741 -26.8171 0.719169
0.792042 -26.7373  0.72047
0.793343 -26.6579 0.721772
0.794645 -26.5789 0.721772
0.795946    -26.5 0.723073
0.797247 -26.4215 0.724374
0.798549 -26.3433 0.725676
 0.79985 -26.2655 0.726977
0.801151  -26.188 0.728278
0.802452 -26.1109  0.72958
0.803754  -26.034  0.72958
0.805055 -25.9574 0.730881
0.806356 -25.8811 0.732182
0.807658 -25.8051 0.733483
0.808959 -25.7295 0.734785
 0.81026 -25.6543 0.736086
0.811562 -25.5793 0.736086
0.812863 -25.5044 0.737387
0.814164   -25.43 0.738689
0.815465 -25.3559  0.73999
0.816767 -25.2821 0.741291
0.818068 -25.2086 0.742593
0.819369 -25.1354 0.742593
0.820671 -25.0624 0.743894
0.821972 -24.9897 0.745195
0.823273 -24.9173 0.746496
0.824575 -24.8453 0.747798
0.825876 -24.7736 0.749099
0.827177 -24.7022   0.7504
0.828478 -24.6309   0.7504
 0.82978 -24.5599 0.751702
0.831081 -24.4892 0.753003
0.832382 -24.4189 0.754304
0.833684 -24.3488 0.755606
0.834985 -24.2791 0.756907
0.836286 -24.2096 0.756907
0.837588 -24.1403 0.758208
0.838889 -24.0712  0.75951
 0.84019 -24.0025 0.760811
0.841491 -23.9341 0.762112
0.842793  -23.866 0.763413
0.844094 -23.7981 0.763413
0.845395 -23.7304 0.764715
0.846697  -23.663 0.766016
0.847998 -23.5959 0.767317
0.849299  -23.529 0.768619
0.850601 -23.4625  0.76992
0.851902 -23.3962 0.771221
0.853203 -23.3301 0.771221
0.854505 -23.2642 0.772523
0.855806 -23.1986 0.773824
0.857107 -23.1333 0.775125
0.858408 -23.0683 0.776426
 0.85971 -23.0036 0.777728
0.861011  -22.939 0.777728
0.862312 -22.8747 0.779029
0.863614 -22.8106  0.78033
0.864915 -22.7468 0.781632
0.866216 -22.6832 0.782933
0.867518 -22.6199 0.784234
0.868819 -22.5569 0.784234
 0.87012  -22.494 0.785536
0.871421 -22.4314 0.786837
0.872723  -22.369 0.788138
0.874024 -22.3069 0.789439
0.875325 -22.2451 0.790741
0.876627 -22.1835 0.792042
0.877928  -22.122 0.792042
0.879229 -22.0608 0.793343
0.880531 -21.9998 0.794645
0.881832 -21.9391 0.795946
0.883133 -21.8787 0.797247
0.884434 -21.8185 0.798549
0.885736 -21.7584 0.798549
0.887037 -21.6986  0.79985
0.888338  -21.639 0.801151
 0.88964 -21.5796 0.802452
0.890941 -21.5205 0.803754
0.892242 -21.4617 0.805055
0.893544  -21.403 0.805055
0.894845 -21.3445 0.806356
0.896146 -21.2862 0.807658
0.897447 -21.2281 0.808959
0.898749 -21.1703  0.81026
 0.90005 -21.1128 0.811562
0.901351 -21.0555 0.812863
0.902653 -20.9983 0.812863
0.903954 -20.9413 0.814164
0.905255 -20.8845 0.815465
0.906557  -20.828 0.816767
0.907858 -20.7717 0.818068
0.909159 -20.7156 0.819369
 0.91046 -20.6597 0.819369
0.911762 -20.6039 0.820671
0.913063 -20.5484 0.821972
0.914364 -20.4931 0.823273
0.915666  -20.438 0.824575
0.916967 -20.3832 0.825876
0.918268 -20.3285 0.825876
 0.91957  -20.274 0.827177
0.920871 -20.2197 0.828478
0.922172 -20.1656  0.82978
0.923473 -20.1117 0.831081
0.924775 -20.0581 0.832382
0.926076 -20.0046 0.833684
0.927377 -19.9513 0.833684
0.928679 -19.8981 0.834985
 0.92998 -19.8452 0.836286
0.931281 -19.7925 0.837588
0.932583   -19.74 0.838889
0.933884 -19.6877  0.84019
0.935185 -19.6356  0.84019
0.936486 -19.5835 0.841491
0.937788 -19.5317 0.842793
0.939089 -19.4801 0.844094
 0.94039 -19.4288 0.845395
0.941692 -19.3776 0.846697
0.942993 -19.3266 0.846697
0.944294 -19.2757 0.847998
0.945596  -19.225 0.849299
0.946897 -19.1745 0.850601
0.948198 -19.1242 0.851902
0.949499 -19.0741 0.853203
0.950801 -19.0242 0.853203
0.952102 -18.9745 0.854505
0.953403 -18.9248 0.855806
0.954705 -18.8754 0.857107
0.956006 -18.8261 0.858408
0.957307 -18.7771  0.85971
0.958609 -18.7283  0.85971
 0.95991 -18.6796 0.861011
0.961211  -18.631 0.862312
0.962513 -18.5826 0.863614
0.963814 -18.5344 0.864915
0.965115 -18.4864 0.866216
0.966416 -18.4386 0.867518
0.967718 -18.3909 0.867518
0.969019 -18.3434 0.868819
 0.97032  -18.296  0.87012
0.971622 -18.2488 0.871421
0.972923 -18.2018 0.872723
0.974224  -18.155 0.874024
0.975526 -18.1083 0.874024
0.976827 -18.0618 0.875325
0.978128 -18.0154 0.876627
0.979429 -17.9692 0.877928
0.980731 -17.9232 0.879229
0.982032 -17.8773 0.880531
0.983333 -17.8316 0.880531
0.984635  -17.786 0.881832
0.985936 -17.7406 0.883133
0.987237 -17.6954 0.884434
0.988539 -17.6503 0.885736
 0.98984 -17.6054 0.887037
0.991141 -17.5607 0.888338
0.992442  -17.516 0.888338
0.993744 -17.4715  0.88964
0.995045 -17.4272 0.890941
0.996346  -17.383 0.892242
0.997648 -17.3391 0.893544
0.998949 -17.2952 0.894845
 1.00025 -17.2515 0.894845
 1.00155  -17.208 0.896146
 1.00285 -17.1645 0.897447
 1.00415 -17.1213 0.898749
 1.00546 -17.0782  0.90005
 1.00676 -17.0353 0.901351
 1.00806 -16.9925 0.901351
 1.00936 -16.9498 0.902653
 1.01066 -16.9072 0.903954
 1.01196 -16.8649 0.905255
 1.01326 -16.8227 0.906557
 1.01456 -16.7806 0.907858
 1.01587 -16.7387 0.907858
 1.01717 -16.6968 0.909159
 1.01847 -16.6552  0.91046
 1.01977 -16.6136 0.911762
 1.02107 -16.5723 0.913063
 1.02237 -16.5311 0.914364
 1.02367   -16.49 0.915666
 1.02497  -16.449 0.915666
 1.02628 -16.4082 0.916967
 1.02758 -16.3675 0.918268
 1.02888  -16.327  0.91957
 1.03018 -16.2866 0.920871
 1.03148 -16.2463 0.922172
 1.03278 -16.2062 0.922172
 1.03408 -16.1662 0.923473
 1.03539 -16.1263 0.924775
 1.03669 -16.0865 0.926076
 1.03799 -16.0469 0.927377
 1.03929 -16.0075 0.928679
 1.04059 -15.9682 0.928679
 1.04189 -15.9289  0.92998
 1.04319 -15.8899 0.931281
 1.04449 -15.8509 0.932583
  1.0458 -15.8121 0.933884
  1.0471 -15.7734 0.935185
  1.0484 -15.7349 0.935185
  1.0497 -15.6964 0.936486
   1.051 -15.6581 0.937788
  1.0523 -15.6199 0.939089
  1.0536 -15.5819  0.94039
  1.0549  -15.544 0.941692
 1.05621 -15.5062 0.941692
 1.05751 -15.4685 0.942993
 1.05881  -15.431 0.944294
 1.06011 -15.3935 0.945596
 1.06141 -15.3562 0.946897
 1.06271 -15.3191 0.948198
 1.06401  -15.282 0.949499
 1.06532 -15.2451 0.949499
 1.06662 -15.2082 0.950801
 1.06792 -15.1715 0.952102
 1.06922  -15.135 0.953403
 1.07052 -15.0985 0.954705
 1.07182 -15.0622 0.956006
 1.07312  -15.026 0.956006
 1.07442 -14.9899 0.957307
 1.07573 -14.9539 0.958609
 1.07703  -14.918  0.95991
 1.07833 -14.8823 0.961211
 1.07963 -14.8467 0.962513
 1.08093 -14.8111 0.962513
 1.08223 -14.7757 0.963814
 1.08353 -14.7404 0.965115
 1.08483 -14.7052 0.966416
 1.08614 -14.6702 0.967718
 1.08744 -14.6353 0.969019
 1.08874 -14.6004 0.969019
 1.09004 -14.5657  0.97032
 1.09134 -14.5311 0.971622
 1.09264 -14.4966 0.972923
 1.09394 -14.4622 0.974224
 1.09525 -14.4279 0.975526
 1.09655 -14.3938 0.975526
 1.09785 -14.3597 0.976827
 1.09915 -14.3257 0.978128
 1.10045 -14.2919 0.979429
 1.10175 -14.2582 0.980731
 1.10305 -14.2246 0.982032
 1.10435 -14.1911 0.983333
 1.10566 -14.1576 0.983333
 1.10696 -14.1243 0.984635
 1.10826 -14.0911 0.985936
 1.10956  -14.058 0.987237
 1.11086 -14.0251 0.988539
 1.11216 -13.9922  0.98984
 1.11346 -13.9594  0.98984
 1.11476 -13.9267 0.991141
 1.11607 -13.8941 0.992442
 1.11737 -13.8617 0.993744
 1.11867 -13.8293 0.995045
 1.11997 -13.7971 0.996346
 1.12127 -13.7649 0.996346
 1.12257 -13.7328 0.997648
 1.12387 -13.7009 0.998949
 1.12518  -13.669  1.00025
 1.12648 -13.6372  1.00155
 1.12778 -13.6056  1.00285
 1.12908 -13.5741  1.00285
 1.13038 -13.5426  1.00415
 1.13168 -13.5112  1.00546
 1.13298 -13.4799  1.00676
 1.13428 -13.4488  1.00806
 1.13559 -13.4177  1.00936
 1.13689 -13.3868  1.00936
 1.13819 -13.3559  1.01066
 1.13949 -13.3251  1.01196
 1.14079 -13.2944  1.01326
 1.14209 -13.2638  1.01456
 1.14339 -13.2333  1.01587
 1.14469  -13.203  1.01587
   1.146 -13.1726  1.01717
  1.1473 -13.1424  1.01847
  1.1486 -13.1123  1.01977
  1.1499 -13.0823  1.02107
  1.1512 -13.0523  1.02237
  1.1525 -13.0225  1.02367
  1.1538 -12.9928  1.02367
 1.15511 -12.9631  1.02497
 1.15641 -12.9335  1.02628
 1.15771 -12.9041  1.02758
 1.15901 -12.8747  1.02888
 1.16031 -12.8454  1.03018
 1.16161 -12.8162  1.03018
 1.16291 -12.7871  1.03148
 1.16421  -12.758  1.03278
 1.16552 -12.7291  1.03408
 1.16682 -12.7003  1.03539
 1.16812 -12.6715  1.03669
 1.16942 -12.6429  1.03669
 1.17072 -12.6143  1.03799
 1.17202 -12.5858  1.03929
 1.17332 -12.5574  1.04059
 1.17462  -12.529  1.04189
 1.17593 -12.5008  1.04319
 1.17723 -12.4727  1.04319
 1.17853 -12.4446  1.04449
 1.17983 -12.4166   1.0458
 1.18113 -12.3887   1.0471
 1.18243 -12.3609   1.0484
 1.18373 -12.3332   1.0497
 1.18504 -12.3056   1.0497
 1.18634  -12.278    1.051
 1.18764 -12.2505   1.0523
 1.18894 -12.2231   1.0536
 1.19024 -12.1958   1.0549
 1.19154 -12.1686  1.05621
 1.19284 -12.1415  1.05621
 1.19414 -12.1144  1.05751
 1.19545 -12.0874  1.05881
 1.19675 -12.0605  1.06011
 1.19805 -12.0337  1.06141
 1.19935 -12.0069  1.06271
 1.20065 -11.9803  1.06271
 1.20195 -11.9537  1.06401
 1.20325 -11.9272  1.06532
 1.20455 -11.9008  1.06662
 1.20586 -11.8744  1.06792
 1.20716 -11.8482  1.06922
 1.20846  -11.822  1.07052
 1.20976 -11.7959  1.07052
 1.21106 -11.7698  1.07182
 1.21236 -11.7439  1.07312
 1.21366  -11.718  1.07442
 1.21496 -11.6922  1.07573
 1.21627 -11.6665  1.07703
 1.21757 -11.6408  1.07703
 1.21887 -11.6153  1.07833
 1.22017 -11.5898  1.07963
 1.22147 -11.5643  1.08093
 1.22277  -11.539  1.08223
 1.22407 -11.5138  1.08353
 1.22538 -11.4886  1.08353
 1.22668 -11.4634  1.08483
 1.22798 -11.4383  1.08614
 1.22928 -11.4134  1.08744
 1.23058 -11.3885  1.08874
 1.23188 -11.3637  1.09004
 1.23318 -11.3389  1.09004
 1.23448 -11.3142  1.09134
 1.23579 -11.2896  1.09264
 1.23709 -11.2651  1.09394
 1.23839 -11.2406  1.09525
 1.23969 -11.2162  1.09655
 1.24099 -11.1919  1.09655
 1.24229 -11.1676  1.09785
 1.24359 -11.1434  1.09915
 1.24489 -11.1193  1.10045
  1.2462 -11.0953  1.10175
  1.2475 -11.0713  1.10305
  1.2488 -11.0474  1.10305
  1.2501 -11.0236  1.10435
  1.2514 -10.9998  1.10566
  1.2527 -10.9761  1.10696
   1.254 -10.9525  1.10826
 1.25531 -10.9289  1.10956
 1.25661 -10.9055  1.10956
 1.25791  -10.882  1.11086
 1.25921 -10.8587  1.11216
 1.26051 -10.8354  1.11346
 1.26181 -10.8121  1.11476
 1.26311  -10.789  1.11607
 1.26441 -10.7659  1.11607
 1.26572 -10.7429  1.11737
 1.26702 -10.7199  1.11867
 1.26832 -10.6971  1.11997
 1.26962 -10.6742  1.12127
 1.27092 -10.6515  1.12257
 1.27222 -10.6288  1.12257
 1.27352 -10.6062  1.12387
 1.27482 -10.5836  1.12518
 1.27613 -10.5611  1.12648
 1.27743 -10.5387  1.12778
 1.27873 -10.5163  1.12908
 1.28003  -10.494  1.12908
 1.28133 -10.4717  1.13038
 1.28263 -10.4495  1.13168
 1.28393 -10.4274  1.13298
 1.28524 -10.4054  1.13428
 1.28654 -10.3834  1.13559
 1.28784 -10.3615  1.13689
 1.28914 -10.3396  1.13689
 1.29044 -10.3178  1.13819
 1.29174  -10.296  1.13949
 1.29304 -10.2744  1.14079
 1.29434 -10.2528  1.14209
 1.29565 -10.2312  1.14339
 1.29695 -10.2097  1.14339
 1.29825 -10.1882  1.14469
 1.29955 -10.1669    1.146
 1.30085 -10.1455   1.1473
 1.30215 -10.1243   1.1486
 1.30345 -10.1031   1.1499
 1.30475  -10.082   1.1499
 1.30606 -10.0609   1.1512
 1.30736 -10.0399   1.1525
 1.30866 -10.0189   1.1538
 1.30996   -9.998  1.15511
 1.31126 -9.97717  1.15641
 1.31256 -9.95638  1.15641
 1.31386 -9.93564  1.15771
 1.31517 -9.91497  1.15901
 1.31647 -9.89435  1.16031
 1.31777  -9.8738  1.16161
 1.31907 -9.85332  1.16291
 1.32037 -9.83288  1.16291
 1.32167 -9.81248  1.16421
 1.32297 -9.79215  1.16552
 1.32427 -9.77188  1.16682
 1.32558 -9.75167  1.16812
 1.32688 -9.73152  1.16942
 1.32818 -9.71142  1.16942
 1.32948 -9.69136  1.17072
 1.33078 -9.67137  1.17202
 1.33208 -9.65143  1.17332
 1.33338 -9.63155  1.17462
 1.33468 -9.61174  1.17593
 1.33599 -9.59197  1.17593
 1.33729 -9.57223  1.17723
 1.33859 -9.55257  1.17853
 1.33989 -9.53296  1.17983
 1.34119 -9.51341  1.18113
 1.34249 -9.49392  1.18243
 1.34379 -9.47448  1.18243
  1.3451 -9.45507  1.18373
  1.3464 -9.43572  1.18504
  1.3477 -9.41644  1.18634
   1.349  -9.3972  1.18764
  1.3503 -9.37803  1.18894
  1.3516 -9.35891  1.18894
  1.3529 -9.33981  1.19024
  1.3542 -9.32078  1.19154
 1.35551 -9.30181  1.19284
 1.35681 -9.28289  1.19414
 1.35811 -9.26403  1.19545
 1.35941 -9.24522  1.19545
 1.36071 -9.22643  1.19675
 1.36201  -9.2077  1.19805
 1.36331 -9.18904  1.19935
 1.36461 -9.17043  1.20065
 1.36592 -9.15187  1.20195
 1.36722 -9.13337  1.20325
 1.36852 -9.11488  1.20325
 1.36982 -9.09646  1.20455
 1.37112 -9.07809  1.20586
 1.37242 -9.05979  1.20716
 1.37372 -9.04153  1.20846
 1.37503 -9.02332  1.20976
 1.37633 -9.00514  1.20976
 1.37763 -8.98701  1.21106
 1.37893 -8.96894  1.21236
 1.38023 -8.95092  1.21366
 1.38153 -8.93296  1.21496
 1.38283 -8.91504  1.21627
 1.38413 -8.89715  1.21627
 1.38544 -8.87931  1.21757
 1.38674 -8.86153  1.21887
 1.38804  -8.8438  1.22017
 1.38934 -8.82612  1.22147
 1.39064  -8.8085  1.22277
 1.39194 -8.79089  1.22277
 1.39324 -8.77334  1.22407
 1.39454 -8.75583  1.22538
 1.39585 -8.73839  1.22668
 1.39715 -8.72099  1.22798
 1.39845 -8.70365  1.22928
 1.39975 -8.68632  1.22928
 1.40105 -8.66904  1.23058
 1.40235 -8.65182  1.23188
 1.40365 -8.63465  1.23318
 1.40495 -8.61753  1.23448
 1.40626 -8.60046  1.23579
 1.40756 -8.58341  1.23579
 1.40886  -8.5664  1.23709
 1.41016 -8.54945  1.23839
 1.41146 -8.53255  1.23969
 1.41276  -8.5157  1.24099
 1.41406  -8.4989  1.24229
 1.41537 -8.48212  1.24229
 1.41667 -8.46538  1.24359
 1.41797 -8.44869  1.24489
 1.41927 -8.43206   1.2462
 1.42057 -8.41547   1.2475
 1.42187 -8.39893   1.2488
 1.42317 -8.38242   1.2488
 1.42447 -8.36594   1.2501
 1.42578 -8.34952   1.2514
 1.42708 -8.33314   1.2527
 1.42838 -8.31681    1.254
 1.42968 -8.30053  1.25531
 1.43098 -8.28428  1.25531
 1.43228 -8.26806  1.25661
 1.43358 -8.25189  1.25791
 1.43488 -8.23577  1.25921
 1.43619  -8.2197  1.26051
 1.43749 -8.20367  1.26181
 1.43879 -8.18767  1.26181
 1.44009  -8.1717  1.26311
 1.44139 -8.15578  1.26441
 1.44269 -8.13991  1.26572
 1.44399 -8.12409  1.26702
  1.4453 -8.10831  1.26832
  1.4466 -8.09256  1.26832
  1.4479 -8.07684  1.26962
  1.4492 -8.06116  1.27092
  1.4505 -8.04554  1.27222
  1.4518 -8.02996  1.27352
  1.4531 -8.01442  1.27482
  1.4544 -7.99891  1.27482
 1.45571 -7.98344  1.27613
 1.45701 -7.96801  1.27743
 1.45831 -7.95262  1.27873
 1.45961 -7.93728  1.28003
 1.46091 -7.92198  1.28133
 1.46221 -7.90671  1.28133
 1.46351 -7.89147  1.28263
 1.46481 -7.87628  1.28393
 1.46612 -7.86113  1.28524
 1.46742 -7.84602  1.28654
 1.46872 -7.83096  1.28784
 1.47002 -7.81592  1.28784
 1.47132 -7.80092  1.28914
 1.47262 -7.78596  1.29044
 1.47392 -7.77103  1.29174
 1.47523 -7.75616  1.29304
 1.47653 -7.74132  1.29434
 1.47783 -7.72652  1.29434
 1.47913 -7.71174  1.29565
 1.48043 -7.69701  1.29695
 1.48173 -7.68231  1.29825
 1.48303 -7.66766  1.29955
 1.48433 -7.65305  1.30085
 1.48564 -7.63848  1.30085
 1.48694 -7.62392  1.30215
 1.48824 -7.60941  1.30345
 1.48954 -7.59494  1.30475
 1.49084 -7.58051  1.30606
 1.49214 -7.56612  1.30736
 1.49344 -7.55176  1.30736
 1.49474 -7.53743  1.30866
 1.49605 -7.52313  1.30996
 1.49735 -7.50888  1.31126
 1.49865 -7.49467  1.31256
 1.49995  -7.4805  1.31386
 1.50125 -7.46636  1.31386
 1.50255 -7.45224  1.31517
 1.50385 -7.43816  1.31647
 1.50516 -7.42412  1.31777
 1.50646 -7.41012  1.31907
 1.50776 -7.39616  1.32037
 1.50906 -7.38224  1.32037
 1.51036 -7.36833  1.32167
 1.51166 -7.35446  1.32297
 1.51296 -7.34063  1.32427
 1.51426 -7.32684  1.32558
 1.51557 -7.31309  1.32688
 1.51687 -7.29937  1.32688
 1.51817 -7.28567  1.32818
 1.51947 -7.27201  1.32948
 1.52077 -7.25839  1.33078
 1.52207  -7.2448  1.33208
 1.52337 -7.23126  1.33338
 1.52467 -7.21774  1.33338
 1.52598 -7.20425  1.33468
 1.52728 -7.19079  1.33599
 1.52858 -7.17737  1.33729
 1.52988 -7.16398  1.33859
 1.53118 -7.15064  1.33989
 1.53248 -7.13733  1.33989
 1.53378 -7.12403  1.34119
 1.53509 -7.11077  1.34249
 1.53639 -7.09755  1.34379
 1.53769 -7.08436   1.3451
 1.53899 -7.07121   1.3464
 1.54029  -7.0581   1.3464
 1.54159 -7.04499   1.3477
 1.54289 -7.03193    1.349
 1.54419  -7.0189   1.3503
  1.5455 -7.00591   1.3516
  1.5468 -6.99296   1.3529
  1.5481 -6.98003   1.3529
  1.5494 -6.96712   1.3542
  1.5507 -6.95425  1.35551
   1.552 -6.94141  1.35681
  1.5533 -6.92861  1.35811
  1.5546 -6.91585  1.35941
 1.55591 -6.90311  1.35941
 1.55721 -6.89039  1.36071
 1.55851 -6.87771  1.36201
 1.55981 -6.86506  1.36331
 1.56111 -6.85245  1.36461
 1.56241 -6.83987  1.36592
 1.56371 -6.82732  1.36592
 1.56502 -6.81478  1.36722
 1.56632 -6.80228  1.36852
 1.56762 -6.78982  1.36982
 1.56892 -6.77739  1.37112
 1.57022 -6.76499  1.37242
 1.57152 -6.75263  1.37242
 1.57282 -6.74027  1.37372
 1.57412 -6.72796  1.37503
 1.57543 -6.71567  1.37633
 1.57673 -6.70342  1.37763
 1.57803 -6.69121  1.37893
 1.57933 -6.67902  1.37893
 1.58063 -6.66684  1.38023
 1.58193  -6.6547  1.38153
 1.58323  -6.6426  1.38283
 1.58453 -6.63053  1.38413
 1.58584 -6.61849  1.38544
 1.58714 -6.60647  1.38544
 1.58844 -6.59447  1.38674
 1.58974 -6.58251  1.38804
 1.59104 -6.57058  1.38934
 1.59234 -6.55868  1.39064
 1.59364 -6.54681  1.39194
 1.59494 -6.53497  1.39194
 1.59625 -6.52315  1.39324
 1.59755 -6.51135  1.39454
 1.59885 -6.49959  1.39585
 1.60015 -6.48786  1.39715
 1.60145 -6.47616  1.39845
 1.60275 -6.46449  1.39845
 1.60405 -6.45284  1.39975
 1.60536 -6.44121  1.40105
 1.60666 -6.42962  1.40235
 1.60796 -6.41806  1.40365
 1.60926 -6.40653  1.40495
 1.61056 -6.39502  1.40495
 1.61186 -6.38353  1.40626
 1.61316 -6.37207  1.40756
 1.61446 -6.36065  1.40886
 1.61577 -6.34925  1.41016
 1.61707 -6.33788  1.41146
 1.61837 -6.32654  1.41146
 1.61967 -6.31521  1.41276
 1.62097 -6.30392  1.41406
 1.62227 -6.29265  1.41537
 1.62357 -6.28142  1.41667
 1.62487 -6.27021  1.41797
 1.62618 -6.25903  1.41797
 1.62748 -6.24786  1.41927
 1.62878 -6.23672  1.42057
 1.63008 -6.22562  1.42187
 1.63138 -6.21454  1.42317
 1.63268  -6.2035  1.42447
 1.63398 -6.19248  1.42447
 1.63529 -6.18146  1.42578
 1.63659 -6.17048  1.42708
 1.63789 -6.15953  1.42838
 1.63919 -6.14861  1.42968
 1.64049 -6.13772  1.43098
 1.64179 -6.12686  1.43098
 1.64309   -6.116  1.43228
 1.64439 -6.10517  1.43358
  1.6457 -6.09437  1.43488
   1.647  -6.0836  1.43619
  1.6483 -6.07287  1.43749
  1.6496 -6.06216  1.43749
  1.6509 -6.05145  1.43879
  1.6522 -6.04077  1.44009
  1.6535 -6.03012  1.44139
  1.6548  -6.0195  1.44269
 1.65611 -6.00892  1.44399
 1.65741 -5.99836  1.44399
 1.65871  -5.9878   1.4453
 1.66001 -5.97727   1.4466
 1.66131 -5.96677   1.4479
 1.66261  -5.9563   1.4492
 1.66391 -5.94586   1.4505
 1.66522 -5.93544   1.4505
 1.66652 -5.92504   1.4518
 1.66782 -5.91465   1.4531
 1.66912  -5.9043   1.4544
 1.67042 -5.89397  1.45571
 1.67172 -5.88368  1.45701
 1.67302  -5.8734  1.45701
 1.67432 -5.86315  1.45831
 1.67563 -5.85291  1.45961
 1.67693 -5.84269  1.46091
 1.67823 -5.83251  1.46221
 1.67953 -5.82235  1.46351
 1.68083 -5.81222  1.46351
 1.68213  -5.8021  1.46481
 1.68343 -5.79201  1.46612
 1.68473 -5.78194  1.46742
 1.68604 -5.77189  1.46872
 1.68734 -5.76188  1.47002
 1.68864 -5.75188  1.47002
 1.68994  -5.7419  1.47132
 1.69124 -5.73195  1.47262
 1.69254 -5.72202  1.47392
 1.69384 -5.71211  1.47523
 1.69515 -5.70223  1.47653
 1.69645 -5.69237  1.47653
 1.69775 -5.68253  1.47783
 1.69905 -5.67271  1.47913
 1.70035 -5.66291  1.48043
 1.70165 -5.65314  1.48173
 1.70295  -5.6434  1.48303
 1.70425 -5.63367  1.48303
 1.70556 -5.62396  1.48433
 1.70686 -5.61428  1.48564
 1.70816 -5.60462  1.48694
 1.70946 -5.59498  1.48824
 1.71076 -5.58537  1.48954
 1.71206 -5.57578  1.48954
 1.71336  -5.5662  1.49084
 1.71466 -5.55664  1.49214
 1.71597 -5.54712  1.49344
 1.71727 -5.53761  1.49474
 1.71857 -5.52813  1.49605
 1.71987 -5.51867  1.49605
 1.72117 -5.50922  1.49735
 1.72247 -5.49979  1.49865
 1.72377 -5.49039  1.49995
 1.72508 -5.48101  1.50125
 1.72638 -5.47166  1.50255
 1.72768 -5.46233  1.50255
 1.72898 -5.45301  1.50385
 1.73028 -5.44371  1.50516
 1.73158 -5.43443  1.50646
 1.73288 -5.42518  1.50776
 1.73418 -5.41596  1.50906
 1.73549 -5.40675  1.50906
 1.73679 -5.39755  1.51036
 1.73809 -5.38838  1.51166
 1.73939 -5.37923  1.51296
 1.74069  -5.3701  1.51426
 1.74199   -5.361  1.51557
 1.74329 -5.35191  1.51557
 1.74459 -5.34284  1.51687
  1.7459 -5.33379  1.51817
  1.7472 -5.32476  1.51947
  1.7485 -5.31576  1.52077
  1.7498 -5.30678  1.52207
  1.7511 -5.29781  1.52207
  1.7524 -5.28886  1.52337
  1.7537 -5.27993  1.52467
 1.75501 -5.27103  1.52598
 1.75631 -5.26214  1.52728
 1.75761 -5.25328  1.52858
 1.75891 -5.24443  1.52858
 1.76021  -5.2356  1.52988
 1.76151 -5.22679  1.53118
 1.76281   -5.218  1.53248
 1.76411 -5.20924  1.53378
 1.76542 -5.20049  1.53509
 1.76672 -5.19176  1.53509
 1.76802 -5.18305  1.53639
 1.76932 -5.17436  1.53769
 1.77062 -5.16569  1.53899
 1.77192 -5.15704  1.54029
 1.77322 -5.14841  1.54159
 1.77452 -5.13979  1.54159
 1.77583 -5.13119  1.54289
 1.77713 -5.12262  1.54419
 1.77843 -5.11406   1.5455
 1.77973 -5.10552   1.5468
 1.78103 -5.09701   1.5481
 1.78233 -5.08851   1.5481
 1.78363 -5.08002   1.5494
 1.78493 -5.07156   1.5507
 1.78624 -5.06311    1.552
 1.78754 -5.05469   1.5533
 1.78884 -5.04629   1.5546
 1.79014  -5.0379   1.5546
 1.79144 -5.02952  1.55591
 1.79274 -5.02117  1.55721
 1.79404 -5.01284  1.55851
 1.79535 -5.00452  1.55981
 1.79665 -4.99623  1.56111
 1.79795 -4.98795  1.56111
 1.79925 -4.97969  1.56241
 1.80055 -4.97144  1.56371
 1.80185 -4.96322  1.56502
 1.80315 -4.95501  1.56632
 1.80445 -4.94683  1.56762
 1.80576 -4.93866  1.56762
 1.80706  -4.9305  1.56892
 1.80836 -4.92236  1.57022
 1.80966 -4.91425  1.57152
 1.81096 -4.90615  1.57282
 1.81226 -4.89807  1.57412
 1.81356 -4.89001  1.57412
 1.81486 -4.88196  1.57543
 1.81617 -4.87392  1.57673
 1.81747 -4.86591  1.57803
 1.81877 -4.85792  1.57933
 1.82007 -4.84995  1.58063
 1.82137 -4.84199  1.58063
 1.82267 -4.83404  1.58193
 1.82397 -4.82611  1.58323
 1.82528 -4.81821  1.58453
 1.82658 -4.81032  1.58584
 1.82788 -4.80245  1.58714
 1.82918 -4.79459  1.58714
 1.83048 -4.78674  1.58844
 1.83178 -4.77892  1.58974
 1.83308 -4.77111  1.59104
 1.83438 -4.76333  1.59234
 1.83569 -4.75556  1.59364
 1.83699  -4.7478  1.59364
 1.83829 -4.74006  1.59494
 1.83959 -4.73233  1.59625
 1.84089 -4.72463  1.59755
 1.84219 -4.71694  1.59885
 1.84349 -4.70927  1.60015
 1.84479 -4.70161  1.60015
  1.8461 -4.69397  1.60145
  1.8474 -4.68635  1.60275
  1.8487 -4.67874  1.60405
    1.85 -4.67115  1.60536