 kgrid  ValNew  Policy 
     0.55   -12.356  0.589039
 0.551301  -12.2601  0.589039
 0.552603  -12.1652   0.59034
 0.553904  -12.0714   0.59034
 0.555205  -11.9782  0.591642
 0.556507  -11.8864  0.591642
 0.557808   -11.795  0.592943
 0.559109   -11.705  0.594244
  0.56041  -11.6155  0.594244
 0.561712  -11.5271  0.595546
 0.563013  -11.4395  0.595546
 0.564314  -11.3528  0.596847
 0.565616   -11.267  0.596847
 0.566917  -11.1818  0.598148
 0.568218  -11.0979  0.598148
  0.56952  -11.0143  0.599449
 0.570821   -10.932  0.600751
 0.572122    -10.85  0.600751
 0.573423  -10.7692  0.602052
 0.574725  -10.6889  0.602052
 0.576026  -10.6095  0.603353
 0.577327  -10.5309  0.603353
 0.578629   -10.453  0.604655
  0.57993   -10.376  0.604655
 0.581231  -10.2995  0.605956
 0.582533   -10.224  0.607257
 0.583834  -10.1489  0.607257
 0.585135  -10.0748  0.608559
 0.586436  -10.0012  0.608559
 0.587738  -9.92839   0.60986
 0.589039  -9.85624   0.60986
  0.59034  -9.78476  0.611161
 0.591642  -9.71405  0.611161
 0.592943  -9.64383  0.612462
 0.594244  -9.57454  0.612462
 0.595546  -9.50555  0.613764
 0.596847  -9.43755  0.615065
 0.598148  -9.36984  0.615065
 0.599449  -9.30303  0.616366
 0.600751  -9.23666  0.616366
 0.602052  -9.17101  0.617668
 0.603353  -9.10595  0.617668
 0.604655  -9.04143  0.618969
 0.605956  -8.97764  0.618969
 0.607257  -8.91423   0.62027
 0.608559  -8.85169   0.62027
  0.60986  -8.78936  0.621572
 0.611161  -8.72792  0.622873
 0.612462  -8.66677  0.622873
 0.613764  -8.60637  0.624174
 0.615065   -8.5464  0.624174
 0.616366  -8.48702  0.625475
 0.617668  -8.42821  0.625475
 0.618969  -8.36983  0.626777
  0.62027  -8.31214  0.626777
 0.621572  -8.25475  0.628078
 0.622873  -8.19815  0.628078
 0.624174  -8.14172  0.629379
 0.625475  -8.08607  0.630681
 0.626777  -8.03071  0.630681
 0.628078  -7.97599  0.631982
 0.629379  -7.92166  0.631982
 0.630681  -7.86785  0.633283
 0.631982  -7.81454  0.633283
 0.633283  -7.76162  0.634585
 0.634585   -7.7093  0.634585
 0.635886  -7.65725  0.635886
 0.637187   -7.6059  0.637187
 0.638488  -7.55471  0.637187
  0.63979   -7.5042  0.638488
 0.641091  -7.45395  0.638488
 0.642392  -7.40426   0.63979
 0.643694  -7.35494   0.63979
 0.644995  -7.30606  0.641091
 0.646296  -7.25764  0.641091
 0.647598  -7.20955  0.642392
 0.648899  -7.16201  0.642392
   0.6502  -7.11469  0.643694
 0.651502  -7.06801  0.644995
 0.652803  -7.02146  0.644995
 0.654104  -6.97552  0.646296
 0.655405  -6.92981  0.646296
 0.656707  -6.88461  0.647598
 0.658008  -6.83972  0.647598
 0.659309  -6.79523  0.648899
 0.660611  -6.75115  0.648899
 0.661912  -6.70737    0.6502
 0.663213  -6.66406    0.6502
 0.664515  -6.62097  0.651502
 0.665816  -6.57844  0.651502
 0.667117  -6.53603  0.652803
 0.668418  -6.49417  0.654104
  0.66972  -6.45249  0.654104
 0.671021  -6.41129  0.655405
 0.672322  -6.37035  0.655405
 0.673624  -6.32979  0.656707
 0.674925  -6.28956  0.656707
 0.676226  -6.24963  0.658008
 0.677528   -6.2101  0.658008
 0.678829  -6.17078  0.659309
  0.68013  -6.13194  0.659309
 0.681431  -6.09323  0.660611
 0.682733  -6.05502  0.661912
 0.684034  -6.01695  0.661912
 0.685335  -5.97932  0.663213
 0.686637   -5.9419  0.663213
 0.687938  -5.90485  0.664515
 0.689239  -5.86807  0.664515
 0.690541  -5.83158  0.665816
 0.691842  -5.79542  0.665816
 0.693143  -5.75949  0.667117
 0.694444  -5.72394  0.667117
 0.695746  -5.68855  0.668418
 0.697047  -5.65361   0.66972
 0.698348  -5.61875   0.66972
  0.69965  -5.58433  0.671021
 0.700951  -5.55006  0.671021
 0.702252  -5.51615  0.672322
 0.703554  -5.48246  0.672322
 0.704855  -5.44906  0.673624
 0.706156  -5.41592  0.673624
 0.707457  -5.38302  0.674925
 0.708759  -5.35043  0.674925
  0.71006  -5.31802  0.676226
 0.711361  -5.28597  0.676226
 0.712663  -5.25403  0.677528
 0.713964  -5.22249  0.678829
 0.715265  -5.19105  0.678829
 0.716567  -5.15997   0.68013
 0.717868  -5.12904   0.68013
 0.719169  -5.09842  0.681431
  0.72047    -5.068  0.681431
 0.721772  -5.03782  0.682733
 0.723073  -5.00789  0.682733
 0.724374  -4.97815  0.684034
 0.725676  -4.94871  0.684034
 0.726977   -4.9194  0.685335
 0.728278  -4.89043  0.685335
  0.72958  -4.86154  0.686637
 0.730881  -4.83301  0.687938
 0.732182  -4.80457  0.687938
 0.733483  -4.77645  0.689239
 0.734785  -4.74847  0.689239
 0.736086  -4.72074  0.690541
 0.737387  -4.69321  0.690541
 0.738689  -4.66588  0.691842
  0.73999  -4.63878  0.691842
 0.741291  -4.61184  0.693143
 0.742593  -4.58517  0.693143
 0.743894  -4.55861  0.694444
 0.745195  -4.53237  0.694444
 0.746496  -4.50618  0.695746
 0.747798  -4.48031  0.697047
 0.749099  -4.45453  0.697047
   0.7504  -4.42902  0.698348
 0.751702  -4.40365  0.698348
 0.753003   -4.3785   0.69965
 0.754304  -4.35352   0.69965
 0.755606  -4.32872  0.700951
 0.756907  -4.30412  0.700951
 0.758208  -4.27967  0.702252
  0.75951  -4.25545  0.702252
 0.760811  -4.23134  0.703554
 0.762112   -4.2075  0.703554
 0.763413  -4.18372  0.704855
 0.764715  -4.16021  0.706156
 0.766016  -4.13679  0.706156
 0.767317  -4.11361  0.707457
 0.768619  -4.09054  0.707457
  0.76992  -4.06767  0.708759
 0.771221  -4.04496  0.708759
 0.772523  -4.02241   0.71006
 0.773824  -4.00004   0.71006
 0.775125  -3.97779  0.711361
 0.776426  -3.95576  0.711361
 0.777728  -3.93382  0.712663
 0.779029  -3.91212  0.712663
  0.78033  -3.89047  0.713964
 0.781632  -3.86908  0.715265
 0.782933  -3.84774  0.715265
 0.784234  -3.82664  0.716567
 0.785536  -3.80562  0.716567
 0.786837   -3.7848  0.717868
 0.788138   -3.7641  0.717868
 0.789439  -3.74355  0.719169
 0.790741  -3.72316  0.719169
 0.792042  -3.70289   0.72047
 0.793343  -3.68279   0.72047
 0.794645  -3.66279  0.721772
 0.795946    -3.643  0.721772
 0.797247  -3.62326  0.723073
 0.798549  -3.60375  0.724374
  0.79985  -3.58428  0.724374
 0.801151  -3.56502  0.725676
 0.802452  -3.54584  0.725676
 0.803754  -3.52684  0.726977
 0.805055  -3.50793  0.726977
 0.806356  -3.48918  0.728278
 0.807658  -3.47055  0.728278
 0.808959  -3.45204   0.72958
  0.81026  -3.43368   0.72958
 0.811562  -3.41542  0.730881
 0.812863  -3.39732  0.730881
 0.814164  -3.37929  0.732182
 0.815465  -3.36146  0.732182
 0.816767  -3.34366  0.733483
 0.818068  -3.32607  0.734785
 0.819369  -3.30852  0.734785
 0.820671  -3.29115  0.736086
 0.821972  -3.27385  0.736086
 0.823273   -3.2567  0.737387
 0.824575  -3.23965  0.737387
 0.825876  -3.22272  0.738689
 0.827177  -3.20592  0.738689
 0.828478   -3.1892   0.73999
  0.82978  -3.17263   0.73999
 0.831081  -3.15613  0.741291
 0.832382  -3.13979  0.741291
 0.833684  -3.12351  0.742593
 0.834985   -3.1074  0.743894
 0.836286  -3.09131  0.743894
 0.837588  -3.07541  0.745195
 0.838889  -3.05955  0.745195
  0.84019  -3.04385  0.746496
 0.841491  -3.02821  0.746496
 0.842793   -3.0127  0.747798
 0.844094  -2.99728  0.747798
 0.845395  -2.98197  0.749099
 0.846697  -2.96676  0.749099
 0.847998  -2.95164    0.7504
 0.849299  -2.93664    0.7504
 0.850601  -2.92171  0.751702
 0.851902  -2.90692  0.751702
 0.853203  -2.89217  0.753003
 0.854505  -2.87758  0.754304
 0.855806  -2.86302  0.754304
 0.857107  -2.84861  0.755606
 0.858408  -2.83425  0.755606
  0.85971  -2.82001  0.756907
 0.861011  -2.80585  0.756907
 0.862312  -2.79179  0.758208
 0.863614  -2.77781  0.758208
 0.864915  -2.76393   0.75951
 0.866216  -2.75014   0.75951
 0.867518  -2.73643  0.760811
 0.868819  -2.72283  0.760811
  0.87012  -2.70928  0.762112
 0.871421  -2.69586  0.762112
 0.872723  -2.68248  0.763413
 0.874024  -2.66924  0.764715
 0.875325  -2.65602  0.764715
 0.876627  -2.64294  0.766016
 0.877928   -2.6299  0.766016
 0.879229  -2.61698  0.767317
 0.880531  -2.60411  0.767317
 0.881832  -2.59134  0.768619
 0.883133  -2.57864  0.768619
 0.884434  -2.56603   0.76992
 0.885736   -2.5535   0.76992
 0.887037  -2.54104  0.771221
 0.888338  -2.52867  0.771221
  0.88964  -2.51636  0.772523
 0.890941  -2.50416  0.772523
 0.892242  -2.49199  0.773824
 0.893544  -2.47995  0.773824
 0.894845  -2.46793  0.775125
 0.896146  -2.45603  0.776426
 0.897447  -2.44416  0.776426
 0.898749   -2.4324  0.777728
  0.90005  -2.42069  0.777728
 0.901351  -2.40907  0.779029
 0.902653  -2.39751  0.779029
 0.903954  -2.38603   0.78033
 0.905255  -2.37462   0.78033
 0.906557  -2.36327  0.781632
 0.907858  -2.35201  0.781632
 0.909159  -2.34079  0.782933
  0.91046  -2.32967  0.782933
 0.911762  -2.31859  0.784234
 0.913063  -2.30761  0.784234
 0.914364  -2.29666  0.785536
 0.915666  -2.28582  0.786837
 0.916967    -2.275  0.786837
 0.918268  -2.26428  0.788138
  0.91957  -2.25359  0.788138
 0.920871    -2.243  0.789439
 0.922172  -2.23245  0.789439
 0.923473  -2.22198  0.790741
 0.924775  -2.21157  0.790741
 0.926076  -2.20122  0.792042
 0.927377  -2.19093  0.792042
 0.928679   -2.1807  0.793343
  0.92998  -2.17055  0.793343
 0.931281  -2.16043  0.794645
 0.932583  -2.15041  0.794645
 0.933884  -2.14041  0.795946
 0.935185  -2.13051  0.795946
 0.936486  -2.12062  0.797247
 0.937788  -2.11083  0.798549
 0.939089  -2.10107  0.798549
  0.94039  -2.09139   0.79985
 0.941692  -2.08175   0.79985
 0.942993  -2.07219  0.801151
 0.944294  -2.06266  0.801151
 0.945596   -2.0532  0.802452
 0.946897   -2.0438  0.802452
 0.948198  -2.03445  0.803754
 0.949499  -2.02515  0.803754
 0.950801  -2.01591  0.805055
 0.952102  -2.00673  0.805055
 0.953403  -1.99759  0.806356
 0.954705  -1.98852  0.806356
 0.956006  -1.97948  0.807658
 0.957307  -1.97053  0.807658
 0.958609  -1.96159  0.808959
  0.95991  -1.95273   0.81026
 0.961211   -1.9439   0.81026
 0.962513  -1.93515  0.811562
 0.963814  -1.92642  0.811562
 0.965115  -1.91776  0.812863
 0.966416  -1.90914  0.812863
 0.967718  -1.90058  0.814164
 0.969019  -1.89207  0.814164
  0.97032   -1.8836  0.815465
 0.971622  -1.87518  0.815465
 0.972923  -1.86681  0.816767
 0.974224   -1.8585  0.816767
 0.975526  -1.85021  0.818068
 0.976827    -1.842  0.818068
 0.978128  -1.83381  0.819369
 0.979429  -1.82569  0.819369
 0.980731  -1.81759  0.820671
 0.982032  -1.80956  0.821972
 0.983333  -1.80155  0.821972
 0.984635  -1.79361  0.823273
 0.985936   -1.7857  0.823273
 0.987237  -1.77785  0.824575
 0.988539  -1.77003  0.824575
  0.98984  -1.76226  0.825876
 0.991141  -1.75453  0.825876
 0.992442  -1.74685  0.827177
 0.993744  -1.73921  0.827177
 0.995045  -1.73161  0.828478
 0.996346  -1.72406  0.828478
 0.997648  -1.71654   0.82978
 0.998949  -1.70908   0.82978
  1.00025  -1.70164  0.831081
  1.00155  -1.69427  0.831081
  1.00285  -1.68691  0.832382
  1.00415  -1.67962  0.833684
  1.00546  -1.67234  0.833684
  1.00676  -1.66513  0.834985
  1.00806  -1.65793  0.834985
  1.00936   -1.6508  0.836286
  1.01066  -1.64369  0.836286
  1.01196  -1.63663  0.837588
  1.01326   -1.6296  0.837588
  1.01456  -1.62261  0.838889
  1.01587  -1.61566  0.838889
  1.01717  -1.60875   0.84019
  1.01847  -1.60188   0.84019
  1.01977  -1.59504  0.841491
  1.02107  -1.58825  0.841491
  1.02237  -1.58149  0.842793
  1.02367  -1.57477  0.842793
  1.02497  -1.56808  0.844094
  1.02628  -1.56144  0.845395
  1.02758  -1.55481  0.845395
  1.02888  -1.54825  0.846697
  1.03018  -1.54169  0.846697
  1.03148   -1.5352  0.847998
  1.03278  -1.52872  0.847998
  1.03408  -1.52229  0.849299
  1.03539  -1.51588  0.849299
  1.03669  -1.50952  0.850601
  1.03799  -1.50318  0.850601
  1.03929  -1.49688  0.851902
  1.04059  -1.49062  0.851902
  1.04189  -1.48439  0.853203
  1.04319   -1.4782  0.853203
  1.04449  -1.47203  0.854505
   1.0458   -1.4659  0.854505
   1.0471   -1.4598  0.855806
   1.0484  -1.45374  0.855806
   1.0497   -1.4477  0.857107
    1.051  -1.44171  0.858408
   1.0523  -1.43573  0.858408
   1.0536   -1.4298   0.85971
   1.0549  -1.42388   0.85971
  1.05621  -1.41802  0.861011
  1.05751  -1.41217  0.861011
  1.05881  -1.40636  0.862312
  1.06011  -1.40057  0.862312
  1.06141  -1.39482  0.863614
  1.06271   -1.3891  0.863614
  1.06401  -1.38341  0.864915
  1.06532  -1.37775  0.864915
  1.06662  -1.37212  0.866216
  1.06792  -1.36652  0.866216
  1.06922  -1.36094  0.867518
  1.07052  -1.35541  0.867518
  1.07182  -1.34989  0.868819
  1.07312  -1.34441  0.868819
  1.07442  -1.33894   0.87012
  1.07573  -1.33353  0.871421
  1.07703  -1.32811  0.871421
  1.07833  -1.32275  0.872723
  1.07963   -1.3174  0.872723
  1.08093  -1.31209  0.874024
  1.08223  -1.30679  0.874024
  1.08353  -1.30154  0.875325
  1.08483   -1.2963  0.875325
  1.08614  -1.29109  0.876627
  1.08744  -1.28591  0.876627
  1.08874  -1.28076  0.877928
  1.09004  -1.27563  0.877928
  1.09134  -1.27053  0.879229
  1.09264  -1.26546  0.879229
  1.09394  -1.26041  0.880531
  1.09525  -1.25539  0.880531
  1.09655  -1.25039  0.881832
  1.09785  -1.24542  0.881832
  1.09915  -1.24047  0.883133
  1.10045  -1.23556  0.883133
  1.10175  -1.23065  0.884434
  1.10305  -1.22579  0.885736
  1.10435  -1.22093  0.885736
  1.10566  -1.21612  0.887037
  1.10696  -1.21131  0.887037
  1.10826  -1.20655  0.888338
  1.10956  -1.20179  0.888338
  1.11086  -1.19707   0.88964
  1.11216  -1.19237   0.88964
  1.11346  -1.18769  0.890941
  1.11476  -1.18304  0.890941
  1.11607  -1.17841  0.892242
  1.11737   -1.1738  0.892242
  1.11867  -1.16921  0.893544
  1.11997  -1.16466  0.893544
  1.12127  -1.16011  0.894845
  1.12257   -1.1556  0.894845
  1.12387   -1.1511  0.896146
  1.12518  -1.14664  0.896146
  1.12648  -1.14219  0.897447
  1.12778  -1.13777  0.898749
  1.12908  -1.13336  0.898749
  1.13038  -1.12898   0.90005
  1.13168  -1.12461   0.90005
  1.13298  -1.12028  0.901351
  1.13428  -1.11596  0.901351
  1.13559  -1.11166  0.902653
  1.13689  -1.10739  0.902653
  1.13819  -1.10313  0.903954
  1.13949   -1.0989  0.903954
  1.14079  -1.09469  0.905255
  1.14209   -1.0905  0.905255
  1.14339  -1.08632  0.906557
  1.14469  -1.08218  0.906557
    1.146  -1.07804  0.907858
   1.1473  -1.07394  0.907858
   1.1486  -1.06984  0.909159
   1.1499  -1.06578  0.909159
   1.1512  -1.06172   0.91046
   1.1525   -1.0577   0.91046
   1.1538  -1.05368  0.911762
  1.15511   -1.0497  0.913063
  1.15641  -1.04572  0.913063
  1.15771  -1.04177  0.914364
  1.15901  -1.03783  0.914364
  1.16031  -1.03392  0.915666
  1.16161  -1.03002  0.915666
  1.16291  -1.02615  0.916967
  1.16421  -1.02229  0.916967
  1.16552  -1.01845  0.918268
  1.16682  -1.01463  0.918268
  1.16812  -1.01083   0.91957
  1.16942  -1.00705   0.91957
  1.17072  -1.00328  0.920871
  1.17202 -0.999533  0.920871
  1.17332 -0.995801  0.922172
  1.17462 -0.992092  0.922172
  1.17593 -0.988394  0.923473
  1.17723 -0.984722  0.923473
  1.17853 -0.981058  0.924775
  1.17983 -0.977422  0.924775
  1.18113 -0.973792  0.926076
  1.18243 -0.970191  0.927377
  1.18373 -0.966595  0.927377
  1.18504 -0.963027  0.928679
  1.18634 -0.959466  0.928679
  1.18764  -0.95593   0.92998
  1.18894 -0.952404   0.92998
  1.19024 -0.948901  0.931281
  1.19154  -0.94541  0.931281
  1.19284 -0.941938  0.932583
  1.19414 -0.938481  0.932583
  1.19545 -0.935041  0.933884
  1.19675 -0.931617  0.933884
  1.19805 -0.928208  0.935185
  1.19935 -0.924817  0.935185
  1.20065 -0.921439  0.936486
  1.20195 -0.918082  0.936486
  1.20325 -0.914734  0.937788
  1.20455 -0.911409  0.937788
  1.20586 -0.908091  0.939089
  1.20716 -0.904798  0.939089
  1.20846  -0.90151   0.94039
  1.20976 -0.898248  0.941692
  1.21106  -0.89499  0.941692
  1.21236 -0.891758  0.942993
  1.21366 -0.888531  0.942993
  1.21496 -0.885327  0.944294
  1.21627 -0.882131  0.944294
  1.21757 -0.878956  0.945596
  1.21887 -0.875791  0.945596
  1.22017 -0.872644  0.946897
  1.22147 -0.869509  0.946897
  1.22277  -0.86639  0.948198
  1.22407 -0.863285  0.948198
  1.22538 -0.860193  0.949499
  1.22668 -0.857117  0.949499
  1.22798 -0.854054  0.950801
  1.22928 -0.851007  0.950801
  1.23058  -0.84797  0.952102
  1.23188 -0.844952  0.952102
  1.23318 -0.841942  0.953403
  1.23448 -0.838952  0.953403
  1.23579 -0.835969  0.954705
  1.23709 -0.833007  0.954705
  1.23839  -0.83005  0.956006
  1.23969 -0.827115  0.957307
  1.24099 -0.824184  0.957307
  1.24229 -0.821276  0.958609
  1.24359 -0.818372  0.958609
  1.24489 -0.815489   0.95991
   1.2462 -0.812613   0.95991
   1.2475 -0.809755  0.961211
   1.2488 -0.806905  0.961211
   1.2501 -0.804072  0.962513
   1.2514 -0.801249  0.962513
   1.2527  -0.79844  0.963814
    1.254 -0.795644  0.963814
  1.25531 -0.792859  0.965115
  1.25661 -0.790089  0.965115
  1.25791 -0.787328  0.966416
  1.25921 -0.784583  0.966416
  1.26051 -0.781846  0.967718
  1.26181 -0.779127  0.967718
  1.26311 -0.776414  0.969019
  1.26441 -0.773719  0.969019
  1.26572 -0.771029   0.97032
  1.26702 -0.768359   0.97032
  1.26832 -0.765693  0.971622
  1.26962 -0.763047  0.972923
  1.27092 -0.760404  0.972923
  1.27222  -0.75778  0.974224
  1.27352 -0.755161  0.974224
  1.27482  -0.75256  0.975526
  1.27613 -0.749965  0.975526
  1.27743 -0.747386  0.976827
  1.27873 -0.744815  0.976827
  1.28003 -0.742258  0.978128
  1.28133  -0.73971  0.978128
  1.28263 -0.737174  0.979429
  1.28393 -0.734649  0.979429
  1.28524 -0.732136  0.980731
  1.28654 -0.729634  0.980731
  1.28784 -0.727141  0.982032
  1.28914 -0.724662  0.982032
  1.29044  -0.72219  0.983333
  1.29174 -0.719733  0.983333
  1.29304 -0.717282  0.984635
  1.29434 -0.714847  0.984635
  1.29565 -0.712417  0.985936
  1.29695 -0.710004  0.985936
  1.29825 -0.707594  0.987237
  1.29955 -0.705203  0.988539
  1.30085 -0.702813  0.988539
  1.30215 -0.700442   0.98984
  1.30345 -0.698074   0.98984
  1.30475 -0.695722  0.991141
  1.30606 -0.693375  0.991141
  1.30736 -0.691043  0.992442
  1.30866 -0.688717  0.992442
  1.30996 -0.686404  0.993744
  1.31126 -0.684099  0.993744
  1.31256 -0.681805  0.995045
  1.31386  -0.67952  0.995045
  1.31517 -0.677246  0.996346
  1.31647 -0.674981  0.996346
  1.31777 -0.672725  0.997648
  1.31907 -0.670481  0.997648
  1.32037 -0.668244  0.998949
  1.32167 -0.666019  0.998949
  1.32297   -0.6638   1.00025
  1.32427 -0.661595   1.00025
  1.32558 -0.659394   1.00155
  1.32688 -0.657208   1.00155
  1.32818 -0.655026   1.00285
  1.32948 -0.652859   1.00285
  1.33078 -0.650695   1.00415
  1.33208 -0.648546   1.00546
  1.33338   -0.6464   1.00546
  1.33468 -0.644269   1.00676
  1.33599 -0.642142   1.00676
  1.33729 -0.640028   1.00806
  1.33859 -0.637919   1.00806
  1.33989 -0.635823   1.00936
  1.34119 -0.633733   1.00936
  1.34249 -0.631653   1.01066
  1.34379 -0.629581   1.01066
   1.3451 -0.627519   1.01196
   1.3464 -0.625464   1.01196
   1.3477 -0.623418   1.01326
    1.349 -0.621382   1.01326
   1.3503 -0.619353   1.01456
   1.3516 -0.617333   1.01456
   1.3529 -0.615321   1.01587
   1.3542 -0.613319   1.01587
  1.35551 -0.611322   1.01717
  1.35681 -0.609337   1.01717
  1.35811 -0.607357   1.01847
  1.35941 -0.605389   1.01847
  1.36071 -0.603425   1.01977
  1.36201 -0.601474   1.01977
  1.36331 -0.599525   1.02107
  1.36461 -0.597591   1.02237
  1.36592 -0.595658   1.02237
  1.36722 -0.593739   1.02367
  1.36852 -0.591823   1.02367
  1.36982 -0.589919   1.02497
  1.37112 -0.588019   1.02497
  1.37242  -0.58613   1.02628
  1.37372 -0.584246   1.02628
  1.37503 -0.582373   1.02758
  1.37633 -0.580505   1.02758
  1.37763 -0.578646   1.02888
  1.37893 -0.576794   1.02888
  1.38023  -0.57495   1.03018
  1.38153 -0.573113   1.03018
  1.38283 -0.571284   1.03148
  1.38413 -0.569463   1.03148
  1.38544 -0.567648   1.03278
  1.38674 -0.565842   1.03278
  1.38804 -0.564041   1.03408
  1.38934 -0.562251   1.03408
  1.39064 -0.560464   1.03539
  1.39194 -0.558688   1.03539
  1.39324 -0.556916   1.03669
  1.39454 -0.555155   1.03669
  1.39585 -0.553397   1.03799
  1.39715  -0.55165   1.03799
  1.39845 -0.549906   1.03929
  1.39975 -0.548173   1.04059
  1.40105 -0.546443   1.04059
  1.40235 -0.544724   1.04189
  1.40365 -0.543008   1.04189
  1.40495 -0.541302   1.04319
  1.40626 -0.539601   1.04319
  1.40756 -0.537908   1.04449
  1.40886 -0.536221   1.04449
  1.41016 -0.534542    1.0458
  1.41146 -0.532868    1.0458
  1.41276 -0.531202    1.0471
  1.41406 -0.529542    1.0471
  1.41537 -0.527889    1.0484
  1.41667 -0.526242    1.0484
  1.41797 -0.524602    1.0497
  1.41927 -0.522969    1.0497
  1.42057 -0.521341     1.051
  1.42187 -0.519722     1.051
  1.42317 -0.518107    1.0523
  1.42447 -0.516501    1.0523
  1.42578 -0.514898    1.0536
  1.42708 -0.513305    1.0536
  1.42838 -0.511714    1.0549
  1.42968 -0.510134    1.0549
  1.43098 -0.508556   1.05621
  1.43228 -0.506989   1.05751
  1.43358 -0.505423   1.05751
  1.43488 -0.503867   1.05881
  1.43619 -0.502314   1.05881
  1.43749  -0.50077   1.06011
  1.43879 -0.499229   1.06011
  1.44009 -0.497698   1.06141
  1.44139 -0.496169   1.06141
  1.44269 -0.494649   1.06271
  1.44399 -0.493133   1.06271
   1.4453 -0.491625   1.06401
   1.4466 -0.490121   1.06401
   1.4479 -0.488624   1.06532
   1.4492 -0.487132   1.06532
   1.4505 -0.485646   1.06662
   1.4518 -0.484167   1.06662
   1.4531 -0.482692   1.06792
   1.4544 -0.481224   1.06792
  1.45571 -0.479761   1.06922
  1.45701 -0.478304   1.06922
  1.45831 -0.476852   1.07052
  1.45961 -0.475408   1.07052
  1.46091 -0.473966   1.07182
  1.46221 -0.472533   1.07182
  1.46351 -0.471102   1.07312
  1.46481 -0.469681   1.07312
  1.46612 -0.468261   1.07442
  1.46742  -0.46685   1.07442
  1.46872 -0.465441   1.07573
  1.47002 -0.464041   1.07703
  1.47132 -0.462643   1.07703
  1.47262 -0.461254   1.07833
  1.47392 -0.459867   1.07833
  1.47523 -0.458488   1.07963
  1.47653 -0.457111   1.07963
  1.47783 -0.455743   1.08093
  1.47913 -0.454377   1.08093
  1.48043 -0.453019   1.08223
  1.48173 -0.451664   1.08223
  1.48303 -0.450316   1.08353
  1.48433 -0.448972   1.08353
  1.48564 -0.447633   1.08483
  1.48694   -0.4463   1.08483
  1.48824 -0.444971   1.08614
  1.48954 -0.443648   1.08614
  1.49084 -0.442329   1.08744
  1.49214 -0.441017   1.08744
  1.49344 -0.439707   1.08874
  1.49474 -0.438405   1.08874
  1.49605 -0.437106   1.09004
  1.49735 -0.435813   1.09004
  1.49865 -0.434523   1.09134
  1.49995 -0.433241   1.09134
  1.50125  -0.43196   1.09264
  1.50255 -0.430688   1.09264
  1.50385 -0.429417   1.09394
  1.50516 -0.428154   1.09525
  1.50646 -0.426893   1.09525
  1.50776 -0.425639   1.09655
  1.50906 -0.424387   1.09655
  1.51036 -0.423143   1.09785
  1.51166 -0.421901   1.09785
  1.51296 -0.420666   1.09915
  1.51426 -0.419433   1.09915
  1.51557 -0.418207   1.10045
  1.51687 -0.416983   1.10045
  1.51817 -0.415766   1.10175
  1.51947 -0.414552   1.10175
  1.52077 -0.413343   1.10305
  1.52207 -0.412139   1.10305
  1.52337 -0.410939   1.10435
  1.52467 -0.409744   1.10435
  1.52598 -0.408553   1.10566
  1.52728 -0.407366   1.10566
  1.52858 -0.406184   1.10696
  1.52988 -0.405007   1.10696
  1.53118 -0.403832   1.10826
  1.53248 -0.402664   1.10826
  1.53378 -0.401499   1.10956
  1.53509 -0.400339   1.10956
  1.53639 -0.399182   1.11086
  1.53769 -0.398031   1.11086
  1.53899 -0.396882   1.11216
  1.54029  -0.39574   1.11216
  1.54159   -0.3946   1.11346
  1.54289 -0.393466   1.11476
  1.54419 -0.392334   1.11476
   1.5455 -0.391208   1.11607
   1.5468 -0.390084   1.11607
   1.5481 -0.388967   1.11737
   1.5494 -0.387852   1.11737
   1.5507 -0.386742   1.11867
    1.552 -0.385635   1.11867
   1.5533 -0.384534   1.11997
   1.5546 -0.383435   1.11997
  1.55591 -0.382341   1.12127
  1.55721 -0.381251   1.12127
  1.55851 -0.380165   1.12257
  1.55981 -0.379082   1.12257
  1.56111 -0.378004   1.12387
  1.56241  -0.37693   1.12387
  1.56371 -0.375859   1.12518
  1.56502 -0.374793   1.12518
  1.56632  -0.37373   1.12648
  1.56762 -0.372671   1.12648
  1.56892 -0.371615   1.12778
  1.57022 -0.370565   1.12778
  1.57152 -0.369517   1.12908
  1.57282 -0.368474   1.12908
  1.57412 -0.367433   1.13038
  1.57543 -0.366398   1.13038
  1.57673 -0.365364   1.13168
  1.57803 -0.364337   1.13168
  1.57933 -0.363311   1.13298
  1.58063 -0.362291   1.13298
  1.58193 -0.361272   1.13428
  1.58323 -0.360259   1.13559
  1.58453 -0.359247   1.13559
  1.58584 -0.358241   1.13689
  1.58714 -0.357237   1.13689
  1.58844 -0.356238   1.13819
  1.58974 -0.355242   1.13819
  1.59104  -0.35425   1.13949
  1.59234  -0.35326   1.13949
  1.59364 -0.352275   1.14079
  1.59494 -0.351293   1.14079
  1.59625 -0.350315   1.14209
  1.59755  -0.34934   1.14209
  1.59885 -0.348368   1.14339
  1.60015   -0.3474   1.14339
  1.60145 -0.346436   1.14469
  1.60275 -0.345475   1.14469
  1.60405 -0.344517     1.146
  1.60536 -0.343563     1.146
  1.60666 -0.342611    1.1473
  1.60796 -0.341664    1.1473
  1.60926 -0.340719    1.1486
  1.61056 -0.339779    1.1486
  1.61186 -0.338841    1.1499
  1.61316 -0.337907    1.1499
  1.61446 -0.336975    1.1512
  1.61577 -0.336048    1.1512
  1.61707 -0.335123    1.1525
  1.61837 -0.334203    1.1525
  1.61967 -0.333284    1.1538
  1.62097  -0.33237    1.1538
  1.62227 -0.331457   1.15511
  1.62357  -0.33055   1.15641
  1.62487 -0.329643   1.15641
  1.62618 -0.328742   1.15771
  1.62748 -0.327842   1.15771
  1.62878 -0.326948   1.15901
  1.63008 -0.326054   1.15901
  1.63138 -0.325165   1.16031
  1.63268 -0.324278   1.16031
  1.63398 -0.323395   1.16161
  1.63529 -0.322514   1.16161
  1.63659 -0.321638   1.16291
  1.63789 -0.320763   1.16291
  1.63919 -0.319892   1.16421
  1.64049 -0.319024   1.16421
  1.64179 -0.318159   1.16552
  1.64309 -0.317296   1.16552
  1.64439 -0.316437   1.16682
   1.6457 -0.315581   1.16682
    1.647 -0.314728   1.16812
   1.6483 -0.313878   1.16812
   1.6496  -0.31303   1.16942
   1.6509 -0.312186   1.16942
   1.6522 -0.311344   1.17072
   1.6535 -0.310506   1.17072
   1.6548 -0.309669   1.17202
  1.65611 -0.308837   1.17202
  1.65741 -0.308007   1.17332
  1.65871  -0.30718   1.17332
  1.66001 -0.306355   1.17462
  1.66131 -0.305534   1.17462
  1.66261 -0.304715   1.17593
  1.66391   -0.3039   1.17723
  1.66522 -0.303086   1.17723
  1.66652 -0.302276   1.17853
  1.66782 -0.301468   1.17853
  1.66912 -0.300664   1.17983
  1.67042 -0.299861   1.17983
  1.67172 -0.299062   1.18113
  1.67302 -0.298265   1.18113
  1.67432 -0.297471   1.18243
  1.67563  -0.29668   1.18243
  1.67693 -0.295891   1.18373
  1.67823 -0.295105   1.18373
  1.67953 -0.294322   1.18504
  1.68083 -0.293541   1.18504
  1.68213 -0.292764   1.18634
  1.68343 -0.291988   1.18634
  1.68473 -0.291216   1.18764
  1.68604 -0.290445   1.18764
  1.68734 -0.289678   1.18894
  1.68864 -0.288913   1.18894
  1.68994 -0.288151   1.19024
  1.69124 -0.287391   1.19024
  1.69254 -0.286634   1.19154
  1.69384 -0.285879   1.19154
  1.69515 -0.285127   1.19284
  1.69645 -0.284378   1.19284
  1.69775  -0.28363   1.19414
  1.69905 -0.282886   1.19414
  1.70035 -0.282143   1.19545
  1.70165 -0.281405   1.19545
  1.70295 -0.280667   1.19675
  1.70425 -0.279933   1.19675
  1.70556   -0.2792   1.19805
  1.70686 -0.278471   1.19805
  1.70816 -0.277743   1.19935
  1.70946 -0.277019   1.20065
  1.71076 -0.276295   1.20065
  1.71206 -0.275576   1.20195
  1.71336 -0.274858   1.20195
  1.71466 -0.274143   1.20325
  1.71597 -0.273429   1.20325
  1.71727 -0.272719   1.20455
  1.71857 -0.272011   1.20455
  1.71987 -0.271305   1.20586
  1.72117 -0.270601   1.20586
  1.72247   -0.2699   1.20716
  1.72377 -0.269201   1.20716
  1.72508 -0.268505   1.20846
  1.72638  -0.26781   1.20846
  1.72768 -0.267118   1.20976
  1.72898 -0.266429   1.20976
  1.73028 -0.265741   1.21106
  1.73158 -0.265056   1.21106
  1.73288 -0.264373   1.21236
  1.73418 -0.263692   1.21236
  1.73549 -0.263014   1.21366
  1.73679 -0.262338   1.21366
  1.73809 -0.261663   1.21496
  1.73939 -0.260992   1.21496
  1.74069 -0.260322   1.21627
  1.74199 -0.259655   1.21627
  1.74329 -0.258989   1.21757
  1.74459 -0.258327   1.21757
   1.7459 -0.257665   1.21887
   1.7472 -0.257007   1.21887
   1.7485  -0.25635   1.22017
   1.7498 -0.255696   1.22017
   1.7511 -0.255043   1.22147
   1.7524 -0.254394   1.22277
   1.7537 -0.253745   1.22277
  1.75501   -0.2531   1.22407
  1.75631 -0.252455   1.22407
  1.75761 -0.251814   1.22538
  1.75891 -0.251174   1.22538
  1.76021 -0.250536   1.22668
  1.76151   -0.2499   1.22668
  1.76281 -0.249267   1.22798
  1.76411 -0.248635   1.22798
  1.76542 -0.248006   1.22928
  1.76672 -0.247379   1.22928
  1.76802 -0.246753   1.23058
  1.76932  -0.24613   1.23058
  1.77062 -0.245509   1.23188
  1.77192 -0.244889   1.23188
  1.77322 -0.244272   1.23318
  1.77452 -0.243656   1.23318
  1.77583 -0.243043   1.23448
  1.77713 -0.242432   1.23448
  1.77843 -0.241822   1.23579
  1.77973 -0.241215   1.23579
  1.78103 -0.240609   1.23709
  1.78233 -0.240005   1.23709
  1.78363 -0.239403   1.23839
  1.78493 -0.238804   1.23839
  1.78624 -0.238206   1.23969
  1.78754  -0.23761   1.23969
  1.78884 -0.237016   1.24099
  1.79014 -0.236424   1.24099
  1.79144 -0.235833   1.24229
  1.79274 -0.235246   1.24229
  1.79404 -0.234658   1.24359
  1.79535 -0.234074   1.24359
  1.79665 -0.233491   1.24489
  1.79795 -0.232911    1.2462
  1.79925 -0.232331    1.2462
  1.80055 -0.231754    1.2475
  1.80185 -0.231178    1.2475
  1.80315 -0.230605    1.2488
  1.80445 -0.230033    1.2488
  1.80576 -0.229463    1.2501
  1.80706 -0.228894    1.2501
  1.80836 -0.228328    1.2514
  1.80966 -0.227763    1.2514
  1.81096 -0.227201    1.2527
  1.81226 -0.226639    1.2527
  1.81356  -0.22608     1.254
  1.81486 -0.225523     1.254
  1.81617 -0.224967   1.25531
  1.81747 -0.224413   1.25531
  1.81877 -0.223861   1.25661
  1.82007  -0.22331   1.25661
  1.82137 -0.222761   1.25791
  1.82267 -0.222214   1.25791
  1.82397 -0.221668   1.25921
  1.82528 -0.221125   1.25921
  1.82658 -0.220583   1.26051
  1.82788 -0.220043   1.26051
  1.82918 -0.219504   1.26181
  1.83048 -0.218967   1.26181
  1.83178 -0.218431   1.26311
  1.83308 -0.217898   1.26311
  1.83438 -0.217366   1.26441
  1.83569 -0.216836   1.26441
  1.83699 -0.216307   1.26572
  1.83829  -0.21578   1.26572
  1.83959 -0.215254   1.26702
  1.84089 -0.214731   1.26702
  1.84219 -0.214209   1.26832
  1.84349 -0.213689   1.26832
  1.84479 -0.213169   1.26962
   1.8461 -0.212652   1.27092
   1.8474 -0.212136   1.27092
   1.8487 -0.211623   1.27222
     1.85  -0.21111   1.27222