 kgrid  ValNew  Policy 
    0.55 -50.4764 0.552603
0.551301 -50.2854 0.553904
0.552603 -50.0955 0.553904
0.553904  -49.907 0.555205
0.555205 -49.7207 0.556507
0.556507 -49.5358 0.556507
0.557808  -49.352 0.557808
0.559109 -49.1702 0.559109
 0.56041 -48.9901 0.559109
0.561712 -48.8108  0.56041
0.563013 -48.6334 0.561712
0.564314 -48.4577 0.563013
0.565616 -48.2828 0.563013
0.566917 -48.1095 0.564314
0.568218 -47.9378 0.565616
 0.56952 -47.7674 0.565616
0.570821 -47.5977 0.566917
0.572122 -47.4294 0.568218
0.573423 -47.2625  0.56952
0.574725  -47.097  0.56952
0.576026 -46.9322 0.570821
0.577327 -46.7686 0.572122
0.578629 -46.6064 0.573423
 0.57993 -46.4455 0.574725
0.581231 -46.2852 0.574725
0.582533 -46.1262 0.576026
0.583834 -45.9683 0.577327
0.585135 -45.8118 0.578629
0.586436  -45.656 0.578629
0.587738 -45.5013  0.57993
0.589039 -45.3477 0.581231
 0.59034 -45.1949 0.582533
0.591642 -45.0433 0.583834
0.592943 -44.8922 0.583834
0.594244 -44.7419 0.585135
0.595546 -44.5924 0.586436
0.596847 -44.4439 0.587738
0.598148 -44.2963 0.589039
0.599449 -44.1496  0.59034
0.600751 -44.0035  0.59034
0.602052 -43.8582 0.591642
0.603353 -43.7138 0.592943
0.604655   -43.57 0.594244
0.605956 -43.4271 0.595546
0.607257 -43.2851 0.596847
0.608559 -43.1438 0.596847
 0.60986  -43.003 0.598148
0.611161  -42.863 0.599449
0.612462 -42.7238 0.600751
0.613764 -42.5855 0.602052
0.615065 -42.4479 0.603353
0.616366  -42.311 0.604655
0.617668 -42.1747 0.604655
0.618969 -42.0389 0.605956
 0.62027 -41.9039 0.607257
0.621572 -41.7698 0.608559
0.622873 -41.6363  0.60986
0.624174 -41.5036 0.611161
0.625475 -41.3715 0.612462
0.626777 -41.2399 0.612462
0.628078 -41.1089 0.613764
0.629379 -40.9786 0.615065
0.630681 -40.8489 0.616366
0.631982   -40.72 0.617668
0.633283 -40.5918 0.618969
0.634585 -40.4642  0.62027
0.635886 -40.3371  0.62027
0.637187 -40.2105 0.621572
0.638488 -40.0845 0.622873
 0.63979 -39.9592 0.624174
0.641091 -39.8346 0.625475
0.642392 -39.7106 0.626777
0.643694 -39.5872 0.628078
0.644995 -39.4644 0.628078
0.646296  -39.342 0.629379
0.647598 -39.2201 0.630681
0.648899 -39.0988 0.631982
  0.6502 -38.9782 0.633283
0.651502 -38.8582 0.634585
0.652803 -38.7387 0.635886
0.654104 -38.6199 0.637187
0.655405 -38.5014 0.637187
0.656707 -38.3834 0.638488
0.658008 -38.2659  0.63979
0.659309 -38.1491 0.641091
0.660611 -38.0328 0.642392
0.661912 -37.9172 0.643694
0.663213  -37.802 0.644995
0.664515 -37.6873 0.646296
0.665816 -37.5731 0.646296
0.667117 -37.4593 0.647598
0.668418  -37.346 0.648899
 0.66972 -37.2334   0.6502
0.671021 -37.1212 0.651502
0.672322 -37.0095 0.652803
0.673624 -36.8984 0.654104
0.674925 -36.7878 0.655405
0.676226 -36.6775 0.655405
0.677528 -36.5677 0.656707
0.678829 -36.4584 0.658008
 0.68013 -36.3496 0.659309
0.681431 -36.2413 0.660611
0.682733 -36.1336 0.661912
0.684034 -36.0263 0.663213
0.685335 -35.9195 0.664515
0.686637  -35.813 0.664515
0.687938  -35.707 0.665816
0.689239 -35.6014 0.667117
0.690541 -35.4963 0.668418
0.691842 -35.3917  0.66972
0.693143 -35.2876 0.671021
0.694444  -35.184 0.672322
0.695746 -35.0808 0.673624
0.697047 -34.9779 0.673624
0.698348 -34.8755 0.674925
 0.69965 -34.7735 0.676226
0.700951 -34.6719 0.677528
0.702252 -34.5708 0.678829
0.703554 -34.4702  0.68013
0.704855   -34.37 0.681431
0.706156 -34.2703 0.682733
0.707457 -34.1709 0.682733
0.708759 -34.0718 0.684034
 0.71006 -33.9732 0.685335
0.711361  -33.875 0.686637
0.712663 -33.7773 0.687938
0.713964   -33.68 0.689239
0.715265  -33.583 0.690541
0.716567 -33.4866 0.691842
0.717868 -33.3905 0.691842
0.719169 -33.2947 0.693143
 0.72047 -33.1993 0.694444
0.721772 -33.1043 0.695746
0.723073 -33.0097 0.697047
0.724374 -32.9156 0.698348
0.725676 -32.8218  0.69965
0.726977 -32.7285 0.700951
0.728278 -32.6355 0.700951
 0.72958 -32.5428 0.702252
0.730881 -32.4505 0.703554
0.732182 -32.3585 0.704855
0.733483  -32.267 0.706156
0.734785 -32.1759 0.707457
0.736086 -32.0851 0.708759
0.737387 -31.9948  0.71006
0.738689 -31.9048  0.71006
 0.73999  -31.815 0.711361
0.741291 -31.7256 0.712663
0.742593 -31.6366 0.713964
0.743894  -31.548 0.715265
0.745195 -31.4598 0.716567
0.746496 -31.3719 0.717868
0.747798 -31.2844 0.719169
0.749099 -31.1973 0.719169
  0.7504 -31.1104  0.72047
0.751702 -31.0238 0.721772
0.753003 -30.9376 0.723073
0.754304 -30.8517 0.724374
0.755606 -30.7662 0.725676
0.756907 -30.6811 0.726977
0.758208 -30.5964 0.728278
 0.75951  -30.512  0.72958
0.760811 -30.4278  0.72958
0.762112 -30.3439 0.730881
0.763413 -30.2604 0.732182
0.764715 -30.1772 0.733483
0.766016 -30.0943 0.734785
0.767317 -30.0118 0.736086
0.768619 -29.9297 0.737387
 0.76992 -29.8479 0.738689
0.771221 -29.7663 0.738689
0.772523  -29.685  0.73999
0.773824 -29.6041 0.741291
0.775125 -29.5235 0.742593
0.776426 -29.4431 0.743894
0.777728 -29.3631 0.745195
0.779029 -29.2835 0.746496
 0.78033 -29.2042 0.747798
0.781632 -29.1251 0.747798
0.782933 -29.0463 0.749099
0.784234 -28.9678   0.7504
0.785536 -28.8897 0.751702
0.786837 -28.8118 0.753003
0.788138 -28.7342 0.754304
0.789439 -28.6569 0.755606
0.790741   -28.58 0.756907
0.792042 -28.5033 0.756907
0.793343 -28.4269 0.758208
0.794645 -28.3508  0.75951
0.795946  -28.275 0.760811
0.797247 -28.1994 0.762112
0.798549 -28.1242 0.763413
 0.79985 -28.0492 0.764715
0.801151 -27.9746 0.766016
0.802452 -27.9002 0.766016
0.803754  -27.826 0.767317
0.805055 -27.7522 0.768619
0.806356 -27.6786  0.76992
0.807658 -27.6053 0.771221
0.808959 -27.5323 0.772523
 0.81026 -27.4596 0.773824
0.811562 -27.3872 0.775125
0.812863  -27.315 0.775125
0.814164  -27.243 0.776426
0.815465 -27.1713 0.777728
0.816767 -27.0999 0.779029
0.818068 -27.0288  0.78033
0.819369 -26.9579 0.781632
0.820671 -26.8873 0.782933
0.821972  -26.817 0.784234
0.823273  -26.747 0.784234
0.824575 -26.6771 0.785536
0.825876 -26.6075 0.786837
0.827177 -26.5382 0.788138
0.828478 -26.4691 0.789439
 0.82978 -26.4003 0.790741
0.831081 -26.3317 0.792042
0.832382 -26.2635 0.793343
0.833684 -26.1955 0.793343
0.834985 -26.1276 0.794645
0.836286   -26.06 0.795946
0.837588 -25.9927 0.797247
0.838889 -25.9256 0.798549
 0.84019 -25.8588  0.79985
0.841491 -25.7922 0.801151
0.842793 -25.7259 0.802452
0.844094 -25.6599 0.803754
0.845395  -25.594 0.803754
0.846697 -25.5283 0.805055
0.847998 -25.4629 0.806356
0.849299 -25.3977 0.807658
0.850601 -25.3328 0.808959
0.851902 -25.2681  0.81026
0.853203 -25.2037 0.811562
0.854505 -25.1395 0.812863
0.855806 -25.0755 0.812863
0.857107 -25.0117 0.814164
0.858408 -24.9481 0.815465
 0.85971 -24.8848 0.816767
0.861011 -24.8217 0.818068
0.862312 -24.7589 0.819369
0.863614 -24.6963 0.820671
0.864915 -24.6339 0.821972
0.866216 -24.5717 0.821972
0.867518 -24.5096 0.823273
0.868819 -24.4479 0.824575
 0.87012 -24.3863 0.825876
0.871421  -24.325 0.827177
0.872723 -24.2639 0.828478
0.874024 -24.2031  0.82978
0.875325 -24.1424 0.831081
0.876627 -24.0819 0.831081
0.877928 -24.0217 0.832382
0.879229 -23.9616 0.833684
0.880531 -23.9018 0.834985
0.881832 -23.8422 0.836286
0.883133 -23.7828 0.837588
0.884434 -23.7236 0.838889
0.885736 -23.6646  0.84019
0.887037 -23.6058  0.84019
0.888338 -23.5472 0.841491
 0.88964 -23.4888 0.842793
0.890941 -23.4306 0.844094
0.892242 -23.3726 0.845395
0.893544 -23.3149 0.846697
0.894845 -23.2573 0.847998
0.896146    -23.2 0.849299
0.897447 -23.1427 0.849299
0.898749 -23.0857 0.850601
 0.90005 -23.0289 0.851902
0.901351 -22.9723 0.853203
0.902653 -22.9159 0.854505
0.903954 -22.8598 0.855806
0.905255 -22.8038 0.857107
0.906557  -22.748 0.858408
0.907858 -22.6923 0.858408
0.909159 -22.6368  0.85971
 0.91046 -22.5816 0.861011
0.911762 -22.5265 0.862312
0.913063 -22.4716 0.863614
0.914364  -22.417 0.864915
0.915666 -22.3625 0.866216
0.916967 -22.3082 0.866216
0.918268  -22.254 0.867518
 0.91957    -22.2 0.868819
0.920871 -22.1462  0.87012
0.922172 -22.0927 0.871421
0.923473 -22.0393 0.872723
0.924775 -21.9861 0.874024
0.926076 -21.9331 0.875325
0.927377 -21.8802 0.875325
0.928679 -21.8275 0.876627
 0.92998 -21.7749 0.877928
0.931281 -21.7226 0.879229
0.932583 -21.6704 0.880531
0.933884 -21.6184 0.881832
0.935185 -21.5667 0.883133
0.936486 -21.5151 0.884434
0.937788 -21.4636 0.884434
0.939089 -21.4123 0.885736
 0.94039 -21.3611 0.887037
0.941692 -21.3101 0.888338
0.942993 -21.2593  0.88964
0.944294 -21.2087 0.890941
0.945596 -21.1583 0.892242
0.946897 -21.1081 0.893544
0.948198  -21.058 0.893544
0.949499  -21.008 0.894845
0.950801 -20.9582 0.896146
0.952102 -20.9085 0.897447
0.953403 -20.8591 0.898749
0.954705 -20.8098  0.90005
0.956006 -20.7607 0.901351
0.957307 -20.7118 0.902653
0.958609 -20.6629 0.902653
 0.95991 -20.6142 0.903954
0.961211 -20.5657 0.905255
0.962513 -20.5174 0.906557
0.963814 -20.4692 0.907858
0.965115 -20.4212 0.909159
0.966416 -20.3734  0.91046
0.967718 -20.3257 0.911762
0.969019 -20.2781 0.911762
 0.97032 -20.2307 0.913063
0.971622 -20.1835 0.914364
0.972923 -20.1364 0.915666
0.974224 -20.0894 0.916967
0.975526 -20.0427 0.918268
0.976827  -19.996  0.91957
0.978128 -19.9496 0.920871
0.979429 -19.9033 0.920871
0.980731  -19.857 0.922172
0.982032  -19.811 0.923473
0.983333 -19.7651 0.924775
0.984635 -19.7194 0.926076
0.985936 -19.6738 0.927377
0.987237 -19.6284 0.928679
0.988539 -19.5831 0.928679
 0.98984 -19.5379  0.92998
0.991141 -19.4929 0.931281
0.992442  -19.448 0.932583
0.993744 -19.4033 0.933884
0.995045 -19.3587 0.935185
0.996346 -19.3143 0.936486
0.997648   -19.27 0.937788
0.998949 -19.2259 0.937788
 1.00025 -19.1818 0.939089
 1.00155 -19.1379  0.94039
 1.00285 -19.0942 0.941692
 1.00415 -19.0506 0.942993
 1.00546 -19.0072 0.944294
 1.00676 -18.9638 0.945596
 1.00806 -18.9207 0.946897
 1.00936 -18.8776 0.946897
 1.01066 -18.8347 0.948198
 1.01196 -18.7919 0.949499
 1.01326 -18.7493 0.950801
 1.01456 -18.7068 0.952102
 1.01587 -18.6644 0.953403
 1.01717 -18.6222 0.954705
 1.01847 -18.5801 0.956006
 1.01977 -18.5381 0.956006
 1.02107 -18.4962 0.957307
 1.02237 -18.4545 0.958609
 1.02367 -18.4129  0.95991
 1.02497 -18.3714 0.961211
 1.02628 -18.3301 0.962513
 1.02758  -18.289 0.963814
 1.02888 -18.2479 0.965115
 1.03018  -18.207 0.965115
 1.03148 -18.1661 0.966416
 1.03278 -18.1254 0.967718
 1.03408 -18.0848 0.969019
 1.03539 -18.0444  0.97032
 1.03669 -18.0041 0.971622
 1.03799  -17.964 0.972923
 1.03929 -17.9239 0.972923
 1.04059  -17.884 0.974224
 1.04189 -17.8441 0.975526
 1.04319 -17.8044 0.976827
 1.04449 -17.7648 0.978128
  1.0458 -17.7254 0.979429
  1.0471 -17.6861 0.980731
  1.0484 -17.6469 0.982032
  1.0497 -17.6078 0.982032
   1.051 -17.5688 0.983333
  1.0523   -17.53 0.984635
  1.0536 -17.4912 0.985936
  1.0549 -17.4526 0.987237
 1.05621 -17.4141 0.988539
 1.05751 -17.3757  0.98984
 1.05881 -17.3375 0.991141
 1.06011 -17.2994 0.991141
 1.06141 -17.2613 0.992442
 1.06271 -17.2234 0.993744
 1.06401 -17.1856 0.995045
 1.06532 -17.1479 0.996346
 1.06662 -17.1103 0.997648
 1.06792 -17.0729 0.998949
 1.06922 -17.0356 0.998949
 1.07052 -16.9983  1.00025
 1.07182 -16.9612  1.00155
 1.07312 -16.9242  1.00285
 1.07442 -16.8873  1.00415
 1.07573 -16.8505  1.00546
 1.07703 -16.8138  1.00676
 1.07833 -16.7773  1.00806
 1.07963 -16.7409  1.00806
 1.08093 -16.7045  1.00936
 1.08223 -16.6682  1.01066
 1.08353 -16.6321  1.01196
 1.08483 -16.5961  1.01326
 1.08614 -16.5602  1.01456
 1.08744 -16.5244  1.01587
 1.08874 -16.4887  1.01717
 1.09004 -16.4531  1.01717
 1.09134 -16.4176  1.01847
 1.09264 -16.3822  1.01977
 1.09394 -16.3469  1.02107
 1.09525 -16.3118  1.02237
 1.09655 -16.2767  1.02367
 1.09785 -16.2418  1.02497
 1.09915 -16.2069  1.02628
 1.10045 -16.1722  1.02628
 1.10175 -16.1375  1.02758
 1.10305 -16.1029  1.02888
 1.10435 -16.0685  1.03018
 1.10566 -16.0341  1.03148
 1.10696 -15.9999  1.03278
 1.10826 -15.9658  1.03408
 1.10956 -15.9317  1.03408
 1.11086 -15.8978  1.03539
 1.11216 -15.8639  1.03669
 1.11346 -15.8301  1.03799
 1.11476 -15.7965  1.03929
 1.11607  -15.763  1.04059
 1.11737 -15.7295  1.04189
 1.11867 -15.6962  1.04319
 1.11997 -15.6629  1.04319
 1.12127 -15.6297  1.04449
 1.12257 -15.5967   1.0458
 1.12387 -15.5637   1.0471
 1.12518 -15.5308   1.0484
 1.12648 -15.4981   1.0497
 1.12778 -15.4654    1.051
 1.12908 -15.4328   1.0523
 1.13038 -15.4003   1.0523
 1.13168 -15.3679   1.0536
 1.13298 -15.3356   1.0549
 1.13428 -15.3034  1.05621
 1.13559 -15.2713  1.05751
 1.13689 -15.2393  1.05881
 1.13819 -15.2073  1.06011
 1.13949 -15.1755  1.06011
 1.14079 -15.1437  1.06141
 1.14209 -15.1121  1.06271
 1.14339 -15.0805  1.06401
 1.14469  -15.049  1.06532
   1.146 -15.0176  1.06662
  1.1473 -14.9864  1.06792
  1.1486 -14.9552  1.06922
  1.1499 -14.9241  1.06922
  1.1512  -14.893  1.07052
  1.1525 -14.8621  1.07182
  1.1538 -14.8312  1.07312
 1.15511 -14.8004  1.07442
 1.15641 -14.7698  1.07573
 1.15771 -14.7392  1.07703
 1.15901 -14.7087  1.07833
 1.16031 -14.6783  1.07833
 1.16161 -14.6479  1.07963
 1.16291 -14.6177  1.08093
 1.16421 -14.5875  1.08223
 1.16552 -14.5575  1.08353
 1.16682 -14.5275  1.08483
 1.16812 -14.4976  1.08614
 1.16942 -14.4678  1.08614
 1.17072  -14.438  1.08744
 1.17202 -14.4084  1.08874
 1.17332 -14.3788  1.09004
 1.17462 -14.3493  1.09134
 1.17593 -14.3199  1.09264
 1.17723 -14.2906  1.09394
 1.17853 -14.2614  1.09525
 1.17983 -14.2323  1.09525
 1.18113 -14.2032  1.09655
 1.18243 -14.1742  1.09785
 1.18373 -14.1452  1.09915
 1.18504 -14.1164  1.10045
 1.18634 -14.0877  1.10175
 1.18764  -14.059  1.10305
 1.18894 -14.0305  1.10305
 1.19024 -14.0019  1.10435
 1.19154 -13.9735  1.10566
 1.19284 -13.9451  1.10696
 1.19414 -13.9169  1.10826
 1.19545 -13.8887  1.10956
 1.19675 -13.8606  1.11086
 1.19805 -13.8326  1.11216
 1.19935 -13.8046  1.11216
 1.20065 -13.7767  1.11346
 1.20195 -13.7489  1.11476
 1.20325 -13.7212  1.11607
 1.20455 -13.6935  1.11737
 1.20586 -13.6659  1.11867
 1.20716 -13.6385  1.11997
 1.20846 -13.6111  1.12127
 1.20976 -13.5837  1.12127
 1.21106 -13.5564  1.12257
 1.21236 -13.5292  1.12387
 1.21366 -13.5021  1.12518
 1.21496  -13.475  1.12648
 1.21627 -13.4481  1.12778
 1.21757 -13.4212  1.12908
 1.21887 -13.3944  1.12908
 1.22017 -13.3676  1.13038
 1.22147 -13.3409  1.13168
 1.22277 -13.3143  1.13298
 1.22407 -13.2878  1.13428
 1.22538 -13.2613  1.13559
 1.22668 -13.2349  1.13689
 1.22798 -13.2086  1.13819
 1.22928 -13.1824  1.13819
 1.23058 -13.1562  1.13949
 1.23188 -13.1301  1.14079
 1.23318  -13.104  1.14209
 1.23448 -13.0781  1.14339
 1.23579 -13.0522  1.14469
 1.23709 -13.0264    1.146
 1.23839 -13.0006    1.146
 1.23969 -12.9749   1.1473
 1.24099 -12.9493   1.1486
 1.24229 -12.9238   1.1499
 1.24359 -12.8983   1.1512
 1.24489 -12.8729   1.1525
  1.2462 -12.8476   1.1538
  1.2475 -12.8223  1.15511
  1.2488 -12.7971  1.15511
  1.2501 -12.7719  1.15641
  1.2514 -12.7469  1.15771
  1.2527 -12.7219  1.15901
   1.254 -12.6969  1.16031
 1.25531 -12.6721  1.16161
 1.25661 -12.6473  1.16291
 1.25791 -12.6226  1.16291
 1.25921 -12.5979  1.16421
 1.26051 -12.5733  1.16552
 1.26181 -12.5487  1.16682
 1.26311 -12.5242  1.16812
 1.26441 -12.4998  1.16942
 1.26572 -12.4755  1.17072
 1.26702 -12.4513  1.17202
 1.26832  -12.427  1.17202
 1.26962 -12.4029  1.17332
 1.27092 -12.3788  1.17462
 1.27222 -12.3548  1.17593
 1.27352 -12.3308  1.17723
 1.27482 -12.3069  1.17853
 1.27613 -12.2831  1.17983
 1.27743 -12.2593  1.17983
 1.27873 -12.2356  1.18113
 1.28003  -12.212  1.18243
 1.28133 -12.1884  1.18373
 1.28263 -12.1649  1.18504
 1.28393 -12.1414  1.18634
 1.28524  -12.118  1.18764
 1.28654 -12.0947  1.18894
 1.28784 -12.0714  1.18894
 1.28914 -12.0482  1.19024
 1.29044 -12.0251  1.19154
 1.29174  -12.002  1.19284
 1.29304 -11.9789  1.19414
 1.29434  -11.956  1.19545
 1.29565 -11.9331  1.19675
 1.29695 -11.9103  1.19675
 1.29825 -11.8874  1.19805
 1.29955 -11.8647  1.19935
 1.30085  -11.842  1.20065
 1.30215 -11.8194  1.20195
 1.30345 -11.7969  1.20325
 1.30475 -11.7744  1.20455
 1.30606  -11.752  1.20586
 1.30736 -11.7296  1.20586
 1.30866 -11.7073  1.20716
 1.30996  -11.685  1.20846
 1.31126 -11.6628  1.20976
 1.31256 -11.6406  1.21106
 1.31386 -11.6186  1.21236
 1.31517 -11.5965  1.21366
 1.31647 -11.5746  1.21366
 1.31777 -11.5526  1.21496
 1.31907 -11.5308  1.21627
 1.32037  -11.509  1.21757
 1.32167 -11.4872  1.21887
 1.32297 -11.4655  1.22017
 1.32427 -11.4439  1.22147
 1.32558 -11.4223  1.22277
 1.32688 -11.4008  1.22277
 1.32818 -11.3793  1.22407
 1.32948 -11.3579  1.22538
 1.33078 -11.3365  1.22668
 1.33208 -11.3152  1.22798
 1.33338  -11.294  1.22928
 1.33468 -11.2728  1.23058
 1.33599 -11.2516  1.23058
 1.33729 -11.2305  1.23188
 1.33859 -11.2095  1.23318
 1.33989 -11.1885  1.23448
 1.34119 -11.1676  1.23579
 1.34249 -11.1467  1.23709
 1.34379 -11.1259  1.23839
  1.3451 -11.1051  1.23969
  1.3464 -11.0844  1.23969
  1.3477 -11.0637  1.24099
   1.349 -11.0431  1.24229
  1.3503 -11.0225  1.24359
  1.3516 -11.0021  1.24489
  1.3529 -10.9816   1.2462
  1.3542 -10.9612   1.2475
 1.35551 -10.9409   1.2475
 1.35681 -10.9205   1.2488
 1.35811 -10.9003   1.2501
 1.35941 -10.8801   1.2514
 1.36071 -10.8599   1.2527
 1.36201 -10.8398    1.254
 1.36331 -10.8198  1.25531
 1.36461 -10.7998  1.25661
 1.36592 -10.7799  1.25661
 1.36722 -10.7599  1.25791
 1.36852 -10.7401  1.25921
 1.36982 -10.7203  1.26051
 1.37112 -10.7006  1.26181
 1.37242 -10.6809  1.26311
 1.37372 -10.6612  1.26441
 1.37503 -10.6416  1.26441
 1.37633 -10.6221  1.26572
 1.37763 -10.6025  1.26702
 1.37893 -10.5831  1.26832
 1.38023 -10.5637  1.26962
 1.38153 -10.5443  1.27092
 1.38283 -10.5251  1.27222
 1.38413 -10.5058  1.27352
 1.38544 -10.4866  1.27352
 1.38674 -10.4674  1.27482
 1.38804 -10.4483  1.27613
 1.38934 -10.4292  1.27743
 1.39064 -10.4102  1.27873
 1.39194 -10.3912  1.28003
 1.39324 -10.3723  1.28133
 1.39454 -10.3534  1.28133
 1.39585 -10.3346  1.28263
 1.39715 -10.3158  1.28393
 1.39845  -10.297  1.28524
 1.39975 -10.2783  1.28654
 1.40105 -10.2597  1.28784
 1.40235 -10.2411  1.28914
 1.40365 -10.2225  1.28914
 1.40495  -10.204  1.29044
 1.40626 -10.1855  1.29174
 1.40756 -10.1671  1.29304
 1.40886 -10.1487  1.29434
 1.41016 -10.1304  1.29565
 1.41146 -10.1121  1.29695
 1.41276 -10.0939  1.29825
 1.41406 -10.0757  1.29825
 1.41537 -10.0575  1.29955
 1.41667 -10.0394  1.30085
 1.41797 -10.0213  1.30215
 1.41927 -10.0033  1.30345
 1.42057 -9.98535  1.30475
 1.42187 -9.96743  1.30606
 1.42317 -9.94954  1.30606
 1.42447 -9.93168  1.30736
 1.42578 -9.91387  1.30866
 1.42708 -9.89611  1.30996
 1.42838  -9.8784  1.31126
 1.42968 -9.86073  1.31256
 1.43098  -9.8431  1.31386
 1.43228 -9.82553  1.31517
 1.43358 -9.80797  1.31517
 1.43488 -9.79046  1.31647
 1.43619 -9.77299  1.31777
 1.43749 -9.75557  1.31907
 1.43879  -9.7382  1.32037
 1.44009 -9.72087  1.32167
 1.44139 -9.70359  1.32297
 1.44269 -9.68634  1.32297
 1.44399 -9.66911  1.32427
  1.4453 -9.65194  1.32558
  1.4466 -9.63481  1.32688
  1.4479 -9.61773  1.32818
  1.4492 -9.60069  1.32948
  1.4505 -9.58369  1.33078
  1.4518 -9.56674  1.33078
  1.4531  -9.5498  1.33208
  1.4544 -9.53291  1.33338
 1.45571 -9.51607  1.33468
 1.45701 -9.49927  1.33599
 1.45831 -9.48251  1.33729
 1.45961  -9.4658  1.33859
 1.46091 -9.44913  1.33989
 1.46221 -9.43248  1.33989
 1.46351 -9.41587  1.34119
 1.46481  -9.3993  1.34249
 1.46612 -9.38277  1.34379
 1.46742 -9.36629   1.3451
 1.46872 -9.34985   1.3464
 1.47002 -9.33346   1.3477
 1.47132 -9.31709   1.3477
 1.47262 -9.30076    1.349
 1.47392 -9.28446   1.3503
 1.47523 -9.26821   1.3516
 1.47653 -9.25199   1.3529
 1.47783 -9.23582   1.3542
 1.47913  -9.2197  1.35551
 1.48043 -9.20361  1.35551
 1.48173 -9.18754  1.35681
 1.48303 -9.17151  1.35811
 1.48433 -9.15553  1.35941
 1.48564 -9.13958  1.36071
 1.48694 -9.12367  1.36201
 1.48824 -9.10781  1.36331
 1.48954 -9.09198  1.36461
 1.49084 -9.07618  1.36461
 1.49214 -9.06042  1.36592
 1.49344 -9.04469  1.36722
 1.49474   -9.029  1.36852
 1.49605 -9.01335  1.36982
 1.49735 -8.99774  1.37112
 1.49865 -8.98218  1.37242
 1.49995 -8.96664  1.37242
 1.50125 -8.95113  1.37372
 1.50255 -8.93566  1.37503
 1.50385 -8.92022  1.37633
 1.50516 -8.90483  1.37763
 1.50646 -8.88947  1.37893
 1.50776 -8.87416  1.38023
 1.50906 -8.85888  1.38153
 1.51036 -8.84362  1.38153
 1.51166  -8.8284  1.38283
 1.51296 -8.81321  1.38413
 1.51426 -8.79806  1.38544
 1.51557 -8.78295  1.38674
 1.51687 -8.76789  1.38804
 1.51817 -8.75285  1.38934
 1.51947 -8.73785  1.38934
 1.52077 -8.72287  1.39064
 1.52207 -8.70792  1.39194
 1.52337 -8.69302  1.39324
 1.52467 -8.67815  1.39454
 1.52598 -8.66333  1.39585
 1.52728 -8.64854  1.39715
 1.52858 -8.63378  1.39715
 1.52988 -8.61904  1.39845
 1.53118 -8.60433  1.39975
 1.53248 -8.58967  1.40105
 1.53378 -8.57504  1.40235
 1.53509 -8.56044  1.40365
 1.53639 -8.54589  1.40495
 1.53769 -8.53137  1.40626
 1.53899 -8.51687  1.40626
 1.54029  -8.5024  1.40756
 1.54159 -8.48796  1.40886
 1.54289 -8.47356  1.41016
 1.54419  -8.4592  1.41146
  1.5455 -8.44488  1.41276
  1.5468 -8.43059  1.41406
  1.5481 -8.41633  1.41406
  1.5494 -8.40208  1.41537
  1.5507 -8.38788  1.41667
   1.552 -8.37371  1.41797
  1.5533 -8.35957  1.41927
  1.5546 -8.34548  1.42057
 1.55591 -8.33141  1.42187
 1.55721 -8.31738  1.42187
 1.55851 -8.30336  1.42317
 1.55981 -8.28938  1.42447
 1.56111 -8.27544  1.42578
 1.56241 -8.26152  1.42708
 1.56371 -8.24764  1.42838
 1.56502  -8.2338  1.42968
 1.56632 -8.21999  1.43098
 1.56762  -8.2062  1.43098
 1.56892 -8.19244  1.43228
 1.57022 -8.17871  1.43358
 1.57152 -8.16502  1.43488
 1.57282 -8.15135  1.43619
 1.57412 -8.13773  1.43749
 1.57543 -8.12414  1.43879
 1.57673 -8.11056  1.43879
 1.57803 -8.09701  1.44009
 1.57933  -8.0835  1.44139
 1.58063 -8.07002  1.44269
 1.58193 -8.05657  1.44399
 1.58323 -8.04316   1.4453
 1.58453 -8.02978   1.4466
 1.58584 -8.01642   1.4466
 1.58714 -8.00309   1.4479
 1.58844 -7.98978   1.4492
 1.58974 -7.97651   1.4505
 1.59104 -7.96327   1.4518
 1.59234 -7.95006   1.4531
 1.59364 -7.93689   1.4544
 1.59494 -7.92375  1.45571
 1.59625 -7.91062  1.45571
 1.59755 -7.89752  1.45701
 1.59885 -7.88445  1.45831
 1.60015 -7.87142  1.45961
 1.60145 -7.85842  1.46091
 1.60275 -7.84545  1.46221
 1.60405 -7.83251  1.46351
 1.60536 -7.81959  1.46351
 1.60666 -7.80669  1.46481
 1.60796 -7.79382  1.46612
 1.60926 -7.78099  1.46742
 1.61056 -7.76819  1.46872
 1.61186 -7.75542  1.47002
 1.61316 -7.74268  1.47132
 1.61446 -7.72996  1.47132
 1.61577 -7.71726  1.47262
 1.61707 -7.70459  1.47392
 1.61837 -7.69195  1.47523
 1.61967 -7.67935  1.47653
 1.62097 -7.66677  1.47783
 1.62227 -7.65422  1.47913
 1.62357 -7.64171  1.48043
 1.62487  -7.6292  1.48043
 1.62618 -7.61673  1.48173
 1.62748 -7.60428  1.48303
 1.62878 -7.59187  1.48433
 1.63008 -7.57948  1.48564
 1.63138 -7.56713  1.48694
 1.63268  -7.5548  1.48824
 1.63398 -7.54249  1.48824
 1.63529 -7.53021  1.48954
 1.63659 -7.51795  1.49084
 1.63789 -7.50573  1.49214
 1.63919 -7.49353  1.49344
 1.64049 -7.48136  1.49474
 1.64179 -7.46922  1.49605
 1.64309 -7.45711  1.49605
 1.64439 -7.44501  1.49735
  1.6457 -7.43294  1.49865
   1.647 -7.42089  1.49995
  1.6483 -7.40888  1.50125
  1.6496  -7.3969  1.50255
  1.6509 -7.38494  1.50385
  1.6522 -7.37301  1.50385
  1.6535  -7.3611  1.50516
  1.6548 -7.34921  1.50646
 1.65611 -7.33735  1.50776
 1.65741 -7.32551  1.50906
 1.65871 -7.31371  1.51036
 1.66001 -7.30193  1.51166
 1.66131 -7.29019  1.51296
 1.66261 -7.27845  1.51296
 1.66391 -7.26674  1.51426
 1.66522 -7.25506  1.51557
 1.66652  -7.2434  1.51687
 1.66782 -7.23178  1.51817
 1.66912 -7.22018  1.51947
 1.67042  -7.2086  1.52077
 1.67172 -7.19705  1.52077
 1.67302 -7.18551  1.52207
 1.67432 -7.17401  1.52337
 1.67563 -7.16252  1.52467
 1.67693 -7.15107  1.52598
 1.67823 -7.13964  1.52728
 1.67953 -7.12824  1.52858
 1.68083 -7.11687  1.52858
 1.68213  -7.1055  1.52988
 1.68343 -7.09417  1.53118
 1.68473 -7.08286  1.53248
 1.68604 -7.07157  1.53378
 1.68734 -7.06031  1.53509
 1.68864 -7.04908  1.53639
 1.68994 -7.03788  1.53639
 1.69124 -7.02668  1.53769
 1.69254 -7.01552  1.53899
 1.69384 -7.00437  1.54029
 1.69515 -6.99325  1.54159
 1.69645 -6.98216  1.54289
 1.69775  -6.9711  1.54419
 1.69905 -6.96006   1.5455
 1.70035 -6.94903   1.5455
 1.70165 -6.93803   1.5468
 1.70295 -6.92705   1.5481
 1.70425  -6.9161   1.5494
 1.70556 -6.90517   1.5507
 1.70686 -6.89427    1.552
 1.70816 -6.88339   1.5533
 1.70946 -6.87253   1.5533
 1.71076 -6.86169   1.5546
 1.71206 -6.85087  1.55591
 1.71336 -6.84008  1.55721
 1.71466 -6.82931  1.55851
 1.71597 -6.81857  1.55981
 1.71727 -6.80785  1.56111
 1.71857 -6.79716  1.56111
 1.71987 -6.78647  1.56241
 1.72117 -6.77581  1.56371
 1.72247 -6.76518  1.56502
 1.72377 -6.75457  1.56632
 1.72508 -6.74398  1.56762
 1.72638 -6.73342  1.56892
 1.72768 -6.72289  1.57022
 1.72898 -6.71236  1.57022
 1.73028 -6.70185  1.57152
 1.73158 -6.69137  1.57282
 1.73288 -6.68092  1.57412
 1.73418 -6.67049  1.57543
 1.73549 -6.66008  1.57673
 1.73679  -6.6497  1.57803
 1.73809 -6.63933  1.57803
 1.73939 -6.62897  1.57933
 1.74069 -6.61864  1.58063
 1.74199 -6.60834  1.58193
 1.74329 -6.59806  1.58323
 1.74459 -6.58781  1.58453
  1.7459 -6.57758  1.58584
  1.7472 -6.56736  1.58584
  1.7485 -6.55715  1.58714
  1.7498 -6.54697  1.58844
  1.7511 -6.53682  1.58974
  1.7524 -6.52668  1.59104
  1.7537 -6.51658  1.59234
 1.75501  -6.5065  1.59364
 1.75631 -6.49643  1.59364
 1.75761 -6.48637  1.59494
 1.75891 -6.47634  1.59625
 1.76021 -6.46633  1.59755
 1.76151 -6.45634  1.59885
 1.76281 -6.44638  1.60015
 1.76411 -6.43644  1.60145
 1.76542 -6.42652  1.60275
 1.76672 -6.41661  1.60275
 1.76802 -6.40672  1.60405
 1.76932 -6.39685  1.60536
 1.77062 -6.38701  1.60666
 1.77192 -6.37719  1.60796
 1.77322 -6.36739  1.60926
 1.77452 -6.35762  1.60926
 1.77583 -6.34786  1.61056
 1.77713  -6.3381  1.61186
 1.77843 -6.32837  1.61316
 1.77973 -6.31867  1.61446
 1.78103 -6.30899  1.61577
 1.78233 -6.29933  1.61707
 1.78363  -6.2897  1.61837
 1.78493 -6.28008  1.61837
 1.78624 -6.27047  1.61967
 1.78754 -6.26088  1.62097
 1.78884 -6.25131  1.62227
 1.79014 -6.24176  1.62357
 1.79144 -6.23225  1.62487
 1.79274 -6.22275  1.62618
 1.79404 -6.21327  1.62618
 1.79535 -6.20379  1.62748
 1.79665 -6.19434  1.62878
 1.79795 -6.18491  1.63008
 1.79925  -6.1755  1.63138
 1.80055 -6.16611  1.63268
 1.80185 -6.15675  1.63398
 1.80315  -6.1474  1.63398
 1.80445 -6.13806  1.63529
 1.80576 -6.12874  1.63659
 1.80706 -6.11944  1.63789
 1.80836 -6.11017  1.63919
 1.80966 -6.10091  1.64049
 1.81096 -6.09168  1.64179
 1.81226 -6.08247  1.64309
 1.81356 -6.07326  1.64309
 1.81486 -6.06407  1.64439
 1.81617 -6.05491   1.6457
 1.81747 -6.04576    1.647
 1.81877 -6.03663   1.6483
 1.82007 -6.02753   1.6496
 1.82137 -6.01845   1.6509
 1.82267 -6.00937   1.6509
 1.82397 -6.00031   1.6522
 1.82528 -5.99127   1.6535
 1.82658 -5.98226   1.6548
 1.82788 -5.97326  1.65611
 1.82918 -5.96428  1.65741
 1.83048 -5.95533  1.65871
 1.83178 -5.94638  1.65871
 1.83308 -5.93745  1.66001
 1.83438 -5.92854  1.66131
 1.83569 -5.91964  1.66261
 1.83699 -5.91077  1.66391
 1.83829 -5.90192  1.66522
 1.83959 -5.89309  1.66652
 1.84089 -5.88427  1.66652
 1.84219 -5.87546  1.66782
 1.84349 -5.86667  1.66912
 1.84479  -5.8579  1.67042
  1.8461 -5.84915  1.67172
  1.8474 -5.84042  1.67302
  1.8487 -5.83171  1.67432
    1.85 -5.82302  1.67563