 kgrid  ValNew  Policy 
    0.55  -37.887 0.602052
0.551301 -37.7479 0.602052
0.552603 -37.6095 0.603353
0.553904 -37.4721 0.604655
0.555205 -37.3355 0.605956
0.556507 -37.1996 0.607257
0.557808 -37.0646 0.608559
0.559109 -36.9304  0.60986
 0.56041 -36.7969  0.60986
0.561712  -36.664 0.611161
0.563013 -36.5318 0.612462
0.564314 -36.4004 0.613764
0.565616 -36.2697 0.615065
0.566917 -36.1398 0.616366
0.568218 -36.0107 0.617668
 0.56952 -35.8823 0.618969
0.570821 -35.7545 0.618969
0.572122 -35.6272  0.62027
0.573423 -35.5007 0.621572
0.574725 -35.3749 0.622873
0.576026 -35.2497 0.624174
0.577327 -35.1253 0.625475
0.578629 -35.0016 0.626777
 0.57993 -34.8786 0.628078
0.581231 -34.7562 0.629379
0.582533 -34.6343 0.629379
0.583834  -34.513 0.630681
0.585135 -34.3923 0.631982
0.586436 -34.2724 0.633283
0.587738  -34.153 0.634585
0.589039 -34.0343 0.635886
 0.59034 -33.9163 0.637187
0.591642 -33.7989 0.638488
0.592943 -33.6821 0.638488
0.594244 -33.5656  0.63979
0.595546 -33.4497 0.641091
0.596847 -33.3345 0.642392
0.598148 -33.2199 0.643694
0.599449  -33.106 0.644995
0.600751 -32.9926 0.646296
0.602052 -32.8798 0.647598
0.603353 -32.7675 0.648899
0.604655 -32.6558 0.648899
0.605956 -32.5445   0.6502
0.607257 -32.4338 0.651502
0.608559 -32.3236 0.652803
 0.60986 -32.2141 0.654104
0.611161 -32.1052 0.655405
0.612462 -31.9967 0.656707
0.613764 -31.8887 0.658008
0.615065 -31.7814 0.659309
0.616366 -31.6744 0.659309
0.617668  -31.568 0.660611
0.618969 -31.4622 0.661912
 0.62027 -31.3568 0.663213
0.621572 -31.2519 0.664515
0.622873 -31.1475 0.665816
0.624174 -31.0437 0.667117
0.625475 -30.9405 0.668418
0.626777 -30.8377  0.66972
0.628078 -30.7353  0.66972
0.629379 -30.6333 0.671021
0.630681 -30.5319 0.672322
0.631982  -30.431 0.673624
0.633283 -30.3306 0.674925
0.634585 -30.2307 0.676226
0.635886 -30.1312 0.677528
0.637187 -30.0322 0.678829
0.638488 -29.9337  0.68013
 0.63979 -29.8356  0.68013
0.641091 -29.7379 0.681431
0.642392 -29.6407 0.682733
0.643694  -29.544 0.684034
0.644995 -29.4477 0.685335
0.646296 -29.3519 0.686637
0.647598 -29.2565 0.687938
0.648899 -29.1617 0.689239
  0.6502 -29.0673 0.690541
0.651502 -28.9731 0.690541
0.652803 -28.8795 0.691842
0.654104 -28.7862 0.693143
0.655405 -28.6934 0.694444
0.656707 -28.6011 0.695746
0.658008 -28.5092 0.697047
0.659309 -28.4177 0.698348
0.660611 -28.3267  0.69965
0.661912 -28.2361  0.69965
0.663213 -28.1457 0.700951
0.664515 -28.0558 0.702252
0.665816 -27.9664 0.703554
0.667117 -27.8773 0.704855
0.668418 -27.7887 0.706156
 0.66972 -27.7004 0.707457
0.671021 -27.6126 0.708759
0.672322 -27.5252  0.71006
0.673624 -27.4382  0.71006
0.674925 -27.3515 0.711361
0.676226 -27.2651 0.712663
0.677528 -27.1792 0.713964
0.678829 -27.0937 0.715265
 0.68013 -27.0086 0.716567
0.681431 -26.9238 0.717868
0.682733 -26.8395 0.719169
0.684034 -26.7555  0.72047
0.685335 -26.6719  0.72047
0.686637 -26.5886 0.721772
0.687938 -26.5056 0.723073
0.689239  -26.423 0.724374
0.690541 -26.3409 0.725676
0.691842  -26.259 0.726977
0.693143 -26.1776 0.728278
0.694444 -26.0965  0.72958
0.695746 -26.0158 0.730881
0.697047 -25.9354 0.730881
0.698348 -25.8553 0.732182
 0.69965 -25.7756 0.733483
0.700951 -25.6962 0.734785
0.702252 -25.6172 0.736086
0.703554 -25.5385 0.737387
0.704855 -25.4602 0.738689
0.706156 -25.3823  0.73999
0.707457 -25.3047 0.741291
0.708759 -25.2273 0.741291
 0.71006 -25.1503 0.742593
0.711361 -25.0736 0.743894
0.712663 -24.9972 0.745195
0.713964 -24.9212 0.746496
0.715265 -24.8455 0.747798
0.716567 -24.7702 0.749099
0.717868 -24.6952   0.7504
0.719169 -24.6205 0.751702
 0.72047 -24.5461 0.751702
0.721772 -24.4719 0.753003
0.723073 -24.3981 0.754304
0.724374 -24.3246 0.755606
0.725676 -24.2515 0.756907
0.726977 -24.1787 0.758208
0.728278 -24.1062  0.75951
 0.72958  -24.034 0.760811
0.730881  -23.962 0.760811
0.732182 -23.8904 0.762112
0.733483  -23.819 0.763413
0.734785 -23.7479 0.764715
0.736086 -23.6772 0.766016
0.737387 -23.6068 0.767317
0.738689 -23.5366 0.768619
 0.73999 -23.4668  0.76992
0.741291 -23.3973 0.771221
0.742593  -23.328 0.771221
0.743894 -23.2589 0.772523
0.745195 -23.1902 0.773824
0.746496 -23.1218 0.775125
0.747798 -23.0536 0.776426
0.749099 -22.9858 0.777728
  0.7504 -22.9182 0.779029
0.751702  -22.851  0.78033
0.753003 -22.7839  0.78033
0.754304 -22.7171 0.781632
0.755606 -22.6506 0.782933
0.756907 -22.5844 0.784234
0.758208 -22.5184 0.785536
 0.75951 -22.4528 0.786837
0.760811 -22.3874 0.788138
0.762112 -22.3223 0.789439
0.763413 -22.2574 0.790741
0.764715 -22.1928 0.790741
0.766016 -22.1284 0.792042
0.767317 -22.0643 0.793343
0.768619 -22.0004 0.794645
 0.76992 -21.9369 0.795946
0.771221 -21.8736 0.797247
0.772523 -21.8105 0.798549
0.773824 -21.7478  0.79985
0.775125 -21.6852  0.79985
0.776426 -21.6228 0.801151
0.777728 -21.5608 0.802452
0.779029 -21.4989 0.803754
 0.78033 -21.4374 0.805055
0.781632 -21.3761 0.806356
0.782933  -21.315 0.807658
0.784234 -21.2542 0.808959
0.785536 -21.1936  0.81026
0.786837 -21.1332  0.81026
0.788138 -21.0731 0.811562
0.789439 -21.0132 0.812863
0.790741 -20.9535 0.814164
0.792042 -20.8941 0.815465
0.793343  -20.835 0.816767
0.794645 -20.7761 0.818068
0.795946 -20.7174 0.819369
0.797247 -20.6589 0.819369
0.798549 -20.6007 0.820671
 0.79985 -20.5426 0.821972
0.801151 -20.4848 0.823273
0.802452 -20.4272 0.824575
0.803754 -20.3699 0.825876
0.805055 -20.3128 0.827177
0.806356 -20.2559 0.828478
0.807658 -20.1993 0.828478
0.808959 -20.1428  0.82978
 0.81026 -20.0866 0.831081
0.811562 -20.0305 0.832382
0.812863 -19.9747 0.833684
0.814164 -19.9191 0.834985
0.815465 -19.8638 0.836286
0.816767 -19.8086 0.837588
0.818068 -19.7537 0.837588
0.819369  -19.699 0.838889
0.820671 -19.6444  0.84019
0.821972 -19.5901 0.841491
0.823273  -19.536 0.842793
0.824575 -19.4821 0.844094
0.825876 -19.4284 0.845395
0.827177  -19.375 0.846697
0.828478 -19.3217 0.847998
 0.82978 -19.2686 0.847998
0.831081 -19.2157 0.849299
0.832382  -19.163 0.850601
0.833684 -19.1105 0.851902
0.834985 -19.0582 0.853203
0.836286 -19.0062 0.854505
0.837588 -18.9543 0.855806
0.838889 -18.9026 0.857107
 0.84019 -18.8511 0.857107
0.841491 -18.7998 0.858408
0.842793 -18.7487  0.85971
0.844094 -18.6978 0.861011
0.845395 -18.6471 0.862312
0.846697 -18.5965 0.863614
0.847998 -18.5462 0.864915
0.849299 -18.4961 0.866216
0.850601 -18.4461 0.866216
0.851902 -18.3963 0.867518
0.853203 -18.3467 0.868819
0.854505 -18.2973  0.87012
0.855806 -18.2481 0.871421
0.857107  -18.199 0.872723
0.858408 -18.1502 0.874024
 0.85971 -18.1015 0.875325
0.861011  -18.053 0.875325
0.862312 -18.0047 0.876627
0.863614 -17.9565 0.877928
0.864915 -17.9086 0.879229
0.866216 -17.8608 0.880531
0.867518 -17.8132 0.881832
0.868819 -17.7658 0.883133
 0.87012 -17.7185 0.884434
0.871421 -17.6715 0.884434
0.872723 -17.6245 0.885736
0.874024 -17.5777 0.887037
0.875325 -17.5312 0.888338
0.876627 -17.4848  0.88964
0.877928 -17.4385 0.890941
0.879229 -17.3925 0.892242
0.880531 -17.3466 0.893544
0.881832 -17.3009 0.893544
0.883133 -17.2553 0.894845
0.884434 -17.2099 0.896146
0.885736 -17.1647 0.897447
0.887037 -17.1196 0.898749
0.888338 -17.0747  0.90005
 0.88964   -17.03 0.901351
0.890941 -16.9854 0.902653
0.892242  -16.941 0.902653
0.893544 -16.8967 0.903954
0.894845 -16.8526 0.905255
0.896146 -16.8087 0.906557
0.897447 -16.7649 0.907858
0.898749 -16.7213 0.909159
 0.90005 -16.6778  0.91046
0.901351 -16.6345 0.911762
0.902653 -16.5914 0.911762
0.903954 -16.5483 0.913063
0.905255 -16.5055 0.914364
0.906557 -16.4628 0.915666
0.907858 -16.4202 0.916967
0.909159 -16.3778 0.918268
 0.91046 -16.3356  0.91957
0.911762 -16.2935 0.920871
0.913063 -16.2516 0.920871
0.914364 -16.2098 0.922172
0.915666 -16.1681 0.923473
0.916967 -16.1266 0.924775
0.918268 -16.0852 0.926076
 0.91957  -16.044 0.927377
0.920871  -16.003 0.928679
0.922172 -15.9621  0.92998
0.923473 -15.9213  0.92998
0.924775 -15.8806 0.931281
0.926076 -15.8401 0.932583
0.927377 -15.7998 0.933884
0.928679 -15.7596 0.935185
 0.92998 -15.7195 0.936486
0.931281 -15.6796 0.937788
0.932583 -15.6399 0.939089
0.933884 -15.6002 0.939089
0.935185 -15.5607  0.94039
0.936486 -15.5213 0.941692
0.937788  -15.482 0.942993
0.939089 -15.4429 0.944294
 0.94039  -15.404 0.945596
0.941692 -15.3652 0.946897
0.942993 -15.3265 0.948198
0.944294 -15.2879 0.948198
0.945596 -15.2495 0.949499
0.946897 -15.2112 0.950801
0.948198  -15.173 0.952102
0.949499  -15.135 0.953403
0.950801 -15.0971 0.954705
0.952102 -15.0593 0.956006
0.953403 -15.0217 0.956006
0.954705 -14.9842 0.957307
0.956006 -14.9468 0.958609
0.957307 -14.9095  0.95991
0.958609 -14.8724 0.961211
 0.95991 -14.8354 0.962513
0.961211 -14.7985 0.963814
0.962513 -14.7618 0.965115
0.963814 -14.7252 0.965115
0.965115 -14.6887 0.966416
0.966416 -14.6523 0.967718
0.967718  -14.616 0.969019
0.969019 -14.5799  0.97032
 0.97032 -14.5439 0.971622
0.971622  -14.508 0.972923
0.972923 -14.4723 0.974224
0.974224 -14.4366 0.974224
0.975526 -14.4011 0.975526
0.976827 -14.3657 0.976827
0.978128 -14.3304 0.978128
0.979429 -14.2952 0.979429
0.980731 -14.2602 0.980731
0.982032 -14.2253 0.982032
0.983333 -14.1905 0.983333
0.984635 -14.1558 0.983333
0.985936 -14.1212 0.984635
0.987237 -14.0867 0.985936
0.988539 -14.0523 0.987237
 0.98984 -14.0181 0.988539
0.991141  -13.984  0.98984
0.992442   -13.95 0.991141
0.993744 -13.9161 0.991141
0.995045 -13.8823 0.992442
0.996346 -13.8486 0.993744
0.997648 -13.8151 0.995045
0.998949 -13.7816 0.996346
 1.00025 -13.7483 0.997648
 1.00155 -13.7151 0.998949
 1.00285  -13.682  1.00025
 1.00415  -13.649  1.00025
 1.00546 -13.6161  1.00155
 1.00676 -13.5833  1.00285
 1.00806 -13.5506  1.00415
 1.00936  -13.518  1.00546
 1.01066 -13.4856  1.00676
 1.01196 -13.4532  1.00806
 1.01326  -13.421  1.00936
 1.01456 -13.3888  1.00936
 1.01587 -13.3568  1.01066
 1.01717 -13.3248  1.01196
 1.01847  -13.293  1.01326
 1.01977 -13.2613  1.01456
 1.02107 -13.2296  1.01587
 1.02237 -13.1981  1.01717
 1.02367 -13.1667  1.01717
 1.02497 -13.1354  1.01847
 1.02628 -13.1042  1.01977
 1.02758  -13.073  1.02107
 1.02888  -13.042  1.02237
 1.03018 -13.0111  1.02367
 1.03148 -12.9803  1.02497
 1.03278 -12.9496  1.02628
 1.03408  -12.919  1.02628
 1.03539 -12.8885  1.02758
 1.03669  -12.858  1.02888
 1.03799 -12.8277  1.03018
 1.03929 -12.7975  1.03148
 1.04059 -12.7674  1.03278
 1.04189 -12.7374  1.03408
 1.04319 -12.7075  1.03539
 1.04449 -12.6776  1.03539
  1.0458 -12.6478  1.03669
  1.0471 -12.6182  1.03799
  1.0484 -12.5886  1.03929
  1.0497 -12.5592  1.04059
   1.051 -12.5298  1.04189
  1.0523 -12.5006  1.04319
  1.0536 -12.4714  1.04319
  1.0549 -12.4423  1.04449
 1.05621 -12.4133   1.0458
 1.05751 -12.3844   1.0471
 1.05881 -12.3556   1.0484
 1.06011 -12.3269   1.0497
 1.06141 -12.2983    1.051
 1.06271 -12.2698   1.0523
 1.06401 -12.2413   1.0523
 1.06532 -12.2129   1.0536
 1.06662 -12.1847   1.0549
 1.06792 -12.1565  1.05621
 1.06922 -12.1284  1.05751
 1.07052 -12.1004  1.05881
 1.07182 -12.0725  1.06011
 1.07312 -12.0447  1.06011
 1.07442  -12.017  1.06141
 1.07573 -11.9893  1.06271
 1.07703 -11.9617  1.06401
 1.07833 -11.9343  1.06532
 1.07963 -11.9069  1.06662
 1.08093 -11.8796  1.06792
 1.08223 -11.8524  1.06922
 1.08353 -11.8253  1.06922
 1.08483 -11.7982  1.07052
 1.08614 -11.7712  1.07182
 1.08744 -11.7443  1.07312
 1.08874 -11.7175  1.07442
 1.09004 -11.6908  1.07573
 1.09134 -11.6642  1.07703
 1.09264 -11.6377  1.07703
 1.09394 -11.6112  1.07833
 1.09525 -11.5848  1.07963
 1.09655 -11.5585  1.08093
 1.09785 -11.5323  1.08223
 1.09915 -11.5061  1.08353
 1.10045 -11.4801  1.08483
 1.10175 -11.4541  1.08614
 1.10305 -11.4282  1.08614
 1.10435 -11.4024  1.08744
 1.10566 -11.3766  1.08874
 1.10696  -11.351  1.09004
 1.10826 -11.3254  1.09134
 1.10956 -11.2999  1.09264
 1.11086 -11.2745  1.09394
 1.11216 -11.2491  1.09394
 1.11346 -11.2238  1.09525
 1.11476 -11.1986  1.09655
 1.11607 -11.1735  1.09785
 1.11737 -11.1485  1.09915
 1.11867 -11.1235  1.10045
 1.11997 -11.0986  1.10175
 1.12127 -11.0738  1.10175
 1.12257 -11.0491  1.10305
 1.12387 -11.0244  1.10435
 1.12518 -10.9998  1.10566
 1.12648 -10.9753  1.10696
 1.12778 -10.9509  1.10826
 1.12908 -10.9265  1.10956
 1.13038 -10.9022  1.11086
 1.13168  -10.878  1.11086
 1.13298 -10.8539  1.11216
 1.13428 -10.8298  1.11346
 1.13559 -10.8058  1.11476
 1.13689 -10.7818  1.11607
 1.13819  -10.758  1.11737
 1.13949 -10.7342  1.11867
 1.14079 -10.7105  1.11867
 1.14209 -10.6869  1.11997
 1.14339 -10.6633  1.12127
 1.14469 -10.6398  1.12257
   1.146 -10.6163  1.12387
  1.1473  -10.593  1.12518
  1.1486 -10.5697  1.12648
  1.1499 -10.5465  1.12778
  1.1512 -10.5233  1.12778
  1.1525 -10.5002  1.12908
  1.1538 -10.4772  1.13038
 1.15511 -10.4543  1.13168
 1.15641 -10.4314  1.13298
 1.15771 -10.4086  1.13428
 1.15901 -10.3859  1.13559
 1.16031 -10.3632  1.13559
 1.16161 -10.3406  1.13689
 1.16291  -10.318  1.13819
 1.16421 -10.2955  1.13949
 1.16552 -10.2731  1.14079
 1.16682 -10.2508  1.14209
 1.16812 -10.2285  1.14339
 1.16942 -10.2063  1.14339
 1.17072 -10.1842  1.14469
 1.17202 -10.1621    1.146
 1.17332 -10.1401   1.1473
 1.17462 -10.1181   1.1486
 1.17593 -10.0962   1.1499
 1.17723 -10.0744   1.1512
 1.17853 -10.0527   1.1525
 1.17983  -10.031   1.1525
 1.18113 -10.0093   1.1538
 1.18243 -9.98774  1.15511
 1.18373 -9.96623  1.15641
 1.18504 -9.94479  1.15771
 1.18634 -9.92342  1.15901
 1.18764 -9.90211  1.16031
 1.18894 -9.88086  1.16031
 1.19024 -9.85965  1.16161
 1.19154  -9.8385  1.16291
 1.19284 -9.81743  1.16421
 1.19414 -9.79643  1.16552
 1.19545 -9.77548  1.16682
 1.19675  -9.7546  1.16812
 1.19805 -9.73378  1.16942
 1.19935   -9.713  1.16942
 1.20065 -9.69228  1.17072
 1.20195 -9.67163  1.17202
 1.20325 -9.65104  1.17332
 1.20455 -9.63051  1.17462
 1.20586 -9.61005  1.17593
 1.20716 -9.58965  1.17723
 1.20846 -9.56928  1.17723
 1.20976 -9.54898  1.17853
 1.21106 -9.52874  1.17983
 1.21236 -9.50856  1.18113
 1.21366 -9.48844  1.18243
 1.21496 -9.46838  1.18373
 1.21627 -9.44839  1.18504
 1.21757 -9.42844  1.18504
 1.21887 -9.40854  1.18634
 1.22017 -9.38869  1.18764
 1.22147 -9.36891  1.18894
 1.22277 -9.34919  1.19024
 1.22407 -9.32953  1.19154
 1.22538 -9.30993  1.19284
 1.22668 -9.29039  1.19284
 1.22798 -9.27087  1.19414
 1.22928 -9.25141  1.19545
 1.23058 -9.23202  1.19675
 1.23188 -9.21268  1.19805
 1.23318 -9.19342  1.19935
 1.23448  -9.1742  1.20065
 1.23579 -9.15504  1.20195
 1.23709 -9.13591  1.20195
 1.23839 -9.11684  1.20325
 1.23969 -9.09782  1.20455
 1.24099 -9.07887  1.20586
 1.24229 -9.05997  1.20716
 1.24359 -9.04113  1.20846
 1.24489 -9.02234  1.20976
  1.2462 -9.00359  1.20976
  1.2475 -8.98489  1.21106
  1.2488 -8.96625  1.21236
  1.2501 -8.94766  1.21366
  1.2514 -8.92913  1.21496
  1.2527 -8.91065  1.21627
   1.254 -8.89223  1.21757
 1.25531 -8.87385  1.21757
 1.25661 -8.85551  1.21887
 1.25791 -8.83723  1.22017
 1.25921   -8.819  1.22147
 1.26051 -8.80083  1.22277
 1.26181 -8.78271  1.22407
 1.26311 -8.76464  1.22538
 1.26441 -8.74662  1.22538
 1.26572 -8.72864  1.22668
 1.26702 -8.71071  1.22798
 1.26832 -8.69283  1.22928
 1.26962   -8.675  1.23058
 1.27092 -8.65723  1.23188
 1.27222 -8.63952  1.23318
 1.27352 -8.62185  1.23318
 1.27482 -8.60421  1.23448
 1.27613 -8.58662  1.23579
 1.27743 -8.56908  1.23709
 1.27873  -8.5516  1.23839
 1.28003 -8.53416  1.23969
 1.28133 -8.51678  1.24099
 1.28263 -8.49946  1.24229
 1.28393 -8.48215  1.24229
 1.28524  -8.4649  1.24359
 1.28654  -8.4477  1.24489
 1.28784 -8.43055   1.2462
 1.28914 -8.41344   1.2475
 1.29044 -8.39639   1.2488
 1.29174 -8.37939   1.2501
 1.29304 -8.36242   1.2501
 1.29434  -8.3455   1.2514
 1.29565 -8.32862   1.2527
 1.29695 -8.31179    1.254
 1.29825 -8.29501  1.25531
 1.29955 -8.27829  1.25661
 1.30085 -8.26161  1.25791
 1.30215 -8.24496  1.25791
 1.30345 -8.22835  1.25921
 1.30475 -8.21179  1.26051
 1.30606 -8.19529  1.26181
 1.30736 -8.17882  1.26311
 1.30866 -8.16241  1.26441
 1.30996 -8.14604  1.26572
 1.31126 -8.12971  1.26572
 1.31256 -8.11342  1.26702
 1.31386 -8.09717  1.26832
 1.31517 -8.08097  1.26962
 1.31647 -8.06481  1.27092
 1.31777 -8.04871  1.27222
 1.31907 -8.03265  1.27352
 1.32037 -8.01663  1.27352
 1.32167 -8.00063  1.27482
 1.32297 -7.98469  1.27613
 1.32427 -7.96878  1.27743
 1.32558 -7.95293  1.27873
 1.32688 -7.93713  1.28003
 1.32818 -7.92136  1.28133
 1.32948 -7.90564  1.28133
 1.33078 -7.88995  1.28263
 1.33208  -7.8743  1.28393
 1.33338 -7.85869  1.28524
 1.33468 -7.84313  1.28654
 1.33599 -7.82762  1.28784
 1.33729 -7.81215  1.28914
 1.33859 -7.79672  1.28914
 1.33989 -7.78132  1.29044
 1.34119 -7.76595  1.29174
 1.34249 -7.75064  1.29304
 1.34379 -7.73536  1.29434
  1.3451 -7.72013  1.29565
  1.3464 -7.70495  1.29695
  1.3477 -7.68981  1.29825
   1.349 -7.67468  1.29825
  1.3503 -7.65961  1.29955
  1.3516 -7.64457  1.30085
  1.3529 -7.62957  1.30215
  1.3542 -7.61462  1.30345
 1.35551 -7.59972  1.30475
 1.35681 -7.58485  1.30606
 1.35811 -7.57001  1.30606
 1.35941 -7.55521  1.30736
 1.36071 -7.54044  1.30866
 1.36201 -7.52572  1.30996
 1.36331 -7.51105  1.31126
 1.36461 -7.49641  1.31256
 1.36592 -7.48182  1.31386
 1.36722 -7.46725  1.31386
 1.36852 -7.45271  1.31517
 1.36982 -7.43822  1.31647
 1.37112 -7.42377  1.31777
 1.37242 -7.40935  1.31907
 1.37372 -7.39499  1.32037
 1.37503 -7.38066  1.32167
 1.37633 -7.36635  1.32167
 1.37763 -7.35208  1.32297
 1.37893 -7.33785  1.32427
 1.38023 -7.32366  1.32558
 1.38153  -7.3095  1.32688
 1.38283 -7.29539  1.32818
 1.38413 -7.28132  1.32948
 1.38544 -7.26728  1.32948
 1.38674 -7.25326  1.33078
 1.38804 -7.23929  1.33208
 1.38934 -7.22535  1.33338
 1.39064 -7.21145  1.33468
 1.39194 -7.19759  1.33599
 1.39324 -7.18378  1.33729
 1.39454 -7.16999  1.33729
 1.39585 -7.15622  1.33859
 1.39715  -7.1425  1.33989
 1.39845 -7.12881  1.34119
 1.39975 -7.11516  1.34249
 1.40105 -7.10155  1.34379
 1.40235 -7.08798   1.3451
 1.40365 -7.07443   1.3451
 1.40495 -7.06092   1.3464
 1.40626 -7.04743   1.3477
 1.40756 -7.03399    1.349
 1.40886 -7.02059   1.3503
 1.41016 -7.00722   1.3516
 1.41146 -6.99389   1.3529
 1.41276 -6.98058   1.3529
 1.41406 -6.96731   1.3542
 1.41537 -6.95406  1.35551
 1.41667 -6.94086  1.35681
 1.41797 -6.92769  1.35811
 1.41927 -6.91456  1.35941
 1.42057 -6.90147  1.36071
 1.42187  -6.8884  1.36071
 1.42317 -6.87535  1.36201
 1.42447 -6.86235  1.36331
 1.42578 -6.84937  1.36461
 1.42708 -6.83644  1.36592
 1.42838 -6.82354  1.36722
 1.42968 -6.81067  1.36852
 1.43098 -6.79784  1.36852
 1.43228 -6.78502  1.36982
 1.43358 -6.77224  1.37112
 1.43488  -6.7595  1.37242
 1.43619 -6.74679  1.37372
 1.43749 -6.73412  1.37503
 1.43879 -6.72148  1.37633
 1.44009 -6.70886  1.37633
 1.44139 -6.69628  1.37763
 1.44269 -6.68372  1.37893
 1.44399  -6.6712  1.38023
  1.4453 -6.65871  1.38153
  1.4466 -6.64626  1.38283
  1.4479 -6.63384  1.38413
  1.4492 -6.62145  1.38413
  1.4505 -6.60908  1.38544
  1.4518 -6.59674  1.38674
  1.4531 -6.58443  1.38804
  1.4544 -6.57217  1.38934
 1.45571 -6.55993  1.39064
 1.45701 -6.54773  1.39194
 1.45831 -6.53555  1.39194
 1.45961 -6.52339  1.39324
 1.46091 -6.51127  1.39454
 1.46221 -6.49918  1.39585
 1.46351 -6.48712  1.39715
 1.46481  -6.4751  1.39845
 1.46612 -6.46311  1.39975
 1.46742 -6.45114  1.39975
 1.46872 -6.43919  1.40105
 1.47002 -6.42728  1.40235
 1.47132  -6.4154  1.40365
 1.47262 -6.40355  1.40495
 1.47392 -6.39173  1.40626
 1.47523 -6.37994  1.40756
 1.47653 -6.36818  1.40756
 1.47783 -6.35644  1.40886
 1.47913 -6.34473  1.41016
 1.48043 -6.33305  1.41146
 1.48173  -6.3214  1.41276
 1.48303 -6.30979  1.41406
 1.48433 -6.29821  1.41537
 1.48564 -6.28664  1.41537
 1.48694 -6.27511  1.41667
 1.48824  -6.2636  1.41797
 1.48954 -6.25211  1.41927
 1.49084 -6.24067  1.42057
 1.49214 -6.22925  1.42187
 1.49344 -6.21787  1.42317
 1.49474  -6.2065  1.42317
 1.49605 -6.19516  1.42447
 1.49735 -6.18384  1.42578
 1.49865 -6.17256  1.42708
 1.49995  -6.1613  1.42838
 1.50125 -6.15009  1.42968
 1.50255  -6.1389  1.43098
 1.50385 -6.12772  1.43098
 1.50516 -6.11657  1.43228
 1.50646 -6.10544  1.43358
 1.50776 -6.09435  1.43488
 1.50906 -6.08329  1.43619
 1.51036 -6.07226  1.43749
 1.51166 -6.06126  1.43879
 1.51296 -6.05027  1.43879
 1.51426  -6.0393  1.44009
 1.51557 -6.02836  1.44139
 1.51687 -6.01746  1.44269
 1.51817 -6.00659  1.44399
 1.51947 -5.99574   1.4453
 1.52077 -5.98492   1.4466
 1.52207 -5.97412   1.4466
 1.52337 -5.96333   1.4479
 1.52467 -5.95258   1.4492
 1.52598 -5.94187   1.4505
 1.52728 -5.93118   1.4518
 1.52858 -5.92051   1.4531
 1.52988 -5.90987   1.4544
 1.53118 -5.89924   1.4544
 1.53248 -5.88864  1.45571
 1.53378 -5.87807  1.45701
 1.53509 -5.86754  1.45831
 1.53639 -5.85702  1.45961
 1.53769 -5.84653  1.46091
 1.53899 -5.83607  1.46221
 1.54029 -5.82562  1.46221
 1.54159  -5.8152  1.46351
 1.54289 -5.80481  1.46481
 1.54419 -5.79444  1.46612
  1.5455  -5.7841  1.46742
  1.5468 -5.77378  1.46872
  1.5481 -5.76349  1.46872
  1.5494 -5.75322  1.47002
  1.5507 -5.74297  1.47132
   1.552 -5.73275  1.47262
  1.5533 -5.72255  1.47392
  1.5546 -5.71238  1.47523
 1.55591 -5.70224  1.47653
 1.55721 -5.69212  1.47653
 1.55851 -5.68202  1.47783
 1.55981 -5.67194  1.47913
 1.56111 -5.66189  1.48043
 1.56241 -5.65185  1.48173
 1.56371 -5.64185  1.48303
 1.56502 -5.63188  1.48433
 1.56632 -5.62192  1.48433
 1.56762 -5.61199  1.48564
 1.56892 -5.60207  1.48694
 1.57022 -5.59218  1.48824
 1.57152 -5.58232  1.48954
 1.57282 -5.57248  1.49084
 1.57412 -5.56267  1.49214
 1.57543 -5.55288  1.49214
 1.57673  -5.5431  1.49344
 1.57803 -5.53335  1.49474
 1.57933 -5.52362  1.49605
 1.58063 -5.51392  1.49735
 1.58193 -5.50425  1.49865
 1.58323 -5.49459  1.49995
 1.58453 -5.48496  1.49995
 1.58584 -5.47534  1.50125
 1.58714 -5.46575  1.50255
 1.58844 -5.45618  1.50385
 1.58974 -5.44664  1.50516
 1.59104 -5.43712  1.50646
 1.59234 -5.42762  1.50776
 1.59364 -5.41814  1.50776
 1.59494 -5.40868  1.50906
 1.59625 -5.39924  1.51036
 1.59755 -5.38983  1.51166
 1.59885 -5.38044  1.51296
 1.60015 -5.37108  1.51426
 1.60145 -5.36174  1.51557
 1.60275 -5.35241  1.51557
 1.60405  -5.3431  1.51687
 1.60536 -5.33382  1.51817
 1.60666 -5.32455  1.51947
 1.60796 -5.31532  1.52077
 1.60926  -5.3061  1.52207
 1.61056 -5.29691  1.52337
 1.61186 -5.28773  1.52337
 1.61316 -5.27857  1.52467
 1.61446 -5.26944  1.52598
 1.61577 -5.26033  1.52728
 1.61707 -5.25124  1.52858
 1.61837 -5.24217  1.52988
 1.61967 -5.23313  1.52988
 1.62097 -5.22409  1.53118
 1.62227 -5.21508  1.53248
 1.62357 -5.20609  1.53378
 1.62487 -5.19713  1.53509
 1.62618 -5.18819  1.53639
 1.62748 -5.17927  1.53769
 1.62878 -5.17036  1.53769
 1.63008 -5.16147  1.53899
 1.63138 -5.15261  1.54029
 1.63268 -5.14376  1.54159
 1.63398 -5.13494  1.54289
 1.63529 -5.12614  1.54419
 1.63659 -5.11736   1.5455
 1.63789  -5.1086   1.5455
 1.63919 -5.09985   1.5468
 1.64049 -5.09112   1.5481
 1.64179 -5.08242   1.5494
 1.64309 -5.07374   1.5507
 1.64439 -5.06508    1.552
  1.6457 -5.05644   1.5533
   1.647 -5.04781   1.5533
  1.6483  -5.0392   1.5546
  1.6496 -5.03061  1.55591
  1.6509 -5.02205  1.55721
  1.6522  -5.0135  1.55851
  1.6535 -5.00498  1.55981
  1.6548 -4.99648  1.56111
 1.65611 -4.98798  1.56111
 1.65741 -4.97951  1.56241
 1.65871 -4.97106  1.56371
 1.66001 -4.96263  1.56502
 1.66131 -4.95421  1.56632
 1.66261 -4.94583  1.56762
 1.66391 -4.93746  1.56892
 1.66522  -4.9291  1.56892
 1.66652 -4.92076  1.57022
 1.66782 -4.91244  1.57152
 1.66912 -4.90414  1.57282
 1.67042 -4.89586  1.57412
 1.67172  -4.8876  1.57543
 1.67302 -4.87936  1.57543
 1.67432 -4.87113  1.57673
 1.67563 -4.86292  1.57803
 1.67693 -4.85473  1.57933
 1.67823 -4.84656  1.58063
 1.67953 -4.83841  1.58193
 1.68083 -4.83029  1.58323
 1.68213 -4.82217  1.58323
 1.68343 -4.81407  1.58453
 1.68473 -4.80599  1.58584
 1.68604 -4.79793  1.58714
 1.68734 -4.78989  1.58844
 1.68864 -4.78186  1.58974
 1.68994 -4.77386  1.59104
 1.69124 -4.76587  1.59104
 1.69254  -4.7579  1.59234
 1.69384 -4.74994  1.59364
 1.69515   -4.742  1.59494
 1.69645 -4.73409  1.59625
 1.69775 -4.72619  1.59755
 1.69905 -4.71831  1.59885
 1.70035 -4.71044  1.59885
 1.70165 -4.70259  1.60015
 1.70295 -4.69476  1.60145
 1.70425 -4.68694  1.60275
 1.70556 -4.67915  1.60405
 1.70686 -4.67137  1.60536
 1.70816 -4.66362  1.60666
 1.70946 -4.65587  1.60666
 1.71076 -4.64813  1.60796
 1.71206 -4.64042  1.60926
 1.71336 -4.63273  1.61056
 1.71466 -4.62506  1.61186
 1.71597  -4.6174  1.61316
 1.71727 -4.60976  1.61316
 1.71857 -4.60213  1.61446
 1.71987 -4.59452  1.61577
 1.72117 -4.58692  1.61707
 1.72247 -4.57935  1.61837
 1.72377 -4.57179  1.61967
 1.72508 -4.56425  1.62097
 1.72638 -4.55673  1.62097
 1.72768 -4.54921  1.62227
 1.72898 -4.54172  1.62357
 1.73028 -4.53424  1.62487
 1.73158 -4.52678  1.62618
 1.73288 -4.51934  1.62748
 1.73418 -4.51191  1.62878
 1.73549  -4.5045  1.62878
 1.73679  -4.4971  1.63008
 1.73809 -4.48972  1.63138
 1.73939 -4.48236  1.63268
 1.74069 -4.47501  1.63398
 1.74199 -4.46768  1.63529
 1.74329 -4.46037  1.63659
 1.74459 -4.45307  1.63659
  1.7459 -4.44578  1.63789
  1.7472 -4.43851  1.63919
  1.7485 -4.43126  1.64049
  1.7498 -4.42403  1.64179
  1.7511 -4.41681  1.64309
  1.7524 -4.40961  1.64309
  1.7537 -4.40241  1.64439
 1.75501 -4.39524   1.6457
 1.75631 -4.38808    1.647
 1.75761 -4.38093   1.6483
 1.75891 -4.37381   1.6496
 1.76021  -4.3667   1.6509
 1.76151  -4.3596   1.6509
 1.76281 -4.35252   1.6522
 1.76411 -4.34545   1.6535
 1.76542  -4.3384   1.6548
 1.76672 -4.33136  1.65611
 1.76802 -4.32435  1.65741
 1.76932 -4.31735  1.65871
 1.77062 -4.31035  1.65871
 1.77192 -4.30337  1.66001
 1.77322 -4.29641  1.66131
 1.77452 -4.28947  1.66261
 1.77583 -4.28254  1.66391
 1.77713 -4.27562  1.66522
 1.77843 -4.26873  1.66522
 1.77973 -4.26184  1.66652
 1.78103 -4.25496  1.66782
 1.78233 -4.24811  1.66912
 1.78363 -4.24126  1.67042
 1.78493 -4.23444  1.67172
 1.78624 -4.22763  1.67302
 1.78754 -4.22083  1.67302
 1.78884 -4.21404  1.67432
 1.79014 -4.20727  1.67563
 1.79144 -4.20052  1.67693
 1.79274 -4.19378  1.67823
 1.79404 -4.18705  1.67953
 1.79535 -4.18034  1.68083
 1.79665 -4.17365  1.68083
 1.79795 -4.16696  1.68213
 1.79925 -4.16029  1.68343
 1.80055 -4.15363  1.68473
 1.80185 -4.14699  1.68604
 1.80315 -4.14037  1.68734
 1.80445 -4.13376  1.68864
 1.80576 -4.12716  1.68864
 1.80706 -4.12057  1.68994
 1.80836   -4.114  1.69124
 1.80966 -4.10744  1.69254
 1.81096  -4.1009  1.69384
 1.81226 -4.09437  1.69515
 1.81356 -4.08786  1.69515
 1.81486 -4.08136  1.69645
 1.81617 -4.07486  1.69775
 1.81747 -4.06839  1.69905
 1.81877 -4.06193  1.70035
 1.82007 -4.05548  1.70165
 1.82137 -4.04905  1.70295
 1.82267 -4.04263  1.70295
 1.82397 -4.03622  1.70425
 1.82528 -4.02983  1.70556
 1.82658 -4.02345  1.70686
 1.82788 -4.01708  1.70816
 1.82918 -4.01073  1.70946
 1.83048  -4.0044  1.71076
 1.83178 -3.99807  1.71076
 1.83308 -3.99175  1.71206
 1.83438 -3.98545  1.71336
 1.83569 -3.97916  1.71466
 1.83699 -3.97289  1.71597
 1.83829 -3.96663  1.71727
 1.83959 -3.96039  1.71727
 1.84089 -3.95415  1.71857
 1.84219 -3.94793  1.71987
 1.84349 -3.94172  1.72117
 1.84479 -3.93552  1.72247
  1.8461 -3.92934  1.72377
  1.8474 -3.92317  1.72508
  1.8487 -3.91702  1.72508
    1.85 -3.91087  1.72638