 kgrid  ValNew  Policy 
    0.55  -48.188 0.564314
0.551301 -48.0138 0.564314
0.552603 -47.8405 0.565616
0.553904 -47.6688 0.566917
0.555205 -47.4985 0.568218
0.556507 -47.3294 0.568218
0.557808 -47.1611  0.56952
0.559109 -46.9943 0.570821
 0.56041 -46.8288 0.572122
0.561712 -46.6646 0.572122
0.563013 -46.5011 0.573423
0.564314 -46.3389 0.574725
0.565616  -46.178 0.576026
0.566917 -46.0184 0.577327
0.568218 -45.8595 0.577327
 0.56952 -45.7017 0.578629
0.570821 -45.5452  0.57993
0.572122 -45.3899 0.581231
0.573423 -45.2355 0.582533
0.574725 -45.0816 0.582533
0.576026 -44.9287 0.583834
0.577327 -44.7768 0.585135
0.578629 -44.6257 0.586436
 0.57993 -44.4756 0.587738
0.581231 -44.3264 0.589039
0.582533 -44.1779 0.589039
0.583834   -44.03  0.59034
0.585135 -43.8831 0.591642
0.586436 -43.7372 0.592943
0.587738 -43.5918 0.594244
0.589039 -43.4474 0.595546
 0.59034 -43.3039 0.596847
0.591642 -43.1609 0.596847
0.592943 -43.0186 0.598148
0.594244 -42.8772 0.599449
0.595546 -42.7366 0.600751
0.596847 -42.5968 0.602052
0.598148 -42.4578 0.603353
0.599449 -42.3196 0.603353
0.600751 -42.1817 0.604655
0.602052 -42.0446 0.605956
0.603353 -41.9083 0.607257
0.604655 -41.7728 0.608559
0.605956  -41.638  0.60986
0.607257 -41.5039 0.611161
0.608559 -41.3706 0.612462
 0.60986 -41.2377 0.612462
0.611161 -41.1054 0.613764
0.612462 -40.9739 0.615065
0.613764  -40.843 0.616366
0.615065 -40.7128 0.617668
0.616366 -40.5834 0.618969
0.617668 -40.4546  0.62027
0.618969 -40.3264 0.621572
 0.62027 -40.1986 0.621572
0.621572 -40.0715 0.622873
0.622873  -39.945 0.624174
0.624174 -39.8192 0.625475
0.625475 -39.6941 0.626777
0.626777 -39.5696 0.628078
0.628078 -39.4457 0.629379
0.629379 -39.3224 0.629379
0.630681 -39.1994 0.630681
0.631982 -39.0771 0.631982
0.633283 -38.9553 0.633283
0.634585 -38.8342 0.634585
0.635886 -38.7138 0.635886
0.637187 -38.5938 0.637187
0.638488 -38.4744 0.638488
 0.63979 -38.3556  0.63979
0.641091 -38.2372  0.63979
0.642392 -38.1194 0.641091
0.643694 -38.0021 0.642392
0.644995 -37.8854 0.643694
0.646296 -37.7692 0.644995
0.647598 -37.6536 0.646296
0.648899 -37.5385 0.647598
  0.6502  -37.424 0.648899
0.651502 -37.3099 0.648899
0.652803 -37.1963   0.6502
0.654104 -37.0832 0.651502
0.655405 -36.9706 0.652803
0.656707 -36.8586 0.654104
0.658008  -36.747 0.655405
0.659309 -36.6361 0.656707
0.660611 -36.5256 0.658008
0.661912 -36.4156 0.658008
0.663213  -36.306 0.659309
0.664515 -36.1968 0.660611
0.665816 -36.0882 0.661912
0.667117   -35.98 0.663213
0.668418 -35.8724 0.664515
 0.66972 -35.7652 0.665816
0.671021 -35.6586 0.667117
0.672322 -35.5524 0.668418
0.673624 -35.4466 0.668418
0.674925 -35.3412  0.66972
0.676226 -35.2363 0.671021
0.677528 -35.1319 0.672322
0.678829 -35.0279 0.673624
 0.68013 -34.9244 0.674925
0.681431 -34.8214 0.676226
0.682733 -34.7188 0.677528
0.684034 -34.6167 0.678829
0.685335 -34.5149 0.678829
0.686637 -34.4135  0.68013
0.687938 -34.3126 0.681431
0.689239 -34.2121 0.682733
0.690541 -34.1121 0.684034
0.691842 -34.0125 0.685335
0.693143 -33.9133 0.686637
0.694444 -33.8147 0.687938
0.695746 -33.7164 0.687938
0.697047 -33.6183 0.689239
0.698348 -33.5207 0.690541
 0.69965 -33.4236 0.691842
0.700951 -33.3269 0.693143
0.702252 -33.2306 0.694444
0.703554 -33.1347 0.695746
0.704855 -33.0392 0.697047
0.706156 -32.9442 0.698348
0.707457 -32.8495 0.698348
0.708759  -32.755  0.69965
 0.71006 -32.6611 0.700951
0.711361 -32.5675 0.702252
0.712663 -32.4744 0.703554
0.713964 -32.3816 0.704855
0.715265 -32.2892 0.706156
0.716567 -32.1972 0.707457
0.717868 -32.1057 0.708759
0.719169 -32.0144 0.708759
 0.72047 -31.9234  0.71006
0.721772 -31.8329 0.711361
0.723073 -31.7427 0.712663
0.724374 -31.6529 0.713964
0.725676 -31.5635 0.715265
0.726977 -31.4744 0.716567
0.728278 -31.3858 0.717868
 0.72958 -31.2975 0.717868
0.730881 -31.2095 0.719169
0.732182 -31.1218  0.72047
0.733483 -31.0345 0.721772
0.734785 -30.9475 0.723073
0.736086 -30.8609 0.724374
0.737387 -30.7747 0.725676
0.738689 -30.6888 0.726977
 0.73999 -30.6034 0.728278
0.741291 -30.5182 0.728278
0.742593 -30.4332  0.72958
0.743894 -30.3487 0.730881
0.745195 -30.2644 0.732182
0.746496 -30.1806 0.733483
0.747798  -30.097 0.734785
0.749099 -30.0138 0.736086
  0.7504  -29.931 0.737387
0.751702 -29.8485 0.738689
0.753003 -29.7662 0.738689
0.754304 -29.6843  0.73999
0.755606 -29.6027 0.741291
0.756907 -29.5214 0.742593
0.758208 -29.4405 0.743894
 0.75951 -29.3598 0.745195
0.760811 -29.2795 0.746496
0.762112 -29.1996 0.747798
0.763413 -29.1199 0.747798
0.764715 -29.0405 0.749099
0.766016 -28.9614   0.7504
0.767317 -28.8826 0.751702
0.768619 -28.8042 0.753003
 0.76992  -28.726 0.754304
0.771221 -28.6481 0.755606
0.772523 -28.5705 0.756907
0.773824 -28.4933 0.758208
0.775125 -28.4164 0.758208
0.776426 -28.3397  0.75951
0.777728 -28.2633 0.760811
0.779029 -28.1872 0.762112
 0.78033 -28.1114 0.763413
0.781632 -28.0359 0.764715
0.782933 -27.9606 0.766016
0.784234 -27.8858 0.767317
0.785536 -27.8112 0.767317
0.786837 -27.7368 0.768619
0.788138 -27.6627  0.76992
0.789439 -27.5888 0.771221
0.790741 -27.5153 0.772523
0.792042  -27.442 0.773824
0.793343 -27.3691 0.775125
0.794645 -27.2964 0.776426
0.795946  -27.224 0.777728
0.797247 -27.1519 0.777728
0.798549   -27.08 0.779029
 0.79985 -27.0083  0.78033
0.801151 -26.9369 0.781632
0.802452 -26.8659 0.782933
0.803754 -26.7951 0.784234
0.805055 -26.7245 0.785536
0.806356 -26.6543 0.786837
0.807658 -26.5843 0.788138
0.808959 -26.5145 0.788138
 0.81026  -26.445 0.789439
0.811562 -26.3757 0.790741
0.812863 -26.3067 0.792042
0.814164 -26.2379 0.793343
0.815465 -26.1695 0.794645
0.816767 -26.1013 0.795946
0.818068 -26.0333 0.797247
0.819369 -25.9656 0.797247
0.820671 -25.8981 0.798549
0.821972 -25.8308  0.79985
0.823273 -25.7638 0.801151
0.824575 -25.6971 0.802452
0.825876 -25.6306 0.803754
0.827177 -25.5643 0.805055
0.828478 -25.4983 0.806356
 0.82978 -25.4326 0.807658
0.831081 -25.3671 0.807658
0.832382 -25.3017 0.808959
0.833684 -25.2366  0.81026
0.834985 -25.1718 0.811562
0.836286 -25.1072 0.812863
0.837588 -25.0428 0.814164
0.838889 -24.9787 0.815465
 0.84019 -24.9149 0.816767
0.841491 -24.8512 0.816767
0.842793 -24.7878 0.818068
0.844094 -24.7245 0.819369
0.845395 -24.6615 0.820671
0.846697 -24.5988 0.821972
0.847998 -24.5362 0.823273
0.849299 -24.4739 0.824575
0.850601 -24.4119 0.825876
0.851902 -24.3501 0.827177
0.853203 -24.2884 0.827177
0.854505 -24.2269 0.828478
0.855806 -24.1657  0.82978
0.857107 -24.1047 0.831081
0.858408 -24.0439 0.832382
 0.85971 -23.9834 0.833684
0.861011 -23.9231 0.834985
0.862312  -23.863 0.836286
0.863614 -23.8031 0.836286
0.864915 -23.7433 0.837588
0.866216 -23.6838 0.838889
0.867518 -23.6245  0.84019
0.868819 -23.5654 0.841491
 0.87012 -23.5065 0.842793
0.871421 -23.4479 0.844094
0.872723 -23.3895 0.845395
0.874024 -23.3313 0.846697
0.875325 -23.2732 0.846697
0.876627 -23.2153 0.847998
0.877928 -23.1576 0.849299
0.879229 -23.1001 0.850601
0.880531 -23.0429 0.851902
0.881832 -22.9859 0.853203
0.883133  -22.929 0.854505
0.884434 -22.8724 0.855806
0.885736  -22.816 0.855806
0.887037 -22.7597 0.857107
0.888338 -22.7036 0.858408
 0.88964 -22.6477  0.85971
0.890941  -22.592 0.861011
0.892242 -22.5365 0.862312
0.893544 -22.4812 0.863614
0.894845 -22.4262 0.864915
0.896146 -22.3713 0.864915
0.897447 -22.3165 0.866216
0.898749 -22.2619 0.867518
 0.90005 -22.2075 0.868819
0.901351 -22.1534  0.87012
0.902653 -22.0994 0.871421
0.903954 -22.0456 0.872723
0.905255  -21.992 0.874024
0.906557 -21.9386 0.875325
0.907858 -21.8853 0.875325
0.909159 -21.8322 0.876627
 0.91046 -21.7793 0.877928
0.911762 -21.7265 0.879229
0.913063  -21.674 0.880531
0.914364 -21.6217 0.881832
0.915666 -21.5695 0.883133
0.916967 -21.5175 0.884434
0.918268 -21.4657 0.884434
 0.91957  -21.414 0.885736
0.920871 -21.3625 0.887037
0.922172 -21.3112 0.888338
0.923473   -21.26  0.88964
0.924775 -21.2091 0.890941
0.926076 -21.1583 0.892242
0.927377 -21.1077 0.893544
0.928679 -21.0573 0.893544
 0.92998 -21.0069 0.894845
0.931281 -20.9568 0.896146
0.932583 -20.9068 0.897447
0.933884  -20.857 0.898749
0.935185 -20.8074  0.90005
0.936486  -20.758 0.901351
0.937788 -20.7087 0.902653
0.939089 -20.6596 0.903954
 0.94039 -20.6106 0.903954
0.941692 -20.5617 0.905255
0.942993 -20.5131 0.906557
0.944294 -20.4646 0.907858
0.945596 -20.4163 0.909159
0.946897 -20.3681  0.91046
0.948198 -20.3201 0.911762
0.949499 -20.2723 0.913063
0.950801 -20.2246 0.913063
0.952102  -20.177 0.914364
0.953403 -20.1296 0.915666
0.954705 -20.0824 0.916967
0.956006 -20.0353 0.918268
0.957307 -19.9884  0.91957
0.958609 -19.9416 0.920871
 0.95991 -19.8951 0.922172
0.961211 -19.8486 0.922172
0.962513 -19.8023 0.923473
0.963814 -19.7561 0.924775
0.965115   -19.71 0.926076
0.966416 -19.6642 0.927377
0.967718 -19.6185 0.928679
0.969019 -19.5729  0.92998
 0.97032 -19.5275 0.931281
0.971622 -19.4823 0.931281
0.972923 -19.4371 0.932583
0.974224 -19.3921 0.933884
0.975526 -19.3473 0.935185
0.976827 -19.3026 0.936486
0.978128  -19.258 0.937788
0.979429 -19.2136 0.939089
0.980731 -19.1694  0.94039
0.982032 -19.1253  0.94039
0.983333 -19.0813 0.941692
0.984635 -19.0374 0.942993
0.985936 -18.9937 0.944294
0.987237 -18.9501 0.945596
0.988539 -18.9067 0.946897
 0.98984 -18.8634 0.948198
0.991141 -18.8203 0.949499
0.992442 -18.7773 0.949499
0.993744 -18.7344 0.950801
0.995045 -18.6917 0.952102
0.996346 -18.6491 0.953403
0.997648 -18.6066 0.954705
0.998949 -18.5643 0.956006
 1.00025 -18.5221 0.957307
 1.00155   -18.48 0.958609
 1.00285 -18.4381  0.95991
 1.00415 -18.3963  0.95991
 1.00546 -18.3546 0.961211
 1.00676  -18.313 0.962513
 1.00806 -18.2716 0.963814
 1.00936 -18.2304 0.965115
 1.01066 -18.1892 0.966416
 1.01196 -18.1482 0.967718
 1.01326 -18.1073 0.969019
 1.01456 -18.0665 0.969019
 1.01587 -18.0259  0.97032
 1.01717 -17.9854 0.971622
 1.01847  -17.945 0.972923
 1.01977 -17.9048 0.974224
 1.02107 -17.8646 0.975526
 1.02237 -17.8246 0.976827
 1.02367 -17.7847 0.978128
 1.02497  -17.745 0.978128
 1.02628 -17.7053 0.979429
 1.02758 -17.6658 0.980731
 1.02888 -17.6264 0.982032
 1.03018 -17.5871 0.983333
 1.03148  -17.548 0.984635
 1.03278  -17.509 0.985936
 1.03408 -17.4701 0.987237
 1.03539 -17.4313 0.987237
 1.03669 -17.3926 0.988539
 1.03799  -17.354  0.98984
 1.03929 -17.3156 0.991141
 1.04059 -17.2773 0.992442
 1.04189 -17.2391 0.993744
 1.04319  -17.201 0.995045
 1.04449  -17.163 0.996346
  1.0458 -17.1252 0.996346
  1.0471 -17.0874 0.997648
  1.0484 -17.0498 0.998949
  1.0497 -17.0123  1.00025
   1.051 -16.9749  1.00155
  1.0523 -16.9376  1.00285
  1.0536 -16.9005  1.00415
  1.0549 -16.8635  1.00546
 1.05621 -16.8265  1.00546
 1.05751 -16.7897  1.00676
 1.05881 -16.7529  1.00806
 1.06011 -16.7163  1.00936
 1.06141 -16.6798  1.01066
 1.06271 -16.6435  1.01196
 1.06401 -16.6072  1.01326
 1.06532 -16.5711  1.01456
 1.06662  -16.535  1.01456
 1.06792  -16.499  1.01587
 1.06922 -16.4632  1.01717
 1.07052 -16.4274  1.01847
 1.07182 -16.3918  1.01977
 1.07312 -16.3563  1.02107
 1.07442 -16.3209  1.02237
 1.07573 -16.2856  1.02367
 1.07703 -16.2504  1.02367
 1.07833 -16.2153  1.02497
 1.07963 -16.1803  1.02628
 1.08093 -16.1454  1.02758
 1.08223 -16.1106  1.02888
 1.08353 -16.0759  1.03018
 1.08483 -16.0414  1.03148
 1.08614 -16.0069  1.03278
 1.08744 -15.9726  1.03278
 1.08874 -15.9383  1.03408
 1.09004 -15.9041  1.03539
 1.09134   -15.87  1.03669
 1.09264  -15.836  1.03799
 1.09394 -15.8022  1.03929
 1.09525 -15.7684  1.04059
 1.09655 -15.7348  1.04189
 1.09785 -15.7012  1.04189
 1.09915 -15.6677  1.04319
 1.10045 -15.6343  1.04449
 1.10175  -15.601   1.0458
 1.10305 -15.5679   1.0471
 1.10435 -15.5348   1.0484
 1.10566 -15.5018   1.0497
 1.10696  -15.469    1.051
 1.10826 -15.4362    1.051
 1.10956 -15.4035   1.0523
 1.11086 -15.3708   1.0536
 1.11216 -15.3383   1.0549
 1.11346 -15.3059  1.05621
 1.11476 -15.2736  1.05751
 1.11607 -15.2414  1.05881
 1.11737 -15.2093  1.06011
 1.11867 -15.1773  1.06011
 1.11997 -15.1453  1.06141
 1.12127 -15.1134  1.06271
 1.12257 -15.0817  1.06401
 1.12387   -15.05  1.06532
 1.12518 -15.0185  1.06662
 1.12648  -14.987  1.06792
 1.12778 -14.9556  1.06922
 1.12908 -14.9243  1.06922
 1.13038 -14.8931  1.07052
 1.13168 -14.8619  1.07182
 1.13298 -14.8309  1.07312
 1.13428    -14.8  1.07442
 1.13559 -14.7691  1.07573
 1.13689 -14.7384  1.07703
 1.13819 -14.7077  1.07833
 1.13949 -14.6771  1.07833
 1.14079 -14.6466  1.07963
 1.14209 -14.6162  1.08093
 1.14339 -14.5858  1.08223
 1.14469 -14.5556  1.08353
   1.146 -14.5254  1.08483
  1.1473 -14.4954  1.08614
  1.1486 -14.4654  1.08744
  1.1499 -14.4355  1.08744
  1.1512 -14.4057  1.08874
  1.1525  -14.376  1.09004
  1.1538 -14.3463  1.09134
 1.15511 -14.3167  1.09264
 1.15641 -14.2873  1.09394
 1.15771 -14.2579  1.09525
 1.15901 -14.2286  1.09655
 1.16031 -14.1994  1.09655
 1.16161 -14.1702  1.09785
 1.16291 -14.1411  1.09915
 1.16421 -14.1121  1.10045
 1.16552 -14.0833  1.10175
 1.16682 -14.0544  1.10305
 1.16812 -14.0257  1.10435
 1.16942 -13.9971  1.10566
 1.17072 -13.9685  1.10566
 1.17202   -13.94  1.10696
 1.17332 -13.9116  1.10826
 1.17462 -13.8832  1.10956
 1.17593  -13.855  1.11086
 1.17723 -13.8268  1.11216
 1.17853 -13.7987  1.11346
 1.17983 -13.7707  1.11346
 1.18113 -13.7427  1.11476
 1.18243 -13.7149  1.11607
 1.18373 -13.6871  1.11737
 1.18504 -13.6593  1.11867
 1.18634 -13.6317  1.11997
 1.18764 -13.6042  1.12127
 1.18894 -13.5767  1.12257
 1.19024 -13.5493  1.12257
 1.19154  -13.522  1.12387
 1.19284 -13.4947  1.12518
 1.19414 -13.4675  1.12648
 1.19545 -13.4404  1.12778
 1.19675 -13.4134  1.12908
 1.19805 -13.3864  1.13038
 1.19935 -13.3596  1.13168
 1.20065 -13.3328  1.13168
 1.20195  -13.306  1.13298
 1.20325 -13.2793  1.13428
 1.20455 -13.2528  1.13559
 1.20586 -13.2262  1.13689
 1.20716 -13.1998  1.13819
 1.20846 -13.1735  1.13949
 1.20976 -13.1472  1.14079
 1.21106 -13.1209  1.14079
 1.21236 -13.0948  1.14209
 1.21366 -13.0687  1.14339
 1.21496 -13.0427  1.14469
 1.21627 -13.0167    1.146
 1.21757 -12.9909   1.1473
 1.21887 -12.9651   1.1486
 1.22017 -12.9394   1.1499
 1.22147 -12.9137   1.1499
 1.22277 -12.8881   1.1512
 1.22407 -12.8626   1.1525
 1.22538 -12.8371   1.1538
 1.22668 -12.8117  1.15511
 1.22798 -12.7864  1.15641
 1.22928 -12.7612  1.15771
 1.23058 -12.7361  1.15901
 1.23188 -12.7109  1.15901
 1.23318 -12.6859  1.16031
 1.23448 -12.6609  1.16161
 1.23579  -12.636  1.16291
 1.23709 -12.6112  1.16421
 1.23839 -12.5864  1.16552
 1.23969 -12.5617  1.16682
 1.24099 -12.5371  1.16682
 1.24229 -12.5125  1.16812
 1.24359  -12.488  1.16942
 1.24489 -12.4635  1.17072
  1.2462 -12.4391  1.17202
  1.2475 -12.4148  1.17332
  1.2488 -12.3906  1.17462
  1.2501 -12.3664  1.17593
  1.2514 -12.3423  1.17593
  1.2527 -12.3183  1.17723
   1.254 -12.2943  1.17853
 1.25531 -12.2703  1.17983
 1.25661 -12.2465  1.18113
 1.25791 -12.2227  1.18243
 1.25921 -12.1989  1.18373
 1.26051 -12.1753  1.18504
 1.26181 -12.1517  1.18504
 1.26311 -12.1281  1.18634
 1.26441 -12.1046  1.18764
 1.26572 -12.0812  1.18894
 1.26702 -12.0578  1.19024
 1.26832 -12.0346  1.19154
 1.26962 -12.0113  1.19284
 1.27092 -11.9882  1.19414
 1.27222  -11.965  1.19414
 1.27352  -11.942  1.19545
 1.27482  -11.919  1.19675
 1.27613  -11.896  1.19805
 1.27743 -11.8732  1.19935
 1.27873 -11.8504  1.20065
 1.28003 -11.8276  1.20195
 1.28133 -11.8049  1.20195
 1.28263 -11.7823  1.20325
 1.28393 -11.7597  1.20455
 1.28524 -11.7372  1.20586
 1.28654 -11.7147  1.20716
 1.28784 -11.6923  1.20846
 1.28914   -11.67  1.20976
 1.29044 -11.6477  1.21106
 1.29174 -11.6255  1.21106
 1.29304 -11.6033  1.21236
 1.29434 -11.5812  1.21366
 1.29565 -11.5592  1.21496
 1.29695 -11.5372  1.21627
 1.29825 -11.5152  1.21757
 1.29955 -11.4934  1.21887
 1.30085 -11.4716  1.22017
 1.30215 -11.4498  1.22017
 1.30345 -11.4281  1.22147
 1.30475 -11.4064  1.22277
 1.30606 -11.3848  1.22407
 1.30736 -11.3633  1.22538
 1.30866 -11.3418  1.22668
 1.30996 -11.3204  1.22798
 1.31126  -11.299  1.22928
 1.31256 -11.2777  1.22928
 1.31386 -11.2564  1.23058
 1.31517 -11.2352  1.23188
 1.31647  -11.214  1.23318
 1.31777 -11.1929  1.23448
 1.31907 -11.1719  1.23579
 1.32037 -11.1509  1.23709
 1.32167   -11.13  1.23709
 1.32297 -11.1091  1.23839
 1.32427 -11.0882  1.23969
 1.32558 -11.0674  1.24099
 1.32688 -11.0467  1.24229
 1.32818  -11.026  1.24359
 1.32948 -11.0054  1.24489
 1.33078 -10.9849   1.2462
 1.33208 -10.9644   1.2462
 1.33338 -10.9439   1.2475
 1.33468 -10.9235   1.2488
 1.33599 -10.9031   1.2501
 1.33729 -10.8828   1.2514
 1.33859 -10.8625   1.2527
 1.33989 -10.8423    1.254
 1.34119 -10.8222  1.25531
 1.34249 -10.8021  1.25531
 1.34379  -10.782  1.25661
  1.3451  -10.762  1.25791
  1.3464  -10.742  1.25921
  1.3477 -10.7221  1.26051
   1.349 -10.7023  1.26181
  1.3503 -10.6825  1.26311
  1.3516 -10.6628  1.26311
  1.3529 -10.6431  1.26441
  1.3542 -10.6234  1.26572
 1.35551 -10.6038  1.26702
 1.35681 -10.5842  1.26832
 1.35811 -10.5647  1.26962
 1.35941 -10.5453  1.27092
 1.36071 -10.5259  1.27222
 1.36201 -10.5065  1.27222
 1.36331 -10.4872  1.27352
 1.36461 -10.4679  1.27482
 1.36592 -10.4487  1.27613
 1.36722 -10.4295  1.27743
 1.36852 -10.4104  1.27873
 1.36982 -10.3914  1.28003
 1.37112 -10.3724  1.28133
 1.37242 -10.3534  1.28133
 1.37372 -10.3344  1.28263
 1.37503 -10.3155  1.28393
 1.37633 -10.2967  1.28524
 1.37763 -10.2779  1.28654
 1.37893 -10.2592  1.28784
 1.38023 -10.2405  1.28914
 1.38153 -10.2219  1.29044
 1.38283 -10.2032  1.29044
 1.38413 -10.1847  1.29174
 1.38544 -10.1661  1.29304
 1.38674 -10.1477  1.29434
 1.38804 -10.1293  1.29565
 1.38934 -10.1109  1.29695
 1.39064 -10.0926  1.29825
 1.39194 -10.0743  1.29825
 1.39324  -10.056  1.29955
 1.39454 -10.0378  1.30085
 1.39585 -10.0197  1.30215
 1.39715 -10.0016  1.30345
 1.39845 -9.98352  1.30475
 1.39975 -9.96551  1.30606
 1.40105 -9.94755  1.30736
 1.40235 -9.92962  1.30736
 1.40365 -9.91172  1.30866
 1.40495 -9.89388  1.30996
 1.40626 -9.87608  1.31126
 1.40756 -9.85833  1.31256
 1.40886 -9.84062  1.31386
 1.41016 -9.82296  1.31517
 1.41146 -9.80534  1.31647
 1.41276 -9.78775  1.31647
 1.41406  -9.7702  1.31777
 1.41537  -9.7527  1.31907
 1.41667 -9.73525  1.32037
 1.41797 -9.71784  1.32167
 1.41927 -9.70047  1.32297
 1.42057 -9.68315  1.32427
 1.42187 -9.66587  1.32427
 1.42317 -9.64862  1.32558
 1.42447 -9.63141  1.32688
 1.42578 -9.61425  1.32818
 1.42708 -9.59713  1.32948
 1.42838 -9.58006  1.33078
 1.42968 -9.56303  1.33208
 1.43098 -9.54604  1.33338
 1.43228 -9.52908  1.33338
 1.43358 -9.51216  1.33468
 1.43488 -9.49528  1.33599
 1.43619 -9.47845  1.33729
 1.43749 -9.46166  1.33859
 1.43879 -9.44491  1.33989
 1.44009 -9.42821  1.34119
 1.44139 -9.41154  1.34119
 1.44269  -9.3949  1.34249
 1.44399  -9.3783  1.34379
  1.4453 -9.36175   1.3451
  1.4466 -9.34523   1.3464
  1.4479 -9.32876   1.3477
  1.4492 -9.31233    1.349
  1.4505 -9.29595   1.3503
  1.4518  -9.2796   1.3503
  1.4531 -9.26327   1.3516
  1.4544 -9.24699   1.3529
 1.45571 -9.23074   1.3542
 1.45701 -9.21454  1.35551
 1.45831 -9.19839  1.35681
 1.45961 -9.18227  1.35811
 1.46091  -9.1662  1.35941
 1.46221 -9.15014  1.35941
 1.46351 -9.13413  1.36071
 1.46481 -9.11815  1.36201
 1.46612 -9.10221  1.36331
 1.46742 -9.08632  1.36461
 1.46872 -9.07047  1.36592
 1.47002 -9.05466  1.36722
 1.47132 -9.03888  1.36722
 1.47262 -9.02312  1.36852
 1.47392 -9.00741  1.36982
 1.47523 -8.99173  1.37112
 1.47653  -8.9761  1.37242
 1.47783  -8.9605  1.37372
 1.47913 -8.94495  1.37503
 1.48043 -8.92943  1.37633
 1.48173 -8.91394  1.37633
 1.48303 -8.89848  1.37763
 1.48433 -8.88306  1.37893
 1.48564 -8.86768  1.38023
 1.48694 -8.85233  1.38153
 1.48824 -8.83703  1.38283
 1.48954 -8.82177  1.38413
 1.49084 -8.80654  1.38413
 1.49214 -8.79133  1.38544
 1.49344 -8.77615  1.38674
 1.49474 -8.76102  1.38804
 1.49605 -8.74593  1.38934
 1.49735 -8.73087  1.39064
 1.49865 -8.71585  1.39194
 1.49995 -8.70087  1.39324
 1.50125 -8.68592  1.39324
 1.50255 -8.67099  1.39454
 1.50385 -8.65609  1.39585
 1.50516 -8.64124  1.39715
 1.50646 -8.62643  1.39845
 1.50776 -8.61165  1.39975
 1.50906 -8.59691  1.40105
 1.51036  -8.5822  1.40235
 1.51166 -8.56752  1.40235
 1.51296 -8.55286  1.40365
 1.51426 -8.53825  1.40495
 1.51557 -8.52367  1.40626
 1.51687 -8.50913  1.40756
 1.51817 -8.49462  1.40886
 1.51947 -8.48015  1.41016
 1.52077 -8.46571  1.41016
 1.52207 -8.45129  1.41146
 1.52337 -8.43691  1.41276
 1.52467 -8.42256  1.41406
 1.52598 -8.40825  1.41537
 1.52728 -8.39397  1.41667
 1.52858 -8.37973  1.41797
 1.52988 -8.36552  1.41927
 1.53118 -8.35134  1.41927
 1.53248 -8.33718  1.42057
 1.53378 -8.32306  1.42187
 1.53509 -8.30898  1.42317
 1.53639 -8.29493  1.42447
 1.53769 -8.28091  1.42578
 1.53899 -8.26693  1.42708
 1.54029 -8.25298  1.42708
 1.54159 -8.23904  1.42838
 1.54289 -8.22515  1.42968
 1.54419 -8.21128  1.43098
  1.5455 -8.19745  1.43228
  1.5468 -8.18366  1.43358
  1.5481  -8.1699  1.43488
  1.5494 -8.15617  1.43619
  1.5507 -8.14246  1.43619
   1.552 -8.12878  1.43749
  1.5533 -8.11514  1.43879
  1.5546 -8.10152  1.44009
 1.55591 -8.08794  1.44139
 1.55721  -8.0744  1.44269
 1.55851 -8.06089  1.44399
 1.55981  -8.0474  1.44399
 1.56111 -8.03394   1.4453
 1.56241 -8.02051   1.4466
 1.56371  -8.0071   1.4479
 1.56502 -7.99374   1.4492
 1.56632  -7.9804   1.4505
 1.56762  -7.9671   1.4518
 1.56892 -7.95383   1.4531
 1.57022 -7.94058   1.4531
 1.57152 -7.92736   1.4544
 1.57282 -7.91416  1.45571
 1.57412   -7.901  1.45701
 1.57543 -7.88787  1.45831
 1.57673 -7.87478  1.45961
 1.57803 -7.86171  1.46091
 1.57933 -7.84868  1.46091
 1.58063 -7.83566  1.46221
 1.58193 -7.82267  1.46351
 1.58323 -7.80971  1.46481
 1.58453 -7.79679  1.46612
 1.58584  -7.7839  1.46742
 1.58714 -7.77103  1.46872
 1.58844  -7.7582  1.47002
 1.58974 -7.74539  1.47002
 1.59104  -7.7326  1.47132
 1.59234 -7.71984  1.47262
 1.59364 -7.70712  1.47392
 1.59494 -7.69442  1.47523
 1.59625 -7.68176  1.47653
 1.59755 -7.66912  1.47783
 1.59885 -7.65652  1.47783
 1.60015 -7.64392  1.47913
 1.60145 -7.63136  1.48043
 1.60275 -7.61883  1.48173
 1.60405 -7.60633  1.48303
 1.60536 -7.59386  1.48433
 1.60666 -7.58142  1.48564
 1.60796 -7.56901  1.48694
 1.60926 -7.55661  1.48694
 1.61056 -7.54424  1.48824
 1.61186  -7.5319  1.48954
 1.61316 -7.51959  1.49084
 1.61446 -7.50731  1.49214
 1.61577 -7.49506  1.49344
 1.61707 -7.48284  1.49474
 1.61837 -7.47064  1.49474
 1.61967 -7.45846  1.49605
 1.62097  -7.4463  1.49735
 1.62227 -7.43418  1.49865
 1.62357 -7.42208  1.49995
 1.62487 -7.41002  1.50125
 1.62618 -7.39798  1.50255
 1.62748 -7.38597  1.50385
 1.62878 -7.37398  1.50385
 1.63008 -7.36201  1.50516
 1.63138 -7.35007  1.50646
 1.63268 -7.33816  1.50776
 1.63398 -7.32628  1.50906
 1.63529 -7.31442  1.51036
 1.63659 -7.30259  1.51166
 1.63789 -7.29079  1.51166
 1.63919   -7.279  1.51296
 1.64049 -7.26724  1.51426
 1.64179  -7.2555  1.51557
 1.64309  -7.2438  1.51687
 1.64439 -7.23212  1.51817
  1.6457 -7.22047  1.51947
   1.647 -7.20885  1.52077
  1.6483 -7.19724  1.52077
  1.6496 -7.18566  1.52207
  1.6509  -7.1741  1.52337
  1.6522 -7.16257  1.52467
  1.6535 -7.15107  1.52598
  1.6548 -7.13959  1.52728
 1.65611 -7.12814  1.52858
 1.65741 -7.11672  1.52858
 1.65871 -7.10531  1.52988
 1.66001 -7.09392  1.53118
 1.66131 -7.08256  1.53248
 1.66261 -7.07123  1.53378
 1.66391 -7.05992  1.53509
 1.66522 -7.04865  1.53639
 1.66652  -7.0374  1.53769
 1.66782 -7.02616  1.53769
 1.66912 -7.01494  1.53899
 1.67042 -7.00375  1.54029
 1.67172 -6.99259  1.54159
 1.67302 -6.98145  1.54289
 1.67432 -6.97034  1.54419
 1.67563 -6.95925   1.5455
 1.67693 -6.94819   1.5455
 1.67823 -6.93714   1.5468
 1.67953 -6.92612   1.5481
 1.68083 -6.91512   1.5494
 1.68213 -6.90414   1.5507
 1.68343  -6.8932    1.552
 1.68473 -6.88227   1.5533
 1.68604 -6.87138   1.5546
 1.68734 -6.86049   1.5546
 1.68864 -6.84963  1.55591
 1.68994  -6.8388  1.55721
 1.69124 -6.82798  1.55851
 1.69254  -6.8172  1.55981
 1.69384 -6.80644  1.56111
 1.69515  -6.7957  1.56241
 1.69645 -6.78498  1.56241
 1.69775 -6.77428  1.56371
 1.69905  -6.7636  1.56502
 1.70035 -6.75295  1.56632
 1.70165 -6.74232  1.56762
 1.70295 -6.73172  1.56892
 1.70425 -6.72114  1.57022
 1.70556 -6.71058  1.57152
 1.70686 -6.70004  1.57152
 1.70816 -6.68951  1.57282
 1.70946 -6.67902  1.57412
 1.71076 -6.66855  1.57543
 1.71206  -6.6581  1.57673
 1.71336 -6.64767  1.57803
 1.71466 -6.63727  1.57933
 1.71597 -6.62688  1.57933
 1.71727 -6.61651  1.58063
 1.71857 -6.60617  1.58193
 1.71987 -6.59585  1.58323
 1.72117 -6.58555  1.58453
 1.72247 -6.57528  1.58584
 1.72377 -6.56503  1.58714
 1.72508  -6.5548  1.58844
 1.72638 -6.54458  1.58844
 1.72768 -6.53438  1.58974
 1.72898 -6.52421  1.59104
 1.73028 -6.51407  1.59234
 1.73158 -6.50394  1.59364
 1.73288 -6.49384  1.59494
 1.73418 -6.48376  1.59625
 1.73549 -6.47369  1.59625
 1.73679 -6.46364  1.59755
 1.73809 -6.45361  1.59885
 1.73939 -6.44361  1.60015
 1.74069 -6.43364  1.60145
 1.74199 -6.42368  1.60275
 1.74329 -6.41374  1.60405
 1.74459 -6.40383  1.60536
  1.7459 -6.39392  1.60536
  1.7472 -6.38404  1.60666
  1.7485 -6.37418  1.60796
  1.7498 -6.36435  1.60926
  1.7511 -6.35454  1.61056
  1.7524 -6.34474  1.61186
  1.7537 -6.33497  1.61316
 1.75501 -6.32521  1.61316
 1.75631 -6.31547  1.61446
 1.75761 -6.30575  1.61577
 1.75891 -6.29606  1.61707
 1.76021 -6.28639  1.61837
 1.76151 -6.27674  1.61967
 1.76281  -6.2671  1.62097
 1.76411 -6.25749  1.62097
 1.76542 -6.24788  1.62227
 1.76672  -6.2383  1.62357
 1.76802 -6.22875  1.62487
 1.76932 -6.21922  1.62618
 1.77062  -6.2097  1.62748
 1.77192  -6.2002  1.62878
 1.77322 -6.19073  1.63008
 1.77452 -6.18126  1.63008
 1.77583 -6.17182  1.63138
 1.77713  -6.1624  1.63268
 1.77843   -6.153  1.63398
 1.77973 -6.14362  1.63529
 1.78103 -6.13426  1.63659
 1.78233 -6.12492  1.63789
 1.78363 -6.11559  1.63789
 1.78493 -6.10628  1.63919
 1.78624 -6.09699  1.64049
 1.78754 -6.08773  1.64179
 1.78884 -6.07848  1.64309
 1.79014 -6.06925  1.64439
 1.79144 -6.06004   1.6457
 1.79274 -6.05085   1.6457
 1.79404 -6.04167    1.647
 1.79535 -6.03252   1.6483
 1.79665 -6.02338   1.6496
 1.79795 -6.01426   1.6509
 1.79925 -6.00516   1.6522
 1.80055 -5.99608   1.6535
 1.80185 -5.98703   1.6548
 1.80315 -5.97798   1.6548
 1.80445 -5.96895  1.65611
 1.80576 -5.95994  1.65741
 1.80706 -5.95095  1.65871
 1.80836 -5.94198  1.66001
 1.80966 -5.93303  1.66131
 1.81096 -5.92409  1.66261
 1.81226 -5.91518  1.66261
 1.81356 -5.90628  1.66391
 1.81486 -5.89739  1.66522
 1.81617 -5.88853  1.66652
 1.81747 -5.87968  1.66782
 1.81877 -5.87085  1.66912
 1.82007 -5.86205  1.67042
 1.82137 -5.85326  1.67042
 1.82267 -5.84448  1.67172
 1.82397 -5.83572  1.67302
 1.82528 -5.82698  1.67432
 1.82658 -5.81826  1.67563
 1.82788 -5.80955  1.67693
 1.82918 -5.80086  1.67823
 1.83048  -5.7922  1.67953
 1.83178 -5.78355  1.67953
 1.83308 -5.77491  1.68083
 1.83438 -5.76629  1.68213
 1.83569 -5.75769  1.68343
 1.83699  -5.7491  1.68473
 1.83829 -5.74054  1.68604
 1.83959 -5.73199  1.68734
 1.84089 -5.72346  1.68734
 1.84219 -5.71494  1.68864
 1.84349 -5.70644  1.68994
 1.84479 -5.69796  1.69124
  1.8461 -5.68949  1.69254
  1.8474 -5.68104  1.69384
  1.8487 -5.67262  1.69515
    1.85 -5.66421  1.69645