 kgrid  ValNew  Policy 
     0.55  -13.5922   0.57991
 0.550433  -13.5563  0.580343
 0.550867  -13.5205  0.580343
   0.5513  -13.4849  0.580777
 0.551734  -13.4494  0.580777
 0.552167   -13.414   0.58121
 0.552601  -13.3788   0.58121
 0.553034  -13.3436  0.581644
 0.553468  -13.3086  0.582077
 0.553901  -13.2737  0.582077
 0.554335  -13.2389  0.582511
 0.554768  -13.2042  0.582511
 0.555202  -13.1697  0.582944
 0.555635  -13.1353  0.582944
 0.556069  -13.1009  0.583378
 0.556502  -13.0668  0.583378
 0.556936  -13.0327  0.583811
 0.557369  -12.9987  0.584245
 0.557803  -12.9648  0.584245
 0.558236  -12.9311  0.584678
  0.55867  -12.8975  0.584678
 0.559103   -12.864  0.585112
 0.559537  -12.8306  0.585112
  0.55997  -12.7973  0.585545
 0.560403  -12.7641  0.585545
 0.560837  -12.7311  0.585979
  0.56127  -12.6981  0.585979
 0.561704  -12.6653  0.586412
 0.562137  -12.6326  0.586846
 0.562571  -12.5999  0.586846
 0.563004  -12.5674  0.587279
 0.563438   -12.535  0.587279
 0.563871  -12.5027  0.587713
 0.564305  -12.4705  0.587713
 0.564738  -12.4385  0.588146
 0.565172  -12.4065  0.588146
 0.565605  -12.3746   0.58858
 0.566039  -12.3429   0.58858
 0.566472  -12.3112  0.589013
 0.566906  -12.2797  0.589446
 0.567339  -12.2482  0.589446
 0.567773  -12.2169   0.58988
 0.568206  -12.1857   0.58988
  0.56864  -12.1546  0.590313
 0.569073  -12.1235  0.590313
 0.569507  -12.0926  0.590747
  0.56994  -12.0618  0.590747
 0.570373  -12.0311   0.59118
 0.570807  -12.0005   0.59118
  0.57124  -11.9699  0.591614
 0.571674  -11.9396  0.592047
 0.572107  -11.9092  0.592047
 0.572541   -11.879  0.592481
 0.572974  -11.8489  0.592481
 0.573408  -11.8189  0.592914
 0.573841   -11.789  0.592914
 0.574275  -11.7591  0.593348
 0.574708  -11.7294  0.593348
 0.575142  -11.6998  0.593781
 0.575575  -11.6703  0.593781
 0.576009  -11.6408  0.594215
 0.576442  -11.6115  0.594648
 0.576876  -11.5823  0.594648
 0.577309  -11.5531  0.595082
 0.577743  -11.5241  0.595082
 0.578176  -11.4951  0.595515
  0.57861  -11.4663  0.595515
 0.579043  -11.4375  0.595949
 0.579476  -11.4089  0.595949
  0.57991  -11.3803  0.596382
 0.580343  -11.3518  0.596382
 0.580777  -11.3234  0.596816
  0.58121  -11.2951  0.597249
 0.581644  -11.2669  0.597249
 0.582077  -11.2388  0.597683
 0.582511  -11.2108  0.597683
 0.582944  -11.1828  0.598116
 0.583378   -11.155  0.598116
 0.583811  -11.1272   0.59855
 0.584245  -11.0996   0.59855
 0.584678   -11.072  0.598983
 0.585112  -11.0445  0.598983
 0.585545  -11.0171  0.599416
 0.585979  -10.9898   0.59985
 0.586412  -10.9626   0.59985
 0.586846  -10.9355  0.600283
 0.587279  -10.9084  0.600283
 0.587713  -10.8814  0.600717
 0.588146  -10.8546  0.600717
  0.58858  -10.8278   0.60115
 0.589013  -10.8011   0.60115
 0.589446  -10.7745  0.601584
  0.58988   -10.748  0.601584
 0.590313  -10.7215  0.602017
 0.590747  -10.6951  0.602451
  0.59118  -10.6689  0.602451
 0.591614  -10.6427  0.602884
 0.592047  -10.6165  0.602884
 0.592481  -10.5905  0.603318
 0.592914  -10.5646  0.603318
 0.593348  -10.5387  0.603751
 0.593781  -10.5129  0.603751
 0.594215  -10.4872  0.604185
 0.594648  -10.4616  0.604185
 0.595082  -10.4361  0.604618
 0.595515  -10.4106  0.605052
 0.595949  -10.3853  0.605052
 0.596382    -10.36  0.605485
 0.596816  -10.3347  0.605485
 0.597249  -10.3096  0.605919
 0.597683  -10.2846  0.605919
 0.598116  -10.2596  0.606352
  0.59855  -10.2347  0.606352
 0.598983  -10.2099  0.606786
 0.599416  -10.1851  0.606786
  0.59985  -10.1605  0.607219
 0.600283  -10.1359  0.607653
 0.600717  -10.1114  0.607653
  0.60115  -10.0869  0.608086
 0.601584  -10.0626  0.608086
 0.602017  -10.0383   0.60852
 0.602451  -10.0141   0.60852
 0.602884  -9.98997  0.608953
 0.603318  -9.96593  0.608953
 0.603751  -9.94194  0.609386
 0.604185  -9.91806  0.609386
 0.604618  -9.89421   0.60982
 0.605052  -9.87048  0.610253
 0.605485  -9.84678  0.610253
 0.605919  -9.82319  0.610687
 0.606352  -9.79964  0.610687
 0.606786  -9.77619   0.61112
 0.607219   -9.7528   0.61112
 0.607653  -9.72948  0.611554
 0.608086  -9.70625  0.611554
  0.60852  -9.68307  0.611987
 0.608953  -9.65999  0.611987
 0.609386  -9.63694  0.612421
  0.60982  -9.61401  0.612854
 0.610253   -9.5911  0.612854
 0.610687   -9.5683  0.613288
  0.61112  -9.54555  0.613288
 0.611554  -9.52288  0.613721
 0.611987  -9.50027  0.613721
 0.612421  -9.47774  0.614155
 0.612854  -9.45528  0.614155
 0.613288  -9.43287  0.614588
 0.613721  -9.41056  0.614588
 0.614155  -9.38829  0.615022
 0.614588  -9.36612  0.615022
 0.615022  -9.34397  0.615455
 0.615455  -9.32194  0.615889
 0.615889  -9.29993  0.615889
 0.616322  -9.27802  0.616322
 0.616756  -9.25616  0.616322
 0.617189  -9.23438  0.616756
 0.617623  -9.21266  0.616756
 0.618056    -9.191  0.617189
 0.618489  -9.16942  0.617189
 0.618923  -9.14789  0.617623
 0.619356  -9.12645  0.617623
  0.61979  -9.10504  0.618056
 0.620223  -9.08373  0.618489
 0.620657  -9.06245  0.618489
  0.62109  -9.04127  0.618923
 0.621524  -9.02012  0.618923
 0.621957  -8.99906  0.619356
 0.622391  -8.97805  0.619356
 0.622824  -8.95711   0.61979
 0.623258  -8.93624   0.61979
 0.623691  -8.91541  0.620223
 0.624125  -8.89468  0.620223
 0.624558  -8.87397  0.620657
 0.624992  -8.85336   0.62109
 0.625425  -8.83278   0.62109
 0.625859  -8.81229  0.621524
 0.626292  -8.79183  0.621524
 0.626726  -8.77146  0.621957
 0.627159  -8.75114  0.621957
 0.627593  -8.73088  0.622391
 0.628026  -8.71069  0.622391
 0.628459  -8.69054  0.622824
 0.628893  -8.67048  0.622824
 0.629326  -8.65045  0.623258
  0.62976  -8.63051  0.623258
 0.630193   -8.6106  0.623691
 0.630627  -8.59077  0.624125
  0.63106  -8.57098  0.624125
 0.631494  -8.55127  0.624558
 0.631927   -8.5316  0.624558
 0.632361    -8.512  0.624992
 0.632794  -8.49246  0.624992
 0.633228  -8.47297  0.625425
 0.633661  -8.45355  0.625425
 0.634095  -8.43417  0.625859
 0.634528  -8.41487  0.625859
 0.634962   -8.3956  0.626292
 0.635395  -8.37642  0.626726
 0.635829  -8.35726  0.626726
 0.636262  -8.33819  0.627159
 0.636696  -8.31915  0.627159
 0.637129  -8.30019  0.627593
 0.637563  -8.28127  0.627593
 0.637996  -8.26241  0.628026
 0.638429  -8.24361  0.628026
 0.638863  -8.22485  0.628459
 0.639296  -8.20617  0.628459
  0.63973  -8.18752  0.628893
 0.640163  -8.16895  0.628893
 0.640597  -8.15041  0.629326
  0.64103  -8.13195   0.62976
 0.641464  -8.11351   0.62976
 0.641897  -8.09516  0.630193
 0.642331  -8.07683  0.630193
 0.642764  -8.05858  0.630627
 0.643198  -8.04037  0.630627
 0.643631  -8.02222   0.63106
 0.644065  -8.00412   0.63106
 0.644498  -7.98607  0.631494
 0.644932  -7.96809  0.631494
 0.645365  -7.95014  0.631927
 0.645799  -7.93226  0.631927
 0.646232  -7.91441  0.632361
 0.646666  -7.89664  0.632794
 0.647099  -7.87889  0.632794
 0.647533  -7.86122  0.633228
 0.647966  -7.84358  0.633228
 0.648399  -7.82601  0.633661
 0.648833  -7.80848  0.633661
 0.649266    -7.791  0.634095
   0.6497  -7.77358  0.634095
 0.650133   -7.7562  0.634528
 0.650567  -7.73888  0.634528
    0.651  -7.72159  0.634962
 0.651434  -7.70438  0.635395
 0.651867  -7.68719  0.635395
 0.652301  -7.67008  0.635829
 0.652734  -7.65299  0.635829
 0.653168  -7.63597  0.636262
 0.653601  -7.61899  0.636262
 0.654035  -7.60206  0.636696
 0.654468  -7.58518  0.636696
 0.654902  -7.56834  0.637129
 0.655335  -7.55157  0.637129
 0.655769  -7.53482  0.637563
 0.656202  -7.51815  0.637563
 0.656636  -7.50149  0.637996
 0.657069  -7.48491  0.638429
 0.657503  -7.46836  0.638429
 0.657936  -7.45187  0.638863
 0.658369  -7.43541  0.638863
 0.658803  -7.41901  0.639296
 0.659236  -7.40265  0.639296
  0.65967  -7.38634   0.63973
 0.660103  -7.37008   0.63973
 0.660537  -7.35386  0.640163
  0.66097   -7.3377  0.640163
 0.661404  -7.32156  0.640597
 0.661837   -7.3055  0.640597
 0.662271  -7.28945   0.64103
 0.662704  -7.27347  0.641464
 0.663138  -7.25752  0.641464
 0.663571  -7.24163  0.641897
 0.664005  -7.22577  0.641897
 0.664438  -7.20997  0.642331
 0.664872  -7.19421  0.642331
 0.665305  -7.17849  0.642764
 0.665739  -7.16282  0.642764
 0.666172  -7.14718  0.643198
 0.666606  -7.13161  0.643198
 0.667039  -7.11606  0.643631
 0.667472  -7.10057  0.644065
 0.667906   -7.0851  0.644065
 0.668339  -7.06971  0.644498
 0.668773  -7.05433  0.644498
 0.669206  -7.03901  0.644932
  0.66964  -7.02373  0.644932
 0.670073  -7.00849  0.645365
 0.670507   -6.9933  0.645365
  0.67094  -6.97814  0.645799
 0.671374  -6.96304  0.645799
 0.671807  -6.94797  0.646232
 0.672241  -6.93295  0.646232
 0.672674  -6.91796  0.646666
 0.673108  -6.90303  0.647099
 0.673541  -6.88812  0.647099
 0.673975  -6.87327  0.647533
 0.674408  -6.85844  0.647533
 0.674842  -6.84367  0.647966
 0.675275  -6.82894  0.647966
 0.675709  -6.81425  0.648399
 0.676142   -6.7996  0.648399
 0.676576  -6.78498  0.648833
 0.677009  -6.77042  0.648833
 0.677442  -6.75588  0.649266
 0.677876   -6.7414  0.649266
 0.678309  -6.72694    0.6497
 0.678743  -6.71254  0.650133
 0.679176  -6.69816  0.650133
  0.67961  -6.68384  0.650567
 0.680043  -6.66954  0.650567
 0.680477   -6.6553     0.651
  0.68091  -6.64108     0.651
 0.681344  -6.62691  0.651434
 0.681777  -6.61278  0.651434
 0.682211  -6.59869  0.651867
 0.682644  -6.58464  0.651867
 0.683078  -6.57061  0.652301
 0.683511  -6.55665  0.652301
 0.683945   -6.5427  0.652734
 0.684378  -6.52881  0.653168
 0.684812  -6.51493  0.653168
 0.685245  -6.50112  0.653601
 0.685679  -6.48732  0.653601
 0.686112  -6.47358  0.654035
 0.686546  -6.45987  0.654035
 0.686979  -6.44619  0.654468
 0.687412  -6.43256  0.654468
 0.687846  -6.41896  0.654902
 0.688279   -6.4054  0.654902
 0.688713  -6.39187  0.655335
 0.689146  -6.37839  0.655335
  0.68958  -6.36493  0.655769
 0.690013  -6.35153  0.656202
 0.690447  -6.33814  0.656202
  0.69088  -6.32481  0.656636
 0.691314   -6.3115  0.656636
 0.691747  -6.29823  0.657069
 0.692181    -6.285  0.657069
 0.692614   -6.2718  0.657503
 0.693048  -6.25864  0.657503
 0.693481  -6.24551  0.657936
 0.693915  -6.23243  0.657936
 0.694348  -6.21937  0.658369
 0.694782  -6.20636  0.658369
 0.695215  -6.19337  0.658803
 0.695649  -6.18043  0.659236
 0.696082  -6.16751  0.659236
 0.696516  -6.15464   0.65967
 0.696949  -6.14179   0.65967
 0.697382  -6.12898  0.660103
 0.697816   -6.1162  0.660103
 0.698249  -6.10347  0.660537
 0.698683  -6.09076  0.660537
 0.699116  -6.07809   0.66097
  0.69955  -6.06545   0.66097
 0.699983  -6.05285  0.661404
 0.700417  -6.04028  0.661404
  0.70085  -6.02774  0.661837
 0.701284  -6.01525  0.662271
 0.701717  -6.00277  0.662271
 0.702151  -5.99034  0.662704
 0.702584  -5.97793  0.662704
 0.703018  -5.96557  0.663138
 0.703451  -5.95323  0.663138
 0.703885  -5.94093  0.663571
 0.704318  -5.92866  0.663571
 0.704752  -5.91642  0.664005
 0.705185  -5.90422  0.664005
 0.705619  -5.89204  0.664438
 0.706052  -5.87991  0.664438
 0.706485   -5.8678  0.664872
 0.706919  -5.85573  0.664872
 0.707352  -5.84368  0.665305
 0.707786  -5.83168  0.665739
 0.708219  -5.81969  0.665739
 0.708653  -5.80775  0.666172
 0.709086  -5.79583  0.666172
  0.70952  -5.78395  0.666606
 0.709953   -5.7721  0.666606
 0.710387  -5.76028  0.667039
  0.71082  -5.74849  0.667039
 0.711254  -5.73673  0.667472
 0.711687  -5.72501  0.667472
 0.712121   -5.7133  0.667906
 0.712554  -5.70165  0.667906
 0.712988     -5.69  0.668339
 0.713421  -5.67841  0.668773
 0.713855  -5.66683  0.668773
 0.714288  -5.65529  0.669206
 0.714722  -5.64377  0.669206
 0.715155  -5.63229   0.66964
 0.715589  -5.62084   0.66964
 0.716022  -5.60942  0.670073
 0.716455  -5.59803  0.670073
 0.716889  -5.58666  0.670507
 0.717322  -5.57534  0.670507
 0.717756  -5.56403   0.67094
 0.718189  -5.55276   0.67094
 0.718623  -5.54151  0.671374
 0.719056  -5.53031  0.671807
  0.71949  -5.51911  0.671807
 0.719923  -5.50797  0.672241
 0.720357  -5.49683  0.672241
  0.72079  -5.48574  0.672674
 0.721224  -5.47467  0.672674
 0.721657  -5.46363  0.673108
 0.722091  -5.45262  0.673108
 0.722524  -5.44164  0.673541
 0.722958  -5.43069  0.673541
 0.723391  -5.41976  0.673975
 0.723825  -5.40887  0.673975
 0.724258  -5.39799  0.674408
 0.724692  -5.38716  0.674408
 0.725125  -5.37634  0.674842
 0.725559  -5.36557  0.675275
 0.725992   -5.3548  0.675275
 0.726425  -5.34408  0.675709
 0.726859  -5.33338  0.675709
 0.727292  -5.32271  0.676142
 0.727726  -5.31206  0.676142
 0.728159  -5.30144  0.676576
 0.728593  -5.29085  0.676576
 0.729026  -5.28029  0.677009
  0.72946  -5.26976  0.677009
 0.729893  -5.25924  0.677442
 0.730327  -5.24877  0.677442
  0.73076  -5.23831  0.677876
 0.731194  -5.22789  0.678309
 0.731627  -5.21748  0.678309
 0.732061  -5.20711  0.678743
 0.732494  -5.19676  0.678743
 0.732928  -5.18644  0.679176
 0.733361  -5.17615  0.679176
 0.733795  -5.16588   0.67961
 0.734228  -5.15564   0.67961
 0.734662  -5.14542  0.680043
 0.735095  -5.13524  0.680043
 0.735529  -5.12507  0.680477
 0.735962  -5.11494  0.680477
 0.736395  -5.10482   0.68091
 0.736829  -5.09475   0.68091
 0.737262  -5.08468  0.681344
 0.737696  -5.07465  0.681777
 0.738129  -5.06464  0.681777
 0.738563  -5.05466  0.682211
 0.738996   -5.0447  0.682211
  0.73943  -5.03477  0.682644
 0.739863  -5.02486  0.682644
 0.740297  -5.01498  0.683078
  0.74073  -5.00512  0.683078
 0.741164  -4.99529  0.683511
 0.741597  -4.98549  0.683511
 0.742031   -4.9757  0.683945
 0.742464  -4.96595  0.683945
 0.742898  -4.95621  0.684378
 0.743331  -4.94651  0.684812
 0.743765  -4.93682  0.684812
 0.744198  -4.92717  0.685245
 0.744632  -4.91753  0.685245
 0.745065  -4.90792  0.685679
 0.745498  -4.89834  0.685679
 0.745932  -4.88878  0.686112
 0.746365  -4.87924  0.686112
 0.746799  -4.86972  0.686546
 0.747232  -4.86024  0.686546
 0.747666  -4.85077  0.686979
 0.748099  -4.84133  0.686979
 0.748533  -4.83191  0.687412
 0.748966  -4.82252  0.687412
   0.7494  -4.81314  0.687846
 0.749833   -4.8038  0.688279
 0.750267  -4.79447  0.688279
   0.7507  -4.78518  0.688713
 0.751134   -4.7759  0.688713
 0.751567  -4.76665  0.689146
 0.752001  -4.75741  0.689146
 0.752434  -4.74821   0.68958
 0.752868  -4.73902   0.68958
 0.753301  -4.72986  0.690013
 0.753735  -4.72073  0.690013
 0.754168  -4.71161  0.690447
 0.754602  -4.70252  0.690447
 0.755035  -4.69344   0.69088
 0.755468   -4.6844  0.691314
 0.755902  -4.67537  0.691314
 0.756335  -4.66637  0.691747
 0.756769  -4.65739  0.691747
 0.757202  -4.64843  0.692181
 0.757636  -4.63949  0.692181
 0.758069  -4.63058  0.692614
 0.758503  -4.62169  0.692614
 0.758936  -4.61282  0.693048
  0.75937  -4.60397  0.693048
 0.759803  -4.59514  0.693481
 0.760237  -4.58634  0.693481
  0.76067  -4.57756  0.693915
 0.761104   -4.5688  0.693915
 0.761537  -4.56006  0.694348
 0.761971  -4.55135  0.694782
 0.762404  -4.54264  0.694782
 0.762838  -4.53398  0.695215
 0.763271  -4.52532  0.695215
 0.763705  -4.51669  0.695649
 0.764138  -4.50808  0.695649
 0.764572  -4.49949  0.696082
 0.765005  -4.49092  0.696082
 0.765438  -4.48237  0.696516
 0.765872  -4.47385  0.696516
 0.766305  -4.46534  0.696949
 0.766739  -4.45686  0.696949
 0.767172  -4.44839  0.697382
 0.767606  -4.43996  0.697382
 0.768039  -4.43153  0.697816
 0.768473  -4.42313  0.698249
 0.768906  -4.41475  0.698249
  0.76934  -4.40639  0.698683
 0.769773  -4.39805  0.698683
 0.770207  -4.38973  0.699116
  0.77064  -4.38143  0.699116
 0.771074  -4.37315   0.69955
 0.771507  -4.36489   0.69955
 0.771941  -4.35665  0.699983
 0.772374  -4.34844  0.699983
 0.772808  -4.34024  0.700417
 0.773241  -4.33206  0.700417
 0.773675   -4.3239   0.70085
 0.774108  -4.31577   0.70085
 0.774542  -4.30764  0.701284
 0.774975  -4.29955  0.701717
 0.775408  -4.29146  0.701717
 0.775842  -4.28341  0.702151
 0.776275  -4.27536  0.702151
 0.776709  -4.26734  0.702584
 0.777142  -4.25934  0.702584
 0.777576  -4.25136  0.703018
 0.778009   -4.2434  0.703018
 0.778443  -4.23545  0.703451
 0.778876  -4.22753  0.703451
  0.77931  -4.21962  0.703885
 0.779743  -4.21174  0.703885
 0.780177  -4.20387  0.704318
  0.78061  -4.19603  0.704318
 0.781044  -4.18819  0.704752
 0.781477  -4.18039  0.705185
 0.781911  -4.17259  0.705185
 0.782344  -4.16482  0.705619
 0.782778  -4.15706  0.705619
 0.783211  -4.14933  0.706052
 0.783645  -4.14161  0.706052
 0.784078  -4.13391  0.706485
 0.784512  -4.12623  0.706485
 0.784945  -4.11857  0.706919
 0.785378  -4.11093  0.706919
 0.785812   -4.1033  0.707352
 0.786245   -4.0957  0.707352
 0.786679   -4.0881  0.707786
 0.787112  -4.08054  0.707786
 0.787546  -4.07298  0.708219
 0.787979  -4.06545  0.708653
 0.788413  -4.05793  0.708653
 0.788846  -4.05043  0.709086
  0.78928  -4.04295  0.709086
 0.789713  -4.03549   0.70952
 0.790147  -4.02804   0.70952
  0.79058  -4.02062  0.709953
 0.791014  -4.01321  0.709953
 0.791447  -4.00581  0.710387
 0.791881  -3.99844  0.710387
 0.792314  -3.99108   0.71082
 0.792748  -3.98375   0.71082
 0.793181  -3.97642  0.711254
 0.793615  -3.96912  0.711254
 0.794048  -3.96183  0.711687
 0.794481  -3.95456  0.712121
 0.794915  -3.94731  0.712121
 0.795348  -3.94007  0.712554
 0.795782  -3.93285  0.712554
 0.796215  -3.92565  0.712988
 0.796649  -3.91847  0.712988
 0.797082   -3.9113  0.713421
 0.797516  -3.90415  0.713421
 0.797949  -3.89701  0.713855
 0.798383   -3.8899  0.713855
 0.798816   -3.8828  0.714288
  0.79925  -3.87572  0.714288
 0.799683  -3.86865  0.714722
 0.800117   -3.8616  0.714722
  0.80055  -3.85456  0.715155
 0.800984  -3.84755  0.715589
 0.801417  -3.84054  0.715589
 0.801851  -3.83356  0.716022
 0.802284  -3.82659  0.716022
 0.802718  -3.81964  0.716455
 0.803151  -3.81271  0.716455
 0.803585  -3.80579  0.716889
 0.804018  -3.79888  0.716889
 0.804451    -3.792  0.717322
 0.804885  -3.78513  0.717322
 0.805318  -3.77827  0.717756
 0.805752  -3.77144  0.717756
 0.806185  -3.76461  0.718189
 0.806619  -3.75781  0.718189
 0.807052  -3.75101  0.718623
 0.807486  -3.74424  0.719056
 0.807919  -3.73748  0.719056
 0.808353  -3.73074   0.71949
 0.808786  -3.72401   0.71949
  0.80922   -3.7173  0.719923
 0.809653   -3.7106  0.719923
 0.810087  -3.70392  0.720357
  0.81052  -3.69725  0.720357
 0.810954   -3.6906   0.72079
 0.811387  -3.68397   0.72079
 0.811821  -3.67735  0.721224
 0.812254  -3.67075  0.721224
 0.812688  -3.66416  0.721657
 0.813121  -3.65759  0.721657
 0.813555  -3.65103  0.722091
 0.813988  -3.64449  0.722091
 0.814421  -3.63796  0.722524
 0.814855  -3.63145  0.722958
 0.815288  -3.62494  0.722958
 0.815722  -3.61847  0.723391
 0.816155  -3.61199  0.723391
 0.816589  -3.60554  0.723825
 0.817022   -3.5991  0.723825
 0.817456  -3.59268  0.724258
 0.817889  -3.58627  0.724258
 0.818323  -3.57988  0.724692
 0.818756   -3.5735  0.724692
  0.81919  -3.56714  0.725125
 0.819623  -3.56079  0.725125
 0.820057  -3.55445  0.725559
  0.82049  -3.54813  0.725559
 0.820924  -3.54182  0.725992
 0.821357  -3.53554  0.726425
 0.821791  -3.52926  0.726425
 0.822224    -3.523  0.726859
 0.822658  -3.51674  0.726859
 0.823091  -3.51051  0.727292
 0.823525  -3.50429  0.727292
 0.823958  -3.49809  0.727726
 0.824391  -3.49189  0.727726
 0.824825  -3.48572  0.728159
 0.825258  -3.47955  0.728159
 0.825692   -3.4734  0.728593
 0.826125  -3.46727  0.728593
 0.826559  -3.46115  0.729026
 0.826992  -3.45504  0.729026
 0.827426  -3.44894   0.72946
 0.827859  -3.44287   0.72946
 0.828293   -3.4368  0.729893
 0.828726  -3.43075  0.730327
  0.82916  -3.42471  0.730327
 0.829593  -3.41869   0.73076
 0.830027  -3.41267   0.73076
  0.83046  -3.40668  0.731194
 0.830894  -3.40069  0.731194
 0.831327  -3.39472  0.731627
 0.831761  -3.38877  0.731627
 0.832194  -3.38282  0.732061
 0.832628  -3.37689  0.732061
 0.833061  -3.37098  0.732494
 0.833494  -3.36508  0.732494
 0.833928  -3.35918  0.732928
 0.834361  -3.35331  0.732928
 0.834795  -3.34744  0.733361
 0.835228   -3.3416  0.733795
 0.835662  -3.33576  0.733795
 0.836095  -3.32994  0.734228
 0.836529  -3.32412  0.734228
 0.836962  -3.31833  0.734662
 0.837396  -3.31254  0.734662
 0.837829  -3.30677  0.735095
 0.838263  -3.30101  0.735095
 0.838696  -3.29527  0.735529
  0.83913  -3.28953  0.735529
 0.839563  -3.28381  0.735962
 0.839997  -3.27811  0.735962
  0.84043  -3.27241  0.736395
 0.840864  -3.26673  0.736395
 0.841297  -3.26106  0.736829
 0.841731  -3.25541  0.736829
 0.842164  -3.24976  0.737262
 0.842598  -3.24413  0.737696
 0.843031  -3.23851  0.737696
 0.843464  -3.23291  0.738129
 0.843898  -3.22731  0.738129
 0.844331  -3.22173  0.738563
 0.844765  -3.21616  0.738563
 0.845198  -3.21061  0.738996
 0.845632  -3.20506  0.738996
 0.846065  -3.19953   0.73943
 0.846499  -3.19402   0.73943
 0.846932  -3.18851  0.739863
 0.847366  -3.18301  0.739863
 0.847799  -3.17753  0.740297
 0.848233  -3.17206  0.740297
 0.848666   -3.1666   0.74073
   0.8491  -3.16116  0.741164
 0.849533  -3.15572  0.741164
 0.849967   -3.1503  0.741597
   0.8504  -3.14489  0.741597
 0.850834   -3.1395  0.742031
 0.851267  -3.13411  0.742031
 0.851701  -3.12873  0.742464
 0.852134  -3.12337  0.742464
 0.852568  -3.11802  0.742898
 0.853001  -3.11268  0.742898
 0.853434  -3.10736  0.743331
 0.853868  -3.10204  0.743331
 0.854301  -3.09674  0.743765
 0.854735  -3.09145  0.743765
 0.855168  -3.08617  0.744198
 0.855602   -3.0809  0.744198
 0.856035  -3.07564  0.744632
 0.856469   -3.0704  0.745065
 0.856902  -3.06516  0.745065
 0.857336  -3.05994  0.745498
 0.857769  -3.05473  0.745498
 0.858203  -3.04953  0.745932
 0.858636  -3.04434  0.745932
  0.85907  -3.03917  0.746365
 0.859503    -3.034  0.746365
 0.859937  -3.02885  0.746799
  0.86037  -3.02371  0.746799
 0.860804  -3.01857  0.747232
 0.861237  -3.01346  0.747232
 0.861671  -3.00835  0.747666
 0.862104  -3.00325  0.747666
 0.862538  -2.99816  0.748099
 0.862971  -2.99309  0.748099
 0.863404  -2.98802  0.748533
 0.863838  -2.98297  0.748966
 0.864271  -2.97793  0.748966
 0.864705   -2.9729    0.7494
 0.865138  -2.96787    0.7494
 0.865572  -2.96287  0.749833
 0.866005  -2.95787  0.749833
 0.866439  -2.95288  0.750267
 0.866872   -2.9479  0.750267
 0.867306  -2.94294    0.7507
 0.867739  -2.93798    0.7507
 0.868173  -2.93304  0.751134
 0.868606   -2.9281  0.751134
  0.86904  -2.92318  0.751567
 0.869473  -2.91827  0.751567
 0.869907  -2.91336  0.752001
  0.87034  -2.90848  0.752001
 0.870774  -2.90359  0.752434
 0.871207  -2.89872  0.752868
 0.871641  -2.89386  0.752868
 0.872074  -2.88901  0.753301
 0.872508  -2.88417  0.753301
 0.872941  -2.87935  0.753735
 0.873374  -2.87453  0.753735
 0.873808  -2.86972  0.754168
 0.874241  -2.86492  0.754168
 0.874675  -2.86014  0.754602
 0.875108  -2.85536  0.754602
 0.875542  -2.85059  0.755035
 0.875975  -2.84584  0.755035
 0.876409  -2.84109  0.755468
 0.876842  -2.83636  0.755468
 0.877276  -2.83163  0.755902
 0.877709  -2.82692  0.755902
 0.878143  -2.82221  0.756335
 0.878576  -2.81752  0.756769
  0.87901  -2.81283  0.756769
 0.879443  -2.80816  0.757202
 0.879877  -2.80349  0.757202
  0.88031  -2.79884  0.757636
 0.880744  -2.79419  0.757636
 0.881177  -2.78956  0.758069
 0.881611  -2.78493  0.758069
 0.882044  -2.78032  0.758503
 0.882477  -2.77571  0.758503
 0.882911  -2.77111  0.758936
 0.883344  -2.76653  0.758936
 0.883778  -2.76195   0.75937
 0.884211  -2.75739   0.75937
 0.884645  -2.75283  0.759803
 0.885078  -2.74828  0.759803
 0.885512  -2.74374  0.760237
 0.885945  -2.73922   0.76067
 0.886379   -2.7347   0.76067
 0.886812  -2.73019  0.761104
 0.887246  -2.72569  0.761104
 0.887679   -2.7212  0.761537
 0.888113  -2.71672  0.761537
 0.888546  -2.71225  0.761971
  0.88898  -2.70779  0.761971
 0.889413  -2.70334  0.762404
 0.889847   -2.6989  0.762404
  0.89028  -2.69447  0.762838
 0.890714  -2.69004  0.762838
 0.891147  -2.68563  0.763271
 0.891581  -2.68123  0.763271
 0.892014  -2.67683  0.763705
 0.892447  -2.67245  0.763705
 0.892881  -2.66807  0.764138
 0.893314   -2.6637  0.764572
 0.893748  -2.65934  0.764572
 0.894181  -2.65499  0.765005
 0.894615  -2.65065  0.765005
 0.895048  -2.64632  0.765438
 0.895482    -2.642  0.765438
 0.895915  -2.63769  0.765872
 0.896349  -2.63338  0.765872
 0.896782  -2.62909  0.766305
 0.897216   -2.6248  0.766305
 0.897649  -2.62053  0.766739
 0.898083  -2.61626  0.766739
 0.898516    -2.612  0.767172
  0.89895  -2.60775  0.767172
 0.899383  -2.60351  0.767606
 0.899817  -2.59928  0.767606
  0.90025  -2.59506  0.768039
 0.900684  -2.59084  0.768473
 0.901117  -2.58664  0.768473
 0.901551  -2.58244  0.768906
 0.901984  -2.57825  0.768906
 0.902417  -2.57407   0.76934
 0.902851   -2.5699   0.76934
 0.903284  -2.56574  0.769773
 0.903718  -2.56159  0.769773
 0.904151  -2.55744  0.770207
 0.904585  -2.55331  0.770207
 0.905018  -2.54918   0.77064
 0.905452  -2.54506   0.77064
 0.905885  -2.54095  0.771074
 0.906319  -2.53685  0.771074
 0.906752  -2.53276  0.771507
 0.907186  -2.52868  0.771507
 0.907619   -2.5246  0.771941
 0.908053  -2.52053  0.771941
 0.908486  -2.51647  0.772374
  0.90892  -2.51242  0.772808
 0.909353  -2.50838  0.772808
 0.909787  -2.50435  0.773241
  0.91022  -2.50032  0.773241
 0.910654   -2.4963  0.773675
 0.911087  -2.49229  0.773675
 0.911521  -2.48829  0.774108
 0.911954   -2.4843  0.774108
 0.912387  -2.48032  0.774542
 0.912821  -2.47634  0.774542
 0.913254  -2.47237  0.774975
 0.913688  -2.46841  0.774975
 0.914121  -2.46446  0.775408
 0.914555  -2.46052  0.775408
 0.914988  -2.45658  0.775842
 0.915422  -2.45266  0.775842
 0.915855  -2.44874  0.776275
 0.916289  -2.44483  0.776709
 0.916722  -2.44092  0.776709
 0.917156  -2.43703  0.777142
 0.917589  -2.43314  0.777142
 0.918023  -2.42927  0.777576
 0.918456  -2.42539  0.777576
  0.91889  -2.42153  0.778009
 0.919323  -2.41768  0.778009
 0.919757  -2.41383  0.778443
  0.92019  -2.40999  0.778443
 0.920624  -2.40616  0.778876
 0.921057  -2.40234  0.778876
  0.92149  -2.39852   0.77931
 0.921924  -2.39471   0.77931
 0.922357  -2.39091  0.779743
 0.922791  -2.38712  0.779743
 0.923224  -2.38333  0.780177
 0.923658  -2.37956  0.780177
 0.924091  -2.37579   0.78061
 0.924525  -2.37203  0.781044
 0.924958  -2.36827  0.781044
 0.925392  -2.36453  0.781477
 0.925825  -2.36079  0.781477
 0.926259  -2.35706  0.781911
 0.926692  -2.35333  0.781911
 0.927126  -2.34962  0.782344
 0.927559  -2.34591  0.782344
 0.927993  -2.34221  0.782778
 0.928426  -2.33852  0.782778
  0.92886  -2.33483  0.783211
 0.929293  -2.33115  0.783211
 0.929727  -2.32748  0.783645
  0.93016  -2.32382  0.783645
 0.930594  -2.32016  0.784078
 0.931027  -2.31651  0.784078
  0.93146  -2.31287  0.784512
 0.931894  -2.30924  0.784945
 0.932327  -2.30561  0.784945
 0.932761  -2.30199  0.785378
 0.933194  -2.29838  0.785378
 0.933628  -2.29478  0.785812
 0.934061  -2.29118  0.785812
 0.934495  -2.28759  0.786245
 0.934928  -2.28401  0.786245
 0.935362  -2.28043  0.786679
 0.935795  -2.27686  0.786679
 0.936229   -2.2733  0.787112
 0.936662  -2.26975  0.787112
 0.937096   -2.2662  0.787546
 0.937529  -2.26266  0.787546
 0.937963  -2.25913  0.787979
 0.938396   -2.2556  0.787979
  0.93883  -2.25208  0.788413
 0.939263  -2.24857  0.788413
 0.939697  -2.24507  0.788846
  0.94013  -2.24157   0.78928
 0.940564  -2.23808   0.78928
 0.940997   -2.2346  0.789713
  0.94143  -2.23112  0.789713
 0.941864  -2.22765  0.790147
 0.942297  -2.22419  0.790147
 0.942731  -2.22073   0.79058
 0.943164  -2.21728   0.79058
 0.943598  -2.21384  0.791014
 0.944031  -2.21041  0.791014
 0.944465  -2.20698  0.791447
 0.944898  -2.20356  0.791447
 0.945332  -2.20014  0.791881
 0.945765  -2.19674  0.791881
 0.946199  -2.19334  0.792314
 0.946632  -2.18994  0.792314
 0.947066  -2.18655  0.792748
 0.947499  -2.18318  0.792748
 0.947933   -2.1798  0.793181
 0.948366  -2.17643  0.793615
   0.9488  -2.17307  0.793615
 0.949233  -2.16972  0.794048
 0.949667  -2.16637  0.794048
   0.9501  -2.16303  0.794481
 0.950534   -2.1597  0.794481
 0.950967  -2.15637  0.794915
   0.9514  -2.15305  0.794915
 0.951834  -2.14974  0.795348
 0.952267  -2.14643  0.795348
 0.952701  -2.14313  0.795782
 0.953134  -2.13983  0.795782
 0.953568  -2.13654  0.796215
 0.954001  -2.13326  0.796215
 0.954435  -2.12999  0.796649
 0.954868  -2.12672  0.796649
 0.955302  -2.12346  0.797082
 0.955735   -2.1202  0.797082
 0.956169  -2.11695  0.797516
 0.956602  -2.11371  0.797949
 0.957036  -2.11047  0.797949
 0.957469  -2.10725  0.798383
 0.957903  -2.10402  0.798383
 0.958336   -2.1008  0.798816
  0.95877  -2.09759  0.798816
 0.959203  -2.09439   0.79925
 0.959637  -2.09119   0.79925
  0.96007    -2.088  0.799683
 0.960504  -2.08481  0.799683
 0.960937  -2.08163  0.800117
  0.96137  -2.07846  0.800117
 0.961804  -2.07529   0.80055
 0.962237  -2.07213   0.80055
 0.962671  -2.06898  0.800984
 0.963104  -2.06583  0.800984
 0.963538  -2.06269  0.801417
 0.963971  -2.05955  0.801417
 0.964405  -2.05642  0.801851
 0.964838   -2.0533  0.802284
 0.965272  -2.05018  0.802284
 0.965705  -2.04707  0.802718
 0.966139  -2.04396  0.802718
 0.966572  -2.04086  0.803151
 0.967006  -2.03777  0.803151
 0.967439  -2.03468  0.803585
 0.967873   -2.0316  0.803585
 0.968306  -2.02852  0.804018
  0.96874  -2.02545  0.804018
 0.969173  -2.02239  0.804451
 0.969607  -2.01933  0.804451
  0.97004  -2.01628  0.804885
 0.970473  -2.01323  0.804885
 0.970907  -2.01019  0.805318
  0.97134  -2.00716  0.805318
 0.971774  -2.00413  0.805752
 0.972207  -2.00111  0.805752
 0.972641  -1.99809  0.806185
 0.973074  -1.99508  0.806619
 0.973508  -1.99208  0.806619
 0.973941  -1.98908  0.807052
 0.974375  -1.98609  0.807052
 0.974808   -1.9831  0.807486
 0.975242  -1.98012  0.807486
 0.975675  -1.97714  0.807919
 0.976109  -1.97417  0.807919
 0.976542  -1.97121  0.808353
 0.976976  -1.96825  0.808353
 0.977409   -1.9653  0.808786
 0.977843  -1.96235  0.808786
 0.978276  -1.95941   0.80922
  0.97871  -1.95647   0.80922
 0.979143  -1.95354  0.809653
 0.979577  -1.95062  0.809653
  0.98001   -1.9477  0.810087
 0.980443  -1.94479  0.810087
 0.980877  -1.94188   0.81052
  0.98131  -1.93898  0.810954
 0.981744  -1.93608  0.810954
 0.982177  -1.93319  0.811387
 0.982611   -1.9303  0.811387
 0.983044  -1.92742  0.811821
 0.983478  -1.92455  0.811821
 0.983911  -1.92168  0.812254
 0.984345  -1.91882  0.812254
 0.984778  -1.91596  0.812688
 0.985212  -1.91311  0.812688
 0.985645  -1.91026  0.813121
 0.986079  -1.90742  0.813121
 0.986512  -1.90458  0.813555
 0.986946  -1.90175  0.813555
 0.987379  -1.89893  0.813988
 0.987813  -1.89611  0.813988
 0.988246  -1.89329  0.814421
  0.98868  -1.89048  0.814421
 0.989113  -1.88768  0.814855
 0.989547  -1.88488  0.815288
  0.98998  -1.88209  0.815288
 0.990413   -1.8793  0.815722
 0.990847  -1.87652  0.815722
  0.99128  -1.87374  0.816155
 0.991714  -1.87097  0.816155
 0.992147   -1.8682  0.816589
 0.992581  -1.86544  0.816589
 0.993014  -1.86269  0.817022
 0.993448  -1.85993  0.817022
 0.993881  -1.85719  0.817456
 0.994315  -1.85445  0.817456
 0.994748  -1.85171  0.817889
 0.995182  -1.84898  0.817889
 0.995615  -1.84626  0.818323
 0.996049  -1.84354  0.818323
 0.996482  -1.84082  0.818756
 0.996916  -1.83812  0.818756
 0.997349  -1.83541   0.81919
 0.997783  -1.83271  0.819623
 0.998216  -1.83002  0.819623
  0.99865  -1.82733  0.820057
 0.999083  -1.82464  0.820057
 0.999517  -1.82197   0.82049
  0.99995  -1.81929   0.82049
  1.00038  -1.81662  0.820924
  1.00082  -1.81396  0.820924
  1.00125   -1.8113  0.821357
  1.00168  -1.80865  0.821357
  1.00212    -1.806  0.821791
  1.00255  -1.80336  0.821791
  1.00298  -1.80072  0.822224
  1.00342  -1.79808  0.822224
  1.00385  -1.79545  0.822658
  1.00428  -1.79283  0.822658
  1.00472  -1.79021  0.823091
  1.00515   -1.7876  0.823091
  1.00559  -1.78499  0.823525
  1.00602  -1.78239  0.823525
  1.00645  -1.77978  0.823958
  1.00689  -1.77719  0.824391
  1.00732   -1.7746  0.824391
  1.00775  -1.77202  0.824825
  1.00819  -1.76944  0.824825
  1.00862  -1.76686  0.825258
  1.00905  -1.76429  0.825258
  1.00949  -1.76173  0.825692
  1.00992  -1.75916  0.825692
  1.01035  -1.75661  0.826125
  1.01079  -1.75406  0.826125
  1.01122  -1.75151  0.826559
  1.01165  -1.74897  0.826559
  1.01209  -1.74643  0.826992
  1.01252   -1.7439  0.826992
  1.01295  -1.74137  0.827426
  1.01339  -1.73885  0.827426
  1.01382  -1.73633  0.827859
  1.01425  -1.73382  0.827859
  1.01469  -1.73131  0.828293
  1.01512  -1.72881  0.828726
  1.01556  -1.72631  0.828726
  1.01599  -1.72381   0.82916
  1.01642  -1.72132   0.82916
  1.01686  -1.71884  0.829593
  1.01729  -1.71636  0.829593
  1.01772  -1.71388  0.830027
  1.01816  -1.71141  0.830027
  1.01859  -1.70894   0.83046
  1.01902  -1.70648   0.83046
  1.01946  -1.70402  0.830894
  1.01989  -1.70157  0.830894
  1.02032  -1.69912  0.831327
  1.02076  -1.69667  0.831327
  1.02119  -1.69423  0.831761
  1.02162   -1.6918  0.831761
  1.02206  -1.68937  0.832194
  1.02249  -1.68694  0.832194
  1.02292  -1.68452  0.832628
  1.02336   -1.6821  0.832628
  1.02379  -1.67969  0.833061
  1.02422  -1.67728  0.833494
  1.02466  -1.67488  0.833494
  1.02509  -1.67248  0.833928
  1.02553  -1.67008  0.833928
  1.02596  -1.66769  0.834361
  1.02639   -1.6653  0.834361
  1.02683  -1.66292  0.834795
  1.02726  -1.66054  0.834795
  1.02769  -1.65817  0.835228
  1.02813   -1.6558  0.835228
  1.02856  -1.65344  0.835662
  1.02899  -1.65108  0.835662
  1.02943  -1.64872  0.836095
  1.02986  -1.64637  0.836095
  1.03029  -1.64402  0.836529
  1.03073  -1.64168  0.836529
  1.03116  -1.63934  0.836962
  1.03159  -1.63701  0.836962
  1.03203  -1.63468  0.837396
  1.03246  -1.63235  0.837396
  1.03289  -1.63003  0.837829
  1.03333  -1.62771  0.838263
  1.03376   -1.6254  0.838263
  1.03419  -1.62309  0.838696
  1.03463  -1.62078  0.838696
  1.03506  -1.61848   0.83913
   1.0355  -1.61619   0.83913
  1.03593   -1.6139  0.839563
  1.03636  -1.61161  0.839563
   1.0368  -1.60932  0.839997
  1.03723  -1.60704  0.839997
  1.03766  -1.60477   0.84043
   1.0381   -1.6025   0.84043
  1.03853  -1.60023  0.840864
  1.03896  -1.59797  0.840864
   1.0394  -1.59571  0.841297
  1.03983  -1.59345  0.841297
  1.04026   -1.5912  0.841731
   1.0407  -1.58896  0.841731
  1.04113  -1.58671  0.842164
  1.04156  -1.58447  0.842598
    1.042  -1.58224  0.842598
  1.04243  -1.58001  0.843031
  1.04286  -1.57778  0.843031
   1.0433  -1.57556  0.843464
  1.04373  -1.57334  0.843464
  1.04416  -1.57113  0.843898
   1.0446  -1.56892  0.843898
  1.04503  -1.56671  0.844331
  1.04547  -1.56451  0.844331
   1.0459  -1.56231  0.844765
  1.04633  -1.56011  0.844765
  1.04677  -1.55792  0.845198
   1.0472  -1.55574  0.845198
  1.04763  -1.55355  0.845632
  1.04807  -1.55138  0.845632
   1.0485   -1.5492  0.846065
  1.04893  -1.54703  0.846065
  1.04937  -1.54486  0.846499
   1.0498   -1.5427  0.846499
  1.05023  -1.54054  0.846932
  1.05067  -1.53839  0.847366
   1.0511  -1.53623  0.847366
  1.05153  -1.53409  0.847799
  1.05197  -1.53194  0.847799
   1.0524   -1.5298  0.848233
  1.05283  -1.52767  0.848233
  1.05327  -1.52554  0.848666
   1.0537  -1.52341  0.848666
  1.05413  -1.52128    0.8491
  1.05457  -1.51916    0.8491
    1.055  -1.51704  0.849533
  1.05544  -1.51493  0.849533
  1.05587  -1.51282  0.849967
   1.0563  -1.51072  0.849967
  1.05674  -1.50861    0.8504
  1.05717  -1.50652    0.8504
   1.0576  -1.50442  0.850834
  1.05804  -1.50233  0.850834
  1.05847  -1.50024  0.851267
   1.0589  -1.49816  0.851267
  1.05934  -1.49608  0.851701
  1.05977  -1.49401  0.852134
   1.0602  -1.49193  0.852134
  1.06064  -1.48987  0.852568
  1.06107   -1.4878  0.852568
   1.0615  -1.48574  0.853001
  1.06194  -1.48368  0.853001
  1.06237  -1.48163  0.853434
   1.0628  -1.47958  0.853434
  1.06324  -1.47753  0.853868
  1.06367  -1.47549  0.853868
   1.0641  -1.47345  0.854301
  1.06454  -1.47142  0.854301
  1.06497  -1.46938  0.854735
  1.06541  -1.46736  0.854735
  1.06584  -1.46533  0.855168
  1.06627  -1.46331  0.855168
  1.06671  -1.46129  0.855602
  1.06714  -1.45928  0.855602
  1.06757  -1.45727  0.856035
  1.06801  -1.45526  0.856035
  1.06844  -1.45326  0.856469
  1.06887  -1.45126  0.856469
  1.06931  -1.44926  0.856902
  1.06974  -1.44727  0.857336
  1.07017  -1.44528  0.857336
  1.07061  -1.44329  0.857769
  1.07104  -1.44131  0.857769
  1.07147  -1.43933  0.858203
  1.07191  -1.43736  0.858203
  1.07234  -1.43539  0.858636
  1.07277  -1.43342  0.858636
  1.07321  -1.43145   0.85907
  1.07364  -1.42949   0.85907
  1.07407  -1.42753  0.859503
  1.07451  -1.42558  0.859503
  1.07494  -1.42363  0.859937
  1.07538  -1.42168  0.859937
  1.07581  -1.41974   0.86037
  1.07624   -1.4178   0.86037
  1.07668  -1.41586  0.860804
  1.07711  -1.41392  0.860804
  1.07754  -1.41199  0.861237
  1.07798  -1.41007  0.861237
  1.07841  -1.40814  0.861671
  1.07884  -1.40622  0.862104
  1.07928   -1.4043  0.862104
  1.07971  -1.40239  0.862538
  1.08014  -1.40048  0.862538
  1.08058  -1.39857  0.862971
  1.08101  -1.39667  0.862971
  1.08144  -1.39477  0.863404
  1.08188  -1.39287  0.863404
  1.08231  -1.39098  0.863838
  1.08274  -1.38909  0.863838
  1.08318   -1.3872  0.864271
  1.08361  -1.38532  0.864271
  1.08404  -1.38344  0.864705
  1.08448  -1.38156  0.864705
  1.08491  -1.37969  0.865138
  1.08535  -1.37782  0.865138
  1.08578  -1.37595  0.865572
  1.08621  -1.37408  0.865572
  1.08665  -1.37222  0.866005
  1.08708  -1.37037  0.866005
  1.08751  -1.36851  0.866439
  1.08795  -1.36666  0.866872
  1.08838  -1.36481  0.866872
  1.08881  -1.36297  0.867306
  1.08925  -1.36112  0.867306
  1.08968  -1.35929  0.867739
  1.09011  -1.35745  0.867739
  1.09055  -1.35562  0.868173
  1.09098  -1.35379  0.868173
  1.09141  -1.35196  0.868606
  1.09185  -1.35014  0.868606
  1.09228  -1.34832   0.86904
  1.09271   -1.3465   0.86904
  1.09315  -1.34469  0.869473
  1.09358  -1.34288  0.869473
  1.09401  -1.34107  0.869907
  1.09445  -1.33927  0.869907
  1.09488  -1.33747   0.87034
  1.09532  -1.33567   0.87034
  1.09575  -1.33388  0.870774
  1.09618  -1.33209  0.870774
  1.09662   -1.3303  0.871207
  1.09705  -1.32851  0.871207
  1.09748  -1.32673  0.871641
  1.09792  -1.32495  0.872074
  1.09835  -1.32317  0.872074
  1.09878   -1.3214  0.872508
  1.09922  -1.31963  0.872508
  1.09965  -1.31787  0.872941
  1.10008   -1.3161  0.872941
  1.10052  -1.31434  0.873374
  1.10095  -1.31258  0.873374
  1.10138  -1.31083  0.873808
  1.10182  -1.30908  0.873808
  1.10225  -1.30733  0.874241
  1.10268  -1.30558  0.874241
  1.10312  -1.30384  0.874675
  1.10355   -1.3021  0.874675
  1.10398  -1.30036  0.875108
  1.10442  -1.29863  0.875108
  1.10485   -1.2969  0.875542
  1.10529  -1.29517  0.875542
  1.10572  -1.29344  0.875975
  1.10615  -1.29172  0.875975
  1.10659     -1.29  0.876409
  1.10702  -1.28829  0.876842
  1.10745  -1.28657  0.876842
  1.10789  -1.28486  0.877276
  1.10832  -1.28316  0.877276
  1.10875  -1.28145  0.877709
  1.10919  -1.27975  0.877709
  1.10962  -1.27805  0.878143
  1.11005  -1.27636  0.878143
  1.11049  -1.27466  0.878576
  1.11092  -1.27297  0.878576
  1.11135  -1.27129   0.87901
  1.11179   -1.2696   0.87901
  1.11222  -1.26792  0.879443
  1.11265  -1.26624  0.879443
  1.11309  -1.26457  0.879877
  1.11352  -1.26289  0.879877
  1.11395  -1.26122   0.88031
  1.11439  -1.25956   0.88031
  1.11482  -1.25789  0.880744
  1.11526  -1.25623  0.880744
  1.11569  -1.25457  0.881177
  1.11612  -1.25292  0.881177
  1.11656  -1.25126  0.881611
  1.11699  -1.24961  0.882044
  1.11742  -1.24796  0.882044
  1.11786  -1.24632  0.882477
  1.11829  -1.24468  0.882477
  1.11872  -1.24304  0.882911
  1.11916   -1.2414  0.882911
  1.11959  -1.23977  0.883344
  1.12002  -1.23814  0.883344
  1.12046  -1.23651  0.883778
  1.12089  -1.23488  0.883778
  1.12132  -1.23326  0.884211
  1.12176  -1.23164  0.884211
  1.12219  -1.23002  0.884645
  1.12262  -1.22841  0.884645
  1.12306   -1.2268  0.885078
  1.12349  -1.22519  0.885078
  1.12392  -1.22358  0.885512
  1.12436  -1.22198  0.885512
  1.12479  -1.22038  0.885945
  1.12523  -1.21878  0.885945
  1.12566  -1.21718  0.886379
  1.12609  -1.21559  0.886379
  1.12653    -1.214  0.886812
  1.12696  -1.21241  0.887246
  1.12739  -1.21083  0.887246
  1.12783  -1.20925  0.887679
  1.12826  -1.20767  0.887679
  1.12869  -1.20609  0.888113
  1.12913  -1.20452  0.888113
  1.12956  -1.20294  0.888546
  1.12999  -1.20138  0.888546
  1.13043  -1.19981   0.88898
  1.13086  -1.19824   0.88898
  1.13129  -1.19668  0.889413
  1.13173  -1.19513  0.889413
  1.13216  -1.19357  0.889847
  1.13259  -1.19202  0.889847
  1.13303  -1.19047   0.89028
  1.13346  -1.18892   0.89028
  1.13389  -1.18737  0.890714
  1.13433  -1.18583  0.890714
  1.13476  -1.18429  0.891147
   1.1352  -1.18275  0.891147
  1.13563  -1.18121  0.891581
  1.13606  -1.17968  0.891581
   1.1365  -1.17815  0.892014
  1.13693  -1.17662  0.892447
  1.13736   -1.1751  0.892447
   1.1378  -1.17358  0.892881
  1.13823  -1.17206  0.892881
  1.13866  -1.17054  0.893314
   1.1391  -1.16902  0.893314
  1.13953  -1.16751  0.893748
  1.13996    -1.166  0.893748
   1.1404  -1.16449  0.894181
  1.14083  -1.16299  0.894181
  1.14126  -1.16149  0.894615
   1.1417  -1.15999  0.894615
  1.14213  -1.15849  0.895048
  1.14256  -1.15699  0.895048
    1.143   -1.1555  0.895482
  1.14343  -1.15401  0.895482
  1.14386  -1.15252  0.895915
   1.1443  -1.15104  0.895915
  1.14473  -1.14956  0.896349
  1.14517  -1.14808  0.896349
   1.1456   -1.1466  0.896782
  1.14603  -1.14512  0.896782
  1.14647  -1.14365  0.897216
   1.1469  -1.14218  0.897649
  1.14733  -1.14071  0.897649
  1.14777  -1.13925  0.898083
   1.1482  -1.13778  0.898083
  1.14863  -1.13632  0.898516
  1.14907  -1.13486  0.898516
   1.1495  -1.13341   0.89895
  1.14993  -1.13195   0.89895
  1.15037   -1.1305  0.899383
   1.1508  -1.12905  0.899383
  1.15123  -1.12761  0.899817
  1.15167  -1.12616  0.899817
   1.1521  -1.12472   0.90025
  1.15253  -1.12328   0.90025
  1.15297  -1.12184  0.900684
   1.1534  -1.12041  0.900684
  1.15383  -1.11898  0.901117
  1.15427  -1.11755  0.901117
   1.1547  -1.11612  0.901551
  1.15514  -1.11469  0.901551
  1.15557  -1.11327  0.901984
    1.156  -1.11185  0.901984
  1.15644  -1.11043  0.902417
  1.15687  -1.10902  0.902851
   1.1573   -1.1076  0.902851
  1.15774  -1.10619  0.903284
  1.15817  -1.10478  0.903284
   1.1586  -1.10338  0.903718
  1.15904  -1.10197  0.903718
  1.15947  -1.10057  0.904151
   1.1599  -1.09917  0.904151
  1.16034  -1.09777  0.904585
  1.16077  -1.09638  0.904585
   1.1612  -1.09498  0.905018
  1.16164  -1.09359  0.905018
  1.16207   -1.0922  0.905452
   1.1625  -1.09082  0.905452
  1.16294  -1.08943  0.905885
  1.16337  -1.08805  0.905885
   1.1638  -1.08667  0.906319
  1.16424   -1.0853  0.906319
  1.16467  -1.08392  0.906752
  1.16511  -1.08255  0.906752
  1.16554  -1.08118  0.907186
  1.16597  -1.07981  0.907186
  1.16641  -1.07844  0.907619
  1.16684  -1.07708  0.908053
  1.16727  -1.07572  0.908053
  1.16771  -1.07436  0.908486
  1.16814    -1.073  0.908486
  1.16857  -1.07165   0.90892
  1.16901  -1.07029   0.90892
  1.16944  -1.06894  0.909353
  1.16987  -1.06759  0.909353
  1.17031  -1.06625  0.909787
  1.17074   -1.0649  0.909787
  1.17117  -1.06356   0.91022
  1.17161  -1.06222   0.91022
  1.17204  -1.06088  0.910654
  1.17247  -1.05955  0.910654
  1.17291  -1.05821  0.911087
  1.17334  -1.05688  0.911087
  1.17377  -1.05555  0.911521
  1.17421  -1.05423  0.911521
  1.17464   -1.0529  0.911954
  1.17508  -1.05158  0.911954
  1.17551  -1.05026  0.912387
  1.17594  -1.04894  0.912387
  1.17638  -1.04763  0.912821
  1.17681  -1.04631  0.912821
  1.17724    -1.045  0.913254
  1.17768  -1.04369  0.913688
  1.17811  -1.04238  0.913688
  1.17854  -1.04108  0.914121
  1.17898  -1.03977  0.914121
  1.17941  -1.03847  0.914555
  1.17984  -1.03717  0.914555
  1.18028  -1.03587  0.914988
  1.18071  -1.03458  0.914988
  1.18114  -1.03329  0.915422
  1.18158  -1.03199  0.915422
  1.18201  -1.03071  0.915855
  1.18244  -1.02942  0.915855
  1.18288  -1.02813  0.916289
  1.18331  -1.02685  0.916289
  1.18374  -1.02557  0.916722
  1.18418  -1.02429  0.916722
  1.18461  -1.02301  0.917156
  1.18505  -1.02174  0.917156
  1.18548  -1.02047  0.917589
  1.18591   -1.0192  0.917589
  1.18635  -1.01793  0.918023
  1.18678  -1.01666  0.918023
  1.18721   -1.0154  0.918456
  1.18765  -1.01413   0.91889
  1.18808  -1.01287   0.91889
  1.18851  -1.01162  0.919323
  1.18895  -1.01036  0.919323
  1.18938   -1.0091  0.919757
  1.18981  -1.00785  0.919757
  1.19025   -1.0066   0.92019
  1.19068  -1.00535   0.92019
  1.19111  -1.00411  0.920624
  1.19155  -1.00286  0.920624
  1.19198  -1.00162  0.921057
  1.19241  -1.00038  0.921057
  1.19285  -0.99914   0.92149
  1.19328 -0.997903   0.92149
  1.19371 -0.996668  0.921924
  1.19415 -0.995436  0.921924
  1.19458 -0.994205  0.922357
  1.19502 -0.992976  0.922357
  1.19545 -0.991749  0.922791
  1.19588 -0.990525  0.922791
  1.19632 -0.989301  0.923224
  1.19675 -0.988081  0.923224
  1.19718 -0.986861  0.923658
  1.19762 -0.985644  0.923658
  1.19805 -0.984428  0.924091
  1.19848 -0.983216  0.924525
  1.19892 -0.982003  0.924525
  1.19935 -0.980795  0.924958
  1.19978 -0.979586  0.924958
  1.20022 -0.978381  0.925392
  1.20065 -0.977177  0.925392
  1.20108 -0.975975  0.925825
  1.20152 -0.974775  0.925825
  1.20195 -0.973577  0.926259
  1.20238  -0.97238  0.926259
  1.20282 -0.971186  0.926692
  1.20325 -0.969994  0.926692
  1.20368 -0.968803  0.927126
  1.20412 -0.967614  0.927126
  1.20455 -0.966427  0.927559
  1.20498 -0.965242  0.927559
  1.20542 -0.964059  0.927993
  1.20585 -0.962878  0.927993
  1.20629 -0.961698  0.928426
  1.20672 -0.960521  0.928426
  1.20715 -0.959345   0.92886
  1.20759 -0.958172   0.92886
  1.20802 -0.956999  0.929293
  1.20845 -0.955829  0.929293
  1.20889  -0.95466  0.929727
  1.20932 -0.953494   0.93016
  1.20975 -0.952329   0.93016
  1.21019 -0.951167  0.930594
  1.21062 -0.950005  0.930594
  1.21105 -0.948846  0.931027
  1.21149 -0.947688  0.931027
  1.21192 -0.946533   0.93146
  1.21235 -0.945379   0.93146
  1.21279 -0.944227  0.931894
  1.21322 -0.943077  0.931894
  1.21365 -0.941928  0.932327
  1.21409 -0.940782  0.932327
  1.21452 -0.939637  0.932761
  1.21495 -0.938494  0.932761
  1.21539 -0.937352  0.933194
  1.21582 -0.936213  0.933194
  1.21626 -0.935075  0.933628
  1.21669 -0.933939  0.933628
  1.21712 -0.932805  0.934061
  1.21756 -0.931673  0.934061
  1.21799 -0.930541  0.934495
  1.21842 -0.929413  0.934495
  1.21886 -0.928285  0.934928
  1.21929 -0.927161  0.934928
  1.21972 -0.926036  0.935362
  1.22016 -0.924915  0.935795
  1.22059 -0.923794  0.935795
  1.22102 -0.922676  0.936229
  1.22146 -0.921559  0.936229
  1.22189 -0.920444  0.936662
  1.22232 -0.919331  0.936662
  1.22276  -0.91822  0.937096
  1.22319 -0.917109  0.937096
  1.22362 -0.916002  0.937529
  1.22406 -0.914895  0.937529
  1.22449  -0.91379  0.937963
  1.22492 -0.912687  0.937963
  1.22536 -0.911586  0.938396
  1.22579 -0.910487  0.938396
  1.22623 -0.909389   0.93883
  1.22666 -0.908293   0.93883
  1.22709 -0.907198  0.939263
  1.22753 -0.906106  0.939263
  1.22796 -0.905014  0.939697
  1.22839 -0.903925  0.939697
  1.22883 -0.902837   0.94013
  1.22926 -0.901751   0.94013
  1.22969 -0.900667  0.940564
  1.23013 -0.899584  0.940564
  1.23056 -0.898503  0.940997
  1.23099 -0.897424   0.94143
  1.23143 -0.896346   0.94143
  1.23186  -0.89527  0.941864
  1.23229 -0.894195  0.941864
  1.23273 -0.893123  0.942297
  1.23316 -0.892051  0.942297
  1.23359 -0.890982  0.942731
  1.23403 -0.889914  0.942731
  1.23446 -0.888848  0.943164
  1.23489 -0.887784  0.943164
  1.23533 -0.886721  0.943598
  1.23576 -0.885659  0.943598
   1.2362   -0.8846  0.944031
  1.23663 -0.883542  0.944031
  1.23706 -0.882485  0.944465
   1.2375 -0.881431  0.944465
  1.23793 -0.880377  0.944898
  1.23836 -0.879326  0.944898
   1.2388 -0.878276  0.945332
  1.23923 -0.877228  0.945332
  1.23966 -0.876181  0.945765
   1.2401 -0.875136  0.945765
  1.24053 -0.874092  0.946199
  1.24096 -0.873051  0.946199
   1.2414  -0.87201  0.946632
  1.24183 -0.870971  0.947066
  1.24226 -0.869934  0.947066
   1.2427 -0.868899  0.947499
  1.24313 -0.867864  0.947499
  1.24356 -0.866832  0.947933
    1.244 -0.865801  0.947933
  1.24443 -0.864772  0.948366
  1.24486 -0.863744  0.948366
   1.2453 -0.862718    0.9488
  1.24573 -0.861693    0.9488
  1.24617  -0.86067  0.949233
   1.2466 -0.859648  0.949233
  1.24703 -0.858628  0.949667
  1.24747  -0.85761  0.949667
   1.2479 -0.856593    0.9501
  1.24833 -0.855578    0.9501
  1.24877 -0.854564  0.950534
   1.2492 -0.853552  0.950534
  1.24963 -0.852541  0.950967
  1.25007 -0.851532  0.950967
   1.2505 -0.850524    0.9514
  1.25093 -0.849519    0.9514
  1.25137 -0.848514  0.951834
   1.2518 -0.847511  0.951834
  1.25223 -0.846509  0.952267
  1.25267  -0.84551  0.952267
   1.2531  -0.84451  0.952701
  1.25353 -0.843514  0.953134
  1.25397 -0.842518  0.953134
   1.2544 -0.841524  0.953568
  1.25483 -0.840531  0.953568
  1.25527 -0.839541  0.954001
   1.2557 -0.838551  0.954001
  1.25614 -0.837563  0.954435
  1.25657 -0.836577  0.954435
    1.257 -0.835592  0.954868
  1.25744 -0.834608  0.954868
  1.25787 -0.833626  0.955302
   1.2583 -0.832645  0.955302
  1.25874 -0.831666  0.955735
  1.25917 -0.830689  0.955735
   1.2596 -0.829712  0.956169
  1.26004 -0.828738  0.956169
  1.26047 -0.827765  0.956602
   1.2609 -0.826793  0.956602
  1.26134 -0.825822  0.957036
  1.26177 -0.824854  0.957036
   1.2622 -0.823886  0.957469
  1.26264 -0.822921  0.957469
  1.26307 -0.821956  0.957903
   1.2635 -0.820993  0.957903
  1.26394 -0.820031  0.958336
  1.26437 -0.819072   0.95877
   1.2648 -0.818112   0.95877
  1.26524 -0.817156  0.959203
  1.26567 -0.816199  0.959203
  1.26611 -0.815245  0.959637
  1.26654 -0.814292  0.959637
  1.26697 -0.813341   0.96007
  1.26741  -0.81239   0.96007
  1.26784 -0.811442  0.960504
  1.26827 -0.810494  0.960504
  1.26871 -0.809549  0.960937
  1.26914 -0.808604  0.960937
  1.26957 -0.807661   0.96137
  1.27001 -0.806719   0.96137
  1.27044 -0.805779  0.961804
  1.27087  -0.80484  0.961804
  1.27131 -0.803903  0.962237
  1.27174 -0.802967  0.962237
  1.27217 -0.802032  0.962671
  1.27261 -0.801099  0.962671
  1.27304 -0.800167  0.963104
  1.27347 -0.799237  0.963104
  1.27391 -0.798307  0.963538
  1.27434  -0.79738  0.963538
  1.27477 -0.796453  0.963971
  1.27521 -0.795529  0.963971
  1.27564 -0.794605  0.964405
  1.27608 -0.793683  0.964838
  1.27651 -0.792762  0.964838
  1.27694 -0.791843  0.965272
  1.27738 -0.790924  0.965272
  1.27781 -0.790008  0.965705
  1.27824 -0.789092  0.965705
  1.27868 -0.788179  0.966139
  1.27911 -0.787266  0.966139
  1.27954 -0.786355  0.966572
  1.27998 -0.785444  0.966572
  1.28041 -0.784536  0.967006
  1.28084 -0.783629  0.967006
  1.28128 -0.782723  0.967439
  1.28171 -0.781818  0.967439
  1.28214 -0.780915  0.967873
  1.28258 -0.780013  0.967873
  1.28301 -0.779112  0.968306
  1.28344 -0.778213  0.968306
  1.28388 -0.777315   0.96874
  1.28431 -0.776419   0.96874
  1.28474 -0.775523  0.969173
  1.28518  -0.77463  0.969173
  1.28561 -0.773737  0.969607
  1.28605 -0.772846  0.969607
  1.28648 -0.771956   0.97004
  1.28691 -0.771067   0.97004
  1.28735  -0.77018  0.970473
  1.28778 -0.769294  0.970907
  1.28821 -0.768409  0.970907
  1.28865 -0.767526   0.97134
  1.28908 -0.766643   0.97134
  1.28951 -0.765763  0.971774
  1.28995 -0.764883  0.971774
  1.29038 -0.764005  0.972207
  1.29081 -0.763128  0.972207
  1.29125 -0.762252  0.972641
  1.29168 -0.761378  0.972641
  1.29211 -0.760505  0.973074
  1.29255 -0.759633  0.973074
  1.29298 -0.758762  0.973508
  1.29341 -0.757893  0.973508
  1.29385 -0.757025  0.973941
  1.29428 -0.756158  0.973941
  1.29471 -0.755293  0.974375
  1.29515 -0.754429  0.974375
  1.29558 -0.753566  0.974808
  1.29602 -0.752704  0.974808
  1.29645 -0.751843  0.975242
  1.29688 -0.750985  0.975242
  1.29732 -0.750126  0.975675
  1.29775  -0.74927  0.975675
  1.29818 -0.748414  0.976109
  1.29862 -0.747561  0.976109
  1.29905 -0.746707  0.976542
  1.29948 -0.745856  0.976976
  1.29992 -0.745005  0.976976
  1.30035 -0.744157  0.977409
  1.30078 -0.743308  0.977409
  1.30122 -0.742462  0.977843
  1.30165 -0.741616  0.977843
  1.30208 -0.740772  0.978276
  1.30252 -0.739929  0.978276
  1.30295 -0.739087   0.97871
  1.30338 -0.738247   0.97871
  1.30382 -0.737408  0.979143
  1.30425 -0.736569  0.979143
  1.30468 -0.735733  0.979577
  1.30512 -0.734897  0.979577
  1.30555 -0.734063   0.98001
  1.30599 -0.733229   0.98001
  1.30642 -0.732397  0.980443
  1.30685 -0.731567  0.980443
  1.30729 -0.730737  0.980877
  1.30772 -0.729909  0.980877
  1.30815 -0.729081   0.98131
  1.30859 -0.728256   0.98131
  1.30902 -0.727431  0.981744
  1.30945 -0.726607  0.981744
  1.30989 -0.725785  0.982177
  1.31032 -0.724964  0.982177
  1.31075 -0.724143  0.982611
  1.31119 -0.723325  0.983044
  1.31162 -0.722507  0.983044
  1.31205 -0.721691  0.983478
  1.31249 -0.720875  0.983478
  1.31292 -0.720061  0.983911
  1.31335 -0.719248  0.983911
  1.31379 -0.718437  0.984345
  1.31422 -0.717626  0.984345
  1.31465 -0.716817  0.984778
  1.31509 -0.716008  0.984778
  1.31552 -0.715201  0.985212
  1.31596 -0.714395  0.985212
  1.31639  -0.71359  0.985645
  1.31682 -0.712787  0.985645
  1.31726 -0.711984  0.986079
  1.31769 -0.711183  0.986079
  1.31812 -0.710383  0.986512
  1.31856 -0.709584  0.986512
  1.31899 -0.708786  0.986946
  1.31942  -0.70799  0.986946
  1.31986 -0.707194  0.987379
  1.32029   -0.7064  0.987379
  1.32072 -0.705606  0.987813
  1.32116 -0.704815  0.987813
  1.32159 -0.704023  0.988246
  1.32202 -0.703234  0.988246
  1.32246 -0.702445   0.98868
  1.32289 -0.701658  0.989113
  1.32332 -0.700871  0.989113
  1.32376 -0.700086  0.989547
  1.32419 -0.699301  0.989547
  1.32462 -0.698519   0.98998
  1.32506 -0.697736   0.98998
  1.32549 -0.696956  0.990413
  1.32593 -0.696176  0.990413
  1.32636 -0.695397  0.990847
  1.32679  -0.69462  0.990847
  1.32723 -0.693844   0.99128
  1.32766 -0.693068   0.99128
  1.32809 -0.692294  0.991714
  1.32853 -0.691521  0.991714
  1.32896 -0.690749  0.992147
  1.32939 -0.689978  0.992147
  1.32983 -0.689209  0.992581
  1.33026  -0.68844  0.992581
  1.33069 -0.687672  0.993014
  1.33113 -0.686906  0.993014
  1.33156 -0.686141  0.993448
  1.33199 -0.685377  0.993448
  1.33243 -0.684613  0.993881
  1.33286 -0.683851  0.993881
  1.33329  -0.68309  0.994315
  1.33373 -0.682331  0.994315
  1.33416 -0.681571  0.994748
  1.33459 -0.680814  0.994748
  1.33503 -0.680057  0.995182
  1.33546 -0.679302  0.995615
   1.3359 -0.678547  0.995615
  1.33633 -0.677794  0.996049
  1.33676 -0.677041  0.996049
   1.3372  -0.67629  0.996482
  1.33763  -0.67554  0.996482
  1.33806 -0.674791  0.996916
   1.3385 -0.674042  0.996916
  1.33893 -0.673295  0.997349
  1.33936 -0.672549  0.997349
   1.3398 -0.671805  0.997783
  1.34023 -0.671061  0.997783
  1.34066 -0.670318  0.998216
   1.3411 -0.669576  0.998216
  1.34153 -0.668835   0.99865
  1.34196 -0.668096   0.99865
   1.3424 -0.667357  0.999083
  1.34283 -0.666619  0.999083
  1.34326 -0.665883  0.999517
   1.3437 -0.665148  0.999517
  1.34413 -0.664413   0.99995
  1.34456  -0.66368   0.99995
    1.345 -0.662947   1.00038
  1.34543 -0.662216   1.00038
  1.34587 -0.661485   1.00082
   1.3463 -0.660756   1.00082
  1.34673 -0.660028   1.00125
  1.34717 -0.659301   1.00168
   1.3476 -0.658574   1.00168
  1.34803  -0.65785   1.00212
  1.34847 -0.657125   1.00212
   1.3489 -0.656402   1.00255
  1.34933  -0.65568   1.00255
  1.34977 -0.654959   1.00298
   1.3502 -0.654239   1.00298
  1.35063  -0.65352   1.00342
  1.35107 -0.652802   1.00342
   1.3515 -0.652085   1.00385
  1.35193 -0.651368   1.00385
  1.35237 -0.650653   1.00428
   1.3528 -0.649939   1.00428
  1.35323 -0.649226   1.00472
  1.35367 -0.648514   1.00472
   1.3541 -0.647803   1.00515
  1.35453 -0.647093   1.00515
  1.35497 -0.646384   1.00559
   1.3554 -0.645676   1.00559
  1.35584 -0.644969   1.00602
  1.35627 -0.644263   1.00602
   1.3567 -0.643558   1.00645
  1.35714 -0.642854   1.00645
  1.35757 -0.642151   1.00689
    1.358 -0.641449   1.00689
  1.35844 -0.640747   1.00732
  1.35887 -0.640048   1.00732
   1.3593 -0.639348   1.00775
  1.35974  -0.63865   1.00819
  1.36017 -0.637953   1.00819
   1.3606 -0.637257   1.00862
  1.36104 -0.636561   1.00862
  1.36147 -0.635867   1.00905
   1.3619 -0.635173   1.00905
  1.36234 -0.634481   1.00949
  1.36277  -0.63379   1.00949
   1.3632 -0.633099   1.00992
  1.36364  -0.63241   1.00992
  1.36407 -0.631721   1.01035
   1.3645 -0.631034   1.01035
  1.36494 -0.630347   1.01079
  1.36537 -0.629661   1.01079
  1.36581 -0.628977   1.01122
  1.36624 -0.628293   1.01122
  1.36667  -0.62761   1.01165
  1.36711 -0.626928   1.01165
  1.36754 -0.626247   1.01209
  1.36797 -0.625567   1.01209
  1.36841 -0.624888   1.01252
  1.36884  -0.62421   1.01252
  1.36927 -0.623533   1.01295
  1.36971 -0.622857   1.01295
  1.37014 -0.622182   1.01339
  1.37057 -0.621508   1.01339
  1.37101 -0.620834   1.01382
  1.37144 -0.620162   1.01382
  1.37187  -0.61949   1.01425
  1.37231  -0.61882   1.01469
  1.37274  -0.61815   1.01469
  1.37317 -0.617481   1.01512
  1.37361 -0.616813   1.01512
  1.37404 -0.616147   1.01556
  1.37447  -0.61548   1.01556
  1.37491 -0.614816   1.01599
  1.37534 -0.614151   1.01599
  1.37578 -0.613488   1.01642
  1.37621 -0.612826   1.01642
  1.37664 -0.612164   1.01686
  1.37708 -0.611504   1.01686
  1.37751 -0.610844   1.01729
  1.37794 -0.610186   1.01729
  1.37838 -0.609528   1.01772
  1.37881 -0.608871   1.01772
  1.37924 -0.608215   1.01816
  1.37968  -0.60756   1.01816
  1.38011 -0.606906   1.01859
  1.38054 -0.606253   1.01859
  1.38098 -0.605601   1.01902
  1.38141 -0.604949   1.01902
  1.38184 -0.604299   1.01946
  1.38228 -0.603649   1.01946
  1.38271    -0.603   1.01989
  1.38314 -0.602353   1.01989
  1.38358 -0.601705   1.02032
  1.38401  -0.60106   1.02032
  1.38444 -0.600414   1.02076
  1.38488  -0.59977   1.02119
  1.38531 -0.599127   1.02119
  1.38575 -0.598484   1.02162
  1.38618 -0.597842   1.02162
  1.38661 -0.597202   1.02206
  1.38705 -0.596562   1.02206
  1.38748 -0.595923   1.02249
  1.38791 -0.595285   1.02249
  1.38835 -0.594647   1.02292
  1.38878 -0.594011   1.02292
  1.38921 -0.593376   1.02336
  1.38965 -0.592741   1.02336
  1.39008 -0.592107   1.02379
  1.39051 -0.591474   1.02379
  1.39095 -0.590842   1.02422
  1.39138 -0.590211   1.02422
  1.39181 -0.589581   1.02466
  1.39225 -0.588951   1.02466
  1.39268 -0.588323   1.02509
  1.39311 -0.587695   1.02509
  1.39355 -0.587068   1.02553
  1.39398 -0.586442   1.02553
  1.39441 -0.585817   1.02596
  1.39485 -0.585193   1.02596
  1.39528 -0.584569   1.02639
  1.39572 -0.583946   1.02639
  1.39615 -0.583324   1.02683
  1.39658 -0.582704   1.02683
  1.39702 -0.582083   1.02726
  1.39745 -0.581465   1.02726
  1.39788 -0.580846   1.02769
  1.39832 -0.580229   1.02813
  1.39875 -0.579611   1.02813
  1.39918 -0.578996   1.02856
  1.39962 -0.578381   1.02856
  1.40005 -0.577767   1.02899
  1.40048 -0.577153   1.02899
  1.40092 -0.576541   1.02943
  1.40135 -0.575929   1.02943
  1.40178 -0.575318   1.02986
  1.40222 -0.574708   1.02986
  1.40265 -0.574099   1.03029
  1.40308  -0.57349   1.03029
  1.40352 -0.572883   1.03073
  1.40395 -0.572276   1.03073
  1.40438  -0.57167   1.03116
  1.40482 -0.571065   1.03116
  1.40525 -0.570461   1.03159
  1.40569 -0.569857   1.03159
  1.40612 -0.569254   1.03203
  1.40655 -0.568653   1.03203
  1.40699 -0.568052   1.03246
  1.40742 -0.567451   1.03246
  1.40785 -0.566852   1.03289
  1.40829 -0.566253   1.03289
  1.40872 -0.565655   1.03333
  1.40915 -0.565059   1.03333
  1.40959 -0.564462   1.03376
  1.41002 -0.563867   1.03376
  1.41045 -0.563272   1.03419
  1.41089 -0.562679   1.03463
  1.41132 -0.562086   1.03463
  1.41175 -0.561494   1.03506
  1.41219 -0.560902   1.03506
  1.41262 -0.560312    1.0355
  1.41305 -0.559722    1.0355
  1.41349 -0.559133   1.03593
  1.41392 -0.558545   1.03593
  1.41435 -0.557957   1.03636
  1.41479 -0.557371   1.03636
  1.41522 -0.556785    1.0368
  1.41566   -0.5562    1.0368
  1.41609 -0.555616   1.03723
  1.41652 -0.555032   1.03723
  1.41696 -0.554449   1.03766
  1.41739 -0.553867   1.03766
  1.41782 -0.553286    1.0381
  1.41826 -0.552706    1.0381
  1.41869 -0.552126   1.03853
  1.41912 -0.551548   1.03853
  1.41956  -0.55097   1.03896
  1.41999 -0.550392   1.03896
  1.42042 -0.549816    1.0394
  1.42086  -0.54924    1.0394
  1.42129 -0.548665   1.03983
  1.42172 -0.548091   1.03983
  1.42216 -0.547518   1.04026
  1.42259 -0.546945   1.04026
  1.42302 -0.546373    1.0407
  1.42346 -0.545802    1.0407
  1.42389 -0.545232   1.04113
  1.42432 -0.544663   1.04156
  1.42476 -0.544093   1.04156
  1.42519 -0.543526     1.042
  1.42563 -0.542958     1.042
  1.42606 -0.542392   1.04243
  1.42649 -0.541826   1.04243
  1.42693 -0.541261   1.04286
  1.42736 -0.540697   1.04286
  1.42779 -0.540133    1.0433
  1.42823  -0.53957    1.0433
  1.42866 -0.539008   1.04373
  1.42909 -0.538447   1.04373
  1.42953 -0.537887   1.04416
  1.42996 -0.537327   1.04416
  1.43039 -0.536768    1.0446
  1.43083 -0.536209    1.0446
  1.43126 -0.535652   1.04503
  1.43169 -0.535095   1.04503
  1.43213 -0.534539   1.04547
  1.43256 -0.533984   1.04547
  1.43299 -0.533429    1.0459
  1.43343 -0.532875    1.0459
  1.43386 -0.532322   1.04633
  1.43429  -0.53177   1.04633
  1.43473 -0.531218   1.04677
  1.43516 -0.530667   1.04677
   1.4356 -0.530117    1.0472
  1.43603 -0.529568    1.0472
  1.43646 -0.529019   1.04763
   1.4369 -0.528471   1.04807
  1.43733 -0.527923   1.04807
  1.43776 -0.527377    1.0485
   1.4382 -0.526831    1.0485
  1.43863 -0.526286   1.04893
  1.43906 -0.525742   1.04893
   1.4395 -0.525198   1.04937
  1.43993 -0.524655   1.04937
  1.44036 -0.524113    1.0498
   1.4408 -0.523571    1.0498
  1.44123 -0.523031   1.05023
  1.44166  -0.52249   1.05023
   1.4421 -0.521951   1.05067
  1.44253 -0.521412   1.05067
  1.44296 -0.520874    1.0511
   1.4434 -0.520337    1.0511
  1.44383 -0.519801   1.05153
  1.44426 -0.519265   1.05153
   1.4447  -0.51873   1.05197
  1.44513 -0.518195   1.05197
  1.44557 -0.517662    1.0524
    1.446 -0.517129    1.0524
  1.44643 -0.516596   1.05283
  1.44687 -0.516065   1.05283
   1.4473 -0.515534   1.05327
  1.44773 -0.515004   1.05327
  1.44817 -0.514474    1.0537
   1.4486 -0.513945    1.0537
  1.44903 -0.513417   1.05413
  1.44947  -0.51289   1.05413
   1.4499 -0.512363   1.05457
  1.45033 -0.511837     1.055
  1.45077 -0.511311     1.055
   1.4512 -0.510787   1.05544
  1.45163 -0.510263   1.05544
  1.45207  -0.50974   1.05587
   1.4525 -0.509217   1.05587
  1.45293 -0.508695    1.0563
  1.45337 -0.508174    1.0563
   1.4538 -0.507653   1.05674
  1.45423 -0.507133   1.05674
  1.45467 -0.506614   1.05717
   1.4551 -0.506096   1.05717
  1.45554 -0.505578    1.0576
  1.45597 -0.505061    1.0576
   1.4564 -0.504544   1.05804
  1.45684 -0.504028   1.05804
  1.45727 -0.503513   1.05847
   1.4577 -0.502999   1.05847
  1.45814 -0.502485    1.0589
  1.45857 -0.501972    1.0589
    1.459 -0.501459   1.05934
  1.45944 -0.500948   1.05934
  1.45987 -0.500436   1.05977
   1.4603 -0.499926   1.05977
  1.46074 -0.499416    1.0602
  1.46117 -0.498907    1.0602
   1.4616 -0.498399   1.06064
  1.46204 -0.497891   1.06064
  1.46247 -0.497384   1.06107
   1.4629 -0.496878   1.06107
  1.46334 -0.496371    1.0615
  1.46377 -0.495867    1.0615
   1.4642 -0.495362   1.06194
  1.46464 -0.494858   1.06237
  1.46507 -0.494355   1.06237
  1.46551 -0.493852    1.0628
  1.46594  -0.49335    1.0628
  1.46637 -0.492849   1.06324
  1.46681 -0.492349   1.06324
  1.46724 -0.491849   1.06367
  1.46767 -0.491349   1.06367
  1.46811 -0.490851    1.0641
  1.46854 -0.490353    1.0641
  1.46897 -0.489856   1.06454
  1.46941 -0.489359   1.06454
  1.46984 -0.488863   1.06497
  1.47027 -0.488367   1.06497
  1.47071 -0.487873   1.06541
  1.47114 -0.487378   1.06541
  1.47157 -0.486885   1.06584
  1.47201 -0.486392   1.06584
  1.47244   -0.4859   1.06627
  1.47287 -0.485408   1.06627
  1.47331 -0.484917   1.06671
  1.47374 -0.484427   1.06671
  1.47417 -0.483937   1.06714
  1.47461 -0.483448   1.06714
  1.47504  -0.48296   1.06757
  1.47548 -0.482472   1.06757
  1.47591 -0.481985   1.06801
  1.47634 -0.481499   1.06801
  1.47678 -0.481013   1.06844
  1.47721 -0.480528   1.06844
  1.47764 -0.480043   1.06887
  1.47808 -0.479559   1.06931
  1.47851 -0.479075   1.06931
  1.47894 -0.478593   1.06974
  1.47938  -0.47811   1.06974
  1.47981 -0.477629   1.07017
  1.48024 -0.477148   1.07017
  1.48068 -0.476668   1.07061
  1.48111 -0.476188   1.07061
  1.48154 -0.475709   1.07104
  1.48198  -0.47523   1.07104
  1.48241 -0.474753   1.07147
  1.48284 -0.474275   1.07147
  1.48328 -0.473799   1.07191
  1.48371 -0.473323   1.07191
  1.48414 -0.472847   1.07234
  1.48458 -0.472373   1.07234
  1.48501 -0.471899   1.07277
  1.48545 -0.471425   1.07277
  1.48588 -0.470952   1.07321
  1.48631  -0.47048   1.07321
  1.48675 -0.470008   1.07364
  1.48718 -0.469537   1.07364
  1.48761 -0.469066   1.07407
  1.48805 -0.468596   1.07407
  1.48848 -0.468127   1.07451
  1.48891 -0.467658   1.07451
  1.48935  -0.46719   1.07494
  1.48978 -0.466723   1.07494
  1.49021 -0.466256   1.07538
  1.49065  -0.46579   1.07538
  1.49108 -0.465324   1.07581
  1.49151 -0.464859   1.07581
  1.49195 -0.464394   1.07624
  1.49238  -0.46393   1.07668
  1.49281 -0.463467   1.07668
  1.49325 -0.463004   1.07711
  1.49368 -0.462542   1.07711
  1.49411  -0.46208   1.07754
  1.49455 -0.461619   1.07754
  1.49498 -0.461159   1.07798
  1.49542 -0.460699   1.07798
  1.49585  -0.46024   1.07841
  1.49628 -0.459781   1.07841
  1.49672 -0.459323   1.07884
  1.49715 -0.458866   1.07884
  1.49758 -0.458409   1.07928
  1.49802 -0.457952   1.07928
  1.49845 -0.457497   1.07971
  1.49888 -0.457041   1.07971
  1.49932 -0.456587   1.08014
  1.49975 -0.456133   1.08014
  1.50018 -0.455679   1.08058
  1.50062 -0.455227   1.08058
  1.50105 -0.454774   1.08101
  1.50148 -0.454323   1.08101
  1.50192 -0.453871   1.08144
  1.50235 -0.453421   1.08144
  1.50278 -0.452971   1.08188
  1.50322 -0.452522   1.08188
  1.50365 -0.452073   1.08231
  1.50408 -0.451625   1.08231
  1.50452 -0.451177   1.08274
  1.50495  -0.45073   1.08274
  1.50539 -0.450283   1.08318
  1.50582 -0.449837   1.08361
  1.50625 -0.449391   1.08361
  1.50669 -0.448947   1.08404
  1.50712 -0.448502   1.08404
  1.50755 -0.448059   1.08448
  1.50799 -0.447615   1.08448
  1.50842 -0.447173   1.08491
  1.50885 -0.446731   1.08491
  1.50929 -0.446289   1.08535
  1.50972 -0.445848   1.08535
  1.51015 -0.445408   1.08578
  1.51059 -0.444968   1.08578
  1.51102 -0.444529   1.08621
  1.51145  -0.44409   1.08621
  1.51189 -0.443652   1.08665
  1.51232 -0.443214   1.08665
  1.51275 -0.442777   1.08708
  1.51319  -0.44234   1.08708
  1.51362 -0.441904   1.08751
  1.51405 -0.441469   1.08751
  1.51449 -0.441034   1.08795
  1.51492   -0.4406   1.08795
  1.51536 -0.440166   1.08838
  1.51579 -0.439733   1.08838
  1.51622   -0.4393   1.08881
  1.51666 -0.438868   1.08881
  1.51709 -0.438436   1.08925
  1.51752 -0.438005   1.08925
  1.51796 -0.437574   1.08968
  1.51839 -0.437145   1.08968
  1.51882 -0.436715   1.09011
  1.51926 -0.436286   1.09011
  1.51969 -0.435858   1.09055
  1.52012  -0.43543   1.09098
  1.52056 -0.435003   1.09098
  1.52099 -0.434576   1.09141
  1.52142  -0.43415   1.09141
  1.52186 -0.433724   1.09185
  1.52229 -0.433299   1.09185
  1.52272 -0.432874   1.09228
  1.52316  -0.43245   1.09228
  1.52359 -0.432026   1.09271
  1.52402 -0.431603   1.09271
  1.52446 -0.431181   1.09315
  1.52489 -0.430759   1.09315
  1.52533 -0.430337   1.09358
  1.52576 -0.429916   1.09358
  1.52619 -0.429496   1.09401
  1.52663 -0.429076   1.09401
  1.52706 -0.428657   1.09445
  1.52749 -0.428238   1.09445
  1.52793  -0.42782   1.09488
  1.52836 -0.427402   1.09488
  1.52879 -0.426985   1.09532
  1.52923 -0.426568   1.09532
  1.52966 -0.426152   1.09575
  1.53009 -0.425736   1.09575
  1.53053 -0.425321   1.09618
  1.53096 -0.424906   1.09618
  1.53139 -0.424492   1.09662
  1.53183 -0.424078   1.09662
  1.53226 -0.423665   1.09705
  1.53269 -0.423253   1.09705
  1.53313  -0.42284   1.09748
  1.53356 -0.422429   1.09748
  1.53399 -0.422018   1.09792
  1.53443 -0.421607   1.09792
  1.53486 -0.421197   1.09835
   1.5353 -0.420788   1.09878
  1.53573 -0.420378   1.09878
  1.53616  -0.41997   1.09922
   1.5366 -0.419562   1.09922
  1.53703 -0.419155   1.09965
  1.53746 -0.418747   1.09965
   1.5379 -0.418341   1.10008
  1.53833 -0.417935   1.10008
  1.53876 -0.417529   1.10052
   1.5392 -0.417124   1.10052
  1.53963  -0.41672   1.10095
  1.54006 -0.416316   1.10095
   1.5405 -0.415912   1.10138
  1.54093 -0.415509   1.10138
  1.54136 -0.415107   1.10182
   1.5418 -0.414705   1.10182
  1.54223 -0.414303   1.10225
  1.54266 -0.413902   1.10225
   1.5431 -0.413502   1.10268
  1.54353 -0.413102   1.10268
  1.54396 -0.412702   1.10312
   1.5444 -0.412303   1.10312
  1.54483 -0.411905   1.10355
  1.54527 -0.411507   1.10355
   1.5457 -0.411109   1.10398
  1.54613 -0.410712   1.10398
  1.54657 -0.410315   1.10442
    1.547  -0.40992   1.10442
  1.54743 -0.409524   1.10485
  1.54787 -0.409129   1.10485
   1.5483 -0.408734   1.10529
  1.54873  -0.40834   1.10529
  1.54917 -0.407946   1.10572
   1.5496 -0.407553   1.10615
  1.55003  -0.40716   1.10615
  1.55047 -0.406768   1.10659
   1.5509 -0.406377   1.10659
  1.55133 -0.405985   1.10702
  1.55177 -0.405595   1.10702
   1.5522 -0.405204   1.10745
  1.55263 -0.404814   1.10745
  1.55307 -0.404425   1.10789
   1.5535 -0.404036   1.10789
  1.55393 -0.403648   1.10832
  1.55437  -0.40326   1.10832
   1.5548 -0.402873   1.10875
  1.55524 -0.402486   1.10875
  1.55567 -0.402099   1.10919
   1.5561 -0.401713   1.10919
  1.55654 -0.401328   1.10962
  1.55697 -0.400943   1.10962
   1.5574 -0.400558   1.11005
  1.55784 -0.400174   1.11005
  1.55827  -0.39979   1.11049
   1.5587 -0.399407   1.11049
  1.55914 -0.399025   1.11092
  1.55957 -0.398642   1.11092
     1.56 -0.398261   1.11135
  1.56044 -0.397879   1.11135
  1.56087 -0.397499   1.11179
   1.5613 -0.397118   1.11179
  1.56174 -0.396738   1.11222
  1.56217 -0.396359   1.11222
   1.5626  -0.39598   1.11265
  1.56304 -0.395602   1.11265
  1.56347 -0.395223   1.11309
   1.5639 -0.394846   1.11309
  1.56434 -0.394469   1.11352
  1.56477 -0.394092   1.11395
  1.56521 -0.393716   1.11395
  1.56564  -0.39334   1.11439
  1.56607 -0.392965   1.11439
  1.56651  -0.39259   1.11482
  1.56694 -0.392216   1.11482
  1.56737 -0.391842   1.11526
  1.56781 -0.391468   1.11526
  1.56824 -0.391095   1.11569
  1.56867 -0.390723   1.11569
  1.56911 -0.390351   1.11612
  1.56954 -0.389979   1.11612
  1.56997 -0.389608   1.11656
  1.57041 -0.389237   1.11656
  1.57084 -0.388867   1.11699
  1.57127 -0.388497   1.11699
  1.57171 -0.388128   1.11742
  1.57214 -0.387759   1.11742
  1.57257  -0.38739   1.11786
  1.57301 -0.387022   1.11786
  1.57344 -0.386654   1.11829
  1.57387 -0.386287   1.11829
  1.57431 -0.385921   1.11872
  1.57474 -0.385554   1.11872
  1.57518 -0.385188   1.11916
  1.57561 -0.384823   1.11916
  1.57604 -0.384458   1.11959
  1.57648 -0.384094   1.11959
  1.57691  -0.38373   1.12002
  1.57734 -0.383366   1.12002
  1.57778 -0.383003   1.12046
  1.57821  -0.38264   1.12046
  1.57864 -0.382278   1.12089
  1.57908 -0.381916   1.12132
  1.57951 -0.381554   1.12132
  1.57994 -0.381194   1.12176
  1.58038 -0.380833   1.12176
  1.58081 -0.380473   1.12219
  1.58124 -0.380113   1.12219
  1.58168 -0.379754   1.12262
  1.58211 -0.379395   1.12262
  1.58254 -0.379037   1.12306
  1.58298 -0.378679   1.12306
  1.58341 -0.378321   1.12349
  1.58384 -0.377964   1.12349
  1.58428 -0.377608   1.12392
  1.58471 -0.377251   1.12392
  1.58515 -0.376896   1.12436
  1.58558  -0.37654   1.12436
  1.58601 -0.376185   1.12479
  1.58645 -0.375831   1.12479
  1.58688 -0.375477   1.12523
  1.58731 -0.375123   1.12523
  1.58775  -0.37477   1.12566
  1.58818 -0.374417   1.12566
  1.58861 -0.374065   1.12609
  1.58905 -0.373713   1.12609
  1.58948 -0.373361   1.12653
  1.58991  -0.37301   1.12653
  1.59035 -0.372659   1.12696
  1.59078 -0.372309   1.12696
  1.59121 -0.371959   1.12739
  1.59165  -0.37161   1.12739
  1.59208 -0.371261   1.12783
  1.59251 -0.370912   1.12783
  1.59295 -0.370564   1.12826
  1.59338 -0.370216   1.12826
  1.59381 -0.369869   1.12869
  1.59425 -0.369522   1.12869
  1.59468 -0.369175   1.12913
  1.59512 -0.368829   1.12956
  1.59555 -0.368483   1.12956
  1.59598 -0.368138   1.12999
  1.59642 -0.367793   1.12999
  1.59685 -0.367449   1.13043
  1.59728 -0.367105   1.13043
  1.59772 -0.366761   1.13086
  1.59815 -0.366418   1.13086
  1.59858 -0.366075   1.13129
  1.59902 -0.365733   1.13129
  1.59945 -0.365391   1.13173
  1.59988 -0.365049   1.13173
  1.60032 -0.364708   1.13216
  1.60075 -0.364367   1.13216
  1.60118 -0.364027   1.13259
  1.60162 -0.363687   1.13259
  1.60205 -0.363348   1.13303
  1.60248 -0.363008   1.13303
  1.60292  -0.36267   1.13346
  1.60335 -0.362331   1.13346
  1.60378 -0.361993   1.13389
  1.60422 -0.361656   1.13389
  1.60465 -0.361319   1.13433
  1.60509 -0.360982   1.13433
  1.60552 -0.360646   1.13476
  1.60595  -0.36031   1.13476
  1.60639 -0.359974    1.1352
  1.60682 -0.359639    1.1352
  1.60725 -0.359304   1.13563
  1.60769  -0.35897   1.13563
  1.60812 -0.358636   1.13606
  1.60855 -0.358303   1.13606
  1.60899 -0.357969    1.1365
  1.60942 -0.357637    1.1365
  1.60985 -0.357304   1.13693
  1.61029 -0.356972   1.13736
  1.61072 -0.356641   1.13736
  1.61115  -0.35631    1.1378
  1.61159 -0.355979    1.1378
  1.61202 -0.355649   1.13823
  1.61245 -0.355318   1.13823
  1.61289 -0.354989   1.13866
  1.61332  -0.35466   1.13866
  1.61375 -0.354331    1.1391
  1.61419 -0.354002    1.1391
  1.61462 -0.353674   1.13953
  1.61506 -0.353347   1.13953
  1.61549 -0.353019   1.13996
  1.61592 -0.352692   1.13996
  1.61636 -0.352366    1.1404
  1.61679  -0.35204    1.1404
  1.61722 -0.351714   1.14083
  1.61766 -0.351389   1.14083
  1.61809 -0.351064   1.14126
  1.61852 -0.350739   1.14126
  1.61896 -0.350415    1.1417
  1.61939 -0.350091    1.1417
  1.61982 -0.349768   1.14213
  1.62026 -0.349445   1.14213
  1.62069 -0.349122   1.14256
  1.62112   -0.3488   1.14256
  1.62156 -0.348478     1.143
  1.62199 -0.348156     1.143
  1.62242 -0.347835   1.14343
  1.62286 -0.347515   1.14343
  1.62329 -0.347194   1.14386
  1.62372 -0.346874   1.14386
  1.62416 -0.346554    1.1443
  1.62459 -0.346235    1.1443
  1.62503 -0.345916   1.14473
  1.62546 -0.345598   1.14517
  1.62589  -0.34528   1.14517
  1.62633 -0.344962    1.1456
  1.62676 -0.344644    1.1456
  1.62719 -0.344328   1.14603
  1.62763 -0.344011   1.14603
  1.62806 -0.343695   1.14647
  1.62849 -0.343379   1.14647
  1.62893 -0.343063    1.1469
  1.62936 -0.342748    1.1469
  1.62979 -0.342433   1.14733
  1.63023 -0.342119   1.14733
  1.63066 -0.341805   1.14777
  1.63109 -0.341491   1.14777
  1.63153 -0.341178    1.1482
  1.63196 -0.340865    1.1482
  1.63239 -0.340552   1.14863
  1.63283  -0.34024   1.14863
  1.63326 -0.339928   1.14907
  1.63369 -0.339616   1.14907
  1.63413 -0.339305    1.1495
  1.63456 -0.338995    1.1495
  1.63499 -0.338684   1.14993
  1.63543 -0.338374   1.14993
  1.63586 -0.338064   1.15037
   1.6363 -0.337755   1.15037
  1.63673 -0.337446    1.1508
  1.63716 -0.337138    1.1508
   1.6376 -0.336829   1.15123
  1.63803 -0.336522   1.15123
  1.63846 -0.336214   1.15167
   1.6389 -0.335907   1.15167
  1.63933   -0.3356    1.1521
  1.63976 -0.335294    1.1521
   1.6402 -0.334987   1.15253
  1.64063 -0.334682   1.15253
  1.64106 -0.334376   1.15297
   1.6415 -0.334071    1.1534
  1.64193 -0.333767    1.1534
  1.64236 -0.333462   1.15383
   1.6428 -0.333158   1.15383
  1.64323 -0.332855   1.15427
  1.64366 -0.332552   1.15427
   1.6441 -0.332249    1.1547
  1.64453 -0.331946    1.1547
  1.64496 -0.331644   1.15514
   1.6454 -0.331342   1.15514
  1.64583 -0.331041   1.15557
  1.64627 -0.330739   1.15557
   1.6467 -0.330439     1.156
  1.64713 -0.330138     1.156
  1.64757 -0.329838   1.15644
    1.648 -0.329538   1.15644
  1.64843 -0.329239   1.15687
  1.64887  -0.32894   1.15687
   1.6493 -0.328641    1.1573
  1.64973 -0.328343    1.1573
  1.65017 -0.328045   1.15774
   1.6506 -0.327747   1.15774
  1.65103  -0.32745   1.15817
  1.65147 -0.327153   1.15817
   1.6519 -0.326856    1.1586
  1.65233  -0.32656    1.1586
  1.65277 -0.326264   1.15904
   1.6532 -0.325968   1.15904
  1.65363 -0.325673   1.15947
  1.65407 -0.325378   1.15947
   1.6545 -0.325084    1.1599
  1.65493 -0.324789    1.1599
  1.65537 -0.324495   1.16034
   1.6558 -0.324202   1.16034
  1.65624 -0.323909   1.16077
  1.65667 -0.323616   1.16077
   1.6571 -0.323323    1.1612
  1.65754 -0.323031   1.16164
  1.65797 -0.322739   1.16164
   1.6584 -0.322448   1.16207
  1.65884 -0.322156   1.16207
  1.65927 -0.321866    1.1625
   1.6597 -0.321575    1.1625
  1.66014 -0.321285   1.16294
  1.66057 -0.320995   1.16294
    1.661 -0.320705   1.16337
  1.66144 -0.320416   1.16337
  1.66187 -0.320127    1.1638
   1.6623 -0.319839    1.1638
  1.66274 -0.319551   1.16424
  1.66317 -0.319263   1.16424
   1.6636 -0.318975   1.16467
  1.66404 -0.318688   1.16467
  1.66447 -0.318401   1.16511
   1.6649 -0.318115   1.16511
  1.66534 -0.317828   1.16554
  1.66577 -0.317542   1.16554
  1.66621 -0.317257   1.16597
  1.66664 -0.316972   1.16597
  1.66707 -0.316687   1.16641
  1.66751 -0.316402   1.16641
  1.66794 -0.316118   1.16684
  1.66837 -0.315834   1.16684
  1.66881  -0.31555   1.16727
  1.66924 -0.315267   1.16727
  1.66967 -0.314984   1.16771
  1.67011 -0.314702   1.16771
  1.67054 -0.314419   1.16814
  1.67097 -0.314137   1.16814
  1.67141 -0.313856   1.16857
  1.67184 -0.313574   1.16857
  1.67227 -0.313293   1.16901
  1.67271 -0.313013   1.16901
  1.67314 -0.312732   1.16944
  1.67357 -0.312452   1.16987
  1.67401 -0.312172   1.16987
  1.67444 -0.311893   1.17031
  1.67487 -0.311614   1.17031
  1.67531 -0.311335   1.17074
  1.67574 -0.311057   1.17074
  1.67618 -0.310779   1.17117
  1.67661 -0.310501   1.17117
  1.67704 -0.310223   1.17161
  1.67748 -0.309946   1.17161
  1.67791 -0.309669   1.17204
  1.67834 -0.309392   1.17204
  1.67878 -0.309116   1.17247
  1.67921  -0.30884   1.17247
  1.67964 -0.308565   1.17291
  1.68008 -0.308289   1.17291
  1.68051 -0.308014   1.17334
  1.68094  -0.30774   1.17334
  1.68138 -0.307465   1.17377
  1.68181 -0.307191   1.17377
  1.68224 -0.306918   1.17421
  1.68268 -0.306644   1.17421
  1.68311 -0.306371   1.17464
  1.68354 -0.306098   1.17464
  1.68398 -0.305826   1.17508
  1.68441 -0.305554   1.17508
  1.68484 -0.305282   1.17551
  1.68528  -0.30501   1.17551
  1.68571 -0.304739   1.17594
  1.68615 -0.304468   1.17594
  1.68658 -0.304197   1.17638
  1.68701 -0.303927   1.17638
  1.68745 -0.303657   1.17681
  1.68788 -0.303387   1.17681
  1.68831 -0.303118   1.17724
  1.68875 -0.302849   1.17724
  1.68918  -0.30258   1.17768
  1.68961 -0.302311   1.17768
  1.69005 -0.302043   1.17811
  1.69048 -0.301775   1.17854
  1.69091 -0.301508   1.17854
  1.69135  -0.30124   1.17898
  1.69178 -0.300973   1.17898
  1.69221 -0.300707   1.17941
  1.69265  -0.30044   1.17941
  1.69308 -0.300174   1.17984
  1.69351 -0.299908   1.17984
  1.69395 -0.299643   1.18028
  1.69438 -0.299378   1.18028
  1.69481 -0.299113   1.18071
  1.69525 -0.298848   1.18071
  1.69568 -0.298584   1.18114
  1.69612  -0.29832   1.18114
  1.69655 -0.298056   1.18158
  1.69698 -0.297793   1.18158
  1.69742  -0.29753   1.18201
  1.69785 -0.297267   1.18201
  1.69828 -0.297004   1.18244
  1.69872 -0.296742   1.18244
  1.69915  -0.29648   1.18288
  1.69958 -0.296219   1.18288
  1.70002 -0.295957   1.18331
  1.70045 -0.295696   1.18331
  1.70088 -0.295435   1.18374
  1.70132 -0.295175   1.18374
  1.70175 -0.294915   1.18418
  1.70218 -0.294655   1.18418
  1.70262 -0.294395   1.18461
  1.70305 -0.294136   1.18461
  1.70348 -0.293877   1.18505
  1.70392 -0.293618   1.18505
  1.70435  -0.29336   1.18548
  1.70478 -0.293102   1.18548
  1.70522 -0.292844   1.18591
  1.70565 -0.292587   1.18591
  1.70609 -0.292329   1.18635
  1.70652 -0.292072   1.18678
  1.70695 -0.291816   1.18678
  1.70739 -0.291559   1.18721
  1.70782 -0.291303   1.18721
  1.70825 -0.291047   1.18765
  1.70869 -0.290792   1.18765
  1.70912 -0.290537   1.18808
  1.70955 -0.290282   1.18808
  1.70999 -0.290027   1.18851
  1.71042 -0.289773   1.18851
  1.71085 -0.289519   1.18895
  1.71129 -0.289265   1.18895
  1.71172 -0.289011   1.18938
  1.71215 -0.288758   1.18938
  1.71259 -0.288505   1.18981
  1.71302 -0.288252   1.18981
  1.71345    -0.288   1.19025
  1.71389 -0.287748   1.19025
  1.71432 -0.287496   1.19068
  1.71475 -0.287244   1.19068
  1.71519 -0.286993   1.19111
  1.71562 -0.286742   1.19111
  1.71606 -0.286491   1.19155
  1.71649 -0.286241   1.19155
  1.71692 -0.285991   1.19198
  1.71736 -0.285741   1.19198
  1.71779 -0.285491   1.19241
  1.71822 -0.285242   1.19241
  1.71866 -0.284993   1.19285
  1.71909 -0.284744   1.19285
  1.71952 -0.284496   1.19328
  1.71996 -0.284248   1.19328
  1.72039 -0.283999   1.19371
  1.72082 -0.283752   1.19371
  1.72126 -0.283504   1.19415
  1.72169 -0.283257   1.19415
  1.72212 -0.283011   1.19458
  1.72256 -0.282764   1.19458
  1.72299 -0.282518   1.19502
  1.72342 -0.282272   1.19545
  1.72386 -0.282026   1.19545
  1.72429 -0.281781   1.19588
  1.72472 -0.281535   1.19588
  1.72516  -0.28129   1.19632
  1.72559 -0.281046   1.19632
  1.72603 -0.280801   1.19675
  1.72646 -0.280557   1.19675
  1.72689 -0.280313   1.19718
  1.72733  -0.28007   1.19718
  1.72776 -0.279827   1.19762
  1.72819 -0.279583   1.19762
  1.72863 -0.279341   1.19805
  1.72906 -0.279098   1.19805
  1.72949 -0.278856   1.19848
  1.72993 -0.278614   1.19848
  1.73036 -0.278372   1.19892
  1.73079 -0.278131   1.19892
  1.73123  -0.27789   1.19935
  1.73166 -0.277649   1.19935
  1.73209 -0.277408   1.19978
  1.73253 -0.277168   1.19978
  1.73296 -0.276928   1.20022
  1.73339 -0.276688   1.20022
  1.73383 -0.276448   1.20065
  1.73426 -0.276209   1.20065
  1.73469  -0.27597   1.20108
  1.73513 -0.275731   1.20108
  1.73556 -0.275493   1.20152
    1.736 -0.275255   1.20152
  1.73643 -0.275017   1.20195
  1.73686 -0.274779   1.20195
   1.7373 -0.274541   1.20238
  1.73773 -0.274304   1.20238
  1.73816 -0.274067   1.20282
   1.7386 -0.273831   1.20282
  1.73903 -0.273594   1.20325
  1.73946 -0.273358   1.20325
   1.7399 -0.273122   1.20368
  1.74033 -0.272887   1.20368
  1.74076 -0.272651   1.20412
   1.7412 -0.272416   1.20455
  1.74163 -0.272181   1.20455
  1.74206 -0.271947   1.20498
   1.7425 -0.271712   1.20498
  1.74293 -0.271478   1.20542
  1.74336 -0.271244   1.20542
   1.7438 -0.271011   1.20585
  1.74423 -0.270778   1.20585
  1.74466 -0.270545   1.20629
   1.7451 -0.270312   1.20629
  1.74553 -0.270079   1.20672
  1.74597 -0.269847   1.20672
   1.7464 -0.269615   1.20715
  1.74683 -0.269383   1.20715
  1.74727 -0.269152   1.20759
   1.7477  -0.26892   1.20759
  1.74813 -0.268689   1.20802
  1.74857 -0.268458   1.20802
    1.749 -0.268228   1.20845
  1.74943 -0.267998   1.20845
  1.74987 -0.267768   1.20889
   1.7503 -0.267538   1.20889
  1.75073 -0.267308   1.20932
  1.75117 -0.267079   1.20932
   1.7516  -0.26685   1.20975
  1.75203 -0.266621   1.20975
  1.75247 -0.266393   1.21019
   1.7529 -0.266165   1.21019
  1.75333 -0.265937   1.21062
  1.75377 -0.265709   1.21062
   1.7542 -0.265481   1.21105
  1.75463 -0.265254   1.21105
  1.75507 -0.265027   1.21149
   1.7555   -0.2648   1.21149
  1.75594 -0.264574   1.21192
  1.75637 -0.264348   1.21192
   1.7568 -0.264122   1.21235
  1.75724 -0.263896   1.21235
  1.75767  -0.26367   1.21279
   1.7581 -0.263445   1.21322
  1.75854  -0.26322   1.21322
  1.75897 -0.262995   1.21365
   1.7594 -0.262771   1.21365
  1.75984 -0.262546   1.21409
  1.76027 -0.262322   1.21409
   1.7607 -0.262099   1.21452
  1.76114 -0.261875   1.21452
  1.76157 -0.261652   1.21495
    1.762 -0.261428   1.21495
  1.76244 -0.261206   1.21539
  1.76287 -0.260983   1.21539
   1.7633 -0.260761   1.21582
  1.76374 -0.260539   1.21582
  1.76417 -0.260317   1.21626
   1.7646 -0.260095   1.21626
  1.76504 -0.259874   1.21669
  1.76547 -0.259653   1.21669
  1.76591 -0.259432   1.21712
  1.76634 -0.259211   1.21712
  1.76677 -0.258991   1.21756
  1.76721  -0.25877   1.21756
  1.76764  -0.25855   1.21799
  1.76807 -0.258331   1.21799
  1.76851 -0.258111   1.21842
  1.76894 -0.257892   1.21842
  1.76937 -0.257673   1.21886
  1.76981 -0.257454   1.21886
  1.77024 -0.257236   1.21929
  1.77067 -0.257017   1.21929
  1.77111 -0.256799   1.21972
  1.77154 -0.256581   1.21972
  1.77197 -0.256364   1.22016
  1.77241 -0.256147   1.22016
  1.77284 -0.255929   1.22059
  1.77327 -0.255713   1.22059
  1.77371 -0.255496   1.22102
  1.77414 -0.255279   1.22102
  1.77457 -0.255063   1.22146
  1.77501 -0.254847   1.22146
  1.77544 -0.254632   1.22189
  1.77588 -0.254416   1.22232
  1.77631 -0.254201   1.22232
  1.77674 -0.253986   1.22276
  1.77718 -0.253771   1.22276
  1.77761 -0.253557   1.22319
  1.77804 -0.253342   1.22319
  1.77848 -0.253128   1.22362
  1.77891 -0.252914   1.22362
  1.77934 -0.252701   1.22406
  1.77978 -0.252487   1.22406
  1.78021 -0.252274   1.22449
  1.78064 -0.252061   1.22449
  1.78108 -0.251848   1.22492
  1.78151 -0.251636   1.22492
  1.78194 -0.251424   1.22536
  1.78238 -0.251212   1.22536
  1.78281    -0.251   1.22579
  1.78324 -0.250788   1.22579
  1.78368 -0.250577   1.22623
  1.78411 -0.250366   1.22623
  1.78454 -0.250155   1.22666
  1.78498 -0.249944   1.22666
  1.78541 -0.249734   1.22709
  1.78585 -0.249524   1.22709
  1.78628 -0.249314   1.22753
  1.78671 -0.249104   1.22753
  1.78715 -0.248894   1.22796
  1.78758 -0.248685   1.22796
  1.78801 -0.248476   1.22839
  1.78845 -0.248267   1.22839
  1.78888 -0.248058   1.22883
  1.78931  -0.24785   1.22883
  1.78975 -0.247642   1.22926
  1.79018 -0.247434   1.22926
  1.79061 -0.247226   1.22969
  1.79105 -0.247019   1.22969
  1.79148 -0.246811   1.23013
  1.79191 -0.246604   1.23013
  1.79235 -0.246397   1.23056
  1.79278 -0.246191   1.23056
  1.79321 -0.245984   1.23099
  1.79365 -0.245778   1.23143
  1.79408 -0.245572   1.23143
  1.79451 -0.245366   1.23186
  1.79495 -0.245161   1.23186
  1.79538 -0.244955   1.23229
  1.79582  -0.24475   1.23229
  1.79625 -0.244545   1.23273
  1.79668 -0.244341   1.23273
  1.79712 -0.244136   1.23316
  1.79755 -0.243932   1.23316
  1.79798 -0.243728   1.23359
  1.79842 -0.243524   1.23359
  1.79885 -0.243321   1.23403
  1.79928 -0.243117   1.23403
  1.79972 -0.242914   1.23446
  1.80015 -0.242711   1.23446
  1.80058 -0.242509   1.23489
  1.80102 -0.242306   1.23489
  1.80145 -0.242104   1.23533
  1.80188 -0.241902   1.23533
  1.80232   -0.2417   1.23576
  1.80275 -0.241498   1.23576
  1.80318 -0.241297    1.2362
  1.80362 -0.241096    1.2362
  1.80405 -0.240895   1.23663
  1.80448 -0.240694   1.23663
  1.80492 -0.240493   1.23706
  1.80535 -0.240293   1.23706
  1.80579 -0.240093    1.2375
  1.80622 -0.239893    1.2375
  1.80665 -0.239693   1.23793
  1.80709 -0.239494   1.23793
  1.80752 -0.239294   1.23836
  1.80795 -0.239095   1.23836
  1.80839 -0.238896    1.2388
  1.80882 -0.238698    1.2388
  1.80925 -0.238499   1.23923
  1.80969 -0.238301   1.23923
  1.81012 -0.238103   1.23966
  1.81055 -0.237905   1.23966
  1.81099 -0.237708    1.2401
  1.81142  -0.23751    1.2401
  1.81185 -0.237313   1.24053
  1.81229 -0.237116   1.24096
  1.81272 -0.236919   1.24096
  1.81315 -0.236723    1.2414
  1.81359 -0.236526    1.2414
  1.81402  -0.23633   1.24183
  1.81445 -0.236134   1.24183
  1.81489 -0.235939   1.24226
  1.81532 -0.235743   1.24226
  1.81576 -0.235548    1.2427
  1.81619 -0.235353    1.2427
  1.81662 -0.235158   1.24313
  1.81706 -0.234963   1.24313
  1.81749 -0.234769   1.24356
  1.81792 -0.234574   1.24356
  1.81836  -0.23438     1.244
  1.81879 -0.234186     1.244
  1.81922 -0.233993   1.24443
  1.81966 -0.233799   1.24443
  1.82009 -0.233606   1.24486
  1.82052 -0.233413   1.24486
  1.82096  -0.23322    1.2453
  1.82139 -0.233027    1.2453
  1.82182 -0.232835   1.24573
  1.82226 -0.232643   1.24573
  1.82269  -0.23245   1.24617
  1.82312 -0.232259   1.24617
  1.82356 -0.232067    1.2466
  1.82399 -0.231876    1.2466
  1.82442 -0.231684   1.24703
  1.82486 -0.231493   1.24703
  1.82529 -0.231302   1.24747
  1.82573 -0.231112   1.24747
  1.82616 -0.230921    1.2479
  1.82659 -0.230731    1.2479
  1.82703 -0.230541   1.24833
  1.82746 -0.230351   1.24833
  1.82789 -0.230162   1.24877
  1.82833 -0.229972   1.24877
  1.82876 -0.229783    1.2492
  1.82919 -0.229594    1.2492
  1.82963 -0.229405   1.24963
  1.83006 -0.229216   1.25007
  1.83049 -0.229028   1.25007
  1.83093  -0.22884    1.2505
  1.83136 -0.228652    1.2505
  1.83179 -0.228464   1.25093
  1.83223 -0.228276   1.25093
  1.83266 -0.228089   1.25137
  1.83309 -0.227901   1.25137
  1.83353 -0.227714    1.2518
  1.83396 -0.227527    1.2518
  1.83439 -0.227341   1.25223
  1.83483 -0.227154   1.25223
  1.83526 -0.226968   1.25267
   1.8357 -0.226782   1.25267
  1.83613 -0.226596    1.2531
  1.83656  -0.22641    1.2531
    1.837 -0.226225   1.25353
  1.83743 -0.226039   1.25353
  1.83786 -0.225854   1.25397
   1.8383 -0.225669   1.25397
  1.83873 -0.225484    1.2544
  1.83916   -0.2253    1.2544
   1.8396 -0.225116   1.25483
  1.84003 -0.224931   1.25483
  1.84046 -0.224747   1.25527
   1.8409 -0.224564   1.25527
  1.84133  -0.22438    1.2557
  1.84176 -0.224197    1.2557
   1.8422 -0.224013   1.25614
  1.84263  -0.22383   1.25614
  1.84306 -0.223648   1.25657
   1.8435 -0.223465   1.25657
  1.84393 -0.223282     1.257
  1.84436   -0.2231     1.257
   1.8448 -0.222918   1.25744
  1.84523 -0.222736   1.25744
  1.84567 -0.222555   1.25787
   1.8461 -0.222373   1.25787
  1.84653 -0.222192    1.2583
  1.84697 -0.222011    1.2583
   1.8474  -0.22183   1.25874
  1.84783 -0.221649   1.25874
  1.84827 -0.221468   1.25917
   1.8487 -0.221288    1.2596
  1.84913 -0.221108    1.2596
  1.84957 -0.220928   1.26004
     1.85 -0.220748   1.26004