 kgrid  ValNew  Policy 
     0.55   -20.757  0.589446
 0.550433  -20.7168   0.58988
 0.550867  -20.6768  0.590313
   0.5513  -20.6369  0.590313
 0.551734   -20.597  0.590747
 0.552167  -20.5573   0.59118
 0.552601  -20.5177   0.59118
 0.553034  -20.4782  0.591614
 0.553468  -20.4388  0.592047
 0.553901  -20.3996  0.592047
 0.554335  -20.3604  0.592481
 0.554768  -20.3213  0.592914
 0.555202  -20.2824  0.593348
 0.555635  -20.2435  0.593348
 0.556069  -20.2047  0.593781
 0.556502   -20.166  0.594215
 0.556936  -20.1275  0.594648
 0.557369   -20.089  0.594648
 0.557803  -20.0506  0.595082
 0.558236  -20.0123  0.595515
  0.55867  -19.9741  0.595515
 0.559103   -19.936  0.595949
 0.559537   -19.898  0.596382
  0.55997  -19.8601  0.596816
 0.560403  -19.8223  0.596816
 0.560837  -19.7846  0.597249
  0.56127   -19.747  0.597683
 0.561704  -19.7095  0.598116
 0.562137   -19.672  0.598116
 0.562571  -19.6347   0.59855
 0.563004  -19.5975  0.598983
 0.563438  -19.5604  0.598983
 0.563871  -19.5233  0.599416
 0.564305  -19.4863   0.59985
 0.564738  -19.4495  0.600283
 0.565172  -19.4127  0.600283
 0.565605   -19.376  0.600717
 0.566039  -19.3394   0.60115
 0.566472   -19.303  0.601584
 0.566906  -19.2665  0.601584
 0.567339  -19.2302  0.602017
 0.567773   -19.194  0.602451
 0.568206  -19.1579  0.602884
  0.56864  -19.1218  0.602884
 0.569073  -19.0859  0.603318
 0.569507    -19.05  0.603751
  0.56994  -19.0143  0.603751
 0.570373  -18.9786  0.604185
 0.570807   -18.943  0.604618
  0.57124  -18.9075  0.605052
 0.571674  -18.8721  0.605052
 0.572107  -18.8367  0.605485
 0.572541  -18.8015  0.605919
 0.572974  -18.7664  0.606352
 0.573408  -18.7313  0.606352
 0.573841  -18.6963  0.606786
 0.574275  -18.6614  0.607219
 0.574708  -18.6266  0.607219
 0.575142  -18.5919  0.607653
 0.575575  -18.5573  0.608086
 0.576009  -18.5227   0.60852
 0.576442  -18.4883   0.60852
 0.576876  -18.4539  0.608953
 0.577309  -18.4196  0.609386
 0.577743  -18.3854   0.60982
 0.578176  -18.3513   0.60982
  0.57861  -18.3172  0.610253
 0.579043  -18.2833  0.610687
 0.579476  -18.2494  0.610687
  0.57991  -18.2156   0.61112
 0.580343  -18.1819  0.611554
 0.580777  -18.1483  0.611987
  0.58121  -18.1148  0.611987
 0.581644  -18.0813  0.612421
 0.582077  -18.0479  0.612854
 0.582511  -18.0146  0.612854
 0.582944  -17.9814  0.613288
 0.583378  -17.9483  0.613721
 0.583811  -17.9152  0.614155
 0.584245  -17.8823  0.614155
 0.584678  -17.8494  0.614588
 0.585112  -17.8166  0.615022
 0.585545  -17.7838  0.615455
 0.585979  -17.7512  0.615455
 0.586412  -17.7186  0.615889
 0.586846  -17.6861  0.616322
 0.587279  -17.6537  0.616322
 0.587713  -17.6214  0.616756
 0.588146  -17.5891  0.617189
  0.58858  -17.5569  0.617623
 0.589013  -17.5249  0.617623
 0.589446  -17.4928  0.618056
  0.58988  -17.4609  0.618489
 0.590313   -17.429  0.618923
 0.590747  -17.3972  0.618923
  0.59118  -17.3655  0.619356
 0.591614  -17.3339   0.61979
 0.592047  -17.3023   0.61979
 0.592481  -17.2708  0.620223
 0.592914  -17.2394  0.620657
 0.593348  -17.2081   0.62109
 0.593781  -17.1769   0.62109
 0.594215  -17.1457  0.621524
 0.594648  -17.1146  0.621957
 0.595082  -17.0835  0.622391
 0.595515  -17.0526  0.622391
 0.595949  -17.0217  0.622824
 0.596382  -16.9909  0.623258
 0.596816  -16.9602  0.623258
 0.597249  -16.9295  0.623691
 0.597683  -16.8989  0.624125
 0.598116  -16.8684  0.624558
  0.59855   -16.838  0.624558
 0.598983  -16.8076  0.624992
 0.599416  -16.7773  0.625425
  0.59985  -16.7471  0.625859
 0.600283  -16.7169  0.625859
 0.600717  -16.6868  0.626292
  0.60115  -16.6568  0.626726
 0.601584  -16.6269  0.626726
 0.602017   -16.597  0.627159
 0.602451  -16.5672  0.627593
 0.602884  -16.5375  0.628026
 0.603318  -16.5079  0.628026
 0.603751  -16.4783  0.628459
 0.604185  -16.4488  0.628893
 0.604618  -16.4193  0.629326
 0.605052    -16.39  0.629326
 0.605485  -16.3607   0.62976
 0.605919  -16.3314  0.630193
 0.606352  -16.3023  0.630193
 0.606786  -16.2732  0.630627
 0.607219  -16.2441   0.63106
 0.607653  -16.2152  0.631494
 0.608086  -16.1863  0.631494
  0.60852  -16.1575  0.631927
 0.608953  -16.1287  0.632361
 0.609386  -16.1001  0.632361
  0.60982  -16.0714  0.632794
 0.610253  -16.0429  0.633228
 0.610687  -16.0144  0.633661
  0.61112   -15.986  0.633661
 0.611554  -15.9576  0.634095
 0.611987  -15.9293  0.634528
 0.612421  -15.9011  0.634962
 0.612854   -15.873  0.634962
 0.613288  -15.8449  0.635395
 0.613721  -15.8169  0.635829
 0.614155  -15.7889  0.635829
 0.614588   -15.761  0.636262
 0.615022  -15.7332  0.636696
 0.615455  -15.7055  0.637129
 0.615889  -15.6778  0.637129
 0.616322  -15.6501  0.637563
 0.616756  -15.6226  0.637996
 0.617189  -15.5951  0.637996
 0.617623  -15.5676  0.638429
 0.618056  -15.5403  0.638863
 0.618489   -15.513  0.639296
 0.618923  -15.4857  0.639296
 0.619356  -15.4585   0.63973
  0.61979  -15.4314  0.640163
 0.620223  -15.4044  0.640597
 0.620657  -15.3774  0.640597
  0.62109  -15.3504   0.64103
 0.621524  -15.3236  0.641464
 0.621957  -15.2968  0.641464
 0.622391    -15.27  0.641897
 0.622824  -15.2433  0.642331
 0.623258  -15.2167  0.642764
 0.623691  -15.1902  0.642764
 0.624125  -15.1637  0.643198
 0.624558  -15.1372  0.643631
 0.624992  -15.1109  0.643631
 0.625425  -15.0846  0.644065
 0.625859  -15.0583  0.644498
 0.626292  -15.0321  0.644932
 0.626726   -15.006  0.644932
 0.627159  -14.9799  0.645365
 0.627593  -14.9539  0.645799
 0.628026   -14.928  0.646232
 0.628459   -14.902  0.646232
 0.628893  -14.8762  0.646666
 0.629326  -14.8504  0.647099
  0.62976  -14.8247  0.647099
 0.630193  -14.7991  0.647533
 0.630627  -14.7735  0.647966
  0.63106  -14.7479  0.648399
 0.631494  -14.7225  0.648399
 0.631927   -14.697  0.648833
 0.632361  -14.6717  0.649266
 0.632794  -14.6464  0.649266
 0.633228  -14.6211    0.6497
 0.633661  -14.5959  0.650133
 0.634095  -14.5708  0.650567
 0.634528  -14.5457  0.650567
 0.634962  -14.5207     0.651
 0.635395  -14.4957  0.651434
 0.635829  -14.4708  0.651867
 0.636262   -14.446  0.651867
 0.636696  -14.4212  0.652301
 0.637129  -14.3964  0.652734
 0.637563  -14.3718  0.652734
 0.637996  -14.3471  0.653168
 0.638429  -14.3226  0.653601
 0.638863  -14.2981  0.654035
 0.639296  -14.2736  0.654035
  0.63973  -14.2492  0.654468
 0.640163  -14.2248  0.654902
 0.640597  -14.2006  0.654902
  0.64103  -14.1763  0.655335
 0.641464  -14.1521  0.655769
 0.641897   -14.128  0.656202
 0.642331  -14.1039  0.656202
 0.642764  -14.0799  0.656636
 0.643198   -14.056  0.657069
 0.643631   -14.032  0.657503
 0.644065  -14.0082  0.657503
 0.644498  -13.9844  0.657936
 0.644932  -13.9606  0.658369
 0.645365  -13.9369  0.658369
 0.645799  -13.9133  0.658803
 0.646232  -13.8897  0.659236
 0.646666  -13.8662  0.659236
 0.647099  -13.8427   0.65967
 0.647533  -13.8192  0.660103
 0.647966  -13.7959  0.660537
 0.648399  -13.7725  0.660537
 0.648833  -13.7492   0.66097
 0.649266   -13.726  0.661404
   0.6497  -13.7029  0.661837
 0.650133  -13.6797  0.661837
 0.650567  -13.6566  0.662271
    0.651  -13.6336  0.662704
 0.651434  -13.6107  0.663138
 0.651867  -13.5877  0.663138
 0.652301  -13.5649  0.663571
 0.652734  -13.5421  0.664005
 0.653168  -13.5193  0.664005
 0.653601  -13.4966  0.664438
 0.654035  -13.4739  0.664872
 0.654468  -13.4513  0.664872
 0.654902  -13.4288  0.665305
 0.655335  -13.4062  0.665739
 0.655769  -13.3838  0.666172
 0.656202  -13.3614  0.666172
 0.656636   -13.339  0.666606
 0.657069  -13.3167  0.667039
 0.657503  -13.2944  0.667472
 0.657936  -13.2722  0.667472
 0.658369    -13.25  0.667906
 0.658803  -13.2279  0.668339
 0.659236  -13.2059  0.668339
  0.65967  -13.1838  0.668773
 0.660103  -13.1619  0.669206
 0.660537    -13.14   0.66964
  0.66097  -13.1181   0.66964
 0.661404  -13.0962  0.670073
 0.661837  -13.0745  0.670507
 0.662271  -13.0527   0.67094
 0.662704   -13.031   0.67094
 0.663138  -13.0094  0.671374
 0.663571  -12.9878  0.671807
 0.664005  -12.9663  0.671807
 0.664438  -12.9448  0.672241
 0.664872  -12.9233  0.672674
 0.665305   -12.902  0.672674
 0.665739  -12.8806  0.673108
 0.666172  -12.8593  0.673541
 0.666606   -12.838  0.673975
 0.667039  -12.8168  0.673975
 0.667472  -12.7956  0.674408
 0.667906  -12.7745  0.674842
 0.668339  -12.7535  0.675275
 0.668773  -12.7324  0.675275
 0.669206  -12.7114  0.675709
  0.66964  -12.6905  0.676142
 0.670073  -12.6696  0.676142
 0.670507  -12.6488  0.676576
  0.67094   -12.628  0.677009
 0.671374  -12.6072  0.677442
 0.671807  -12.5865  0.677442
 0.672241  -12.5658  0.677876
 0.672674  -12.5452  0.678309
 0.673108  -12.5246  0.678309
 0.673541  -12.5041  0.678743
 0.673975  -12.4836  0.679176
 0.674408  -12.4632   0.67961
 0.674842  -12.4428   0.67961
 0.675275  -12.4224  0.680043
 0.675709  -12.4021  0.680477
 0.676142  -12.3818  0.680477
 0.676576  -12.3616   0.68091
 0.677009  -12.3414  0.681344
 0.677442  -12.3213  0.681777
 0.677876  -12.3012  0.681777
 0.678309  -12.2811  0.682211
 0.678743  -12.2611  0.682644
 0.679176  -12.2412  0.682644
  0.67961  -12.2212  0.683078
 0.680043  -12.2013  0.683511
 0.680477  -12.1815  0.683945
  0.68091  -12.1617  0.683945
 0.681344   -12.142  0.684378
 0.681777  -12.1223  0.684812
 0.682211  -12.1026  0.685245
 0.682644   -12.083  0.685245
 0.683078  -12.0634  0.685679
 0.683511  -12.0438  0.686112
 0.683945  -12.0243  0.686112
 0.684378  -12.0049  0.686546
 0.684812  -11.9855  0.686979
 0.685245  -11.9661  0.687412
 0.685679  -11.9468  0.687412
 0.686112  -11.9275  0.687846
 0.686546  -11.9082  0.688279
 0.686979   -11.889  0.688279
 0.687412  -11.8698  0.688713
 0.687846  -11.8507  0.689146
 0.688279  -11.8316   0.68958
 0.688713  -11.8126   0.68958
 0.689146  -11.7936  0.690013
  0.68958  -11.7746  0.690447
 0.690013  -11.7557  0.690447
 0.690447  -11.7368   0.69088
  0.69088  -11.7179  0.691314
 0.691314  -11.6991  0.691747
 0.691747  -11.6804  0.691747
 0.692181  -11.6616  0.692181
 0.692614  -11.6429  0.692614
 0.693048  -11.6243  0.692614
 0.693481  -11.6057  0.693048
 0.693915  -11.5871  0.693481
 0.694348  -11.5686  0.693915
 0.694782  -11.5501  0.693915
 0.695215  -11.5316  0.694348
 0.695649  -11.5132  0.694782
 0.696082  -11.4949  0.694782
 0.696516  -11.4765  0.695215
 0.696949  -11.4582  0.695649
 0.697382    -11.44  0.696082
 0.697816  -11.4217  0.696082
 0.698249  -11.4036  0.696516
 0.698683  -11.3854  0.696949
 0.699116  -11.3673  0.696949
  0.69955  -11.3492  0.697382
 0.699983  -11.3312  0.697816
 0.700417  -11.3132  0.698249
  0.70085  -11.2953  0.698249
 0.701284  -11.2773  0.698683
 0.701717  -11.2595  0.699116
 0.702151  -11.2416   0.69955
 0.702584  -11.2238   0.69955
 0.703018   -11.206  0.699983
 0.703451  -11.1883  0.700417
 0.703885  -11.1706  0.700417
 0.704318   -11.153   0.70085
 0.704752  -11.1353  0.701284
 0.705185  -11.1178  0.701284
 0.705619  -11.1002  0.701717
 0.706052  -11.0827  0.702151
 0.706485  -11.0652  0.702584
 0.706919  -11.0478  0.702584
 0.707352  -11.0304  0.703018
 0.707786   -11.013  0.703451
 0.708219  -10.9957  0.703885
 0.708653  -10.9784  0.703885
 0.709086  -10.9611  0.704318
  0.70952  -10.9439  0.704752
 0.709953  -10.9267  0.704752
 0.710387  -10.9096  0.705185
  0.71082  -10.8925  0.705619
 0.711254  -10.8754  0.706052
 0.711687  -10.8583  0.706052
 0.712121  -10.8413  0.706485
 0.712554  -10.8243  0.706919
 0.712988  -10.8074  0.706919
 0.713421  -10.7905  0.707352
 0.713855  -10.7736  0.707786
 0.714288  -10.7568  0.708219
 0.714722    -10.74  0.708219
 0.715155  -10.7232  0.708653
 0.715589  -10.7065  0.709086
 0.716022  -10.6898  0.709086
 0.716455  -10.6731   0.70952
 0.716889  -10.6565  0.709953
 0.717322  -10.6399  0.710387
 0.717756  -10.6233  0.710387
 0.718189  -10.6068   0.71082
 0.718623  -10.5903  0.711254
 0.719056  -10.5739  0.711254
  0.71949  -10.5574  0.711687
 0.719923   -10.541  0.712121
 0.720357  -10.5247  0.712554
  0.72079  -10.5084  0.712554
 0.721224  -10.4921  0.712988
 0.721657  -10.4758  0.713421
 0.722091  -10.4596  0.713421
 0.722524  -10.4434  0.713855
 0.722958  -10.4272  0.714288
 0.723391  -10.4111  0.714722
 0.723825   -10.395  0.714722
 0.724258   -10.379  0.715155
 0.724692  -10.3629  0.715589
 0.725125  -10.3469  0.715589
 0.725559   -10.331  0.716022
 0.725992   -10.315  0.716455
 0.726425  -10.2991  0.716889
 0.726859  -10.2833  0.716889
 0.727292  -10.2674  0.717322
 0.727726  -10.2516  0.717756
 0.728159  -10.2359  0.717756
 0.728593  -10.2201  0.718189
 0.729026  -10.2044  0.718623
  0.72946  -10.1888  0.719056
 0.729893  -10.1731  0.719056
 0.730327  -10.1575   0.71949
  0.73076  -10.1419  0.719923
 0.731194  -10.1264  0.719923
 0.731627  -10.1108  0.720357
 0.732061  -10.0954   0.72079
 0.732494  -10.0799  0.721224
 0.732928  -10.0645  0.721224
 0.733361  -10.0491  0.721657
 0.733795  -10.0337  0.722091
 0.734228  -10.0184  0.722091
 0.734662  -10.0031  0.722524
 0.735095  -9.98783  0.722958
 0.735529   -9.9726  0.723391
 0.735962  -9.95738  0.723391
 0.736395   -9.9422  0.723825
 0.736829  -9.92706  0.724258
 0.737262  -9.91195  0.724258
 0.737696  -9.89685  0.724692
 0.738129   -9.8818  0.725125
 0.738563  -9.86678  0.725559
 0.738996  -9.85178  0.725559
  0.73943  -9.83681  0.725992
 0.739863  -9.82188  0.726425
 0.740297  -9.80697  0.726425
  0.74073  -9.79209  0.726859
 0.741164  -9.77725  0.727292
 0.741597  -9.76244  0.727292
 0.742031  -9.74764  0.727726
 0.742464  -9.73288  0.728159
 0.742898  -9.71816  0.728593
 0.743331  -9.70346  0.728593
 0.743765  -9.68879  0.729026
 0.744198  -9.67415   0.72946
 0.744632  -9.65954   0.72946
 0.745065  -9.64495  0.729893
 0.745498   -9.6304  0.730327
 0.745932  -9.61588   0.73076
 0.746365  -9.60138   0.73076
 0.746799  -9.58691  0.731194
 0.747232  -9.57247  0.731627
 0.747666  -9.55807  0.731627
 0.748099  -9.54368  0.732061
 0.748533  -9.52932  0.732494
 0.748966  -9.51501  0.732928
   0.7494  -9.50071  0.732928
 0.749833  -9.48643  0.733361
 0.750267   -9.4722  0.733795
   0.7507  -9.45799  0.733795
 0.751134   -9.4438  0.734228
 0.751567  -9.42964  0.734662
 0.752001  -9.41552  0.735095
 0.752434  -9.40142  0.735095
 0.752868  -9.38734  0.735529
 0.753301   -9.3733  0.735962
 0.753735  -9.35929  0.735962
 0.754168  -9.34529  0.736395
 0.754602  -9.33133  0.736829
 0.755035   -9.3174  0.737262
 0.755468  -9.30349  0.737262
 0.755902   -9.2896  0.737696
 0.756335  -9.27575  0.738129
 0.756769  -9.26193  0.738129
 0.757202  -9.24813  0.738563
 0.757636  -9.23435  0.738996
 0.758069  -9.22061   0.73943
 0.758503  -9.20689   0.73943
 0.758936   -9.1932  0.739863
  0.75937  -9.17954  0.740297
 0.759803   -9.1659  0.740297
 0.760237  -9.15229   0.74073
  0.76067   -9.1387  0.741164
 0.761104  -9.12515  0.741597
 0.761537  -9.11162  0.741597
 0.761971  -9.09811  0.742031
 0.762404  -9.08463  0.742464
 0.762838  -9.07118  0.742464
 0.763271  -9.05775  0.742898
 0.763705  -9.04435  0.743331
 0.764138  -9.03098  0.743765
 0.764572  -9.01763  0.743765
 0.765005   -9.0043  0.744198
 0.765438  -8.99101  0.744632
 0.765872  -8.97774  0.744632
 0.766305  -8.96449  0.745065
 0.766739  -8.95127  0.745498
 0.767172  -8.93809  0.745932
 0.767606  -8.92491  0.745932
 0.768039  -8.91177  0.746365
 0.768473  -8.89865  0.746799
 0.768906  -8.88556  0.746799
  0.76934  -8.87249  0.747232
 0.769773  -8.85945  0.747666
 0.770207  -8.84644  0.747666
  0.77064  -8.83344  0.748099
 0.771074  -8.82047  0.748533
 0.771507  -8.80754  0.748966
 0.771941  -8.79462  0.748966
 0.772374  -8.78173    0.7494
 0.772808  -8.76886  0.749833
 0.773241  -8.75603  0.750267
 0.773675   -8.7432  0.750267
 0.774108  -8.73041    0.7507
 0.774542  -8.71765  0.751134
 0.774975   -8.7049  0.751134
 0.775408  -8.69218  0.751567
 0.775842  -8.67949  0.752001
 0.776275  -8.66682  0.752001
 0.776709  -8.65417  0.752434
 0.777142  -8.64155  0.752868
 0.777576  -8.62896  0.753301
 0.778009  -8.61638  0.753301
 0.778443  -8.60383  0.753735
 0.778876  -8.59131  0.754168
  0.77931  -8.57881  0.754168
 0.779743  -8.56633  0.754602
 0.780177  -8.55387  0.755035
  0.78061  -8.54145  0.755468
 0.781044  -8.52904  0.755468
 0.781477  -8.51665  0.755902
 0.781911   -8.5043  0.756335
 0.782344  -8.49196  0.756335
 0.782778  -8.47965  0.756769
 0.783211  -8.46736  0.757202
 0.783645   -8.4551  0.757636
 0.784078  -8.44285  0.757636
 0.784512  -8.43063  0.758069
 0.784945  -8.41844  0.758503
 0.785378  -8.40627  0.758503
 0.785812  -8.39412  0.758936
 0.786245  -8.38199   0.75937
 0.786679   -8.3699  0.759803
 0.787112  -8.35781  0.759803
 0.787546  -8.34575  0.760237
 0.787979  -8.33372   0.76067
 0.788413  -8.32171   0.76067
 0.788846  -8.30972  0.761104
  0.78928  -8.29775  0.761537
 0.789713  -8.28581  0.761537
 0.790147  -8.27389  0.761971
  0.79058  -8.26199  0.762404
 0.791014  -8.25012  0.762838
 0.791447  -8.23826  0.762838
 0.791881  -8.22643  0.763271
 0.792314  -8.21462  0.763705
 0.792748  -8.20284  0.763705
 0.793181  -8.19107  0.764138
 0.793615  -8.17932  0.764572
 0.794048  -8.16761  0.765005
 0.794481  -8.15591  0.765005
 0.794915  -8.14423  0.765438
 0.795348  -8.13258  0.765872
 0.795782  -8.12095  0.765872
 0.796215  -8.10933  0.766305
 0.796649  -8.09775  0.766739
 0.797082  -8.08618  0.767172
 0.797516  -8.07463  0.767172
 0.797949  -8.06311  0.767606
 0.798383  -8.05161  0.768039
 0.798816  -8.04013  0.768039
  0.79925  -8.02867  0.768473
 0.799683  -8.01723  0.768906
 0.800117  -8.00582  0.768906
  0.80055  -7.99442   0.76934
 0.800984  -7.98304  0.769773
 0.801417   -7.9717  0.770207
 0.801851  -7.96037  0.770207
 0.802284  -7.94905   0.77064
 0.802718  -7.93776  0.771074
 0.803151   -7.9265  0.771507
 0.803585  -7.91525  0.771507
 0.804018  -7.90402  0.771941
 0.804451  -7.89282  0.772374
 0.804885  -7.88163  0.772374
 0.805318  -7.87047  0.772808
 0.805752  -7.85933  0.773241
 0.806185  -7.84821  0.773241
 0.806619   -7.8371  0.773675
 0.807052  -7.82602  0.774108
 0.807486  -7.81496  0.774542
 0.807919  -7.80392  0.774542
 0.808353   -7.7929  0.774975
 0.808786   -7.7819  0.775408
  0.80922  -7.77092  0.775408
 0.809653  -7.75996  0.775842
 0.810087  -7.74902  0.776275
  0.81052  -7.73811  0.776275
 0.810954  -7.72721  0.776709
 0.811387  -7.71633  0.777142
 0.811821  -7.70548  0.777576
 0.812254  -7.69464  0.777576
 0.812688  -7.68382  0.778009
 0.813121  -7.67302  0.778443
 0.813555  -7.66225  0.778876
 0.813988  -7.65149  0.778876
 0.814421  -7.64075   0.77931
 0.814855  -7.63003  0.779743
 0.815288  -7.61933  0.779743
 0.815722  -7.60865  0.780177
 0.816155  -7.59799   0.78061
 0.816589  -7.58736   0.78061
 0.817022  -7.57674  0.781044
 0.817456  -7.56613  0.781477
 0.817889  -7.55556  0.781911
 0.818323  -7.54499  0.781911
 0.818756  -7.53445  0.782344
  0.81919  -7.52393  0.782778
 0.819623  -7.51343  0.782778
 0.820057  -7.50293  0.783211
  0.82049  -7.49247  0.783645
 0.820924  -7.48203  0.784078
 0.821357   -7.4716  0.784078
 0.821791  -7.46119  0.784512
 0.822224   -7.4508  0.784945
 0.822658  -7.44043  0.784945
 0.823091  -7.43008  0.785378
 0.823525  -7.41975  0.785812
 0.823958  -7.40944  0.785812
 0.824391  -7.39914  0.786245
 0.824825  -7.38886  0.786679
 0.825258  -7.37861  0.787112
 0.825692  -7.36837  0.787112
 0.826125  -7.35814  0.787546
 0.826559  -7.34794  0.787979
 0.826992  -7.33776  0.787979
 0.827426  -7.32759  0.788413
 0.827859  -7.31745  0.788846
 0.828293  -7.30733   0.78928
 0.828726  -7.29721   0.78928
  0.82916  -7.28712  0.789713
 0.829593  -7.27705  0.790147
 0.830027    -7.267  0.790147
  0.83046  -7.25696   0.79058
 0.830894  -7.24694  0.791014
 0.831327  -7.23694  0.791447
 0.831761  -7.22696  0.791447
 0.832194  -7.21699  0.791881
 0.832628  -7.20705  0.792314
 0.833061  -7.19712  0.792314
 0.833494  -7.18721  0.792748
 0.833928  -7.17732  0.793181
 0.834361  -7.16745  0.793181
 0.834795  -7.15759  0.793615
 0.835228  -7.14775  0.794048
 0.835662  -7.13793  0.794481
 0.836095  -7.12813  0.794481
 0.836529  -7.11834  0.794915
 0.836962  -7.10857  0.795348
 0.837396  -7.09883  0.795348
 0.837829  -7.08909  0.795782
 0.838263  -7.07937  0.796215
 0.838696  -7.06968  0.796649
  0.83913  -7.05999  0.796649
 0.839563  -7.05033  0.797082
 0.839997  -7.04069  0.797516
  0.84043  -7.03106  0.797516
 0.840864  -7.02145  0.797949
 0.841297  -7.01185  0.798383
 0.841731  -7.00228  0.798383
 0.842164  -6.99271  0.798816
 0.842598  -6.98317   0.79925
 0.843031  -6.97365  0.799683
 0.843464  -6.96414  0.799683
 0.843898  -6.95464  0.800117
 0.844331  -6.94517   0.80055
 0.844765  -6.93572   0.80055
 0.845198  -6.92627  0.800984
 0.845632  -6.91685  0.801417
 0.846065  -6.90744  0.801851
 0.846499  -6.89805  0.801851
 0.846932  -6.88868  0.802284
 0.847366  -6.87932  0.802718
 0.847799  -6.86998  0.802718
 0.848233  -6.86065  0.803151
 0.848666  -6.85135  0.803585
   0.8491  -6.84206  0.804018
 0.849533  -6.83278  0.804018
 0.849967  -6.82352  0.804451
   0.8504  -6.81428  0.804885
 0.850834  -6.80506  0.804885
 0.851267  -6.79585  0.805318
 0.851701  -6.78666  0.805752
 0.852134  -6.77748  0.805752
 0.852568  -6.76832  0.806185
 0.853001  -6.75918  0.806619
 0.853434  -6.75005  0.807052
 0.853868  -6.74094  0.807052
 0.854301  -6.73184  0.807486
 0.854735  -6.72276  0.807919
 0.855168   -6.7137  0.807919
 0.855602  -6.70465  0.808353
 0.856035  -6.69562  0.808786
 0.856469  -6.68661   0.80922
 0.856902  -6.67761   0.80922
 0.857336  -6.66862  0.809653
 0.857769  -6.65966  0.810087
 0.858203  -6.65071  0.810087
 0.858636  -6.64177   0.81052
  0.85907  -6.63285  0.810954
 0.859503  -6.62395  0.810954
 0.859937  -6.61505  0.811387
  0.86037  -6.60618  0.811821
 0.860804  -6.59733  0.812254
 0.861237  -6.58848  0.812254
 0.861671  -6.57965  0.812688
 0.862104  -6.57084  0.813121
 0.862538  -6.56205  0.813121
 0.862971  -6.55326  0.813555
 0.863404   -6.5445  0.813988
 0.863838  -6.53575  0.814421
 0.864271  -6.52702  0.814421
 0.864705   -6.5183  0.814855
 0.865138  -6.50959  0.815288
 0.865572  -6.50091  0.815288
 0.866005  -6.49223  0.815722
 0.866439  -6.48357  0.816155
 0.866872  -6.47493  0.816155
 0.867306   -6.4663  0.816589
 0.867739  -6.45769  0.817022
 0.868173  -6.44909  0.817456
 0.868606  -6.44051  0.817456
  0.86904  -6.43194  0.817889
 0.869473  -6.42339  0.818323
 0.869907  -6.41485  0.818323
  0.87034  -6.40632  0.818756
 0.870774  -6.39781   0.81919
 0.871207  -6.38932  0.819623
 0.871641  -6.38084  0.819623
 0.872074  -6.37237  0.820057
 0.872508  -6.36393   0.82049
 0.872941  -6.35549   0.82049
 0.873374  -6.34707  0.820924
 0.873808  -6.33866  0.821357
 0.874241  -6.33028  0.821357
 0.874675   -6.3219  0.821791
 0.875108  -6.31353  0.822224
 0.875542  -6.30519  0.822658
 0.875975  -6.29685  0.822658
 0.876409  -6.28853  0.823091
 0.876842  -6.28023  0.823525
 0.877276  -6.27194  0.823525
 0.877709  -6.26366  0.823958
 0.878143   -6.2554  0.824391
 0.878576  -6.24716  0.824825
  0.87901  -6.23892  0.824825
 0.879443   -6.2307  0.825258
 0.879877   -6.2225  0.825692
  0.88031  -6.21431  0.825692
 0.880744  -6.20613  0.826125
 0.881177  -6.19797  0.826559
 0.881611  -6.18982  0.826559
 0.882044  -6.18168  0.826992
 0.882477  -6.17356  0.827426
 0.882911  -6.16546  0.827859
 0.883344  -6.15736  0.827859
 0.883778  -6.14928  0.828293
 0.884211  -6.14122  0.828726
 0.884645  -6.13317  0.828726
 0.885078  -6.12513   0.82916
 0.885512  -6.11711  0.829593
 0.885945   -6.1091  0.829593
 0.886379   -6.1011  0.830027
 0.886812  -6.09312   0.83046
 0.887246  -6.08515  0.830894
 0.887679   -6.0772  0.830894
 0.888113  -6.06925  0.831327
 0.888546  -6.06133  0.831761
  0.88898  -6.05342  0.831761
 0.889413  -6.04551  0.832194
 0.889847  -6.03762  0.832628
  0.89028  -6.02975  0.833061
 0.890714  -6.02189  0.833061
 0.891147  -6.01404  0.833494
 0.891581  -6.00621  0.833928
 0.892014  -5.99839  0.833928
 0.892447  -5.99058  0.834361
 0.892881  -5.98279  0.834795
 0.893314  -5.97501  0.834795
 0.893748  -5.96724  0.835228
 0.894181  -5.95949  0.835662
 0.894615  -5.95175  0.836095
 0.895048  -5.94402  0.836095
 0.895482   -5.9363  0.836529
 0.895915   -5.9286  0.836962
 0.896349  -5.92092  0.836962
 0.896782  -5.91324  0.837396
 0.897216  -5.90558  0.837829
 0.897649  -5.89793  0.838263
 0.898083  -5.89029  0.838263
 0.898516  -5.88267  0.838696
  0.89895  -5.87506   0.83913
 0.899383  -5.86746   0.83913
 0.899817  -5.85987  0.839563
  0.90025   -5.8523  0.839997
 0.900684  -5.84475  0.839997
 0.901117   -5.8372   0.84043
 0.901551  -5.82966  0.840864
 0.901984  -5.82214  0.841297
 0.902417  -5.81463  0.841297
 0.902851  -5.80714  0.841731
 0.903284  -5.79966  0.842164
 0.903718  -5.79219  0.842164
 0.904151  -5.78472  0.842598
 0.904585  -5.77728  0.843031
 0.905018  -5.76985  0.843464
 0.905452  -5.76243  0.843464
 0.905885  -5.75502  0.843898
 0.906319  -5.74763  0.844331
 0.906752  -5.74024  0.844331
 0.907186  -5.73287  0.844765
 0.907619  -5.72551  0.845198
 0.908053  -5.71817  0.845198
 0.908486  -5.71083  0.845632
  0.90892  -5.70351  0.846065
 0.909353   -5.6962  0.846499
 0.909787   -5.6889  0.846499
  0.91022  -5.68162  0.846932
 0.910654  -5.67435  0.847366
 0.911087  -5.66709  0.847366
 0.911521  -5.65984  0.847799
 0.911954   -5.6526  0.848233
 0.912387  -5.64538  0.848233
 0.912821  -5.63817  0.848666
 0.913254  -5.63097    0.8491
 0.913688  -5.62378  0.849533
 0.914121   -5.6166  0.849533
 0.914555  -5.60944  0.849967
 0.914988  -5.60229    0.8504
 0.915422  -5.59515    0.8504
 0.915855  -5.58802  0.850834
 0.916289   -5.5809  0.851267
 0.916722   -5.5738  0.851267
 0.917156  -5.56671  0.851701
 0.917589  -5.55963  0.852134
 0.918023  -5.55256  0.852568
 0.918456   -5.5455  0.852568
  0.91889  -5.53845  0.853001
 0.919323  -5.53142  0.853434
 0.919757   -5.5244  0.853434
  0.92019  -5.51739  0.853868
 0.920624  -5.51039  0.854301
 0.921057  -5.50341  0.854735
  0.92149  -5.49643  0.854735
 0.921924  -5.48946  0.855168
 0.922357  -5.48251  0.855602
 0.922791  -5.47557  0.855602
 0.923224  -5.46864  0.856035
 0.923658  -5.46172  0.856469
 0.924091  -5.45482  0.856469
 0.924525  -5.44792  0.856902
 0.924958  -5.44104  0.857336
 0.925392  -5.43417  0.857769
 0.925825   -5.4273  0.857769
 0.926259  -5.42045  0.858203
 0.926692  -5.41361  0.858636
 0.927126  -5.40679  0.858636
 0.927559  -5.39997   0.85907
 0.927993  -5.39316  0.859503
 0.928426  -5.38637  0.859503
  0.92886  -5.37959  0.859937
 0.929293  -5.37282   0.86037
 0.929727  -5.36606  0.860804
  0.93016  -5.35931  0.860804
 0.930594  -5.35257  0.861237
 0.931027  -5.34584  0.861671
  0.93146  -5.33913  0.861671
 0.931894  -5.33242  0.862104
 0.932327  -5.32573  0.862538
 0.932761  -5.31905  0.862971
 0.933194  -5.31237  0.862971
 0.933628  -5.30571  0.863404
 0.934061  -5.29906  0.863838
 0.934495  -5.29242  0.863838
 0.934928  -5.28579  0.864271
 0.935362  -5.27918  0.864705
 0.935795  -5.27257  0.864705
 0.936229  -5.26597  0.865138
 0.936662  -5.25939  0.865572
 0.937096  -5.25282  0.866005
 0.937529  -5.24625  0.866005
 0.937963   -5.2397  0.866439
 0.938396  -5.23316  0.866872
  0.93883  -5.22662  0.866872
 0.939263   -5.2201  0.867306
 0.939697  -5.21359  0.867739
  0.94013  -5.20709  0.867739
 0.940564   -5.2006  0.868173
 0.940997  -5.19412  0.868606
  0.94143  -5.18766   0.86904
 0.941864   -5.1812   0.86904
 0.942297  -5.17475  0.869473
 0.942731  -5.16832  0.869907
 0.943164  -5.16189  0.869907
 0.943598  -5.15547   0.87034
 0.944031  -5.14907  0.870774
 0.944465  -5.14267  0.870774
 0.944898  -5.13629  0.871207
 0.945332  -5.12991  0.871641
 0.945765  -5.12355  0.872074
 0.946199   -5.1172  0.872074
 0.946632  -5.11085  0.872508
 0.947066  -5.10452  0.872941
 0.947499   -5.0982  0.872941
 0.947933  -5.09188  0.873374
 0.948366  -5.08558  0.873808
   0.9488  -5.07929  0.873808
 0.949233  -5.07301  0.874241
 0.949667  -5.06673  0.874675
   0.9501  -5.06048  0.875108
 0.950534  -5.05422  0.875108
 0.950967  -5.04798  0.875542
   0.9514  -5.04175  0.875975
 0.951834  -5.03553  0.875975
 0.952267  -5.02932  0.876409
 0.952701  -5.02311  0.876842
 0.953134  -5.01693  0.877276
 0.953568  -5.01074  0.877276
 0.954001  -5.00457  0.877709
 0.954435  -4.99841  0.878143
 0.954868  -4.99226  0.878143
 0.955302  -4.98611  0.878576
 0.955735  -4.97998   0.87901
 0.956169  -4.97386   0.87901
 0.956602  -4.96775  0.879443
 0.957036  -4.96165  0.879877
 0.957469  -4.95556   0.88031
 0.957903  -4.94947   0.88031
 0.958336   -4.9434  0.880744
  0.95877  -4.93733  0.881177
 0.959203  -4.93128  0.881177
 0.959637  -4.92523  0.881611
  0.96007   -4.9192  0.882044
 0.960504  -4.91318  0.882044
 0.960937  -4.90716  0.882477
  0.96137  -4.90115  0.882911
 0.961804  -4.89516  0.883344
 0.962237  -4.88917  0.883344
 0.962671  -4.88319  0.883778
 0.963104  -4.87723  0.884211
 0.963538  -4.87127  0.884211
 0.963971  -4.86532  0.884645
 0.964405  -4.85938  0.885078
 0.964838  -4.85346  0.885078
 0.965272  -4.84753  0.885512
 0.965705  -4.84162  0.885945
 0.966139  -4.83572  0.886379
 0.966572  -4.82983  0.886379
 0.967006  -4.82395  0.886812
 0.967439  -4.81808  0.887246
 0.967873  -4.81221  0.887246
 0.968306  -4.80636  0.887679
  0.96874  -4.80051  0.888113
 0.969173  -4.79468  0.888546
 0.969607  -4.78885  0.888546
  0.97004  -4.78303   0.88898
 0.970473  -4.77722  0.889413
 0.970907  -4.77142  0.889413
  0.97134  -4.76564  0.889847
 0.971774  -4.75985   0.89028
 0.972207  -4.75408   0.89028
 0.972641  -4.74832  0.890714
 0.973074  -4.74257  0.891147
 0.973508  -4.73682  0.891147
 0.973941  -4.73109  0.891581
 0.974375  -4.72536  0.892014
 0.974808  -4.71965  0.892014
 0.975242  -4.71394  0.892447
 0.975675  -4.70824  0.892881
 0.976109  -4.70255  0.893314
 0.976542  -4.69687  0.893314
 0.976976  -4.69119  0.893748
 0.977409  -4.68553  0.894181
 0.977843  -4.67988  0.894615
 0.978276  -4.67423  0.894615
  0.97871   -4.6686  0.895048
 0.979143  -4.66297  0.895482
 0.979577  -4.65735  0.895482
  0.98001  -4.65174  0.895915
 0.980443  -4.64614  0.896349
 0.980877  -4.64055  0.896349
  0.98131  -4.63496  0.896782
 0.981744  -4.62939  0.897216
 0.982177  -4.62383  0.897649
 0.982611  -4.61827  0.897649
 0.983044  -4.61272  0.898083
 0.983478  -4.60718  0.898516
 0.983911  -4.60165  0.898516
 0.984345  -4.59612   0.89895
 0.984778  -4.59061  0.899383
 0.985212  -4.58511  0.899383
 0.985645  -4.57961  0.899817
 0.986079  -4.57412   0.90025
 0.986512  -4.56864   0.90025
 0.986946  -4.56317  0.900684
 0.987379  -4.55771  0.901117
 0.987813  -4.55226  0.901117
 0.988246  -4.54681  0.901551
  0.98868  -4.54137  0.901984
 0.989113  -4.53595  0.902417
 0.989547  -4.53053  0.902851
  0.98998  -4.52511  0.902851
 0.990413  -4.51971  0.903284
 0.990847  -4.51432  0.903718
  0.99128  -4.50893  0.903718
 0.991714  -4.50355  0.904151
 0.992147  -4.49818  0.904585
 0.992581  -4.49282  0.904585
 0.993014  -4.48747  0.905018
 0.993448  -4.48212  0.905452
 0.993881  -4.47679  0.905452
 0.994315  -4.47146  0.905885
 0.994748  -4.46614  0.906319
 0.995182  -4.46083  0.906319
 0.995615  -4.45552  0.906752
 0.996049  -4.45023  0.907186
 0.996482  -4.44494  0.907619
 0.996916  -4.43966  0.907619
 0.997349  -4.43439  0.908053
 0.997783  -4.42913  0.908486
 0.998216  -4.42388  0.908486
  0.99865  -4.41863   0.90892
 0.999083  -4.41339  0.909353
 0.999517  -4.40817  0.909353
  0.99995  -4.40294  0.909787
  1.00038  -4.39773   0.91022
  1.00082  -4.39252  0.910654
  1.00125  -4.38733  0.910654
  1.00168  -4.38213  0.911087
  1.00212  -4.37695  0.911521
  1.00255  -4.37178  0.911521
  1.00298  -4.36661  0.911954
  1.00342  -4.36146  0.912387
  1.00385  -4.35631  0.912821
  1.00428  -4.35117  0.912821
  1.00472  -4.34603  0.913254
  1.00515  -4.34091  0.913688
  1.00559  -4.33579  0.913688
  1.00602  -4.33068  0.914121
  1.00645  -4.32558  0.914555
  1.00689  -4.32048  0.914555
  1.00732  -4.31539  0.914988
  1.00775  -4.31032  0.915422
  1.00819  -4.30525  0.915422
  1.00862  -4.30018  0.915855
  1.00905  -4.29512  0.916289
  1.00949  -4.29008  0.916722
  1.00992  -4.28504  0.916722
  1.01035     -4.28  0.917156
  1.01079  -4.27498  0.917589
  1.01122  -4.26997  0.917589
  1.01165  -4.26495  0.918023
  1.01209  -4.25995  0.918456
  1.01252  -4.25496   0.91889
  1.01295  -4.24997   0.91889
  1.01339  -4.24499  0.919323
  1.01382  -4.24002  0.919757
  1.01425  -4.23506  0.919757
  1.01469   -4.2301   0.92019
  1.01512  -4.22515  0.920624
  1.01556  -4.22021  0.920624
  1.01599  -4.21528  0.921057
  1.01642  -4.21035   0.92149
  1.01686  -4.20544   0.92149
  1.01729  -4.20053  0.921924
  1.01772  -4.19562  0.922357
  1.01816  -4.19073  0.922791
  1.01859  -4.18584  0.922791
  1.01902  -4.18095  0.923224
  1.01946  -4.17608  0.923658
  1.01989  -4.17122  0.923658
  1.02032  -4.16636  0.924091
  1.02076  -4.16151  0.924525
  1.02119  -4.15666  0.924525
  1.02162  -4.15182  0.924958
  1.02206  -4.14699  0.925392
  1.02249  -4.14217  0.925825
  1.02292  -4.13736  0.925825
  1.02336  -4.13255  0.926259
  1.02379  -4.12775  0.926692
  1.02422  -4.12296  0.926692
  1.02466  -4.11817  0.927126
  1.02509  -4.11339  0.927559
  1.02553  -4.10862  0.927559
  1.02596  -4.10386  0.927993
  1.02639   -4.0991  0.928426
  1.02683  -4.09435   0.92886
  1.02726  -4.08961   0.92886
  1.02769  -4.08487  0.929293
  1.02813  -4.08015  0.929727
  1.02856  -4.07542  0.929727
  1.02899  -4.07071   0.93016
  1.02943    -4.066  0.930594
  1.02986   -4.0613  0.930594
  1.03029  -4.05661  0.931027
  1.03073  -4.05192   0.93146
  1.03116  -4.04725  0.931894
  1.03159  -4.04257  0.931894
  1.03203  -4.03791  0.932327
  1.03246  -4.03325  0.932761
  1.03289   -4.0286  0.932761
  1.03333  -4.02396  0.933194
  1.03376  -4.01932  0.933628
  1.03419  -4.01469  0.933628
  1.03463  -4.01007  0.934061
  1.03506  -4.00545  0.934495
   1.0355  -4.00085  0.934928
  1.03593  -3.99624  0.934928
  1.03636  -3.99165  0.935362
   1.0368  -3.98706  0.935795
  1.03723  -3.98248  0.935795
  1.03766   -3.9779  0.936229
   1.0381  -3.97334  0.936662
  1.03853  -3.96878  0.936662
  1.03896  -3.96422  0.937096
   1.0394  -3.95967  0.937529
  1.03983  -3.95513  0.937963
  1.04026   -3.9506  0.937963
   1.0407  -3.94607  0.938396
  1.04113  -3.94155   0.93883
  1.04156  -3.93704   0.93883
    1.042  -3.93253  0.939263
  1.04243  -3.92803  0.939697
  1.04286  -3.92354  0.939697
   1.0433  -3.91905   0.94013
  1.04373  -3.91457  0.940564
  1.04416   -3.9101  0.940997
   1.0446  -3.90563  0.940997
  1.04503  -3.90117   0.94143
  1.04547  -3.89672  0.941864
   1.0459  -3.89227  0.941864
  1.04633  -3.88783  0.942297
  1.04677   -3.8834  0.942731
   1.0472  -3.87897  0.942731
  1.04763  -3.87455  0.943164
  1.04807  -3.87014  0.943598
   1.0485  -3.86573  0.943598
  1.04893  -3.86133  0.944031
  1.04937  -3.85694  0.944465
   1.0498  -3.85255  0.944898
  1.05023  -3.84817  0.944898
  1.05067  -3.84379  0.945332
   1.0511  -3.83943  0.945765
  1.05153  -3.83506  0.945765
  1.05197  -3.83071  0.946199
   1.0524  -3.82636  0.946632
  1.05283  -3.82202  0.946632
  1.05327  -3.81768  0.947066
   1.0537  -3.81335  0.947499
  1.05413  -3.80903  0.947933
  1.05457  -3.80471  0.947933
    1.055   -3.8004  0.948366
  1.05544   -3.7961    0.9488
  1.05587   -3.7918    0.9488
   1.0563  -3.78751  0.949233
  1.05674  -3.78322  0.949667
  1.05717  -3.77895  0.949667
   1.0576  -3.77467    0.9501
  1.05804  -3.77041  0.950534
  1.05847  -3.76615  0.950967
   1.0589  -3.76189  0.950967
  1.05934  -3.75764    0.9514
  1.05977   -3.7534  0.951834
   1.0602  -3.74917  0.951834
  1.06064  -3.74494  0.952267
  1.06107  -3.74072  0.952701
   1.0615   -3.7365  0.952701
  1.06194  -3.73229  0.953134
  1.06237  -3.72809  0.953568
   1.0628  -3.72389  0.954001
  1.06324   -3.7197  0.954001
  1.06367  -3.71551  0.954435
   1.0641  -3.71133  0.954868
  1.06454  -3.70716  0.954868
  1.06497  -3.70299  0.955302
  1.06541  -3.69883  0.955735
  1.06584  -3.69468  0.955735
  1.06627  -3.69053  0.956169
  1.06671  -3.68638  0.956602
  1.06714  -3.68225  0.956602
  1.06757  -3.67812  0.957036
  1.06801  -3.67399  0.957469
  1.06844  -3.66987  0.957903
  1.06887  -3.66576  0.957903
  1.06931  -3.66165  0.958336
  1.06974  -3.65755   0.95877
  1.07017  -3.65346   0.95877
  1.07061  -3.64937  0.959203
  1.07104  -3.64529  0.959637
  1.07147  -3.64121  0.959637
  1.07191  -3.63714   0.96007
  1.07234  -3.63307  0.960504
  1.07277  -3.62902  0.960937
  1.07321  -3.62496  0.960937
  1.07364  -3.62091   0.96137
  1.07407  -3.61687  0.961804
  1.07451  -3.61284  0.961804
  1.07494  -3.60881  0.962237
  1.07538  -3.60478  0.962671
  1.07581  -3.60077  0.962671
  1.07624  -3.59675  0.963104
  1.07668  -3.59275  0.963538
  1.07711  -3.58875  0.963971
  1.07754  -3.58475  0.963971
  1.07798  -3.58076  0.964405
  1.07841  -3.57678  0.964838
  1.07884   -3.5728  0.964838
  1.07928  -3.56883  0.965272
  1.07971  -3.56487  0.965705
  1.08014  -3.56091  0.965705
  1.08058  -3.55695  0.966139
  1.08101    -3.553  0.966572
  1.08144  -3.54906  0.966572
  1.08188  -3.54512  0.967006
  1.08231  -3.54119  0.967439
  1.08274  -3.53726  0.967873
  1.08318  -3.53334  0.967873
  1.08361  -3.52943  0.968306
  1.08404  -3.52552   0.96874
  1.08448  -3.52162   0.96874
  1.08491  -3.51772  0.969173
  1.08535  -3.51383  0.969607
  1.08578  -3.50994  0.969607
  1.08621  -3.50606   0.97004
  1.08665  -3.50218  0.970473
  1.08708  -3.49831  0.970907
  1.08751  -3.49445  0.970907
  1.08795  -3.49059   0.97134
  1.08838  -3.48674  0.971774
  1.08881  -3.48289  0.971774
  1.08925  -3.47905  0.972207
  1.08968  -3.47521  0.972641
  1.09011  -3.47138  0.972641
  1.09055  -3.46755  0.973074
  1.09098  -3.46373  0.973508
  1.09141  -3.45992  0.973941
  1.09185  -3.45611  0.973941
  1.09228   -3.4523  0.974375
  1.09271  -3.44851  0.974808
  1.09315  -3.44471  0.974808
  1.09358  -3.44093  0.975242
  1.09401  -3.43714  0.975675
  1.09445  -3.43337  0.975675
  1.09488   -3.4296  0.976109
  1.09532  -3.42583  0.976542
  1.09575  -3.42207  0.976976
  1.09618  -3.41831  0.976976
  1.09662  -3.41457  0.977409
  1.09705  -3.41082  0.977843
  1.09748  -3.40708  0.977843
  1.09792  -3.40335  0.978276
  1.09835  -3.39962   0.97871
  1.09878   -3.3959   0.97871
  1.09922  -3.39218  0.979143
  1.09965  -3.38847  0.979577
  1.10008  -3.38476  0.979577
  1.10052  -3.38106   0.98001
  1.10095  -3.37736  0.980443
  1.10138  -3.37367  0.980877
  1.10182  -3.36998  0.980877
  1.10225   -3.3663   0.98131
  1.10268  -3.36263  0.981744
  1.10312  -3.35896  0.981744
  1.10355  -3.35529  0.982177
  1.10398  -3.35163  0.982611
  1.10442  -3.34798  0.982611
  1.10485  -3.34432  0.983044
  1.10529  -3.34068  0.983478
  1.10572  -3.33704  0.983911
  1.10615  -3.33341  0.983911
  1.10659  -3.32978  0.984345
  1.10702  -3.32615  0.984778
  1.10745  -3.32253  0.984778
  1.10789  -3.31892  0.985212
  1.10832  -3.31531  0.985645
  1.10875  -3.31171  0.985645
  1.10919  -3.30811  0.986079
  1.10962  -3.30452  0.986512
  1.11005  -3.30093  0.986512
  1.11049  -3.29734  0.986946
  1.11092  -3.29377  0.987379
  1.11135   -3.2902  0.987813
  1.11179  -3.28663  0.987813
  1.11222  -3.28306  0.988246
  1.11265  -3.27951   0.98868
  1.11309  -3.27595   0.98868
  1.11352   -3.2724  0.989113
  1.11395  -3.26886  0.989547
  1.11439  -3.26532  0.989547
  1.11482  -3.26179   0.98998
  1.11526  -3.25826  0.990413
  1.11569  -3.25474  0.990847
  1.11612  -3.25122  0.990847
  1.11656  -3.24771   0.99128
  1.11699   -3.2442  0.991714
  1.11742   -3.2407  0.991714
  1.11786   -3.2372  0.992147
  1.11829   -3.2337  0.992581
  1.11872  -3.23022  0.992581
  1.11916  -3.22673  0.993014
  1.11959  -3.22325  0.993448
  1.12002  -3.21978  0.993448
  1.12046  -3.21631  0.993881
  1.12089  -3.21284  0.994315
  1.12132  -3.20939  0.994748
  1.12176  -3.20593  0.994748
  1.12219  -3.20248  0.995182
  1.12262  -3.19904  0.995615
  1.12306   -3.1956  0.995615
  1.12349  -3.19216  0.996049
  1.12392  -3.18873  0.996482
  1.12436  -3.18531  0.996482
  1.12479  -3.18188  0.996916
  1.12523  -3.17847  0.997349
  1.12566  -3.17506  0.997783
  1.12609  -3.17165  0.997783
  1.12653  -3.16825  0.998216
  1.12696  -3.16485   0.99865
  1.12739  -3.16146   0.99865
  1.12783  -3.15807  0.999083
  1.12826  -3.15469  0.999517
  1.12869  -3.15131  0.999517
  1.12913  -3.14793   0.99995
  1.12956  -3.14457   1.00038
  1.12999   -3.1412   1.00038
  1.13043  -3.13784   1.00082
  1.13086  -3.13449   1.00125
  1.13129  -3.13114   1.00168
  1.13173  -3.12779   1.00168
  1.13216  -3.12445   1.00212
  1.13259  -3.12112   1.00255
  1.13303  -3.11778   1.00255
  1.13346  -3.11446   1.00298
  1.13389  -3.11113   1.00342
  1.13433  -3.10782   1.00342
  1.13476   -3.1045   1.00385
   1.1352  -3.10119   1.00428
  1.13563  -3.09789   1.00472
  1.13606  -3.09459   1.00472
   1.1365   -3.0913   1.00515
  1.13693  -3.08801   1.00559
  1.13736  -3.08472   1.00559
   1.1378  -3.08144   1.00602
  1.13823  -3.07816   1.00645
  1.13866  -3.07489   1.00645
   1.1391  -3.07162   1.00689
  1.13953  -3.06836   1.00732
  1.13996   -3.0651   1.00732
   1.1404  -3.06185   1.00775
  1.14083   -3.0586   1.00819
  1.14126  -3.05535   1.00862
   1.1417  -3.05211   1.00862
  1.14213  -3.04887   1.00905
  1.14256  -3.04564   1.00949
    1.143  -3.04242   1.00949
  1.14343  -3.03919   1.00992
  1.14386  -3.03597   1.01035
   1.1443  -3.03276   1.01035
  1.14473  -3.02955   1.01079
  1.14517  -3.02634   1.01122
   1.1456  -3.02315   1.01122
  1.14603  -3.01995   1.01165
  1.14647  -3.01675   1.01209
   1.1469  -3.01357   1.01252
  1.14733  -3.01038   1.01252
  1.14777   -3.0072   1.01295
   1.1482  -3.00403   1.01339
  1.14863  -3.00086   1.01339
  1.14907  -2.99769   1.01382
   1.1495  -2.99453   1.01425
  1.14993  -2.99138   1.01425
  1.15037  -2.98822   1.01469
   1.1508  -2.98507   1.01512
  1.15123  -2.98193   1.01556
  1.15167  -2.97879   1.01556
   1.1521  -2.97565   1.01599
  1.15253  -2.97252   1.01642
  1.15297   -2.9694   1.01642
   1.1534  -2.96627   1.01686
  1.15383  -2.96316   1.01729
  1.15427  -2.96004   1.01729
   1.1547  -2.95693   1.01772
  1.15514  -2.95383   1.01816
  1.15557  -2.95072   1.01816
    1.156  -2.94763   1.01859
  1.15644  -2.94453   1.01902
  1.15687  -2.94145   1.01946
   1.1573  -2.93836   1.01946
  1.15774  -2.93528   1.01989
  1.15817   -2.9322   1.02032
   1.1586  -2.92913   1.02032
  1.15904  -2.92606   1.02076
  1.15947    -2.923   1.02119
   1.1599  -2.91994   1.02119
  1.16034  -2.91688   1.02162
  1.16077  -2.91383   1.02206
   1.1612  -2.91079   1.02249
  1.16164  -2.90774   1.02249
  1.16207   -2.9047   1.02292
   1.1625  -2.90167   1.02336
  1.16294  -2.89864   1.02336
  1.16337  -2.89561   1.02379
   1.1638  -2.89259   1.02422
  1.16424  -2.88957   1.02422
  1.16467  -2.88656   1.02466
  1.16511  -2.88355   1.02509
  1.16554  -2.88054   1.02509
  1.16597  -2.87754   1.02553
  1.16641  -2.87454   1.02596
  1.16684  -2.87155   1.02639
  1.16727  -2.86856   1.02639
  1.16771  -2.86557   1.02683
  1.16814  -2.86259   1.02726
  1.16857  -2.85961   1.02726
  1.16901  -2.85664   1.02769
  1.16944  -2.85367   1.02813
  1.16987   -2.8507   1.02813
  1.17031  -2.84774   1.02856
  1.17074  -2.84478   1.02899
  1.17117  -2.84183   1.02943
  1.17161  -2.83888   1.02943
  1.17204  -2.83593   1.02986
  1.17247  -2.83299   1.03029
  1.17291  -2.83005   1.03029
  1.17334  -2.82712   1.03073
  1.17377  -2.82419   1.03116
  1.17421  -2.82127   1.03116
  1.17464  -2.81834   1.03159
  1.17508  -2.81543   1.03203
  1.17551  -2.81251   1.03203
  1.17594   -2.8096   1.03246
  1.17638  -2.80669   1.03289
  1.17681  -2.80379   1.03289
  1.17724  -2.80089   1.03333
  1.17768    -2.798   1.03376
  1.17811  -2.79511   1.03419
  1.17854  -2.79222   1.03419
  1.17898  -2.78934   1.03463
  1.17941  -2.78646   1.03506
  1.17984  -2.78358   1.03506
  1.18028  -2.78071    1.0355
  1.18071  -2.77784   1.03593
  1.18114  -2.77498   1.03593
  1.18158  -2.77212   1.03636
  1.18201  -2.76926    1.0368
  1.18244  -2.76641    1.0368
  1.18288  -2.76356   1.03723
  1.18331  -2.76072   1.03766
  1.18374  -2.75788    1.0381
  1.18418  -2.75504    1.0381
  1.18461  -2.75221   1.03853
  1.18505  -2.74938   1.03896
  1.18548  -2.74655   1.03896
  1.18591  -2.74373    1.0394
  1.18635  -2.74091   1.03983
  1.18678   -2.7381   1.04026
  1.18721  -2.73529   1.04026
  1.18765  -2.73248    1.0407
  1.18808  -2.72968   1.04113
  1.18851  -2.72688   1.04113
  1.18895  -2.72408   1.04156
  1.18938  -2.72129     1.042
  1.18981   -2.7185     1.042
  1.19025  -2.71572   1.04243
  1.19068  -2.71294   1.04286
  1.19111  -2.71016   1.04286
  1.19155  -2.70739    1.0433
  1.19198  -2.70461   1.04373
  1.19241  -2.70185   1.04373
  1.19285  -2.69909   1.04416
  1.19328  -2.69633    1.0446
  1.19371  -2.69357   1.04503
  1.19415  -2.69082   1.04503
  1.19458  -2.68807   1.04547
  1.19502  -2.68533    1.0459
  1.19545  -2.68259    1.0459
  1.19588  -2.67985   1.04633
  1.19632  -2.67712   1.04677
  1.19675  -2.67439   1.04677
  1.19718  -2.67166    1.0472
  1.19762  -2.66894   1.04763
  1.19805  -2.66622   1.04807
  1.19848   -2.6635   1.04807
  1.19892  -2.66079    1.0485
  1.19935  -2.65809   1.04893
  1.19978  -2.65538   1.04893
  1.20022  -2.65268   1.04937
  1.20065  -2.64998    1.0498
  1.20108  -2.64729    1.0498
  1.20152   -2.6446   1.05023
  1.20195  -2.64191   1.05067
  1.20238  -2.63923   1.05067
  1.20282  -2.63655    1.0511
  1.20325  -2.63387   1.05153
  1.20368   -2.6312   1.05197
  1.20412  -2.62853   1.05197
  1.20455  -2.62586    1.0524
  1.20498   -2.6232   1.05283
  1.20542  -2.62054   1.05283
  1.20585  -2.61789   1.05327
  1.20629  -2.61524    1.0537
  1.20672  -2.61259    1.0537
  1.20715  -2.60994   1.05413
  1.20759   -2.6073   1.05457
  1.20802  -2.60467   1.05457
  1.20845  -2.60203     1.055
  1.20889   -2.5994   1.05544
  1.20932  -2.59677   1.05544
  1.20975  -2.59415   1.05587
  1.21019  -2.59153    1.0563
  1.21062  -2.58891   1.05674
  1.21105   -2.5863   1.05674
  1.21149  -2.58369   1.05717
  1.21192  -2.58108    1.0576
  1.21235  -2.57848    1.0576
  1.21279  -2.57588   1.05804
  1.21322  -2.57328   1.05847
  1.21365  -2.57069    1.0589
  1.21409   -2.5681    1.0589
  1.21452  -2.56551   1.05934
  1.21495  -2.56293   1.05977
  1.21539  -2.56035   1.05977
  1.21582  -2.55777    1.0602
  1.21626   -2.5552   1.06064
  1.21669  -2.55263   1.06064
  1.21712  -2.55006   1.06107
  1.21756   -2.5475    1.0615
  1.21799  -2.54494    1.0615
  1.21842  -2.54238   1.06194
  1.21886  -2.53983   1.06237
  1.21929  -2.53728   1.06237
  1.21972  -2.53474    1.0628
  1.22016  -2.53219   1.06324
  1.22059  -2.52965   1.06367
  1.22102  -2.52712   1.06367
  1.22146  -2.52458    1.0641
  1.22189  -2.52205   1.06454
  1.22232  -2.51953   1.06454
  1.22276    -2.517   1.06497
  1.22319  -2.51448   1.06541
  1.22362  -2.51197   1.06541
  1.22406  -2.50945   1.06584
  1.22449  -2.50694   1.06627
  1.22492  -2.50444   1.06671
  1.22536  -2.50193   1.06671
  1.22579  -2.49943   1.06714
  1.22623  -2.49694   1.06757
  1.22666  -2.49444   1.06757
  1.22709  -2.49195   1.06801
  1.22753  -2.48946   1.06844
  1.22796  -2.48698   1.06844
  1.22839   -2.4845   1.06887
  1.22883  -2.48202   1.06931
  1.22926  -2.47955   1.06931
  1.22969  -2.47708   1.06974
  1.23013  -2.47461   1.07017
  1.23056  -2.47214   1.07017
  1.23099  -2.46968   1.07061
  1.23143  -2.46722   1.07104
  1.23186  -2.46477   1.07147
  1.23229  -2.46231   1.07147
  1.23273  -2.45987   1.07191
  1.23316  -2.45742   1.07234
  1.23359  -2.45498   1.07234
  1.23403  -2.45254   1.07277
  1.23446   -2.4501   1.07321
  1.23489  -2.44767   1.07321
  1.23533  -2.44524   1.07364
  1.23576  -2.44281   1.07407
   1.2362  -2.44039   1.07451
  1.23663  -2.43797   1.07451
  1.23706  -2.43555   1.07494
   1.2375  -2.43313   1.07538
  1.23793  -2.43072   1.07538
  1.23836  -2.42831   1.07581
   1.2388  -2.42591   1.07624
  1.23923  -2.42351   1.07624
  1.23966  -2.42111   1.07668
   1.2401  -2.41871   1.07711
  1.24053  -2.41632   1.07711
  1.24096  -2.41393   1.07754
   1.2414  -2.41154   1.07798
  1.24183  -2.40916   1.07841
  1.24226  -2.40678   1.07841
   1.2427   -2.4044   1.07884
  1.24313  -2.40202   1.07928
  1.24356  -2.39965   1.07928
    1.244  -2.39728   1.07971
  1.24443  -2.39492   1.08014
  1.24486  -2.39256   1.08014
   1.2453   -2.3902   1.08058
  1.24573  -2.38784   1.08101
  1.24617  -2.38549   1.08101
   1.2466  -2.38313   1.08144
  1.24703  -2.38079   1.08188
  1.24747  -2.37844   1.08231
   1.2479   -2.3761   1.08231
  1.24833  -2.37376   1.08274
  1.24877  -2.37143   1.08318
   1.2492  -2.36909   1.08318
  1.24963  -2.36676   1.08361
  1.25007  -2.36444   1.08404
   1.2505  -2.36212   1.08404
  1.25093  -2.35979   1.08448
  1.25137  -2.35748   1.08491
   1.2518  -2.35516   1.08491
  1.25223  -2.35285   1.08535
  1.25267  -2.35054   1.08578
   1.2531  -2.34824   1.08621
  1.25353  -2.34593   1.08621
  1.25397  -2.34363   1.08665
   1.2544  -2.34134   1.08708
  1.25483  -2.33904   1.08708
  1.25527  -2.33675   1.08751
   1.2557  -2.33446   1.08795
  1.25614  -2.33218   1.08795
  1.25657  -2.32989   1.08838
    1.257  -2.32761   1.08881
  1.25744  -2.32534   1.08881
  1.25787  -2.32306   1.08925
   1.2583  -2.32079   1.08968
  1.25874  -2.31852   1.08968
  1.25917  -2.31626   1.09011
   1.2596  -2.31399   1.09055
  1.26004  -2.31174   1.09098
  1.26047  -2.30948   1.09098
   1.2609  -2.30722   1.09141
  1.26134  -2.30497   1.09185
  1.26177  -2.30273   1.09185
   1.2622  -2.30048   1.09228
  1.26264  -2.29824   1.09271
  1.26307    -2.296   1.09271
   1.2635  -2.29376   1.09315
  1.26394  -2.29153   1.09358
  1.26437   -2.2893   1.09401
   1.2648  -2.28707   1.09401
  1.26524  -2.28484   1.09445
  1.26567  -2.28262   1.09488
  1.26611   -2.2804   1.09488
  1.26654  -2.27818   1.09532
  1.26697  -2.27597   1.09575
  1.26741  -2.27376   1.09575
  1.26784  -2.27155   1.09618
  1.26827  -2.26934   1.09662
  1.26871  -2.26714   1.09662
  1.26914  -2.26494   1.09705
  1.26957  -2.26274   1.09748
  1.27001  -2.26055   1.09748
  1.27044  -2.25835   1.09792
  1.27087  -2.25616   1.09835
  1.27131  -2.25398   1.09878
  1.27174  -2.25179   1.09878
  1.27217  -2.24961   1.09922
  1.27261  -2.24743   1.09965
  1.27304  -2.24526   1.09965
  1.27347  -2.24308   1.10008
  1.27391  -2.24091   1.10052
  1.27434  -2.23875   1.10052
  1.27477  -2.23658   1.10095
  1.27521  -2.23442   1.10138
  1.27564  -2.23226   1.10182
  1.27608   -2.2301   1.10182
  1.27651  -2.22795   1.10225
  1.27694   -2.2258   1.10268
  1.27738  -2.22365   1.10268
  1.27781   -2.2215   1.10312
  1.27824  -2.21936   1.10355
  1.27868  -2.21722   1.10355
  1.27911  -2.21508   1.10398
  1.27954  -2.21295   1.10442
  1.27998  -2.21081   1.10442
  1.28041  -2.20868   1.10485
  1.28084  -2.20656   1.10529
  1.28128  -2.20443   1.10529
  1.28171  -2.20231   1.10572
  1.28214  -2.20019   1.10615
  1.28258  -2.19807   1.10659
  1.28301  -2.19596   1.10659
  1.28344  -2.19385   1.10702
  1.28388  -2.19174   1.10745
  1.28431  -2.18963   1.10745
  1.28474  -2.18753   1.10789
  1.28518  -2.18543   1.10832
  1.28561  -2.18333   1.10832
  1.28605  -2.18124   1.10875
  1.28648  -2.17914   1.10919
  1.28691  -2.17705   1.10919
  1.28735  -2.17496   1.10962
  1.28778  -2.17288   1.11005
  1.28821   -2.1708   1.11049
  1.28865  -2.16872   1.11049
  1.28908  -2.16664   1.11092
  1.28951  -2.16456   1.11135
  1.28995  -2.16249   1.11135
  1.29038  -2.16042   1.11179
  1.29081  -2.15835   1.11222
  1.29125  -2.15629   1.11222
  1.29168  -2.15423   1.11265
  1.29211  -2.15217   1.11309
  1.29255  -2.15011   1.11309
  1.29298  -2.14806   1.11352
  1.29341    -2.146   1.11395
  1.29385  -2.14396   1.11439
  1.29428  -2.14191   1.11439
  1.29471  -2.13986   1.11482
  1.29515  -2.13782   1.11526
  1.29558  -2.13578   1.11526
  1.29602  -2.13375   1.11569
  1.29645  -2.13171   1.11612
  1.29688  -2.12968   1.11612
  1.29732  -2.12765   1.11656
  1.29775  -2.12562   1.11699
  1.29818   -2.1236   1.11699
  1.29862  -2.12158   1.11742
  1.29905  -2.11956   1.11786
  1.29948  -2.11754   1.11829
  1.29992  -2.11553   1.11829
  1.30035  -2.11352   1.11872
  1.30078  -2.11151   1.11916
  1.30122   -2.1095   1.11916
  1.30165   -2.1075   1.11959
  1.30208  -2.10549   1.12002
  1.30252  -2.10349   1.12002
  1.30295   -2.1015   1.12046
  1.30338   -2.0995   1.12089
  1.30382  -2.09751   1.12089
  1.30425  -2.09552   1.12132
  1.30468  -2.09353   1.12176
  1.30512  -2.09155   1.12176
  1.30555  -2.08957   1.12219
  1.30599  -2.08759   1.12262
  1.30642  -2.08561   1.12306
  1.30685  -2.08363   1.12306
  1.30729  -2.08166   1.12349
  1.30772  -2.07969   1.12392
  1.30815  -2.07772   1.12392
  1.30859  -2.07576   1.12436
  1.30902   -2.0738   1.12479
  1.30945  -2.07184   1.12479
  1.30989  -2.06988   1.12523
  1.31032  -2.06792   1.12566
  1.31075  -2.06597   1.12566
  1.31119  -2.06402   1.12609
  1.31162  -2.06207   1.12653
  1.31205  -2.06012   1.12696
  1.31249  -2.05818   1.12696
  1.31292  -2.05624   1.12739
  1.31335   -2.0543   1.12783
  1.31379  -2.05236   1.12783
  1.31422  -2.05043   1.12826
  1.31465   -2.0485   1.12869
  1.31509  -2.04657   1.12869
  1.31552  -2.04464   1.12913
  1.31596  -2.04271   1.12956
  1.31639  -2.04079   1.12956
  1.31682  -2.03887   1.12999
  1.31726  -2.03695   1.13043
  1.31769  -2.03504   1.13086
  1.31812  -2.03312   1.13086
  1.31856  -2.03121   1.13129
  1.31899  -2.02931   1.13173
  1.31942   -2.0274   1.13173
  1.31986  -2.02549   1.13216
  1.32029  -2.02359   1.13259
  1.32072  -2.02169   1.13259
  1.32116   -2.0198   1.13303
  1.32159   -2.0179   1.13346
  1.32202  -2.01601   1.13346
  1.32246  -2.01412   1.13389
  1.32289  -2.01223   1.13433
  1.32332  -2.01035   1.13433
  1.32376  -2.00846   1.13476
  1.32419  -2.00658    1.1352
  1.32462   -2.0047   1.13563
  1.32506  -2.00283   1.13563
  1.32549  -2.00095   1.13606
  1.32593  -1.99908    1.1365
  1.32636  -1.99721    1.1365
  1.32679  -1.99534   1.13693
  1.32723  -1.99348   1.13736
  1.32766  -1.99162   1.13736
  1.32809  -1.98976    1.1378
  1.32853   -1.9879   1.13823
  1.32896  -1.98604   1.13823
  1.32939  -1.98419   1.13866
  1.32983  -1.98234    1.1391
  1.33026  -1.98049   1.13953
  1.33069  -1.97864   1.13953
  1.33113  -1.97679   1.13996
  1.33156  -1.97495    1.1404
  1.33199  -1.97311    1.1404
  1.33243  -1.97127   1.14083
  1.33286  -1.96944   1.14126
  1.33329   -1.9676   1.14126
  1.33373  -1.96577    1.1417
  1.33416  -1.96394   1.14213
  1.33459  -1.96212   1.14213
  1.33503  -1.96029   1.14256
  1.33546  -1.95847     1.143
   1.3359  -1.95665   1.14343
  1.33633  -1.95483   1.14343
  1.33676  -1.95301   1.14386
   1.3372   -1.9512    1.1443
  1.33763  -1.94939    1.1443
  1.33806  -1.94758   1.14473
   1.3385  -1.94577   1.14517
  1.33893  -1.94396   1.14517
  1.33936  -1.94216    1.1456
   1.3398  -1.94036   1.14603
  1.34023  -1.93856   1.14603
  1.34066  -1.93676   1.14647
   1.3411  -1.93497    1.1469
  1.34153  -1.93318   1.14733
  1.34196  -1.93139   1.14733
   1.3424   -1.9296   1.14777
  1.34283  -1.92781    1.1482
  1.34326  -1.92603    1.1482
   1.3437  -1.92425   1.14863
  1.34413  -1.92247   1.14907
  1.34456  -1.92069   1.14907
    1.345  -1.91892    1.1495
  1.34543  -1.91714   1.14993
  1.34587  -1.91537   1.14993
   1.3463   -1.9136   1.15037
  1.34673  -1.91184    1.1508
  1.34717  -1.91007    1.1508
   1.3476  -1.90831   1.15123
  1.34803  -1.90655   1.15167
  1.34847  -1.90479    1.1521
   1.3489  -1.90303    1.1521
  1.34933  -1.90128   1.15253
  1.34977  -1.89953   1.15297
   1.3502  -1.89778   1.15297
  1.35063  -1.89603    1.1534
  1.35107  -1.89428   1.15383
   1.3515  -1.89254   1.15383
  1.35193   -1.8908   1.15427
  1.35237  -1.88906    1.1547
   1.3528  -1.88732    1.1547
  1.35323  -1.88559   1.15514
  1.35367  -1.88385   1.15557
   1.3541  -1.88212     1.156
  1.35453  -1.88039     1.156
  1.35497  -1.87867   1.15644
   1.3554  -1.87694   1.15687
  1.35584  -1.87522   1.15687
  1.35627   -1.8735    1.1573
   1.3567  -1.87178   1.15774
  1.35714  -1.87006   1.15774
  1.35757  -1.86834   1.15817
    1.358  -1.86663    1.1586
  1.35844  -1.86492    1.1586
  1.35887  -1.86321   1.15904
   1.3593  -1.86151   1.15947
  1.35974   -1.8598   1.15947
  1.36017   -1.8581    1.1599
   1.3606   -1.8564   1.16034
  1.36104   -1.8547   1.16077
  1.36147    -1.853   1.16077
   1.3619  -1.85131    1.1612
  1.36234  -1.84961   1.16164
  1.36277  -1.84792   1.16164
   1.3632  -1.84623   1.16207
  1.36364  -1.84455    1.1625
  1.36407  -1.84286    1.1625
   1.3645  -1.84118   1.16294
  1.36494   -1.8395   1.16337
  1.36537  -1.83782   1.16337
  1.36581  -1.83614    1.1638
  1.36624  -1.83447   1.16424
  1.36667   -1.8328   1.16467
  1.36711  -1.83113   1.16467
  1.36754  -1.82946   1.16511
  1.36797  -1.82779   1.16554
  1.36841  -1.82613   1.16554
  1.36884  -1.82446   1.16597
  1.36927   -1.8228   1.16641
  1.36971  -1.82114   1.16641
  1.37014  -1.81949   1.16684
  1.37057  -1.81783   1.16727
  1.37101  -1.81618   1.16727
  1.37144  -1.81453   1.16771
  1.37187  -1.81288   1.16814
  1.37231  -1.81123   1.16814
  1.37274  -1.80958   1.16857
  1.37317  -1.80794   1.16901
  1.37361   -1.8063   1.16944
  1.37404  -1.80466   1.16944
  1.37447  -1.80302   1.16987
  1.37491  -1.80139   1.17031
  1.37534  -1.79975   1.17031
  1.37578  -1.79812   1.17074
  1.37621  -1.79649   1.17117
  1.37664  -1.79486   1.17117
  1.37708  -1.79323   1.17161
  1.37751  -1.79161   1.17204
  1.37794  -1.78999   1.17204
  1.37838  -1.78837   1.17247
  1.37881  -1.78675   1.17291
  1.37924  -1.78513   1.17291
  1.37968  -1.78352   1.17334
  1.38011   -1.7819   1.17377
  1.38054  -1.78029   1.17421
  1.38098  -1.77868   1.17421
  1.38141  -1.77708   1.17464
  1.38184  -1.77547   1.17508
  1.38228  -1.77387   1.17508
  1.38271  -1.77227   1.17551
  1.38314  -1.77067   1.17594
  1.38358  -1.76907   1.17594
  1.38401  -1.76747   1.17638
  1.38444  -1.76588   1.17681
  1.38488  -1.76429   1.17681
  1.38531  -1.76269   1.17724
  1.38575  -1.76111   1.17768
  1.38618  -1.75952   1.17811
  1.38661  -1.75793   1.17811
  1.38705  -1.75635   1.17854
  1.38748  -1.75477   1.17898
  1.38791  -1.75319   1.17898
  1.38835  -1.75161   1.17941
  1.38878  -1.75004   1.17984
  1.38921  -1.74846   1.17984
  1.38965  -1.74689   1.18028
  1.39008  -1.74532   1.18071
  1.39051  -1.74375   1.18071
  1.39095  -1.74219   1.18114
  1.39138  -1.74062   1.18158
  1.39181  -1.73906   1.18158
  1.39225   -1.7375   1.18201
  1.39268  -1.73594   1.18244
  1.39311  -1.73438   1.18288
  1.39355  -1.73282   1.18288
  1.39398  -1.73127   1.18331
  1.39441  -1.72972   1.18374
  1.39485  -1.72817   1.18374
  1.39528  -1.72662   1.18418
  1.39572  -1.72507   1.18461
  1.39615  -1.72353   1.18461
  1.39658  -1.72198   1.18505
  1.39702  -1.72044   1.18548
  1.39745   -1.7189   1.18548
  1.39788  -1.71737   1.18591
  1.39832  -1.71583   1.18635
  1.39875   -1.7143   1.18678
  1.39918  -1.71276   1.18678
  1.39962  -1.71123   1.18721
  1.40005   -1.7097   1.18765
  1.40048  -1.70818   1.18765
  1.40092  -1.70665   1.18808
  1.40135  -1.70513   1.18851
  1.40178   -1.7036   1.18851
  1.40222  -1.70208   1.18895
  1.40265  -1.70057   1.18938
  1.40308  -1.69905   1.18938
  1.40352  -1.69753   1.18981
  1.40395  -1.69602   1.19025
  1.40438  -1.69451   1.19025
  1.40482    -1.693   1.19068
  1.40525  -1.69149   1.19111
  1.40569  -1.68999   1.19111
  1.40612  -1.68848   1.19155
  1.40655  -1.68698   1.19198
  1.40699  -1.68548   1.19241
  1.40742  -1.68398   1.19241
  1.40785  -1.68248   1.19285
  1.40829  -1.68099   1.19328
  1.40872  -1.67949   1.19328
  1.40915    -1.678   1.19371
  1.40959  -1.67651   1.19415
  1.41002  -1.67502   1.19415
  1.41045  -1.67353   1.19458
  1.41089  -1.67205   1.19502
  1.41132  -1.67056   1.19545
  1.41175  -1.66908   1.19545
  1.41219   -1.6676   1.19588
  1.41262  -1.66612   1.19632
  1.41305  -1.66464   1.19632
  1.41349  -1.66317   1.19675
  1.41392   -1.6617   1.19718
  1.41435  -1.66022   1.19718
  1.41479  -1.65875   1.19762
  1.41522  -1.65728   1.19805
  1.41566  -1.65582   1.19805
  1.41609  -1.65435   1.19848
  1.41652  -1.65289   1.19892
  1.41696  -1.65143   1.19892
  1.41739  -1.64997   1.19935
  1.41782  -1.64851   1.19978
  1.41826  -1.64705   1.19978
  1.41869   -1.6456   1.20022
  1.41912  -1.64414   1.20065
  1.41956  -1.64269   1.20108
  1.41999  -1.64124   1.20108
  1.42042  -1.63979   1.20152
  1.42086  -1.63834   1.20195
  1.42129   -1.6369   1.20195
  1.42172  -1.63546   1.20238
  1.42216  -1.63401   1.20282
  1.42259  -1.63257   1.20282
  1.42302  -1.63113   1.20325
  1.42346   -1.6297   1.20368
  1.42389  -1.62826   1.20368
  1.42432  -1.62683   1.20412
  1.42476   -1.6254   1.20455
  1.42519  -1.62397   1.20455
  1.42563  -1.62254   1.20498
  1.42606  -1.62111   1.20542
  1.42649  -1.61968   1.20585
  1.42693  -1.61826   1.20585
  1.42736  -1.61684   1.20629
  1.42779  -1.61542   1.20672
  1.42823    -1.614   1.20672
  1.42866  -1.61258   1.20715
  1.42909  -1.61116   1.20759
  1.42953  -1.60975   1.20759
  1.42996  -1.60834   1.20802
  1.43039  -1.60693   1.20845
  1.43083  -1.60552   1.20889
  1.43126  -1.60411   1.20889
  1.43169   -1.6027   1.20932
  1.43213   -1.6013   1.20975
  1.43256  -1.59989   1.20975
  1.43299  -1.59849   1.21019
  1.43343  -1.59709   1.21062
  1.43386  -1.59569   1.21062
  1.43429   -1.5943   1.21105
  1.43473   -1.5929   1.21149
  1.43516  -1.59151   1.21149
   1.4356  -1.59011   1.21192
  1.43603  -1.58872   1.21235
  1.43646  -1.58734   1.21235
   1.4369  -1.58595   1.21279
  1.43733  -1.58456   1.21322
  1.43776  -1.58318   1.21322
   1.4382   -1.5818   1.21365
  1.43863  -1.58041   1.21409
  1.43906  -1.57903   1.21409
   1.4395  -1.57766   1.21452
  1.43993  -1.57628   1.21495
  1.44036  -1.57491   1.21539
   1.4408  -1.57353   1.21539
  1.44123  -1.57216   1.21582
  1.44166  -1.57079   1.21626
   1.4421  -1.56942   1.21626
  1.44253  -1.56805   1.21669
  1.44296  -1.56669   1.21712
   1.4434  -1.56532   1.21712
  1.44383  -1.56396   1.21756
  1.44426   -1.5626   1.21799
   1.4447  -1.56124   1.21842
  1.44513  -1.55988   1.21842
  1.44557  -1.55853   1.21886
    1.446  -1.55717   1.21929
  1.44643  -1.55582   1.21929
  1.44687  -1.55447   1.21972
   1.4473  -1.55312   1.22016
  1.44773  -1.55177   1.22016
  1.44817  -1.55042   1.22059
   1.4486  -1.54907   1.22102
  1.44903  -1.54773   1.22102
  1.44947  -1.54639   1.22146
   1.4499  -1.54504   1.22189
  1.45033   -1.5437   1.22189
  1.45077  -1.54237   1.22232
   1.4512  -1.54103   1.22276
  1.45163  -1.53969   1.22276
  1.45207  -1.53836   1.22319
   1.4525  -1.53703   1.22362
  1.45293   -1.5357   1.22406
  1.45337  -1.53437   1.22406
   1.4538  -1.53304   1.22449
  1.45423  -1.53171   1.22492
  1.45467  -1.53039   1.22492
   1.4551  -1.52906   1.22536
  1.45554  -1.52774   1.22579
  1.45597  -1.52642   1.22579
   1.4564   -1.5251   1.22623
  1.45684  -1.52379   1.22666
  1.45727  -1.52247   1.22666
   1.4577  -1.52115   1.22709
  1.45814  -1.51984   1.22753
  1.45857  -1.51853   1.22796
    1.459  -1.51722   1.22796
  1.45944  -1.51591   1.22839
  1.45987   -1.5146   1.22883
   1.4603   -1.5133   1.22883
  1.46074  -1.51199   1.22926
  1.46117  -1.51069   1.22969
   1.4616  -1.50939   1.22969
  1.46204  -1.50809   1.23013
  1.46247  -1.50679   1.23056
   1.4629  -1.50549   1.23056
  1.46334   -1.5042   1.23099
  1.46377   -1.5029   1.23143
   1.4642  -1.50161   1.23143
  1.46464  -1.50032   1.23186
  1.46507  -1.49903   1.23229
  1.46551  -1.49774   1.23273
  1.46594  -1.49645   1.23273
  1.46637  -1.49517   1.23316
  1.46681  -1.49388   1.23359
  1.46724   -1.4926   1.23359
  1.46767  -1.49132   1.23403
  1.46811  -1.49004   1.23446
  1.46854  -1.48876   1.23446
  1.46897  -1.48748   1.23489
  1.46941  -1.48621   1.23533
  1.46984  -1.48493   1.23533
  1.47027  -1.48366   1.23576
  1.47071  -1.48239    1.2362
  1.47114  -1.48112    1.2362
  1.47157  -1.47985   1.23663
  1.47201  -1.47858   1.23706
  1.47244  -1.47732   1.23706
  1.47287  -1.47605    1.2375
  1.47331  -1.47479   1.23793
  1.47374  -1.47353   1.23836
  1.47417  -1.47227   1.23836
  1.47461  -1.47101    1.2388
  1.47504  -1.46975   1.23923
  1.47548   -1.4685   1.23923
  1.47591  -1.46724   1.23966
  1.47634  -1.46599    1.2401
  1.47678  -1.46474    1.2401
  1.47721  -1.46348   1.24053
  1.47764  -1.46224   1.24096
  1.47808  -1.46099   1.24096
  1.47851  -1.45974    1.2414
  1.47894   -1.4585   1.24183
  1.47938  -1.45725   1.24226
  1.47981  -1.45601   1.24226
  1.48024  -1.45477    1.2427
  1.48068  -1.45353   1.24313
  1.48111  -1.45229   1.24313
  1.48154  -1.45105   1.24356
  1.48198  -1.44982     1.244
  1.48241  -1.44858     1.244
  1.48284  -1.44735   1.24443
  1.48328  -1.44612   1.24486
  1.48371  -1.44489   1.24486
  1.48414  -1.44366    1.2453
  1.48458  -1.44243   1.24573
  1.48501  -1.44121   1.24573
  1.48545  -1.43998   1.24617
  1.48588  -1.43876    1.2466
  1.48631  -1.43754    1.2466
  1.48675  -1.43632   1.24703
  1.48718   -1.4351   1.24747
  1.48761  -1.43388    1.2479
  1.48805  -1.43266    1.2479
  1.48848  -1.43145   1.24833
  1.48891  -1.43023   1.24877
  1.48935  -1.42902   1.24877
  1.48978  -1.42781    1.2492
  1.49021   -1.4266   1.24963
  1.49065  -1.42539   1.24963
  1.49108  -1.42418   1.25007
  1.49151  -1.42298    1.2505
  1.49195  -1.42177    1.2505
  1.49238  -1.42057   1.25093
  1.49281  -1.41937   1.25137
  1.49325  -1.41817   1.25137
  1.49368  -1.41697    1.2518
  1.49411  -1.41577   1.25223
  1.49455  -1.41457   1.25267
  1.49498  -1.41338   1.25267
  1.49542  -1.41218    1.2531
  1.49585  -1.41099   1.25353
  1.49628   -1.4098   1.25353
  1.49672  -1.40861   1.25397
  1.49715  -1.40742    1.2544
  1.49758  -1.40623    1.2544
  1.49802  -1.40504   1.25483
  1.49845  -1.40386   1.25527
  1.49888  -1.40268   1.25527
  1.49932  -1.40149    1.2557
  1.49975  -1.40031   1.25614
  1.50018  -1.39913   1.25614
  1.50062  -1.39795   1.25657
  1.50105  -1.39677     1.257
  1.50148   -1.3956   1.25744
  1.50192  -1.39442   1.25744
  1.50235  -1.39325   1.25787
  1.50278  -1.39208    1.2583
  1.50322  -1.39091    1.2583
  1.50365  -1.38974   1.25874
  1.50408  -1.38857   1.25917
  1.50452   -1.3874   1.25917
  1.50495  -1.38624    1.2596
  1.50539  -1.38507   1.26004
  1.50582  -1.38391   1.26004
  1.50625  -1.38274   1.26047
  1.50669  -1.38158    1.2609
  1.50712  -1.38042    1.2609
  1.50755  -1.37927   1.26134
  1.50799  -1.37811   1.26177
  1.50842  -1.37695    1.2622
  1.50885   -1.3758    1.2622
  1.50929  -1.37464   1.26264
  1.50972  -1.37349   1.26307
  1.51015  -1.37234   1.26307
  1.51059  -1.37119    1.2635
  1.51102  -1.37004   1.26394
  1.51145   -1.3689   1.26394
  1.51189  -1.36775   1.26437
  1.51232  -1.36661    1.2648
  1.51275  -1.36546    1.2648
  1.51319  -1.36432   1.26524
  1.51362  -1.36318   1.26567
  1.51405  -1.36204   1.26567
  1.51449   -1.3609   1.26611
  1.51492  -1.35976   1.26654
  1.51536  -1.35863   1.26697
  1.51579  -1.35749   1.26697
  1.51622  -1.35636   1.26741
  1.51666  -1.35523   1.26784
  1.51709  -1.35409   1.26784
  1.51752  -1.35296   1.26827
  1.51796  -1.35184   1.26871
  1.51839  -1.35071   1.26871
  1.51882  -1.34958   1.26914
  1.51926  -1.34846   1.26957
  1.51969  -1.34733   1.26957
  1.52012  -1.34621   1.27001
  1.52056  -1.34509   1.27044
  1.52099  -1.34397   1.27044
  1.52142  -1.34285   1.27087
  1.52186  -1.34173   1.27131
  1.52229  -1.34062   1.27174
  1.52272   -1.3395   1.27174
  1.52316  -1.33838   1.27217
  1.52359  -1.33727   1.27261
  1.52402  -1.33616   1.27261
  1.52446  -1.33505   1.27304
  1.52489  -1.33394   1.27347
  1.52533  -1.33283   1.27347
  1.52576  -1.33172   1.27391
  1.52619  -1.33062   1.27434
  1.52663  -1.32951   1.27434
  1.52706  -1.32841   1.27477
  1.52749  -1.32731   1.27521
  1.52793  -1.32621   1.27521
  1.52836  -1.32511   1.27564
  1.52879  -1.32401   1.27608
  1.52923  -1.32291   1.27608
  1.52966  -1.32181   1.27651
  1.53009  -1.32072   1.27694
  1.53053  -1.31962   1.27738
  1.53096  -1.31853   1.27738
  1.53139  -1.31744   1.27781
  1.53183  -1.31635   1.27824
  1.53226  -1.31526   1.27824
  1.53269  -1.31417   1.27868
  1.53313  -1.31308   1.27911
  1.53356    -1.312   1.27911
  1.53399  -1.31091   1.27954
  1.53443  -1.30983   1.27998
  1.53486  -1.30875   1.27998
   1.5353  -1.30766   1.28041
  1.53573  -1.30658   1.28084
  1.53616  -1.30551   1.28084
   1.5366  -1.30443   1.28128
  1.53703  -1.30335   1.28171
  1.53746  -1.30227   1.28214
   1.5379   -1.3012   1.28214
  1.53833  -1.30013   1.28258
  1.53876  -1.29905   1.28301
   1.5392  -1.29798   1.28301
  1.53963  -1.29691   1.28344
  1.54006  -1.29584   1.28388
   1.5405  -1.29478   1.28388
  1.54093  -1.29371   1.28431
  1.54136  -1.29265   1.28474
   1.5418  -1.29158   1.28474
  1.54223  -1.29052   1.28518
  1.54266  -1.28946   1.28561
   1.5431   -1.2884   1.28561
  1.54353  -1.28733   1.28605
  1.54396  -1.28628   1.28648
   1.5444  -1.28522   1.28691
  1.54483  -1.28416   1.28691
  1.54527  -1.28311   1.28735
   1.5457  -1.28205   1.28778
  1.54613    -1.281   1.28778
  1.54657  -1.27995   1.28821
    1.547   -1.2789   1.28865
  1.54743  -1.27785   1.28865
  1.54787   -1.2768   1.28908
   1.5483  -1.27575   1.28951
  1.54873  -1.27471   1.28951
  1.54917  -1.27366   1.28995
   1.5496  -1.27262   1.29038
  1.55003  -1.27157   1.29038
  1.55047  -1.27053   1.29081
   1.5509  -1.26949   1.29125
  1.55133  -1.26845   1.29125
  1.55177  -1.26741   1.29168
   1.5522  -1.26637   1.29211
  1.55263  -1.26534   1.29255
  1.55307   -1.2643   1.29255
   1.5535  -1.26327   1.29298
  1.55393  -1.26223   1.29341
  1.55437   -1.2612   1.29341
   1.5548  -1.26017   1.29385
  1.55524  -1.25914   1.29428
  1.55567  -1.25811   1.29428
   1.5561  -1.25709   1.29471
  1.55654  -1.25606   1.29515
  1.55697  -1.25503   1.29515
   1.5574  -1.25401   1.29558
  1.55784  -1.25299   1.29602
  1.55827  -1.25196   1.29602
   1.5587  -1.25094   1.29645
  1.55914  -1.24992   1.29688
  1.55957   -1.2489   1.29732
     1.56  -1.24788   1.29732
  1.56044  -1.24687   1.29775
  1.56087  -1.24585   1.29818
   1.5613  -1.24484   1.29818
  1.56174  -1.24382   1.29862
  1.56217  -1.24281   1.29905
   1.5626   -1.2418   1.29905
  1.56304  -1.24079   1.29948
  1.56347  -1.23978   1.29992
   1.5639  -1.23877   1.29992
  1.56434  -1.23776   1.30035
  1.56477  -1.23676   1.30078
  1.56521  -1.23575   1.30078
  1.56564  -1.23475   1.30122
  1.56607  -1.23374   1.30165
  1.56651  -1.23274   1.30208
  1.56694  -1.23174   1.30208
  1.56737  -1.23074   1.30252
  1.56781  -1.22974   1.30295
  1.56824  -1.22874   1.30295
  1.56867  -1.22775   1.30338
  1.56911  -1.22675   1.30382
  1.56954  -1.22576   1.30382
  1.56997  -1.22476   1.30425
  1.57041  -1.22377   1.30468
  1.57084  -1.22278   1.30468
  1.57127  -1.22179   1.30512
  1.57171   -1.2208   1.30555
  1.57214  -1.21981   1.30555
  1.57257  -1.21882   1.30599
  1.57301  -1.21783   1.30642
  1.57344  -1.21685   1.30642
  1.57387  -1.21586   1.30685
  1.57431  -1.21488   1.30729
  1.57474   -1.2139   1.30772
  1.57518  -1.21292   1.30772
  1.57561  -1.21194   1.30815
  1.57604  -1.21096   1.30859
  1.57648  -1.20998   1.30859
  1.57691    -1.209   1.30902
  1.57734  -1.20803   1.30945
  1.57778  -1.20705   1.30945
  1.57821  -1.20608   1.30989
  1.57864   -1.2051   1.31032
  1.57908  -1.20413   1.31032
  1.57951  -1.20316   1.31075
  1.57994  -1.20219   1.31119
  1.58038  -1.20122   1.31119
  1.58081  -1.20025   1.31162
  1.58124  -1.19928   1.31205
  1.58168  -1.19832   1.31249
  1.58211  -1.19735   1.31249
  1.58254  -1.19639   1.31292
  1.58298  -1.19543   1.31335
  1.58341  -1.19446   1.31335
  1.58384   -1.1935   1.31379
  1.58428  -1.19254   1.31422
  1.58471  -1.19158   1.31422
  1.58515  -1.19063   1.31465
  1.58558  -1.18967   1.31509
  1.58601  -1.18871   1.31509
  1.58645  -1.18776   1.31552
  1.58688   -1.1868   1.31596
  1.58731  -1.18585   1.31596
  1.58775   -1.1849   1.31639
  1.58818  -1.18395   1.31682
  1.58861    -1.183   1.31682
  1.58905  -1.18205   1.31726
  1.58948   -1.1811   1.31769
  1.58991  -1.18015   1.31812
  1.59035   -1.1792   1.31812
  1.59078  -1.17826   1.31856
  1.59121  -1.17731   1.31899
  1.59165  -1.17637   1.31899
  1.59208  -1.17543   1.31942
  1.59251  -1.17449   1.31986
  1.59295  -1.17355   1.31986
  1.59338  -1.17261   1.32029
  1.59381  -1.17167   1.32072
  1.59425  -1.17073   1.32072
  1.59468  -1.16979   1.32116
  1.59512  -1.16886   1.32159
  1.59555  -1.16792   1.32159
  1.59598  -1.16699   1.32202
  1.59642  -1.16606   1.32246
  1.59685  -1.16513   1.32246
  1.59728  -1.16419   1.32289
  1.59772  -1.16326   1.32332
  1.59815  -1.16234   1.32376
  1.59858  -1.16141   1.32376
  1.59902  -1.16048   1.32419
  1.59945  -1.15956   1.32462
  1.59988  -1.15863   1.32462
  1.60032  -1.15771   1.32506
  1.60075  -1.15678   1.32549
  1.60118  -1.15586   1.32549
  1.60162  -1.15494   1.32593
  1.60205  -1.15402   1.32636
  1.60248   -1.1531   1.32636
  1.60292  -1.15218   1.32679
  1.60335  -1.15126   1.32723
  1.60378  -1.15035   1.32723
  1.60422  -1.14943   1.32766
  1.60465  -1.14852   1.32809
  1.60509   -1.1476   1.32853
  1.60552  -1.14669   1.32853
  1.60595  -1.14578   1.32896
  1.60639  -1.14487   1.32939
  1.60682  -1.14396   1.32939
  1.60725  -1.14305   1.32983
  1.60769  -1.14214   1.33026
  1.60812  -1.14123   1.33026
  1.60855  -1.14033   1.33069
  1.60899  -1.13942   1.33113
  1.60942  -1.13852   1.33113
  1.60985  -1.13761   1.33156
  1.61029  -1.13671   1.33199
  1.61072  -1.13581   1.33199
  1.61115  -1.13491   1.33243
  1.61159  -1.13401   1.33286
  1.61202  -1.13311   1.33286
  1.61245  -1.13221   1.33329
  1.61289  -1.13131   1.33373
  1.61332  -1.13042   1.33416
  1.61375  -1.12952   1.33416
  1.61419  -1.12863   1.33459
  1.61462  -1.12773   1.33503
  1.61506  -1.12684   1.33503
  1.61549  -1.12595   1.33546
  1.61592  -1.12506    1.3359
  1.61636  -1.12417    1.3359
  1.61679  -1.12328   1.33633
  1.61722  -1.12239   1.33676
  1.61766  -1.12151   1.33676
  1.61809  -1.12062    1.3372
  1.61852  -1.11973   1.33763
  1.61896  -1.11885   1.33763
  1.61939  -1.11797   1.33806
  1.61982  -1.11708    1.3385
  1.62026   -1.1162   1.33893
  1.62069  -1.11532   1.33893
  1.62112  -1.11444   1.33936
  1.62156  -1.11356    1.3398
  1.62199  -1.11268    1.3398
  1.62242  -1.11181   1.34023
  1.62286  -1.11093   1.34066
  1.62329  -1.11006   1.34066
  1.62372  -1.10918    1.3411
  1.62416  -1.10831   1.34153
  1.62459  -1.10743   1.34153
  1.62503  -1.10656   1.34196
  1.62546  -1.10569    1.3424
  1.62589  -1.10482    1.3424
  1.62633  -1.10395   1.34283
  1.62676  -1.10308   1.34326
  1.62719  -1.10222   1.34326
  1.62763  -1.10135    1.3437
  1.62806  -1.10048   1.34413
  1.62849  -1.09962   1.34456
  1.62893  -1.09876   1.34456
  1.62936  -1.09789     1.345
  1.62979  -1.09703   1.34543
  1.63023  -1.09617   1.34543
  1.63066  -1.09531   1.34587
  1.63109  -1.09445    1.3463
  1.63153  -1.09359    1.3463
  1.63196  -1.09273   1.34673
  1.63239  -1.09188   1.34717
  1.63283  -1.09102   1.34717
  1.63326  -1.09016    1.3476
  1.63369  -1.08931   1.34803
  1.63413  -1.08846   1.34803
  1.63456   -1.0876   1.34847
  1.63499  -1.08675    1.3489
  1.63543   -1.0859   1.34933
  1.63586  -1.08505   1.34933
   1.6363   -1.0842   1.34977
  1.63673  -1.08335    1.3502
  1.63716  -1.08251    1.3502
   1.6376  -1.08166   1.35063
  1.63803  -1.08081   1.35107
  1.63846  -1.07997   1.35107
   1.6389  -1.07912    1.3515
  1.63933  -1.07828   1.35193
  1.63976  -1.07744   1.35193
   1.6402   -1.0766   1.35237
  1.64063  -1.07576    1.3528
  1.64106  -1.07492    1.3528
   1.6415  -1.07408   1.35323
  1.64193  -1.07324   1.35367
  1.64236   -1.0724   1.35367
   1.6428  -1.07157    1.3541
  1.64323  -1.07073   1.35453
  1.64366   -1.0699   1.35453
   1.6441  -1.06906   1.35497
  1.64453  -1.06823    1.3554
  1.64496   -1.0674   1.35584
   1.6454  -1.06656   1.35584
  1.64583  -1.06573   1.35627
  1.64627   -1.0649    1.3567
   1.6467  -1.06408    1.3567
  1.64713  -1.06325   1.35714
  1.64757  -1.06242   1.35757
    1.648  -1.06159   1.35757
  1.64843  -1.06077     1.358
  1.64887  -1.05994   1.35844
   1.6493  -1.05912   1.35844
  1.64973   -1.0583   1.35887
  1.65017  -1.05747    1.3593
   1.6506  -1.05665    1.3593
  1.65103  -1.05583   1.35974
  1.65147  -1.05501   1.36017
   1.6519  -1.05419    1.3606
  1.65233  -1.05337    1.3606
  1.65277  -1.05256   1.36104
   1.6532  -1.05174   1.36147
  1.65363  -1.05092   1.36147
  1.65407  -1.05011    1.3619
   1.6545   -1.0493   1.36234
  1.65493  -1.04848   1.36234
  1.65537  -1.04767   1.36277
   1.6558  -1.04686    1.3632
  1.65624  -1.04605    1.3632
  1.65667  -1.04524   1.36364
   1.6571  -1.04443   1.36407
  1.65754  -1.04362   1.36407
  1.65797  -1.04281    1.3645
   1.6584    -1.042   1.36494
  1.65884   -1.0412   1.36494
  1.65927  -1.04039   1.36537
   1.6597  -1.03959   1.36581
  1.66014  -1.03879   1.36581
  1.66057  -1.03798   1.36624
    1.661  -1.03718   1.36667
  1.66144  -1.03638   1.36711
  1.66187  -1.03558   1.36711
   1.6623  -1.03478   1.36754
  1.66274  -1.03398   1.36797
  1.66317  -1.03318   1.36797
   1.6636  -1.03238   1.36841
  1.66404  -1.03159   1.36884
  1.66447  -1.03079   1.36884
   1.6649     -1.03   1.36927
  1.66534   -1.0292   1.36971
  1.66577  -1.02841   1.36971
  1.66621  -1.02762   1.37014
  1.66664  -1.02683   1.37057
  1.66707  -1.02603   1.37101
  1.66751  -1.02524   1.37101
  1.66794  -1.02445   1.37144
  1.66837  -1.02367   1.37187
  1.66881  -1.02288   1.37187
  1.66924  -1.02209   1.37231
  1.66967  -1.02131   1.37274
  1.67011  -1.02052   1.37274
  1.67054  -1.01973   1.37317
  1.67097  -1.01895   1.37361
  1.67141  -1.01817   1.37361
  1.67184  -1.01739   1.37404
  1.67227   -1.0166   1.37447
  1.67271  -1.01582   1.37447
  1.67314  -1.01504   1.37491
  1.67357  -1.01426   1.37534
  1.67401  -1.01349   1.37534
  1.67444  -1.01271   1.37578
  1.67487  -1.01193   1.37621
  1.67531  -1.01115   1.37621
  1.67574  -1.01038   1.37664
  1.67618   -1.0096   1.37708
  1.67661  -1.00883   1.37751
  1.67704  -1.00806   1.37751
  1.67748  -1.00728   1.37794
  1.67791  -1.00651   1.37838
  1.67834  -1.00574   1.37838
  1.67878  -1.00497   1.37881
  1.67921   -1.0042   1.37924
  1.67964  -1.00343   1.37924
  1.68008  -1.00267   1.37968
  1.68051   -1.0019   1.38011
  1.68094  -1.00113   1.38011
  1.68138  -1.00037   1.38054
  1.68181 -0.999602   1.38098
  1.68224 -0.998838   1.38098
  1.68268 -0.998075   1.38141
  1.68311 -0.997312   1.38184
  1.68354 -0.996551   1.38184
  1.68398  -0.99579   1.38228
  1.68441 -0.995029   1.38271
  1.68484  -0.99427   1.38271
  1.68528 -0.993511   1.38314
  1.68571 -0.992753   1.38358
  1.68615 -0.991996   1.38358
  1.68658 -0.991239   1.38401
  1.68701 -0.990483   1.38444
  1.68745 -0.989728   1.38444
  1.68788 -0.988974   1.38488
  1.68831  -0.98822   1.38531
  1.68875 -0.987467   1.38575
  1.68918 -0.986715   1.38575
  1.68961 -0.985963   1.38618
  1.69005 -0.985213   1.38661
  1.69048 -0.984463   1.38705
  1.69091 -0.983714   1.38705
  1.69135 -0.982965   1.38748
  1.69178 -0.982218   1.38791
  1.69221  -0.98147   1.38791
  1.69265 -0.980724   1.38835
  1.69308 -0.979979   1.38878
  1.69351 -0.979234   1.38878
  1.69395  -0.97849   1.38921
  1.69438 -0.977747   1.38965
  1.69481 -0.977004   1.38965
  1.69525 -0.976262   1.39008
  1.69568 -0.975521   1.39051
  1.69612  -0.97478   1.39051
  1.69655 -0.974041   1.39095
  1.69698 -0.973302   1.39138
  1.69742 -0.972563   1.39138
  1.69785 -0.971826   1.39181
  1.69828 -0.971089   1.39225
  1.69872 -0.970353   1.39225
  1.69915 -0.969618   1.39268
  1.69958 -0.968883   1.39311
  1.70002 -0.968149   1.39311
  1.70045 -0.967416   1.39355
  1.70088 -0.966683   1.39398
  1.70132 -0.965952   1.39398
  1.70175  -0.96522   1.39441
  1.70218  -0.96449   1.39485
  1.70262  -0.96376   1.39528
  1.70305 -0.963031   1.39528
  1.70348 -0.962303   1.39572
  1.70392 -0.961575   1.39615
  1.70435 -0.960849   1.39615
  1.70478 -0.960122   1.39658
  1.70522 -0.959397   1.39702
  1.70565 -0.958672   1.39702
  1.70609 -0.957948   1.39745
  1.70652 -0.957225   1.39788
  1.70695 -0.956502   1.39788
  1.70739  -0.95578   1.39832
  1.70782 -0.955059   1.39875
  1.70825 -0.954339   1.39875
  1.70869 -0.953619   1.39918
  1.70912   -0.9529   1.39962
  1.70955 -0.952182   1.39962
  1.70999 -0.951464   1.40005
  1.71042 -0.950747   1.40048
  1.71085 -0.950031   1.40092
  1.71129 -0.949315   1.40092
  1.71172   -0.9486   1.40135
  1.71215 -0.947886   1.40178
  1.71259 -0.947172   1.40178
  1.71302 -0.946459   1.40222
  1.71345 -0.945747   1.40265
  1.71389 -0.945036   1.40265
  1.71432 -0.944325   1.40308
  1.71475 -0.943615   1.40352
  1.71519 -0.942905   1.40352
  1.71562 -0.942196   1.40395
  1.71606 -0.941489   1.40438
  1.71649 -0.940781   1.40438
  1.71692 -0.940074   1.40482
  1.71736 -0.939368   1.40525
  1.71779 -0.938663   1.40569
  1.71822 -0.937959   1.40569
  1.71866 -0.937255   1.40612
  1.71909 -0.936552   1.40655
  1.71952 -0.935849   1.40655
  1.71996 -0.935147   1.40699
  1.72039 -0.934446   1.40742
  1.72082 -0.933745   1.40742
  1.72126 -0.933045   1.40785
  1.72169 -0.932346   1.40829
  1.72212 -0.931648   1.40829
  1.72256  -0.93095   1.40872
  1.72299 -0.930253   1.40915
  1.72342 -0.929556   1.40915
  1.72386  -0.92886   1.40959
  1.72429 -0.928165   1.41002
  1.72472 -0.927471   1.41002
  1.72516 -0.926777   1.41045
  1.72559 -0.926084   1.41089
  1.72603 -0.925391   1.41089
  1.72646 -0.924699   1.41132
  1.72689 -0.924008   1.41175
  1.72733 -0.923318   1.41219
  1.72776 -0.922628   1.41219
  1.72819 -0.921939   1.41262
  1.72863  -0.92125   1.41305
  1.72906 -0.920562   1.41305
  1.72949 -0.919875   1.41349
  1.72993 -0.919189   1.41392
  1.73036 -0.918503   1.41392
  1.73079 -0.917817   1.41435
  1.73123 -0.917133   1.41479
  1.73166 -0.916449   1.41479
  1.73209 -0.915766   1.41522
  1.73253 -0.915083   1.41566
  1.73296 -0.914402   1.41566
  1.73339  -0.91372   1.41609
  1.73383  -0.91304   1.41652
  1.73426  -0.91236   1.41652
  1.73469  -0.91168   1.41696
  1.73513 -0.911002   1.41739
  1.73556 -0.910324   1.41782
    1.736 -0.909646   1.41782
  1.73643  -0.90897   1.41826
  1.73686 -0.908294   1.41869
   1.7373 -0.907618   1.41869
  1.73773 -0.906943   1.41912
  1.73816 -0.906269   1.41956
   1.7386 -0.905596   1.41956
  1.73903 -0.904923   1.41999
  1.73946 -0.904251   1.42042
   1.7399 -0.903579   1.42042
  1.74033 -0.902908   1.42086
  1.74076 -0.902238   1.42129
   1.7412 -0.901568   1.42129
  1.74163 -0.900899   1.42172
  1.74206 -0.900231   1.42216
   1.7425 -0.899564   1.42216
  1.74293 -0.898896   1.42259
  1.74336  -0.89823   1.42302
   1.7438 -0.897564   1.42302
  1.74423 -0.896899   1.42346
  1.74466 -0.896234   1.42389
   1.7451 -0.895571   1.42432
  1.74553 -0.894907   1.42432
  1.74597 -0.894245   1.42476
   1.7464 -0.893583   1.42519
  1.74683 -0.892921   1.42519
  1.74727  -0.89226   1.42563
   1.7477 -0.891601   1.42606
  1.74813 -0.890941   1.42606
  1.74857 -0.890282   1.42649
    1.749 -0.889624   1.42693
  1.74943 -0.888966   1.42693
  1.74987 -0.888309   1.42736
   1.7503 -0.887653   1.42779
  1.75073 -0.886997   1.42779
  1.75117 -0.886342   1.42823
   1.7516 -0.885688   1.42866
  1.75203 -0.885034   1.42909
  1.75247 -0.884381   1.42909
   1.7529 -0.883728   1.42953
  1.75333 -0.883076   1.42996
  1.75377 -0.882425   1.42996
   1.7542 -0.881774   1.43039
  1.75463 -0.881124   1.43083
  1.75507 -0.880474   1.43083
   1.7555 -0.879825   1.43126
  1.75594 -0.879177   1.43169
  1.75637 -0.878529   1.43169
   1.7568 -0.877882   1.43213
  1.75724 -0.877236   1.43256
  1.75767  -0.87659   1.43256
   1.7581 -0.875945   1.43299
  1.75854   -0.8753   1.43343
  1.75897 -0.874656   1.43343
   1.7594 -0.874013   1.43386
  1.75984  -0.87337   1.43429
  1.76027 -0.872728   1.43429
   1.7607 -0.872086   1.43473
  1.76114 -0.871445   1.43516
  1.76157 -0.870805    1.4356
    1.762 -0.870165    1.4356
  1.76244 -0.869526   1.43603
  1.76287 -0.868888   1.43646
   1.7633 -0.868249   1.43646
  1.76374 -0.867612    1.4369
  1.76417 -0.866976   1.43733
   1.7646 -0.866339   1.43733
  1.76504 -0.865704   1.43776
  1.76547 -0.865069    1.4382
  1.76591 -0.864435    1.4382
  1.76634 -0.863801   1.43863
  1.76677 -0.863168   1.43906
  1.76721 -0.862535   1.43906
  1.76764 -0.861903    1.4395
  1.76807 -0.861272   1.43993
  1.76851 -0.860641   1.43993
  1.76894 -0.860011   1.44036
  1.76937 -0.859381    1.4408
  1.76981 -0.858753   1.44123
  1.77024 -0.858124   1.44123
  1.77067 -0.857496   1.44166
  1.77111 -0.856869    1.4421
  1.77154 -0.856242    1.4421
  1.77197 -0.855616   1.44253
  1.77241 -0.854991   1.44296
  1.77284 -0.854366   1.44296
  1.77327 -0.853742    1.4434
  1.77371 -0.853118   1.44383
  1.77414 -0.852495   1.44383
  1.77457 -0.851873   1.44426
  1.77501 -0.851251    1.4447
  1.77544 -0.850629    1.4447
  1.77588 -0.850009   1.44513
  1.77631 -0.849388   1.44557
  1.77674 -0.848769   1.44557
  1.77718  -0.84815     1.446
  1.77761 -0.847531   1.44643
  1.77804 -0.846914   1.44643
  1.77848 -0.846296   1.44687
  1.77891  -0.84568    1.4473
  1.77934 -0.845064   1.44773
  1.77978 -0.844448   1.44773
  1.78021 -0.843833   1.44817
  1.78064 -0.843219    1.4486
  1.78108 -0.842605    1.4486
  1.78151 -0.841992   1.44903
  1.78194 -0.841379   1.44947
  1.78238 -0.840767   1.44947
  1.78281 -0.840155    1.4499
  1.78324 -0.839545   1.45033
  1.78368 -0.838934   1.45033
  1.78411 -0.838324   1.45077
  1.78454 -0.837715    1.4512
  1.78498 -0.837107    1.4512
  1.78541 -0.836498   1.45163
  1.78585 -0.835891   1.45207
  1.78628 -0.835284   1.45207
  1.78671 -0.834678    1.4525
  1.78715 -0.834072   1.45293
  1.78758 -0.833467   1.45337
  1.78801 -0.832862   1.45337
  1.78845 -0.832258    1.4538
  1.78888 -0.831654   1.45423
  1.78931 -0.831051   1.45423
  1.78975 -0.830449   1.45467
  1.79018 -0.829847    1.4551
  1.79061 -0.829246    1.4551
  1.79105 -0.828645   1.45554
  1.79148 -0.828045   1.45597
  1.79191 -0.827445   1.45597
  1.79235 -0.826846    1.4564
  1.79278 -0.826248   1.45684
  1.79321  -0.82565   1.45684
  1.79365 -0.825052   1.45727
  1.79408 -0.824455    1.4577
  1.79451 -0.823859    1.4577
  1.79495 -0.823263   1.45814
  1.79538 -0.822668   1.45857
  1.79582 -0.822074   1.45857
  1.79625 -0.821479     1.459
  1.79668 -0.820886   1.45944
  1.79712 -0.820293   1.45987
  1.79755 -0.819701   1.45987
  1.79798 -0.819109    1.4603
  1.79842 -0.818518   1.46074
  1.79885 -0.817927   1.46074
  1.79928 -0.817336   1.46117
  1.79972 -0.816747    1.4616
  1.80015 -0.816158    1.4616
  1.80058 -0.815569   1.46204
  1.80102 -0.814981   1.46247
  1.80145 -0.814394   1.46247
  1.80188 -0.813807    1.4629
  1.80232  -0.81322   1.46334
  1.80275 -0.812634   1.46334
  1.80318 -0.812049   1.46377
  1.80362 -0.811464    1.4642
  1.80405  -0.81088    1.4642
  1.80448 -0.810296   1.46464
  1.80492 -0.809713   1.46507
  1.80535 -0.809131   1.46507
  1.80579 -0.808549   1.46551
  1.80622 -0.807967   1.46594
  1.80665 -0.807386   1.46637
  1.80709 -0.806806   1.46637
  1.80752 -0.806226   1.46681
  1.80795 -0.805646   1.46724
  1.80839 -0.805067   1.46724
  1.80882 -0.804489   1.46767
  1.80925 -0.803911   1.46811
  1.80969 -0.803334   1.46811
  1.81012 -0.802757   1.46854
  1.81055 -0.802181   1.46897
  1.81099 -0.801606   1.46897
  1.81142  -0.80103   1.46941
  1.81185 -0.800456   1.46984
  1.81229 -0.799882   1.46984
  1.81272 -0.799308   1.47027
  1.81315 -0.798735   1.47071
  1.81359 -0.798163   1.47071
  1.81402 -0.797591   1.47114
  1.81445  -0.79702   1.47157
  1.81489 -0.796449   1.47201
  1.81532 -0.795878   1.47201
  1.81576 -0.795308   1.47244
  1.81619 -0.794739   1.47287
  1.81662  -0.79417   1.47287
  1.81706 -0.793602   1.47331
  1.81749 -0.793035   1.47374
  1.81792 -0.792467   1.47374
  1.81836   -0.7919   1.47417
  1.81879 -0.791334   1.47461
  1.81922 -0.790769   1.47461
  1.81966 -0.790203   1.47504
  1.82009 -0.789639   1.47548
  1.82052 -0.789075   1.47548
  1.82096 -0.788511   1.47591
  1.82139 -0.787948   1.47634
  1.82182 -0.787386   1.47634
  1.82226 -0.786824   1.47678
  1.82269 -0.786262   1.47721
  1.82312 -0.785701   1.47721
  1.82356 -0.785141   1.47764
  1.82399 -0.784581   1.47808
  1.82442 -0.784021   1.47851
  1.82486 -0.783462   1.47851
  1.82529 -0.782904   1.47894
  1.82573 -0.782346   1.47938
  1.82616 -0.781789   1.47938
  1.82659 -0.781232   1.47981
  1.82703 -0.780675   1.48024
  1.82746 -0.780119   1.48024
  1.82789 -0.779564   1.48068
  1.82833 -0.779009   1.48111
  1.82876 -0.778455   1.48111
  1.82919 -0.777901   1.48154
  1.82963 -0.777348   1.48198
  1.83006 -0.776795   1.48198
  1.83049 -0.776242   1.48241
  1.83093 -0.775691   1.48284
  1.83136 -0.775139   1.48284
  1.83179 -0.774588   1.48328
  1.83223 -0.774038   1.48371
  1.83266 -0.773489   1.48371
  1.83309 -0.772939   1.48414
  1.83353  -0.77239   1.48458
  1.83396 -0.771842   1.48501
  1.83439 -0.771294   1.48501
  1.83483 -0.770747   1.48545
  1.83526   -0.7702   1.48588
   1.8357 -0.769654   1.48588
  1.83613 -0.769108   1.48631
  1.83656 -0.768563   1.48675
    1.837 -0.768018   1.48675
  1.83743 -0.767474   1.48718
  1.83786  -0.76693   1.48761
   1.8383 -0.766386   1.48761
  1.83873 -0.765844   1.48805
  1.83916 -0.765301   1.48848
   1.8396  -0.76476   1.48848
  1.84003 -0.764218   1.48891
  1.84046 -0.763677   1.48935
   1.8409 -0.763137   1.48935
  1.84133 -0.762597   1.48978
  1.84176 -0.762058   1.49021
   1.8422 -0.761519   1.49021
  1.84263  -0.76098   1.49065
  1.84306 -0.760442   1.49108
   1.8435 -0.759905   1.49151
  1.84393 -0.759368   1.49151
  1.84436 -0.758832   1.49195
   1.8448 -0.758296   1.49238
  1.84523  -0.75776   1.49238
  1.84567 -0.757225   1.49281
   1.8461 -0.756691   1.49325
  1.84653 -0.756157   1.49325
  1.84697 -0.755623   1.49368
   1.8474  -0.75509   1.49411
  1.84783 -0.754558   1.49411
  1.84827 -0.754025   1.49455
   1.8487 -0.753494   1.49498
  1.84913 -0.752963   1.49498
  1.84957 -0.752432   1.49542
     1.85 -0.751902   1.49585