 kgrid  ValNew  Policy 
    0.55  -57.025  0.57861
0.550433 -56.9696 0.579043
0.550867 -56.9144 0.579476
  0.5513 -56.8592 0.579476
0.551734 -56.8041  0.57991
0.552167 -56.7491 0.580343
0.552601 -56.6941 0.580777
0.553034 -56.6393  0.58121
0.553468 -56.5847 0.581644
0.553901 -56.5301 0.582077
0.554335 -56.4756 0.582511
0.554768 -56.4212 0.582511
0.555202 -56.3669 0.582944
0.555635 -56.3127 0.583378
0.556069 -56.2585 0.583811
0.556502 -56.2045 0.584245
0.556936 -56.1506 0.584678
0.557369 -56.0968 0.585112
0.557803 -56.0431 0.585545
0.558236 -55.9895 0.585979
 0.55867  -55.936 0.585979
0.559103 -55.8825 0.586412
0.559537 -55.8291 0.586846
 0.55997 -55.7759 0.587279
0.560403 -55.7227 0.587713
0.560837 -55.6696 0.588146
 0.56127 -55.6167  0.58858
0.561704 -55.5638 0.589013
0.562137  -55.511 0.589446
0.562571 -55.4583 0.589446
0.563004 -55.4057  0.58988
0.563438 -55.3532 0.590313
0.563871 -55.3007 0.590747
0.564305 -55.2484  0.59118
0.564738 -55.1961 0.591614
0.565172  -55.144 0.592047
0.565605 -55.0919 0.592481
0.566039   -55.04 0.592481
0.566472 -54.9881 0.592914
0.566906 -54.9363 0.593348
0.567339 -54.8845 0.593781
0.567773 -54.8329 0.594215
0.568206 -54.7814 0.594648
 0.56864 -54.7299 0.595082
0.569073 -54.6786 0.595515
0.569507 -54.6273 0.595949
 0.56994 -54.5761 0.596382
0.570373  -54.525 0.596382
0.570807  -54.474 0.596816
 0.57124 -54.4231 0.597249
0.571674 -54.3722 0.597683
0.572107 -54.3214 0.598116
0.572541 -54.2708  0.59855
0.572974 -54.2202 0.598983
0.573408 -54.1697 0.599416
0.573841 -54.1192  0.59985
0.574275 -54.0689 0.600283
0.574708 -54.0186 0.600283
0.575142 -53.9685 0.600717
0.575575 -53.9183  0.60115
0.576009 -53.8683 0.601584
0.576442 -53.8184 0.602017
0.576876 -53.7685 0.602451
0.577309 -53.7187 0.602884
0.577743 -53.6691 0.603318
0.578176 -53.6194 0.603751
 0.57861 -53.5699 0.604185
0.579043 -53.5205 0.604185
0.579476 -53.4711 0.604618
 0.57991 -53.4217 0.605052
0.580343 -53.3725 0.605485
0.580777 -53.3234 0.605919
 0.58121 -53.2743 0.606352
0.581644 -53.2253 0.606786
0.582077 -53.1764 0.607219
0.582511 -53.1276 0.607653
0.582944 -53.0788 0.608086
0.583378 -53.0301  0.60852
0.583811 -52.9815  0.60852
0.584245  -52.933 0.608953
0.584678 -52.8845 0.609386
0.585112 -52.8361  0.60982
0.585545 -52.7878 0.610253
0.585979 -52.7396 0.610687
0.586412 -52.6914  0.61112
0.586846 -52.6434 0.611554
0.587279 -52.5954 0.611987
0.587713 -52.5475 0.612421
0.588146 -52.4996 0.612854
 0.58858 -52.4518 0.612854
0.589013 -52.4041 0.613288
0.589446 -52.3565 0.613721
 0.58988 -52.3089 0.614155
0.590313 -52.2614 0.614588
0.590747  -52.214 0.615022
 0.59118 -52.1667 0.615455
0.591614 -52.1194 0.615889
0.592047 -52.0722 0.616322
0.592481 -52.0251 0.616756
0.592914 -51.9781 0.617189
0.593348 -51.9311 0.617189
0.593781 -51.8842 0.617623
0.594215 -51.8373 0.618056
0.594648 -51.7905 0.618489
0.595082 -51.7438 0.618923
0.595515 -51.6972 0.619356
0.595949 -51.6507  0.61979
0.596382 -51.6042 0.620223
0.596816 -51.5577 0.620657
0.597249 -51.5114  0.62109
0.597683 -51.4651 0.621524
0.598116 -51.4189 0.621524
 0.59855 -51.3728 0.621957
0.598983 -51.3267 0.622391
0.599416 -51.2807 0.622824
 0.59985 -51.2347 0.623258
0.600283 -51.1888 0.623691
0.600717  -51.143 0.624125
 0.60115 -51.0973 0.624558
0.601584 -51.0516 0.624992
0.602017  -51.006 0.625425
0.602451 -50.9605 0.625859
0.602884  -50.915 0.626292
0.603318 -50.8696 0.626726
0.603751 -50.8243 0.626726
0.604185  -50.779 0.627159
0.604618 -50.7338 0.627593
0.605052 -50.6886 0.628026
0.605485 -50.6435 0.628459
0.605919 -50.5985 0.628893
0.606352 -50.5536 0.629326
0.606786 -50.5087  0.62976
0.607219 -50.4639 0.630193
0.607653 -50.4191 0.630627
0.608086 -50.3744  0.63106
 0.60852 -50.3298 0.631494
0.608953 -50.2852 0.631927
0.609386 -50.2407 0.631927
 0.60982 -50.1963 0.632361
0.610253 -50.1519 0.632794
0.610687 -50.1076 0.633228
 0.61112 -50.0634 0.633661
0.611554 -50.0192 0.634095
0.611987 -49.9751 0.634528
0.612421  -49.931 0.634962
0.612854  -49.887 0.635395
0.613288 -49.8431 0.635829
0.613721 -49.7992 0.636262
0.614155 -49.7554 0.636696
0.614588 -49.7117 0.637129
0.615022  -49.668 0.637129
0.615455 -49.6244 0.637563
0.615889 -49.5808 0.637996
0.616322 -49.5373 0.638429
0.616756 -49.4939 0.638863
0.617189 -49.4505 0.639296
0.617623 -49.4072  0.63973
0.618056 -49.3639 0.640163
0.618489 -49.3207 0.640597
0.618923 -49.2776  0.64103
0.619356 -49.2345 0.641464
 0.61979 -49.1915 0.641897
0.620223 -49.1486 0.642331
0.620657 -49.1057 0.642331
 0.62109 -49.0628 0.642764
0.621524 -49.0201 0.643198
0.621957 -48.9774 0.643631
0.622391 -48.9347 0.644065
0.622824 -48.8921 0.644498
0.623258 -48.8496 0.644932
0.623691 -48.8071 0.645365
0.624125 -48.7647 0.645799
0.624558 -48.7223 0.646232
0.624992   -48.68 0.646666
0.625425 -48.6378 0.647099
0.625859 -48.5956 0.647533
0.626292 -48.5535 0.647533
0.626726 -48.5115 0.647966
0.627159 -48.4694 0.648399
0.627593 -48.4275 0.648833
0.628026 -48.3856 0.649266
0.628459 -48.3438   0.6497
0.628893  -48.302 0.650133
0.629326 -48.2603 0.650567
 0.62976 -48.2186    0.651
0.630193  -48.177 0.651434
0.630627 -48.1355 0.651867
 0.63106  -48.094 0.652301
0.631494 -48.0525 0.652734
0.631927 -48.0112 0.652734
0.632361 -47.9698 0.653168
0.632794 -47.9286 0.653601
0.633228 -47.8874 0.654035
0.633661 -47.8462 0.654468
0.634095 -47.8051 0.654902
0.634528 -47.7641 0.655335
0.634962 -47.7231 0.655769
0.635395 -47.6821 0.656202
0.635829 -47.6413 0.656636
0.636262 -47.6005 0.657069
0.636696 -47.5597 0.657503
0.637129  -47.519 0.657936
0.637563 -47.4783 0.658369
0.637996 -47.4377 0.658369
0.638429 -47.3972 0.658803
0.638863 -47.3567 0.659236
0.639296 -47.3163  0.65967
 0.63973 -47.2759 0.660103
0.640163 -47.2355 0.660537
0.640597 -47.1953  0.66097
 0.64103 -47.1551 0.661404
0.641464 -47.1149 0.661837
0.641897 -47.0748 0.662271
0.642331 -47.0347 0.662704
0.642764 -46.9947 0.663138
0.643198 -46.9548 0.663571
0.643631 -46.9149 0.663571
0.644065 -46.8751 0.664005
0.644498 -46.8353 0.664438
0.644932 -46.7955 0.664872
0.645365 -46.7558 0.665305
0.645799 -46.7162 0.665739
0.646232 -46.6766 0.666172
0.646666 -46.6371 0.666606
0.647099 -46.5976 0.667039
0.647533 -46.5582 0.667472
0.647966 -46.5188 0.667906
0.648399 -46.4795 0.668339
0.648833 -46.4403 0.668773
0.649266 -46.4011 0.669206
  0.6497 -46.3619 0.669206
0.650133 -46.3228  0.66964
0.650567 -46.2837 0.670073
   0.651 -46.2447 0.670507
0.651434 -46.2058  0.67094
0.651867 -46.1669 0.671374
0.652301  -46.128 0.671807
0.652734 -46.0892 0.672241
0.653168 -46.0504 0.672674
0.653601 -46.0117 0.673108
0.654035 -45.9731 0.673541
0.654468 -45.9345 0.673975
0.654902  -45.896 0.674408
0.655335 -45.8575 0.674842
0.655769  -45.819 0.674842
0.656202 -45.7806 0.675275
0.656636 -45.7423 0.675709
0.657069  -45.704 0.676142
0.657503 -45.6657 0.676576
0.657936 -45.6275 0.677009
0.658369 -45.5894 0.677442
0.658803 -45.5513 0.677876
0.659236 -45.5132 0.678309
 0.65967 -45.4752 0.678743
0.660103 -45.4373 0.679176
0.660537 -45.3994  0.67961
 0.66097 -45.3615 0.680043
0.661404 -45.3238 0.680477
0.661837  -45.286 0.680477
0.662271 -45.2483  0.68091
0.662704 -45.2106 0.681344
0.663138  -45.173 0.681777
0.663571 -45.1355 0.682211
0.664005  -45.098 0.682644
0.664438 -45.0605 0.683078
0.664872 -45.0231 0.683511
0.665305 -44.9857 0.683945
0.665739 -44.9484 0.684378
0.666172 -44.9111 0.684812
0.666606 -44.8739 0.685245
0.667039 -44.8367 0.685679
0.667472 -44.7996 0.686112
0.667906 -44.7625 0.686112
0.668339 -44.7255 0.686546
0.668773 -44.6885 0.686979
0.669206 -44.6516 0.687412
 0.66964 -44.6147 0.687846
0.670073 -44.5779 0.688279
0.670507 -44.5411 0.688713
 0.67094 -44.5043 0.689146
0.671374 -44.4676  0.68958
0.671807  -44.431 0.690013
0.672241 -44.3944 0.690447
0.672674 -44.3578  0.69088
0.673108 -44.3213 0.691314
0.673541 -44.2848 0.691747
0.673975 -44.2484 0.691747
0.674408  -44.212 0.692181
0.674842 -44.1757 0.692614
0.675275 -44.1394 0.693048
0.675709 -44.1032 0.693481
0.676142  -44.067 0.693915
0.676576 -44.0309 0.694348
0.677009 -43.9948 0.694782
0.677442 -43.9587 0.695215
0.677876 -43.9227 0.695649
0.678309 -43.8867 0.696082
0.678743 -43.8508 0.696516
0.679176  -43.815 0.696949
 0.67961 -43.7791 0.696949
0.680043 -43.7434 0.697382
0.680477 -43.7076 0.697816
 0.68091 -43.6719 0.698249
0.681344 -43.6363 0.698683
0.681777 -43.6007 0.699116
0.682211 -43.5651  0.69955
0.682644 -43.5296 0.699983
0.683078 -43.4942 0.700417
0.683511 -43.4587  0.70085
0.683945 -43.4234 0.701284
0.684378  -43.388 0.701717
0.684812 -43.3527 0.702151
0.685245 -43.3175 0.702584
0.685679 -43.2823 0.702584
0.686112 -43.2472 0.703018
0.686546  -43.212 0.703451
0.686979  -43.177 0.703885
0.687412 -43.1419 0.704318
0.687846  -43.107 0.704752
0.688279  -43.072 0.705185
0.688713 -43.0371 0.705619
0.689146 -43.0023 0.706052
 0.68958 -42.9675 0.706485
0.690013 -42.9327 0.706919
0.690447  -42.898 0.707352
 0.69088 -42.8633 0.707786
0.691314 -42.8287 0.708219
0.691747 -42.7941 0.708653
0.692181 -42.7596 0.708653
0.692614  -42.725 0.709086
0.693048 -42.6906  0.70952
0.693481 -42.6562 0.709953
0.693915 -42.6218 0.710387
0.694348 -42.5874  0.71082
0.694782 -42.5532 0.711254
0.695215 -42.5189 0.711687
0.695649 -42.4847 0.712121
0.696082 -42.4505 0.712554
0.696516 -42.4164 0.712988
0.696949 -42.3823 0.713421
0.697382 -42.3483 0.713855
0.697816 -42.3143 0.713855
0.698249 -42.2803 0.714288
0.698683 -42.2464 0.714722
0.699116 -42.2126 0.715155
 0.69955 -42.1787 0.715589
0.699983 -42.1449 0.716022
0.700417 -42.1112 0.716455
 0.70085 -42.0775 0.716889
0.701284 -42.0438 0.717322
0.701717 -42.0102 0.717756
0.702151 -41.9766 0.718189
0.702584 -41.9431 0.718623
0.703018 -41.9096 0.719056
0.703451 -41.8761  0.71949
0.703885 -41.8427  0.71949
0.704318 -41.8093 0.719923
0.704752  -41.776 0.720357
0.705185 -41.7427  0.72079
0.705619 -41.7094 0.721224
0.706052 -41.6762 0.721657
0.706485  -41.643 0.722091
0.706919 -41.6099 0.722524
0.707352 -41.5768 0.722958
0.707786 -41.5438 0.723391
0.708219 -41.5107 0.723825
0.708653 -41.4778 0.724258
0.709086 -41.4448 0.724692
 0.70952  -41.412 0.725125
0.709953 -41.3791 0.725125
0.710387 -41.3463 0.725559
 0.71082 -41.3135 0.725992
0.711254 -41.2808 0.726425
0.711687 -41.2481 0.726859
0.712121 -41.2154 0.727292
0.712554 -41.1828 0.727726
0.712988 -41.1502 0.728159
0.713421 -41.1177 0.728593
0.713855 -41.0852 0.729026
0.714288 -41.0527  0.72946
0.714722 -41.0203 0.729893
0.715155  -40.988 0.730327
0.715589 -40.9556  0.73076
0.716022 -40.9233  0.73076
0.716455  -40.891 0.731194
0.716889 -40.8588 0.731627
0.717322 -40.8266 0.732061
0.717756 -40.7945 0.732494
0.718189 -40.7624 0.732928
0.718623 -40.7303 0.733361
0.719056 -40.6983 0.733795
 0.71949 -40.6663 0.734228
0.719923 -40.6343 0.734662
0.720357 -40.6024 0.735095
 0.72079 -40.5705 0.735529
0.721224 -40.5387 0.735962
0.721657 -40.5069 0.736395
0.722091 -40.4751 0.736395
0.722524 -40.4434 0.736829
0.722958 -40.4117 0.737262
0.723391 -40.3801 0.737696
0.723825 -40.3484 0.738129
0.724258 -40.3169 0.738563
0.724692 -40.2853 0.738996
0.725125 -40.2538  0.73943
0.725559 -40.2224 0.739863
0.725992 -40.1909 0.740297
0.726425 -40.1596  0.74073
0.726859 -40.1282 0.741164
0.727292 -40.0969 0.741597
0.727726 -40.0656 0.742031
0.728159 -40.0344 0.742031
0.728593 -40.0032 0.742464
0.729026  -39.972 0.742898
 0.72946 -39.9409 0.743331
0.729893 -39.9098 0.743765
0.730327 -39.8787 0.744198
 0.73076 -39.8477 0.744632
0.731194 -39.8167 0.745065
0.731627 -39.7858 0.745498
0.732061 -39.7549 0.745932
0.732494  -39.724 0.746365
0.732928 -39.6932 0.746799
0.733361 -39.6624 0.747232
0.733795 -39.6316 0.747666
0.734228 -39.6009 0.747666
0.734662 -39.5702 0.748099
0.735095 -39.5395 0.748533
0.735529 -39.5089 0.748966
0.735962 -39.4783   0.7494
0.736395 -39.4478 0.749833
0.736829 -39.4173 0.750267
0.737262 -39.3868   0.7507
0.737696 -39.3564 0.751134
0.738129  -39.326 0.751567
0.738563 -39.2956 0.752001
0.738996 -39.2653 0.752434
 0.73943  -39.235 0.752868
0.739863 -39.2047 0.753301
0.740297 -39.1745 0.753301
 0.74073 -39.1443 0.753735
0.741164 -39.1141 0.754168
0.741597  -39.084 0.754602
0.742031 -39.0539 0.755035
0.742464 -39.0239 0.755468
0.742898 -38.9939 0.755902
0.743331 -38.9639 0.756335
0.743765 -38.9339 0.756769
0.744198  -38.904 0.757202
0.744632 -38.8742 0.757636
0.745065 -38.8443 0.758069
0.745498 -38.8145 0.758503
0.745932 -38.7847 0.758503
0.746365  -38.755 0.758936
0.746799 -38.7253  0.75937
0.747232 -38.6956 0.759803
0.747666  -38.666 0.760237
0.748099 -38.6364  0.76067
0.748533 -38.6068 0.761104
0.748966 -38.5773 0.761537
  0.7494 -38.5478 0.761971
0.749833 -38.5183 0.762404
0.750267 -38.4889 0.762838
  0.7507 -38.4595 0.763271
0.751134 -38.4302 0.763705
0.751567 -38.4008 0.764138
0.752001 -38.3716 0.764138
0.752434 -38.3423 0.764572
0.752868 -38.3131 0.765005
0.753301 -38.2839 0.765438
0.753735 -38.2547 0.765872
0.754168 -38.2256 0.766305
0.754602 -38.1965 0.766739
0.755035 -38.1674 0.767172
0.755468 -38.1384 0.767606
0.755902 -38.1094 0.768039
0.756335 -38.0805 0.768473
0.756769 -38.0516 0.768906
0.757202 -38.0227  0.76934
0.757636 -37.9938 0.769773
0.758069  -37.965 0.769773
0.758503 -37.9362 0.770207
0.758936 -37.9074  0.77064
 0.75937 -37.8787 0.771074
0.759803   -37.85 0.771507
0.760237 -37.8213 0.771941
 0.76067 -37.7927 0.772374
0.761104 -37.7641 0.772808
0.761537 -37.7356 0.773241
0.761971  -37.707 0.773675
0.762404 -37.6785 0.774108
0.762838 -37.6501 0.774542
0.763271 -37.6217 0.774975
0.763705 -37.5933 0.774975
0.764138 -37.5649 0.775408
0.764572 -37.5366 0.775842
0.765005 -37.5082 0.776275
0.765438   -37.48 0.776709
0.765872 -37.4517 0.777142
0.766305 -37.4235 0.777576
0.766739 -37.3954 0.778009
0.767172 -37.3672 0.778443
0.767606 -37.3391 0.778876
0.768039  -37.311  0.77931
0.768473  -37.283 0.779743
0.768906  -37.255 0.780177
 0.76934  -37.227  0.78061
0.769773  -37.199  0.78061
0.770207 -37.1711 0.781044
 0.77064 -37.1432 0.781477
0.771074 -37.1154 0.781911
0.771507 -37.0875 0.782344
0.771941 -37.0597 0.782778
0.772374  -37.032 0.783211
0.772808 -37.0043 0.783645
0.773241 -36.9766 0.784078
0.773675 -36.9489 0.784512
0.774108 -36.9213 0.784945
0.774542 -36.8937 0.785378
0.774975 -36.8661 0.785812
0.775408 -36.8385 0.786245
0.775842  -36.811 0.786245
0.776275 -36.7835 0.786679
0.776709 -36.7561 0.787112
0.777142 -36.7287 0.787546
0.777576 -36.7013 0.787979
0.778009 -36.6739 0.788413
0.778443 -36.6466 0.788846
0.778876 -36.6193  0.78928
 0.77931  -36.592 0.789713
0.779743 -36.5648 0.790147
0.780177 -36.5376  0.79058
 0.78061 -36.5104 0.791014
0.781044 -36.4833 0.791447
0.781477 -36.4562 0.791447
0.781911 -36.4291 0.791881
0.782344  -36.402 0.792314
0.782778  -36.375 0.792748
0.783211  -36.348 0.793181
0.783645  -36.321 0.793615
0.784078 -36.2941 0.794048
0.784512 -36.2672 0.794481
0.784945 -36.2403 0.794915
0.785378 -36.2135 0.795348
0.785812 -36.1867 0.795782
0.786245 -36.1599 0.796215
0.786679 -36.1331 0.796649
0.787112 -36.1064 0.797082
0.787546 -36.0797 0.797082
0.787979  -36.053 0.797516
0.788413 -36.0264 0.797949
0.788846 -35.9998 0.798383
 0.78928 -35.9732 0.798816
0.789713 -35.9467  0.79925
0.790147 -35.9202 0.799683
 0.79058 -35.8937 0.800117
0.791014 -35.8672  0.80055
0.791447 -35.8408 0.800984
0.791881 -35.8144 0.801417
0.792314  -35.788 0.801851
0.792748 -35.7617 0.802284
0.793181 -35.7354 0.802284
0.793615 -35.7091 0.802718
0.794048 -35.6828 0.803151
0.794481 -35.6566 0.803585
0.794915 -35.6304 0.804018
0.795348 -35.6042 0.804451
0.795782 -35.5781 0.804885
0.796215  -35.552 0.805318
0.796649 -35.5259 0.805752
0.797082 -35.4998 0.806185
0.797516 -35.4738 0.806619
0.797949 -35.4478 0.807052
0.798383 -35.4219 0.807486
0.798816 -35.3959 0.807919
 0.79925   -35.37 0.807919
0.799683 -35.3441 0.808353
0.800117 -35.3183 0.808786
 0.80055 -35.2924  0.80922
0.800984 -35.2666 0.809653
0.801417 -35.2409 0.810087
0.801851 -35.2151  0.81052
0.802284 -35.1894 0.810954
0.802718 -35.1637 0.811387
0.803151 -35.1381 0.811821
0.803585 -35.1125 0.812254
0.804018 -35.0869 0.812688
0.804451 -35.0613 0.813121
0.804885 -35.0357 0.813121
0.805318 -35.0102 0.813555
0.805752 -34.9847 0.813988
0.806185 -34.9593 0.814421
0.806619 -34.9338 0.814855
0.807052 -34.9084 0.815288
0.807486 -34.8831 0.815722
0.807919 -34.8577 0.816155
0.808353 -34.8324 0.816589
0.808786 -34.8071 0.817022
 0.80922 -34.7818 0.817456
0.809653 -34.7566 0.817889
0.810087 -34.7314 0.818323
 0.81052 -34.7062 0.818323
0.810954  -34.681 0.818756
0.811387 -34.6559  0.81919
0.811821 -34.6308 0.819623
0.812254 -34.6057 0.820057
0.812688 -34.5807  0.82049
0.813121 -34.5556 0.820924
0.813555 -34.5306 0.821357
0.813988 -34.5057 0.821791
0.814421 -34.4807 0.822224
0.814855 -34.4558 0.822658
0.815288 -34.4309 0.823091
0.815722 -34.4061 0.823525
0.816155 -34.3813 0.823958
0.816589 -34.3565 0.823958
0.817022 -34.3317 0.824391
0.817456 -34.3069 0.824825
0.817889 -34.2822 0.825258
0.818323 -34.2575 0.825692
0.818756 -34.2328 0.826125
 0.81919 -34.2082 0.826559
0.819623 -34.1835 0.826992
0.820057 -34.1589 0.827426
 0.82049 -34.1344 0.827859
0.820924 -34.1098 0.828293
0.821357 -34.0853 0.828726
0.821791 -34.0608  0.82916
0.822224 -34.0364  0.82916
0.822658 -34.0119 0.829593
0.823091 -33.9875 0.830027
0.823525 -33.9632  0.83046
0.823958 -33.9388 0.830894
0.824391 -33.9145 0.831327
0.824825 -33.8902 0.831761
0.825258 -33.8659 0.832194
0.825692 -33.8416 0.832628
0.826125 -33.8174 0.833061
0.826559 -33.7932 0.833494
0.826992  -33.769 0.833928
0.827426 -33.7449 0.834361
0.827859 -33.7208 0.834795
0.828293 -33.6967 0.834795
0.828726 -33.6726 0.835228
 0.82916 -33.6485 0.835662
0.829593 -33.6245 0.836095
0.830027 -33.6005 0.836529
 0.83046 -33.5765 0.836962
0.830894 -33.5526 0.837396
0.831327 -33.5287 0.837829
0.831761 -33.5048 0.838263
0.832194 -33.4809 0.838696
0.832628 -33.4571  0.83913
0.833061 -33.4333 0.839563
0.833494 -33.4095 0.839997
0.833928 -33.3857 0.839997
0.834361  -33.362  0.84043
0.834795 -33.3382 0.840864
0.835228 -33.3145 0.841297
0.835662 -33.2909 0.841731
0.836095 -33.2672 0.842164
0.836529 -33.2436 0.842598
0.836962   -33.22 0.843031
0.837396 -33.1965 0.843464
0.837829 -33.1729 0.843898
0.838263 -33.1494 0.844331
0.838696 -33.1259 0.844765
 0.83913 -33.1025 0.845198
0.839563  -33.079 0.845198
0.839997 -33.0556 0.845632
 0.84043 -33.0322 0.846065
0.840864 -33.0088 0.846499
0.841297 -32.9855 0.846932
0.841731 -32.9622 0.847366
0.842164 -32.9389 0.847799
0.842598 -32.9156 0.848233
0.843031 -32.8924 0.848666
0.843464 -32.8691   0.8491
0.843898 -32.8459 0.849533
0.844331 -32.8228 0.849967
0.844765 -32.7996   0.8504
0.845198 -32.7765   0.8504
0.845632 -32.7534 0.850834
0.846065 -32.7303 0.851267
0.846499 -32.7073 0.851701
0.846932 -32.6842 0.852134
0.847366 -32.6612 0.852568
0.847799 -32.6383 0.853001
0.848233 -32.6153 0.853434
0.848666 -32.5924 0.853868
  0.8491 -32.5695 0.854301
0.849533 -32.5466 0.854735
0.849967 -32.5237 0.855168
  0.8504 -32.5009 0.855602
0.850834 -32.4781 0.856035
0.851267 -32.4553 0.856035
0.851701 -32.4325 0.856469
0.852134 -32.4098 0.856902
0.852568 -32.3871 0.857336
0.853001 -32.3644 0.857769
0.853434 -32.3417 0.858203
0.853868 -32.3191 0.858636
0.854301 -32.2964  0.85907
0.854735 -32.2739 0.859503
0.855168 -32.2513 0.859937
0.855602 -32.2287  0.86037
0.856035 -32.2062 0.860804
0.856469 -32.1837 0.861237
0.856902 -32.1612 0.861237
0.857336 -32.1388 0.861671
0.857769 -32.1163 0.862104
0.858203 -32.0939 0.862538
0.858636 -32.0715 0.862971
 0.85907 -32.0492 0.863404
0.859503 -32.0268 0.863838
0.859937 -32.0045 0.864271
 0.86037 -31.9822 0.864705
0.860804 -31.9599 0.865138
0.861237 -31.9377 0.865572
0.861671 -31.9155 0.866005
0.862104 -31.8933 0.866439
0.862538 -31.8711 0.866439
0.862971 -31.8489 0.866872
0.863404 -31.8268 0.867306
0.863838 -31.8047 0.867739
0.864271 -31.7826 0.868173
0.864705 -31.7605 0.868606
0.865138 -31.7385  0.86904
0.865572 -31.7164 0.869473
0.866005 -31.6944 0.869907
0.866439 -31.6725  0.87034
0.866872 -31.6505 0.870774
0.867306 -31.6286 0.871207
0.867739 -31.6067 0.871641
0.868173 -31.5848 0.871641
0.868606 -31.5629 0.872074
 0.86904 -31.5411 0.872508
0.869473 -31.5193 0.872941
0.869907 -31.4975 0.873374
 0.87034 -31.4757 0.873808
0.870774  -31.454 0.874241
0.871207 -31.4322 0.874675
0.871641 -31.4105 0.875108
0.872074 -31.3888 0.875542
0.872508 -31.3672 0.875975
0.872941 -31.3455 0.876409
0.873374 -31.3239 0.876842
0.873808 -31.3023 0.876842
0.874241 -31.2808 0.877276
0.874675 -31.2592 0.877709
0.875108 -31.2377 0.878143
0.875542 -31.2162 0.878576
0.875975 -31.1947  0.87901
0.876409 -31.1732 0.879443
0.876842 -31.1518 0.879877
0.877276 -31.1304  0.88031
0.877709  -31.109 0.880744
0.878143 -31.0876 0.881177
0.878576 -31.0662 0.881611
 0.87901 -31.0449 0.882044
0.879443 -31.0236 0.882044
0.879877 -31.0023 0.882477
 0.88031  -30.981 0.882911
0.880744 -30.9598 0.883344
0.881177 -30.9386 0.883778
0.881611 -30.9173 0.884211
0.882044 -30.8962 0.884645
0.882477  -30.875 0.885078
0.882911 -30.8539 0.885512
0.883344 -30.8328 0.885945
0.883778 -30.8117 0.886379
0.884211 -30.7906 0.886812
0.884645 -30.7695 0.887246
0.885078 -30.7485 0.887246
0.885512 -30.7275 0.887679
0.885945 -30.7065 0.888113
0.886379 -30.6855 0.888546
0.886812 -30.6646  0.88898
0.887246 -30.6437 0.889413
0.887679 -30.6228 0.889847
0.888113 -30.6019  0.89028
0.888546  -30.581 0.890714
 0.88898 -30.5602 0.891147
0.889413 -30.5394 0.891581
0.889847 -30.5186 0.892014
 0.89028 -30.4978 0.892447
0.890714  -30.477 0.892447
0.891147 -30.4563 0.892881
0.891581 -30.4356 0.893314
0.892014 -30.4149 0.893748
0.892447 -30.3942 0.894181
0.892881 -30.3735 0.894615
0.893314 -30.3529 0.895048
0.893748 -30.3323 0.895482
0.894181 -30.3117 0.895915
0.894615 -30.2911 0.896349
0.895048 -30.2706 0.896782
0.895482 -30.2501 0.897216
0.895915 -30.2296 0.897649
0.896349 -30.2091 0.897649
0.896782 -30.1886 0.898083
0.897216 -30.1681 0.898516
0.897649 -30.1477  0.89895
0.898083 -30.1273 0.899383
0.898516 -30.1069 0.899817
 0.89895 -30.0866  0.90025
0.899383 -30.0662 0.900684
0.899817 -30.0459 0.901117
 0.90025 -30.0256 0.901551
0.900684 -30.0053 0.901984
0.901117  -29.985 0.902417
0.901551 -29.9648 0.902851
0.901984 -29.9446 0.902851
0.902417 -29.9244 0.903284
0.902851 -29.9042 0.903718
0.903284  -29.884 0.904151
0.903718 -29.8639 0.904585
0.904151 -29.8438 0.905018
0.904585 -29.8237 0.905452
0.905018 -29.8036 0.905885
0.905452 -29.7835 0.906319
0.905885 -29.7635 0.906752
0.906319 -29.7434 0.907186
0.906752 -29.7234 0.907619
0.907186 -29.7035 0.908053
0.907619 -29.6835 0.908053
0.908053 -29.6636 0.908486
0.908486 -29.6436  0.90892
 0.90892 -29.6237 0.909353
0.909353 -29.6038 0.909787
0.909787  -29.584  0.91022
 0.91022 -29.5641 0.910654
0.910654 -29.5443 0.911087
0.911087 -29.5245 0.911521
0.911521 -29.5047 0.911954
0.911954 -29.4849 0.912387
0.912387 -29.4652 0.912821
0.912821 -29.4455 0.913254
0.913254 -29.4258 0.913254
0.913688 -29.4061 0.913688
0.914121 -29.3864 0.914121
0.914555 -29.3667 0.914555
0.914988 -29.3471 0.914988
0.915422 -29.3275 0.915422
0.915855 -29.3079 0.915855
0.916289 -29.2883 0.916289
0.916722 -29.2688 0.916722
0.917156 -29.2493 0.917156
0.917589 -29.2297 0.917589
0.918023 -29.2102 0.918023
0.918456 -29.1908 0.918456
 0.91889 -29.1713 0.918456
0.919323 -29.1519  0.91889
0.919757 -29.1325 0.919323
 0.92019  -29.113 0.919757
0.920624 -29.0937  0.92019
0.921057 -29.0743 0.920624
 0.92149  -29.055 0.921057
0.921924 -29.0356  0.92149
0.922357 -29.0163 0.921924
0.922791  -28.997 0.922357
0.923224 -28.9778 0.922791
0.923658 -28.9585 0.923224
0.924091 -28.9393 0.923224
0.924525 -28.9201 0.923658
0.924958 -28.9009 0.924091
0.925392 -28.8817 0.924525
0.925825 -28.8626 0.924958
0.926259 -28.8434 0.925392
0.926692 -28.8243 0.925825
0.927126 -28.8052 0.926259
0.927559 -28.7861 0.926692
0.927993 -28.7671 0.927126
0.928426  -28.748 0.927559
 0.92886  -28.729 0.927993
0.929293   -28.71 0.928426
0.929727  -28.691 0.928426
 0.93016  -28.672  0.92886
0.930594 -28.6531 0.929293
0.931027 -28.6342 0.929727
 0.93146 -28.6152  0.93016
0.931894 -28.5964 0.930594
0.932327 -28.5775 0.931027
0.932761 -28.5586  0.93146
0.933194 -28.5398 0.931894
0.933628  -28.521 0.932327
0.934061 -28.5022 0.932761
0.934495 -28.4834 0.933194
0.934928 -28.4646 0.933628
0.935362 -28.4459 0.933628
0.935795 -28.4271 0.934061
0.936229 -28.4084 0.934495
0.936662 -28.3897 0.934928
0.937096  -28.371 0.935362
0.937529 -28.3524 0.935795
0.937963 -28.3337 0.936229
0.938396 -28.3151 0.936662
 0.93883 -28.2965 0.937096
0.939263 -28.2779 0.937529
0.939697 -28.2594 0.937963
 0.94013 -28.2408 0.938396
0.940564 -28.2223  0.93883
0.940997 -28.2038  0.93883
 0.94143 -28.1853 0.939263
0.941864 -28.1668 0.939697
0.942297 -28.1483  0.94013
0.942731 -28.1299 0.940564
0.943164 -28.1114 0.940997
0.943598  -28.093  0.94143
0.944031 -28.0747 0.941864
0.944465 -28.0563 0.942297
0.944898 -28.0379 0.942731
0.945332 -28.0196 0.943164
0.945765 -28.0013 0.943598
0.946199  -27.983 0.943598
0.946632 -27.9647 0.944031
0.947066 -27.9464 0.944465
0.947499 -27.9282 0.944898
0.947933 -27.9099 0.945332
0.948366 -27.8917 0.945765
  0.9488 -27.8735 0.946199
0.949233 -27.8553 0.946632
0.949667 -27.8372 0.947066
  0.9501  -27.819 0.947499
0.950534 -27.8009 0.947933
0.950967 -27.7828 0.948366
  0.9514 -27.7647   0.9488
0.951834 -27.7466   0.9488
0.952267 -27.7286 0.949233
0.952701 -27.7105 0.949667
0.953134 -27.6925   0.9501
0.953568 -27.6745 0.950534
0.954001 -27.6565 0.950967
0.954435 -27.6385   0.9514
0.954868 -27.6206 0.951834
0.955302 -27.6026 0.952267
0.955735 -27.5847 0.952701
0.956169 -27.5668 0.953134
0.956602 -27.5489 0.953568
0.957036 -27.5311 0.954001
0.957469 -27.5132 0.954001
0.957903 -27.4954 0.954435
0.958336 -27.4776 0.954868
 0.95877 -27.4597 0.955302
0.959203  -27.442 0.955735
0.959637 -27.4242 0.956169
 0.96007 -27.4064 0.956602
0.960504 -27.3887 0.957036
0.960937  -27.371 0.957469
 0.96137 -27.3533 0.957903
0.961804 -27.3356 0.958336
0.962237 -27.3179  0.95877
0.962671 -27.3003 0.959203
0.963104 -27.2827 0.959203
0.963538  -27.265 0.959637
0.963971 -27.2474  0.96007
0.964405 -27.2299 0.960504
0.964838 -27.2123 0.960937
0.965272 -27.1947  0.96137
0.965705 -27.1772 0.961804
0.966139 -27.1597 0.962237
0.966572 -27.1422 0.962671
0.967006 -27.1247 0.963104
0.967439 -27.1072 0.963538
0.967873 -27.0898 0.963971
0.968306 -27.0724 0.963971
 0.96874 -27.0549 0.964405
0.969173 -27.0375 0.964838
0.969607 -27.0201 0.965272
 0.97004 -27.0028 0.965705
0.970473 -26.9854 0.966139
0.970907 -26.9681 0.966572
 0.97134 -26.9508 0.967006
0.971774 -26.9335 0.967439
0.972207 -26.9162 0.967873
0.972641 -26.8989 0.968306
0.973074 -26.8817  0.96874
0.973508 -26.8644 0.969173
0.973941 -26.8472 0.969173
0.974375   -26.83 0.969607
0.974808 -26.8128  0.97004
0.975242 -26.7956 0.970473
0.975675 -26.7785 0.970907
0.976109 -26.7613  0.97134
0.976542 -26.7442 0.971774
0.976976 -26.7271 0.972207
0.977409   -26.71 0.972641
0.977843 -26.6929 0.973074
0.978276 -26.6758 0.973508
 0.97871 -26.6588 0.973941
0.979143 -26.6418 0.973941
0.979577 -26.6248 0.974375
 0.98001 -26.6078 0.974808
0.980443 -26.5908 0.975242
0.980877 -26.5738 0.975675
 0.98131 -26.5569 0.976109
0.981744 -26.5399 0.976542
0.982177  -26.523 0.976976
0.982611 -26.5061 0.977409
0.983044 -26.4892 0.977843
0.983478 -26.4723 0.978276
0.983911 -26.4555  0.97871
0.984345 -26.4386 0.979143
0.984778 -26.4218 0.979143
0.985212  -26.405 0.979577
0.985645 -26.3882  0.98001
0.986079 -26.3714 0.980443
0.986512 -26.3547 0.980877
0.986946 -26.3379  0.98131
0.987379 -26.3212 0.981744
0.987813 -26.3045 0.982177
0.988246 -26.2878 0.982611
 0.98868 -26.2711 0.983044
0.989113 -26.2544 0.983478
0.989547 -26.2378 0.983911
 0.98998 -26.2211 0.983911
0.990413 -26.2045 0.984345
0.990847 -26.1879 0.984778
 0.99128 -26.1713 0.985212
0.991714 -26.1547 0.985645
0.992147 -26.1382 0.986079
0.992581 -26.1216 0.986512
0.993014 -26.1051 0.986946
0.993448 -26.0886 0.987379
0.993881 -26.0721 0.987813
0.994315 -26.0556 0.988246
0.994748 -26.0391  0.98868
0.995182 -26.0227 0.989113
0.995615 -26.0062 0.989113
0.996049 -25.9898 0.989547
0.996482 -25.9734  0.98998
0.996916  -25.957 0.990413
0.997349 -25.9406 0.990847
0.997783 -25.9243  0.99128
0.998216 -25.9079 0.991714
 0.99865 -25.8916 0.992147
0.999083 -25.8753 0.992581
0.999517  -25.859 0.993014
 0.99995 -25.8427 0.993448
 1.00038 -25.8264 0.993881
 1.00082 -25.8102 0.993881
 1.00125 -25.7939 0.994315
 1.00168 -25.7777 0.994748
 1.00212 -25.7615 0.995182
 1.00255 -25.7453 0.995615
 1.00298 -25.7291 0.996049
 1.00342 -25.7129 0.996482
 1.00385 -25.6967 0.996916
 1.00428 -25.6806 0.997349
 1.00472 -25.6645 0.997783
 1.00515 -25.6484 0.998216
 1.00559 -25.6323  0.99865
 1.00602 -25.6162 0.999083
 1.00645 -25.6001 0.999083
 1.00689 -25.5841 0.999517
 1.00732 -25.5681  0.99995
 1.00775  -25.552  1.00038
 1.00819  -25.536  1.00082
 1.00862   -25.52  1.00125
 1.00905  -25.504  1.00168
 1.00949 -25.4881  1.00212
 1.00992 -25.4721  1.00255
 1.01035 -25.4562  1.00298
 1.01079 -25.4403  1.00342
 1.01122 -25.4244  1.00385
 1.01165 -25.4085  1.00385
 1.01209 -25.3926  1.00428
 1.01252 -25.3768  1.00472
 1.01295 -25.3609  1.00515
 1.01339 -25.3451  1.00559
 1.01382 -25.3293  1.00602
 1.01425 -25.3134  1.00645
 1.01469 -25.2977  1.00689
 1.01512 -25.2819  1.00732
 1.01556 -25.2661  1.00775
 1.01599 -25.2504  1.00819
 1.01642 -25.2347  1.00862
 1.01686 -25.2189  1.00905
 1.01729 -25.2032  1.00905
 1.01772 -25.1875  1.00949
 1.01816 -25.1719  1.00992
 1.01859 -25.1562  1.01035
 1.01902 -25.1406  1.01079
 1.01946 -25.1249  1.01122
 1.01989 -25.1093  1.01165
 1.02032 -25.0937  1.01209
 1.02076 -25.0781  1.01252
 1.02119 -25.0625  1.01295
 1.02162  -25.047  1.01339
 1.02206 -25.0314  1.01382
 1.02249 -25.0159  1.01382
 1.02292 -25.0004  1.01425
 1.02336 -24.9849  1.01469
 1.02379 -24.9694  1.01512
 1.02422 -24.9539  1.01556
 1.02466 -24.9384  1.01599
 1.02509  -24.923  1.01642
 1.02553 -24.9075  1.01686
 1.02596 -24.8921  1.01729
 1.02639 -24.8767  1.01772
 1.02683 -24.8613  1.01816
 1.02726 -24.8459  1.01859
 1.02769 -24.8306  1.01902
 1.02813 -24.8152  1.01902
 1.02856 -24.7999  1.01946
 1.02899 -24.7846  1.01989
 1.02943 -24.7692  1.02032
 1.02986 -24.7539  1.02076
 1.03029 -24.7387  1.02119
 1.03073 -24.7234  1.02162
 1.03116 -24.7081  1.02206
 1.03159 -24.6929  1.02249
 1.03203 -24.6777  1.02292
 1.03246 -24.6625  1.02336
 1.03289 -24.6473  1.02379
 1.03333 -24.6321  1.02379
 1.03376 -24.6169  1.02422
 1.03419 -24.6017  1.02466
 1.03463 -24.5866  1.02509
 1.03506 -24.5714  1.02553
  1.0355 -24.5563  1.02596
 1.03593 -24.5412  1.02639
 1.03636 -24.5261  1.02683
  1.0368 -24.5111  1.02726
 1.03723  -24.496  1.02769
 1.03766 -24.4809  1.02813
  1.0381 -24.4659  1.02856
 1.03853 -24.4509  1.02856
 1.03896 -24.4359  1.02899
  1.0394 -24.4209  1.02943
 1.03983 -24.4059  1.02986
 1.04026 -24.3909  1.03029
  1.0407 -24.3759  1.03073
 1.04113  -24.361  1.03116
 1.04156 -24.3461  1.03159
   1.042 -24.3311  1.03203
 1.04243 -24.3162  1.03246
 1.04286 -24.3014  1.03289
  1.0433 -24.2865  1.03333
 1.04373 -24.2716  1.03333
 1.04416 -24.2568  1.03376
  1.0446 -24.2419  1.03419
 1.04503 -24.2271  1.03463
 1.04547 -24.2123  1.03506
  1.0459 -24.1975   1.0355
 1.04633 -24.1827  1.03593
 1.04677 -24.1679  1.03636
  1.0472 -24.1532   1.0368
 1.04763 -24.1384  1.03723
 1.04807 -24.1237  1.03766
  1.0485  -24.109   1.0381
 1.04893 -24.0943  1.03853
 1.04937 -24.0796  1.03853
  1.0498 -24.0649  1.03896
 1.05023 -24.0502   1.0394
 1.05067 -24.0355  1.03983
  1.0511 -24.0209  1.04026
 1.05153 -24.0063   1.0407
 1.05197 -23.9917  1.04113
  1.0524 -23.9771  1.04156
 1.05283 -23.9625    1.042
 1.05327 -23.9479  1.04243
  1.0537 -23.9333  1.04286
 1.05413 -23.9188   1.0433
 1.05457 -23.9042   1.0433
   1.055 -23.8897  1.04373
 1.05544 -23.8752  1.04416
 1.05587 -23.8607   1.0446
  1.0563 -23.8462  1.04503
 1.05674 -23.8317  1.04547
 1.05717 -23.8173   1.0459
  1.0576 -23.8028  1.04633
 1.05804 -23.7884  1.04677
 1.05847 -23.7739   1.0472
  1.0589 -23.7595  1.04763
 1.05934 -23.7451  1.04807
 1.05977 -23.7308   1.0485
  1.0602 -23.7164   1.0485
 1.06064  -23.702  1.04893
 1.06107 -23.6877  1.04937
  1.0615 -23.6733   1.0498
 1.06194  -23.659  1.05023
 1.06237 -23.6447  1.05067
  1.0628 -23.6304   1.0511
 1.06324 -23.6161  1.05153
 1.06367 -23.6018  1.05197
  1.0641 -23.5876   1.0524
 1.06454 -23.5733  1.05283
 1.06497 -23.5591  1.05327
 1.06541 -23.5449  1.05327
 1.06584 -23.5307   1.0537
 1.06627 -23.5165  1.05413
 1.06671 -23.5023  1.05457
 1.06714 -23.4881    1.055
 1.06757 -23.4739  1.05544
 1.06801 -23.4598  1.05587
 1.06844 -23.4457   1.0563
 1.06887 -23.4315  1.05674
 1.06931 -23.4174  1.05717
 1.06974 -23.4033   1.0576
 1.07017 -23.3892  1.05804
 1.07061 -23.3752  1.05804
 1.07104 -23.3611  1.05847
 1.07147  -23.347   1.0589
 1.07191  -23.333  1.05934
 1.07234  -23.319  1.05977
 1.07277  -23.305   1.0602
 1.07321  -23.291  1.06064
 1.07364  -23.277  1.06107
 1.07407  -23.263   1.0615
 1.07451  -23.249  1.06194
 1.07494 -23.2351  1.06237
 1.07538 -23.2211   1.0628
 1.07581 -23.2072   1.0628
 1.07624 -23.1933  1.06324
 1.07668 -23.1794  1.06367
 1.07711 -23.1655   1.0641
 1.07754 -23.1516  1.06454
 1.07798 -23.1377  1.06497
 1.07841 -23.1239  1.06541
 1.07884   -23.11  1.06584
 1.07928 -23.0962  1.06627
 1.07971 -23.0824  1.06671
 1.08014 -23.0686  1.06714
 1.08058 -23.0548  1.06757
 1.08101  -23.041  1.06801
 1.08144 -23.0272  1.06801
 1.08188 -23.0135  1.06844
 1.08231 -22.9997  1.06887
 1.08274  -22.986  1.06931
 1.08318 -22.9723  1.06974
 1.08361 -22.9586  1.07017
 1.08404 -22.9449  1.07061
 1.08448 -22.9312  1.07104
 1.08491 -22.9175  1.07147
 1.08535 -22.9038  1.07191
 1.08578 -22.8902  1.07234
 1.08621 -22.8765  1.07277
 1.08665 -22.8629  1.07277
 1.08708 -22.8493  1.07321
 1.08751 -22.8357  1.07364
 1.08795 -22.8221  1.07407
 1.08838 -22.8085  1.07451
 1.08881 -22.7949  1.07494
 1.08925 -22.7814  1.07538
 1.08968 -22.7678  1.07581
 1.09011 -22.7543  1.07624
 1.09055 -22.7408  1.07668
 1.09098 -22.7272  1.07711
 1.09141 -22.7137  1.07754
 1.09185 -22.7003  1.07754
 1.09228 -22.6868  1.07798
 1.09271 -22.6733  1.07841
 1.09315 -22.6598  1.07884
 1.09358 -22.6464  1.07928
 1.09401  -22.633  1.07971
 1.09445 -22.6195  1.08014
 1.09488 -22.6061  1.08058
 1.09532 -22.5927  1.08101
 1.09575 -22.5794  1.08144
 1.09618  -22.566  1.08188
 1.09662 -22.5526  1.08231
 1.09705 -22.5393  1.08231
 1.09748 -22.5259  1.08274
 1.09792 -22.5126  1.08318
 1.09835 -22.4993  1.08361
 1.09878  -22.486  1.08404
 1.09922 -22.4727  1.08448
 1.09965 -22.4594  1.08491
 1.10008 -22.4461  1.08535
 1.10052 -22.4329  1.08578
 1.10095 -22.4196  1.08621
 1.10138 -22.4064  1.08665
 1.10182 -22.3932  1.08708
 1.10225 -22.3799  1.08708
 1.10268 -22.3667  1.08751
 1.10312 -22.3535  1.08795
 1.10355 -22.3404  1.08838
 1.10398 -22.3272  1.08881
 1.10442  -22.314  1.08925
 1.10485 -22.3009  1.08968
 1.10529 -22.2877  1.09011
 1.10572 -22.2746  1.09055
 1.10615 -22.2615  1.09098
 1.10659 -22.2484  1.09141
 1.10702 -22.2353  1.09185
 1.10745 -22.2222  1.09185
 1.10789 -22.2092  1.09228
 1.10832 -22.1961  1.09271
 1.10875 -22.1831  1.09315
 1.10919   -22.17  1.09358
 1.10962  -22.157  1.09401
 1.11005  -22.144  1.09445
 1.11049  -22.131  1.09488
 1.11092  -22.118  1.09532
 1.11135  -22.105  1.09575
 1.11179  -22.092  1.09618
 1.11222 -22.0791  1.09662
 1.11265 -22.0661  1.09662
 1.11309 -22.0532  1.09705
 1.11352 -22.0403  1.09748
 1.11395 -22.0273  1.09792
 1.11439 -22.0144  1.09835
 1.11482 -22.0015  1.09878
 1.11526 -21.9887  1.09922
 1.11569 -21.9758  1.09965
 1.11612 -21.9629  1.10008
 1.11656 -21.9501  1.10052
 1.11699 -21.9372  1.10095
 1.11742 -21.9244  1.10138
 1.11786 -21.9116  1.10182
 1.11829 -21.8988  1.10182
 1.11872  -21.886  1.10225
 1.11916 -21.8732  1.10268
 1.11959 -21.8604  1.10312
 1.12002 -21.8477  1.10355
 1.12046 -21.8349  1.10398
 1.12089 -21.8222  1.10442
 1.12132 -21.8094  1.10485
 1.12176 -21.7967  1.10529
 1.12219  -21.784  1.10572
 1.12262 -21.7713  1.10615
 1.12306 -21.7586  1.10659
 1.12349 -21.7459  1.10659
 1.12392 -21.7333  1.10702
 1.12436 -21.7206  1.10745
 1.12479  -21.708  1.10789
 1.12523 -21.6953  1.10832
 1.12566 -21.6827  1.10875
 1.12609 -21.6701  1.10919
 1.12653 -21.6575  1.10962
 1.12696 -21.6449  1.11005
 1.12739 -21.6323  1.11049
 1.12783 -21.6198  1.11092
 1.12826 -21.6072  1.11135
 1.12869 -21.5946  1.11135
 1.12913 -21.5821  1.11179
 1.12956 -21.5696  1.11222
 1.12999  -21.557  1.11265
 1.13043 -21.5445  1.11309
 1.13086  -21.532  1.11352
 1.13129 -21.5196  1.11395
 1.13173 -21.5071  1.11439
 1.13216 -21.4946  1.11482
 1.13259 -21.4822  1.11526
 1.13303 -21.4697  1.11569
 1.13346 -21.4573  1.11612
 1.13389 -21.4449  1.11612
 1.13433 -21.4324  1.11656
 1.13476   -21.42  1.11699
  1.1352 -21.4076  1.11742
 1.13563 -21.3952  1.11786
 1.13606 -21.3829  1.11829
  1.1365 -21.3705  1.11872
 1.13693 -21.3582  1.11916
 1.13736 -21.3458  1.11959
  1.1378 -21.3335  1.12002
 1.13823 -21.3212  1.12046
 1.13866 -21.3089  1.12089
  1.1391 -21.2966  1.12089
 1.13953 -21.2843  1.12132
 1.13996  -21.272  1.12176
  1.1404 -21.2597  1.12219
 1.14083 -21.2474  1.12262
 1.14126 -21.2352  1.12306
  1.1417 -21.2229  1.12349
 1.14213 -21.2107  1.12392
 1.14256 -21.1985  1.12436
   1.143 -21.1863  1.12479
 1.14343 -21.1741  1.12523
 1.14386 -21.1619  1.12566
  1.1443 -21.1497  1.12566
 1.14473 -21.1376  1.12609
 1.14517 -21.1254  1.12653
  1.1456 -21.1132  1.12696
 1.14603 -21.1011  1.12739
 1.14647  -21.089  1.12783
  1.1469 -21.0769  1.12826
 1.14733 -21.0647  1.12869
 1.14777 -21.0526  1.12913
  1.1482 -21.0406  1.12956
 1.14863 -21.0285  1.12999
 1.14907 -21.0164  1.13043
  1.1495 -21.0044  1.13043
 1.14993 -20.9923  1.13086
 1.15037 -20.9803  1.13129
  1.1508 -20.9682  1.13173
 1.15123 -20.9562  1.13216
 1.15167 -20.9442  1.13259
  1.1521 -20.9322  1.13303
 1.15253 -20.9202  1.13346
 1.15297 -20.9082  1.13389
  1.1534 -20.8963  1.13433
 1.15383 -20.8843  1.13476
 1.15427 -20.8724   1.1352
  1.1547 -20.8604   1.1352
 1.15514 -20.8485  1.13563
 1.15557 -20.8366  1.13606
   1.156 -20.8246   1.1365
 1.15644 -20.8127  1.13693
 1.15687 -20.8009  1.13736
  1.1573  -20.789   1.1378
 1.15774 -20.7771  1.13823
 1.15817 -20.7652  1.13866
  1.1586 -20.7534   1.1391
 1.15904 -20.7415  1.13953
 1.15947 -20.7297  1.13996
  1.1599 -20.7179  1.13996
 1.16034 -20.7061   1.1404
 1.16077 -20.6943  1.14083
  1.1612 -20.6825  1.14126
 1.16164 -20.6707   1.1417
 1.16207 -20.6589  1.14213
  1.1625 -20.6472  1.14256
 1.16294 -20.6354    1.143
 1.16337 -20.6237  1.14343
  1.1638 -20.6119  1.14386
 1.16424 -20.6002   1.1443
 1.16467 -20.5885  1.14473
 1.16511 -20.5768  1.14473
 1.16554 -20.5651  1.14517
 1.16597 -20.5534   1.1456
 1.16641 -20.5417  1.14603
 1.16684   -20.53  1.14647
 1.16727 -20.5184   1.1469
 1.16771 -20.5067  1.14733
 1.16814 -20.4951  1.14777
 1.16857 -20.4834   1.1482
 1.16901 -20.4718  1.14863
 1.16944 -20.4602  1.14907
 1.16987 -20.4486   1.1495
 1.17031  -20.437   1.1495
 1.17074 -20.4254  1.14993
 1.17117 -20.4139  1.15037
 1.17161 -20.4023   1.1508
 1.17204 -20.3907  1.15123
 1.17247 -20.3792  1.15167
 1.17291 -20.3677   1.1521
 1.17334 -20.3561  1.15253
 1.17377 -20.3446  1.15297
 1.17421 -20.3331   1.1534
 1.17464 -20.3216  1.15383
 1.17508 -20.3101  1.15427
 1.17551 -20.2986  1.15427
 1.17594 -20.2872   1.1547
 1.17638 -20.2757  1.15514
 1.17681 -20.2642  1.15557
 1.17724 -20.2528    1.156
 1.17768 -20.2414  1.15644
 1.17811 -20.2299  1.15687
 1.17854 -20.2185   1.1573
 1.17898 -20.2071  1.15774
 1.17941 -20.1957  1.15817
 1.17984 -20.1843   1.1586
 1.18028  -20.173  1.15904
 1.18071 -20.1616  1.15904
 1.18114 -20.1502  1.15947
 1.18158 -20.1389   1.1599
 1.18201 -20.1275  1.16034
 1.18244 -20.1162  1.16077
 1.18288 -20.1049   1.1612
 1.18331 -20.0936  1.16164
 1.18374 -20.0823  1.16207
 1.18418  -20.071   1.1625
 1.18461 -20.0597  1.16294
 1.18505 -20.0484  1.16337
 1.18548 -20.0371   1.1638
 1.18591 -20.0259   1.1638
 1.18635 -20.0146  1.16424
 1.18678 -20.0034  1.16467
 1.18721 -19.9921  1.16511
 1.18765 -19.9809  1.16554
 1.18808 -19.9697  1.16597
 1.18851 -19.9585  1.16641
 1.18895 -19.9473  1.16684
 1.18938 -19.9361  1.16727
 1.18981 -19.9249  1.16771
 1.19025 -19.9138  1.16814
 1.19068 -19.9026  1.16857
 1.19111 -19.8915  1.16857
 1.19155 -19.8803  1.16901
 1.19198 -19.8692  1.16944
 1.19241 -19.8581  1.16987
 1.19285 -19.8469  1.17031
 1.19328 -19.8358  1.17074
 1.19371 -19.8247  1.17117
 1.19415 -19.8136  1.17161
 1.19458 -19.8026  1.17204
 1.19502 -19.7915  1.17247
 1.19545 -19.7804  1.17291
 1.19588 -19.7694  1.17291
 1.19632 -19.7583  1.17334
 1.19675 -19.7473  1.17377
 1.19718 -19.7363  1.17421
 1.19762 -19.7252  1.17464
 1.19805 -19.7142  1.17508
 1.19848 -19.7032  1.17551
 1.19892 -19.6922  1.17594
 1.19935 -19.6813  1.17638
 1.19978 -19.6703  1.17681
 1.20022 -19.6593  1.17724
 1.20065 -19.6484  1.17768
 1.20108 -19.6374  1.17768
 1.20152 -19.6265  1.17811
 1.20195 -19.6156  1.17854
 1.20238 -19.6046  1.17898
 1.20282 -19.5937  1.17941
 1.20325 -19.5828  1.17984
 1.20368 -19.5719  1.18028
 1.20412  -19.561  1.18071
 1.20455 -19.5502  1.18114
 1.20498 -19.5393  1.18158
 1.20542 -19.5284  1.18201
 1.20585 -19.5176  1.18244
 1.20629 -19.5067  1.18244
 1.20672 -19.4959  1.18288
 1.20715 -19.4851  1.18331
 1.20759 -19.4743  1.18374
 1.20802 -19.4634  1.18418
 1.20845 -19.4526  1.18461
 1.20889 -19.4418  1.18505
 1.20932 -19.4311  1.18548
 1.20975 -19.4203  1.18591
 1.21019 -19.4095  1.18635
 1.21062 -19.3988  1.18678
 1.21105  -19.388  1.18721
 1.21149 -19.3773  1.18721
 1.21192 -19.3666  1.18765
 1.21235 -19.3558  1.18808
 1.21279 -19.3451  1.18851
 1.21322 -19.3344  1.18895
 1.21365 -19.3237  1.18938
 1.21409  -19.313  1.18981
 1.21452 -19.3023  1.19025
 1.21495 -19.2917  1.19068
 1.21539  -19.281  1.19111
 1.21582 -19.2703  1.19155
 1.21626 -19.2597  1.19198
 1.21669 -19.2491  1.19198
 1.21712 -19.2384  1.19241
 1.21756 -19.2278  1.19285
 1.21799 -19.2172  1.19328
 1.21842 -19.2066  1.19371
 1.21886  -19.196  1.19415
 1.21929 -19.1854  1.19458
 1.21972 -19.1748  1.19502
 1.22016 -19.1642  1.19545
 1.22059 -19.1537  1.19588
 1.22102 -19.1431  1.19632
 1.22146 -19.1326  1.19675
 1.22189  -19.122  1.19675
 1.22232 -19.1115  1.19718
 1.22276  -19.101  1.19762
 1.22319 -19.0905  1.19805
 1.22362   -19.08  1.19848
 1.22406 -19.0695  1.19892
 1.22449  -19.059  1.19935
 1.22492 -19.0485  1.19978
 1.22536  -19.038  1.20022
 1.22579 -19.0276  1.20065
 1.22623 -19.0171  1.20108
 1.22666 -19.0067  1.20152
 1.22709 -18.9962  1.20152
 1.22753 -18.9858  1.20195
 1.22796 -18.9754  1.20238
 1.22839  -18.965  1.20282
 1.22883 -18.9546  1.20325
 1.22926 -18.9442  1.20368
 1.22969 -18.9338  1.20412
 1.23013 -18.9234  1.20455
 1.23056  -18.913  1.20498
 1.23099 -18.9026  1.20542
 1.23143 -18.8923  1.20585
 1.23186 -18.8819  1.20585
 1.23229 -18.8716  1.20629
 1.23273 -18.8613  1.20672
 1.23316 -18.8509  1.20715
 1.23359 -18.8406  1.20759
 1.23403 -18.8303  1.20802
 1.23446   -18.82  1.20845
 1.23489 -18.8097  1.20889
 1.23533 -18.7994  1.20932
 1.23576 -18.7892  1.20975
  1.2362 -18.7789  1.21019
 1.23663 -18.7686  1.21062
 1.23706 -18.7584  1.21062
  1.2375 -18.7481  1.21105
 1.23793 -18.7379  1.21149
 1.23836 -18.7277  1.21192
  1.2388 -18.7174  1.21235
 1.23923 -18.7072  1.21279
 1.23966  -18.697  1.21322
  1.2401 -18.6868  1.21365
 1.24053 -18.6766  1.21409
 1.24096 -18.6665  1.21452
  1.2414 -18.6563  1.21495
 1.24183 -18.6461  1.21539
 1.24226  -18.636  1.21539
  1.2427 -18.6258  1.21582
 1.24313 -18.6157  1.21626
 1.24356 -18.6055  1.21669
   1.244 -18.5954  1.21712
 1.24443 -18.5853  1.21756
 1.24486 -18.5752  1.21799
  1.2453 -18.5651  1.21842
 1.24573  -18.555  1.21886
 1.24617 -18.5449  1.21929
  1.2466 -18.5348  1.21972
 1.24703 -18.5248  1.21972
 1.24747 -18.5147  1.22016
  1.2479 -18.5046  1.22059
 1.24833 -18.4946  1.22102
 1.24877 -18.4845  1.22146
  1.2492 -18.4745  1.22189
 1.24963 -18.4645  1.22232
 1.25007 -18.4545  1.22276
  1.2505 -18.4445  1.22319
 1.25093 -18.4345  1.22362
 1.25137 -18.4245  1.22406
  1.2518 -18.4145  1.22449
 1.25223 -18.4045  1.22449
 1.25267 -18.3945  1.22492
  1.2531 -18.3846  1.22536
 1.25353 -18.3746  1.22579
 1.25397 -18.3647  1.22623
  1.2544 -18.3547  1.22666
 1.25483 -18.3448  1.22709
 1.25527 -18.3349  1.22753
  1.2557  -18.325  1.22796
 1.25614 -18.3151  1.22839
 1.25657 -18.3052  1.22883
   1.257 -18.2953  1.22926
 1.25744 -18.2854  1.22926
 1.25787 -18.2755  1.22969
  1.2583 -18.2656  1.23013
 1.25874 -18.2558  1.23056
 1.25917 -18.2459  1.23099
  1.2596 -18.2361  1.23143
 1.26004 -18.2262  1.23186
 1.26047 -18.2164  1.23229
  1.2609 -18.2066  1.23273
 1.26134 -18.1968  1.23316
 1.26177 -18.1869  1.23359
  1.2622 -18.1771  1.23403
 1.26264 -18.1674  1.23403
 1.26307 -18.1576  1.23446
  1.2635 -18.1478  1.23489
 1.26394  -18.138  1.23533
 1.26437 -18.1282  1.23576
  1.2648 -18.1185   1.2362
 1.26524 -18.1087  1.23663
 1.26567  -18.099  1.23706
 1.26611 -18.0893   1.2375
 1.26654 -18.0795  1.23793
 1.26697 -18.0698  1.23836
 1.26741 -18.0601  1.23836
 1.26784 -18.0504   1.2388
 1.26827 -18.0407  1.23923
 1.26871  -18.031  1.23966
 1.26914 -18.0213   1.2401
 1.26957 -18.0117  1.24053
 1.27001  -18.002  1.24096
 1.27044 -17.9923   1.2414
 1.27087 -17.9827  1.24183
 1.27131  -17.973  1.24226
 1.27174 -17.9634   1.2427
 1.27217 -17.9538  1.24313
 1.27261 -17.9441  1.24313
 1.27304 -17.9345  1.24356
 1.27347 -17.9249    1.244
 1.27391 -17.9153  1.24443
 1.27434 -17.9057  1.24486
 1.27477 -17.8961   1.2453
 1.27521 -17.8866  1.24573
 1.27564  -17.877  1.24617
 1.27608 -17.8674   1.2466
 1.27651 -17.8579  1.24703
 1.27694 -17.8483  1.24747
 1.27738 -17.8388   1.2479
 1.27781 -17.8292   1.2479
 1.27824 -17.8197  1.24833
 1.27868 -17.8102  1.24877
 1.27911 -17.8007   1.2492
 1.27954 -17.7912  1.24963
 1.27998 -17.7817  1.25007
 1.28041 -17.7722   1.2505
 1.28084 -17.7627  1.25093
 1.28128 -17.7532  1.25137
 1.28171 -17.7437   1.2518
 1.28214 -17.7343  1.25223
 1.28258 -17.7248  1.25267
 1.28301 -17.7154  1.25267
 1.28344 -17.7059   1.2531
 1.28388 -17.6965  1.25353
 1.28431 -17.6871  1.25397
 1.28474 -17.6777   1.2544
 1.28518 -17.6682  1.25483
 1.28561 -17.6588  1.25527
 1.28605 -17.6494   1.2557
 1.28648   -17.64  1.25614
 1.28691 -17.6307  1.25657
 1.28735 -17.6213    1.257
 1.28778 -17.6119    1.257
 1.28821 -17.6026  1.25744
 1.28865 -17.5932  1.25787
 1.28908 -17.5838   1.2583
 1.28951 -17.5745  1.25874
 1.28995 -17.5652  1.25917
 1.29038 -17.5558   1.2596
 1.29081 -17.5465  1.26004
 1.29125 -17.5372  1.26047
 1.29168 -17.5279   1.2609
 1.29211 -17.5186  1.26134
 1.29255 -17.5093  1.26177
 1.29298    -17.5  1.26177
 1.29341 -17.4907   1.2622
 1.29385 -17.4815  1.26264
 1.29428 -17.4722  1.26307
 1.29471  -17.463   1.2635
 1.29515 -17.4537  1.26394
 1.29558 -17.4445  1.26437
 1.29602 -17.4352   1.2648
 1.29645  -17.426  1.26524
 1.29688 -17.4168  1.26567
 1.29732 -17.4076  1.26611
 1.29775 -17.3983  1.26654
 1.29818 -17.3891  1.26654
 1.29862 -17.3799  1.26697
 1.29905 -17.3708  1.26741
 1.29948 -17.3616  1.26784
 1.29992 -17.3524  1.26827
 1.30035 -17.3432  1.26871
 1.30078 -17.3341  1.26914
 1.30122 -17.3249  1.26957
 1.30165 -17.3158  1.27001
 1.30208 -17.3066  1.27044
 1.30252 -17.2975  1.27087
 1.30295 -17.2884  1.27087
 1.30338 -17.2793  1.27131
 1.30382 -17.2701  1.27174
 1.30425  -17.261  1.27217
 1.30468 -17.2519  1.27261
 1.30512 -17.2428  1.27304
 1.30555 -17.2338  1.27347
 1.30599 -17.2247  1.27391
 1.30642 -17.2156  1.27434
 1.30685 -17.2066  1.27477
 1.30729 -17.1975  1.27521
 1.30772 -17.1884  1.27564
 1.30815 -17.1794  1.27564
 1.30859 -17.1704  1.27608
 1.30902 -17.1613  1.27651
 1.30945 -17.1523  1.27694
 1.30989 -17.1433  1.27738
 1.31032 -17.1343  1.27781
 1.31075 -17.1253  1.27824
 1.31119 -17.1163  1.27868
 1.31162 -17.1073  1.27911
 1.31205 -17.0983  1.27954
 1.31249 -17.0893  1.27998
 1.31292 -17.0804  1.27998
 1.31335 -17.0714  1.28041
 1.31379 -17.0624  1.28084
 1.31422 -17.0535  1.28128
 1.31465 -17.0445  1.28171
 1.31509 -17.0356  1.28214
 1.31552 -17.0267  1.28258
 1.31596 -17.0178  1.28301
 1.31639 -17.0088  1.28344
 1.31682 -16.9999  1.28388
 1.31726  -16.991  1.28431
 1.31769 -16.9821  1.28474
 1.31812 -16.9732  1.28474
 1.31856 -16.9644  1.28518
 1.31899 -16.9555  1.28561
 1.31942 -16.9466  1.28605
 1.31986 -16.9377  1.28648
 1.32029 -16.9289  1.28691
 1.32072   -16.92  1.28735
 1.32116 -16.9112  1.28778
 1.32159 -16.9024  1.28821
 1.32202 -16.8935  1.28865
 1.32246 -16.8847  1.28908
 1.32289 -16.8759  1.28951
 1.32332 -16.8671  1.28951
 1.32376 -16.8583  1.28995
 1.32419 -16.8495  1.29038
 1.32462 -16.8407  1.29081
 1.32506 -16.8319  1.29125
 1.32549 -16.8231  1.29168
 1.32593 -16.8143  1.29211
 1.32636 -16.8056  1.29255
 1.32679 -16.7968  1.29298
 1.32723 -16.7881  1.29341
 1.32766 -16.7793  1.29385
 1.32809 -16.7706  1.29385
 1.32853 -16.7618  1.29428
 1.32896 -16.7531  1.29471
 1.32939 -16.7444  1.29515
 1.32983 -16.7357  1.29558
 1.33026  -16.727  1.29602
 1.33069 -16.7183  1.29645
 1.33113 -16.7096  1.29688
 1.33156 -16.7009  1.29732
 1.33199 -16.6922  1.29775
 1.33243 -16.6835  1.29818
 1.33286 -16.6749  1.29862
 1.33329 -16.6662  1.29862
 1.33373 -16.6575  1.29905
 1.33416 -16.6489  1.29948
 1.33459 -16.6402  1.29992
 1.33503 -16.6316  1.30035
 1.33546  -16.623  1.30078
  1.3359 -16.6144  1.30122
 1.33633 -16.6057  1.30165
 1.33676 -16.5971  1.30208
  1.3372 -16.5885  1.30252
 1.33763 -16.5799  1.30295
 1.33806 -16.5713  1.30295
  1.3385 -16.5627  1.30338
 1.33893 -16.5542  1.30382
 1.33936 -16.5456  1.30425
  1.3398  -16.537  1.30468
 1.34023 -16.5285  1.30512
 1.34066 -16.5199  1.30555
  1.3411 -16.5114  1.30599
 1.34153 -16.5028  1.30642
 1.34196 -16.4943  1.30685
  1.3424 -16.4857  1.30729
 1.34283 -16.4772  1.30772
 1.34326 -16.4687  1.30772
  1.3437 -16.4602  1.30815
 1.34413 -16.4517  1.30859
 1.34456 -16.4432  1.30902
   1.345 -16.4347  1.30945
 1.34543 -16.4262  1.30989
 1.34587 -16.4177  1.31032
  1.3463 -16.4093  1.31075
 1.34673 -16.4008  1.31119
 1.34717 -16.3923  1.31162
  1.3476 -16.3839  1.31205
 1.34803 -16.3754  1.31205
 1.34847  -16.367  1.31249
  1.3489 -16.3586  1.31292
 1.34933 -16.3501  1.31335
 1.34977 -16.3417  1.31379
  1.3502 -16.3333  1.31422
 1.35063 -16.3249  1.31465
 1.35107 -16.3165  1.31509
  1.3515 -16.3081  1.31552
 1.35193 -16.2997  1.31596
 1.35237 -16.2913  1.31639
  1.3528 -16.2829  1.31682
 1.35323 -16.2745  1.31682
 1.35367 -16.2662  1.31726
  1.3541 -16.2578  1.31769
 1.35453 -16.2494  1.31812
 1.35497 -16.2411  1.31856
  1.3554 -16.2327  1.31899
 1.35584 -16.2244  1.31942
 1.35627 -16.2161  1.31986
  1.3567 -16.2077  1.32029
 1.35714 -16.1994  1.32072
 1.35757 -16.1911  1.32116
   1.358 -16.1828  1.32159
 1.35844 -16.1745  1.32159
 1.35887 -16.1662  1.32202
  1.3593 -16.1579  1.32246
 1.35974 -16.1496  1.32289
 1.36017 -16.1413  1.32332
  1.3606 -16.1331  1.32376
 1.36104 -16.1248  1.32419
 1.36147 -16.1165  1.32462
  1.3619 -16.1083  1.32506
 1.36234    -16.1  1.32549
 1.36277 -16.0918  1.32593
  1.3632 -16.0836  1.32593
 1.36364 -16.0753  1.32636
 1.36407 -16.0671  1.32679
  1.3645 -16.0589  1.32723
 1.36494 -16.0507  1.32766
 1.36537 -16.0425  1.32809
 1.36581 -16.0343  1.32853
 1.36624 -16.0261  1.32896
 1.36667 -16.0179  1.32939
 1.36711 -16.0097  1.32983
 1.36754 -16.0015  1.33026
 1.36797 -15.9934  1.33069
 1.36841 -15.9852  1.33069
 1.36884  -15.977  1.33113
 1.36927 -15.9689  1.33156
 1.36971 -15.9607  1.33199
 1.37014 -15.9526  1.33243
 1.37057 -15.9445  1.33286
 1.37101 -15.9363  1.33329
 1.37144 -15.9282  1.33373
 1.37187 -15.9201  1.33416
 1.37231  -15.912  1.33459
 1.37274 -15.9039  1.33503
 1.37317 -15.8958  1.33503
 1.37361 -15.8877  1.33546
 1.37404 -15.8796   1.3359
 1.37447 -15.8715  1.33633
 1.37491 -15.8634  1.33676
 1.37534 -15.8554   1.3372
 1.37578 -15.8473  1.33763
 1.37621 -15.8392  1.33806
 1.37664 -15.8312   1.3385
 1.37708 -15.8231  1.33893
 1.37751 -15.8151  1.33936
 1.37794 -15.8071   1.3398
 1.37838  -15.799   1.3398
 1.37881  -15.791  1.34023
 1.37924  -15.783  1.34066
 1.37968  -15.775   1.3411
 1.38011  -15.767  1.34153
 1.38054  -15.759  1.34196
 1.38098  -15.751   1.3424
 1.38141  -15.743  1.34283
 1.38184  -15.735  1.34326
 1.38228  -15.727   1.3437
 1.38271  -15.719  1.34413
 1.38314 -15.7111  1.34413
 1.38358 -15.7031  1.34456
 1.38401 -15.6952    1.345
 1.38444 -15.6872  1.34543
 1.38488 -15.6793  1.34587
 1.38531 -15.6713   1.3463
 1.38575 -15.6634  1.34673
 1.38618 -15.6555  1.34717
 1.38661 -15.6475   1.3476
 1.38705 -15.6396  1.34803
 1.38748 -15.6317  1.34847
 1.38791 -15.6238  1.34847
 1.38835 -15.6159   1.3489
 1.38878  -15.608  1.34933
 1.38921 -15.6001  1.34977
 1.38965 -15.5922   1.3502
 1.39008 -15.5844  1.35063
 1.39051 -15.5765  1.35107
 1.39095 -15.5686   1.3515
 1.39138 -15.5608  1.35193
 1.39181 -15.5529  1.35237
 1.39225 -15.5451   1.3528
 1.39268 -15.5372  1.35323
 1.39311 -15.5294  1.35323
 1.39355 -15.5216  1.35367
 1.39398 -15.5137   1.3541
 1.39441 -15.5059  1.35453
 1.39485 -15.4981  1.35497
 1.39528 -15.4903   1.3554
 1.39572 -15.4825  1.35584
 1.39615 -15.4747  1.35627
 1.39658 -15.4669   1.3567
 1.39702 -15.4591  1.35714
 1.39745 -15.4513  1.35757
 1.39788 -15.4436  1.35757
 1.39832 -15.4358    1.358
 1.39875  -15.428  1.35844
 1.39918 -15.4203  1.35887
 1.39962 -15.4125   1.3593
 1.40005 -15.4048  1.35974
 1.40048  -15.397  1.36017
 1.40092 -15.3893   1.3606
 1.40135 -15.3815  1.36104
 1.40178 -15.3738  1.36147
 1.40222 -15.3661   1.3619
 1.40265 -15.3584  1.36234
 1.40308 -15.3507  1.36234
 1.40352  -15.343  1.36277
 1.40395 -15.3353   1.3632
 1.40438 -15.3276  1.36364
 1.40482 -15.3199  1.36407
 1.40525 -15.3122   1.3645
 1.40569 -15.3045  1.36494
 1.40612 -15.2969  1.36537
 1.40655 -15.2892  1.36581
 1.40699 -15.2815  1.36624
 1.40742 -15.2739  1.36667
 1.40785 -15.2662  1.36667
 1.40829 -15.2586  1.36711
 1.40872 -15.2509  1.36754
 1.40915 -15.2433  1.36797
 1.40959 -15.2357  1.36841
 1.41002 -15.2281  1.36884
 1.41045 -15.2204  1.36927
 1.41089 -15.2128  1.36971
 1.41132 -15.2052  1.37014
 1.41175 -15.1976  1.37057
 1.41219   -15.19  1.37101
 1.41262 -15.1824  1.37144
 1.41305 -15.1748  1.37144
 1.41349 -15.1673  1.37187
 1.41392 -15.1597  1.37231
 1.41435 -15.1521  1.37274
 1.41479 -15.1446  1.37317
 1.41522  -15.137  1.37361
 1.41566 -15.1294  1.37404
 1.41609 -15.1219  1.37447
 1.41652 -15.1144  1.37491
 1.41696 -15.1068  1.37534
 1.41739 -15.0993  1.37578
 1.41782 -15.0918  1.37578
 1.41826 -15.0842  1.37621
 1.41869 -15.0767  1.37664
 1.41912 -15.0692  1.37708
 1.41956 -15.0617  1.37751
 1.41999 -15.0542  1.37794
 1.42042 -15.0467  1.37838
 1.42086 -15.0392  1.37881
 1.42129 -15.0317  1.37924
 1.42172 -15.0243  1.37968
 1.42216 -15.0168  1.38011
 1.42259 -15.0093  1.38054
 1.42302 -15.0018  1.38054
 1.42346 -14.9944  1.38098
 1.42389 -14.9869  1.38141
 1.42432 -14.9795  1.38184
 1.42476  -14.972  1.38228
 1.42519 -14.9646  1.38271
 1.42563 -14.9572  1.38314
 1.42606 -14.9498  1.38358
 1.42649 -14.9423  1.38401
 1.42693 -14.9349  1.38444
 1.42736 -14.9275  1.38488
 1.42779 -14.9201  1.38488
 1.42823 -14.9127  1.38531
 1.42866 -14.9053  1.38575
 1.42909 -14.8979  1.38618
 1.42953 -14.8905  1.38661
 1.42996 -14.8831  1.38705
 1.43039 -14.8758  1.38748
 1.43083 -14.8684  1.38791
 1.43126  -14.861  1.38835
 1.43169 -14.8537  1.38878
 1.43213 -14.8463  1.38921
 1.43256  -14.839  1.38921
 1.43299 -14.8316  1.38965
 1.43343 -14.8243  1.39008
 1.43386  -14.817  1.39051
 1.43429 -14.8096  1.39095
 1.43473 -14.8023  1.39138
 1.43516  -14.795  1.39181
  1.4356 -14.7877  1.39225
 1.43603 -14.7804  1.39268
 1.43646 -14.7731  1.39311
  1.4369 -14.7658  1.39355
 1.43733 -14.7585  1.39398
 1.43776 -14.7512  1.39398
  1.4382 -14.7439  1.39441
 1.43863 -14.7366  1.39485
 1.43906 -14.7293  1.39528
  1.4395 -14.7221  1.39572
 1.43993 -14.7148  1.39615
 1.44036 -14.7076  1.39658
  1.4408 -14.7003  1.39702
 1.44123 -14.6931  1.39745
 1.44166 -14.6858  1.39788
  1.4421 -14.6786  1.39832
 1.44253 -14.6713  1.39832
 1.44296 -14.6641  1.39875
  1.4434 -14.6569  1.39918
 1.44383 -14.6497  1.39962
 1.44426 -14.6425  1.40005
  1.4447 -14.6353  1.40048
 1.44513  -14.628  1.40092
 1.44557 -14.6209  1.40135
   1.446 -14.6137  1.40178
 1.44643 -14.6065  1.40222
 1.44687 -14.5993  1.40265
  1.4473 -14.5921  1.40265
 1.44773 -14.5849  1.40308
 1.44817 -14.5778  1.40352
  1.4486 -14.5706  1.40395
 1.44903 -14.5635  1.40438
 1.44947 -14.5563  1.40482
  1.4499 -14.5492  1.40525
 1.45033  -14.542  1.40569
 1.45077 -14.5349  1.40612
  1.4512 -14.5277  1.40655
 1.45163 -14.5206  1.40699
 1.45207 -14.5135  1.40742
  1.4525 -14.5064  1.40742
 1.45293 -14.4993  1.40785
 1.45337 -14.4921  1.40829
  1.4538  -14.485  1.40872
 1.45423 -14.4779  1.40915
 1.45467 -14.4709  1.40959
  1.4551 -14.4638  1.41002
 1.45554 -14.4567  1.41045
 1.45597 -14.4496  1.41089
  1.4564 -14.4425  1.41132
 1.45684 -14.4355  1.41175
 1.45727 -14.4284  1.41175
  1.4577 -14.4213  1.41219
 1.45814 -14.4143  1.41262
 1.45857 -14.4072  1.41305
   1.459 -14.4002  1.41349
 1.45944 -14.3931  1.41392
 1.45987 -14.3861  1.41435
  1.4603 -14.3791  1.41479
 1.46074 -14.3721  1.41522
 1.46117  -14.365  1.41566
  1.4616  -14.358  1.41609
 1.46204  -14.351  1.41652
 1.46247  -14.344  1.41652
  1.4629  -14.337  1.41696
 1.46334   -14.33  1.41739
 1.46377  -14.323  1.41782
  1.4642  -14.316  1.41826
 1.46464  -14.309  1.41869
 1.46507 -14.3021  1.41912
 1.46551 -14.2951  1.41956
 1.46594 -14.2881  1.41999
 1.46637 -14.2812  1.42042
 1.46681 -14.2742  1.42086
 1.46724 -14.2673  1.42086
 1.46767 -14.2603  1.42129
 1.46811 -14.2534  1.42172
 1.46854 -14.2464  1.42216
 1.46897 -14.2395  1.42259
 1.46941 -14.2326  1.42302
 1.46984 -14.2256  1.42346
 1.47027 -14.2187  1.42389
 1.47071 -14.2118  1.42432
 1.47114 -14.2049  1.42476
 1.47157  -14.198  1.42519
 1.47201 -14.1911  1.42519
 1.47244 -14.1842  1.42563
 1.47287 -14.1773  1.42606
 1.47331 -14.1704  1.42649
 1.47374 -14.1635  1.42693
 1.47417 -14.1566  1.42736
 1.47461 -14.1498  1.42779
 1.47504 -14.1429  1.42823
 1.47548  -14.136  1.42866
 1.47591 -14.1292  1.42909
 1.47634 -14.1223  1.42953
 1.47678 -14.1155  1.42953
 1.47721 -14.1086  1.42996
 1.47764 -14.1018  1.43039
 1.47808  -14.095  1.43083
 1.47851 -14.0881  1.43126
 1.47894 -14.0813  1.43169
 1.47938 -14.0745  1.43213
 1.47981 -14.0677  1.43256
 1.48024 -14.0609  1.43299
 1.48068  -14.054  1.43343
 1.48111 -14.0472  1.43386
 1.48154 -14.0404  1.43429
 1.48198 -14.0337  1.43429
 1.48241 -14.0269  1.43473
 1.48284 -14.0201  1.43516
 1.48328 -14.0133   1.4356
 1.48371 -14.0065  1.43603
 1.48414 -13.9998  1.43646
 1.48458  -13.993   1.4369
 1.48501 -13.9862  1.43733
 1.48545 -13.9795  1.43776
 1.48588 -13.9727   1.4382
 1.48631  -13.966  1.43863
 1.48675 -13.9592  1.43863
 1.48718 -13.9525  1.43906
 1.48761 -13.9458   1.4395
 1.48805  -13.939  1.43993
 1.48848 -13.9323  1.44036
 1.48891 -13.9256   1.4408
 1.48935 -13.9189  1.44123
 1.48978 -13.9122  1.44166
 1.49021 -13.9054   1.4421
 1.49065 -13.8987  1.44253
 1.49108 -13.8921  1.44296
 1.49151 -13.8854  1.44296
 1.49195 -13.8787   1.4434
 1.49238  -13.872  1.44383
 1.49281 -13.8653  1.44426
 1.49325 -13.8586   1.4447
 1.49368  -13.852  1.44513
 1.49411 -13.8453  1.44557
 1.49455 -13.8386    1.446
 1.49498  -13.832  1.44643
 1.49542 -13.8253  1.44687
 1.49585 -13.8187   1.4473
 1.49628  -13.812  1.44773
 1.49672 -13.8054  1.44773
 1.49715 -13.7988  1.44817
 1.49758 -13.7921   1.4486
 1.49802 -13.7855  1.44903
 1.49845 -13.7789  1.44947
 1.49888 -13.7723   1.4499
 1.49932 -13.7657  1.45033
 1.49975 -13.7591  1.45077
 1.50018 -13.7524   1.4512
 1.50062 -13.7459  1.45163
 1.50105 -13.7393  1.45207
 1.50148 -13.7327  1.45207
 1.50192 -13.7261   1.4525
 1.50235 -13.7195  1.45293
 1.50278 -13.7129  1.45337
 1.50322 -13.7064   1.4538
 1.50365 -13.6998  1.45423
 1.50408 -13.6932  1.45467
 1.50452 -13.6867   1.4551
 1.50495 -13.6801  1.45554
 1.50539 -13.6736  1.45597
 1.50582  -13.667   1.4564
 1.50625 -13.6605   1.4564
 1.50669 -13.6539  1.45684
 1.50712 -13.6474  1.45727
 1.50755 -13.6409   1.4577
 1.50799 -13.6344  1.45814
 1.50842 -13.6278  1.45857
 1.50885 -13.6213    1.459
 1.50929 -13.6148  1.45944
 1.50972 -13.6083  1.45987
 1.51015 -13.6018   1.4603
 1.51059 -13.5953  1.46074
 1.51102 -13.5888  1.46117
 1.51145 -13.5823  1.46117
 1.51189 -13.5758   1.4616
 1.51232 -13.5694  1.46204
 1.51275 -13.5629  1.46247
 1.51319 -13.5564   1.4629
 1.51362 -13.5499  1.46334
 1.51405 -13.5435  1.46377
 1.51449  -13.537   1.4642
 1.51492 -13.5306  1.46464
 1.51536 -13.5241  1.46507
 1.51579 -13.5177  1.46551
 1.51622 -13.5112  1.46551
 1.51666 -13.5048  1.46594
 1.51709 -13.4984  1.46637
 1.51752 -13.4919  1.46681
 1.51796 -13.4855  1.46724
 1.51839 -13.4791  1.46767
 1.51882 -13.4727  1.46811
 1.51926 -13.4663  1.46854
 1.51969 -13.4599  1.46897
 1.52012 -13.4535  1.46941
 1.52056 -13.4471  1.46984
 1.52099 -13.4407  1.46984
 1.52142 -13.4343  1.47027
 1.52186 -13.4279  1.47071
 1.52229 -13.4215  1.47114
 1.52272 -13.4151  1.47157
 1.52316 -13.4088  1.47201
 1.52359 -13.4024  1.47244
 1.52402  -13.396  1.47287
 1.52446 -13.3897  1.47331
 1.52489 -13.3833  1.47374
 1.52533  -13.377  1.47417
 1.52576 -13.3706  1.47417
 1.52619 -13.3643  1.47461
 1.52663 -13.3579  1.47504
 1.52706 -13.3516  1.47548
 1.52749 -13.3453  1.47591
 1.52793  -13.339  1.47634
 1.52836 -13.3326  1.47678
 1.52879 -13.3263  1.47721
 1.52923   -13.32  1.47764
 1.52966 -13.3137  1.47808
 1.53009 -13.3074  1.47851
 1.53053 -13.3011  1.47851
 1.53096 -13.2948  1.47894
 1.53139 -13.2885  1.47938
 1.53183 -13.2822  1.47981
 1.53226 -13.2759  1.48024
 1.53269 -13.2697  1.48068
 1.53313 -13.2634  1.48111
 1.53356 -13.2571  1.48154
 1.53399 -13.2508  1.48198
 1.53443 -13.2446  1.48241
 1.53486 -13.2383  1.48284
  1.5353 -13.2321  1.48328
 1.53573 -13.2258  1.48328
 1.53616 -13.2196  1.48371
  1.5366 -13.2133  1.48414
 1.53703 -13.2071  1.48458
 1.53746 -13.2008  1.48501
  1.5379 -13.1946  1.48545
 1.53833 -13.1884  1.48588
 1.53876 -13.1822  1.48631
  1.5392  -13.176  1.48675
 1.53963 -13.1697  1.48718
 1.54006 -13.1635  1.48761
  1.5405 -13.1573  1.48761
 1.54093 -13.1511  1.48805
 1.54136 -13.1449  1.48848
  1.5418 -13.1387  1.48891
 1.54223 -13.1325  1.48935
 1.54266 -13.1264  1.48978
  1.5431 -13.1202  1.49021
 1.54353  -13.114  1.49065
 1.54396 -13.1078  1.49108
  1.5444 -13.1017  1.49151
 1.54483 -13.0955  1.49195
 1.54527 -13.0893  1.49195
  1.5457 -13.0832  1.49238
 1.54613  -13.077  1.49281
 1.54657 -13.0709  1.49325
   1.547 -13.0647  1.49368
 1.54743 -13.0586  1.49411
 1.54787 -13.0525  1.49455
  1.5483 -13.0463  1.49498
 1.54873 -13.0402  1.49542
 1.54917 -13.0341  1.49585
  1.5496  -13.028  1.49628
 1.55003 -13.0218  1.49628
 1.55047 -13.0157  1.49672
  1.5509 -13.0096  1.49715
 1.55133 -13.0035  1.49758
 1.55177 -12.9974  1.49802
  1.5522 -12.9913  1.49845
 1.55263 -12.9852  1.49888
 1.55307 -12.9791  1.49932
  1.5535 -12.9731  1.49975
 1.55393  -12.967  1.50018
 1.55437 -12.9609  1.50062
  1.5548 -12.9548  1.50105
 1.55524 -12.9488  1.50105
 1.55567 -12.9427  1.50148
  1.5561 -12.9366  1.50192
 1.55654 -12.9306  1.50235
 1.55697 -12.9245  1.50278
  1.5574 -12.9185  1.50322
 1.55784 -12.9124  1.50365
 1.55827 -12.9064  1.50408
  1.5587 -12.9004  1.50452
 1.55914 -12.8943  1.50495
 1.55957 -12.8883  1.50539
    1.56 -12.8823  1.50539
 1.56044 -12.8763  1.50582
 1.56087 -12.8703  1.50625
  1.5613 -12.8642  1.50669
 1.56174 -12.8582  1.50712
 1.56217 -12.8522  1.50755
  1.5626 -12.8462  1.50799
 1.56304 -12.8402  1.50842
 1.56347 -12.8342  1.50885
  1.5639 -12.8282  1.50929
 1.56434 -12.8223  1.50972
 1.56477 -12.8163  1.50972
 1.56521 -12.8103  1.51015
 1.56564 -12.8043  1.51059
 1.56607 -12.7984  1.51102
 1.56651 -12.7924  1.51145
 1.56694 -12.7864  1.51189
 1.56737 -12.7805  1.51232
 1.56781 -12.7745  1.51275
 1.56824 -12.7686  1.51319
 1.56867 -12.7626  1.51362
 1.56911 -12.7567  1.51405
 1.56954 -12.7508  1.51405
 1.56997 -12.7448  1.51449
 1.57041 -12.7389  1.51492
 1.57084  -12.733  1.51536
 1.57127  -12.727  1.51579
 1.57171 -12.7211  1.51622
 1.57214 -12.7152  1.51666
 1.57257 -12.7093  1.51709
 1.57301 -12.7034  1.51752
 1.57344 -12.6975  1.51796
 1.57387 -12.6916  1.51839
 1.57431 -12.6857  1.51882
 1.57474 -12.6798  1.51882
 1.57518 -12.6739  1.51926
 1.57561  -12.668  1.51969
 1.57604 -12.6621  1.52012
 1.57648 -12.6563  1.52056
 1.57691 -12.6504  1.52099
 1.57734 -12.6445  1.52142
 1.57778 -12.6387  1.52186
 1.57821 -12.6328  1.52229
 1.57864 -12.6269  1.52272
 1.57908 -12.6211  1.52316
 1.57951 -12.6152  1.52316
 1.57994 -12.6094  1.52359
 1.58038 -12.6035  1.52402
 1.58081 -12.5977  1.52446
 1.58124 -12.5919  1.52489
 1.58168  -12.586  1.52533
 1.58211 -12.5802  1.52576
 1.58254 -12.5744  1.52619
 1.58298 -12.5686  1.52663
 1.58341 -12.5628  1.52706
 1.58384 -12.5569  1.52749
 1.58428 -12.5511  1.52749
 1.58471 -12.5453  1.52793
 1.58515 -12.5395  1.52836
 1.58558 -12.5337  1.52879
 1.58601 -12.5279  1.52923
 1.58645 -12.5222  1.52966
 1.58688 -12.5164  1.53009
 1.58731 -12.5106  1.53053
 1.58775 -12.5048  1.53096
 1.58818  -12.499  1.53139
 1.58861 -12.4933  1.53183
 1.58905 -12.4875  1.53183
 1.58948 -12.4817  1.53226
 1.58991  -12.476  1.53269
 1.59035 -12.4702  1.53313
 1.59078 -12.4645  1.53356
 1.59121 -12.4587  1.53399
 1.59165  -12.453  1.53443
 1.59208 -12.4472  1.53486
 1.59251 -12.4415   1.5353
 1.59295 -12.4358  1.53573
 1.59338   -12.43  1.53616
 1.59381 -12.4243  1.53616
 1.59425 -12.4186   1.5366
 1.59468 -12.4129  1.53703
 1.59512 -12.4071  1.53746
 1.59555 -12.4014   1.5379
 1.59598 -12.3957  1.53833
 1.59642   -12.39  1.53876
 1.59685 -12.3843   1.5392
 1.59728 -12.3786  1.53963
 1.59772 -12.3729  1.54006
 1.59815 -12.3672   1.5405
 1.59858 -12.3616   1.5405
 1.59902 -12.3559  1.54093
 1.59945 -12.3502  1.54136
 1.59988 -12.3445   1.5418
 1.60032 -12.3388  1.54223
 1.60075 -12.3332  1.54266
 1.60118 -12.3275   1.5431
 1.60162 -12.3219  1.54353
 1.60205 -12.3162  1.54396
 1.60248 -12.3105   1.5444
 1.60292 -12.3049  1.54483
 1.60335 -12.2992  1.54483
 1.60378 -12.2936  1.54527
 1.60422  -12.288   1.5457
 1.60465 -12.2823  1.54613
 1.60509 -12.2767  1.54657
 1.60552 -12.2711    1.547
 1.60595 -12.2654  1.54743
 1.60639 -12.2598  1.54787
 1.60682 -12.2542   1.5483
 1.60725 -12.2486  1.54873
 1.60769  -12.243  1.54917
 1.60812 -12.2374  1.54917
 1.60855 -12.2318   1.5496
 1.60899 -12.2262  1.55003
 1.60942 -12.2206  1.55047
 1.60985  -12.215   1.5509
 1.61029 -12.2094  1.55133
 1.61072 -12.2038  1.55177
 1.61115 -12.1982   1.5522
 1.61159 -12.1927  1.55263
 1.61202 -12.1871  1.55307
 1.61245 -12.1815   1.5535
 1.61289 -12.1759   1.5535
 1.61332 -12.1704  1.55393
 1.61375 -12.1648  1.55437
 1.61419 -12.1593   1.5548
 1.61462 -12.1537  1.55524
 1.61506 -12.1482  1.55567
 1.61549 -12.1426   1.5561
 1.61592 -12.1371  1.55654
 1.61636 -12.1315  1.55697
 1.61679  -12.126   1.5574
 1.61722 -12.1205  1.55784
 1.61766 -12.1149  1.55827
 1.61809 -12.1094  1.55827
 1.61852 -12.1039   1.5587
 1.61896 -12.0984  1.55914
 1.61939 -12.0929  1.55957
 1.61982 -12.0874     1.56
 1.62026 -12.0818  1.56044
 1.62069 -12.0763  1.56087
 1.62112 -12.0708   1.5613
 1.62156 -12.0654  1.56174
 1.62199 -12.0599  1.56217
 1.62242 -12.0544   1.5626
 1.62286 -12.0489   1.5626
 1.62329 -12.0434  1.56304
 1.62372 -12.0379  1.56347
 1.62416 -12.0324   1.5639
 1.62459  -12.027  1.56434
 1.62503 -12.0215  1.56477
 1.62546  -12.016  1.56521
 1.62589 -12.0106  1.56564
 1.62633 -12.0051  1.56607
 1.62676 -11.9997  1.56651
 1.62719 -11.9942  1.56694
 1.62763 -11.9888  1.56694
 1.62806 -11.9833  1.56737
 1.62849 -11.9779  1.56781
 1.62893 -11.9724  1.56824
 1.62936  -11.967  1.56867
 1.62979 -11.9616  1.56911
 1.63023 -11.9562  1.56954
 1.63066 -11.9507  1.56997
 1.63109 -11.9453  1.57041
 1.63153 -11.9399  1.57084
 1.63196 -11.9345  1.57127
 1.63239 -11.9291  1.57127
 1.63283 -11.9237  1.57171
 1.63326 -11.9183  1.57214
 1.63369 -11.9129  1.57257
 1.63413 -11.9075  1.57301
 1.63456 -11.9021  1.57344
 1.63499 -11.8967  1.57387
 1.63543 -11.8913  1.57431
 1.63586 -11.8859  1.57474
  1.6363 -11.8805  1.57518
 1.63673 -11.8752  1.57561
 1.63716 -11.8698  1.57561
  1.6376 -11.8644  1.57604
 1.63803  -11.859  1.57648
 1.63846 -11.8537  1.57691
  1.6389 -11.8483  1.57734
 1.63933  -11.843  1.57778
 1.63976 -11.8376  1.57821
  1.6402 -11.8323  1.57864
 1.64063 -11.8269  1.57908
 1.64106 -11.8216  1.57951
  1.6415 -11.8162  1.57994
 1.64193 -11.8109  1.57994
 1.64236 -11.8056  1.58038
  1.6428 -11.8002  1.58081
 1.64323 -11.7949  1.58124
 1.64366 -11.7896  1.58168
  1.6441 -11.7843  1.58211
 1.64453  -11.779  1.58254
 1.64496 -11.7737  1.58298
  1.6454 -11.7683  1.58341
 1.64583  -11.763  1.58384
 1.64627 -11.7577  1.58428
  1.6467 -11.7524  1.58428
 1.64713 -11.7471  1.58471
 1.64757 -11.7419  1.58515
   1.648 -11.7366  1.58558
 1.64843 -11.7313  1.58601
 1.64887  -11.726  1.58645
  1.6493 -11.7207  1.58688
 1.64973 -11.7154  1.58731
 1.65017 -11.7102  1.58775
  1.6506 -11.7049  1.58818
 1.65103 -11.6996  1.58861
 1.65147 -11.6944  1.58861
  1.6519 -11.6891  1.58905
 1.65233 -11.6839  1.58948
 1.65277 -11.6786  1.58991
  1.6532 -11.6734  1.59035
 1.65363 -11.6681  1.59078
 1.65407 -11.6629  1.59121
  1.6545 -11.6576  1.59165
 1.65493 -11.6524  1.59208
 1.65537 -11.6472  1.59251
  1.6558 -11.6419  1.59295
 1.65624 -11.6367  1.59295
 1.65667 -11.6315  1.59338
  1.6571 -11.6263  1.59381
 1.65754 -11.6211  1.59425
 1.65797 -11.6158  1.59468
  1.6584 -11.6106  1.59512
 1.65884 -11.6054  1.59555
 1.65927 -11.6002  1.59598
  1.6597  -11.595  1.59642
 1.66014 -11.5898  1.59685
 1.66057 -11.5846  1.59728
   1.661 -11.5794  1.59728
 1.66144 -11.5743  1.59772
 1.66187 -11.5691  1.59815
  1.6623 -11.5639  1.59858
 1.66274 -11.5587  1.59902
 1.66317 -11.5535  1.59945
  1.6636 -11.5484  1.59988
 1.66404 -11.5432  1.60032
 1.66447  -11.538  1.60075
  1.6649 -11.5329  1.60118
 1.66534 -11.5277  1.60162
 1.66577 -11.5226  1.60162
 1.66621 -11.5174  1.60205
 1.66664 -11.5123  1.60248
 1.66707 -11.5071  1.60292
 1.66751  -11.502  1.60335
 1.66794 -11.4968  1.60378
 1.66837 -11.4917  1.60422
 1.66881 -11.4866  1.60465
 1.66924 -11.4814  1.60509
 1.66967 -11.4763  1.60552
 1.67011 -11.4712  1.60595
 1.67054 -11.4661  1.60595
 1.67097  -11.461  1.60639
 1.67141 -11.4559  1.60682
 1.67184 -11.4507  1.60725
 1.67227 -11.4456  1.60769
 1.67271 -11.4405  1.60812
 1.67314 -11.4354  1.60855
 1.67357 -11.4303  1.60899
 1.67401 -11.4252  1.60942
 1.67444 -11.4202  1.60985
 1.67487 -11.4151  1.61029
 1.67531   -11.41  1.61072
 1.67574 -11.4049  1.61072
 1.67618 -11.3998  1.61115
 1.67661 -11.3947  1.61159
 1.67704 -11.3897  1.61202
 1.67748 -11.3846  1.61245
 1.67791 -11.3795  1.61289
 1.67834 -11.3745  1.61332
 1.67878 -11.3694  1.61375
 1.67921 -11.3644  1.61419
 1.67964 -11.3593  1.61462
 1.68008 -11.3543  1.61506
 1.68051 -11.3492  1.61506
 1.68094 -11.3442  1.61549
 1.68138 -11.3391  1.61592
 1.68181 -11.3341  1.61636
 1.68224 -11.3291  1.61679
 1.68268  -11.324  1.61722
 1.68311  -11.319  1.61766
 1.68354  -11.314  1.61809
 1.68398  -11.309  1.61852
 1.68441 -11.3039  1.61896
 1.68484 -11.2989  1.61939
 1.68528 -11.2939  1.61939
 1.68571 -11.2889  1.61982
 1.68615 -11.2839  1.62026
 1.68658 -11.2789  1.62069
 1.68701 -11.2739  1.62112
 1.68745 -11.2689  1.62156
 1.68788 -11.2639  1.62199
 1.68831 -11.2589  1.62242
 1.68875 -11.2539  1.62286
 1.68918 -11.2489  1.62329
 1.68961 -11.2439  1.62372
 1.69005  -11.239  1.62372
 1.69048  -11.234  1.62416
 1.69091  -11.229  1.62459
 1.69135 -11.2241  1.62503
 1.69178 -11.2191  1.62546
 1.69221 -11.2141  1.62589
 1.69265 -11.2092  1.62633
 1.69308 -11.2042  1.62676
 1.69351 -11.1993  1.62719
 1.69395 -11.1943  1.62763
 1.69438 -11.1894  1.62806
 1.69481 -11.1844  1.62806
 1.69525 -11.1795  1.62849
 1.69568 -11.1745  1.62893
 1.69612 -11.1696  1.62936
 1.69655 -11.1647  1.62979
 1.69698 -11.1597  1.63023
 1.69742 -11.1548  1.63066
 1.69785 -11.1499  1.63109
 1.69828  -11.145  1.63153
 1.69872   -11.14  1.63196
 1.69915 -11.1351  1.63239
 1.69958 -11.1302  1.63239
 1.70002 -11.1253  1.63283
 1.70045 -11.1204  1.63326
 1.70088 -11.1155  1.63369
 1.70132 -11.1106  1.63413
 1.70175 -11.1057  1.63456
 1.70218 -11.1008  1.63499
 1.70262 -11.0959  1.63543
 1.70305  -11.091  1.63586
 1.70348 -11.0861   1.6363
 1.70392 -11.0813  1.63673
 1.70435 -11.0764  1.63673
 1.70478 -11.0715  1.63716
 1.70522 -11.0666   1.6376
 1.70565 -11.0618  1.63803
 1.70609 -11.0569  1.63846
 1.70652  -11.052   1.6389
 1.70695 -11.0472  1.63933
 1.70739 -11.0423  1.63976
 1.70782 -11.0375   1.6402
 1.70825 -11.0326  1.64063
 1.70869 -11.0278  1.64106
 1.70912 -11.0229  1.64106
 1.70955 -11.0181   1.6415
 1.70999 -11.0132  1.64193
 1.71042 -11.0084  1.64236
 1.71085 -11.0036   1.6428
 1.71129 -10.9987  1.64323
 1.71172 -10.9939  1.64366
 1.71215 -10.9891   1.6441
 1.71259 -10.9843  1.64453
 1.71302 -10.9794  1.64496
 1.71345 -10.9746   1.6454
 1.71389 -10.9698   1.6454
 1.71432  -10.965  1.64583
 1.71475 -10.9602  1.64627
 1.71519 -10.9554   1.6467
 1.71562 -10.9506  1.64713
 1.71606 -10.9458  1.64757
 1.71649  -10.941    1.648
 1.71692 -10.9362  1.64843
 1.71736 -10.9314  1.64887
 1.71779 -10.9266   1.6493
 1.71822 -10.9218  1.64973
 1.71866 -10.9171  1.64973
 1.71909 -10.9123  1.65017
 1.71952 -10.9075   1.6506
 1.71996 -10.9027  1.65103
 1.72039  -10.898  1.65147
 1.72082 -10.8932   1.6519
 1.72126 -10.8884  1.65233
 1.72169 -10.8837  1.65277
 1.72212 -10.8789   1.6532
 1.72256 -10.8741  1.65363
 1.72299 -10.8694  1.65407
 1.72342 -10.8646  1.65407
 1.72386 -10.8599   1.6545
 1.72429 -10.8552  1.65493
 1.72472 -10.8504  1.65537
 1.72516 -10.8457   1.6558
 1.72559 -10.8409  1.65624
 1.72603 -10.8362  1.65667
 1.72646 -10.8315   1.6571
 1.72689 -10.8268  1.65754
 1.72733  -10.822  1.65797
 1.72776 -10.8173   1.6584
 1.72819 -10.8126   1.6584
 1.72863 -10.8079  1.65884
 1.72906 -10.8032  1.65927
 1.72949 -10.7985   1.6597
 1.72993 -10.7937  1.66014
 1.73036  -10.789  1.66057
 1.73079 -10.7843    1.661
 1.73123 -10.7796  1.66144
 1.73166  -10.775  1.66187
 1.73209 -10.7703   1.6623
 1.73253 -10.7656  1.66274
 1.73296 -10.7609  1.66274
 1.73339 -10.7562  1.66317
 1.73383 -10.7515   1.6636
 1.73426 -10.7468  1.66404
 1.73469 -10.7422  1.66447
 1.73513 -10.7375   1.6649
 1.73556 -10.7328  1.66534
   1.736 -10.7282  1.66577
 1.73643 -10.7235  1.66621
 1.73686 -10.7188  1.66664
  1.7373 -10.7142  1.66707
 1.73773 -10.7095  1.66707
 1.73816 -10.7049  1.66751
  1.7386 -10.7002  1.66794
 1.73903 -10.6956  1.66837
 1.73946 -10.6909  1.66881
  1.7399 -10.6863  1.66924
 1.74033 -10.6816  1.66967
 1.74076  -10.677  1.67011
  1.7412 -10.6724  1.67054
 1.74163 -10.6677  1.67097
 1.74206 -10.6631  1.67141
  1.7425 -10.6585  1.67141
 1.74293 -10.6539  1.67184
 1.74336 -10.6493  1.67227
  1.7438 -10.6446  1.67271
 1.74423   -10.64  1.67314
 1.74466 -10.6354  1.67357
  1.7451 -10.6308  1.67401
 1.74553 -10.6262  1.67444
 1.74597 -10.6216  1.67487
  1.7464  -10.617  1.67531
 1.74683 -10.6124  1.67531
 1.74727 -10.6078  1.67574
  1.7477 -10.6032  1.67618
 1.74813 -10.5986  1.67661
 1.74857  -10.594  1.67704
   1.749 -10.5895  1.67748
 1.74943 -10.5849  1.67791
 1.74987 -10.5803  1.67834
  1.7503 -10.5757  1.67878
 1.75073 -10.5712  1.67921
 1.75117 -10.5666  1.67964
  1.7516  -10.562  1.67964
 1.75203 -10.5575  1.68008
 1.75247 -10.5529  1.68051
  1.7529 -10.5483  1.68094
 1.75333 -10.5438  1.68138
 1.75377 -10.5392  1.68181
  1.7542 -10.5347  1.68224
 1.75463 -10.5301  1.68268
 1.75507 -10.5256  1.68311
  1.7555  -10.521  1.68354
 1.75594 -10.5165  1.68398
 1.75637  -10.512  1.68398
  1.7568 -10.5074  1.68441
 1.75724 -10.5029  1.68484
 1.75767 -10.4984  1.68528
  1.7581 -10.4938  1.68571
 1.75854 -10.4893  1.68615
 1.75897 -10.4848  1.68658
  1.7594 -10.4803  1.68701
 1.75984 -10.4758  1.68745
 1.76027 -10.4713  1.68788
  1.7607 -10.4668  1.68831
 1.76114 -10.4622  1.68831
 1.76157 -10.4577  1.68875
   1.762 -10.4532  1.68918
 1.76244 -10.4487  1.68961
 1.76287 -10.4442  1.69005
  1.7633 -10.4397  1.69048
 1.76374 -10.4353  1.69091
 1.76417 -10.4308  1.69135
  1.7646 -10.4263  1.69178
 1.76504 -10.4218  1.69221
 1.76547 -10.4173  1.69265
 1.76591 -10.4128  1.69265
 1.76634 -10.4084  1.69308
 1.76677 -10.4039  1.69351
 1.76721 -10.3994  1.69395
 1.76764  -10.395  1.69438
 1.76807 -10.3905  1.69481
 1.76851  -10.386  1.69525
 1.76894 -10.3816  1.69568
 1.76937 -10.3771  1.69612
 1.76981 -10.3727  1.69655
 1.77024 -10.3682  1.69698
 1.77067 -10.3638  1.69698
 1.77111 -10.3593  1.69742
 1.77154 -10.3549  1.69785
 1.77197 -10.3504  1.69828
 1.77241  -10.346  1.69872
 1.77284 -10.3416  1.69915
 1.77327 -10.3371  1.69958
 1.77371 -10.3327  1.70002
 1.77414 -10.3283  1.70045
 1.77457 -10.3239  1.70088
 1.77501 -10.3194  1.70132
 1.77544  -10.315  1.70132
 1.77588 -10.3106  1.70175
 1.77631 -10.3062  1.70218
 1.77674 -10.3018  1.70262
 1.77718 -10.2974  1.70305
 1.77761  -10.293  1.70348
 1.77804 -10.2886  1.70392
 1.77848 -10.2842  1.70435
 1.77891 -10.2798  1.70478
 1.77934 -10.2754  1.70522
 1.77978  -10.271  1.70565
 1.78021 -10.2666  1.70565
 1.78064 -10.2622  1.70609
 1.78108 -10.2578  1.70652
 1.78151 -10.2534  1.70695
 1.78194  -10.249  1.70739
 1.78238 -10.2447  1.70782
 1.78281 -10.2403  1.70825
 1.78324 -10.2359  1.70869
 1.78368 -10.2315  1.70912
 1.78411 -10.2272  1.70955
 1.78454 -10.2228  1.70999
 1.78498 -10.2185  1.70999
 1.78541 -10.2141  1.71042
 1.78585 -10.2097  1.71085
 1.78628 -10.2054  1.71129
 1.78671  -10.201  1.71172
 1.78715 -10.1967  1.71215
 1.78758 -10.1923  1.71259
 1.78801  -10.188  1.71302
 1.78845 -10.1837  1.71345
 1.78888 -10.1793  1.71389
 1.78931  -10.175  1.71432
 1.78975 -10.1706  1.71432
 1.79018 -10.1663  1.71475
 1.79061  -10.162  1.71519
 1.79105 -10.1577  1.71562
 1.79148 -10.1533  1.71606
 1.79191  -10.149  1.71649
 1.79235 -10.1447  1.71692
 1.79278 -10.1404  1.71736
 1.79321 -10.1361  1.71779
 1.79365 -10.1318  1.71822
 1.79408 -10.1275  1.71866
 1.79451 -10.1231  1.71866
 1.79495 -10.1188  1.71909
 1.79538 -10.1145  1.71952
 1.79582 -10.1102  1.71996
 1.79625 -10.1059  1.72039
 1.79668 -10.1017  1.72082
 1.79712 -10.0974  1.72126
 1.79755 -10.0931  1.72169
 1.79798 -10.0888  1.72212
 1.79842 -10.0845  1.72256
 1.79885 -10.0802  1.72299
 1.79928  -10.076  1.72299
 1.79972 -10.0717  1.72342
 1.80015 -10.0674  1.72386
 1.80058 -10.0631  1.72429
 1.80102 -10.0589  1.72472
 1.80145 -10.0546  1.72516
 1.80188 -10.0503  1.72559
 1.80232 -10.0461  1.72603
 1.80275 -10.0418  1.72646
 1.80318 -10.0376  1.72689
 1.80362 -10.0333  1.72733
 1.80405 -10.0291  1.72733
 1.80448 -10.0248  1.72776
 1.80492 -10.0206  1.72819
 1.80535 -10.0163  1.72863
 1.80579 -10.0121  1.72906
 1.80622 -10.0078  1.72949
 1.80665 -10.0036  1.72993
 1.80709 -9.99938  1.73036
 1.80752 -9.99515  1.73079
 1.80795 -9.99092  1.73123
 1.80839  -9.9867  1.73166
 1.80882 -9.98248  1.73166
 1.80925 -9.97826  1.73209
 1.80969 -9.97404  1.73253
 1.81012 -9.96982  1.73296
 1.81055 -9.96561  1.73339
 1.81099  -9.9614  1.73383
 1.81142 -9.95719  1.73426
 1.81185 -9.95299  1.73469
 1.81229 -9.94878  1.73513
 1.81272 -9.94458  1.73556
 1.81315 -9.94038  1.73556
 1.81359 -9.93619    1.736
 1.81402 -9.93199  1.73643
 1.81445  -9.9278  1.73686
 1.81489 -9.92361   1.7373
 1.81532 -9.91943  1.73773
 1.81576 -9.91525  1.73816
 1.81619 -9.91106   1.7386
 1.81662 -9.90689  1.73903
 1.81706 -9.90271  1.73946
 1.81749 -9.89854   1.7399
 1.81792 -9.89437  1.74033
 1.81836  -9.8902  1.74033
 1.81879 -9.88603  1.74076
 1.81922 -9.88186   1.7412
 1.81966  -9.8777  1.74163
 1.82009 -9.87354  1.74206
 1.82052 -9.86939   1.7425
 1.82096 -9.86523  1.74293
 1.82139 -9.86108  1.74336
 1.82182 -9.85693   1.7438
 1.82226 -9.85279  1.74423
 1.82269 -9.84864  1.74423
 1.82312  -9.8445  1.74466
 1.82356 -9.84036   1.7451
 1.82399 -9.83622  1.74553
 1.82442 -9.83209  1.74597
 1.82486 -9.82795   1.7464
 1.82529 -9.82382  1.74683
 1.82573  -9.8197  1.74727
 1.82616 -9.81557   1.7477
 1.82659 -9.81145  1.74813
 1.82703 -9.80733  1.74857
 1.82746 -9.80321  1.74857
 1.82789 -9.79909    1.749
 1.82833 -9.79498  1.74943
 1.82876 -9.79087  1.74987
 1.82919 -9.78676   1.7503
 1.82963 -9.78265  1.75073
 1.83006 -9.77855  1.75117
 1.83049 -9.77445   1.7516
 1.83093 -9.77035  1.75203
 1.83136 -9.76625  1.75247
 1.83179 -9.76216   1.7529
 1.83223 -9.75807   1.7529
 1.83266 -9.75398  1.75333
 1.83309 -9.74989  1.75377
 1.83353  -9.7458   1.7542
 1.83396 -9.74172  1.75463
 1.83439 -9.73764  1.75507
 1.83483 -9.73356   1.7555
 1.83526 -9.72949  1.75594
  1.8357 -9.72542  1.75637
 1.83613 -9.72135   1.7568
 1.83656 -9.71728  1.75724
   1.837 -9.71321  1.75724
 1.83743 -9.70915  1.75767
 1.83786 -9.70509   1.7581
  1.8383 -9.70103  1.75854
 1.83873 -9.69697  1.75897
 1.83916 -9.69292   1.7594
  1.8396 -9.68886  1.75984
 1.84003 -9.68482  1.76027
 1.84046 -9.68077   1.7607
  1.8409 -9.67672  1.76114
 1.84133 -9.67268  1.76157
 1.84176 -9.66864  1.76157
  1.8422  -9.6646    1.762
 1.84263 -9.66057  1.76244
 1.84306 -9.65653  1.76287
  1.8435  -9.6525   1.7633
 1.84393 -9.64847  1.76374
 1.84436 -9.64445  1.76417
  1.8448 -9.64042   1.7646
 1.84523  -9.6364  1.76504
 1.84567 -9.63238  1.76547
  1.8461 -9.62837  1.76547
 1.84653 -9.62435  1.76591
 1.84697 -9.62034  1.76634
  1.8474 -9.61633  1.76677
 1.84783 -9.61232  1.76721
 1.84827 -9.60832  1.76764
  1.8487 -9.60431  1.76807
 1.84913 -9.60031  1.76851
 1.84957 -9.59631  1.76894
    1.85 -9.59232  1.76937