 kgrid  ValNew  Policy 
    0.55 -55.9226 0.565616
0.551301 -55.7454 0.565616
0.552603  -55.569 0.566917
0.553904 -55.3939 0.568218
0.555205 -55.2204  0.56952
0.556507 -55.0483 0.570821
0.557808 -54.8769 0.570821
0.559109 -54.7067 0.572122
 0.56041 -54.5377 0.573423
0.561712   -54.37 0.574725
0.563013 -54.2037 0.574725
0.564314 -54.0379 0.576026
0.565616 -53.8734 0.577327
0.566917 -53.7101 0.578629
0.568218 -53.5481  0.57993
 0.56952 -53.3869 0.581231
0.570821 -53.2264 0.581231
0.572122 -53.0666 0.582533
0.573423 -52.9079 0.583834
0.574725   -52.75 0.585135
0.576026 -52.5929 0.586436
0.577327 -52.4368 0.587738
0.578629 -52.2816 0.589039
 0.57993 -52.1272 0.589039
0.581231 -51.9733  0.59034
0.582533 -51.8202 0.591642
0.583834  -51.668 0.592943
0.585135 -51.5166 0.594244
0.586436  -51.366 0.595546
0.587738 -51.2163 0.596847
0.589039 -51.0673 0.598148
 0.59034 -50.9191 0.598148
0.591642 -50.7715 0.599449
0.592943 -50.6246 0.600751
0.594244 -50.4784 0.602052
0.595546  -50.333 0.603353
0.596847 -50.1883 0.604655
0.598148 -50.0444 0.605956
0.599449 -49.9012 0.607257
0.600751 -49.7587 0.608559
0.602052 -49.6168 0.608559
0.603353 -49.4754  0.60986
0.604655 -49.3347 0.611161
0.605956 -49.1948 0.612462
0.607257 -49.0554 0.613764
0.608559 -48.9168 0.615065
 0.60986 -48.7789 0.616366
0.611161 -48.6417 0.617668
0.612462 -48.5051 0.618969
0.613764 -48.3691 0.618969
0.615065 -48.2335  0.62027
0.616366 -48.0986 0.621572
0.617668 -47.9643 0.622873
0.618969 -47.8307 0.624174
 0.62027 -47.6976 0.625475
0.621572 -47.5651 0.626777
0.622873 -47.4333 0.628078
0.624174 -47.3021 0.629379
0.625475 -47.1714 0.630681
0.626777 -47.0414 0.630681
0.628078 -46.9118 0.631982
0.629379 -46.7827 0.633283
0.630681 -46.6541 0.634585
0.631982 -46.5262 0.635886
0.633283 -46.3988 0.637187
0.634585  -46.272 0.638488
0.635886 -46.1458  0.63979
0.637187 -46.0201 0.641091
0.638488  -45.895 0.642392
 0.63979 -45.7705 0.643694
0.641091 -45.6464 0.643694
0.642392 -45.5227 0.644995
0.643694 -45.3995 0.646296
0.644995  -45.277 0.647598
0.646296 -45.1549 0.648899
0.647598 -45.0333   0.6502
0.648899 -44.9123 0.651502
  0.6502 -44.7918 0.652803
0.651502 -44.6718 0.654104
0.652803 -44.5523 0.655405
0.654104 -44.4334 0.656707
0.655405 -44.3148 0.656707
0.656707 -44.1967 0.658008
0.658008 -44.0791 0.659309
0.659309  -43.962 0.660611
0.660611 -43.8454 0.661912
0.661912 -43.7292 0.663213
0.663213 -43.6135 0.664515
0.664515 -43.4984 0.665816
0.665816 -43.3836 0.667117
0.667117 -43.2694 0.668418
0.668418 -43.1556  0.66972
 0.66972 -43.0423  0.66972
0.671021 -42.9293 0.671021
0.672322 -42.8169 0.672322
0.673624 -42.7049 0.673624
0.674925 -42.5933 0.674925
0.676226 -42.4822 0.676226
0.677528 -42.3715 0.677528
0.678829 -42.2613 0.678829
 0.68013 -42.1515  0.68013
0.681431 -42.0422 0.681431
0.682733 -41.9333 0.682733
0.684034 -41.8249 0.682733
0.685335 -41.7167 0.684034
0.686637 -41.6091 0.685335
0.687938 -41.5018 0.686637
0.689239 -41.3949 0.687938
0.690541 -41.2885 0.689239
0.691842 -41.1825 0.690541
0.693143 -41.0769 0.691842
0.694444 -40.9718 0.693143
0.695746 -40.8671 0.694444
0.697047 -40.7628 0.695746
0.698348 -40.6589 0.695746
 0.69965 -40.5553 0.697047
0.700951 -40.4521 0.698348
0.702252 -40.3493  0.69965
0.703554 -40.2468 0.700951
0.704855 -40.1448 0.702252
0.706156 -40.0432 0.703554
0.707457  -39.942 0.704855
0.708759 -39.8413 0.706156
 0.71006 -39.7409 0.707457
0.711361 -39.6408 0.708759
0.712663 -39.5412  0.71006
0.713964 -39.4419  0.71006
0.715265 -39.3429 0.711361
0.716567 -39.2443 0.712663
0.717868  -39.146 0.713964
0.719169 -39.0482 0.715265
 0.72047 -38.9508 0.716567
0.721772 -38.8537 0.717868
0.723073  -38.757 0.719169
0.724374 -38.6606  0.72047
0.725676 -38.5646 0.721772
0.726977  -38.469 0.723073
0.728278 -38.3737 0.723073
 0.72958 -38.2787 0.724374
0.730881 -38.1841 0.725676
0.732182 -38.0898 0.726977
0.733483 -37.9959 0.728278
0.734785 -37.9023  0.72958
0.736086 -37.8091 0.730881
0.737387 -37.7162 0.732182
0.738689 -37.6237 0.733483
 0.73999 -37.5315 0.734785
0.741291 -37.4397 0.736086
0.742593 -37.3483 0.736086
0.743894  -37.257 0.737387
0.745195 -37.1661 0.738689
0.746496 -37.0755  0.73999
0.747798 -36.9853 0.741291
0.749099 -36.8954 0.742593
  0.7504 -36.8058 0.743894
0.751702 -36.7166 0.745195
0.753003 -36.6277 0.746496
0.754304 -36.5392 0.747798
0.755606 -36.4509 0.749099
0.756907  -36.363   0.7504
0.758208 -36.2753   0.7504
 0.75951  -36.188 0.751702
0.760811 -36.1009 0.753003
0.762112 -36.0142 0.754304
0.763413 -35.9277 0.755606
0.764715 -35.8416 0.756907
0.766016 -35.7559 0.758208
0.767317 -35.6704  0.75951
0.768619 -35.5852 0.760811
 0.76992 -35.5004 0.762112
0.771221 -35.4159 0.763413
0.772523 -35.3316 0.763413
0.773824 -35.2475 0.764715
0.775125 -35.1638 0.766016
0.776426 -35.0804 0.767317
0.777728 -34.9973 0.768619
0.779029 -34.9144  0.76992
 0.78033 -34.8319 0.771221
0.781632 -34.7497 0.772523
0.782933 -34.6677 0.773824
0.784234 -34.5861 0.775125
0.785536 -34.5048 0.776426
0.786837 -34.4237 0.776426
0.788138 -34.3428 0.777728
0.789439 -34.2622 0.779029
0.790741 -34.1819  0.78033
0.792042 -34.1019 0.781632
0.793343 -34.0222 0.782933
0.794645 -33.9428 0.784234
0.795946 -33.8636 0.785536
0.797247 -33.7848 0.786837
0.798549 -33.7062 0.788138
 0.79985 -33.6279 0.789439
0.801151 -33.5498 0.789439
0.802452 -33.4719 0.790741
0.803754 -33.3943 0.792042
0.805055  -33.317 0.793343
0.806356   -33.24 0.794645
0.807658 -33.1632 0.795946
0.808959 -33.0867 0.797247
 0.81026 -33.0105 0.798549
0.811562 -32.9345  0.79985
0.812863 -32.8588 0.801151
0.814164 -32.7834 0.802452
0.815465 -32.7082 0.802452
0.816767 -32.6332 0.803754
0.818068 -32.5584 0.805055
0.819369 -32.4839 0.806356
0.820671 -32.4097 0.807658
0.821972 -32.3357 0.808959
0.823273  -32.262  0.81026
0.824575 -32.1885 0.811562
0.825876 -32.1153 0.812863
0.827177 -32.0424 0.814164
0.828478 -31.9697 0.815465
 0.82978 -31.8972 0.815465
0.831081 -31.8249 0.816767
0.832382 -31.7528 0.818068
0.833684  -31.681 0.819369
0.834985 -31.6095 0.820671
0.836286 -31.5382 0.821972
0.837588 -31.4671 0.823273
0.838889 -31.3963 0.824575
 0.84019 -31.3257 0.825876
0.841491 -31.2554 0.827177
0.842793 -31.1852 0.828478
0.844094 -31.1154 0.828478
0.845395 -31.0456  0.82978
0.846697 -30.9762 0.831081
0.847998 -30.9069 0.832382
0.849299 -30.8379 0.833684
0.850601 -30.7691 0.834985
0.851902 -30.7005 0.836286
0.853203 -30.6322 0.837588
0.854505 -30.5641 0.838889
0.855806 -30.4963  0.84019
0.857107 -30.4287 0.841491
0.858408 -30.3613 0.841491
 0.85971  -30.294 0.842793
0.861011 -30.2269 0.844094
0.862312 -30.1601 0.845395
0.863614 -30.0935 0.846697
0.864915 -30.0271 0.847998
0.866216 -29.9609 0.849299
0.867518  -29.895 0.850601
0.868819 -29.8293 0.851902
 0.87012 -29.7638 0.853203
0.871421 -29.6986 0.854505
0.872723 -29.6335 0.854505
0.874024 -29.5686 0.855806
0.875325 -29.5038 0.857107
0.876627 -29.4393 0.858408
0.877928  -29.375  0.85971
0.879229 -29.3109 0.861011
0.880531  -29.247 0.862312
0.881832 -29.1834 0.863614
0.883133   -29.12 0.864915
0.884434 -29.0568 0.866216
0.885736 -28.9937 0.867518
0.887037 -28.9309 0.867518
0.888338 -28.8681 0.868819
 0.88964 -28.8056  0.87012
0.890941 -28.7433 0.871421
0.892242 -28.6812 0.872723
0.893544 -28.6194 0.874024
0.894845 -28.5577 0.875325
0.896146 -28.4962 0.876627
0.897447 -28.4349 0.877928
0.898749 -28.3738 0.879229
 0.90005 -28.3129 0.880531
0.901351 -28.2522 0.880531
0.902653 -28.1916 0.881832
0.903954 -28.1312 0.883133
0.905255  -28.071 0.884434
0.906557  -28.011 0.885736
0.907858 -27.9513 0.887037
0.909159 -27.8916 0.888338
 0.91046 -27.8322  0.88964
0.911762  -27.773 0.890941
0.913063  -27.714 0.892242
0.914364 -27.6551 0.893544
0.915666 -27.5964 0.893544
0.916967 -27.5378 0.894845
0.918268 -27.4795 0.896146
 0.91957 -27.4213 0.897447
0.920871 -27.3633 0.898749
0.922172 -27.3055  0.90005
0.923473 -27.2479 0.901351
0.924775 -27.1905 0.902653
0.926076 -27.1332 0.903954
0.927377 -27.0761 0.905255
0.928679 -27.0192 0.905255
 0.92998 -26.9624 0.906557
0.931281 -26.9058 0.907858
0.932583 -26.8494 0.909159
0.933884 -26.7931  0.91046
0.935185 -26.7371 0.911762
0.936486 -26.6812 0.913063
0.937788 -26.6254 0.914364
0.939089 -26.5699 0.915666
 0.94039 -26.5145 0.916967
0.941692 -26.4593 0.918268
0.942993 -26.4043 0.918268
0.944294 -26.3493  0.91957
0.945596 -26.2946 0.920871
0.946897   -26.24 0.922172
0.948198 -26.1856 0.923473
0.949499 -26.1313 0.924775
0.950801 -26.0773 0.926076
0.952102 -26.0233 0.927377
0.953403 -25.9696 0.928679
0.954705  -25.916  0.92998
0.956006 -25.8626 0.931281
0.957307 -25.8093 0.931281
0.958609 -25.7562 0.932583
 0.95991 -25.7032 0.933884
0.961211 -25.6504 0.935185
0.962513 -25.5977 0.936486
0.963814 -25.5452 0.937788
0.965115 -25.4929 0.939089
0.966416 -25.4407  0.94039
0.967718 -25.3887 0.941692
0.969019 -25.3368 0.942993
 0.97032 -25.2851 0.944294
0.971622 -25.2335 0.944294
0.972923 -25.1821 0.945596
0.974224 -25.1308 0.946897
0.975526 -25.0797 0.948198
0.976827 -25.0287 0.949499
0.978128 -24.9779 0.950801
0.979429 -24.9272 0.952102
0.980731 -24.8767 0.953403
0.982032 -24.8263 0.954705
0.983333 -24.7761 0.956006
0.984635 -24.7261 0.956006
0.985936 -24.6761 0.957307
0.987237 -24.6263 0.958609
0.988539 -24.5766  0.95991
 0.98984 -24.5271 0.961211
0.991141 -24.4777 0.962513
0.992442 -24.4285 0.963814
0.993744 -24.3794 0.965115
0.995045 -24.3305 0.966416
0.996346 -24.2817 0.967718
0.997648 -24.2331 0.969019
0.998949 -24.1846 0.969019
 1.00025 -24.1362  0.97032
 1.00155 -24.0879 0.971622
 1.00285 -24.0398 0.972923
 1.00415 -23.9918 0.974224
 1.00546  -23.944 0.975526
 1.00676 -23.8963 0.976827
 1.00806 -23.8488 0.978128
 1.00936 -23.8014 0.979429
 1.01066 -23.7541 0.980731
 1.01196  -23.707 0.980731
 1.01326   -23.66 0.982032
 1.01456 -23.6131 0.983333
 1.01587 -23.5663 0.984635
 1.01717 -23.5197 0.985936
 1.01847 -23.4732 0.987237
 1.01977 -23.4268 0.988539
 1.02107 -23.3806  0.98984
 1.02237 -23.3346 0.991141
 1.02367 -23.2886 0.992442
 1.02497 -23.2428 0.993744
 1.02628 -23.1971 0.993744
 1.02758 -23.1515 0.995045
 1.02888 -23.1061 0.996346
 1.03018 -23.0607 0.997648
 1.03148 -23.0155 0.998949
 1.03278 -22.9705  1.00025
 1.03408 -22.9255  1.00155
 1.03539 -22.8807  1.00285
 1.03669 -22.8361  1.00415
 1.03799 -22.7915  1.00546
 1.03929 -22.7471  1.00546
 1.04059 -22.7028  1.00676
 1.04189 -22.6586  1.00806
 1.04319 -22.6145  1.00936
 1.04449 -22.5706  1.01066
  1.0458 -22.5267  1.01196
  1.0471  -22.483  1.01326
  1.0484 -22.4395  1.01456
  1.0497  -22.396  1.01587
   1.051 -22.3527  1.01717
  1.0523 -22.3095  1.01847
  1.0536 -22.2664  1.01847
  1.0549 -22.2234  1.01977
 1.05621 -22.1805  1.02107
 1.05751 -22.1378  1.02237
 1.05881 -22.0952  1.02367
 1.06011 -22.0527  1.02497
 1.06141 -22.0103  1.02628
 1.06271  -21.968  1.02758
 1.06401 -21.9259  1.02888
 1.06532 -21.8839  1.03018
 1.06662 -21.8419  1.03018
 1.06792 -21.8001  1.03148
 1.06922 -21.7584  1.03278
 1.07052 -21.7168  1.03408
 1.07182 -21.6753  1.03539
 1.07312 -21.6339  1.03669
 1.07442 -21.5927  1.03799
 1.07573 -21.5516  1.03929
 1.07703 -21.5106  1.04059
 1.07833 -21.4697  1.04189
 1.07963 -21.4289  1.04189
 1.08093 -21.3882  1.04319
 1.08223 -21.3476  1.04449
 1.08353 -21.3071   1.0458
 1.08483 -21.2667   1.0471
 1.08614 -21.2265   1.0484
 1.08744 -21.1863   1.0497
 1.08874 -21.1463    1.051
 1.09004 -21.1064   1.0523
 1.09134 -21.0666   1.0536
 1.09264 -21.0269   1.0549
 1.09394 -20.9873   1.0549
 1.09525 -20.9478  1.05621
 1.09655 -20.9084  1.05751
 1.09785 -20.8691  1.05881
 1.09915 -20.8299  1.06011
 1.10045 -20.7908  1.06141
 1.10175 -20.7518  1.06271
 1.10305  -20.713  1.06401
 1.10435 -20.6742  1.06532
 1.10566 -20.6356  1.06662
 1.10696  -20.597  1.06662
 1.10826 -20.5585  1.06792
 1.10956 -20.5201  1.06922
 1.11086 -20.4819  1.07052
 1.11216 -20.4437  1.07182
 1.11346 -20.4057  1.07312
 1.11476 -20.3677  1.07442
 1.11607 -20.3299  1.07573
 1.11737 -20.2922  1.07703
 1.11867 -20.2545  1.07833
 1.11997  -20.217  1.07963
 1.12127 -20.1795  1.07963
 1.12257 -20.1421  1.08093
 1.12387 -20.1048  1.08223
 1.12518 -20.0677  1.08353
 1.12648 -20.0306  1.08483
 1.12778 -19.9937  1.08614
 1.12908 -19.9568  1.08744
 1.13038 -19.9201  1.08874
 1.13168 -19.8834  1.09004
 1.13298 -19.8468  1.09134
 1.13428 -19.8103  1.09134
 1.13559 -19.7739  1.09264
 1.13689 -19.7376  1.09394
 1.13819 -19.7014  1.09525
 1.13949 -19.6653  1.09655
 1.14079 -19.6293  1.09785
 1.14209 -19.5934  1.09915
 1.14339 -19.5576  1.10045
 1.14469 -19.5219  1.10175
   1.146 -19.4862  1.10305
  1.1473 -19.4507  1.10305
  1.1486 -19.4152  1.10435
  1.1499 -19.3798  1.10566
  1.1512 -19.3445  1.10696
  1.1525 -19.3094  1.10826
  1.1538 -19.2743  1.10956
 1.15511 -19.2393  1.11086
 1.15641 -19.2044  1.11216
 1.15771 -19.1696  1.11346
 1.15901 -19.1349  1.11476
 1.16031 -19.1002  1.11476
 1.16161 -19.0656  1.11607
 1.16291 -19.0312  1.11737
 1.16421 -18.9968  1.11867
 1.16552 -18.9625  1.11997
 1.16682 -18.9283  1.12127
 1.16812 -18.8942  1.12257
 1.16942 -18.8602  1.12387
 1.17072 -18.8262  1.12518
 1.17202 -18.7924  1.12648
 1.17332 -18.7586  1.12648
 1.17462 -18.7249  1.12778
 1.17593 -18.6913  1.12908
 1.17723 -18.6578  1.13038
 1.17853 -18.6244  1.13168
 1.17983  -18.591  1.13298
 1.18113 -18.5578  1.13428
 1.18243 -18.5246  1.13559
 1.18373 -18.4915  1.13689
 1.18504 -18.4585  1.13819
 1.18634 -18.4256  1.13819
 1.18764 -18.3928  1.13949
 1.18894   -18.36  1.14079
 1.19024 -18.3273  1.14209
 1.19154 -18.2947  1.14339
 1.19284 -18.2622  1.14469
 1.19414 -18.2298    1.146
 1.19545 -18.1974   1.1473
 1.19675 -18.1652   1.1486
 1.19805  -18.133   1.1499
 1.19935 -18.1009   1.1512
 1.20065 -18.0689   1.1512
 1.20195 -18.0369   1.1525
 1.20325  -18.005   1.1538
 1.20455 -17.9733  1.15511
 1.20586 -17.9415  1.15641
 1.20716 -17.9099  1.15771
 1.20846 -17.8784  1.15901
 1.20976 -17.8469  1.16031
 1.21106 -17.8155  1.16161
 1.21236 -17.7842  1.16291
 1.21366  -17.753  1.16291
 1.21496 -17.7218  1.16421
 1.21627 -17.6907  1.16552
 1.21757 -17.6597  1.16682
 1.21887 -17.6288  1.16812
 1.22017 -17.5979  1.16942
 1.22147 -17.5672  1.17072
 1.22277 -17.5365  1.17202
 1.22407 -17.5059  1.17332
 1.22538 -17.4753  1.17462
 1.22668 -17.4448  1.17462
 1.22798 -17.4144  1.17593
 1.22928 -17.3841  1.17723
 1.23058 -17.3538  1.17853
 1.23188 -17.3237  1.17983
 1.23318 -17.2935  1.18113
 1.23448 -17.2635  1.18243
 1.23579 -17.2336  1.18373
 1.23709 -17.2037  1.18504
 1.23839 -17.1739  1.18634
 1.23969 -17.1442  1.18634
 1.24099 -17.1145  1.18764
 1.24229 -17.0849  1.18894
 1.24359 -17.0554  1.19024
 1.24489 -17.0259  1.19154
  1.2462 -16.9965  1.19284
  1.2475 -16.9672  1.19414
  1.2488  -16.938  1.19545
  1.2501 -16.9089  1.19675
  1.2514 -16.8798  1.19805
  1.2527 -16.8508  1.19805
   1.254 -16.8218  1.19935
 1.25531 -16.7929  1.20065
 1.25661 -16.7641  1.20195
 1.25791 -16.7353  1.20325
 1.25921 -16.7067  1.20455
 1.26051 -16.6781  1.20586
 1.26181 -16.6495  1.20716
 1.26311 -16.6211  1.20846
 1.26441 -16.5927  1.20976
 1.26572 -16.5644  1.20976
 1.26702 -16.5361  1.21106
 1.26832 -16.5079  1.21236
 1.26962 -16.4798  1.21366
 1.27092 -16.4517  1.21496
 1.27222 -16.4237  1.21627
 1.27352 -16.3958  1.21757
 1.27482 -16.3679  1.21887
 1.27613 -16.3401  1.22017
 1.27743 -16.3124  1.22147
 1.27873 -16.2848  1.22147
 1.28003 -16.2572  1.22277
 1.28133 -16.2296  1.22407
 1.28263 -16.2022  1.22538
 1.28393 -16.1748  1.22668
 1.28524 -16.1474  1.22798
 1.28654 -16.1202  1.22928
 1.28784  -16.093  1.23058
 1.28914 -16.0658  1.23188
 1.29044 -16.0388  1.23318
 1.29174 -16.0118  1.23318
 1.29304 -15.9848  1.23448
 1.29434 -15.9579  1.23579
 1.29565 -15.9311  1.23709
 1.29695 -15.9043  1.23839
 1.29825 -15.8776  1.23969
 1.29955  -15.851  1.24099
 1.30085 -15.8244  1.24229
 1.30215 -15.7979  1.24359
 1.30345 -15.7715  1.24489
 1.30475 -15.7451  1.24489
 1.30606 -15.7188   1.2462
 1.30736 -15.6925   1.2475
 1.30866 -15.6663   1.2488
 1.30996 -15.6402   1.2501
 1.31126 -15.6141   1.2514
 1.31256 -15.5881   1.2527
 1.31386 -15.5622    1.254
 1.31517 -15.5363  1.25531
 1.31647 -15.5105  1.25661
 1.31777 -15.4847  1.25661
 1.31907  -15.459  1.25791
 1.32037 -15.4333  1.25921
 1.32167 -15.4077  1.26051
 1.32297 -15.3822  1.26181
 1.32427 -15.3567  1.26311
 1.32558 -15.3313  1.26441
 1.32688  -15.306  1.26572
 1.32818 -15.2807  1.26702
 1.32948 -15.2554  1.26832
 1.33078 -15.2303  1.26832
 1.33208 -15.2051  1.26962
 1.33338 -15.1801  1.27092
 1.33468 -15.1551  1.27222
 1.33599 -15.1301  1.27352
 1.33729 -15.1052  1.27482
 1.33859 -15.0804  1.27613
 1.33989 -15.0556  1.27743
 1.34119 -15.0309  1.27873
 1.34249 -15.0062  1.28003
 1.34379 -14.9816  1.28003
  1.3451 -14.9571  1.28133
  1.3464 -14.9326  1.28263
  1.3477 -14.9081  1.28393
   1.349 -14.8838  1.28524
  1.3503 -14.8594  1.28654
  1.3516 -14.8352  1.28784
  1.3529 -14.8109  1.28914
  1.3542 -14.7868  1.29044
 1.35551 -14.7627  1.29174
 1.35681 -14.7387  1.29174
 1.35811 -14.7147  1.29304
 1.35941 -14.6907  1.29434
 1.36071 -14.6668  1.29565
 1.36201  -14.643  1.29695
 1.36331 -14.6192  1.29825
 1.36461 -14.5955  1.29955
 1.36592 -14.5718  1.30085
 1.36722 -14.5482  1.30215
 1.36852 -14.5247  1.30345
 1.36982 -14.5012  1.30345
 1.37112 -14.4777  1.30475
 1.37242 -14.4543  1.30606
 1.37372 -14.4309  1.30736
 1.37503 -14.4076  1.30866
 1.37633 -14.3844  1.30996
 1.37763 -14.3612  1.31126
 1.37893 -14.3381  1.31256
 1.38023  -14.315  1.31386
 1.38153  -14.292  1.31517
 1.38283  -14.269  1.31517
 1.38413  -14.246  1.31647
 1.38544 -14.2231  1.31777
 1.38674 -14.2003  1.31907
 1.38804 -14.1775  1.32037
 1.38934 -14.1548  1.32167
 1.39064 -14.1321  1.32297
 1.39194 -14.1095  1.32427
 1.39324 -14.0869  1.32558
 1.39454 -14.0644  1.32688
 1.39585 -14.0419  1.32688
 1.39715 -14.0195  1.32818
 1.39845 -13.9971  1.32948
 1.39975 -13.9748  1.33078
 1.40105 -13.9525  1.33208
 1.40235 -13.9303  1.33338
 1.40365 -13.9081  1.33468
 1.40495  -13.886  1.33599
 1.40626 -13.8639  1.33729
 1.40756 -13.8419  1.33729
 1.40886 -13.8199  1.33859
 1.41016  -13.798  1.33989
 1.41146 -13.7761  1.34119
 1.41276 -13.7542  1.34249
 1.41406 -13.7324  1.34379
 1.41537 -13.7107   1.3451
 1.41667  -13.689   1.3464
 1.41797 -13.6674   1.3477
 1.41927 -13.6458    1.349
 1.42057 -13.6243    1.349
 1.42187 -13.6027   1.3503
 1.42317 -13.5813   1.3516
 1.42447 -13.5599   1.3529
 1.42578 -13.5385   1.3542
 1.42708 -13.5172  1.35551
 1.42838 -13.4959  1.35681
 1.42968 -13.4747  1.35811
 1.43098 -13.4535  1.35941
 1.43228 -13.4324  1.36071
 1.43358 -13.4113  1.36071
 1.43488 -13.3903  1.36201
 1.43619 -13.3693  1.36331
 1.43749 -13.3484  1.36461
 1.43879 -13.3275  1.36592
 1.44009 -13.3066  1.36722
 1.44139 -13.2858  1.36852
 1.44269 -13.2651  1.36982
 1.44399 -13.2443  1.37112
  1.4453 -13.2237  1.37242
  1.4466  -13.203  1.37242
  1.4479 -13.1825  1.37372
  1.4492 -13.1619  1.37503
  1.4505 -13.1414  1.37633
  1.4518  -13.121  1.37763
  1.4531 -13.1006  1.37893
  1.4544 -13.0802  1.38023
 1.45571 -13.0599  1.38153
 1.45701 -13.0396  1.38283
 1.45831 -13.0194  1.38413
 1.45961 -12.9992  1.38413
 1.46091 -12.9791  1.38544
 1.46221  -12.959  1.38674
 1.46351 -12.9389  1.38804
 1.46481 -12.9189  1.38934
 1.46612 -12.8989  1.39064
 1.46742  -12.879  1.39194
 1.46872 -12.8591  1.39324
 1.47002 -12.8393  1.39454
 1.47132 -12.8195  1.39585
 1.47262 -12.7998  1.39585
 1.47392   -12.78  1.39715
 1.47523 -12.7604  1.39845
 1.47653 -12.7407  1.39975
 1.47783 -12.7211  1.40105
 1.47913 -12.7016  1.40235
 1.48043 -12.6821  1.40365
 1.48173 -12.6626  1.40495
 1.48303 -12.6432  1.40626
 1.48433 -12.6239  1.40626
 1.48564 -12.6045  1.40756
 1.48694 -12.5852  1.40886
 1.48824 -12.5659  1.41016
 1.48954 -12.5467  1.41146
 1.49084 -12.5275  1.41276
 1.49214 -12.5084  1.41406
 1.49344 -12.4893  1.41537
 1.49474 -12.4703  1.41667
 1.49605 -12.4513  1.41797
 1.49735 -12.4323  1.41797
 1.49865 -12.4134  1.41927
 1.49995 -12.3945  1.42057
 1.50125 -12.3756  1.42187
 1.50255 -12.3568  1.42317
 1.50385  -12.338  1.42447
 1.50516 -12.3193  1.42578
 1.50646 -12.3006  1.42708
 1.50776  -12.282  1.42838
 1.50906 -12.2634  1.42968
 1.51036 -12.2448  1.42968
 1.51166 -12.2262  1.43098
 1.51296 -12.2077  1.43228
 1.51426 -12.1893  1.43358
 1.51557 -12.1708  1.43488
 1.51687 -12.1525  1.43619
 1.51817 -12.1341  1.43749
 1.51947 -12.1158  1.43879
 1.52077 -12.0976  1.44009
 1.52207 -12.0793  1.44009
 1.52337 -12.0611  1.44139
 1.52467  -12.043  1.44269
 1.52598 -12.0249  1.44399
 1.52728 -12.0068   1.4453
 1.52858 -11.9887   1.4466
 1.52988 -11.9707   1.4479
 1.53118 -11.9528   1.4492
 1.53248 -11.9349   1.4505
 1.53378  -11.917   1.4518
 1.53509 -11.8991   1.4518
 1.53639 -11.8813   1.4531
 1.53769 -11.8635   1.4544
 1.53899 -11.8458  1.45571
 1.54029 -11.8281  1.45701
 1.54159 -11.8104  1.45831
 1.54289 -11.7928  1.45961
 1.54419 -11.7752  1.46091
  1.5455 -11.7576  1.46221
  1.5468 -11.7401  1.46351
  1.5481 -11.7226  1.46351
  1.5494 -11.7052  1.46481
  1.5507 -11.6877  1.46612
   1.552 -11.6704  1.46742
  1.5533  -11.653  1.46872
  1.5546 -11.6357  1.47002
 1.55591 -11.6184  1.47132
 1.55721 -11.6012  1.47262
 1.55851  -11.584  1.47392
 1.55981 -11.5668  1.47523
 1.56111 -11.5497  1.47523
 1.56241 -11.5326  1.47653
 1.56371 -11.5155  1.47783
 1.56502 -11.4985  1.47913
 1.56632 -11.4815  1.48043
 1.56762 -11.4646  1.48173
 1.56892 -11.4476  1.48303
 1.57022 -11.4308  1.48433
 1.57152 -11.4139  1.48564
 1.57282 -11.3971  1.48564
 1.57412 -11.3803  1.48694
 1.57543 -11.3636  1.48824
 1.57673 -11.3468  1.48954
 1.57803 -11.3302  1.49084
 1.57933 -11.3135  1.49214
 1.58063 -11.2969  1.49344
 1.58193 -11.2803  1.49474
 1.58323 -11.2638  1.49605
 1.58453 -11.2473  1.49735
 1.58584 -11.2308  1.49735
 1.58714 -11.2143  1.49865
 1.58844 -11.1979  1.49995
 1.58974 -11.1815  1.50125
 1.59104 -11.1652  1.50255
 1.59234 -11.1489  1.50385
 1.59364 -11.1326  1.50516
 1.59494 -11.1163  1.50646
 1.59625 -11.1001  1.50776
 1.59755  -11.084  1.50906
 1.59885 -11.0678  1.50906
 1.60015 -11.0517  1.51036
 1.60145 -11.0356  1.51166
 1.60275 -11.0195  1.51296
 1.60405 -11.0035  1.51426
 1.60536 -10.9875  1.51557
 1.60666 -10.9716  1.51687
 1.60796 -10.9556  1.51817
 1.60926 -10.9398  1.51947
 1.61056 -10.9239  1.51947
 1.61186 -10.9081  1.52077
 1.61316 -10.8923  1.52207
 1.61446 -10.8765  1.52337
 1.61577 -10.8608  1.52467
 1.61707 -10.8451  1.52598
 1.61837 -10.8294  1.52728
 1.61967 -10.8137  1.52858
 1.62097 -10.7981  1.52988
 1.62227 -10.7826  1.53118
 1.62357  -10.767  1.53118
 1.62487 -10.7515  1.53248
 1.62618  -10.736  1.53378
 1.62748 -10.7205  1.53509
 1.62878 -10.7051  1.53639
 1.63008 -10.6897  1.53769
 1.63138 -10.6744  1.53899
 1.63268  -10.659  1.54029
 1.63398 -10.6437  1.54159
 1.63529 -10.6285  1.54159
 1.63659 -10.6132  1.54289
 1.63789  -10.598  1.54419
 1.63919 -10.5828   1.5455
 1.64049 -10.5677   1.5468
 1.64179 -10.5525   1.5481
 1.64309 -10.5374   1.5494
 1.64439 -10.5224   1.5507
  1.6457 -10.5074    1.552
   1.647 -10.4924   1.5533
  1.6483 -10.4774   1.5533
  1.6496 -10.4624   1.5546
  1.6509 -10.4475  1.55591
  1.6522 -10.4326  1.55721
  1.6535 -10.4178  1.55851
  1.6548 -10.4029  1.55981
 1.65611 -10.3881  1.56111
 1.65741 -10.3734  1.56241
 1.65871 -10.3586  1.56371
 1.66001 -10.3439  1.56502
 1.66131 -10.3293  1.56502
 1.66261 -10.3146  1.56632
 1.66391    -10.3  1.56762
 1.66522 -10.2854  1.56892
 1.66652 -10.2708  1.57022
 1.66782 -10.2563  1.57152
 1.66912 -10.2417  1.57282
 1.67042 -10.2273  1.57412
 1.67172 -10.2128  1.57543
 1.67302 -10.1984  1.57543
 1.67432  -10.184  1.57673
 1.67563 -10.1696  1.57803
 1.67693 -10.1553  1.57933
 1.67823  -10.141  1.58063
 1.67953 -10.1267  1.58193
 1.68083 -10.1124  1.58323
 1.68213 -10.0982  1.58453
 1.68343  -10.084  1.58584
 1.68473 -10.0698  1.58714
 1.68604 -10.0557  1.58714
 1.68734 -10.0415  1.58844
 1.68864 -10.0274  1.58974
 1.68994 -10.0134  1.59104
 1.69124 -9.99931  1.59234
 1.69254  -9.9853  1.59364
 1.69384 -9.97131  1.59494
 1.69515 -9.95735  1.59625
 1.69645 -9.94342  1.59755
 1.69775 -9.92952  1.59885
 1.69905 -9.91564  1.59885
 1.70035 -9.90178  1.60015
 1.70165 -9.88795  1.60145
 1.70295 -9.87415  1.60275
 1.70425 -9.86038  1.60405
 1.70556 -9.84663  1.60536
 1.70686 -9.83291  1.60666
 1.70816 -9.81922  1.60796
 1.70946 -9.80556  1.60926
 1.71076 -9.79192  1.60926
 1.71206 -9.77829  1.61056
 1.71336  -9.7647  1.61186
 1.71466 -9.75113  1.61316
 1.71597  -9.7376  1.61446
 1.71727 -9.72408  1.61577
 1.71857  -9.7106  1.61707
 1.71987 -9.69714  1.61837
 1.72117 -9.68371  1.61967
 1.72247 -9.67031  1.62097
 1.72377 -9.65692  1.62097
 1.72508 -9.64355  1.62227
 1.72638 -9.63021  1.62357
 1.72768  -9.6169  1.62487
 1.72898 -9.60362  1.62618
 1.73028 -9.59037  1.62748
 1.73158 -9.57714  1.62878
 1.73288 -9.56393  1.63008
 1.73418 -9.55075  1.63138
 1.73549  -9.5376  1.63138
 1.73679 -9.52446  1.63268
 1.73809 -9.51135  1.63398
 1.73939 -9.49826  1.63529
 1.74069  -9.4852  1.63659
 1.74199 -9.47217  1.63789
 1.74329 -9.45916  1.63919
 1.74459 -9.44618  1.64049
  1.7459 -9.43322  1.64179
  1.7472 -9.42029  1.64309
  1.7485 -9.40738  1.64309
  1.7498 -9.39449  1.64439
  1.7511 -9.38162   1.6457
  1.7524 -9.36878    1.647
  1.7537 -9.35596   1.6483
 1.75501 -9.34317   1.6496
 1.75631 -9.33041   1.6509
 1.75761 -9.31767   1.6522
 1.75891 -9.30496   1.6535
 1.76021 -9.29226   1.6535
 1.76151 -9.27959   1.6548
 1.76281 -9.26693  1.65611
 1.76411 -9.25431  1.65741
 1.76542  -9.2417  1.65871
 1.76672 -9.22913  1.66001
 1.76802 -9.21657  1.66131
 1.76932 -9.20405  1.66261
 1.77062 -9.19154  1.66391
 1.77192 -9.17907  1.66522
 1.77322 -9.16661  1.66522
 1.77452 -9.15416  1.66652
 1.77583 -9.14174  1.66782
 1.77713 -9.12935  1.66912
 1.77843 -9.11698  1.67042
 1.77973 -9.10464  1.67172
 1.78103 -9.09232  1.67302
 1.78233 -9.08002  1.67432
 1.78363 -9.06775  1.67563
 1.78493  -9.0555  1.67563
 1.78624 -9.04326  1.67693
 1.78754 -9.03105  1.67823
 1.78884 -9.01886  1.67953
 1.79014  -9.0067  1.68083
 1.79144 -8.99456  1.68213
 1.79274 -8.98244  1.68343
 1.79404 -8.97035  1.68473
 1.79535 -8.95828  1.68604
 1.79665 -8.94623  1.68734
 1.79795  -8.9342  1.68734
 1.79925 -8.92218  1.68864
 1.80055  -8.9102  1.68994
 1.80185 -8.89823  1.69124
 1.80315 -8.88629  1.69254
 1.80445 -8.87438  1.69384
 1.80576 -8.86248  1.69515
 1.80706 -8.85061  1.69645
 1.80836 -8.83876  1.69775
 1.80966 -8.82693  1.69905
 1.81096 -8.81511  1.69905
 1.81226 -8.80332  1.70035
 1.81356 -8.79155  1.70165
 1.81486  -8.7798  1.70295
 1.81617 -8.76808  1.70425
 1.81747 -8.75639  1.70556
 1.81877 -8.74471  1.70686
 1.82007 -8.73304  1.70816
 1.82137 -8.72141  1.70946
 1.82267 -8.70979  1.70946
 1.82397 -8.69819  1.71076
 1.82528 -8.68661  1.71206
 1.82658 -8.67505  1.71336
 1.82788 -8.66352  1.71466
 1.82918 -8.65201  1.71597
 1.83048 -8.64053  1.71727
 1.83178 -8.62906  1.71857
 1.83308 -8.61761  1.71987
 1.83438 -8.60618  1.72117
 1.83569 -8.59477  1.72117
 1.83699 -8.58337  1.72247
 1.83829 -8.57201  1.72377
 1.83959 -8.56066  1.72508
 1.84089 -8.54934  1.72638
 1.84219 -8.53804  1.72768
 1.84349 -8.52675  1.72898
 1.84479 -8.51549  1.73028
  1.8461 -8.50425  1.73158
  1.8474 -8.49302  1.73158
  1.8487 -8.48181  1.73288
    1.85 -8.47063  1.73418