 kgrid  ValNew  Policy 
    0.55 -48.2254  0.62027
0.551301 -48.0849 0.621572
0.552603  -47.945 0.622873
0.553904 -47.8058 0.624174
0.555205 -47.6672 0.625475
0.556507 -47.5293 0.626777
0.557808 -47.3921 0.628078
0.559109 -47.2555 0.629379
 0.56041 -47.1196 0.630681
0.561712 -46.9843 0.631982
0.563013 -46.8496 0.633283
0.564314 -46.7155 0.634585
0.565616 -46.5821 0.635886
0.566917 -46.4492 0.637187
0.568218  -46.317 0.638488
 0.56952 -46.1855  0.63979
0.570821 -46.0545 0.641091
0.572122 -45.9239 0.641091
0.573423  -45.794 0.642392
0.574725 -45.6647 0.643694
0.576026 -45.5359 0.644995
0.577327 -45.4078 0.646296
0.578629 -45.2802 0.647598
 0.57993 -45.1532 0.648899
0.581231 -45.0267   0.6502
0.582533 -44.9008 0.651502
0.583834 -44.7754 0.652803
0.585135 -44.6507 0.654104
0.586436 -44.5265 0.655405
0.587738 -44.4028 0.656707
0.589039 -44.2797 0.658008
 0.59034 -44.1571 0.659309
0.591642 -44.0351 0.660611
0.592943 -43.9136 0.661912
0.594244 -43.7926 0.663213
0.595546  -43.672 0.663213
0.596847  -43.552 0.664515
0.598148 -43.4324 0.665816
0.599449 -43.3134 0.667117
0.600751 -43.1948 0.668418
0.602052 -43.0768  0.66972
0.603353 -42.9594 0.671021
0.604655 -42.8424 0.672322
0.605956  -42.726 0.673624
0.607257   -42.61 0.674925
0.608559 -42.4945 0.676226
 0.60986 -42.3795 0.677528
0.611161 -42.2649 0.678829
0.612462 -42.1509  0.68013
0.613764 -42.0373 0.681431
0.615065 -41.9242 0.682733
0.616366 -41.8116 0.684034
0.617668 -41.6995 0.685335
0.618969 -41.5878 0.685335
 0.62027 -41.4765 0.686637
0.621572 -41.3656 0.687938
0.622873 -41.2552 0.689239
0.624174 -41.1453 0.690541
0.625475 -41.0358 0.691842
0.626777 -40.9268 0.693143
0.628078 -40.8183 0.694444
0.629379 -40.7102 0.695746
0.630681 -40.6025 0.697047
0.631982 -40.4952 0.698348
0.633283 -40.3884  0.69965
0.634585 -40.2821 0.700951
0.635886 -40.1761 0.702252
0.637187 -40.0706 0.703554
0.638488 -39.9655 0.704855
 0.63979 -39.8609 0.706156
0.641091 -39.7567 0.707457
0.642392 -39.6528 0.708759
0.643694 -39.5494 0.708759
0.644995 -39.4463  0.71006
0.646296 -39.3436 0.711361
0.647598 -39.2414 0.712663
0.648899 -39.1396 0.713964
  0.6502 -39.0381 0.715265
0.651502 -38.9371 0.716567
0.652803 -38.8365 0.717868
0.654104 -38.7363 0.719169
0.655405 -38.6365  0.72047
0.656707  -38.537 0.721772
0.658008  -38.438 0.723073
0.659309 -38.3393 0.724374
0.660611 -38.2411 0.725676
0.661912 -38.1432 0.726977
0.663213 -38.0457 0.728278
0.664515 -37.9486  0.72958
0.665816 -37.8519 0.730881
0.667117 -37.7555 0.730881
0.668418 -37.6594 0.732182
 0.66972 -37.5637 0.733483
0.671021 -37.4684 0.734785
0.672322 -37.3735 0.736086
0.673624 -37.2789 0.737387
0.674925 -37.1847 0.738689
0.676226 -37.0909  0.73999
0.677528 -36.9974 0.741291
0.678829 -36.9042 0.742593
 0.68013 -36.8115 0.743894
0.681431 -36.7191 0.745195
0.682733  -36.627 0.746496
0.684034 -36.5353 0.747798
0.685335 -36.4439 0.749099
0.686637 -36.3529   0.7504
0.687938 -36.2623 0.751702
0.689239  -36.172 0.751702
0.690541 -36.0819 0.753003
0.691842 -35.9922 0.754304
0.693143 -35.9028 0.755606
0.694444 -35.8138 0.756907
0.695746 -35.7251 0.758208
0.697047 -35.6367  0.75951
0.698348 -35.5487 0.760811
 0.69965  -35.461 0.762112
0.700951 -35.3736 0.763413
0.702252 -35.2866 0.764715
0.703554 -35.1998 0.766016
0.704855 -35.1134 0.767317
0.706156 -35.0274 0.768619
0.707457 -34.9416  0.76992
0.708759 -34.8562 0.771221
 0.71006  -34.771 0.772523
0.711361 -34.6862 0.773824
0.712663 -34.6017 0.773824
0.713964 -34.5174 0.775125
0.715265 -34.4335 0.776426
0.716567 -34.3499 0.777728
0.717868 -34.2665 0.779029
0.719169 -34.1835  0.78033
 0.72047 -34.1008 0.781632
0.721772 -34.0184 0.782933
0.723073 -33.9363 0.784234
0.724374 -33.8545 0.785536
0.725676  -33.773 0.786837
0.726977 -33.6917 0.788138
0.728278 -33.6108 0.789439
 0.72958 -33.5302 0.790741
0.730881 -33.4499 0.792042
0.732182 -33.3698 0.793343
0.733483 -33.2901 0.794645
0.734785 -33.2106 0.794645
0.736086 -33.1313 0.795946
0.737387 -33.0523 0.797247
0.738689 -32.9737 0.798549
 0.73999 -32.8953  0.79985
0.741291 -32.8172 0.801151
0.742593 -32.7393 0.802452
0.743894 -32.6618 0.803754
0.745195 -32.5845 0.805055
0.746496 -32.5075 0.806356
0.747798 -32.4308 0.807658
0.749099 -32.3543 0.808959
  0.7504 -32.2781  0.81026
0.751702 -32.2022 0.811562
0.753003 -32.1266 0.812863
0.754304 -32.0512 0.814164
0.755606 -31.9761 0.814164
0.756907 -31.9012 0.815465
0.758208 -31.8265 0.816767
 0.75951 -31.7521 0.818068
0.760811  -31.678 0.819369
0.762112 -31.6041 0.820671
0.763413 -31.5305 0.821972
0.764715 -31.4572 0.823273
0.766016 -31.3841 0.824575
0.767317 -31.3113 0.825876
0.768619 -31.2387 0.827177
 0.76992 -31.1664 0.828478
0.771221 -31.0943  0.82978
0.772523 -31.0225 0.831081
0.773824 -30.9509 0.832382
0.775125 -30.8796 0.833684
0.776426 -30.8085 0.834985
0.777728 -30.7376 0.834985
0.779029 -30.6669 0.836286
 0.78033 -30.5965 0.837588
0.781632 -30.5264 0.838889
0.782933 -30.4565  0.84019
0.784234 -30.3868 0.841491
0.785536 -30.3174 0.842793
0.786837 -30.2481 0.844094
0.788138 -30.1791 0.845395
0.789439 -30.1104 0.846697
0.790741 -30.0419 0.847998
0.792042 -29.9736 0.849299
0.793343 -29.9056 0.850601
0.794645 -29.8378 0.851902
0.795946 -29.7703 0.853203
0.797247 -29.7029 0.853203
0.798549 -29.6358 0.854505
 0.79985 -29.5688 0.855806
0.801151 -29.5021 0.857107
0.802452 -29.4356 0.858408
0.803754 -29.3693  0.85971
0.805055 -29.3032 0.861011
0.806356 -29.2374 0.862312
0.807658 -29.1718 0.863614
0.808959 -29.1065 0.864915
 0.81026 -29.0413 0.866216
0.811562 -28.9764 0.867518
0.812863 -28.9116 0.868819
0.814164 -28.8471  0.87012
0.815465 -28.7828 0.871421
0.816767 -28.7187 0.872723
0.818068 -28.6549 0.872723
0.819369 -28.5911 0.874024
0.820671 -28.5277 0.875325
0.821972 -28.4644 0.876627
0.823273 -28.4013 0.877928
0.824575 -28.3384 0.879229
0.825876 -28.2757 0.880531
0.827177 -28.2133 0.881832
0.828478  -28.151 0.883133
 0.82978  -28.089 0.884434
0.831081 -28.0272 0.885736
0.832382 -27.9655 0.887037
0.833684 -27.9041 0.888338
0.834985 -27.8429  0.88964
0.836286 -27.7818 0.890941
0.837588  -27.721 0.892242
0.838889 -27.6603 0.892242
 0.84019 -27.5998 0.893544
0.841491 -27.5395 0.894845
0.842793 -27.4794 0.896146
0.844094 -27.4195 0.897447
0.845395 -27.3598 0.898749
0.846697 -27.3003  0.90005
0.847998  -27.241 0.901351
0.849299 -27.1818 0.902653
0.850601 -27.1229 0.903954
0.851902 -27.0642 0.905255
0.853203 -27.0056 0.906557
0.854505 -26.9472 0.907858
0.855806 -26.8891 0.909159
0.857107 -26.8311  0.91046
0.858408 -26.7732  0.91046
 0.85971 -26.7156 0.911762
0.861011 -26.6581 0.913063
0.862312 -26.6008 0.914364
0.863614 -26.5436 0.915666
0.864915 -26.4867 0.916967
0.866216 -26.4299 0.918268
0.867518 -26.3734  0.91957
0.868819  -26.317 0.920871
 0.87012 -26.2608 0.922172
0.871421 -26.2047 0.923473
0.872723 -26.1489 0.924775
0.874024 -26.0932 0.926076
0.875325 -26.0377 0.927377
0.876627 -25.9823 0.928679
0.877928 -25.9271 0.928679
0.879229 -25.8721  0.92998
0.880531 -25.8173 0.931281
0.881832 -25.7626 0.932583
0.883133 -25.7081 0.933884
0.884434 -25.6537 0.935185
0.885736 -25.5995 0.936486
0.887037 -25.5456 0.937788
0.888338 -25.4917 0.939089
 0.88964 -25.4381  0.94039
0.890941 -25.3846 0.941692
0.892242 -25.3312 0.942993
0.893544 -25.2781 0.944294
0.894845 -25.2251 0.945596
0.896146 -25.1722 0.945596
0.897447 -25.1195 0.946897
0.898749  -25.067 0.948198
 0.90005 -25.0146 0.949499
0.901351 -24.9624 0.950801
0.902653 -24.9103 0.952102
0.903954 -24.8584 0.953403
0.905255 -24.8067 0.954705
0.906557 -24.7551 0.956006
0.907858 -24.7036 0.957307
0.909159 -24.6524 0.958609
 0.91046 -24.6013  0.95991
0.911762 -24.5503 0.961211
0.913063 -24.4995 0.962513
0.914364 -24.4489 0.963814
0.915666 -24.3984 0.963814
0.916967  -24.348 0.965115
0.918268 -24.2978 0.966416
 0.91957 -24.2477 0.967718
0.920871 -24.1978 0.969019
0.922172  -24.148  0.97032
0.923473 -24.0984 0.971622
0.924775  -24.049 0.972923
0.926076 -23.9997 0.974224
0.927377 -23.9505 0.975526
0.928679 -23.9015 0.976827
 0.92998 -23.8526 0.978128
0.931281 -23.8039 0.979429
0.932583 -23.7554 0.980731
0.933884 -23.7069 0.980731
0.935185 -23.6586 0.982032
0.936486 -23.6104 0.983333
0.937788 -23.5624 0.984635
0.939089 -23.5145 0.985936
 0.94039 -23.4668 0.987237
0.941692 -23.4192 0.988539
0.942993 -23.3717  0.98984
0.944294 -23.3244 0.991141
0.945596 -23.2773 0.992442
0.946897 -23.2302 0.993744
0.948198 -23.1834 0.995045
0.949499 -23.1366 0.996346
0.950801   -23.09 0.997648
0.952102 -23.0435 0.997648
0.953403 -22.9972 0.998949
0.954705 -22.9509  1.00025
0.956006 -22.9048  1.00155
0.957307 -22.8589  1.00285
0.958609  -22.813  1.00415
 0.95991 -22.7673  1.00546
0.961211 -22.7218  1.00676
0.962513 -22.6764  1.00806
0.963814 -22.6311  1.00936
0.965115 -22.5859  1.01066
0.966416 -22.5409  1.01196
0.967718  -22.496  1.01326
0.969019 -22.4513  1.01456
 0.97032 -22.4067  1.01456
0.971622 -22.3621  1.01587
0.972923 -22.3177  1.01717
0.974224 -22.2734  1.01847
0.975526 -22.2293  1.01977
0.976827 -22.1853  1.02107
0.978128 -22.1414  1.02237
0.979429 -22.0976  1.02367
0.980731  -22.054  1.02497
0.982032 -22.0105  1.02628
0.983333 -21.9671  1.02758
0.984635 -21.9239  1.02888
0.985936 -21.8808  1.03018
0.987237 -21.8378  1.03148
0.988539 -21.7949  1.03148
 0.98984 -21.7521  1.03278
0.991141 -21.7094  1.03408
0.992442 -21.6669  1.03539
0.993744 -21.6245  1.03669
0.995045 -21.5822  1.03799
0.996346   -21.54  1.03929
0.997648 -21.4979  1.04059
0.998949  -21.456  1.04189
 1.00025 -21.4142  1.04319
 1.00155 -21.3725  1.04449
 1.00285 -21.3309   1.0458
 1.00415 -21.2895   1.0471
 1.00546 -21.2482   1.0484
 1.00676 -21.2069   1.0484
 1.00806 -21.1658   1.0497
 1.00936 -21.1248    1.051
 1.01066 -21.0838   1.0523
 1.01196 -21.0431   1.0536
 1.01326 -21.0024   1.0549
 1.01456 -20.9618  1.05621
 1.01587 -20.9214  1.05751
 1.01717 -20.8811  1.05881
 1.01847 -20.8409  1.06011
 1.01977 -20.8008  1.06141
 1.02107 -20.7608  1.06271
 1.02237 -20.7209  1.06401
 1.02367 -20.6812  1.06401
 1.02497 -20.6415  1.06532
 1.02628 -20.6019  1.06662
 1.02758 -20.5625  1.06792
 1.02888 -20.5231  1.06922
 1.03018 -20.4839  1.07052
 1.03148 -20.4447  1.07182
 1.03278 -20.4057  1.07312
 1.03408 -20.3668  1.07442
 1.03539 -20.3281  1.07573
 1.03669 -20.2894  1.07703
 1.03799 -20.2508  1.07833
 1.03929 -20.2123  1.07963
 1.04059 -20.1739  1.08093
 1.04189 -20.1356  1.08093
 1.04319 -20.0975  1.08223
 1.04449 -20.0594  1.08353
  1.0458 -20.0214  1.08483
  1.0471 -19.9836  1.08614
  1.0484 -19.9458  1.08744
  1.0497 -19.9082  1.08874
   1.051 -19.8706  1.09004
  1.0523 -19.8331  1.09134
  1.0536 -19.7958  1.09264
  1.0549 -19.7585  1.09394
 1.05621 -19.7214  1.09525
 1.05751 -19.6844  1.09655
 1.05881 -19.6474  1.09655
 1.06011 -19.6106  1.09785
 1.06141 -19.5738  1.09915
 1.06271 -19.5371  1.10045
 1.06401 -19.5006  1.10175
 1.06532 -19.4641  1.10305
 1.06662 -19.4277  1.10435
 1.06792 -19.3915  1.10566
 1.06922 -19.3553  1.10696
 1.07052 -19.3192  1.10826
 1.07182 -19.2833  1.10956
 1.07312 -19.2474  1.11086
 1.07442 -19.2116  1.11216
 1.07573  -19.176  1.11216
 1.07703 -19.1404  1.11346
 1.07833 -19.1048  1.11476
 1.07963 -19.0694  1.11607
 1.08093 -19.0341  1.11737
 1.08223 -18.9989  1.11867
 1.08353 -18.9638  1.11997
 1.08483 -18.9287  1.12127
 1.08614 -18.8938  1.12257
 1.08744 -18.8589  1.12387
 1.08874 -18.8242  1.12518
 1.09004 -18.7895  1.12648
 1.09134  -18.755  1.12778
 1.09264 -18.7205  1.12778
 1.09394 -18.6861  1.12908
 1.09525 -18.6518  1.13038
 1.09655 -18.6176  1.13168
 1.09785 -18.5834  1.13298
 1.09915 -18.5494  1.13428
 1.10045 -18.5155  1.13559
 1.10175 -18.4816  1.13689
 1.10305 -18.4478  1.13819
 1.10435 -18.4141  1.13949
 1.10566 -18.3806  1.14079
 1.10696 -18.3471  1.14209
 1.10826 -18.3137  1.14339
 1.10956 -18.2804  1.14339
 1.11086 -18.2471  1.14469
 1.11216 -18.2139    1.146
 1.11346 -18.1808   1.1473
 1.11476 -18.1478   1.1486
 1.11607 -18.1149   1.1499
 1.11737 -18.0821   1.1512
 1.11867 -18.0494   1.1525
 1.11997 -18.0167   1.1538
 1.12127 -17.9842  1.15511
 1.12257 -17.9517  1.15641
 1.12387 -17.9193  1.15771
 1.12518  -17.887  1.15901
 1.12648 -17.8548  1.16031
 1.12778 -17.8226  1.16031
 1.12908 -17.7906  1.16161
 1.13038 -17.7586  1.16291
 1.13168 -17.7267  1.16421
 1.13298 -17.6948  1.16552
 1.13428 -17.6631  1.16682
 1.13559 -17.6314  1.16812
 1.13689 -17.5999  1.16942
 1.13819 -17.5684  1.17072
 1.13949  -17.537  1.17202
 1.14079 -17.5056  1.17332
 1.14209 -17.4744  1.17462
 1.14339 -17.4432  1.17462
 1.14469 -17.4121  1.17593
   1.146 -17.3811  1.17723
  1.1473 -17.3501  1.17853
  1.1486 -17.3192  1.17983
  1.1499 -17.2885  1.18113
  1.1512 -17.2578  1.18243
  1.1525 -17.2271  1.18373
  1.1538 -17.1966  1.18504
 1.15511 -17.1661  1.18634
 1.15641 -17.1357  1.18764
 1.15771 -17.1054  1.18894
 1.15901 -17.0752  1.19024
 1.16031  -17.045  1.19024
 1.16161 -17.0149  1.19154
 1.16291 -16.9849  1.19284
 1.16421 -16.9549  1.19414
 1.16552  -16.925  1.19545
 1.16682 -16.8952  1.19675
 1.16812 -16.8655  1.19805
 1.16942 -16.8359  1.19935
 1.17072 -16.8063  1.20065
 1.17202 -16.7768  1.20195
 1.17332 -16.7474  1.20325
 1.17462  -16.718  1.20455
 1.17593 -16.6888  1.20586
 1.17723 -16.6596  1.20586
 1.17853 -16.6304  1.20716
 1.17983 -16.6013  1.20846
 1.18113 -16.5723  1.20976
 1.18243 -16.5434  1.21106
 1.18373 -16.5146  1.21236
 1.18504 -16.4858  1.21366
 1.18634 -16.4571  1.21496
 1.18764 -16.4285  1.21627
 1.18894 -16.3999  1.21757
 1.19024 -16.3714  1.21887
 1.19154  -16.343  1.22017
 1.19284 -16.3147  1.22147
 1.19414 -16.2864  1.22147
 1.19545 -16.2581  1.22277
 1.19675   -16.23  1.22407
 1.19805 -16.2019  1.22538
 1.19935 -16.1739  1.22668
 1.20065  -16.146  1.22798
 1.20195 -16.1181  1.22928
 1.20325 -16.0903  1.23058
 1.20455 -16.0626  1.23188
 1.20586 -16.0349  1.23318
 1.20716 -16.0073  1.23448
 1.20846 -15.9798  1.23579
 1.20976 -15.9523  1.23579
 1.21106 -15.9249  1.23709
 1.21236 -15.8976  1.23839
 1.21366 -15.8703  1.23969
 1.21496 -15.8431  1.24099
 1.21627 -15.8159  1.24229
 1.21757 -15.7889  1.24359
 1.21887 -15.7619  1.24489
 1.22017 -15.7349   1.2462
 1.22147 -15.7081   1.2475
 1.22277 -15.6813   1.2488
 1.22407 -15.6545   1.2501
 1.22538 -15.6279   1.2501
 1.22668 -15.6013   1.2514
 1.22798 -15.5747   1.2527
 1.22928 -15.5482    1.254
 1.23058 -15.5218  1.25531
 1.23188 -15.4954  1.25661
 1.23318 -15.4691  1.25791
 1.23448 -15.4429  1.25921
 1.23579 -15.4167  1.26051
 1.23709 -15.3906  1.26181
 1.23839 -15.3646  1.26311
 1.23969 -15.3386  1.26441
 1.24099 -15.3127  1.26572
 1.24229 -15.2868  1.26572
 1.24359  -15.261  1.26702
 1.24489 -15.2353  1.26832
  1.2462 -15.2096  1.26962
  1.2475  -15.184  1.27092
  1.2488 -15.1584  1.27222
  1.2501 -15.1329  1.27352
  1.2514 -15.1075  1.27482
  1.2527 -15.0821  1.27613
   1.254 -15.0568  1.27743
 1.25531 -15.0316  1.27873
 1.25661 -15.0064  1.28003
 1.25791 -14.9812  1.28003
 1.25921 -14.9562  1.28133
 1.26051 -14.9311  1.28263
 1.26181 -14.9062  1.28393
 1.26311 -14.8813  1.28524
 1.26441 -14.8564  1.28654
 1.26572 -14.8317  1.28784
 1.26702 -14.8069  1.28914
 1.26832 -14.7823  1.29044
 1.26962 -14.7577  1.29174
 1.27092 -14.7331  1.29304
 1.27222 -14.7087  1.29434
 1.27352 -14.6842  1.29434
 1.27482 -14.6598  1.29565
 1.27613 -14.6355  1.29695
 1.27743 -14.6112  1.29825
 1.27873  -14.587  1.29955
 1.28003 -14.5629  1.30085
 1.28133 -14.5388  1.30215
 1.28263 -14.5147  1.30345
 1.28393 -14.4908  1.30475
 1.28524 -14.4669  1.30606
 1.28654  -14.443  1.30736
 1.28784 -14.4192  1.30866
 1.28914 -14.3954  1.30996
 1.29044 -14.3717  1.30996
 1.29174 -14.3481  1.31126
 1.29304 -14.3245  1.31256
 1.29434 -14.3009  1.31386
 1.29565 -14.2774  1.31517
 1.29695  -14.254  1.31647
 1.29825 -14.2306  1.31777
 1.29955 -14.2073  1.31907
 1.30085  -14.184  1.32037
 1.30215 -14.1608  1.32167
 1.30345 -14.1377  1.32297
 1.30475 -14.1146  1.32427
 1.30606 -14.0915  1.32427
 1.30736 -14.0685  1.32558
 1.30866 -14.0455  1.32688
 1.30996 -14.0226  1.32818
 1.31126 -13.9998  1.32948
 1.31256  -13.977  1.33078
 1.31386 -13.9542  1.33208
 1.31517 -13.9315  1.33338
 1.31647 -13.9089  1.33468
 1.31777 -13.8863  1.33599
 1.31907 -13.8638  1.33729
 1.32037 -13.8413  1.33859
 1.32167 -13.8189  1.33859
 1.32297 -13.7965  1.33989
 1.32427 -13.7742  1.34119
 1.32558 -13.7519  1.34249
 1.32688 -13.7297  1.34379
 1.32818 -13.7075   1.3451
 1.32948 -13.6853   1.3464
 1.33078 -13.6633   1.3477
 1.33208 -13.6412    1.349
 1.33338 -13.6193   1.3503
 1.33468 -13.5973   1.3516
 1.33599 -13.5755   1.3529
 1.33729 -13.5536   1.3529
 1.33859 -13.5319   1.3542
 1.33989 -13.5101  1.35551
 1.34119 -13.4884  1.35681
 1.34249 -13.4668  1.35811
 1.34379 -13.4452  1.35941
  1.3451 -13.4237  1.36071
  1.3464 -13.4022  1.36201
  1.3477 -13.3807  1.36331
   1.349 -13.3594  1.36461
  1.3503  -13.338  1.36592
  1.3516 -13.3167  1.36592
  1.3529 -13.2955  1.36722
  1.3542 -13.2743  1.36852
 1.35551 -13.2531  1.36982
 1.35681  -13.232  1.37112
 1.35811 -13.2109  1.37242
 1.35941 -13.1899  1.37372
 1.36071 -13.1689  1.37503
 1.36201  -13.148  1.37633
 1.36331 -13.1272  1.37763
 1.36461 -13.1064  1.37893
 1.36592 -13.0856  1.38023
 1.36722 -13.0649  1.38153
 1.36852 -13.0442  1.38153
 1.36982 -13.0235  1.38283
 1.37112 -13.0029  1.38413
 1.37242 -12.9823  1.38544
 1.37372 -12.9618  1.38674
 1.37503 -12.9414  1.38804
 1.37633  -12.921  1.38934
 1.37763 -12.9006  1.39064
 1.37893 -12.8803  1.39194
 1.38023   -12.86  1.39324
 1.38153 -12.8398  1.39454
 1.38283 -12.8196  1.39585
 1.38413 -12.7994  1.39585
 1.38544 -12.7793  1.39715
 1.38674 -12.7593  1.39845
 1.38804 -12.7392  1.39975
 1.38934 -12.7193  1.40105
 1.39064 -12.6993  1.40235
 1.39194 -12.6795  1.40365
 1.39324 -12.6596  1.40495
 1.39454 -12.6398  1.40626
 1.39585 -12.6201  1.40756
 1.39715 -12.6004  1.40886
 1.39845 -12.5807  1.40886
 1.39975 -12.5611  1.41016
 1.40105 -12.5415  1.41146
 1.40235  -12.522  1.41276
 1.40365 -12.5025  1.41406
 1.40495  -12.483  1.41537
 1.40626 -12.4636  1.41667
 1.40756 -12.4442  1.41797
 1.40886 -12.4249  1.41927
 1.41016 -12.4056  1.42057
 1.41146 -12.3864  1.42187
 1.41276 -12.3672  1.42317
 1.41406  -12.348  1.42317
 1.41537 -12.3289  1.42447
 1.41667 -12.3098  1.42578
 1.41797 -12.2908  1.42708
 1.41927 -12.2718  1.42838
 1.42057 -12.2528  1.42968
 1.42187 -12.2339  1.43098
 1.42317  -12.215  1.43228
 1.42447 -12.1962  1.43358
 1.42578 -12.1774  1.43488
 1.42708 -12.1587  1.43619
 1.42838   -12.14  1.43749
 1.42968 -12.1213  1.43749
 1.43098 -12.1027  1.43879
 1.43228 -12.0841  1.44009
 1.43358 -12.0655  1.44139
 1.43488  -12.047  1.44269
 1.43619 -12.0285  1.44399
 1.43749 -12.0101   1.4453
 1.43879 -11.9917   1.4466
 1.44009 -11.9733   1.4479
 1.44139  -11.955   1.4492
 1.44269 -11.9368   1.4505
 1.44399 -11.9185   1.4505
  1.4453 -11.9003   1.4518
  1.4466 -11.8822   1.4531
  1.4479  -11.864   1.4544
  1.4492  -11.846  1.45571
  1.4505 -11.8279  1.45701
  1.4518 -11.8099  1.45831
  1.4531 -11.7919  1.45961
  1.4544  -11.774  1.46091
 1.45571 -11.7561  1.46221
 1.45701 -11.7383  1.46351
 1.45831 -11.7205  1.46481
 1.45961 -11.7027  1.46481
 1.46091 -11.6849  1.46612
 1.46221 -11.6672  1.46742
 1.46351 -11.6496  1.46872
 1.46481 -11.6319  1.47002
 1.46612 -11.6143  1.47132
 1.46742 -11.5968  1.47262
 1.46872 -11.5793  1.47392
 1.47002 -11.5618  1.47523
 1.47132 -11.5444  1.47653
 1.47262  -11.527  1.47783
 1.47392 -11.5096  1.47913
 1.47523 -11.4923  1.47913
 1.47653  -11.475  1.48043
 1.47783 -11.4577  1.48173
 1.47913 -11.4405  1.48303
 1.48043 -11.4233  1.48433
 1.48173 -11.4061  1.48564
 1.48303  -11.389  1.48694
 1.48433 -11.3719  1.48824
 1.48564 -11.3549  1.48954
 1.48694 -11.3379  1.49084
 1.48824 -11.3209  1.49214
 1.48954  -11.304  1.49214
 1.49084 -11.2871  1.49344
 1.49214 -11.2702  1.49474
 1.49344 -11.2533  1.49605
 1.49474 -11.2365  1.49735
 1.49605 -11.2198  1.49865
 1.49735  -11.203  1.49995
 1.49865 -11.1863  1.50125
 1.49995 -11.1697  1.50255
 1.50125 -11.1531  1.50385
 1.50255 -11.1365  1.50516
 1.50385 -11.1199  1.50646
 1.50516 -11.1034  1.50646
 1.50646 -11.0869  1.50776
 1.50776 -11.0704  1.50906
 1.50906  -11.054  1.51036
 1.51036 -11.0376  1.51166
 1.51166 -11.0213  1.51296
 1.51296  -11.005  1.51426
 1.51426 -10.9887  1.51557
 1.51557 -10.9724  1.51687
 1.51687 -10.9562  1.51817
 1.51817   -10.94  1.51947
 1.51947 -10.9239  1.51947
 1.52077 -10.9078  1.52077
 1.52207 -10.8917  1.52207
 1.52337 -10.8756  1.52337
 1.52467 -10.8596  1.52467
 1.52598 -10.8436  1.52598
 1.52728 -10.8276  1.52728
 1.52858 -10.8117  1.52858
 1.52988 -10.7958  1.52988
 1.53118   -10.78  1.53118
 1.53248 -10.7642  1.53248
 1.53378 -10.7484  1.53378
 1.53509 -10.7326  1.53378
 1.53639 -10.7169  1.53509
 1.53769 -10.7012  1.53639
 1.53899 -10.6855  1.53769
 1.54029 -10.6699  1.53899
 1.54159 -10.6542  1.54029
 1.54289 -10.6387  1.54159
 1.54419 -10.6231  1.54289
  1.5455 -10.6076  1.54419
  1.5468 -10.5922   1.5455
  1.5481 -10.5767   1.5468
  1.5494 -10.5613   1.5468
  1.5507 -10.5459   1.5481
   1.552 -10.5306   1.5494
  1.5533 -10.5152   1.5507
  1.5546    -10.5    1.552
 1.55591 -10.4847   1.5533
 1.55721 -10.4695   1.5546
 1.55851 -10.4543  1.55591
 1.55981 -10.4391  1.55721
 1.56111  -10.424  1.55851
 1.56241 -10.4089  1.55981
 1.56371 -10.3938  1.56111
 1.56502 -10.3788  1.56111
 1.56632 -10.3637  1.56241
 1.56762 -10.3487  1.56371
 1.56892 -10.3338  1.56502
 1.57022 -10.3189  1.56632
 1.57152  -10.304  1.56762
 1.57282 -10.2891  1.56892
 1.57412 -10.2743  1.57022
 1.57543 -10.2595  1.57152
 1.57673 -10.2447  1.57282
 1.57803 -10.2299  1.57412
 1.57933 -10.2152  1.57412
 1.58063 -10.2005  1.57543
 1.58193 -10.1859  1.57673
 1.58323 -10.1712  1.57803
 1.58453 -10.1566  1.57933
 1.58584 -10.1421  1.58063
 1.58714 -10.1275  1.58193
 1.58844  -10.113  1.58323
 1.58974 -10.0985  1.58453
 1.59104 -10.0841  1.58584
 1.59234 -10.0696  1.58714
 1.59364 -10.0552  1.58714
 1.59494 -10.0409  1.58844
 1.59625 -10.0265  1.58974
 1.59755 -10.0122  1.59104
 1.59885 -9.99792  1.59234
 1.60015 -9.98366  1.59364
 1.60145 -9.96943  1.59494
 1.60275 -9.95523  1.59625
 1.60405 -9.94105  1.59755
 1.60536 -9.92691  1.59885
 1.60666  -9.9128  1.60015
 1.60796 -9.89871  1.60015
 1.60926 -9.88465  1.60145
 1.61056 -9.87061  1.60275
 1.61186  -9.8566  1.60405
 1.61316 -9.84262  1.60536
 1.61446 -9.82866  1.60666
 1.61577 -9.81473  1.60796
 1.61707 -9.80084  1.60926
 1.61837 -9.78697  1.61056
 1.61967 -9.77313  1.61186
 1.62097 -9.75931  1.61316
 1.62227 -9.74553  1.61446
 1.62357 -9.73177  1.61446
 1.62487 -9.71803  1.61577
 1.62618 -9.70431  1.61707
 1.62748 -9.69063  1.61837
 1.62878 -9.67697  1.61967
 1.63008 -9.66334  1.62097
 1.63138 -9.64973  1.62227
 1.63268 -9.63616  1.62357
 1.63398 -9.62261  1.62487
 1.63529  -9.6091  1.62618
 1.63659  -9.5956  1.62748
 1.63789 -9.58213  1.62748
 1.63919 -9.56868  1.62878
 1.64049 -9.55526  1.63008
 1.64179 -9.54186  1.63138
 1.64309 -9.52849  1.63268
 1.64439 -9.51515  1.63398
  1.6457 -9.50183  1.63529
   1.647 -9.48855  1.63659
  1.6483 -9.47528  1.63789
  1.6496 -9.46205  1.63919
  1.6509 -9.44884  1.64049
  1.6522 -9.43566  1.64049
  1.6535 -9.42249  1.64179
  1.6548 -9.40935  1.64309
 1.65611 -9.39623  1.64439
 1.65741 -9.38315   1.6457
 1.65871 -9.37008    1.647
 1.66001 -9.35704   1.6483
 1.66131 -9.34404   1.6496
 1.66261 -9.33105   1.6509
 1.66391 -9.31809   1.6522
 1.66522 -9.30516   1.6535
 1.66652 -9.29226   1.6535
 1.66782 -9.27936   1.6548
 1.66912  -9.2665  1.65611
 1.67042 -9.25365  1.65741
 1.67172 -9.24084  1.65871
 1.67302 -9.22805  1.66001
 1.67432 -9.21528  1.66131
 1.67563 -9.20254  1.66261
 1.67693 -9.18983  1.66391
 1.67823 -9.17714  1.66522
 1.67953 -9.16448  1.66652
 1.68083 -9.15184  1.66652
 1.68213 -9.13922  1.66782
 1.68343 -9.12662  1.66912
 1.68473 -9.11404  1.67042
 1.68604 -9.10149  1.67172
 1.68734 -9.08897  1.67302
 1.68864 -9.07647  1.67432
 1.68994 -9.06399  1.67563
 1.69124 -9.05154  1.67693
 1.69254 -9.03911  1.67823
 1.69384 -9.02671  1.67953
 1.69515 -9.01434  1.67953
 1.69645 -9.00197  1.68083
 1.69775 -8.98963  1.68213
 1.69905 -8.97732  1.68343
 1.70035 -8.96503  1.68473
 1.70165 -8.95276  1.68604
 1.70295 -8.94051  1.68734
 1.70425 -8.92829  1.68864
 1.70556  -8.9161  1.68994
 1.70686 -8.90393  1.69124
 1.70816 -8.89179  1.69254
 1.70946 -8.87966  1.69254
 1.71076 -8.86756  1.69384
 1.71206 -8.85547  1.69515
 1.71336  -8.8434  1.69645
 1.71466 -8.83136  1.69775
 1.71597 -8.81934  1.69905
 1.71727 -8.80735  1.70035
 1.71857 -8.79538  1.70165
 1.71987 -8.78344  1.70295
 1.72117 -8.77152  1.70425
 1.72247 -8.75962  1.70556
 1.72377 -8.74775  1.70686
 1.72508 -8.73588  1.70686
 1.72638 -8.72404  1.70816
 1.72768 -8.71222  1.70946
 1.72898 -8.70042  1.71076
 1.73028 -8.68865  1.71206
 1.73158  -8.6769  1.71336
 1.73288 -8.66518  1.71466
 1.73418 -8.65348  1.71597
 1.73549  -8.6418  1.71727
 1.73679 -8.63014  1.71857
 1.73809  -8.6185  1.71987
 1.73939 -8.60688  1.71987
 1.74069 -8.59528  1.72117
 1.74199  -8.5837  1.72247
 1.74329 -8.57214  1.72377
 1.74459 -8.56061  1.72508
  1.7459  -8.5491  1.72638
  1.7472 -8.53762  1.72768
  1.7485 -8.52615  1.72898
  1.7498  -8.5147  1.73028
  1.7511 -8.50327  1.73158
  1.7524 -8.49187  1.73288
  1.7537 -8.48048  1.73288
 1.75501 -8.46912  1.73418
 1.75631 -8.45777  1.73549
 1.75761 -8.44645  1.73679
 1.75891 -8.43515  1.73809
 1.76021 -8.42387  1.73939
 1.76151 -8.41261  1.74069
 1.76281 -8.40137  1.74199
 1.76411 -8.39016  1.74329
 1.76542 -8.37896  1.74459
 1.76672 -8.36779   1.7459
 1.76802 -8.35663   1.7459
 1.76932 -8.34549   1.7472
 1.77062 -8.33438   1.7485
 1.77192 -8.32328   1.7498
 1.77322  -8.3122   1.7511
 1.77452 -8.30115   1.7524
 1.77583 -8.29011   1.7537
 1.77713  -8.2791  1.75501
 1.77843 -8.26811  1.75631
 1.77973 -8.25714  1.75761
 1.78103 -8.24619  1.75891
 1.78233 -8.23525  1.75891
 1.78363 -8.22433  1.76021
 1.78493 -8.21343  1.76151
 1.78624 -8.20255  1.76281
 1.78754  -8.1917  1.76411
 1.78884 -8.18086  1.76542
 1.79014 -8.17005  1.76672
 1.79144 -8.15926  1.76802
 1.79274 -8.14848  1.76932
 1.79404 -8.13773  1.77062
 1.79535 -8.12699  1.77192
 1.79665 -8.11627  1.77192
 1.79795 -8.10557  1.77322
 1.79925 -8.09489  1.77452
 1.80055 -8.08422  1.77583
 1.80185 -8.07358  1.77713
 1.80315 -8.06296  1.77843
 1.80445 -8.05236  1.77973
 1.80576 -8.04178  1.78103
 1.80706 -8.03122  1.78233
 1.80836 -8.02068  1.78363
 1.80966 -8.01015  1.78363
 1.81096 -7.99964  1.78493
 1.81226 -7.98915  1.78624
 1.81356 -7.97868  1.78754
 1.81486 -7.96823  1.78884
 1.81617 -7.95779  1.79014
 1.81747 -7.94738  1.79144
 1.81877 -7.93699  1.79274
 1.82007 -7.92661  1.79404
 1.82137 -7.91626  1.79535
 1.82267 -7.90592  1.79665
 1.82397  -7.8956  1.79665
 1.82528  -7.8853  1.79795
 1.82658 -7.87501  1.79925
 1.82788 -7.86474  1.80055
 1.82918  -7.8545  1.80185
 1.83048 -7.84427  1.80315
 1.83178 -7.83405  1.80445
 1.83308 -7.82386  1.80576
 1.83438 -7.81369  1.80706
 1.83569 -7.80354  1.80836
 1.83699 -7.79341  1.80966
 1.83829 -7.78329  1.80966
 1.83959 -7.77318  1.81096
 1.84089  -7.7631  1.81226
 1.84219 -7.75303  1.81356
 1.84349 -7.74298  1.81486
 1.84479 -7.73295  1.81617
  1.8461 -7.72294  1.81747
  1.8474 -7.71294  1.81877
  1.8487 -7.70297  1.82007
    1.85 -7.69301  1.82137