 kgrid  ValNew  Policy 
      0.55   -5.61801       0.55
  0.550433   -5.59245       0.55
  0.550867   -5.56703       0.55
    0.5513   -5.54176       0.55
  0.551734   -5.51664       0.55
  0.552167   -5.49166       0.55
  0.552601   -5.46683       0.55
  0.553034   -5.44214       0.55
  0.553468   -5.41759       0.55
  0.553901   -5.39318       0.55
  0.554335   -5.36891       0.55
  0.554768   -5.34478       0.55
  0.555202   -5.32079       0.55
  0.555635   -5.29693       0.55
  0.556069   -5.27322       0.55
  0.556502   -5.24963       0.55
  0.556936   -5.22618       0.55
  0.557369   -5.20286       0.55
  0.557803   -5.17968       0.55
  0.558236   -5.15662       0.55
   0.55867    -5.1337       0.55
  0.559103   -5.11091       0.55
  0.559537   -5.08824       0.55
   0.55997    -5.0657       0.55
  0.560403   -5.04329       0.55
  0.560837   -5.02101       0.55
   0.56127   -4.99885       0.55
  0.561704   -4.97681       0.55
  0.562137    -4.9549       0.55
  0.562571   -4.93311       0.55
  0.563004   -4.91145       0.55
  0.563438    -4.8899       0.55
  0.563871   -4.86847       0.55
  0.564305   -4.84717       0.55
  0.564738   -4.82598       0.55
  0.565172   -4.80491       0.55
  0.565605   -4.78395       0.55
  0.566039   -4.76311       0.55
  0.566472   -4.74239       0.55
  0.566906   -4.72178       0.55
  0.567339   -4.70129       0.55
  0.567773   -4.68091       0.55
  0.568206   -4.66064       0.55
   0.56864   -4.64048       0.55
  0.569073   -4.62044       0.55
  0.569507    -4.6005       0.55
   0.56994   -4.58067       0.55
  0.570373   -4.56095       0.55
  0.570807   -4.54134       0.55
   0.57124   -4.52184       0.55
  0.571674   -4.50244       0.55
  0.572107   -4.48315       0.55
  0.572541   -4.46397       0.55
  0.572974   -4.44488       0.55
  0.573408    -4.4259       0.55
  0.573841   -4.40703       0.55
  0.574275   -4.38826       0.55
  0.574708   -4.36959       0.55
  0.575142   -4.35101       0.55
  0.575575   -4.33254       0.55
  0.576009   -4.31417       0.55
  0.576442    -4.2959       0.55
  0.576876   -4.27773       0.55
  0.577309   -4.25965       0.55
  0.577743   -4.24168       0.55
  0.578176   -4.22379       0.55
   0.57861   -4.20601       0.55
  0.579043   -4.18832       0.55
  0.579476   -4.17072       0.55
   0.57991   -4.15322       0.55
  0.580343   -4.13581       0.55
  0.580777   -4.11849       0.55
   0.58121   -4.10127       0.55
  0.581644   -4.08414       0.55
  0.582077   -4.06709       0.55
  0.582511   -4.05014       0.55
  0.582944   -4.03328       0.55
  0.583378   -4.01651       0.55
  0.583811   -3.99983       0.55
  0.584245   -3.98323       0.55
  0.584678   -3.96672       0.55
  0.585112    -3.9503       0.55
  0.585545   -3.93397       0.55
  0.585979   -3.91772       0.55
  0.586412   -3.90155       0.55
  0.586846   -3.88547       0.55
  0.587279   -3.86948       0.55
  0.587713   -3.85357       0.55
  0.588146   -3.83774       0.55
   0.58858     -3.822       0.55
  0.589013   -3.80633       0.55
  0.589446   -3.79075       0.55
   0.58988   -3.77525       0.55
  0.590313   -3.75983       0.55
  0.590747   -3.74449       0.55
   0.59118   -3.72923       0.55
  0.591614   -3.71405       0.55
  0.592047   -3.69895       0.55
  0.592481   -3.68392       0.55
  0.592914   -3.66897       0.55
  0.593348    -3.6541       0.55
  0.593781   -3.63931       0.55
  0.594215   -3.62459       0.55
  0.594648   -3.60995       0.55
  0.595082   -3.59538       0.55
  0.595515   -3.58089       0.55
  0.595949   -3.56647       0.55
  0.596382   -3.55213       0.55
  0.596816   -3.53786       0.55
  0.597249   -3.52366       0.55
  0.597683   -3.50954       0.55
  0.598116   -3.49548       0.55
   0.59855    -3.4815       0.55
  0.598983   -3.46759       0.55
  0.599416   -3.45375       0.55
   0.59985   -3.43998       0.55
  0.600283   -3.42628       0.55
  0.600717   -3.41265       0.55
   0.60115   -3.39909       0.55
  0.601584   -3.38559       0.55
  0.602017   -3.37217       0.55
  0.602451   -3.35881       0.55
  0.602884   -3.34552       0.55
  0.603318    -3.3323       0.55
  0.603751   -3.31914       0.55
  0.604185   -3.30605       0.55
  0.604618   -3.29302       0.55
  0.605052   -3.28006       0.55
  0.605485   -3.26717       0.55
  0.605919   -3.25434       0.55
  0.606352   -3.24157       0.55
  0.606786   -3.22887       0.55
  0.607219   -3.21623       0.55
  0.607653   -3.20365       0.55
  0.608086   -3.19113       0.55
   0.60852   -3.17868       0.55
  0.608953   -3.16629       0.55
  0.609386   -3.15396       0.55
   0.60982   -3.14169       0.55
  0.610253   -3.12948       0.55
  0.610687   -3.11734       0.55
   0.61112   -3.10525       0.55
  0.611554   -3.09322       0.55
  0.611987   -3.08125       0.55
  0.612421   -3.06934       0.55
  0.612854   -3.05749       0.55
  0.613288    -3.0457       0.55
  0.613721   -3.03396       0.55
  0.614155   -3.02228       0.55
  0.614588   -3.01066       0.55
  0.615022    -2.9991       0.55
  0.615455   -2.98759       0.55
  0.615889   -2.97614       0.55
  0.616322   -2.96474       0.55
  0.616756    -2.9534       0.55
  0.617189   -2.94212       0.55
  0.617623   -2.93089       0.55
  0.618056   -2.91971       0.55
  0.618489   -2.90859       0.55
  0.618923   -2.89752       0.55
  0.619356   -2.88651       0.55
   0.61979   -2.87555       0.55
  0.620223   -2.86464       0.55
  0.620657   -2.85378       0.55
   0.62109   -2.84298       0.55
  0.621524   -2.83223       0.55
  0.621957   -2.82153       0.55
  0.622391   -2.81088       0.55
  0.622824   -2.80028       0.55
  0.623258   -2.78973       0.55
  0.623691   -2.77924       0.55
  0.624125   -2.76879       0.55
  0.624558    -2.7584       0.55
  0.624992   -2.74805       0.55
  0.625425   -2.73775       0.55
  0.625859    -2.7275       0.55
  0.626292    -2.7173       0.55
  0.626726   -2.70715       0.55
  0.627159   -2.69705       0.55
  0.627593     -2.687       0.55
  0.628026   -2.67699       0.55
  0.628459   -2.66703       0.55
  0.628893   -2.65712       0.55
  0.629326   -2.64725       0.55
   0.62976   -2.63743       0.55
  0.630193   -2.62766       0.55
  0.630627   -2.61793       0.55
   0.63106   -2.60825       0.55
  0.631494   -2.59861       0.55
  0.631927   -2.58902       0.55
  0.632361   -2.57948       0.55
  0.632794   -2.56998       0.55
  0.633228   -2.56052       0.55
  0.633661   -2.55111       0.55
  0.634095   -2.54174       0.55
  0.634528   -2.53242       0.55
  0.634962   -2.52313       0.55
  0.635395    -2.5139       0.55
  0.635829    -2.5047       0.55
  0.636262   -2.49555       0.55
  0.636696   -2.48644       0.55
  0.637129   -2.47737       0.55
  0.637563   -2.46835       0.55
  0.637996   -2.45936       0.55
  0.638429   -2.45042       0.55
  0.638863   -2.44152       0.55
  0.639296   -2.43266       0.55
   0.63973   -2.42384       0.55
  0.640163   -2.41506       0.55
  0.640597   -2.40633       0.55
   0.64103   -2.39763       0.55
  0.641464   -2.38897       0.55
  0.641897   -2.38035       0.55
  0.642331   -2.37178       0.55
  0.642764   -2.36324       0.55
  0.643198   -2.35474       0.55
  0.643631   -2.34628       0.55
  0.644065   -2.33785       0.55
  0.644498   -2.32947       0.55
  0.644932   -2.32112       0.55
  0.645365   -2.31281       0.55
  0.645799   -2.30454       0.55
  0.646232   -2.29631       0.55
  0.646666   -2.28812       0.55
  0.647099   -2.27996       0.55
  0.647533   -2.27184       0.55
  0.647966   -2.26375       0.55
  0.648399   -2.25571       0.55
  0.648833   -2.24769       0.55
  0.649266   -2.23972       0.55
    0.6497   -2.23178       0.55
  0.650133   -2.22388       0.55
  0.650567   -2.21601       0.55
     0.651   -2.20818       0.55
  0.651434   -2.20038       0.55
  0.651867   -2.19262       0.55
  0.652301   -2.18489       0.55
  0.652734    -2.1772       0.55
  0.653168   -2.16954       0.55
  0.653601   -2.16191       0.55
  0.654035   -2.15432       0.55
  0.654468   -2.14677       0.55
  0.654902   -2.13924       0.55
  0.655335   -2.13175       0.55
  0.655769    -2.1243       0.55
  0.656202   -2.11688       0.55
  0.656636   -2.10949       0.55
  0.657069   -2.10213       0.55
  0.657503    -2.0948       0.55
  0.657936   -2.08751       0.55
  0.658369   -2.08025       0.55
  0.658803   -2.07302       0.55
  0.659236   -2.06583       0.55
   0.65967   -2.05866       0.55
  0.660103   -2.05153       0.55
  0.660537   -2.04443       0.55
   0.66097   -2.03736       0.55
  0.661404   -2.03032       0.55
  0.661837   -2.02331       0.55
  0.662271   -2.01634       0.55
  0.662704   -2.00939       0.55
  0.663138   -2.00247       0.55
  0.663571   -1.99559       0.55
  0.664005   -1.98873       0.55
  0.664438   -1.98191       0.55
  0.664872   -1.97511       0.55
  0.665305   -1.96834       0.55
  0.665739   -1.96161       0.55
  0.666172    -1.9549       0.55
  0.666606   -1.94822       0.55
  0.667039   -1.94157       0.55
  0.667472   -1.93495       0.55
  0.667906   -1.92836       0.55
  0.668339    -1.9218       0.55
  0.668773   -1.91526       0.55
  0.669206   -1.90875       0.55
   0.66964   -1.90227       0.55
  0.670073   -1.89582       0.55
  0.670507    -1.8894       0.55
   0.67094     -1.883       0.55
  0.671374   -1.87664       0.55
  0.671807    -1.8703       0.55
  0.672241   -1.86398       0.55
  0.672674    -1.8577       0.55
  0.673108   -1.85144       0.55
  0.673541    -1.8452       0.55
  0.673975     -1.839       0.55
  0.674408   -1.83282       0.55
  0.674842   -1.82667       0.55
  0.675275   -1.82054       0.55
  0.675709   -1.81444       0.55
  0.676142   -1.80836       0.55
  0.676576   -1.80232       0.55
  0.677009   -1.79629       0.55
  0.677442   -1.79029       0.55
  0.677876   -1.78432       0.55
  0.678309   -1.77838       0.55
  0.678743   -1.77245       0.55
  0.679176   -1.76656       0.55
   0.67961   -1.76069       0.55
  0.680043   -1.75484       0.55
  0.680477   -1.74902       0.55
   0.68091   -1.74322       0.55
  0.681344   -1.73745       0.55
  0.681777    -1.7317       0.55
  0.682211   -1.72597       0.55
  0.682644   -1.72027       0.55
  0.683078    -1.7146       0.55
  0.683511   -1.70894       0.55
  0.683945   -1.70331       0.55
  0.684378   -1.69771       0.55
  0.684812   -1.69212       0.55
  0.685245   -1.68657       0.55
  0.685679   -1.68103       0.55
  0.686112   -1.67552       0.55
  0.686546   -1.67003       0.55
  0.686979   -1.66456       0.55
  0.687412   -1.65912       0.55
  0.687846    -1.6537       0.55
  0.688279    -1.6483       0.55
  0.688713   -1.64292       0.55
  0.689146   -1.63757       0.55
   0.68958   -1.63223       0.55
  0.690013   -1.62692       0.55
  0.690447   -1.62164       0.55
   0.69088   -1.61637       0.55
  0.691314   -1.61112       0.55
  0.691747    -1.6059       0.55
  0.692181    -1.6007       0.55
  0.692614   -1.59552       0.55
  0.693048   -1.59036       0.55
  0.693481   -1.58522       0.55
  0.693915   -1.58011       0.55
  0.694348   -1.57501       0.55
  0.694782   -1.56994       0.55
  0.695215   -1.56488       0.55
  0.695649   -1.55985       0.55
  0.696082   -1.55484       0.55
  0.696516   -1.54985       0.55
  0.696949   -1.54487       0.55
  0.697382   -1.53992       0.55
  0.697816   -1.53499       0.55
  0.698249   -1.53008       0.55
  0.698683   -1.52519       0.55
  0.699116   -1.52032       0.55
   0.69955   -1.51547       0.55
  0.699983   -1.51063       0.55
  0.700417   -1.50582       0.55
   0.70085   -1.50103       0.55
  0.701284   -1.49625       0.55
  0.701717    -1.4915       0.55
  0.702151   -1.48677       0.55
  0.702584   -1.48205       0.55
  0.703018   -1.47735       0.55
  0.703451   -1.47267       0.55
  0.703885   -1.46801       0.55
  0.704318   -1.46337       0.55
  0.704752   -1.45875       0.55
  0.705185   -1.45415       0.55
  0.705619   -1.44956       0.55
  0.706052     -1.445       0.55
  0.706485   -1.44045       0.55
  0.706919   -1.43592       0.55
  0.707352   -1.43141       0.55
  0.707786   -1.42691       0.55
  0.708219   -1.42244       0.55
  0.708653   -1.41798       0.55
  0.709086   -1.41354       0.55
   0.70952   -1.40912       0.55
  0.709953   -1.40471       0.55
  0.710387   -1.40032       0.55
   0.71082   -1.39595       0.55
  0.711254    -1.3916       0.55
  0.711687   -1.38726       0.55
  0.712121   -1.38295       0.55
  0.712554   -1.37864       0.55
  0.712988   -1.37436       0.55
  0.713421   -1.37009       0.55
  0.713855   -1.36584       0.55
  0.714288   -1.36161       0.55
  0.714722   -1.35739       0.55
  0.715155   -1.35319       0.55
  0.715589   -1.34901       0.55
  0.716022   -1.34484       0.55
  0.716455   -1.34069       0.55
  0.716889   -1.33655       0.55
  0.717322   -1.33243       0.55
  0.717756   -1.32833       0.55
  0.718189   -1.32424       0.55
  0.718623   -1.32017       0.55
  0.719056   -1.31612       0.55
   0.71949   -1.31208       0.55
  0.719923   -1.30806       0.55
  0.720357   -1.30405       0.55
   0.72079   -1.30006       0.55
  0.721224   -1.29608       0.55
  0.721657   -1.29212       0.55
  0.722091   -1.28817       0.55
  0.722524   -1.28424       0.55
  0.722958   -1.28033       0.55
  0.723391   -1.27643       0.55
  0.723825   -1.27254       0.55
  0.724258   -1.26867       0.55
  0.724692   -1.26482       0.55
  0.725125   -1.26098       0.55
  0.725559   -1.25715       0.55
  0.725992   -1.25334       0.55
  0.726425   -1.24955       0.55
  0.726859   -1.24576       0.55
  0.727292     -1.242       0.55
  0.727726   -1.23825       0.55
  0.728159   -1.23451       0.55
  0.728593   -1.23078       0.55
  0.729026   -1.22708       0.55
   0.72946   -1.22338       0.55
  0.729893    -1.2197       0.55
  0.730327   -1.21603       0.55
   0.73076   -1.21238       0.55
  0.731194   -1.20874       0.55
  0.731627   -1.20512       0.55
  0.732061   -1.20151       0.55
  0.732494   -1.19791       0.55
  0.732928   -1.19432       0.55
  0.733361   -1.19075       0.55
  0.733795    -1.1872       0.55
  0.734228   -1.18365       0.55
  0.734662   -1.18012       0.55
  0.735095   -1.17661       0.55
  0.735529   -1.17311       0.55
  0.735962   -1.16962       0.55
  0.736395   -1.16614       0.55
  0.736829   -1.16268       0.55
  0.737262   -1.15923       0.55
  0.737696   -1.15579       0.55
  0.738129   -1.15236       0.55
  0.738563   -1.14895       0.55
  0.738996   -1.14555       0.55
   0.73943   -1.14217       0.55
  0.739863   -1.13879       0.55
  0.740297   -1.13543       0.55
   0.74073   -1.13209       0.55
  0.741164   -1.12875       0.55
  0.741597   -1.12543       0.55
  0.742031   -1.12212       0.55
  0.742464   -1.11882       0.55
  0.742898   -1.11553       0.55
  0.743331   -1.11226       0.55
  0.743765     -1.109       0.55
  0.744198   -1.10575       0.55
  0.744632   -1.10251       0.55
  0.745065   -1.09929       0.55
  0.745498   -1.09607       0.55
  0.745932   -1.09287       0.55
  0.746365   -1.08968       0.55
  0.746799   -1.08651       0.55
  0.747232   -1.08334       0.55
  0.747666   -1.08019       0.55
  0.748099   -1.07704       0.55
  0.748533   -1.07391       0.55
  0.748966    -1.0708       0.55
    0.7494   -1.06769       0.55
  0.749833   -1.06459       0.55
  0.750267   -1.06151       0.55
    0.7507   -1.05843       0.55
  0.751134   -1.05537       0.55
  0.751567   -1.05232       0.55
  0.752001   -1.04928       0.55
  0.752434   -1.04625       0.55
  0.752868   -1.04323       0.55
  0.753301   -1.04023       0.55
  0.753735   -1.03723       0.55
  0.754168   -1.03425       0.55
  0.754602   -1.03128       0.55
  0.755035   -1.02831       0.55
  0.755468   -1.02536       0.55
  0.755902   -1.02242       0.55
  0.756335   -1.01949       0.55
  0.756769   -1.01657       0.55
  0.757202   -1.01366       0.55
  0.757636   -1.01076       0.55
  0.758069   -1.00787       0.55
  0.758503     -1.005       0.55
  0.758936   -1.00213       0.55
   0.75937  -0.999273       0.55
  0.759803  -0.996427       0.55
  0.760237  -0.993591       0.55
   0.76067  -0.990765       0.55
  0.761104   -0.98795       0.55
  0.761537  -0.985144       0.55
  0.761971  -0.982349       0.55
  0.762404  -0.979564       0.55
  0.762838  -0.976789       0.55
  0.763271  -0.974024       0.55
  0.763705  -0.971268       0.55
  0.764138  -0.968523       0.55
  0.764572  -0.965788       0.55
  0.765005  -0.963062       0.55
  0.765438  -0.960346       0.55
  0.765872   -0.95764       0.55
  0.766305  -0.954943       0.55
  0.766739  -0.952257       0.55
  0.767172  -0.949579       0.55
  0.767606  -0.946912       0.55
  0.768039  -0.944254       0.55
  0.768473  -0.941605       0.55
  0.768906  -0.938966       0.55
   0.76934  -0.936336       0.55
  0.769773  -0.933715       0.55
  0.770207  -0.931104       0.55
   0.77064  -0.928502       0.55
  0.771074   -0.92591       0.55
  0.771507  -0.923326       0.55
  0.771941  -0.920752       0.55
  0.772374  -0.918187       0.55
  0.772808  -0.915631       0.55
  0.773241  -0.913084       0.55
  0.773675  -0.910545       0.55
  0.774108  -0.908016       0.55
  0.774542  -0.905496       0.55
  0.774975  -0.902985       0.55
  0.775408  -0.900482       0.55
  0.775842  -0.897989       0.55
  0.776275  -0.895504       0.55
  0.776709  -0.893028       0.55
  0.777142   -0.89056       0.55
  0.777576  -0.888101       0.55
  0.778009  -0.885651       0.55
  0.778443   -0.88321       0.55
  0.778876  -0.880777       0.55
   0.77931  -0.878352       0.55
  0.779743  -0.875936       0.55
  0.780177  -0.873528       0.55
   0.78061  -0.871129       0.55
  0.781044  -0.868738       0.55
  0.781477  -0.866356       0.55
  0.781911  -0.863982       0.55
  0.782344  -0.861616       0.55
  0.782778  -0.859258       0.55
  0.783211  -0.856908       0.55
  0.783645  -0.854567       0.55
  0.784078  -0.852234       0.55
  0.784512  -0.849909       0.55
  0.784945  -0.847592       0.55
  0.785378  -0.845282       0.55
  0.785812  -0.842981       0.55
  0.786245  -0.840688       0.55
  0.786679  -0.838403       0.55
  0.787112  -0.836126       0.55
  0.787546  -0.833856       0.55
  0.787979  -0.831595       0.55
  0.788413  -0.829341       0.55
  0.788846  -0.827095       0.55
   0.78928  -0.824856       0.55
  0.789713  -0.822626       0.55
  0.790147  -0.820403       0.55
   0.79058  -0.818187       0.55
  0.791014  -0.815979       0.55
  0.791447  -0.813779       0.55
  0.791881  -0.811587       0.55
  0.792314  -0.809401       0.55
  0.792748  -0.807224       0.55
  0.793181  -0.805053       0.55
  0.793615  -0.802891       0.55
  0.794048  -0.800735       0.55
  0.794481  -0.798587       0.55
  0.794915  -0.796446       0.55
  0.795348  -0.794313       0.55
  0.795782  -0.792186       0.55
  0.796215  -0.790067       0.55
  0.796649  -0.787955       0.55
  0.797082  -0.785851       0.55
  0.797516  -0.783753       0.55
  0.797949  -0.781663       0.55
  0.798383  -0.779579       0.55
  0.798816  -0.777503       0.55
   0.79925  -0.775434       0.55
  0.799683  -0.773372       0.55
  0.800117  -0.771316       0.55
   0.80055  -0.769268       0.55
  0.800984  -0.767226       0.55
  0.801417  -0.765192       0.55
  0.801851  -0.763164       0.55
  0.802284  -0.761143       0.55
  0.802718  -0.759129       0.55
  0.803151  -0.757122       0.55
  0.803585  -0.755121       0.55
  0.804018  -0.753127       0.55
  0.804451   -0.75114       0.55
  0.804885   -0.74916       0.55
  0.805318  -0.747186       0.55
  0.805752  -0.745218       0.55
  0.806185  -0.743258       0.55
  0.806619  -0.741303       0.55
  0.807052  -0.739356       0.55
  0.807486  -0.737415       0.55
  0.807919   -0.73548       0.55
  0.808353  -0.733552       0.55
  0.808786   -0.73163       0.55
   0.80922  -0.729714       0.55
  0.809653  -0.727805       0.55
  0.810087  -0.725903       0.55
   0.81052  -0.724006       0.55
  0.810954  -0.722116       0.55
  0.811387  -0.720232       0.55
  0.811821  -0.718355       0.55
  0.812254  -0.716483       0.55
  0.812688  -0.714618       0.55
  0.813121  -0.712759       0.55
  0.813555  -0.710906       0.55
  0.813988  -0.709059       0.55
  0.814421  -0.707219       0.55
  0.814855  -0.705384       0.55
  0.815288  -0.703555       0.55
  0.815722  -0.701733       0.55
  0.816155  -0.699916       0.55
  0.816589  -0.698106       0.55
  0.817022  -0.696301       0.55
  0.817456  -0.694502       0.55
  0.817889  -0.692709       0.55
  0.818323  -0.690922       0.55
  0.818756  -0.689141       0.55
   0.81919  -0.687366       0.55
  0.819623  -0.685597       0.55
  0.820057  -0.683833       0.55
   0.82049  -0.682075       0.55
  0.820924  -0.680323       0.55
  0.821357  -0.678576       0.55
  0.821791  -0.676836       0.55
  0.822224  -0.675101       0.55
  0.822658  -0.673371       0.55
  0.823091  -0.671647       0.55
  0.823525  -0.669929       0.55
  0.823958  -0.668216       0.55
  0.824391  -0.666509       0.55
  0.824825  -0.664808       0.55
  0.825258  -0.663112       0.55
  0.825692  -0.661421       0.55
  0.826125  -0.659736       0.55
  0.826559  -0.658057       0.55
  0.826992  -0.656382       0.55
  0.827426  -0.654714       0.55
  0.827859   -0.65305       0.55
  0.828293  -0.651392       0.55
  0.828726   -0.64974       0.55
   0.82916  -0.648092       0.55
  0.829593   -0.64645       0.55
  0.830027  -0.644813       0.55
   0.83046  -0.643182       0.55
  0.830894  -0.641556       0.55
  0.831327  -0.639935       0.55
  0.831761  -0.638319       0.55
  0.832194  -0.636708       0.55
  0.832628  -0.635103       0.55
  0.833061  -0.633502       0.55
  0.833494  -0.631907       0.55
  0.833928  -0.630317       0.55
  0.834361  -0.628732       0.55
  0.834795  -0.627152       0.55
  0.835228  -0.625577       0.55
  0.835662  -0.624007       0.55
  0.836095  -0.622442       0.55
  0.836529  -0.620882       0.55
  0.836962  -0.619327       0.55
  0.837396  -0.617777       0.55
  0.837829  -0.616232       0.55
  0.838263  -0.614692       0.55
  0.838696  -0.613156       0.55
   0.83913  -0.611626       0.55
  0.839563    -0.6101       0.55
  0.839997  -0.608579       0.55
   0.84043  -0.607063       0.55
  0.840864  -0.605552       0.55
  0.841297  -0.604046       0.55
  0.841731  -0.602544       0.55
  0.842164  -0.601047       0.55
  0.842598  -0.599555       0.55
  0.843031  -0.598068       0.55
  0.843464  -0.596585       0.55
  0.843898  -0.595107       0.55
  0.844331  -0.593633       0.55
  0.844765  -0.592165       0.55
  0.845198    -0.5907       0.55
  0.845632  -0.589241       0.55
  0.846065  -0.587786       0.55
  0.846499  -0.586335       0.55
  0.846932  -0.584889       0.55
  0.847366  -0.583448       0.55
  0.847799  -0.582011       0.55
  0.848233  -0.580579       0.55
  0.848666  -0.579151       0.55
    0.8491  -0.577727       0.55
  0.849533  -0.576308       0.55
  0.849967  -0.574893       0.55
    0.8504  -0.573483       0.55
  0.850834  -0.572077       0.55
  0.851267  -0.570676       0.55
  0.851701  -0.569279       0.55
  0.852134  -0.567886       0.55
  0.852568  -0.566498       0.55
  0.853001  -0.565114       0.55
  0.853434  -0.563734       0.55
  0.853868  -0.562358       0.55
  0.854301  -0.560987       0.55
  0.854735   -0.55962       0.55
  0.855168  -0.558257       0.55
  0.855602  -0.556899       0.55
  0.856035  -0.555544       0.55
  0.856469  -0.554194       0.55
  0.856902  -0.552848       0.55
  0.857336  -0.551506       0.55
  0.857769  -0.550168       0.55
  0.858203  -0.548835       0.55
  0.858636  -0.547505       0.55
   0.85907   -0.54618       0.55
  0.859503  -0.544858       0.55
  0.859937  -0.543541       0.55
   0.86037  -0.542228       0.55
  0.860804  -0.540919       0.55
  0.861237  -0.539613       0.55
  0.861671  -0.538312       0.55
  0.862104  -0.537015       0.55
  0.862538  -0.535722       0.55
  0.862971  -0.534432       0.55
  0.863404  -0.533147       0.55
  0.863838  -0.531866       0.55
  0.864271  -0.530588       0.55
  0.864705  -0.529314       0.55
  0.865138  -0.528045       0.55
  0.865572  -0.526779       0.55
  0.866005  -0.525517       0.55
  0.866439  -0.524258       0.55
  0.866872  -0.523004       0.55
  0.867306  -0.521753       0.55
  0.867739  -0.520507       0.55
  0.868173  -0.519264       0.55
  0.868606  -0.518024       0.55
   0.86904  -0.516789       0.55
  0.869473  -0.515557       0.55
  0.869907  -0.514329       0.55
   0.87034  -0.513105       0.55
  0.870774  -0.511884       0.55
  0.871207  -0.510667       0.55
  0.871641  -0.509454       0.55
  0.872074  -0.508245       0.55
  0.872508  -0.507039       0.55
  0.872941  -0.505836       0.55
  0.873374  -0.504638       0.55
  0.873808  -0.503443       0.55
  0.874241  -0.502251       0.55
  0.874675  -0.501063       0.55
  0.875108  -0.499879       0.55
  0.875542  -0.498698       0.55
  0.875975  -0.497521       0.55
  0.876409  -0.496347       0.55
  0.876842  -0.495177       0.55
  0.877276   -0.49401       0.55
  0.877709  -0.492847       0.55
  0.878143  -0.491687       0.55
  0.878576  -0.490531       0.55
   0.87901  -0.489378       0.55
  0.879443  -0.488229       0.55
  0.879877  -0.487083       0.55
   0.88031   -0.48594       0.55
  0.880744  -0.484801       0.55
  0.881177  -0.483665       0.55
  0.881611  -0.482533       0.55
  0.882044  -0.481404       0.55
  0.882477  -0.480278       0.55
  0.882911  -0.479156       0.55
  0.883344  -0.478037       0.55
  0.883778  -0.476921       0.55
  0.884211  -0.475809       0.55
  0.884645    -0.4747       0.55
  0.885078  -0.473594       0.55
  0.885512  -0.472492       0.55
  0.885945  -0.471392       0.55
  0.886379  -0.470296       0.55
  0.886812  -0.469204       0.55
  0.887246  -0.468114       0.55
  0.887679  -0.467028       0.55
  0.888113  -0.465944       0.55
  0.888546  -0.464864       0.55
   0.88898  -0.463788       0.55
  0.889413  -0.462714       0.55
  0.889847  -0.461644       0.55
   0.89028  -0.460576       0.55
  0.890714  -0.459512       0.55
  0.891147  -0.458451       0.55
  0.891581  -0.457393       0.55
  0.892014  -0.456338       0.55
  0.892447  -0.455286       0.55
  0.892881  -0.454238       0.55
  0.893314  -0.453192       0.55
  0.893748   -0.45215       0.55
  0.894181   -0.45111       0.55
  0.894615  -0.450074       0.55
  0.895048   -0.44904       0.55
  0.895482   -0.44801       0.55
  0.895915  -0.446982       0.55
  0.896349  -0.445958       0.55
  0.896782  -0.444936       0.55
  0.897216  -0.443918       0.55
  0.897649  -0.442902       0.55
  0.898083   -0.44189       0.55
  0.898516   -0.44088       0.55
   0.89895  -0.439873       0.55
  0.899383  -0.438869       0.55
  0.899817  -0.437868       0.55
   0.90025   -0.43687       0.55
  0.900684  -0.435875       0.55
  0.901117  -0.434883       0.55
  0.901551  -0.433894       0.55
  0.901984  -0.432907       0.55
  0.902417  -0.431923       0.55
  0.902851  -0.430943       0.55
  0.903284  -0.429965       0.55
  0.903718  -0.428989       0.55
  0.904151  -0.428017       0.55
  0.904585  -0.427047       0.55
  0.905018  -0.426081       0.55
  0.905452  -0.425116       0.55
  0.905885  -0.424155       0.55
  0.906319  -0.423197       0.55
  0.906752  -0.422241       0.55
  0.907186  -0.421288       0.55
  0.907619  -0.420338       0.55
  0.908053   -0.41939       0.55
  0.908486  -0.418445       0.55
   0.90892  -0.417503       0.55
  0.909353  -0.416564       0.55
  0.909787  -0.415627       0.55
   0.91022  -0.414693       0.55
  0.910654  -0.413761       0.55
  0.911087  -0.412832       0.55
  0.911521  -0.411906       0.55
  0.911954  -0.410983       0.55
  0.912387  -0.410062       0.55
  0.912821  -0.409144       0.55
  0.913254  -0.408228       0.55
  0.913688  -0.407315       0.55
  0.914121  -0.406405       0.55
  0.914555  -0.405497       0.55
  0.914988  -0.404591       0.55
  0.915422  -0.403689       0.55
  0.915855  -0.402788       0.55
  0.916289  -0.401891       0.55
  0.916722  -0.400996       0.55
  0.917156  -0.400103       0.55
  0.917589  -0.399213       0.55
  0.918023  -0.398326       0.55
  0.918456  -0.397441       0.55
   0.91889  -0.396558       0.55
  0.919323  -0.395678       0.55
  0.919757    -0.3948       0.55
   0.92019  -0.393925       0.55
  0.920624  -0.393053       0.55
  0.921057  -0.392182       0.55
   0.92149  -0.391315       0.55
  0.921924  -0.390449       0.55
  0.922357  -0.389587       0.55
  0.922791  -0.388726       0.55
  0.923224  -0.387868       0.55
  0.923658  -0.387012       0.55
  0.924091  -0.386159       0.55
  0.924525  -0.385308       0.55
  0.924958   -0.38446       0.55
  0.925392  -0.383614       0.55
  0.925825   -0.38277       0.55
  0.926259  -0.381929       0.55
  0.926692   -0.38109       0.55
  0.927126  -0.380253       0.55
  0.927559  -0.379419       0.55
  0.927993  -0.378587       0.55
  0.928426  -0.377757       0.55
   0.92886  -0.376929       0.55
  0.929293  -0.376104       0.55
  0.929727  -0.375281       0.55
   0.93016  -0.374461       0.55
  0.930594  -0.373643       0.55
  0.931027  -0.372827       0.55
   0.93146  -0.372013       0.55
  0.931894  -0.371201       0.55
  0.932327  -0.370392       0.55
  0.932761  -0.369585       0.55
  0.933194   -0.36878       0.55
  0.933628  -0.367978       0.55
  0.934061  -0.367177       0.55
  0.934495  -0.366379       0.55
  0.934928  -0.365583       0.55
  0.935362   -0.36479       0.55
  0.935795  -0.363998       0.55
  0.936229  -0.363209       0.55
  0.936662  -0.362422       0.55
  0.937096  -0.361637       0.55
  0.937529  -0.360854       0.55
  0.937963  -0.360073       0.55
  0.938396  -0.359294       0.55
   0.93883  -0.358518       0.55
  0.939263  -0.357744       0.55
  0.939697  -0.356972       0.55
   0.94013  -0.356201       0.55
  0.940564  -0.355434       0.55
  0.940997  -0.354668       0.55
   0.94143  -0.353904       0.55
  0.941864  -0.353142       0.55
  0.942297  -0.352383       0.55
  0.942731  -0.351625       0.55
  0.943164   -0.35087       0.55
  0.943598  -0.350116       0.55
  0.944031  -0.349365       0.55
  0.944465  -0.348616       0.55
  0.944898  -0.347868       0.55
  0.945332  -0.347123       0.55
  0.945765   -0.34638       0.55
  0.946199  -0.345639       0.55
  0.946632    -0.3449       0.55
  0.947066  -0.344162       0.55
  0.947499  -0.343427       0.55
  0.947933  -0.342694       0.55
  0.948366  -0.341963       0.55
    0.9488  -0.341234       0.55
  0.949233  -0.340506       0.55
  0.949667  -0.339781       0.55
    0.9501  -0.339058       0.55
  0.950534  -0.338336       0.55
  0.950967  -0.337617       0.55
    0.9514    -0.3369       0.55
  0.951834  -0.336184       0.55
  0.952267   -0.33547       0.55
  0.952701  -0.334759       0.55
  0.953134  -0.334049       0.55
  0.953568  -0.333341       0.55
  0.954001  -0.332635       0.55
  0.954435  -0.331931       0.55
  0.954868  -0.331229       0.55
  0.955302  -0.330529       0.55
  0.955735   -0.32983       0.55
  0.956169  -0.329134       0.55
  0.956602  -0.328439       0.55
  0.957036  -0.327746       0.55
  0.957469  -0.327055       0.55
  0.957903  -0.326366       0.55
  0.958336  -0.325679       0.55
   0.95877  -0.324994       0.55
  0.959203   -0.32431       0.55
  0.959637  -0.323628       0.55
   0.96007  -0.322948       0.55
  0.960504   -0.32227       0.55
  0.960937  -0.321594       0.55
   0.96137  -0.320919       0.55
  0.961804  -0.320246       0.55
  0.962237  -0.319576       0.55
  0.962671  -0.318906       0.55
  0.963104  -0.318239       0.55
  0.963538  -0.317573       0.55
  0.963971  -0.316909       0.55
  0.964405  -0.316247       0.55
  0.964838  -0.315587       0.55
  0.965272  -0.314928       0.55
  0.965705  -0.314272       0.55
  0.966139  -0.313617       0.55
  0.966572  -0.312963       0.55
  0.967006  -0.312312       0.55
  0.967439  -0.311662       0.55
  0.967873  -0.311013       0.55
  0.968306  -0.310367       0.55
   0.96874  -0.309722       0.55
  0.969173  -0.309079       0.55
  0.969607  -0.308438       0.55
   0.97004  -0.307798       0.55
  0.970473   -0.30716       0.55
  0.970907  -0.306524       0.55
   0.97134  -0.305889       0.55
  0.971774  -0.305256       0.55
  0.972207  -0.304625       0.55
  0.972641  -0.303995       0.55
  0.973074  -0.303367       0.55
  0.973508   -0.30274       0.55
  0.973941  -0.302116       0.55
  0.974375  -0.301493       0.55
  0.974808  -0.300871       0.55
  0.975242  -0.300251       0.55
  0.975675  -0.299633       0.55
  0.976109  -0.299016       0.55
  0.976542  -0.298401       0.55
  0.976976  -0.297788       0.55
  0.977409  -0.297176       0.55
  0.977843  -0.296566       0.55
  0.978276  -0.295957       0.55
   0.97871   -0.29535       0.55
  0.979143  -0.294745       0.55
  0.979577  -0.294141       0.55
   0.98001  -0.293539       0.55
  0.980443  -0.292938       0.55
  0.980877  -0.292339       0.55
   0.98131  -0.291741       0.55
  0.981744  -0.291145       0.55
  0.982177   -0.29055       0.55
  0.982611  -0.289957       0.55
  0.983044  -0.289366       0.55
  0.983478  -0.288776       0.55
  0.983911  -0.288188       0.55
  0.984345  -0.287601       0.55
  0.984778  -0.287015       0.55
  0.985212  -0.286431       0.55
  0.985645  -0.285849       0.55
  0.986079  -0.285268       0.55
  0.986512  -0.284689       0.55
  0.986946  -0.284111       0.55
  0.987379  -0.283535       0.55
  0.987813   -0.28296       0.55
  0.988246  -0.282386       0.55
   0.98868  -0.281814       0.55
  0.989113  -0.281244       0.55
  0.989547  -0.280675       0.55
   0.98998  -0.280107       0.55
  0.990413  -0.279541       0.55
  0.990847  -0.278977       0.55
   0.99128  -0.278413       0.55
  0.991714  -0.277852       0.55
  0.992147  -0.277291       0.55
  0.992581  -0.276732       0.55
  0.993014  -0.276175       0.55
  0.993448  -0.275619       0.55
  0.993881  -0.275064       0.55
  0.994315  -0.274511       0.55
  0.994748  -0.273959       0.55
  0.995182  -0.273409       0.55
  0.995615   -0.27286       0.55
  0.996049  -0.272313       0.55
  0.996482  -0.271766       0.55
  0.996916  -0.271222       0.55
  0.997349  -0.270678       0.55
  0.997783  -0.270136       0.55
  0.998216  -0.269596       0.55
   0.99865  -0.269056       0.55
  0.999083  -0.268518       0.55
  0.999517  -0.267982       0.55
   0.99995  -0.267447       0.55
   1.00038  -0.266913       0.55
   1.00082   -0.26638       0.55
   1.00125  -0.265849       0.55
   1.00168  -0.265319       0.55
   1.00212  -0.264791       0.55
   1.00255  -0.264264       0.55
   1.00298  -0.263738       0.55
   1.00342  -0.263214       0.55
   1.00385  -0.262691       0.55
   1.00428  -0.262169       0.55
   1.00472  -0.261648       0.55
   1.00515  -0.261129       0.55
   1.00559  -0.260611       0.55
   1.00602  -0.260095       0.55
   1.00645  -0.259579       0.55
   1.00689  -0.259065       0.55
   1.00732  -0.258553       0.55
   1.00775  -0.258041       0.55
   1.00819  -0.257531       0.55
   1.00862  -0.257022       0.55
   1.00905  -0.256515       0.55
   1.00949  -0.256008       0.55
   1.00992  -0.255503       0.55
   1.01035     -0.255       0.55
   1.01079  -0.254497       0.55
   1.01122  -0.253996       0.55
   1.01165  -0.253496       0.55
   1.01209  -0.252997       0.55
   1.01252    -0.2525       0.55
   1.01295  -0.252003       0.55
   1.01339  -0.251508       0.55
   1.01382  -0.251015       0.55
   1.01425  -0.250522       0.55
   1.01469  -0.250031       0.55
   1.01512  -0.249541       0.55
   1.01556  -0.249052       0.55
   1.01599  -0.248564       0.55
   1.01642  -0.248078       0.55
   1.01686  -0.247592       0.55
   1.01729  -0.247108       0.55
   1.01772  -0.246625       0.55
   1.01816  -0.246144       0.55
   1.01859  -0.245663       0.55
   1.01902  -0.245184       0.55
   1.01946  -0.244706       0.55
   1.01989  -0.244229       0.55
   1.02032  -0.243753       0.55
   1.02076  -0.243279       0.55
   1.02119  -0.242805       0.55
   1.02162  -0.242333       0.55
   1.02206  -0.241862       0.55
   1.02249  -0.241392       0.55
   1.02292  -0.240923       0.55
   1.02336  -0.240456       0.55
   1.02379  -0.239989       0.55
   1.02422  -0.239524       0.55
   1.02466   -0.23906       0.55
   1.02509  -0.238597       0.55
   1.02553  -0.238135       0.55
   1.02596  -0.237674       0.55
   1.02639  -0.237215       0.55
   1.02683  -0.236756       0.55
   1.02726  -0.236299       0.55
   1.02769  -0.235843       0.55
   1.02813  -0.235388       0.55
   1.02856  -0.234934       0.55
   1.02899  -0.234481       0.55
   1.02943  -0.234029       0.55
   1.02986  -0.233578       0.55
   1.03029  -0.233129       0.55
   1.03073   -0.23268       0.55
   1.03116  -0.232233       0.55
   1.03159  -0.231787       0.55
   1.03203  -0.231342       0.55
   1.03246  -0.230897       0.55
   1.03289  -0.230454       0.55
   1.03333  -0.230012       0.55
   1.03376  -0.229572       0.55
   1.03419  -0.229132       0.55
   1.03463  -0.228693       0.55
   1.03506  -0.228255       0.55
    1.0355  -0.227819       0.55
   1.03593  -0.227383       0.55
   1.03636  -0.226949       0.55
    1.0368  -0.226515       0.55
   1.03723  -0.226083       0.55
   1.03766  -0.225652       0.55
    1.0381  -0.225221       0.55
   1.03853  -0.224792       0.55
   1.03896  -0.224364       0.55
    1.0394  -0.223937       0.55
   1.03983   -0.22351       0.55
   1.04026  -0.223085       0.55
    1.0407  -0.222661       0.55
   1.04113  -0.222238       0.55
   1.04156  -0.221816       0.55
     1.042  -0.221395       0.55
   1.04243  -0.220975       0.55
   1.04286  -0.220556       0.55
    1.0433  -0.220138       0.55
   1.04373  -0.219721       0.55
   1.04416  -0.219305       0.55
    1.0446   -0.21889       0.55
   1.04503  -0.218476       0.55
   1.04547  -0.218063       0.55
    1.0459  -0.217651       0.55
   1.04633   -0.21724       0.55
   1.04677   -0.21683       0.55
    1.0472  -0.216421       0.55
   1.04763  -0.216013       0.55
   1.04807  -0.215605       0.55
    1.0485  -0.215199       0.55
   1.04893  -0.214794       0.55
   1.04937   -0.21439       0.55
    1.0498  -0.213987       0.55
   1.05023  -0.213584       0.55
   1.05067  -0.213183       0.55
    1.0511  -0.212783       0.55
   1.05153  -0.212383       0.55
   1.05197  -0.211985       0.55
    1.0524  -0.211587       0.55
   1.05283  -0.211191       0.55
   1.05327  -0.210795       0.55
    1.0537    -0.2104       0.55
   1.05413  -0.210007       0.55
   1.05457  -0.209614       0.55
     1.055  -0.209222       0.55
   1.05544  -0.208831       0.55
   1.05587  -0.208441       0.55
    1.0563  -0.208052       0.55
   1.05674  -0.207664       0.55
   1.05717  -0.207276       0.55
    1.0576   -0.20689       0.55
   1.05804  -0.206505       0.55
   1.05847   -0.20612       0.55
    1.0589  -0.205737       0.55
   1.05934  -0.205354       0.55
   1.05977  -0.204972       0.55
    1.0602  -0.204591       0.55
   1.06064  -0.204211       0.55
   1.06107  -0.203832       0.55
    1.0615  -0.203454       0.55
   1.06194  -0.203076       0.55
   1.06237    -0.2027       0.55
    1.0628  -0.202324       0.55
   1.06324   -0.20195       0.55
   1.06367  -0.201576       0.55
    1.0641  -0.201203       0.55
   1.06454  -0.200831       0.55
   1.06497   -0.20046       0.55
   1.06541  -0.200089       0.55
   1.06584   -0.19972       0.55
   1.06627  -0.199351       0.55
   1.06671  -0.198984       0.55
   1.06714  -0.198617       0.55
   1.06757  -0.198251       0.55
   1.06801  -0.197886       0.55
   1.06844  -0.197521       0.55
   1.06887  -0.197158       0.55
   1.06931  -0.196795       0.55
   1.06974  -0.196434       0.55
   1.07017  -0.196073       0.55
   1.07061  -0.195713       0.55
   1.07104  -0.195354       0.55
   1.07147  -0.194995       0.55
   1.07191  -0.194638       0.55
   1.07234  -0.194281       0.55
   1.07277  -0.193925       0.55
   1.07321   -0.19357       0.55
   1.07364  -0.193216       0.55
   1.07407  -0.192862       0.55
   1.07451   -0.19251       0.55
   1.07494  -0.192158       0.55
   1.07538  -0.191807       0.55
   1.07581  -0.191457       0.55
   1.07624  -0.191107       0.55
   1.07668  -0.190759       0.55
   1.07711  -0.190411       0.55
   1.07754  -0.190064       0.55
   1.07798  -0.189718       0.55
   1.07841  -0.189373       0.55
   1.07884  -0.189028       0.55
   1.07928  -0.188685       0.55
   1.07971  -0.188342       0.55
   1.08014  -0.187999       0.55
   1.08058  -0.187658       0.55
   1.08101  -0.187317       0.55
   1.08144  -0.186978       0.55
   1.08188  -0.186639       0.55
   1.08231    -0.1863       0.55
   1.08274  -0.185963       0.55
   1.08318  -0.185626       0.55
   1.08361   -0.18529       0.55
   1.08404  -0.184955       0.55
   1.08448  -0.184621       0.55
   1.08491  -0.184287       0.55
   1.08535  -0.183954       0.55
   1.08578  -0.183622       0.55
   1.08621  -0.183291       0.55
   1.08665  -0.182961       0.55
   1.08708  -0.182631       0.55
   1.08751  -0.182302       0.55
   1.08795  -0.181973       0.55
   1.08838  -0.181646       0.55
   1.08881  -0.181319       0.55
   1.08925  -0.180993       0.55
   1.08968  -0.180668       0.55
   1.09011  -0.180343       0.55
   1.09055  -0.180019       0.55
   1.09098  -0.179696       0.55
   1.09141  -0.179374       0.55
   1.09185  -0.179052       0.55
   1.09228  -0.178731       0.55
   1.09271  -0.178411       0.55
   1.09315  -0.178092       0.55
   1.09358  -0.177773       0.55
   1.09401  -0.177455       0.55
   1.09445  -0.177138       0.55
   1.09488  -0.176821       0.55
   1.09532  -0.176505       0.55
   1.09575   -0.17619       0.55
   1.09618  -0.175876       0.55
   1.09662  -0.175562       0.55
   1.09705  -0.175249       0.55
   1.09748  -0.174937       0.55
   1.09792  -0.174625       0.55
   1.09835  -0.174314       0.55
   1.09878  -0.174004       0.55
   1.09922  -0.173695       0.55
   1.09965  -0.173386       0.55
   1.10008  -0.173078       0.55
   1.10052  -0.172771       0.55
   1.10095  -0.172464       0.55
   1.10138  -0.172158       0.55
   1.10182  -0.171853       0.55
   1.10225  -0.171548       0.55
   1.10268  -0.171244       0.55
   1.10312  -0.170941       0.55
   1.10355  -0.170638       0.55
   1.10398  -0.170336       0.55
   1.10442  -0.170035       0.55
   1.10485  -0.169735       0.55
   1.10529  -0.169435       0.55
   1.10572  -0.169136       0.55
   1.10615  -0.168837       0.55
   1.10659  -0.168539       0.55
   1.10702  -0.168242       0.55
   1.10745  -0.167945       0.55
   1.10789   -0.16765       0.55
   1.10832  -0.167354       0.55
   1.10875   -0.16706       0.55
   1.10919  -0.166766       0.55
   1.10962  -0.166473       0.55
   1.11005   -0.16618       0.55
   1.11049  -0.165888       0.55
   1.11092  -0.165597       0.55
   1.11135  -0.165306       0.55
   1.11179  -0.165016       0.55
   1.11222  -0.164727       0.55
   1.11265  -0.164438       0.55
   1.11309   -0.16415       0.55
   1.11352  -0.163863       0.55
   1.11395  -0.163576       0.55
   1.11439   -0.16329       0.55
   1.11482  -0.163004       0.55
   1.11526   -0.16272       0.55
   1.11569  -0.162435       0.55
   1.11612  -0.162152       0.55
   1.11656  -0.161869       0.55
   1.11699  -0.161586       0.55
   1.11742  -0.161305       0.55
   1.11786  -0.161024       0.55
   1.11829  -0.160743       0.55
   1.11872  -0.160463       0.55
   1.11916  -0.160184       0.55
   1.11959  -0.159905       0.55
   1.12002  -0.159627       0.55
   1.12046   -0.15935       0.55
   1.12089  -0.159073       0.55
   1.12132  -0.158797       0.55
   1.12176  -0.158521       0.55
   1.12219  -0.158246       0.55
   1.12262  -0.157972       0.55
   1.12306  -0.157698       0.55
   1.12349  -0.157425       0.55
   1.12392  -0.157152       0.55
   1.12436   -0.15688       0.55
   1.12479  -0.156609       0.55
   1.12523  -0.156338       0.55
   1.12566  -0.156068       0.55
   1.12609  -0.155799       0.55
   1.12653   -0.15553       0.55
   1.12696  -0.155261       0.55
   1.12739  -0.154993       0.55
   1.12783  -0.154726       0.55
   1.12826  -0.154459       0.55
   1.12869  -0.154193       0.55
   1.12913  -0.153928       0.55
   1.12956  -0.153663       0.55
   1.12999  -0.153399       0.55
   1.13043  -0.153135       0.55
   1.13086  -0.152872       0.55
   1.13129  -0.152609       0.55
   1.13173  -0.152347       0.55
   1.13216  -0.152086       0.55
   1.13259  -0.151825       0.55
   1.13303  -0.151564       0.55
   1.13346  -0.151305       0.55
   1.13389  -0.151045       0.55
   1.13433  -0.150787       0.55
   1.13476  -0.150529       0.55
    1.1352  -0.150271       0.55
   1.13563  -0.150014       0.55
   1.13606  -0.149758       0.55
    1.1365  -0.149502       0.55
   1.13693  -0.149247       0.55
   1.13736  -0.148992       0.55
    1.1378  -0.148738       0.55
   1.13823  -0.148484       0.55
   1.13866  -0.148231       0.55
    1.1391  -0.147978       0.55
   1.13953  -0.147726       0.55
   1.13996  -0.147475       0.55
    1.1404  -0.147224       0.55
   1.14083  -0.146974       0.55
   1.14126  -0.146724       0.55
    1.1417  -0.146475       0.55
   1.14213  -0.146226       0.55
   1.14256  -0.145978       0.55
     1.143   -0.14573       0.55
   1.14343  -0.145483       0.55
   1.14386  -0.145236       0.55
    1.1443   -0.14499       0.55
   1.14473  -0.144744       0.55
   1.14517  -0.144499       0.55
    1.1456  -0.144255       0.55
   1.14603  -0.144011       0.55
   1.14647  -0.143767       0.55
    1.1469  -0.143525       0.55
   1.14733  -0.143282       0.55
   1.14777   -0.14304       0.55
    1.1482  -0.142799       0.55
   1.14863  -0.142558       0.55
   1.14907  -0.142318       0.55
    1.1495  -0.142078       0.55
   1.14993  -0.141838       0.55
   1.15037    -0.1416       0.55
    1.1508  -0.141361       0.55
   1.15123  -0.141124       0.55
   1.15167  -0.140886       0.55
    1.1521  -0.140649       0.55
   1.15253  -0.140413       0.55
   1.15297  -0.140177       0.55
    1.1534  -0.139942       0.55
   1.15383  -0.139707       0.55
   1.15427  -0.139473       0.55
    1.1547  -0.139239       0.55
   1.15514  -0.139006       0.55
   1.15557  -0.138773       0.55
     1.156  -0.138541       0.55
   1.15644  -0.138309       0.55
   1.15687  -0.138078       0.55
    1.1573  -0.137847       0.55
   1.15774  -0.137617       0.55
   1.15817  -0.137387       0.55
    1.1586  -0.137157       0.55
   1.15904  -0.136929       0.55
   1.15947    -0.1367       0.55
    1.1599  -0.136472       0.55
   1.16034  -0.136245       0.55
   1.16077  -0.136018       0.55
    1.1612  -0.135791       0.55
   1.16164  -0.135565       0.55
   1.16207   -0.13534       0.55
    1.1625  -0.135115       0.55
   1.16294   -0.13489       0.55
   1.16337  -0.134666       0.55
    1.1638  -0.134443       0.55
   1.16424   -0.13422       0.55
   1.16467  -0.133997       0.55
   1.16511  -0.133775       0.55
   1.16554  -0.133553       0.55
   1.16597  -0.133332       0.55
   1.16641  -0.133111       0.55
   1.16684   -0.13289       0.55
   1.16727  -0.132671       0.55
   1.16771  -0.132451       0.55
   1.16814  -0.132232       0.55
   1.16857  -0.132014       0.55
   1.16901  -0.131796       0.55
   1.16944  -0.131578       0.55
   1.16987  -0.131361       0.55
   1.17031  -0.131144       0.55
   1.17074  -0.130928       0.55
   1.17117  -0.130712       0.55
   1.17161  -0.130497       0.55
   1.17204  -0.130282       0.55
   1.17247  -0.130068       0.55
   1.17291  -0.129854       0.55
   1.17334   -0.12964       0.55
   1.17377  -0.129427       0.55
   1.17421  -0.129214       0.55
   1.17464  -0.129002       0.55
   1.17508   -0.12879       0.55
   1.17551  -0.128579       0.55
   1.17594  -0.128368       0.55
   1.17638  -0.128158       0.55
   1.17681  -0.127948       0.55
   1.17724  -0.127738       0.55
   1.17768  -0.127529       0.55
   1.17811   -0.12732       0.55
   1.17854  -0.127112       0.55
   1.17898  -0.126904       0.55
   1.17941  -0.126697       0.55
   1.17984   -0.12649       0.55
   1.18028  -0.126283       0.55
   1.18071  -0.126077       0.55
   1.18114  -0.125872       0.55
   1.18158  -0.125666       0.55
   1.18201  -0.125461       0.55
   1.18244  -0.125257       0.55
   1.18288  -0.125053       0.55
   1.18331  -0.124849       0.55
   1.18374  -0.124646       0.55
   1.18418  -0.124444       0.55
   1.18461  -0.124241       0.55
   1.18505  -0.124039       0.55
   1.18548  -0.123838       0.55
   1.18591  -0.123637       0.55
   1.18635  -0.123436       0.55
   1.18678  -0.123236       0.55
   1.18721  -0.123036       0.55
   1.18765  -0.122837       0.55
   1.18808  -0.122638       0.55
   1.18851  -0.122439       0.55
   1.18895  -0.122241       0.55
   1.18938  -0.122043       0.55
   1.18981  -0.121846       0.55
   1.19025  -0.121649       0.55
   1.19068  -0.121452       0.55
   1.19111  -0.121256       0.55
   1.19155   -0.12106       0.55
   1.19198  -0.120865       0.55
   1.19241   -0.12067       0.55
   1.19285  -0.120475       0.55
   1.19328  -0.120281       0.55
   1.19371  -0.120087       0.55
   1.19415  -0.119894       0.55
   1.19458  -0.119701       0.55
   1.19502  -0.119508       0.55
   1.19545  -0.119316       0.55
   1.19588  -0.119124       0.55
   1.19632  -0.118933       0.55
   1.19675  -0.118742       0.55
   1.19718  -0.118551       0.55
   1.19762  -0.118361       0.55
   1.19805  -0.118171       0.55
   1.19848  -0.117981       0.55
   1.19892  -0.117792       0.55
   1.19935  -0.117604       0.55
   1.19978  -0.117415       0.55
   1.20022  -0.117227       0.55
   1.20065   -0.11704       0.55
   1.20108  -0.116853       0.55
   1.20152  -0.116666       0.55
   1.20195  -0.116479       0.55
   1.20238  -0.116293       0.55
   1.20282  -0.116108       0.55
   1.20325  -0.115922       0.55
   1.20368  -0.115737       0.55
   1.20412  -0.115553       0.55
   1.20455  -0.115369       0.55
   1.20498  -0.115185       0.55
   1.20542  -0.115001       0.55
   1.20585  -0.114818       0.55
   1.20629  -0.114636       0.55
   1.20672  -0.114453       0.55
   1.20715  -0.114271       0.55
   1.20759   -0.11409       0.55
   1.20802  -0.113909       0.55
   1.20845  -0.113728       0.55
   1.20889  -0.113547       0.55
   1.20932  -0.113367       0.55
   1.20975  -0.113187       0.55
   1.21019  -0.113008       0.55
   1.21062  -0.112829       0.55
   1.21105   -0.11265       0.55
   1.21149  -0.112472       0.55
   1.21192  -0.112294       0.55
   1.21235  -0.112116       0.55
   1.21279  -0.111939       0.55
   1.21322  -0.111762       0.55
   1.21365  -0.111585       0.55
   1.21409  -0.111409       0.55
   1.21452  -0.111233       0.55
   1.21495  -0.111058       0.55
   1.21539  -0.110883       0.55
   1.21582  -0.110708       0.55
   1.21626  -0.110534       0.55
   1.21669  -0.110359       0.55
   1.21712  -0.110186       0.55
   1.21756  -0.110012       0.55
   1.21799  -0.109839       0.55
   1.21842  -0.109666       0.55
   1.21886  -0.109494       0.55
   1.21929  -0.109322       0.55
   1.21972   -0.10915       0.55
   1.22016  -0.108979       0.55
   1.22059  -0.108808       0.55
   1.22102  -0.108637       0.55
   1.22146  -0.108467       0.55
   1.22189  -0.108297       0.55
   1.22232  -0.108127       0.55
   1.22276  -0.107958       0.55
   1.22319  -0.107789       0.55
   1.22362  -0.107621       0.55
   1.22406  -0.107452       0.55
   1.22449  -0.107284       0.55
   1.22492  -0.107117       0.55
   1.22536  -0.106949       0.55
   1.22579  -0.106782       0.55
   1.22623  -0.106616       0.55
   1.22666  -0.106449       0.55
   1.22709  -0.106283       0.55
   1.22753  -0.106118       0.55
   1.22796  -0.105952       0.55
   1.22839  -0.105787       0.55
   1.22883  -0.105623       0.55
   1.22926  -0.105458       0.55
   1.22969  -0.105294       0.55
   1.23013  -0.105131       0.55
   1.23056  -0.104967       0.55
   1.23099  -0.104804       0.55
   1.23143  -0.104641       0.55
   1.23186  -0.104479       0.55
   1.23229  -0.104317       0.55
   1.23273  -0.104155       0.55
   1.23316  -0.103994       0.55
   1.23359  -0.103832       0.55
   1.23403  -0.103672       0.55
   1.23446  -0.103511       0.55
   1.23489  -0.103351       0.55
   1.23533  -0.103191       0.55
   1.23576  -0.103031       0.55
    1.2362  -0.102872       0.55
   1.23663  -0.102713       0.55
   1.23706  -0.102555       0.55
    1.2375  -0.102396       0.55
   1.23793  -0.102238       0.55
   1.23836   -0.10208       0.55
    1.2388  -0.101923       0.55
   1.23923  -0.101766       0.55
   1.23966  -0.101609       0.55
    1.2401  -0.101453       0.55
   1.24053  -0.101297       0.55
   1.24096  -0.101141       0.55
    1.2414  -0.100985       0.55
   1.24183   -0.10083       0.55
   1.24226  -0.100675       0.55
    1.2427   -0.10052       0.55
   1.24313  -0.100366       0.55
   1.24356  -0.100212       0.55
     1.244  -0.100058       0.55
   1.24443 -0.0999045       0.55
   1.24486 -0.0997514       0.55
    1.2453 -0.0995985       0.55
   1.24573 -0.0994459       0.55
   1.24617 -0.0992937       0.55
    1.2466 -0.0991417       0.55
   1.24703   -0.09899       0.55
   1.24747 -0.0988386       0.55
    1.2479 -0.0986875       0.55
   1.24833 -0.0985367       0.55
   1.24877 -0.0983862       0.55
    1.2492  -0.098236       0.55
   1.24963  -0.098086       0.55
   1.25007 -0.0979364       0.55
    1.2505  -0.097787       0.55
   1.25093  -0.097638       0.55
   1.25137 -0.0974892       0.55
    1.2518 -0.0973407       0.55
   1.25223 -0.0971925       0.55
   1.25267 -0.0970446       0.55
    1.2531  -0.096897       0.55
   1.25353 -0.0967496       0.55
   1.25397 -0.0966025       0.55
    1.2544 -0.0964558       0.55
   1.25483 -0.0963093       0.55
   1.25527 -0.0961631       0.55
    1.2557 -0.0960171       0.55
   1.25614 -0.0958715       0.55
   1.25657 -0.0957261       0.55
     1.257  -0.095581       0.55
   1.25744 -0.0954362       0.55
   1.25787 -0.0952916       0.55
    1.2583 -0.0951474       0.55
   1.25874 -0.0950034       0.55
   1.25917 -0.0948597       0.55
    1.2596 -0.0947163       0.55
   1.26004 -0.0945731       0.55
   1.26047 -0.0944302       0.55
    1.2609 -0.0942876       0.55
   1.26134 -0.0941453       0.55
   1.26177 -0.0940032       0.55
    1.2622 -0.0938614       0.55
   1.26264 -0.0937199       0.55
   1.26307 -0.0935786       0.55
    1.2635 -0.0934376       0.55
   1.26394 -0.0932969       0.55
   1.26437 -0.0931565       0.55
    1.2648 -0.0930163       0.55
   1.26524 -0.0928764       0.55
   1.26567 -0.0927368       0.55
   1.26611 -0.0925974       0.55
   1.26654 -0.0924583       0.55
   1.26697 -0.0923194       0.55
   1.26741 -0.0921808       0.55
   1.26784 -0.0920425       0.55
   1.26827 -0.0919045       0.55
   1.26871 -0.0917667       0.55
   1.26914 -0.0916291       0.55
   1.26957 -0.0914919       0.55
   1.27001 -0.0913548       0.55
   1.27044 -0.0912181       0.55
   1.27087 -0.0910816       0.55
   1.27131 -0.0909454       0.55
   1.27174 -0.0908094       0.55
   1.27217 -0.0906737       0.55
   1.27261 -0.0905382       0.55
   1.27304  -0.090403       0.55
   1.27347  -0.090268       0.55
   1.27391 -0.0901334       0.55
   1.27434 -0.0899989       0.55
   1.27477 -0.0898647       0.55
   1.27521 -0.0897308       0.55
   1.27564 -0.0895971       0.55
   1.27608 -0.0894637       0.55
   1.27651 -0.0893305       0.55
   1.27694 -0.0891976       0.55
   1.27738 -0.0890649       0.55
   1.27781 -0.0889325       0.55
   1.27824 -0.0888003       0.55
   1.27868 -0.0886684       0.55
   1.27911 -0.0885367       0.55
   1.27954 -0.0884053       0.55
   1.27998 -0.0882741       0.55
   1.28041 -0.0881432       0.55
   1.28084 -0.0880125       0.55
   1.28128  -0.087882       0.55
   1.28171 -0.0877518       0.55
   1.28214 -0.0876219       0.55
   1.28258 -0.0874922       0.55
   1.28301 -0.0873627       0.55
   1.28344 -0.0872335       0.55
   1.28388 -0.0871045       0.55
   1.28431 -0.0869757       0.55
   1.28474 -0.0868472       0.55
   1.28518  -0.086719       0.55
   1.28561  -0.086591       0.55
   1.28605 -0.0864632       0.55
   1.28648 -0.0863356       0.55
   1.28691 -0.0862083       0.55
   1.28735 -0.0860813       0.55
   1.28778 -0.0859544       0.55
   1.28821 -0.0858278       0.55
   1.28865 -0.0857015       0.55
   1.28908 -0.0855754       0.55
   1.28951 -0.0854495       0.55
   1.28995 -0.0853238       0.55
   1.29038 -0.0851984       0.55
   1.29081 -0.0850732       0.55
   1.29125 -0.0849483       0.55
   1.29168 -0.0848235       0.55
   1.29211 -0.0846991       0.55
   1.29255 -0.0845748       0.55
   1.29298 -0.0844508       0.55
   1.29341  -0.084327       0.55
   1.29385 -0.0842034       0.55
   1.29428 -0.0840801       0.55
   1.29471  -0.083957       0.55
   1.29515 -0.0838341       0.55
   1.29558 -0.0837114       0.55
   1.29602  -0.083589       0.55
   1.29645 -0.0834668       0.55
   1.29688 -0.0833449       0.55
   1.29732 -0.0832231       0.55
   1.29775 -0.0831016       0.55
   1.29818 -0.0829803       0.55
   1.29862 -0.0828592       0.55
   1.29905 -0.0827384       0.55
   1.29948 -0.0826178       0.55
   1.29992 -0.0824974       0.55
   1.30035 -0.0823772       0.55
   1.30078 -0.0822572       0.55
   1.30122 -0.0821375       0.55
   1.30165  -0.082018       0.55
   1.30208 -0.0818987       0.55
   1.30252 -0.0817796       0.55
   1.30295 -0.0816607       0.55
   1.30338 -0.0815421       0.55
   1.30382 -0.0814237       0.55
   1.30425 -0.0813055       0.55
   1.30468 -0.0811875       0.55
   1.30512 -0.0810697       0.55
   1.30555 -0.0809522       0.55
   1.30599 -0.0808349       0.55
   1.30642 -0.0807177       0.55
   1.30685 -0.0806008       0.55
   1.30729 -0.0804841       0.55
   1.30772 -0.0803677       0.55
   1.30815 -0.0802514       0.55
   1.30859 -0.0801354       0.55
   1.30902 -0.0800195       0.55
   1.30945 -0.0799039       0.55
   1.30989 -0.0797885       0.55
   1.31032 -0.0796733       0.55
   1.31075 -0.0795583       0.55
   1.31119 -0.0794435       0.55
   1.31162 -0.0793289       0.55
   1.31205 -0.0792146       0.55
   1.31249 -0.0791004       0.55
   1.31292 -0.0789865       0.55
   1.31335 -0.0788727       0.55
   1.31379 -0.0787592       0.55
   1.31422 -0.0786459       0.55
   1.31465 -0.0785328       0.55
   1.31509 -0.0784199       0.55
   1.31552 -0.0783071       0.55
   1.31596 -0.0781946       0.55
   1.31639 -0.0780824       0.55
   1.31682 -0.0779703       0.55
   1.31726 -0.0778584       0.55
   1.31769 -0.0777467       0.55
   1.31812 -0.0776352       0.55
   1.31856 -0.0775239       0.55
   1.31899 -0.0774129       0.55
   1.31942  -0.077302       0.55
   1.31986 -0.0771913       0.55
   1.32029 -0.0770808       0.55
   1.32072 -0.0769706       0.55
   1.32116 -0.0768605       0.55
   1.32159 -0.0767506       0.55
   1.32202 -0.0766409       0.55
   1.32246 -0.0765315       0.55
   1.32289 -0.0764222       0.55
   1.32332 -0.0763131       0.55
   1.32376 -0.0762042       0.55
   1.32419 -0.0760955       0.55
   1.32462  -0.075987       0.55
   1.32506 -0.0758787       0.55
   1.32549 -0.0757706       0.55
   1.32593 -0.0756627       0.55
   1.32636  -0.075555       0.55
   1.32679 -0.0754475       0.55
   1.32723 -0.0753402       0.55
   1.32766 -0.0752331       0.55
   1.32809 -0.0751261       0.55
   1.32853 -0.0750194       0.55
   1.32896 -0.0749128       0.55
   1.32939 -0.0748065       0.55
   1.32983 -0.0747003       0.55
   1.33026 -0.0745943       0.55
   1.33069 -0.0744885       0.55
   1.33113 -0.0743829       0.55
   1.33156 -0.0742775       0.55
   1.33199 -0.0741723       0.55
   1.33243 -0.0740673       0.55
   1.33286 -0.0739624       0.55
   1.33329 -0.0738578       0.55
   1.33373 -0.0737533       0.55
   1.33416  -0.073649       0.55
   1.33459 -0.0735449       0.55
   1.33503  -0.073441       0.55
   1.33546 -0.0733373       0.55
    1.3359 -0.0732338       0.55
   1.33633 -0.0731304       0.55
   1.33676 -0.0730273       0.55
    1.3372 -0.0729243       0.55
   1.33763 -0.0728215       0.55
   1.33806 -0.0727189       0.55
    1.3385 -0.0726165       0.55
   1.33893 -0.0725142       0.55
   1.33936 -0.0724121       0.55
    1.3398 -0.0723103       0.55
   1.34023 -0.0722086       0.55
   1.34066  -0.072107       0.55
    1.3411 -0.0720057       0.55
   1.34153 -0.0719045       0.55
   1.34196 -0.0718036       0.55
    1.3424 -0.0717028       0.55
   1.34283 -0.0716021       0.55
   1.34326 -0.0715017       0.55
    1.3437 -0.0714014       0.55
   1.34413 -0.0713013       0.55
   1.34456 -0.0712014       0.55
     1.345 -0.0711017       0.55
   1.34543 -0.0710021       0.55
   1.34587 -0.0709028       0.55
    1.3463 -0.0708036       0.55
   1.34673 -0.0707045       0.55
   1.34717 -0.0706057       0.55
    1.3476  -0.070507       0.55
   1.34803 -0.0704085       0.55
   1.34847 -0.0703102       0.55
    1.3489  -0.070212       0.55
   1.34933 -0.0701141       0.55
   1.34977 -0.0700163       0.55
    1.3502 -0.0699186       0.55
   1.35063 -0.0698212       0.55
   1.35107 -0.0697239       0.55
    1.3515 -0.0696268       0.55
   1.35193 -0.0695298       0.55
   1.35237  -0.069433       0.55
    1.3528 -0.0693364       0.55
   1.35323   -0.06924       0.55
   1.35367 -0.0691437       0.55
    1.3541 -0.0690476       0.55
   1.35453 -0.0689517       0.55
   1.35497 -0.0688559       0.55
    1.3554 -0.0687604       0.55
   1.35584 -0.0686649       0.55
   1.35627 -0.0685697       0.55
    1.3567 -0.0684746       0.55
   1.35714 -0.0683797       0.55
   1.35757 -0.0682849       0.55
     1.358 -0.0681903       0.55
   1.35844 -0.0680959       0.55
   1.35887 -0.0680017       0.55
    1.3593 -0.0679076       0.55
   1.35974 -0.0678137       0.55
   1.36017 -0.0677199       0.55
    1.3606 -0.0676263       0.55
   1.36104 -0.0675329       0.55
   1.36147 -0.0674396       0.55
    1.3619 -0.0673465       0.55
   1.36234 -0.0672535       0.55
   1.36277 -0.0671608       0.55
    1.3632 -0.0670681       0.55
   1.36364 -0.0669757       0.55
   1.36407 -0.0668834       0.55
    1.3645 -0.0667913       0.55
   1.36494 -0.0666993       0.55
   1.36537 -0.0666075       0.55
   1.36581 -0.0665158       0.55
   1.36624 -0.0664243       0.55
   1.36667  -0.066333       0.55
   1.36711 -0.0662418       0.55
   1.36754 -0.0661508       0.55
   1.36797 -0.0660599       0.55
   1.36841 -0.0659692       0.55
   1.36884 -0.0658787       0.55
   1.36927 -0.0657883       0.55
   1.36971 -0.0656981       0.55
   1.37014  -0.065608       0.55
   1.37057 -0.0655181       0.55
   1.37101 -0.0654283       0.55
   1.37144 -0.0653387       0.55
   1.37187 -0.0652493       0.55
   1.37231   -0.06516       0.55
   1.37274 -0.0650708       0.55
   1.37317 -0.0649819       0.55
   1.37361  -0.064893       0.55
   1.37404 -0.0648044       0.55
   1.37447 -0.0647158       0.55
   1.37491 -0.0646275       0.55
   1.37534 -0.0645392       0.55
   1.37578 -0.0644512       0.55
   1.37621 -0.0643633       0.55
   1.37664 -0.0642755       0.55
   1.37708 -0.0641879       0.55
   1.37751 -0.0641004       0.55
   1.37794 -0.0640131       0.55
   1.37838  -0.063926       0.55
   1.37881  -0.063839       0.55
   1.37924 -0.0637521       0.55
   1.37968 -0.0636654       0.55
   1.38011 -0.0635788       0.55
   1.38054 -0.0634924       0.55
   1.38098 -0.0634062       0.55
   1.38141 -0.0633201       0.55
   1.38184 -0.0632341       0.55
   1.38228 -0.0631483       0.55
   1.38271 -0.0630626       0.55
   1.38314 -0.0629771       0.55
   1.38358 -0.0628917       0.55
   1.38401 -0.0628065       0.55
   1.38444 -0.0627214       0.55
   1.38488 -0.0626365       0.55
   1.38531 -0.0625517       0.55
   1.38575  -0.062467       0.55
   1.38618 -0.0623825       0.55
   1.38661 -0.0622982       0.55
   1.38705  -0.062214       0.55
   1.38748 -0.0621299       0.55
   1.38791  -0.062046       0.55
   1.38835 -0.0619622       0.55
   1.38878 -0.0618786       0.55
   1.38921 -0.0617951       0.55
   1.38965 -0.0617117       0.55
   1.39008 -0.0616285       0.55
   1.39051 -0.0615454       0.55
   1.39095 -0.0614625       0.55
   1.39138 -0.0613797       0.55
   1.39181 -0.0612971       0.55
   1.39225 -0.0612146       0.55
   1.39268 -0.0611322       0.55
   1.39311   -0.06105       0.55
   1.39355 -0.0609679       0.55
   1.39398  -0.060886       0.55
   1.39441 -0.0608042       0.55
   1.39485 -0.0607225       0.55
   1.39528  -0.060641       0.55
   1.39572 -0.0605596       0.55
   1.39615 -0.0604784       0.55
   1.39658 -0.0603973       0.55
   1.39702 -0.0603163       0.55
   1.39745 -0.0602355       0.55
   1.39788 -0.0601548       0.55
   1.39832 -0.0600742       0.55
   1.39875 -0.0599938       0.55
   1.39918 -0.0599135       0.55
   1.39962 -0.0598333       0.55
   1.40005 -0.0597533       0.55
   1.40048 -0.0596735       0.55
   1.40092 -0.0595937       0.55
   1.40135 -0.0595141       0.55
   1.40178 -0.0594346       0.55
   1.40222 -0.0593553       0.55
   1.40265 -0.0592761       0.55
   1.40308  -0.059197       0.55
   1.40352 -0.0591181       0.55
   1.40395 -0.0590393       0.55
   1.40438 -0.0589606       0.55
   1.40482  -0.058882       0.55
   1.40525 -0.0588036       0.55
   1.40569 -0.0587254       0.55
   1.40612 -0.0586472       0.55
   1.40655 -0.0585692       0.55
   1.40699 -0.0584913       0.55
   1.40742 -0.0584136       0.55
   1.40785  -0.058336       0.55
   1.40829 -0.0582585       0.55
   1.40872 -0.0581811       0.55
   1.40915 -0.0581039       0.55
   1.40959 -0.0580268       0.55
   1.41002 -0.0579498       0.55
   1.41045  -0.057873       0.55
   1.41089 -0.0577963       0.55
   1.41132 -0.0577197       0.55
   1.41175 -0.0576432       0.55
   1.41219 -0.0575669       0.55
   1.41262 -0.0574907       0.55
   1.41305 -0.0574146       0.55
   1.41349 -0.0573387       0.55
   1.41392 -0.0572629       0.55
   1.41435 -0.0571872       0.55
   1.41479 -0.0571116       0.55
   1.41522 -0.0570362       0.55
   1.41566 -0.0569609       0.55
   1.41609 -0.0568857       0.55
   1.41652 -0.0568106       0.55
   1.41696 -0.0567357       0.55
   1.41739 -0.0566609       0.55
   1.41782 -0.0565862       0.55
   1.41826 -0.0565117       0.55
   1.41869 -0.0564372       0.55
   1.41912 -0.0563629       0.55
   1.41956 -0.0562887       0.55
   1.41999 -0.0562147       0.55
   1.42042 -0.0561407       0.55
   1.42086 -0.0560669       0.55
   1.42129 -0.0559932       0.55
   1.42172 -0.0559197       0.55
   1.42216 -0.0558462       0.55
   1.42259 -0.0557729       0.55
   1.42302 -0.0556997       0.55
   1.42346 -0.0556266       0.55
   1.42389 -0.0555536       0.55
   1.42432 -0.0554808       0.55
   1.42476 -0.0554081       0.55
   1.42519 -0.0553355       0.55
   1.42563  -0.055263       0.55
   1.42606 -0.0551906       0.55
   1.42649 -0.0551184       0.55
   1.42693 -0.0550463       0.55
   1.42736 -0.0549743       0.55
   1.42779 -0.0549024       0.55
   1.42823 -0.0548307       0.55
   1.42866  -0.054759       0.55
   1.42909 -0.0546875       0.55
   1.42953 -0.0546161       0.55
   1.42996 -0.0545448       0.55
   1.43039 -0.0544736       0.55
   1.43083 -0.0544026       0.55
   1.43126 -0.0543316       0.55
   1.43169 -0.0542608       0.55
   1.43213 -0.0541901       0.55
   1.43256 -0.0541195       0.55
   1.43299 -0.0540491       0.55
   1.43343 -0.0539787       0.55
   1.43386 -0.0539085       0.55
   1.43429 -0.0538384       0.55
   1.43473 -0.0537684       0.55
   1.43516 -0.0536985       0.55
    1.4356 -0.0536287       0.55
   1.43603  -0.053559       0.55
   1.43646 -0.0534895       0.55
    1.4369 -0.0534201       0.55
   1.43733 -0.0533507       0.55
   1.43776 -0.0532815       0.55
    1.4382 -0.0532125       0.55
   1.43863 -0.0531435       0.55
   1.43906 -0.0530746       0.55
    1.4395 -0.0530059       0.55
   1.43993 -0.0529372       0.55
   1.44036 -0.0528687       0.55
    1.4408 -0.0528003       0.55
   1.44123  -0.052732       0.55
   1.44166 -0.0526638       0.55
    1.4421 -0.0525957       0.55
   1.44253 -0.0525278       0.55
   1.44296 -0.0524599       0.55
    1.4434 -0.0523922       0.55
   1.44383 -0.0523245       0.55
   1.44426  -0.052257       0.55
    1.4447 -0.0521896       0.55
   1.44513 -0.0521223       0.55
   1.44557 -0.0520551       0.55
     1.446  -0.051988       0.55
   1.44643  -0.051921       0.55
   1.44687 -0.0518542       0.55
    1.4473 -0.0517874       0.55
   1.44773 -0.0517208       0.55
   1.44817 -0.0516542       0.55
    1.4486 -0.0515878       0.55
   1.44903 -0.0515215       0.55
   1.44947 -0.0514553       0.55
    1.4499 -0.0513892       0.55
   1.45033 -0.0513232       0.55
   1.45077 -0.0512573       0.55
    1.4512 -0.0511915       0.55
   1.45163 -0.0511258       0.55
   1.45207 -0.0510603       0.55
    1.4525 -0.0509948       0.55
   1.45293 -0.0509294       0.55
   1.45337 -0.0508642       0.55
    1.4538  -0.050799       0.55
   1.45423  -0.050734       0.55
   1.45467 -0.0506691       0.55
    1.4551 -0.0506042       0.55
   1.45554 -0.0505395       0.55
   1.45597 -0.0504749       0.55
    1.4564 -0.0504104       0.55
   1.45684  -0.050346       0.55
   1.45727 -0.0502817       0.55
    1.4577 -0.0502175       0.55
   1.45814 -0.0501534       0.55
   1.45857 -0.0500894       0.55
     1.459 -0.0500255       0.55
   1.45944 -0.0499617       0.55
   1.45987  -0.049898       0.55
    1.4603 -0.0498344       0.55
   1.46074 -0.0497709       0.55
   1.46117 -0.0497076       0.55
    1.4616 -0.0496443       0.55
   1.46204 -0.0495811       0.55
   1.46247  -0.049518       0.55
    1.4629 -0.0494551       0.55
   1.46334 -0.0493922       0.55
   1.46377 -0.0493294       0.55
    1.4642 -0.0492668       0.55
   1.46464 -0.0492042       0.55
   1.46507 -0.0491417       0.55
   1.46551 -0.0490794       0.55
   1.46594 -0.0490171       0.55
   1.46637 -0.0489549       0.55
   1.46681 -0.0488929       0.55
   1.46724 -0.0488309       0.55
   1.46767  -0.048769       0.55
   1.46811 -0.0487073       0.55
   1.46854 -0.0486456       0.55
   1.46897  -0.048584       0.55
   1.46941 -0.0485225       0.55
   1.46984 -0.0484612       0.55
   1.47027 -0.0483999       0.55
   1.47071 -0.0483387       0.55
   1.47114 -0.0482776       0.55
   1.47157 -0.0482167       0.55
   1.47201 -0.0481558       0.55
   1.47244  -0.048095       0.55
   1.47287 -0.0480343       0.55
   1.47331 -0.0479737       0.55
   1.47374 -0.0479132       0.55
   1.47417 -0.0478528       0.55
   1.47461 -0.0477925       0.55
   1.47504 -0.0477323       0.55
   1.47548 -0.0476722       0.55
   1.47591 -0.0476122       0.55
   1.47634 -0.0475523       0.55
   1.47678 -0.0474924       0.55
   1.47721 -0.0474327       0.55
   1.47764 -0.0473731       0.55
   1.47808 -0.0473135       0.55
   1.47851 -0.0472541       0.55
   1.47894 -0.0471947       0.55
   1.47938 -0.0471355       0.55
   1.47981 -0.0470763       0.55
   1.48024 -0.0470173       0.55
   1.48068 -0.0469583       0.55
   1.48111 -0.0468994       0.55
   1.48154 -0.0468406       0.55
   1.48198 -0.0467819       0.55
   1.48241 -0.0467233       0.55
   1.48284 -0.0466648       0.55
   1.48328 -0.0466064       0.55
   1.48371 -0.0465481       0.55
   1.48414 -0.0464898       0.55
   1.48458 -0.0464317       0.55
   1.48501 -0.0463737       0.55
   1.48545 -0.0463157       0.55
   1.48588 -0.0462578       0.55
   1.48631 -0.0462001       0.55
   1.48675 -0.0461424       0.55
   1.48718 -0.0460848       0.55
   1.48761 -0.0460273       0.55
   1.48805 -0.0459699       0.55
   1.48848 -0.0459126       0.55
   1.48891 -0.0458554       0.55
   1.48935 -0.0457982       0.55
   1.48978 -0.0457412       0.55
   1.49021 -0.0456842       0.55
   1.49065 -0.0456274       0.55
   1.49108 -0.0455706       0.55
   1.49151 -0.0455139       0.55
   1.49195 -0.0454573       0.55
   1.49238 -0.0454008       0.55
   1.49281 -0.0453444       0.55
   1.49325  -0.045288       0.55
   1.49368 -0.0452318       0.55
   1.49411 -0.0451757       0.55
   1.49455 -0.0451196       0.55
   1.49498 -0.0450636       0.55
   1.49542 -0.0450077       0.55
   1.49585 -0.0449519       0.55
   1.49628 -0.0448962       0.55
   1.49672 -0.0448406       0.55
   1.49715  -0.044785       0.55
   1.49758 -0.0447296       0.55
   1.49802 -0.0446742       0.55
   1.49845 -0.0446189       0.55
   1.49888 -0.0445637       0.55
   1.49932 -0.0445086       0.55
   1.49975 -0.0444536       0.55
   1.50018 -0.0443987       0.55
   1.50062 -0.0443438       0.55
   1.50105 -0.0442891       0.55
   1.50148 -0.0442344       0.55
   1.50192 -0.0441798       0.55
   1.50235 -0.0441253       0.55
   1.50278 -0.0440709       0.55
   1.50322 -0.0440165       0.55
   1.50365 -0.0439623       0.55
   1.50408 -0.0439081       0.55
   1.50452  -0.043854       0.55
   1.50495    -0.0438       0.55
   1.50539 -0.0437461       0.55
   1.50582 -0.0436923       0.55
   1.50625 -0.0436386       0.55
   1.50669 -0.0435849       0.55
   1.50712 -0.0435313       0.55
   1.50755 -0.0434778       0.55
   1.50799 -0.0434244       0.55
   1.50842 -0.0433711       0.55
   1.50885 -0.0433178       0.55
   1.50929 -0.0432647       0.55
   1.50972 -0.0432116       0.55
   1.51015 -0.0431586       0.55
   1.51059 -0.0431057       0.55
   1.51102 -0.0430528       0.55
   1.51145 -0.0430001       0.55
   1.51189 -0.0429474       0.55
   1.51232 -0.0428948       0.55
   1.51275 -0.0428423       0.55
   1.51319 -0.0427899       0.55
   1.51362 -0.0427375       0.55
   1.51405 -0.0426853       0.55
   1.51449 -0.0426331       0.55
   1.51492  -0.042581       0.55
   1.51536  -0.042529       0.55
   1.51579  -0.042477       0.55
   1.51622 -0.0424252       0.55
   1.51666 -0.0423734       0.55
   1.51709 -0.0423217       0.55
   1.51752 -0.0422701       0.55
   1.51796 -0.0422185       0.55
   1.51839 -0.0421671       0.55
   1.51882 -0.0421157       0.55
   1.51926 -0.0420644       0.55
   1.51969 -0.0420132       0.55
   1.52012  -0.041962       0.55
   1.52056 -0.0419109       0.55
   1.52099   -0.04186       0.55
   1.52142  -0.041809       0.55
   1.52186 -0.0417582       0.55
   1.52229 -0.0417075       0.55
   1.52272 -0.0416568       0.55
   1.52316 -0.0416062       0.55
   1.52359 -0.0415557       0.55
   1.52402 -0.0415052       0.55
   1.52446 -0.0414549       0.55
   1.52489 -0.0414046       0.55
   1.52533 -0.0413544       0.55
   1.52576 -0.0413042       0.55
   1.52619 -0.0412542       0.55
   1.52663 -0.0412042       0.55
   1.52706 -0.0411543       0.55
   1.52749 -0.0411045       0.55
   1.52793 -0.0410547       0.55
   1.52836  -0.041005       0.55
   1.52879 -0.0409554       0.55
   1.52923 -0.0409059       0.55
   1.52966 -0.0408565       0.55
   1.53009 -0.0408071       0.55
   1.53053 -0.0407578       0.55
   1.53096 -0.0407086       0.55
   1.53139 -0.0406594       0.55
   1.53183 -0.0406104       0.55
   1.53226 -0.0405614       0.55
   1.53269 -0.0405125       0.55
   1.53313 -0.0404636       0.55
   1.53356 -0.0404148       0.55
   1.53399 -0.0403661       0.55
   1.53443 -0.0403175       0.55
   1.53486  -0.040269       0.55
    1.5353 -0.0402205       0.55
   1.53573 -0.0401721       0.55
   1.53616 -0.0401238       0.55
    1.5366 -0.0400755       0.55
   1.53703 -0.0400273       0.55
   1.53746 -0.0399792       0.55
    1.5379 -0.0399312       0.55
   1.53833 -0.0398832       0.55
   1.53876 -0.0398354       0.55
    1.5392 -0.0397875       0.55
   1.53963 -0.0397398       0.55
   1.54006 -0.0396921       0.55
    1.5405 -0.0396445       0.55
   1.54093  -0.039597       0.55
   1.54136 -0.0395496       0.55
    1.5418 -0.0395022       0.55
   1.54223 -0.0394549       0.55
   1.54266 -0.0394076       0.55
    1.5431 -0.0393605       0.55
   1.54353 -0.0393134       0.55
   1.54396 -0.0392663       0.55
    1.5444 -0.0392194       0.55
   1.54483 -0.0391725       0.55
   1.54527 -0.0391257       0.55
    1.5457  -0.039079       0.55
   1.54613 -0.0390323       0.55
   1.54657 -0.0389857       0.55
     1.547 -0.0389392       0.55
   1.54743 -0.0388927       0.55
   1.54787 -0.0388463       0.55
    1.5483    -0.0388       0.55
   1.54873 -0.0387538       0.55
   1.54917 -0.0387076       0.55
    1.5496 -0.0386615       0.55
   1.55003 -0.0386154       0.55
   1.55047 -0.0385695       0.55
    1.5509 -0.0385236       0.55
   1.55133 -0.0384777       0.55
   1.55177  -0.038432       0.55
    1.5522 -0.0383863       0.55
   1.55263 -0.0383407       0.55
   1.55307 -0.0382951       0.55
    1.5535 -0.0382496       0.55
   1.55393 -0.0382042       0.55
   1.55437 -0.0381588       0.55
    1.5548 -0.0381136       0.55
   1.55524 -0.0380683       0.55
   1.55567 -0.0380232       0.55
    1.5561 -0.0379781       0.55
   1.55654 -0.0379331       0.55
   1.55697 -0.0378882       0.55
    1.5574 -0.0378433       0.55
   1.55784 -0.0377985       0.55
   1.55827 -0.0377537       0.55
    1.5587 -0.0377091       0.55
   1.55914 -0.0376644       0.55
   1.55957 -0.0376199       0.55
      1.56 -0.0375754       0.55
   1.56044  -0.037531       0.55
   1.56087 -0.0374867       0.55
    1.5613 -0.0374424       0.55
   1.56174 -0.0373982       0.55
   1.56217 -0.0373541       0.55
    1.5626   -0.03731       0.55
   1.56304  -0.037266       0.55
   1.56347  -0.037222       0.55
    1.5639 -0.0371781       0.55
   1.56434 -0.0371343       0.55
   1.56477 -0.0370906       0.55
   1.56521 -0.0370469       0.55
   1.56564 -0.0370033       0.55
   1.56607 -0.0369597       0.55
   1.56651 -0.0369162       0.55
   1.56694 -0.0368728       0.55
   1.56737 -0.0368294       0.55
   1.56781 -0.0367861       0.55
   1.56824 -0.0367429       0.55
   1.56867 -0.0366997       0.55
   1.56911 -0.0366566       0.55
   1.56954 -0.0366136       0.55
   1.56997 -0.0365706       0.55
   1.57041 -0.0365277       0.55
   1.57084 -0.0364849       0.55
   1.57127 -0.0364421       0.55
   1.57171 -0.0363994       0.55
   1.57214 -0.0363567       0.55
   1.57257 -0.0363141       0.55
   1.57301 -0.0362716       0.55
   1.57344 -0.0362291       0.55
   1.57387 -0.0361867       0.55
   1.57431 -0.0361444       0.55
   1.57474 -0.0361021       0.55
   1.57518 -0.0360599       0.55
   1.57561 -0.0360177       0.55
   1.57604 -0.0359756       0.55
   1.57648 -0.0359336       0.55
   1.57691 -0.0358916       0.55
   1.57734 -0.0358497       0.55
   1.57778 -0.0358079       0.55
   1.57821 -0.0357661       0.55
   1.57864 -0.0357244       0.55
   1.57908 -0.0356827       0.55
   1.57951 -0.0356411       0.55
   1.57994 -0.0355996       0.55
   1.58038 -0.0355581       0.55
   1.58081 -0.0355167       0.55
   1.58124 -0.0354753       0.55
   1.58168  -0.035434       0.55
   1.58211 -0.0353928       0.55
   1.58254 -0.0353516       0.55
   1.58298 -0.0353105       0.55
   1.58341 -0.0352695       0.55
   1.58384 -0.0352285       0.55
   1.58428 -0.0351876       0.55
   1.58471 -0.0351467       0.55
   1.58515 -0.0351059       0.55
   1.58558 -0.0350651       0.55
   1.58601 -0.0350244       0.55
   1.58645 -0.0349838       0.55
   1.58688 -0.0349432       0.55
   1.58731 -0.0349027       0.55
   1.58775 -0.0348623       0.55
   1.58818 -0.0348219       0.55
   1.58861 -0.0347816       0.55
   1.58905 -0.0347413       0.55
   1.58948 -0.0347011       0.55
   1.58991 -0.0346609       0.55
   1.59035 -0.0346208       0.55
   1.59078 -0.0345808       0.55
   1.59121 -0.0345408       0.55
   1.59165 -0.0345009       0.55
   1.59208  -0.034461       0.55
   1.59251 -0.0344212       0.55
   1.59295 -0.0343815       0.55
   1.59338 -0.0343418       0.55
   1.59381 -0.0343021       0.55
   1.59425 -0.0342626       0.55
   1.59468 -0.0342231       0.55
   1.59512 -0.0341836       0.55
   1.59555 -0.0341442       0.55
   1.59598 -0.0341049       0.55
   1.59642 -0.0340656       0.55
   1.59685 -0.0340263       0.55
   1.59728 -0.0339872       0.55
   1.59772 -0.0339481       0.55
   1.59815  -0.033909       0.55
   1.59858   -0.03387       0.55
   1.59902 -0.0338311       0.55
   1.59945 -0.0337922       0.55
   1.59988 -0.0337533       0.55
   1.60032 -0.0337146       0.55
   1.60075 -0.0336759       0.55
   1.60118 -0.0336372       0.55
   1.60162 -0.0335986       0.55
   1.60205   -0.03356       0.55
   1.60248 -0.0335216       0.55
   1.60292 -0.0334831       0.55
   1.60335 -0.0334447       0.55
   1.60378 -0.0334064       0.55
   1.60422 -0.0333681       0.55
   1.60465 -0.0333299       0.55
   1.60509 -0.0332918       0.55
   1.60552 -0.0332537       0.55
   1.60595 -0.0332156       0.55
   1.60639 -0.0331776       0.55
   1.60682 -0.0331397       0.55
   1.60725 -0.0331018       0.55
   1.60769  -0.033064       0.55
   1.60812 -0.0330262       0.55
   1.60855 -0.0329885       0.55
   1.60899 -0.0329508       0.55
   1.60942 -0.0329132       0.55
   1.60985 -0.0328756       0.55
   1.61029 -0.0328381       0.55
   1.61072 -0.0328007       0.55
   1.61115 -0.0327633       0.55
   1.61159  -0.032726       0.55
   1.61202 -0.0326887       0.55
   1.61245 -0.0326514       0.55
   1.61289 -0.0326143       0.55
   1.61332 -0.0325771       0.55
   1.61375 -0.0325401       0.55
   1.61419  -0.032503       0.55
   1.61462 -0.0324661       0.55
   1.61506 -0.0324292       0.55
   1.61549 -0.0323923       0.55
   1.61592 -0.0323555       0.55
   1.61636 -0.0323187       0.55
   1.61679  -0.032282       0.55
   1.61722 -0.0322454       0.55
   1.61766 -0.0322088       0.55
   1.61809 -0.0321723       0.55
   1.61852 -0.0321358       0.55
   1.61896 -0.0320993       0.55
   1.61939 -0.0320629       0.55
   1.61982 -0.0320266       0.55
   1.62026 -0.0319903       0.55
   1.62069 -0.0319541       0.55
   1.62112 -0.0319179       0.55
   1.62156 -0.0318818       0.55
   1.62199 -0.0318457       0.55
   1.62242 -0.0318097       0.55
   1.62286 -0.0317737       0.55
   1.62329 -0.0317378       0.55
   1.62372 -0.0317019       0.55
   1.62416 -0.0316661       0.55
   1.62459 -0.0316304       0.55
   1.62503 -0.0315946       0.55
   1.62546  -0.031559       0.55
   1.62589 -0.0315234       0.55
   1.62633 -0.0314878       0.55
   1.62676 -0.0314523       0.55
   1.62719 -0.0314168       0.55
   1.62763 -0.0313814       0.55
   1.62806 -0.0313461       0.55
   1.62849 -0.0313108       0.55
   1.62893 -0.0312755       0.55
   1.62936 -0.0312403       0.55
   1.62979 -0.0312051       0.55
   1.63023   -0.03117       0.55
   1.63066  -0.031135       0.55
   1.63109    -0.0311       0.55
   1.63153  -0.031065       0.55
   1.63196 -0.0310301       0.55
   1.63239 -0.0309952       0.55
   1.63283 -0.0309604       0.55
   1.63326 -0.0309257       0.55
   1.63369 -0.0308909       0.55
   1.63413 -0.0308563       0.55
   1.63456 -0.0308217       0.55
   1.63499 -0.0307871       0.55
   1.63543 -0.0307526       0.55
   1.63586 -0.0307181       0.55
    1.6363 -0.0306837       0.55
   1.63673 -0.0306493       0.55
   1.63716  -0.030615       0.55
    1.6376 -0.0305808       0.55
   1.63803 -0.0305465       0.55
   1.63846 -0.0305124       0.55
    1.6389 -0.0304782       0.55
   1.63933 -0.0304442       0.55
   1.63976 -0.0304101       0.55
    1.6402 -0.0303761       0.55
   1.64063 -0.0303422       0.55
   1.64106 -0.0303083       0.55
    1.6415 -0.0302745       0.55
   1.64193 -0.0302407       0.55
   1.64236  -0.030207       0.55
    1.6428 -0.0301733       0.55
   1.64323 -0.0301396       0.55
   1.64366  -0.030106       0.55
    1.6441 -0.0300725       0.55
   1.64453  -0.030039       0.55
   1.64496 -0.0300055       0.55
    1.6454 -0.0299721       0.55
   1.64583 -0.0299387       0.55
   1.64627 -0.0299054       0.55
    1.6467 -0.0298721       0.55
   1.64713 -0.0298389       0.55
   1.64757 -0.0298057       0.55
     1.648 -0.0297726       0.55
   1.64843 -0.0297395       0.55
   1.64887 -0.0297065       0.55
    1.6493 -0.0296735       0.55
   1.64973 -0.0296406       0.55
   1.65017 -0.0296077       0.55
    1.6506 -0.0295748       0.55
   1.65103  -0.029542       0.55
   1.65147 -0.0295093       0.55
    1.6519 -0.0294765       0.55
   1.65233 -0.0294439       0.55
   1.65277 -0.0294113       0.55
    1.6532 -0.0293787       0.55
   1.65363 -0.0293461       0.55
   1.65407 -0.0293137       0.55
    1.6545 -0.0292812       0.55
   1.65493 -0.0292488       0.55
   1.65537 -0.0292165       0.55
    1.6558 -0.0291842       0.55
   1.65624 -0.0291519       0.55
   1.65667 -0.0291197       0.55
    1.6571 -0.0290875       0.55
   1.65754 -0.0290554       0.55
   1.65797 -0.0290233       0.55
    1.6584 -0.0289913       0.55
   1.65884 -0.0289593       0.55
   1.65927 -0.0289274       0.55
    1.6597 -0.0288955       0.55
   1.66014 -0.0288636       0.55
   1.66057 -0.0288318       0.55
     1.661    -0.0288       0.55
   1.66144 -0.0287683       0.55
   1.66187 -0.0287366       0.55
    1.6623  -0.028705       0.55
   1.66274 -0.0286734       0.55
   1.66317 -0.0286419       0.55
    1.6636 -0.0286104       0.55
   1.66404 -0.0285789       0.55
   1.66447 -0.0285475       0.55
    1.6649 -0.0285161       0.55
   1.66534 -0.0284848       0.55
   1.66577 -0.0284535       0.55
   1.66621 -0.0284223       0.55
   1.66664 -0.0283911       0.55
   1.66707 -0.0283599       0.55
   1.66751 -0.0283288       0.55
   1.66794 -0.0282978       0.55
   1.66837 -0.0282667       0.55
   1.66881 -0.0282358       0.55
   1.66924 -0.0282048       0.55
   1.66967 -0.0281739       0.55
   1.67011 -0.0281431       0.55
   1.67054 -0.0281123       0.55
   1.67097 -0.0280815       0.55
   1.67141 -0.0280508       0.55
   1.67184 -0.0280201       0.55
   1.67227 -0.0279894       0.55
   1.67271 -0.0279589       0.55
   1.67314 -0.0279283       0.55
   1.67357 -0.0278978       0.55
   1.67401 -0.0278673       0.55
   1.67444 -0.0278369       0.55
   1.67487 -0.0278065       0.55
   1.67531 -0.0277762       0.55
   1.67574 -0.0277459       0.55
   1.67618 -0.0277156       0.55
   1.67661 -0.0276854       0.55
   1.67704 -0.0276552       0.55
   1.67748 -0.0276251       0.55
   1.67791  -0.027595       0.55
   1.67834 -0.0275649       0.55
   1.67878 -0.0275349       0.55
   1.67921 -0.0275049       0.55
   1.67964  -0.027475       0.55
   1.68008 -0.0274451       0.55
   1.68051 -0.0274153       0.55
   1.68094 -0.0273855       0.55
   1.68138 -0.0273557       0.55
   1.68181  -0.027326       0.55
   1.68224 -0.0272963       0.55
   1.68268 -0.0272667       0.55
   1.68311 -0.0272371       0.55
   1.68354 -0.0272075       0.55
   1.68398  -0.027178       0.55
   1.68441 -0.0271485       0.55
   1.68484 -0.0271191       0.55
   1.68528 -0.0270897       0.55
   1.68571 -0.0270603       0.55
   1.68615  -0.027031       0.55
   1.68658 -0.0270017       0.55
   1.68701 -0.0269725       0.55
   1.68745 -0.0269433       0.55
   1.68788 -0.0269141       0.55
   1.68831  -0.026885       0.55
   1.68875 -0.0268559       0.55
   1.68918 -0.0268269       0.55
   1.68961 -0.0267979       0.55
   1.69005 -0.0267689       0.55
   1.69048   -0.02674       0.55
   1.69091 -0.0267111       0.55
   1.69135 -0.0266823       0.55
   1.69178 -0.0266535       0.55
   1.69221 -0.0266247       0.55
   1.69265  -0.026596       0.55
   1.69308 -0.0265673       0.55
   1.69351 -0.0265387       0.55
   1.69395 -0.0265101       0.55
   1.69438 -0.0264815       0.55
   1.69481  -0.026453       0.55
   1.69525 -0.0264245       0.55
   1.69568  -0.026396       0.55
   1.69612 -0.0263676       0.55
   1.69655 -0.0263392       0.55
   1.69698 -0.0263109       0.55
   1.69742 -0.0262826       0.55
   1.69785 -0.0262544       0.55
   1.69828 -0.0262261       0.55
   1.69872  -0.026198       0.55
   1.69915 -0.0261698       0.55
   1.69958 -0.0261417       0.55
   1.70002 -0.0261136       0.55
   1.70045 -0.0260856       0.55
   1.70088 -0.0260576       0.55
   1.70132 -0.0260297       0.55
   1.70175 -0.0260018       0.55
   1.70218 -0.0259739       0.55
   1.70262  -0.025946       0.55
   1.70305 -0.0259182       0.55
   1.70348 -0.0258905       0.55
   1.70392 -0.0258628       0.55
   1.70435 -0.0258351       0.55
   1.70478 -0.0258074       0.55
   1.70522 -0.0257798       0.55
   1.70565 -0.0257522       0.55
   1.70609 -0.0257247       0.55
   1.70652 -0.0256972       0.55
   1.70695 -0.0256697       0.55
   1.70739 -0.0256423       0.55
   1.70782 -0.0256149       0.55
   1.70825 -0.0255876       0.55
   1.70869 -0.0255603       0.55
   1.70912  -0.025533       0.55
   1.70955 -0.0255057       0.55
   1.70999 -0.0254785       0.55
   1.71042 -0.0254514       0.55
   1.71085 -0.0254242       0.55
   1.71129 -0.0253971       0.55
   1.71172 -0.0253701       0.55
   1.71215 -0.0253431       0.55
   1.71259 -0.0253161       0.55
   1.71302 -0.0252891       0.55
   1.71345 -0.0252622       0.55
   1.71389 -0.0252353       0.55
   1.71432 -0.0252085       0.55
   1.71475 -0.0251817       0.55
   1.71519 -0.0251549       0.55
   1.71562 -0.0251282       0.55
   1.71606 -0.0251015       0.55
   1.71649 -0.0250748       0.55
   1.71692 -0.0250482       0.55
   1.71736 -0.0250216       0.55
   1.71779 -0.0249951       0.55
   1.71822 -0.0249685       0.55
   1.71866 -0.0249421       0.55
   1.71909 -0.0249156       0.55
   1.71952 -0.0248892       0.55
   1.71996 -0.0248628       0.55
   1.72039 -0.0248365       0.55
   1.72082 -0.0248102       0.55
   1.72126 -0.0247839       0.55
   1.72169 -0.0247577       0.55
   1.72212 -0.0247315       0.55
   1.72256 -0.0247053       0.55
   1.72299 -0.0246792       0.55
   1.72342 -0.0246531       0.55
   1.72386  -0.024627       0.55
   1.72429  -0.024601       0.55
   1.72472  -0.024575       0.55
   1.72516  -0.024549       0.55
   1.72559 -0.0245231       0.55
   1.72603 -0.0244972       0.55
   1.72646 -0.0244714       0.55
   1.72689 -0.0244456       0.55
   1.72733 -0.0244198       0.55
   1.72776  -0.024394       0.55
   1.72819 -0.0243683       0.55
   1.72863 -0.0243426       0.55
   1.72906  -0.024317       0.55
   1.72949 -0.0242914       0.55
   1.72993 -0.0242658       0.55
   1.73036 -0.0242403       0.55
   1.73079 -0.0242148       0.55
   1.73123 -0.0241893       0.55
   1.73166 -0.0241638       0.55
   1.73209 -0.0241384       0.55
   1.73253 -0.0241131       0.55
   1.73296 -0.0240877       0.55
   1.73339 -0.0240624       0.55
   1.73383 -0.0240371       0.55
   1.73426 -0.0240119       0.55
   1.73469 -0.0239867       0.55
   1.73513 -0.0239615       0.55
   1.73556 -0.0239364       0.55
     1.736 -0.0239113       0.55
   1.73643 -0.0238862       0.55
   1.73686 -0.0238612       0.55
    1.7373 -0.0238362       0.55
   1.73773 -0.0238112       0.55
   1.73816 -0.0237862       0.55
    1.7386 -0.0237613       0.55
   1.73903 -0.0237365       0.55
   1.73946 -0.0237116       0.55
    1.7399 -0.0236868       0.55
   1.74033  -0.023662       0.55
   1.74076 -0.0236373       0.55
    1.7412 -0.0236126       0.55
   1.74163 -0.0235879       0.55
   1.74206 -0.0235633       0.55
    1.7425 -0.0235386       0.55
   1.74293 -0.0235141       0.55
   1.74336 -0.0234895       0.55
    1.7438  -0.023465       0.55
   1.74423 -0.0234405       0.55
   1.74466 -0.0234161       0.55
    1.7451 -0.0233917       0.55
   1.74553 -0.0233673       0.55
   1.74597 -0.0233429       0.55
    1.7464 -0.0233186       0.55
   1.74683 -0.0232943       0.55
   1.74727   -0.02327       0.55
    1.7477 -0.0232458       0.55
   1.74813 -0.0232216       0.55
   1.74857 -0.0231975       0.55
     1.749 -0.0231733       0.55
   1.74943 -0.0231492       0.55
   1.74987 -0.0231252       0.55
    1.7503 -0.0231011       0.55
   1.75073 -0.0230771       0.55
   1.75117 -0.0230532       0.55
    1.7516 -0.0230292       0.55
   1.75203 -0.0230053       0.55
   1.75247 -0.0229814       0.55
    1.7529 -0.0229576       0.55
   1.75333 -0.0229338       0.55
   1.75377   -0.02291       0.55
    1.7542 -0.0228862       0.55
   1.75463 -0.0228625       0.55
   1.75507 -0.0228388       0.55
    1.7555 -0.0228152       0.55
   1.75594 -0.0227915       0.55
   1.75637 -0.0227679       0.55
    1.7568 -0.0227444       0.55
   1.75724 -0.0227208       0.55
   1.75767 -0.0226973       0.55
    1.7581 -0.0226739       0.55
   1.75854 -0.0226504       0.55
   1.75897  -0.022627       0.55
    1.7594 -0.0226036       0.55
   1.75984 -0.0225803       0.55
   1.76027 -0.0225569       0.55
    1.7607 -0.0225337       0.55
   1.76114 -0.0225104       0.55
   1.76157 -0.0224872       0.55
     1.762  -0.022464       0.55
   1.76244 -0.0224408       0.55
   1.76287 -0.0224177       0.55
    1.7633 -0.0223945       0.55
   1.76374 -0.0223715       0.55
   1.76417 -0.0223484       0.55
    1.7646 -0.0223254       0.55
   1.76504 -0.0223024       0.55
   1.76547 -0.0222794       0.55
   1.76591 -0.0222565       0.55
   1.76634 -0.0222336       0.55
   1.76677 -0.0222107       0.55
   1.76721 -0.0221879       0.55
   1.76764 -0.0221651       0.55
   1.76807 -0.0221423       0.55
   1.76851 -0.0221196       0.55
   1.76894 -0.0220968       0.55
   1.76937 -0.0220742       0.55
   1.76981 -0.0220515       0.55
   1.77024 -0.0220289       0.55
   1.77067 -0.0220063       0.55
   1.77111 -0.0219837       0.55
   1.77154 -0.0219611       0.55
   1.77197 -0.0219386       0.55
   1.77241 -0.0219161       0.55
   1.77284 -0.0218937       0.55
   1.77327 -0.0218712       0.55
   1.77371 -0.0218488       0.55
   1.77414 -0.0218265       0.55
   1.77457 -0.0218041       0.55
   1.77501 -0.0217818       0.55
   1.77544 -0.0217595       0.55
   1.77588 -0.0217373       0.55
   1.77631 -0.0217151       0.55
   1.77674 -0.0216929       0.55
   1.77718 -0.0216707       0.55
   1.77761 -0.0216485       0.55
   1.77804 -0.0216264       0.55
   1.77848 -0.0216044       0.55
   1.77891 -0.0215823       0.55
   1.77934 -0.0215603       0.55
   1.77978 -0.0215383       0.55
   1.78021 -0.0215163       0.55
   1.78064 -0.0214944       0.55
   1.78108 -0.0214725       0.55
   1.78151 -0.0214506       0.55
   1.78194 -0.0214287       0.55
   1.78238 -0.0214069       0.55
   1.78281 -0.0213851       0.55
   1.78324 -0.0213633       0.55
   1.78368 -0.0213416       0.55
   1.78411 -0.0213199       0.55
   1.78454 -0.0212982       0.55
   1.78498 -0.0212765       0.55
   1.78541 -0.0212549       0.55
   1.78585 -0.0212333       0.55
   1.78628 -0.0212117       0.55
   1.78671 -0.0211901       0.55
   1.78715 -0.0211686       0.55
   1.78758 -0.0211471       0.55
   1.78801 -0.0211257       0.55
   1.78845 -0.0211042       0.55
   1.78888 -0.0210828       0.55
   1.78931 -0.0210614       0.55
   1.78975 -0.0210401       0.55
   1.79018 -0.0210187       0.55
   1.79061 -0.0209974       0.55
   1.79105 -0.0209762       0.55
   1.79148 -0.0209549       0.55
   1.79191 -0.0209337       0.55
   1.79235 -0.0209125       0.55
   1.79278 -0.0208913       0.55
   1.79321 -0.0208702       0.55
   1.79365 -0.0208491       0.55
   1.79408  -0.020828       0.55
   1.79451 -0.0208069       0.55
   1.79495 -0.0207859       0.55
   1.79538 -0.0207649       0.55
   1.79582 -0.0207439       0.55
   1.79625  -0.020723       0.55
   1.79668 -0.0207021       0.55
   1.79712 -0.0206812       0.55
   1.79755 -0.0206603       0.55
   1.79798 -0.0206395       0.55
   1.79842 -0.0206186       0.55
   1.79885 -0.0205978       0.55
   1.79928 -0.0205771       0.55
   1.79972 -0.0205563       0.55
   1.80015 -0.0205356       0.55
   1.80058 -0.0205149       0.55
   1.80102 -0.0204943       0.55
   1.80145 -0.0204737       0.55
   1.80188 -0.0204531       0.55
   1.80232 -0.0204325       0.55
   1.80275 -0.0204119       0.55
   1.80318 -0.0203914       0.55
   1.80362 -0.0203709       0.55
   1.80405 -0.0203504       0.55
   1.80448   -0.02033       0.55
   1.80492 -0.0203095       0.55
   1.80535 -0.0202891       0.55
   1.80579 -0.0202688       0.55
   1.80622 -0.0202484       0.55
   1.80665 -0.0202281       0.55
   1.80709 -0.0202078       0.55
   1.80752 -0.0201875       0.55
   1.80795 -0.0201673       0.55
   1.80839 -0.0201471       0.55
   1.80882 -0.0201269       0.55
   1.80925 -0.0201067       0.55
   1.80969 -0.0200866       0.55
   1.81012 -0.0200665       0.55
   1.81055 -0.0200464       0.55
   1.81099 -0.0200263       0.55
   1.81142 -0.0200063       0.55
   1.81185 -0.0199863       0.55
   1.81229 -0.0199663       0.55
   1.81272 -0.0199463       0.55
   1.81315 -0.0199264       0.55
   1.81359 -0.0199065       0.55
   1.81402 -0.0198866       0.55
   1.81445 -0.0198667       0.55
   1.81489 -0.0198469       0.55
   1.81532 -0.0198271       0.55
   1.81576 -0.0198073       0.55
   1.81619 -0.0197875       0.55
   1.81662 -0.0197678       0.55
   1.81706 -0.0197481       0.55
   1.81749 -0.0197284       0.55
   1.81792 -0.0197087       0.55
   1.81836 -0.0196891       0.55
   1.81879 -0.0196695       0.55
   1.81922 -0.0196499       0.55
   1.81966 -0.0196303       0.55
   1.82009 -0.0196108       0.55
   1.82052 -0.0195913       0.55
   1.82096 -0.0195718       0.55
   1.82139 -0.0195523       0.55
   1.82182 -0.0195329       0.55
   1.82226 -0.0195135       0.55
   1.82269 -0.0194941       0.55
   1.82312 -0.0194747       0.55
   1.82356 -0.0194554       0.55
   1.82399  -0.019436       0.55
   1.82442 -0.0194167       0.55
   1.82486 -0.0193975       0.55
   1.82529 -0.0193782       0.55
   1.82573  -0.019359       0.55
   1.82616 -0.0193398       0.55
   1.82659 -0.0193206       0.55
   1.82703 -0.0193015       0.55
   1.82746 -0.0192824       0.55
   1.82789 -0.0192633       0.55
   1.82833 -0.0192442       0.55
   1.82876 -0.0192251       0.55
   1.82919 -0.0192061       0.55
   1.82963 -0.0191871       0.55
   1.83006 -0.0191681       0.55
   1.83049 -0.0191491       0.55
   1.83093 -0.0191302       0.55
   1.83136 -0.0191113       0.55
   1.83179 -0.0190924       0.55
   1.83223 -0.0190735       0.55
   1.83266 -0.0190547       0.55
   1.83309 -0.0190359       0.55
   1.83353 -0.0190171       0.55
   1.83396 -0.0189983       0.55
   1.83439 -0.0189796       0.55
   1.83483 -0.0189608       0.55
   1.83526 -0.0189421       0.55
    1.8357 -0.0189235       0.55
   1.83613 -0.0189048       0.55
   1.83656 -0.0188862       0.55
     1.837 -0.0188676       0.55
   1.83743  -0.018849       0.55
   1.83786 -0.0188304       0.55
    1.8383 -0.0188119       0.55
   1.83873 -0.0187934       0.55
   1.83916 -0.0187749       0.55
    1.8396 -0.0187564       0.55
   1.84003  -0.018738       0.55
   1.84046 -0.0187196       0.55
    1.8409 -0.0187012       0.55
   1.84133 -0.0186828       0.55
   1.84176 -0.0186644       0.55
    1.8422 -0.0186461       0.55
   1.84263 -0.0186278       0.55
   1.84306 -0.0186095       0.55
    1.8435 -0.0185912       0.55
   1.84393  -0.018573       0.55
   1.84436 -0.0185548       0.55
    1.8448 -0.0185366       0.55
   1.84523 -0.0185184       0.55
   1.84567 -0.0185002       0.55
    1.8461 -0.0184821       0.55
   1.84653  -0.018464       0.55
   1.84697 -0.0184459       0.55
    1.8474 -0.0184279       0.55
   1.84783 -0.0184098       0.55
   1.84827 -0.0183918       0.55
    1.8487 -0.0183738       0.55
   1.84913 -0.0183558       0.55
   1.84957 -0.0183379       0.55
      1.85   -0.01832       0.55