 kgrid  ValNew  Policy 
     0.55  -18.3702  0.553901
 0.550433  -18.3189  0.554335
 0.550867  -18.2678  0.554335
   0.5513  -18.2168  0.554768
 0.551734  -18.1661  0.554768
 0.552167  -18.1155  0.555202
 0.552601  -18.0651  0.555202
 0.553034  -18.0148  0.555635
 0.553468  -17.9649  0.556069
 0.553901  -17.9149  0.556069
 0.554335  -17.8653  0.556502
 0.554768  -17.8158  0.556502
 0.555202  -17.7665  0.556936
 0.555635  -17.7173  0.556936
 0.556069  -17.6683  0.557369
 0.556502  -17.6195  0.557369
 0.556936  -17.5709  0.557803
 0.557369  -17.5224  0.557803
 0.557803  -17.4742  0.558236
 0.558236  -17.4261  0.558236
  0.55867  -17.3781   0.55867
 0.559103  -17.3304   0.55867
 0.559537  -17.2827  0.559103
  0.55997  -17.2354  0.559537
 0.560403  -17.1881  0.559537
 0.560837   -17.141   0.55997
  0.56127   -17.094   0.55997
 0.561704  -17.0473  0.560403
 0.562137  -17.0007  0.560403
 0.562571  -16.9543  0.560837
 0.563004   -16.908  0.560837
 0.563438  -16.8619   0.56127
 0.563871   -16.816   0.56127
 0.564305  -16.7702  0.561704
 0.564738  -16.7246  0.561704
 0.565172  -16.6791  0.562137
 0.565605  -16.6339  0.562137
 0.566039  -16.5887  0.562571
 0.566472  -16.5438  0.563004
 0.566906  -16.4989  0.563004
 0.567339  -16.4543  0.563438
 0.567773  -16.4097  0.563438
 0.568206  -16.3654  0.563871
  0.56864  -16.3212  0.563871
 0.569073  -16.2772  0.564305
 0.569507  -16.2333  0.564305
  0.56994  -16.1895  0.564738
 0.570373   -16.146  0.564738
 0.570807  -16.1025  0.565172
  0.57124  -16.0593  0.565172
 0.571674  -16.0161  0.565605
 0.572107  -15.9732  0.565605
 0.572541  -15.9303  0.566039
 0.572974  -15.8876  0.566472
 0.573408  -15.8451  0.566472
 0.573841  -15.8027  0.566906
 0.574275  -15.7604  0.566906
 0.574708  -15.7184  0.567339
 0.575142  -15.6764  0.567339
 0.575575  -15.6346  0.567773
 0.576009  -15.5929  0.567773
 0.576442  -15.5514  0.568206
 0.576876  -15.5101  0.568206
 0.577309  -15.4688   0.56864
 0.577743  -15.4277   0.56864
 0.578176  -15.3868  0.569073
  0.57861   -15.346  0.569073
 0.579043  -15.3053  0.569507
 0.579476  -15.2648   0.56994
  0.57991  -15.2244   0.56994
 0.580343  -15.1841  0.570373
 0.580777   -15.144  0.570373
  0.58121   -15.104  0.570807
 0.581644  -15.0642  0.570807
 0.582077  -15.0245   0.57124
 0.582511  -14.9849   0.57124
 0.582944  -14.9455  0.571674
 0.583378  -14.9062  0.571674
 0.583811   -14.867  0.572107
 0.584245   -14.828  0.572107
 0.584678   -14.789  0.572541
 0.585112  -14.7503  0.572541
 0.585545  -14.7116  0.572974
 0.585979  -14.6732  0.572974
 0.586412  -14.6347  0.573408
 0.586846  -14.5965  0.573841
 0.587279  -14.5584  0.573841
 0.587713  -14.5204  0.574275
 0.588146  -14.4825  0.574275
  0.58858  -14.4448  0.574708
 0.589013  -14.4072  0.574708
 0.589446  -14.3697  0.575142
  0.58988  -14.3323  0.575142
 0.590313  -14.2951  0.575575
 0.590747   -14.258  0.575575
  0.59118   -14.221  0.576009
 0.591614  -14.1842  0.576009
 0.592047  -14.1474  0.576442
 0.592481  -14.1108  0.576442
 0.592914  -14.0743  0.576876
 0.593348   -14.038  0.577309
 0.593781  -14.0017  0.577309
 0.594215  -13.9656  0.577743
 0.594648  -13.9296  0.577743
 0.595082  -13.8937  0.578176
 0.595515  -13.8579  0.578176
 0.595949  -13.8223   0.57861
 0.596382  -13.7868   0.57861
 0.596816  -13.7513  0.579043
 0.597249  -13.7161  0.579043
 0.597683  -13.6809  0.579476
 0.598116  -13.6458  0.579476
  0.59855  -13.6109   0.57991
 0.598983  -13.5761   0.57991
 0.599416  -13.5413  0.580343
  0.59985  -13.5068  0.580777
 0.600283  -13.4722  0.580777
 0.600717  -13.4379   0.58121
  0.60115  -13.4036   0.58121
 0.601584  -13.3695  0.581644
 0.602017  -13.3354  0.581644
 0.602451  -13.3015  0.582077
 0.602884  -13.2677  0.582077
 0.603318   -13.234  0.582511
 0.603751  -13.2004  0.582511
 0.604185   -13.167  0.582944
 0.604618  -13.1336  0.582944
 0.605052  -13.1003  0.583378
 0.605485  -13.0672  0.583378
 0.605919  -13.0341  0.583811
 0.606352  -13.0012  0.583811
 0.606786  -12.9684  0.584245
 0.607219  -12.9357  0.584678
 0.607653   -12.903  0.584678
 0.608086  -12.8706  0.585112
  0.60852  -12.8381  0.585112
 0.608953  -12.8059  0.585545
 0.609386  -12.7737  0.585545
  0.60982  -12.7416  0.585979
 0.610253  -12.7096  0.585979
 0.610687  -12.6777  0.586412
  0.61112  -12.6459  0.586412
 0.611554  -12.6143  0.586846
 0.611987  -12.5827  0.586846
 0.612421  -12.5512  0.587279
 0.612854  -12.5199  0.587279
 0.613288  -12.4886  0.587713
 0.613721  -12.4575  0.587713
 0.614155  -12.4264  0.588146
 0.614588  -12.3954   0.58858
 0.615022  -12.3645   0.58858
 0.615455  -12.3338  0.589013
 0.615889  -12.3031  0.589013
 0.616322  -12.2726  0.589446
 0.616756  -12.2421  0.589446
 0.617189  -12.2117   0.58988
 0.617623  -12.1814   0.58988
 0.618056  -12.1512  0.590313
 0.618489  -12.1212  0.590313
 0.618923  -12.0912  0.590747
 0.619356  -12.0613  0.590747
  0.61979  -12.0315   0.59118
 0.620223  -12.0018   0.59118
 0.620657  -11.9722  0.591614
  0.62109  -11.9427  0.592047
 0.621524  -11.9133  0.592047
 0.621957   -11.884  0.592481
 0.622391  -11.8547  0.592481
 0.622824  -11.8256  0.592914
 0.623258  -11.7965  0.592914
 0.623691  -11.7676  0.593348
 0.624125  -11.7387  0.593348
 0.624558    -11.71  0.593781
 0.624992  -11.6813  0.593781
 0.625425  -11.6527  0.594215
 0.625859  -11.6242  0.594215
 0.626292  -11.5958  0.594648
 0.626726  -11.5675  0.594648
 0.627159  -11.5392  0.595082
 0.627593  -11.5111  0.595082
 0.628026   -11.483  0.595515
 0.628459  -11.4551  0.595949
 0.628893  -11.4272  0.595949
 0.629326  -11.3994  0.596382
  0.62976  -11.3717  0.596382
 0.630193  -11.3441  0.596816
 0.630627  -11.3166  0.596816
  0.63106  -11.2891  0.597249
 0.631494  -11.2618  0.597249
 0.631927  -11.2345  0.597683
 0.632361  -11.2073  0.597683
 0.632794  -11.1802  0.598116
 0.633228  -11.1532  0.598116
 0.633661  -11.1263   0.59855
 0.634095  -11.0995   0.59855
 0.634528  -11.0727  0.598983
 0.634962   -11.046  0.598983
 0.635395  -11.0194  0.599416
 0.635829  -10.9929   0.59985
 0.636262  -10.9665   0.59985
 0.636696  -10.9401  0.600283
 0.637129  -10.9138  0.600283
 0.637563  -10.8877  0.600717
 0.637996  -10.8615  0.600717
 0.638429  -10.8355   0.60115
 0.638863  -10.8096   0.60115
 0.639296  -10.7837  0.601584
  0.63973  -10.7579  0.601584
 0.640163  -10.7322  0.602017
 0.640597  -10.7066  0.602017
  0.64103   -10.681  0.602451
 0.641464  -10.6556  0.602451
 0.641897  -10.6302  0.602884
 0.642331  -10.6049  0.602884
 0.642764  -10.5796  0.603318
 0.643198  -10.5545  0.603318
 0.643631  -10.5294  0.603751
 0.644065  -10.5044  0.604185
 0.644498  -10.4795  0.604185
 0.644932  -10.4546  0.604618
 0.645365  -10.4299  0.604618
 0.645799  -10.4052  0.605052
 0.646232  -10.3805  0.605052
 0.646666   -10.356  0.605485
 0.647099  -10.3315  0.605485
 0.647533  -10.3071  0.605919
 0.647966  -10.2828  0.605919
 0.648399  -10.2585  0.606352
 0.648833  -10.2344  0.606352
 0.649266  -10.2103  0.606786
   0.6497  -10.1863  0.606786
 0.650133  -10.1623  0.607219
 0.650567  -10.1384  0.607219
    0.651  -10.1146  0.607653
 0.651434  -10.0909  0.608086
 0.651867  -10.0672  0.608086
 0.652301  -10.0436   0.60852
 0.652734  -10.0201   0.60852
 0.653168  -9.99662  0.608953
 0.653601  -9.97323  0.608953
 0.654035  -9.94992  0.609386
 0.654468  -9.92668  0.609386
 0.654902   -9.9035   0.60982
 0.655335  -9.88041   0.60982
 0.655769  -9.85737  0.610253
 0.656202  -9.83441  0.610253
 0.656636  -9.81151  0.610687
 0.657069   -9.7887  0.610687
 0.657503  -9.76593   0.61112
 0.657936  -9.74326   0.61112
 0.658369  -9.72062  0.611554
 0.658803  -9.69809  0.611987
 0.659236  -9.67558  0.611987
  0.65967  -9.65318  0.612421
 0.660103  -9.63081  0.612421
 0.660537  -9.60854  0.612854
  0.66097  -9.58631  0.612854
 0.661404  -9.56416  0.613288
 0.661837  -9.54207  0.613288
 0.662271  -9.52005  0.613721
 0.662704   -9.4981  0.613721
 0.663138  -9.47621  0.614155
 0.663571  -9.45439  0.614155
 0.664005  -9.43262  0.614588
 0.664438  -9.41094  0.614588
 0.664872  -9.38929  0.615022
 0.665305  -9.36775  0.615022
 0.665739  -9.34623  0.615455
 0.666172  -9.32481  0.615455
 0.666606  -9.30341  0.615889
 0.667039  -9.28212  0.616322
 0.667472  -9.26085  0.616322
 0.667906  -9.23968  0.616756
 0.668339  -9.21854  0.616756
 0.668773  -9.19749  0.617189
 0.669206  -9.17648  0.617189
  0.66964  -9.15554  0.617623
 0.670073  -9.13467  0.617623
 0.670507  -9.11385  0.618056
  0.67094   -9.0931  0.618056
 0.671374   -9.0724  0.618489
 0.671807  -9.05178  0.618489
 0.672241   -9.0312  0.618923
 0.672674   -9.0107  0.618923
 0.673108  -8.99023  0.619356
 0.673541  -8.96986  0.619356
 0.673975  -8.94951   0.61979
 0.674408  -8.92925  0.620223
 0.674842  -8.90902  0.620223
 0.675275  -8.88888  0.620657
 0.675709  -8.86877  0.620657
 0.676142  -8.84875   0.62109
 0.676576  -8.82876   0.62109
 0.677009  -8.80884  0.621524
 0.677442  -8.78897  0.621524
 0.677876  -8.76917  0.621957
 0.678309  -8.74942  0.621957
 0.678743  -8.72973  0.622391
 0.679176   -8.7101  0.622391
  0.67961  -8.69052  0.622824
 0.680043  -8.67101  0.622824
 0.680477  -8.65154  0.623258
  0.68091  -8.63214  0.623258
 0.681344  -8.61278  0.623691
 0.681777   -8.5935  0.623691
 0.682211  -8.57424  0.624125
 0.682644  -8.55508  0.624558
 0.683078  -8.53593  0.624558
 0.683511  -8.51687  0.624992
 0.683945  -8.49784  0.624992
 0.684378  -8.47889  0.625425
 0.684812  -8.45997  0.625425
 0.685245  -8.44112  0.625859
 0.685679  -8.42232  0.625859
 0.686112  -8.40357  0.626292
 0.686546  -8.38488  0.626292
 0.686979  -8.36624  0.626726
 0.687412  -8.34766  0.626726
 0.687846  -8.32912  0.627159
 0.688279  -8.31065  0.627159
 0.688713  -8.29221  0.627593
 0.689146  -8.27385  0.627593
  0.68958  -8.25552  0.628026
 0.690013  -8.23726  0.628026
 0.690447  -8.21903  0.628459
  0.69088  -8.20088  0.628893
 0.691314  -8.18275  0.628893
 0.691747   -8.1647  0.629326
 0.692181  -8.14668  0.629326
 0.692614  -8.12873   0.62976
 0.693048  -8.11081   0.62976
 0.693481  -8.09296  0.630193
 0.693915  -8.07515  0.630193
 0.694348  -8.05739  0.630627
 0.694782  -8.03969  0.630627
 0.695215  -8.02203   0.63106
 0.695649  -8.00443   0.63106
 0.696082  -7.98686  0.631494
 0.696516  -7.96937  0.631494
 0.696949   -7.9519  0.631927
 0.697382   -7.9345  0.631927
 0.697816  -7.91713  0.632361
 0.698249  -7.89984  0.632361
 0.698683  -7.88256  0.632794
 0.699116  -7.86536  0.633228
  0.69955  -7.84818  0.633228
 0.699983  -7.83108  0.633661
 0.700417    -7.814  0.633661
  0.70085  -7.79699  0.634095
 0.701284  -7.78001  0.634095
 0.701717  -7.76309  0.634528
 0.702151  -7.74621  0.634528
 0.702584  -7.72938  0.634962
 0.703018   -7.7126  0.634962
 0.703451  -7.69586  0.635395
 0.703885  -7.67917  0.635395
 0.704318  -7.66253  0.635829
 0.704752  -7.64594  0.635829
 0.705185  -7.62938  0.636262
 0.705619  -7.61289  0.636262
 0.706052  -7.59642  0.636696
 0.706485  -7.58002  0.636696
 0.706919  -7.56364  0.637129
 0.707352  -7.54733  0.637563
 0.707786  -7.53104  0.637563
 0.708219  -7.51483  0.637996
 0.708653  -7.49863  0.637996
 0.709086   -7.4825  0.638429
  0.70952  -7.46639  0.638429
 0.709953  -7.45035  0.638863
 0.710387  -7.43434  0.638863
  0.71082  -7.41838  0.639296
 0.711254  -7.40246  0.639296
 0.711687  -7.38659   0.63973
 0.712121  -7.37076   0.63973
 0.712554  -7.35497  0.640163
 0.712988  -7.33923  0.640163
 0.713421  -7.32352  0.640597
 0.713855  -7.30788  0.640597
 0.714288  -7.29225   0.64103
 0.714722   -7.2767   0.64103
 0.715155  -7.26116  0.641464
 0.715589  -7.24569  0.641897
 0.716022  -7.23023  0.641897
 0.716455  -7.21484  0.642331
 0.716889  -7.19947  0.642331
 0.717322  -7.18417  0.642764
 0.717756  -7.16888  0.642764
 0.718189  -7.15366  0.643198
 0.718623  -7.13846  0.643198
 0.719056  -7.12332  0.643631
  0.71949  -7.10821  0.643631
 0.719923  -7.09314  0.644065
 0.720357  -7.07812  0.644065
  0.72079  -7.06313  0.644498
 0.721224   -7.0482  0.644498
 0.721657  -7.03329  0.644932
 0.722091  -7.01843  0.644932
 0.722524   -7.0036  0.645365
 0.722958  -6.98883  0.645365
 0.723391  -6.97408  0.645799
 0.723825  -6.95939  0.645799
 0.724258  -6.94472  0.646232
 0.724692  -6.93011  0.646666
 0.725125  -6.91552  0.646666
 0.725559  -6.90099  0.647099
 0.725992  -6.88647  0.647099
 0.726425  -6.87202  0.647533
 0.726859  -6.85759  0.647533
 0.727292  -6.84321  0.647966
 0.727726  -6.82886  0.647966
 0.728159  -6.81455  0.648399
 0.728593  -6.80028  0.648399
 0.729026  -6.78605  0.648833
  0.72946  -6.77186  0.648833
 0.729893   -6.7577  0.649266
 0.730327  -6.74359  0.649266
  0.73076  -6.72951    0.6497
 0.731194  -6.71548    0.6497
 0.731627  -6.70146  0.650133
 0.732061  -6.68751  0.650133
 0.732494  -6.67357  0.650567
 0.732928  -6.65969     0.651
 0.733361  -6.64583     0.651
 0.733795  -6.63202  0.651434
 0.734228  -6.61823  0.651434
 0.734662   -6.6045  0.651867
 0.735095  -6.59079  0.651867
 0.735529  -6.57712  0.652301
 0.735962  -6.56349  0.652301
 0.736395  -6.54989  0.652734
 0.736829  -6.53633  0.652734
 0.737262  -6.52281  0.653168
 0.737696  -6.50932  0.653168
 0.738129  -6.49587  0.653601
 0.738563  -6.48246  0.653601
 0.738996  -6.46907  0.654035
  0.73943  -6.45573  0.654035
 0.739863  -6.44242  0.654468
 0.740297  -6.42915  0.654468
  0.74073  -6.41591  0.654902
 0.741164  -6.40271  0.654902
 0.741597  -6.38953  0.655335
 0.742031  -6.37641  0.655769
 0.742464   -6.3633  0.655769
 0.742898  -6.35025  0.656202
 0.743331  -6.33721  0.656202
 0.743765  -6.32422  0.656636
 0.744198  -6.31125  0.656636
 0.744632  -6.29833  0.657069
 0.745065  -6.28543  0.657069
 0.745498  -6.27258  0.657503
 0.745932  -6.25975  0.657503
 0.746365  -6.24696  0.657936
 0.746799   -6.2342  0.657936
 0.747232  -6.22148  0.658369
 0.747666  -6.20879  0.658369
 0.748099  -6.19613  0.658803
 0.748533  -6.18351  0.658803
 0.748966  -6.17091  0.659236
   0.7494  -6.15836  0.659236
 0.749833  -6.14583   0.65967
 0.750267  -6.13335   0.65967
   0.7507  -6.12088  0.660103
 0.751134  -6.10846  0.660537
 0.751567  -6.09605  0.660537
 0.752001   -6.0837   0.66097
 0.752434  -6.07136   0.66097
 0.752868  -6.05907  0.661404
 0.753301   -6.0468  0.661404
 0.753735  -6.03457  0.661837
 0.754168  -6.02236  0.661837
 0.754602   -6.0102  0.662271
 0.755035  -5.99806  0.662271
 0.755468  -5.98595  0.662704
 0.755902  -5.97387  0.662704
 0.756335  -5.96183  0.663138
 0.756769  -5.94982  0.663138
 0.757202  -5.93783  0.663571
 0.757636  -5.92589  0.663571
 0.758069  -5.91396  0.664005
 0.758503  -5.90208  0.664005
 0.758936  -5.89021  0.664438
  0.75937   -5.8784  0.664438
 0.759803  -5.86659  0.664872
 0.760237  -5.85483  0.665305
  0.76067  -5.84308  0.665305
 0.761104  -5.83139  0.665739
 0.761537   -5.8197  0.665739
 0.761971  -5.80806  0.666172
 0.762404  -5.79644  0.666172
 0.762838  -5.78486  0.666606
 0.763271   -5.7733  0.666606
 0.763705  -5.76178  0.667039
 0.764138  -5.75028  0.667039
 0.764572  -5.73881  0.667472
 0.765005  -5.72737  0.667472
 0.765438  -5.71596  0.667906
 0.765872  -5.70459  0.667906
 0.766305  -5.69323  0.668339
 0.766739  -5.68192  0.668339
 0.767172  -5.67062  0.668773
 0.767606  -5.65936  0.668773
 0.768039  -5.64812  0.669206
 0.768473  -5.63692  0.669206
 0.768906  -5.62574   0.66964
  0.76934   -5.6146  0.670073
 0.769773  -5.60347  0.670073
 0.770207  -5.59238  0.670507
  0.77064  -5.58131  0.670507
 0.771074  -5.57028   0.67094
 0.771507  -5.55927   0.67094
 0.771941  -5.54829  0.671374
 0.772374  -5.53734  0.671374
 0.772808  -5.52642  0.671807
 0.773241  -5.51552  0.671807
 0.773675  -5.50465  0.672241
 0.774108  -5.49381  0.672241
 0.774542    -5.483  0.672674
 0.774975  -5.47221  0.672674
 0.775408  -5.46145  0.673108
 0.775842  -5.45072  0.673108
 0.776275  -5.44001  0.673541
 0.776709  -5.42934  0.673541
 0.777142  -5.41869  0.673975
 0.777576  -5.40807  0.673975
 0.778009  -5.39746  0.674408
 0.778443   -5.3869  0.674842
 0.778876  -5.37635  0.674842
  0.77931  -5.36584  0.675275
 0.779743  -5.35534  0.675275
 0.780177  -5.34489  0.675709
  0.78061  -5.33444  0.675709
 0.781044  -5.32403  0.676142
 0.781477  -5.31364  0.676142
 0.781911  -5.30329  0.676576
 0.782344  -5.29295  0.676576
 0.782778  -5.28265  0.677009
 0.783211  -5.27236  0.677009
 0.783645  -5.26211  0.677442
 0.784078  -5.25188  0.677442
 0.784512  -5.24167  0.677876
 0.784945   -5.2315  0.677876
 0.785378  -5.22134  0.678309
 0.785812  -5.21121  0.678309
 0.786245   -5.2011  0.678743
 0.786679  -5.19103  0.678743
 0.787112  -5.18097  0.679176
 0.787546  -5.17095  0.679176
 0.787979  -5.16094   0.67961
 0.788413  -5.15097  0.680043
 0.788846  -5.14101  0.680043
  0.78928  -5.13109  0.680477
 0.789713  -5.12118  0.680477
 0.790147   -5.1113   0.68091
  0.79058  -5.10144   0.68091
 0.791014  -5.09162  0.681344
 0.791447  -5.08181  0.681344
 0.791881  -5.07203  0.681777
 0.792314  -5.06227  0.681777
 0.792748  -5.05254  0.682211
 0.793181  -5.04283  0.682211
 0.793615  -5.03314  0.682644
 0.794048  -5.02348  0.682644
 0.794481  -5.01384  0.683078
 0.794915  -5.00423  0.683078
 0.795348  -4.99464  0.683511
 0.795782  -4.98508  0.683511
 0.796215  -4.97553  0.683945
 0.796649  -4.96601  0.683945
 0.797082  -4.95651  0.684378
 0.797516  -4.94705  0.684378
 0.797949  -4.93759  0.684812
 0.798383  -4.92817  0.685245
 0.798816  -4.91876  0.685245
  0.79925  -4.90938  0.685679
 0.799683  -4.90002  0.685679
 0.800117  -4.89069  0.686112
  0.80055  -4.88138  0.686112
 0.800984  -4.87209  0.686546
 0.801417  -4.86282  0.686546
 0.801851  -4.85358  0.686979
 0.802284  -4.84436  0.686979
 0.802718  -4.83516  0.687412
 0.803151  -4.82599  0.687412
 0.803585  -4.81683  0.687846
 0.804018   -4.8077  0.687846
 0.804451  -4.79859  0.688279
 0.804885  -4.78951  0.688279
 0.805318  -4.78044  0.688713
 0.805752   -4.7714  0.688713
 0.806185  -4.76238  0.689146
 0.806619  -4.75339  0.689146
 0.807052   -4.7444   0.68958
 0.807486  -4.73546  0.690013
 0.807919  -4.72652  0.690013
 0.808353  -4.71761  0.690447
 0.808786  -4.70871  0.690447
  0.80922  -4.69985   0.69088
 0.809653    -4.691   0.69088
 0.810087  -4.68218  0.691314
  0.81052  -4.67337  0.691314
 0.810954  -4.66459  0.691747
 0.811387  -4.65583  0.691747
 0.811821  -4.64709  0.692181
 0.812254  -4.63837  0.692181
 0.812688  -4.62967  0.692614
 0.813121  -4.62099  0.692614
 0.813555  -4.61233  0.693048
 0.813988   -4.6037  0.693048
 0.814421  -4.59508  0.693481
 0.814855  -4.58649  0.693481
 0.815288  -4.57792  0.693915
 0.815722  -4.56937  0.693915
 0.816155  -4.56083  0.694348
 0.816589  -4.55232  0.694348
 0.817022  -4.54383  0.694782
 0.817456  -4.53536  0.695215
 0.817889   -4.5269  0.695215
 0.818323  -4.51848  0.695649
 0.818756  -4.51006  0.695649
  0.81919  -4.50168  0.696082
 0.819623   -4.4933  0.696082
 0.820057  -4.48496  0.696516
  0.82049  -4.47662  0.696516
 0.820924  -4.46832  0.696949
 0.821357  -4.46002  0.696949
 0.821791  -4.45175  0.697382
 0.822224   -4.4435  0.697382
 0.822658  -4.43527  0.697816
 0.823091  -4.42706  0.697816
 0.823525  -4.41887  0.698249
 0.823958   -4.4107  0.698249
 0.824391  -4.40254  0.698683
 0.824825  -4.39441  0.698683
 0.825258  -4.38629  0.699116
 0.825692   -4.3782  0.699116
 0.826125  -4.37012   0.69955
 0.826559  -4.36207   0.69955
 0.826992  -4.35402  0.699983
 0.827426  -4.34601  0.699983
 0.827859    -4.338  0.700417
 0.828293  -4.33003   0.70085
 0.828726  -4.32206   0.70085
  0.82916  -4.31412  0.701284
 0.829593  -4.30619  0.701284
 0.830027  -4.29829  0.701717
  0.83046   -4.2904  0.701717
 0.830894  -4.28253  0.702151
 0.831327  -4.27468  0.702151
 0.831761  -4.26685  0.702584
 0.832194  -4.25904  0.702584
 0.832628  -4.25124  0.703018
 0.833061  -4.24347  0.703018
 0.833494  -4.23571  0.703451
 0.833928  -4.22797  0.703451
 0.834361  -4.22024  0.703885
 0.834795  -4.21254  0.703885
 0.835228  -4.20485  0.704318
 0.835662  -4.19719  0.704318
 0.836095  -4.18954  0.704752
 0.836529  -4.18191  0.704752
 0.836962  -4.17429  0.705185
 0.837396   -4.1667  0.705185
 0.837829  -4.15912  0.705619
 0.838263  -4.15156  0.706052
 0.838696  -4.14401  0.706052
  0.83913  -4.13649  0.706485
 0.839563  -4.12898  0.706485
 0.839997  -4.12149  0.706919
  0.84043  -4.11402  0.706919
 0.840864  -4.10656  0.707352
 0.841297  -4.09912  0.707352
 0.841731   -4.0917  0.707786
 0.842164   -4.0843  0.707786
 0.842598  -4.07691  0.708219
 0.843031  -4.06954  0.708219
 0.843464  -4.06219  0.708653
 0.843898  -4.05486  0.708653
 0.844331  -4.04754  0.709086
 0.844765  -4.04024  0.709086
 0.845198  -4.03295   0.70952
 0.845632  -4.02569   0.70952
 0.846065  -4.01844  0.709953
 0.846499  -4.01121  0.709953
 0.846932  -4.00398  0.710387
 0.847366  -3.99679  0.710387
 0.847799   -3.9896   0.71082
 0.848233  -3.98244   0.71082
 0.848666  -3.97528  0.711254
   0.8491  -3.96815  0.711687
 0.849533  -3.96103  0.711687
 0.849967  -3.95393  0.712121
   0.8504  -3.94685  0.712121
 0.850834  -3.93978  0.712554
 0.851267  -3.93272  0.712554
 0.851701  -3.92569  0.712988
 0.852134  -3.91867  0.712988
 0.852568  -3.91167  0.713421
 0.853001  -3.90468  0.713421
 0.853434  -3.89771  0.713855
 0.853868  -3.89075  0.713855
 0.854301  -3.88381  0.714288
 0.854735  -3.87689  0.714288
 0.855168  -3.86998  0.714722
 0.855602  -3.86309  0.714722
 0.856035  -3.85621  0.715155
 0.856469  -3.84935  0.715155
 0.856902   -3.8425  0.715589
 0.857336  -3.83568  0.715589
 0.857769  -3.82886  0.716022
 0.858203  -3.82207  0.716022
 0.858636  -3.81528  0.716455
  0.85907  -3.80852  0.716889
 0.859503  -3.80176  0.716889
 0.859937  -3.79503  0.717322
  0.86037   -3.7883  0.717322
 0.860804   -3.7816  0.717756
 0.861237  -3.77491  0.717756
 0.861671  -3.76823  0.718189
 0.862104  -3.76157  0.718189
 0.862538  -3.75493  0.718623
 0.862971   -3.7483  0.718623
 0.863404  -3.74168  0.719056
 0.863838  -3.73508  0.719056
 0.864271   -3.7285   0.71949
 0.864705  -3.72193   0.71949
 0.865138  -3.71537  0.719923
 0.865572  -3.70883  0.719923
 0.866005   -3.7023  0.720357
 0.866439  -3.69579  0.720357
 0.866872  -3.68929   0.72079
 0.867306  -3.68282   0.72079
 0.867739  -3.67635  0.721224
 0.868173   -3.6699  0.721224
 0.868606  -3.66346  0.721657
  0.86904  -3.65704  0.721657
 0.869473  -3.65062  0.722091
 0.869907  -3.64423  0.722524
  0.87034  -3.63785  0.722524
 0.870774  -3.63149  0.722958
 0.871207  -3.62513  0.722958
 0.871641   -3.6188  0.723391
 0.872074  -3.61247  0.723391
 0.872508  -3.60617  0.723825
 0.872941  -3.59987  0.723825
 0.873374  -3.59359  0.724258
 0.873808  -3.58732  0.724258
 0.874241  -3.58107  0.724692
 0.874675  -3.57483  0.724692
 0.875108  -3.56861  0.725125
 0.875542   -3.5624  0.725125
 0.875975   -3.5562  0.725559
 0.876409  -3.55002  0.725559
 0.876842  -3.54385  0.725992
 0.877276  -3.53769  0.725992
 0.877709  -3.53155  0.726425
 0.878143  -3.52542  0.726425
 0.878576  -3.51931  0.726859
  0.87901  -3.51321  0.726859
 0.879443  -3.50712  0.727292
 0.879877  -3.50105  0.727292
  0.88031  -3.49498  0.727726
 0.880744  -3.48894  0.727726
 0.881177   -3.4829  0.728159
 0.881611  -3.47689  0.728593
 0.882044  -3.47088  0.728593
 0.882477  -3.46489  0.729026
 0.882911  -3.45891  0.729026
 0.883344  -3.45294   0.72946
 0.883778  -3.44699   0.72946
 0.884211  -3.44105  0.729893
 0.884645  -3.43512  0.729893
 0.885078  -3.42921  0.730327
 0.885512   -3.4233  0.730327
 0.885945  -3.41742   0.73076
 0.886379  -3.41154   0.73076
 0.886812  -3.40568  0.731194
 0.887246  -3.39983  0.731194
 0.887679  -3.39399  0.731627
 0.888113  -3.38817  0.731627
 0.888546  -3.38236  0.732061
  0.88898  -3.37656  0.732061
 0.889413  -3.37078  0.732494
 0.889847  -3.36501  0.732494
  0.89028  -3.35925  0.732928
 0.890714   -3.3535  0.732928
 0.891147  -3.34776  0.733361
 0.891581  -3.34205  0.733361
 0.892014  -3.33633  0.733795
 0.892447  -3.33064  0.734228
 0.892881  -3.32495  0.734228
 0.893314  -3.31929  0.734662
 0.893748  -3.31362  0.734662
 0.894181  -3.30798  0.735095
 0.894615  -3.30234  0.735095
 0.895048  -3.29672  0.735529
 0.895482  -3.29111  0.735529
 0.895915  -3.28551  0.735962
 0.896349  -3.27993  0.735962
 0.896782  -3.27436  0.736395
 0.897216  -3.26879  0.736395
 0.897649  -3.26324  0.736829
 0.898083  -3.25771  0.736829
 0.898516  -3.25218  0.737262
  0.89895  -3.24667  0.737262
 0.899383  -3.24117  0.737696
 0.899817  -3.23568  0.737696
  0.90025   -3.2302  0.738129
 0.900684  -3.22474  0.738129
 0.901117  -3.21929  0.738563
 0.901551  -3.21385  0.738563
 0.901984  -3.20841  0.738996
 0.902417    -3.203  0.738996
 0.902851  -3.19759   0.73943
 0.903284   -3.1922   0.73943
 0.903718  -3.18681  0.739863
 0.904151  -3.18145  0.740297
 0.904585  -3.17608  0.740297
 0.905018  -3.17074   0.74073
 0.905452   -3.1654   0.74073
 0.905885  -3.16008  0.741164
 0.906319  -3.15476  0.741164
 0.906752  -3.14946  0.741597
 0.907186  -3.14417  0.741597
 0.907619  -3.13889  0.742031
 0.908053  -3.13362  0.742031
 0.908486  -3.12837  0.742464
  0.90892  -3.12312  0.742464
 0.909353  -3.11789  0.742898
 0.909787  -3.11267  0.742898
  0.91022  -3.10746  0.743331
 0.910654  -3.10226  0.743331
 0.911087  -3.09707  0.743765
 0.911521  -3.09189  0.743765
 0.911954  -3.08672  0.744198
 0.912387  -3.08157  0.744198
 0.912821  -3.07642  0.744632
 0.913254  -3.07129  0.744632
 0.913688  -3.06617  0.745065
 0.914121  -3.06106  0.745065
 0.914555  -3.05596  0.745498
 0.914988  -3.05087  0.745932
 0.915422  -3.04579  0.745932
 0.915855  -3.04072  0.746365
 0.916289  -3.03566  0.746365
 0.916722  -3.03062  0.746799
 0.917156  -3.02558  0.746799
 0.917589  -3.02056  0.747232
 0.918023  -3.01554  0.747232
 0.918456  -3.01054  0.747666
  0.91889  -3.00555  0.747666
 0.919323  -3.00057  0.748099
 0.919757  -2.99559  0.748099
  0.92019  -2.99063  0.748533
 0.920624  -2.98568  0.748533
 0.921057  -2.98074  0.748966
  0.92149  -2.97581  0.748966
 0.921924  -2.97089    0.7494
 0.922357  -2.96599    0.7494
 0.922791  -2.96109  0.749833
 0.923224   -2.9562  0.749833
 0.923658  -2.95132  0.750267
 0.924091  -2.94646  0.750267
 0.924525   -2.9416    0.7507
 0.924958  -2.93675    0.7507
 0.925392  -2.93192  0.751134
 0.925825  -2.92709  0.751134
 0.926259  -2.92227  0.751567
 0.926692  -2.91747  0.751567
 0.927126  -2.91267  0.752001
 0.927559  -2.90789  0.752434
 0.927993  -2.90311  0.752434
 0.928426  -2.89835  0.752868
  0.92886  -2.89359  0.752868
 0.929293  -2.88885  0.753301
 0.929727  -2.88411  0.753301
  0.93016  -2.87939  0.753735
 0.930594  -2.87467  0.753735
 0.931027  -2.86997  0.754168
  0.93146  -2.86527  0.754168
 0.931894  -2.86058  0.754602
 0.932327  -2.85591  0.754602
 0.932761  -2.85124  0.755035
 0.933194  -2.84659  0.755035
 0.933628  -2.84194  0.755468
 0.934061   -2.8373  0.755468
 0.934495  -2.83267  0.755902
 0.934928  -2.82806  0.755902
 0.935362  -2.82345  0.756335
 0.935795  -2.81885  0.756335
 0.936229  -2.81426  0.756769
 0.936662  -2.80969  0.756769
 0.937096  -2.80511  0.757202
 0.937529  -2.80056  0.757202
 0.937963    -2.796  0.757636
 0.938396  -2.79147  0.757636
  0.93883  -2.78693  0.758069
 0.939263  -2.78241  0.758503
 0.939697   -2.7779  0.758503
  0.94013   -2.7734  0.758936
 0.940564   -2.7689  0.758936
 0.940997  -2.76442   0.75937
  0.94143  -2.75994   0.75937
 0.941864  -2.75548  0.759803
 0.942297  -2.75102  0.759803
 0.942731  -2.74657  0.760237
 0.943164  -2.74213  0.760237
 0.943598   -2.7377   0.76067
 0.944031  -2.73328   0.76067
 0.944465  -2.72887  0.761104
 0.944898  -2.72447  0.761104
 0.945332  -2.72008  0.761537
 0.945765   -2.7157  0.761537
 0.946199  -2.71132  0.761971
 0.946632  -2.70696  0.761971
 0.947066   -2.7026  0.762404
 0.947499  -2.69825  0.762404
 0.947933  -2.69391  0.762838
 0.948366  -2.68959  0.762838
   0.9488  -2.68526  0.763271
 0.949233  -2.68095  0.763271
 0.949667  -2.67665  0.763705
   0.9501  -2.67236  0.763705
 0.950534  -2.66807  0.764138
 0.950967   -2.6638  0.764572
   0.9514  -2.65953  0.764572
 0.951834  -2.65527  0.765005
 0.952267  -2.65102  0.765005
 0.952701  -2.64678  0.765438
 0.953134  -2.64255  0.765438
 0.953568  -2.63832  0.765872
 0.954001  -2.63411  0.765872
 0.954435   -2.6299  0.766305
 0.954868   -2.6257  0.766305
 0.955302  -2.62151  0.766739
 0.955735  -2.61733  0.766739
 0.956169  -2.61316  0.767172
 0.956602    -2.609  0.767172
 0.957036  -2.60484  0.767606
 0.957469   -2.6007  0.767606
 0.957903  -2.59656  0.768039
 0.958336  -2.59243  0.768039
  0.95877  -2.58831  0.768473
 0.959203  -2.58419  0.768473
 0.959637  -2.58009  0.768906
  0.96007  -2.57599  0.768906
 0.960504   -2.5719   0.76934
 0.960937  -2.56783   0.76934
  0.96137  -2.56375  0.769773
 0.961804  -2.55969  0.769773
 0.962237  -2.55564  0.770207
 0.962671  -2.55159  0.770207
 0.963104  -2.54755   0.77064
 0.963538  -2.54352  0.771074
 0.963971   -2.5395  0.771074
 0.964405  -2.53549  0.771507
 0.964838  -2.53148  0.771507
 0.965272  -2.52748  0.771941
 0.965705  -2.52349  0.771941
 0.966139  -2.51951  0.772374
 0.966572  -2.51554  0.772374
 0.967006  -2.51157  0.772808
 0.967439  -2.50762  0.772808
 0.967873  -2.50367  0.773241
 0.968306  -2.49973  0.773241
  0.96874  -2.49579  0.773675
 0.969173  -2.49187  0.773675
 0.969607  -2.48795  0.774108
  0.97004  -2.48404  0.774108
 0.970473  -2.48014  0.774542
 0.970907  -2.47625  0.774542
  0.97134  -2.47236  0.774975
 0.971774  -2.46848  0.774975
 0.972207  -2.46461  0.775408
 0.972641  -2.46075  0.775408
 0.973074  -2.45689  0.775842
 0.973508  -2.45305  0.775842
 0.973941  -2.44921  0.776275
 0.974375  -2.44538  0.776275
 0.974808  -2.44155  0.776709
 0.975242  -2.43774  0.776709
 0.975675  -2.43393  0.777142
 0.976109  -2.43013  0.777576
 0.976542  -2.42633  0.777576
 0.976976  -2.42255  0.778009
 0.977409  -2.41877  0.778009
 0.977843    -2.415  0.778443
 0.978276  -2.41123  0.778443
  0.97871  -2.40748  0.778876
 0.979143  -2.40373  0.778876
 0.979577  -2.39999   0.77931
  0.98001  -2.39626   0.77931
 0.980443  -2.39253  0.779743
 0.980877  -2.38881  0.779743
  0.98131   -2.3851  0.780177
 0.981744   -2.3814  0.780177
 0.982177   -2.3777   0.78061
 0.982611  -2.37401   0.78061
 0.983044  -2.37033  0.781044
 0.983478  -2.36666  0.781044
 0.983911  -2.36299  0.781477
 0.984345  -2.35933  0.781477
 0.984778  -2.35568  0.781911
 0.985212  -2.35203  0.781911
 0.985645  -2.34839  0.782344
 0.986079  -2.34477  0.782344
 0.986512  -2.34114  0.782778
 0.986946  -2.33753  0.782778
 0.987379  -2.33391  0.783211
 0.987813  -2.33032  0.783211
 0.988246  -2.32672  0.783645
  0.98868  -2.32313  0.784078
 0.989113  -2.31955  0.784078
 0.989547  -2.31598  0.784512
  0.98998  -2.31241  0.784512
 0.990413  -2.30885  0.784945
 0.990847   -2.3053  0.784945
  0.99128  -2.30175  0.785378
 0.991714  -2.29821  0.785378
 0.992147  -2.29468  0.785812
 0.992581  -2.29116  0.785812
 0.993014  -2.28764  0.786245
 0.993448  -2.28413  0.786245
 0.993881  -2.28063  0.786679
 0.994315  -2.27713  0.786679
 0.994748  -2.27364  0.787112
 0.995182  -2.27016  0.787112
 0.995615  -2.26668  0.787546
 0.996049  -2.26321  0.787546
 0.996482  -2.25975  0.787979
 0.996916  -2.25629  0.787979
 0.997349  -2.25284  0.788413
 0.997783   -2.2494  0.788413
 0.998216  -2.24596  0.788846
  0.99865  -2.24254  0.788846
 0.999083  -2.23911   0.78928
 0.999517   -2.2357   0.78928
  0.99995  -2.23229  0.789713
  1.00038  -2.22889  0.789713
  1.00082  -2.22549  0.790147
  1.00125   -2.2221  0.790147
  1.00168  -2.21872   0.79058
  1.00212  -2.21535  0.791014
  1.00255  -2.21197  0.791014
  1.00298  -2.20861  0.791447
  1.00342  -2.20526  0.791447
  1.00385  -2.20191  0.791881
  1.00428  -2.19856  0.791881
  1.00472  -2.19523  0.792314
  1.00515   -2.1919  0.792314
  1.00559  -2.18857  0.792748
  1.00602  -2.18526  0.792748
  1.00645  -2.18195  0.793181
  1.00689  -2.17864  0.793181
  1.00732  -2.17534  0.793615
  1.00775  -2.17205  0.793615
  1.00819  -2.16877  0.794048
  1.00862  -2.16549  0.794048
  1.00905  -2.16222  0.794481
  1.00949  -2.15895  0.794481
  1.00992  -2.15569  0.794915
  1.01035  -2.15244  0.794915
  1.01079  -2.14919  0.795348
  1.01122  -2.14595  0.795348
  1.01165  -2.14272  0.795782
  1.01209  -2.13949  0.795782
  1.01252  -2.13626  0.796215
  1.01295  -2.13305  0.796215
  1.01339  -2.12984  0.796649
  1.01382  -2.12664  0.796649
  1.01425  -2.12344  0.797082
  1.01469  -2.12025  0.797082
  1.01512  -2.11706  0.797516
  1.01556  -2.11389  0.797949
  1.01599  -2.11071  0.797949
  1.01642  -2.10755  0.798383
  1.01686  -2.10438  0.798383
  1.01729  -2.10123  0.798816
  1.01772  -2.09808  0.798816
  1.01816  -2.09494   0.79925
  1.01859   -2.0918   0.79925
  1.01902  -2.08867  0.799683
  1.01946  -2.08555  0.799683
  1.01989  -2.08243  0.800117
  1.02032  -2.07932  0.800117
  1.02076  -2.07621   0.80055
  1.02119  -2.07311   0.80055
  1.02162  -2.07002  0.800984
  1.02206  -2.06693  0.800984
  1.02249  -2.06385  0.801417
  1.02292  -2.06077  0.801417
  1.02336   -2.0577  0.801851
  1.02379  -2.05463  0.801851
  1.02422  -2.05157  0.802284
  1.02466  -2.04852  0.802284
  1.02509  -2.04547  0.802718
  1.02553  -2.04243  0.802718
  1.02596  -2.03939  0.803151
  1.02639  -2.03637  0.803151
  1.02683  -2.03334  0.803585
  1.02726  -2.03032  0.803585
  1.02769  -2.02731  0.804018
  1.02813   -2.0243  0.804018
  1.02856   -2.0213  0.804451
  1.02899  -2.01831  0.804885
  1.02943  -2.01531  0.804885
  1.02986  -2.01233  0.805318
  1.03029  -2.00935  0.805318
  1.03073  -2.00638  0.805752
  1.03116  -2.00341  0.805752
  1.03159  -2.00045  0.806185
  1.03203  -1.99749  0.806185
  1.03246  -1.99454  0.806619
  1.03289   -1.9916  0.806619
  1.03333  -1.98866  0.807052
  1.03376  -1.98572  0.807052
  1.03419   -1.9828  0.807486
  1.03463  -1.97987  0.807486
  1.03506  -1.97696  0.807919
   1.0355  -1.97404  0.807919
  1.03593  -1.97114  0.808353
  1.03636  -1.96824  0.808353
   1.0368  -1.96534  0.808786
  1.03723  -1.96245  0.808786
  1.03766  -1.95957   0.80922
   1.0381  -1.95669   0.80922
  1.03853  -1.95381  0.809653
  1.03896  -1.95095  0.809653
   1.0394  -1.94808  0.810087
  1.03983  -1.94523  0.810087
  1.04026  -1.94237   0.81052
   1.0407  -1.93953   0.81052
  1.04113  -1.93668  0.810954
  1.04156  -1.93385  0.810954
    1.042  -1.93102  0.811387
  1.04243  -1.92819  0.811821
  1.04286  -1.92537  0.811821
   1.0433  -1.92256  0.812254
  1.04373  -1.91975  0.812254
  1.04416  -1.91694  0.812688
   1.0446  -1.91414  0.812688
  1.04503  -1.91135  0.813121
  1.04547  -1.90856  0.813121
   1.0459  -1.90578  0.813555
  1.04633    -1.903  0.813555
  1.04677  -1.90023  0.813988
   1.0472  -1.89746  0.813988
  1.04763   -1.8947  0.814421
  1.04807  -1.89194  0.814421
   1.0485  -1.88919  0.814855
  1.04893  -1.88644  0.814855
  1.04937   -1.8837  0.815288
   1.0498  -1.88096  0.815288
  1.05023  -1.87823  0.815722
  1.05067   -1.8755  0.815722
   1.0511  -1.87278  0.816155
  1.05153  -1.87006  0.816155
  1.05197  -1.86735  0.816589
   1.0524  -1.86464  0.816589
  1.05283  -1.86194  0.817022
  1.05327  -1.85925  0.817022
   1.0537  -1.85655  0.817456
  1.05413  -1.85387  0.817456
  1.05457  -1.85119  0.817889
    1.055  -1.84851  0.817889
  1.05544  -1.84584  0.818323
  1.05587  -1.84317  0.818323
   1.0563  -1.84051  0.818756
  1.05674  -1.83785   0.81919
  1.05717   -1.8352   0.81919
   1.0576  -1.83255  0.819623
  1.05804  -1.82991  0.819623
  1.05847  -1.82727  0.820057
   1.0589  -1.82464  0.820057
  1.05934  -1.82201   0.82049
  1.05977  -1.81939   0.82049
   1.0602  -1.81677  0.820924
  1.06064  -1.81416  0.820924
  1.06107  -1.81155  0.821357
   1.0615  -1.80895  0.821357
  1.06194  -1.80635  0.821791
  1.06237  -1.80375  0.821791
   1.0628  -1.80117  0.822224
  1.06324  -1.79858  0.822224
  1.06367    -1.796  0.822658
   1.0641  -1.79343  0.822658
  1.06454  -1.79086  0.823091
  1.06497  -1.78829  0.823091
  1.06541  -1.78573  0.823525
  1.06584  -1.78317  0.823525
  1.06627  -1.78062  0.823958
  1.06671  -1.77808  0.823958
  1.06714  -1.77553  0.824391
  1.06757    -1.773  0.824391
  1.06801  -1.77046  0.824825
  1.06844  -1.76794  0.824825
  1.06887  -1.76541  0.825258
  1.06931  -1.76289  0.825258
  1.06974  -1.76038  0.825692
  1.07017  -1.75787  0.825692
  1.07061  -1.75536  0.826125
  1.07104  -1.75286  0.826559
  1.07147  -1.75037  0.826559
  1.07191  -1.74788  0.826992
  1.07234  -1.74539  0.826992
  1.07277  -1.74291  0.827426
  1.07321  -1.74043  0.827426
  1.07364  -1.73795  0.827859
  1.07407  -1.73548  0.827859
  1.07451  -1.73302  0.828293
  1.07494  -1.73056  0.828293
  1.07538  -1.72811  0.828726
  1.07581  -1.72565  0.828726
  1.07624  -1.72321   0.82916
  1.07668  -1.72077   0.82916
  1.07711  -1.71833  0.829593
  1.07754  -1.71589  0.829593
  1.07798  -1.71347  0.830027
  1.07841  -1.71104  0.830027
  1.07884  -1.70862   0.83046
  1.07928  -1.70621   0.83046
  1.07971  -1.70379  0.830894
  1.08014  -1.70139  0.830894
  1.08058  -1.69898  0.831327
  1.08101  -1.69659  0.831327
  1.08144  -1.69419  0.831761
  1.08188   -1.6918  0.831761
  1.08231  -1.68942  0.832194
  1.08274  -1.68704  0.832194
  1.08318  -1.68466  0.832628
  1.08361  -1.68229  0.832628
  1.08404  -1.67992  0.833061
  1.08448  -1.67756  0.833061
  1.08491   -1.6752  0.833494
  1.08535  -1.67284  0.833928
  1.08578  -1.67049  0.833928
  1.08621  -1.66814  0.834361
  1.08665   -1.6658  0.834361
  1.08708  -1.66346  0.834795
  1.08751  -1.66113  0.834795
  1.08795   -1.6588  0.835228
  1.08838  -1.65647  0.835228
  1.08881  -1.65415  0.835662
  1.08925  -1.65183  0.835662
  1.08968  -1.64952  0.836095
  1.09011  -1.64721  0.836095
  1.09055  -1.64491  0.836529
  1.09098   -1.6426  0.836529
  1.09141  -1.64031  0.836962
  1.09185  -1.63801  0.836962
  1.09228  -1.63573  0.837396
  1.09271  -1.63344  0.837396
  1.09315  -1.63116  0.837829
  1.09358  -1.62888  0.837829
  1.09401  -1.62661  0.838263
  1.09445  -1.62434  0.838263
  1.09488  -1.62208  0.838696
  1.09532  -1.61982  0.838696
  1.09575  -1.61756   0.83913
  1.09618  -1.61531   0.83913
  1.09662  -1.61306  0.839563
  1.09705  -1.61082  0.839563
  1.09748  -1.60858  0.839997
  1.09792  -1.60634  0.839997
  1.09835  -1.60411   0.84043
  1.09878  -1.60188   0.84043
  1.09922  -1.59966  0.840864
  1.09965  -1.59744  0.840864
  1.10008  -1.59522  0.841297
  1.10052  -1.59301  0.841731
  1.10095   -1.5908  0.841731
  1.10138   -1.5886  0.842164
  1.10182   -1.5864  0.842164
  1.10225   -1.5842  0.842598
  1.10268  -1.58201  0.842598
  1.10312  -1.57982  0.843031
  1.10355  -1.57763  0.843031
  1.10398  -1.57545  0.843464
  1.10442  -1.57327  0.843464
  1.10485   -1.5711  0.843898
  1.10529  -1.56893  0.843898
  1.10572  -1.56677  0.844331
  1.10615   -1.5646  0.844331
  1.10659  -1.56245  0.844765
  1.10702  -1.56029  0.844765
  1.10745  -1.55814  0.845198
  1.10789  -1.55599  0.845198
  1.10832  -1.55385  0.845632
  1.10875  -1.55171  0.845632
  1.10919  -1.54958  0.846065
  1.10962  -1.54744  0.846065
  1.11005  -1.54532  0.846499
  1.11049  -1.54319  0.846499
  1.11092  -1.54107  0.846932
  1.11135  -1.53896  0.846932
  1.11179  -1.53684  0.847366
  1.11222  -1.53473  0.847366
  1.11265  -1.53263  0.847799
  1.11309  -1.53053  0.847799
  1.11352  -1.52843  0.848233
  1.11395  -1.52633  0.848233
  1.11439  -1.52424  0.848666
  1.11482  -1.52216  0.848666
  1.11526  -1.52007    0.8491
  1.11569  -1.51799  0.849533
  1.11612  -1.51591  0.849533
  1.11656  -1.51384  0.849967
  1.11699  -1.51177  0.849967
  1.11742  -1.50971    0.8504
  1.11786  -1.50765    0.8504
  1.11829  -1.50559  0.850834
  1.11872  -1.50353  0.850834
  1.11916  -1.50148  0.851267
  1.11959  -1.49943  0.851267
  1.12002  -1.49739  0.851701
  1.12046  -1.49535  0.851701
  1.12089  -1.49331  0.852134
  1.12132  -1.49128  0.852134
  1.12176  -1.48925  0.852568
  1.12219  -1.48723  0.852568
  1.12262   -1.4852  0.853001
  1.12306  -1.48318  0.853001
  1.12349  -1.48117  0.853434
  1.12392  -1.47916  0.853434
  1.12436  -1.47715  0.853868
  1.12479  -1.47514  0.853868
  1.12523  -1.47314  0.854301
  1.12566  -1.47114  0.854301
  1.12609  -1.46915  0.854735
  1.12653  -1.46716  0.854735
  1.12696  -1.46517  0.855168
  1.12739  -1.46319  0.855168
  1.12783   -1.4612  0.855602
  1.12826  -1.45923  0.855602
  1.12869  -1.45725  0.856035
  1.12913  -1.45528  0.856035
  1.12956  -1.45332  0.856469
  1.12999  -1.45135  0.856469
  1.13043  -1.44939  0.856902
  1.13086  -1.44744  0.856902
  1.13129  -1.44548  0.857336
  1.13173  -1.44353  0.857769
  1.13216  -1.44158  0.857769
  1.13259  -1.43964  0.858203
  1.13303   -1.4377  0.858203
  1.13346  -1.43576  0.858636
  1.13389  -1.43383  0.858636
  1.13433   -1.4319   0.85907
  1.13476  -1.42997   0.85907
   1.1352  -1.42805  0.859503
  1.13563  -1.42613  0.859503
  1.13606  -1.42421  0.859937
   1.1365   -1.4223  0.859937
  1.13693  -1.42039   0.86037
  1.13736  -1.41848   0.86037
   1.1378  -1.41658  0.860804
  1.13823  -1.41468  0.860804
  1.13866  -1.41278  0.861237
   1.1391  -1.41089  0.861237
  1.13953    -1.409  0.861671
  1.13996  -1.40711  0.861671
   1.1404  -1.40522  0.862104
  1.14083  -1.40334  0.862104
  1.14126  -1.40147  0.862538
   1.1417  -1.39959  0.862538
  1.14213  -1.39772  0.862971
  1.14256  -1.39585  0.862971
    1.143  -1.39399  0.863404
  1.14343  -1.39213  0.863404
  1.14386  -1.39027  0.863838
   1.1443  -1.38841  0.863838
  1.14473  -1.38656  0.864271
  1.14517  -1.38471  0.864271
   1.1456  -1.38286  0.864705
  1.14603  -1.38102  0.864705
  1.14647  -1.37918  0.865138
   1.1469  -1.37735  0.865572
  1.14733  -1.37551  0.865572
  1.14777  -1.37368  0.866005
   1.1482  -1.37185  0.866005
  1.14863  -1.37003  0.866439
  1.14907  -1.36821  0.866439
   1.1495  -1.36639  0.866872
  1.14993  -1.36458  0.866872
  1.15037  -1.36277  0.867306
   1.1508  -1.36096  0.867306
  1.15123  -1.35915  0.867739
  1.15167  -1.35735  0.867739
   1.1521  -1.35555  0.868173
  1.15253  -1.35375  0.868173
  1.15297  -1.35196  0.868606
   1.1534  -1.35017  0.868606
  1.15383  -1.34838   0.86904
  1.15427   -1.3466   0.86904
   1.1547  -1.34482  0.869473
  1.15514  -1.34304  0.869473
  1.15557  -1.34126  0.869907
    1.156  -1.33949  0.869907
  1.15644  -1.33772   0.87034
  1.15687  -1.33596   0.87034
   1.1573  -1.33419  0.870774
  1.15774  -1.33243  0.870774
  1.15817  -1.33068  0.871207
   1.1586  -1.32892  0.871207
  1.15904  -1.32717  0.871641
  1.15947  -1.32542  0.871641
   1.1599  -1.32368  0.872074
  1.16034  -1.32193  0.872074
  1.16077  -1.32019  0.872508
   1.1612  -1.31846  0.872508
  1.16164  -1.31672  0.872941
  1.16207  -1.31499  0.872941
   1.1625  -1.31327  0.873374
  1.16294  -1.31154  0.873808
  1.16337  -1.30982  0.873808
   1.1638   -1.3081  0.874241
  1.16424  -1.30638  0.874241
  1.16467  -1.30467  0.874675
  1.16511  -1.30296  0.874675
  1.16554  -1.30125  0.875108
  1.16597  -1.29955  0.875108
  1.16641  -1.29784  0.875542
  1.16684  -1.29615  0.875542
  1.16727  -1.29445  0.875975
  1.16771  -1.29276  0.875975
  1.16814  -1.29107  0.876409
  1.16857  -1.28938  0.876409
  1.16901  -1.28769  0.876842
  1.16944  -1.28601  0.876842
  1.16987  -1.28433  0.877276
  1.17031  -1.28265  0.877276
  1.17074  -1.28098  0.877709
  1.17117  -1.27931  0.877709
  1.17161  -1.27764  0.878143
  1.17204  -1.27598  0.878143
  1.17247  -1.27431  0.878576
  1.17291  -1.27265  0.878576
  1.17334    -1.271   0.87901
  1.17377  -1.26934   0.87901
  1.17421  -1.26769  0.879443
  1.17464  -1.26604  0.879443
  1.17508   -1.2644  0.879877
  1.17551  -1.26275  0.879877
  1.17594  -1.26111   0.88031
  1.17638  -1.25947   0.88031
  1.17681  -1.25784  0.880744
  1.17724  -1.25621  0.880744
  1.17768  -1.25458  0.881177
  1.17811  -1.25295  0.881177
  1.17854  -1.25133  0.881611
  1.17898   -1.2497  0.881611
  1.17941  -1.24808  0.882044
  1.17984  -1.24647  0.882477
  1.18028  -1.24486  0.882477
  1.18071  -1.24324  0.882911
  1.18114  -1.24164  0.882911
  1.18158  -1.24003  0.883344
  1.18201  -1.23843  0.883344
  1.18244  -1.23683  0.883778
  1.18288  -1.23523  0.883778
  1.18331  -1.23364  0.884211
  1.18374  -1.23204  0.884211
  1.18418  -1.23045  0.884645
  1.18461  -1.22887  0.884645
  1.18505  -1.22728  0.885078
  1.18548   -1.2257  0.885078
  1.18591  -1.22412  0.885512
  1.18635  -1.22254  0.885512
  1.18678  -1.22097  0.885945
  1.18721   -1.2194  0.885945
  1.18765  -1.21783  0.886379
  1.18808  -1.21626  0.886379
  1.18851   -1.2147  0.886812
  1.18895  -1.21314  0.886812
  1.18938  -1.21158  0.887246
  1.18981  -1.21002  0.887246
  1.19025  -1.20847  0.887679
  1.19068  -1.20692  0.887679
  1.19111  -1.20537  0.888113
  1.19155  -1.20382  0.888113
  1.19198  -1.20228  0.888546
  1.19241  -1.20074  0.888546
  1.19285   -1.1992   0.88898
  1.19328  -1.19767   0.88898
  1.19371  -1.19613  0.889413
  1.19415   -1.1946  0.889413
  1.19458  -1.19307  0.889847
  1.19502  -1.19155  0.889847
  1.19545  -1.19002   0.89028
  1.19588   -1.1885   0.89028
  1.19632  -1.18699  0.890714
  1.19675  -1.18547  0.891147
  1.19718  -1.18396  0.891147
  1.19762  -1.18245  0.891581
  1.19805  -1.18094  0.891581
  1.19848  -1.17943  0.892014
  1.19892  -1.17793  0.892014
  1.19935  -1.17643  0.892447
  1.19978  -1.17493  0.892447
  1.20022  -1.17343  0.892881
  1.20065  -1.17194  0.892881
  1.20108  -1.17045  0.893314
  1.20152  -1.16896  0.893314
  1.20195  -1.16747  0.893748
  1.20238  -1.16599  0.893748
  1.20282  -1.16451  0.894181
  1.20325  -1.16303  0.894181
  1.20368  -1.16155  0.894615
  1.20412  -1.16008  0.894615
  1.20455   -1.1586  0.895048
  1.20498  -1.15713  0.895048
  1.20542  -1.15567  0.895482
  1.20585   -1.1542  0.895482
  1.20629  -1.15274  0.895915
  1.20672  -1.15128  0.895915
  1.20715  -1.14982  0.896349
  1.20759  -1.14837  0.896349
  1.20802  -1.14691  0.896782
  1.20845  -1.14546  0.896782
  1.20889  -1.14401  0.897216
  1.20932  -1.14257  0.897216
  1.20975  -1.14113  0.897649
  1.21019  -1.13968  0.897649
  1.21062  -1.13824  0.898083
  1.21105  -1.13681  0.898083
  1.21149  -1.13537  0.898516
  1.21192  -1.13394  0.898516
  1.21235  -1.13251   0.89895
  1.21279  -1.13109   0.89895
  1.21322  -1.12966  0.899383
  1.21365  -1.12824  0.899817
  1.21409  -1.12682  0.899817
  1.21452   -1.1254   0.90025
  1.21495  -1.12398   0.90025
  1.21539  -1.12257  0.900684
  1.21582  -1.12116  0.900684
  1.21626  -1.11975  0.901117
  1.21669  -1.11834  0.901117
  1.21712  -1.11694  0.901551
  1.21756  -1.11553  0.901551
  1.21799  -1.11413  0.901984
  1.21842  -1.11274  0.901984
  1.21886  -1.11134  0.902417
  1.21929  -1.10995  0.902417
  1.21972  -1.10856  0.902851
  1.22016  -1.10717  0.902851
  1.22059  -1.10578  0.903284
  1.22102   -1.1044  0.903284
  1.22146  -1.10301  0.903718
  1.22189  -1.10163  0.903718
  1.22232  -1.10026  0.904151
  1.22276  -1.09888  0.904151
  1.22319  -1.09751  0.904585
  1.22362  -1.09613  0.904585
  1.22406  -1.09477  0.905018
  1.22449   -1.0934  0.905018
  1.22492  -1.09203  0.905452
  1.22536  -1.09067  0.905452
  1.22579  -1.08931  0.905885
  1.22623  -1.08795  0.905885
  1.22666   -1.0866  0.906319
  1.22709  -1.08524  0.906319
  1.22753  -1.08389  0.906752
  1.22796  -1.08254  0.906752
  1.22839  -1.08119  0.907186
  1.22883  -1.07985  0.907186
  1.22926  -1.07851  0.907619
  1.22969  -1.07717  0.907619
  1.23013  -1.07583  0.908053
  1.23056  -1.07449  0.908053
  1.23099  -1.07315  0.908486
  1.23143  -1.07182   0.90892
  1.23186  -1.07049   0.90892
  1.23229  -1.06916  0.909353
  1.23273  -1.06784  0.909353
  1.23316  -1.06651  0.909787
  1.23359  -1.06519  0.909787
  1.23403  -1.06387   0.91022
  1.23446  -1.06255   0.91022
  1.23489  -1.06124  0.910654
  1.23533  -1.05992  0.910654
  1.23576  -1.05861  0.911087
   1.2362   -1.0573  0.911087
  1.23663    -1.056  0.911521
  1.23706  -1.05469  0.911521
   1.2375  -1.05339  0.911954
  1.23793  -1.05209  0.911954
  1.23836  -1.05079  0.912387
   1.2388  -1.04949  0.912387
  1.23923  -1.04819  0.912821
  1.23966   -1.0469  0.912821
   1.2401  -1.04561  0.913254
  1.24053  -1.04432  0.913254
  1.24096  -1.04303  0.913688
   1.2414  -1.04175  0.913688
  1.24183  -1.04047  0.914121
  1.24226  -1.03919  0.914121
   1.2427  -1.03791  0.914555
  1.24313  -1.03663  0.914555
  1.24356  -1.03536  0.914988
    1.244  -1.03408  0.914988
  1.24443  -1.03281  0.915422
  1.24486  -1.03154  0.915422
   1.2453  -1.03028  0.915855
  1.24573  -1.02901  0.915855
  1.24617  -1.02775  0.916289
   1.2466  -1.02649  0.916289
  1.24703  -1.02523  0.916722
  1.24747  -1.02397  0.916722
   1.2479  -1.02272  0.917156
  1.24833  -1.02146  0.917156
  1.24877  -1.02021  0.917589
   1.2492  -1.01896  0.918023
  1.24963  -1.01772  0.918023
  1.25007  -1.01647  0.918456
   1.2505  -1.01523  0.918456
  1.25093  -1.01399   0.91889
  1.25137  -1.01275   0.91889
   1.2518  -1.01151  0.919323
  1.25223  -1.01027  0.919323
  1.25267  -1.00904  0.919757
   1.2531  -1.00781  0.919757
  1.25353  -1.00658   0.92019
  1.25397  -1.00535   0.92019
   1.2544  -1.00413  0.920624
  1.25483   -1.0029  0.920624
  1.25527  -1.00168  0.921057
   1.2557  -1.00046  0.921057
  1.25614 -0.999242   0.92149
  1.25657 -0.998025   0.92149
    1.257 -0.996811  0.921924
  1.25744 -0.995598  0.921924
  1.25787 -0.994387  0.922357
   1.2583 -0.993178  0.922357
  1.25874 -0.991971  0.922791
  1.25917 -0.990767  0.922791
   1.2596 -0.989563  0.923224
  1.26004 -0.988362  0.923224
  1.26047 -0.987162  0.923658
   1.2609 -0.985965  0.923658
  1.26134 -0.984769  0.924091
  1.26177 -0.983575  0.924091
   1.2622 -0.982383  0.924525
  1.26264 -0.981193  0.924525
  1.26307 -0.980004  0.924958
   1.2635 -0.978818  0.924958
  1.26394 -0.977633  0.925392
  1.26437 -0.976451  0.925392
   1.2648 -0.975269  0.925825
  1.26524 -0.974091  0.925825
  1.26567 -0.972913  0.926259
  1.26611 -0.971738  0.926259
  1.26654 -0.970563  0.926692
  1.26697 -0.969392  0.926692
  1.26741 -0.968221  0.927126
  1.26784 -0.967054  0.927559
  1.26827 -0.965886  0.927559
  1.26871 -0.964722  0.927993
  1.26914 -0.963559  0.927993
  1.26957 -0.962398  0.928426
  1.27001 -0.961238  0.928426
  1.27044 -0.960081   0.92886
  1.27087 -0.958925   0.92886
  1.27131 -0.957771  0.929293
  1.27174 -0.956618  0.929293
  1.27217 -0.955468  0.929727
  1.27261 -0.954319  0.929727
  1.27304 -0.953173   0.93016
  1.27347 -0.952027   0.93016
  1.27391 -0.950884  0.930594
  1.27434 -0.949742  0.930594
  1.27477 -0.948602  0.931027
  1.27521 -0.947464  0.931027
  1.27564 -0.946328   0.93146
  1.27608 -0.945193   0.93146
  1.27651  -0.94406  0.931894
  1.27694 -0.942929  0.931894
  1.27738 -0.941799  0.932327
  1.27781 -0.940672  0.932327
  1.27824 -0.939545  0.932761
  1.27868 -0.938421  0.932761
  1.27911 -0.937299  0.933194
  1.27954 -0.936178  0.933194
  1.27998 -0.935058  0.933628
  1.28041 -0.933941  0.933628
  1.28084 -0.932825  0.934061
  1.28128 -0.931712  0.934061
  1.28171 -0.930599  0.934495
  1.28214 -0.929489  0.934495
  1.28258 -0.928379  0.934928
  1.28301 -0.927272  0.934928
  1.28344 -0.926166  0.935362
  1.28388 -0.925063  0.935362
  1.28431  -0.92396  0.935795
  1.28474  -0.92286  0.935795
  1.28518 -0.921761  0.936229
  1.28561 -0.920664  0.936229
  1.28605 -0.919568  0.936662
  1.28648 -0.918475  0.937096
  1.28691 -0.917382  0.937096
  1.28735 -0.916292  0.937529
  1.28778 -0.915202  0.937529
  1.28821 -0.914116  0.937963
  1.28865  -0.91303  0.937963
  1.28908 -0.911946  0.938396
  1.28951 -0.910863  0.938396
  1.28995 -0.909783   0.93883
  1.29038 -0.908704   0.93883
  1.29081 -0.907627  0.939263
  1.29125 -0.906551  0.939263
  1.29168 -0.905477  0.939697
  1.29211 -0.904404  0.939697
  1.29255 -0.903333   0.94013
  1.29298 -0.902264   0.94013
  1.29341 -0.901196  0.940564
  1.29385  -0.90013  0.940564
  1.29428 -0.899066  0.940997
  1.29471 -0.898003  0.940997
  1.29515 -0.896942   0.94143
  1.29558 -0.895882   0.94143
  1.29602 -0.894824  0.941864
  1.29645 -0.893768  0.941864
  1.29688 -0.892713  0.942297
  1.29732  -0.89166  0.942297
  1.29775 -0.890608  0.942731
  1.29818 -0.889558  0.942731
  1.29862  -0.88851  0.943164
  1.29905 -0.887463  0.943164
  1.29948 -0.886417  0.943598
  1.29992 -0.885374  0.943598
  1.30035 -0.884331  0.944031
  1.30078 -0.883291  0.944031
  1.30122 -0.882252  0.944465
  1.30165 -0.881215  0.944465
  1.30208 -0.880178  0.944898
  1.30252 -0.879144  0.944898
  1.30295 -0.878111  0.945332
  1.30338  -0.87708  0.945332
  1.30382  -0.87605  0.945765
  1.30425 -0.875022  0.945765
  1.30468 -0.873995  0.946199
  1.30512 -0.872971  0.946632
  1.30555 -0.871946  0.946632
  1.30599 -0.870925  0.947066
  1.30642 -0.869904  0.947066
  1.30685 -0.868885  0.947499
  1.30729 -0.867867  0.947499
  1.30772 -0.866852  0.947933
  1.30815 -0.865837  0.947933
  1.30859 -0.864825  0.948366
  1.30902 -0.863813  0.948366
  1.30945 -0.862803    0.9488
  1.30989 -0.861795    0.9488
  1.31032 -0.860788  0.949233
  1.31075 -0.859782  0.949233
  1.31119 -0.858779  0.949667
  1.31162 -0.857776  0.949667
  1.31205 -0.856775    0.9501
  1.31249 -0.855776    0.9501
  1.31292 -0.854778  0.950534
  1.31335 -0.853782  0.950534
  1.31379 -0.852787  0.950967
  1.31422 -0.851793  0.950967
  1.31465 -0.850801    0.9514
  1.31509 -0.849811    0.9514
  1.31552 -0.848822  0.951834
  1.31596 -0.847834  0.951834
  1.31639 -0.846848  0.952267
  1.31682 -0.845864  0.952267
  1.31726  -0.84488  0.952701
  1.31769 -0.843899  0.952701
  1.31812 -0.842918  0.953134
  1.31856  -0.84194  0.953134
  1.31899 -0.840962  0.953568
  1.31942 -0.839987  0.953568
  1.31986 -0.839012  0.954001
  1.32029 -0.838039  0.954001
  1.32072 -0.837067  0.954435
  1.32116 -0.836097  0.954435
  1.32159 -0.835128  0.954868
  1.32202 -0.834162  0.954868
  1.32246 -0.833195  0.955302
  1.32289 -0.832231  0.955302
  1.32332 -0.831268  0.955735
  1.32376 -0.830307  0.955735
  1.32419 -0.829346  0.956169
  1.32462 -0.828388  0.956602
  1.32506  -0.82743  0.956602
  1.32549 -0.826475  0.957036
  1.32593  -0.82552  0.957036
  1.32636 -0.824567  0.957469
  1.32679 -0.823615  0.957469
  1.32723 -0.822665  0.957903
  1.32766 -0.821716  0.957903
  1.32809 -0.820769  0.958336
  1.32853 -0.819822  0.958336
  1.32896 -0.818878   0.95877
  1.32939 -0.817934   0.95877
  1.32983 -0.816993  0.959203
  1.33026 -0.816052  0.959203
  1.33069 -0.815113  0.959637
  1.33113 -0.814175  0.959637
  1.33156 -0.813239   0.96007
  1.33199 -0.812304   0.96007
  1.33243  -0.81137  0.960504
  1.33286 -0.810438  0.960504
  1.33329 -0.809507  0.960937
  1.33373 -0.808578  0.960937
  1.33416 -0.807649   0.96137
  1.33459 -0.806723   0.96137
  1.33503 -0.805797  0.961804
  1.33546 -0.804873  0.961804
   1.3359  -0.80395  0.962237
  1.33633 -0.803029  0.962237
  1.33676 -0.802109  0.962671
   1.3372  -0.80119  0.962671
  1.33763 -0.800273  0.963104
  1.33806 -0.799357  0.963104
   1.3385 -0.798442  0.963538
  1.33893 -0.797529  0.963538
  1.33936 -0.796617  0.963971
   1.3398 -0.795706  0.963971
  1.34023 -0.794797  0.964405
  1.34066 -0.793889  0.964405
   1.3411 -0.792982  0.964838
  1.34153 -0.792077  0.964838
  1.34196 -0.791173  0.965272
   1.3424  -0.79027  0.965272
  1.34283 -0.789368  0.965705
  1.34326 -0.788469  0.965705
   1.3437 -0.787569  0.966139
  1.34413 -0.786672  0.966139
  1.34456 -0.785776  0.966572
    1.345 -0.784881  0.967006
  1.34543 -0.783987  0.967006
  1.34587 -0.783095  0.967439
   1.3463 -0.782204  0.967439
  1.34673 -0.781315  0.967873
  1.34717 -0.780426  0.967873
   1.3476 -0.779539  0.968306
  1.34803 -0.778653  0.968306
  1.34847 -0.777769   0.96874
   1.3489 -0.776885   0.96874
  1.34933 -0.776004  0.969173
  1.34977 -0.775123  0.969173
   1.3502 -0.774243  0.969607
  1.35063 -0.773365  0.969607
  1.35107 -0.772488   0.97004
   1.3515 -0.771613   0.97004
  1.35193 -0.770738  0.970473
  1.35237 -0.769865  0.970473
   1.3528 -0.768993  0.970907
  1.35323 -0.768123  0.970907
  1.35367 -0.767254   0.97134
   1.3541 -0.766385   0.97134
  1.35453 -0.765519  0.971774
  1.35497 -0.764653  0.971774
   1.3554 -0.763789  0.972207
  1.35584 -0.762926  0.972207
  1.35627 -0.762064  0.972641
   1.3567 -0.761203  0.972641
  1.35714 -0.760344  0.973074
  1.35757 -0.759486  0.973074
    1.358 -0.758629  0.973508
  1.35844 -0.757774  0.973508
  1.35887 -0.756919  0.973941
   1.3593 -0.756066  0.973941
  1.35974 -0.755214  0.974375
  1.36017 -0.754364  0.974375
   1.3606 -0.753514  0.974808
  1.36104 -0.752666  0.974808
  1.36147 -0.751819  0.975242
   1.3619 -0.750973  0.975242
  1.36234 -0.750128  0.975675
  1.36277 -0.749285  0.975675
   1.3632 -0.748443  0.976109
  1.36364 -0.747602  0.976109
  1.36407 -0.746762  0.976542
   1.3645 -0.745924  0.976542
  1.36494 -0.745086  0.976976
  1.36537  -0.74425  0.977409
  1.36581 -0.743415  0.977409
  1.36624 -0.742582  0.977843
  1.36667 -0.741749  0.977843
  1.36711 -0.740918  0.978276
  1.36754 -0.740087  0.978276
  1.36797 -0.739258   0.97871
  1.36841  -0.73843   0.97871
  1.36884 -0.737604  0.979143
  1.36927 -0.736778  0.979143
  1.36971 -0.735954  0.979577
  1.37014 -0.735131  0.979577
  1.37057 -0.734309   0.98001
  1.37101 -0.733488   0.98001
  1.37144 -0.732669  0.980443
  1.37187  -0.73185  0.980443
  1.37231 -0.731033  0.980877
  1.37274 -0.730217  0.980877
  1.37317 -0.729402   0.98131
  1.37361 -0.728588   0.98131
  1.37404 -0.727776  0.981744
  1.37447 -0.726964  0.981744
  1.37491 -0.726154  0.982177
  1.37534 -0.725345  0.982177
  1.37578 -0.724537  0.982611
  1.37621  -0.72373  0.982611
  1.37664 -0.722924  0.983044
  1.37708  -0.72212  0.983044
  1.37751 -0.721316  0.983478
  1.37794 -0.720514  0.983478
  1.37838 -0.719713  0.983911
  1.37881 -0.718913  0.983911
  1.37924 -0.718114  0.984345
  1.37968 -0.717316  0.984345
  1.38011  -0.71652  0.984778
  1.38054 -0.715724  0.984778
  1.38098  -0.71493  0.985212
  1.38141 -0.714137  0.985212
  1.38184 -0.713344  0.985645
  1.38228 -0.712554  0.985645
  1.38271 -0.711764  0.986079
  1.38314 -0.710975  0.986079
  1.38358 -0.710187  0.986512
  1.38401 -0.709401  0.986512
  1.38444 -0.708615  0.986946
  1.38488 -0.707831  0.986946
  1.38531 -0.707048  0.987379
  1.38575 -0.706266  0.987379
  1.38618 -0.705485  0.987813
  1.38661 -0.704705  0.988246
  1.38705 -0.703926  0.988246
  1.38748 -0.703149   0.98868
  1.38791 -0.702372   0.98868
  1.38835 -0.701597  0.989113
  1.38878 -0.700822  0.989113
  1.38921 -0.700049  0.989547
  1.38965 -0.699277  0.989547
  1.39008 -0.698506   0.98998
  1.39051 -0.697736   0.98998
  1.39095 -0.696967  0.990413
  1.39138 -0.696199  0.990413
  1.39181 -0.695432  0.990847
  1.39225 -0.694666  0.990847
  1.39268 -0.693902   0.99128
  1.39311 -0.693138   0.99128
  1.39355 -0.692376  0.991714
  1.39398 -0.691614  0.991714
  1.39441 -0.690854  0.992147
  1.39485 -0.690095  0.992147
  1.39528 -0.689336  0.992581
  1.39572 -0.688579  0.992581
  1.39615 -0.687823  0.993014
  1.39658 -0.687068  0.993014
  1.39702 -0.686314  0.993448
  1.39745 -0.685561  0.993448
  1.39788 -0.684809  0.993881
  1.39832 -0.684059  0.993881
  1.39875 -0.683309  0.994315
  1.39918  -0.68256  0.994315
  1.39962 -0.681812  0.994748
  1.40005 -0.681066  0.994748
  1.40048  -0.68032  0.995182
  1.40092 -0.679576  0.995182
  1.40135 -0.678832  0.995615
  1.40178  -0.67809  0.995615
  1.40222 -0.677348  0.996049
  1.40265 -0.676608  0.996049
  1.40308 -0.675868  0.996482
  1.40352  -0.67513  0.996482
  1.40395 -0.674393  0.996916
  1.40438 -0.673657  0.996916
  1.40482 -0.672921  0.997349
  1.40525 -0.672187  0.997349
  1.40569 -0.671454  0.997783
  1.40612 -0.670722  0.997783
  1.40655  -0.66999  0.998216
  1.40699 -0.669261  0.998216
  1.40742 -0.668531   0.99865
  1.40785 -0.667804   0.99865
  1.40829 -0.667076  0.999083
  1.40872  -0.66635  0.999517
  1.40915 -0.665625  0.999517
  1.40959 -0.664901   0.99995
  1.41002 -0.664178   0.99995
  1.41045 -0.663456   1.00038
  1.41089 -0.662735   1.00038
  1.41132 -0.662015   1.00082
  1.41175 -0.661295   1.00082
  1.41219 -0.660578   1.00125
  1.41262  -0.65986   1.00125
  1.41305 -0.659144   1.00168
  1.41349 -0.658429   1.00168
  1.41392 -0.657715   1.00212
  1.41435 -0.657002   1.00212
  1.41479  -0.65629   1.00255
  1.41522 -0.655579   1.00255
  1.41566 -0.654869   1.00298
  1.41609 -0.654159   1.00298
  1.41652 -0.653451   1.00342
  1.41696 -0.652744   1.00342
  1.41739 -0.652038   1.00385
  1.41782 -0.651332   1.00385
  1.41826 -0.650628   1.00428
  1.41869 -0.649925   1.00428
  1.41912 -0.649222   1.00472
  1.41956 -0.648521   1.00472
  1.41999  -0.64782   1.00515
  1.42042 -0.647121   1.00515
  1.42086 -0.646422   1.00559
  1.42129 -0.645725   1.00559
  1.42172 -0.645028   1.00602
  1.42216 -0.644333   1.00602
  1.42259 -0.643638   1.00645
  1.42302 -0.642944   1.00645
  1.42346 -0.642252   1.00689
  1.42389  -0.64156   1.00689
  1.42432 -0.640869   1.00732
  1.42476 -0.640179   1.00732
  1.42519  -0.63949   1.00775
  1.42563 -0.638802   1.00775
  1.42606 -0.638115   1.00819
  1.42649 -0.637429   1.00819
  1.42693 -0.636744   1.00862
  1.42736  -0.63606   1.00862
  1.42779 -0.635376   1.00905
  1.42823 -0.634694   1.00905
  1.42866 -0.634012   1.00949
  1.42909 -0.633332   1.00949
  1.42953 -0.632652   1.00992
  1.42996 -0.631974   1.00992
  1.43039 -0.631296   1.01035
  1.43083  -0.63062   1.01079
  1.43126 -0.629943   1.01079
  1.43169 -0.629269   1.01122
  1.43213 -0.628594   1.01122
  1.43256 -0.627922   1.01165
  1.43299 -0.627249   1.01165
  1.43343 -0.626578   1.01209
  1.43386 -0.625908   1.01209
  1.43429 -0.625238   1.01252
  1.43473  -0.62457   1.01252
  1.43516 -0.623902   1.01295
   1.4356 -0.623235   1.01295
  1.43603  -0.62257   1.01339
  1.43646 -0.621905   1.01339
   1.4369 -0.621241   1.01382
  1.43733 -0.620578   1.01382
  1.43776 -0.619916   1.01425
   1.4382 -0.619254   1.01425
  1.43863 -0.618594   1.01469
  1.43906 -0.617934   1.01469
   1.4395 -0.617276   1.01512
  1.43993 -0.616618   1.01512
  1.44036 -0.615961   1.01556
   1.4408 -0.615306   1.01556
  1.44123 -0.614651   1.01599
  1.44166 -0.613996   1.01599
   1.4421 -0.613343   1.01642
  1.44253 -0.612691   1.01642
  1.44296 -0.612039   1.01686
   1.4434 -0.611389   1.01686
  1.44383 -0.610739   1.01729
  1.44426 -0.610091   1.01729
   1.4447 -0.609443   1.01772
  1.44513 -0.608796   1.01772
  1.44557 -0.608149   1.01816
    1.446 -0.607504   1.01816
  1.44643  -0.60686   1.01859
  1.44687 -0.606216   1.01859
   1.4473 -0.605573   1.01902
  1.44773 -0.604932   1.01902
  1.44817 -0.604291   1.01946
   1.4486 -0.603651   1.01946
  1.44903 -0.603011   1.01989
  1.44947 -0.602373   1.01989
   1.4499 -0.601735   1.02032
  1.45033 -0.601099   1.02032
  1.45077 -0.600463   1.02076
   1.4512 -0.599828   1.02076
  1.45163 -0.599194   1.02119
  1.45207 -0.598561   1.02119
   1.4525 -0.597929   1.02162
  1.45293 -0.597297   1.02162
  1.45337 -0.596666   1.02206
   1.4538 -0.596037   1.02249
  1.45423 -0.595408   1.02249
  1.45467  -0.59478   1.02292
   1.4551 -0.594152   1.02292
  1.45554 -0.593526   1.02336
  1.45597   -0.5929   1.02336
   1.4564 -0.592276   1.02379
  1.45684 -0.591652   1.02379
  1.45727 -0.591029   1.02422
   1.4577 -0.590407   1.02422
  1.45814 -0.589785   1.02466
  1.45857 -0.589165   1.02466
    1.459 -0.588545   1.02509
  1.45944 -0.587926   1.02509
  1.45987 -0.587308   1.02553
   1.4603 -0.586691   1.02553
  1.46074 -0.586075   1.02596
  1.46117 -0.585459   1.02596
   1.4616 -0.584844   1.02639
  1.46204  -0.58423   1.02639
  1.46247 -0.583617   1.02683
   1.4629 -0.583005   1.02683
  1.46334 -0.582393   1.02726
  1.46377 -0.581783   1.02726
   1.4642 -0.581173   1.02769
  1.46464 -0.580564   1.02769
  1.46507 -0.579956   1.02813
  1.46551 -0.579348   1.02813
  1.46594 -0.578742   1.02856
  1.46637 -0.578136   1.02856
  1.46681 -0.577531   1.02899
  1.46724 -0.576927   1.02899
  1.46767 -0.576324   1.02943
  1.46811 -0.575721   1.02943
  1.46854 -0.575119   1.02986
  1.46897 -0.574518   1.02986
  1.46941 -0.573918   1.03029
  1.46984 -0.573319   1.03029
  1.47027  -0.57272   1.03073
  1.47071 -0.572123   1.03073
  1.47114 -0.571526   1.03116
  1.47157  -0.57093   1.03116
  1.47201 -0.570334   1.03159
  1.47244  -0.56974   1.03159
  1.47287 -0.569146   1.03203
  1.47331 -0.568553   1.03203
  1.47374 -0.567961   1.03246
  1.47417 -0.567369   1.03246
  1.47461 -0.566779   1.03289
  1.47504 -0.566189   1.03289
  1.47548   -0.5656   1.03333
  1.47591 -0.565012   1.03333
  1.47634 -0.564424   1.03376
  1.47678 -0.563838   1.03419
  1.47721 -0.563251   1.03419
  1.47764 -0.562666   1.03463
  1.47808 -0.562082   1.03463
  1.47851 -0.561498   1.03506
  1.47894 -0.560915   1.03506
  1.47938 -0.560333    1.0355
  1.47981 -0.559752    1.0355
  1.48024 -0.559172   1.03593
  1.48068 -0.558592   1.03593
  1.48111 -0.558013   1.03636
  1.48154 -0.557434   1.03636
  1.48198 -0.556857    1.0368
  1.48241  -0.55628    1.0368
  1.48284 -0.555704   1.03723
  1.48328 -0.555129   1.03723
  1.48371 -0.554555   1.03766
  1.48414 -0.553981   1.03766
  1.48458 -0.553408    1.0381
  1.48501 -0.552836    1.0381
  1.48545 -0.552265   1.03853
  1.48588 -0.551694   1.03853
  1.48631 -0.551124   1.03896
  1.48675 -0.550555   1.03896
  1.48718 -0.549987    1.0394
  1.48761 -0.549419    1.0394
  1.48805 -0.548852   1.03983
  1.48848 -0.548286   1.03983
  1.48891  -0.54772   1.04026
  1.48935 -0.547156   1.04026
  1.48978 -0.546592    1.0407
  1.49021 -0.546029    1.0407
  1.49065 -0.545466   1.04113
  1.49108 -0.544905   1.04113
  1.49151 -0.544343   1.04156
  1.49195 -0.543783   1.04156
  1.49238 -0.543224     1.042
  1.49281 -0.542665     1.042
  1.49325 -0.542107   1.04243
  1.49368  -0.54155   1.04243
  1.49411 -0.540993   1.04286
  1.49455 -0.540437   1.04286
  1.49498 -0.539882    1.0433
  1.49542 -0.539328    1.0433
  1.49585 -0.538774   1.04373
  1.49628 -0.538221   1.04373
  1.49672 -0.537669   1.04416
  1.49715 -0.537118   1.04416
  1.49758 -0.536567    1.0446
  1.49802 -0.536017    1.0446
  1.49845 -0.535467   1.04503
  1.49888 -0.534919   1.04503
  1.49932 -0.534371   1.04547
  1.49975 -0.533824   1.04547
  1.50018 -0.533277    1.0459
  1.50062 -0.532732   1.04633
  1.50105 -0.532186   1.04633
  1.50148 -0.531642   1.04677
  1.50192 -0.531098   1.04677
  1.50235 -0.530556    1.0472
  1.50278 -0.530013    1.0472
  1.50322 -0.529472   1.04763
  1.50365 -0.528931   1.04763
  1.50408 -0.528391   1.04807
  1.50452 -0.527852   1.04807
  1.50495 -0.527313    1.0485
  1.50539 -0.526775    1.0485
  1.50582 -0.526238   1.04893
  1.50625 -0.525701   1.04893
  1.50669 -0.525165   1.04937
  1.50712  -0.52463   1.04937
  1.50755 -0.524096    1.0498
  1.50799 -0.523562    1.0498
  1.50842 -0.523029   1.05023
  1.50885 -0.522496   1.05023
  1.50929 -0.521965   1.05067
  1.50972 -0.521433   1.05067
  1.51015 -0.520903    1.0511
  1.51059 -0.520373    1.0511
  1.51102 -0.519845   1.05153
  1.51145 -0.519316   1.05153
  1.51189 -0.518789   1.05197
  1.51232 -0.518262   1.05197
  1.51275 -0.517735    1.0524
  1.51319  -0.51721    1.0524
  1.51362 -0.516685   1.05283
  1.51405 -0.516161   1.05283
  1.51449 -0.515637   1.05327
  1.51492 -0.515114   1.05327
  1.51536 -0.514592    1.0537
  1.51579 -0.514071    1.0537
  1.51622  -0.51355   1.05413
  1.51666  -0.51303   1.05413
  1.51709  -0.51251   1.05457
  1.51752 -0.511992   1.05457
  1.51796 -0.511473     1.055
  1.51839 -0.510956     1.055
  1.51882 -0.510439   1.05544
  1.51926 -0.509923   1.05544
  1.51969 -0.509408   1.05587
  1.52012 -0.508893   1.05587
  1.52056 -0.508379    1.0563
  1.52099 -0.507865    1.0563
  1.52142 -0.507352   1.05674
  1.52186  -0.50684   1.05674
  1.52229 -0.506329   1.05717
  1.52272 -0.505818   1.05717
  1.52316 -0.505308    1.0576
  1.52359 -0.504798    1.0576
  1.52402 -0.504289   1.05804
  1.52446 -0.503781   1.05804
  1.52489 -0.503273   1.05847
  1.52533 -0.502767    1.0589
  1.52576  -0.50226    1.0589
  1.52619 -0.501755   1.05934
  1.52663  -0.50125   1.05934
  1.52706 -0.500746   1.05977
  1.52749 -0.500242   1.05977
  1.52793 -0.499739    1.0602
  1.52836 -0.499236    1.0602
  1.52879 -0.498735   1.06064
  1.52923 -0.498233   1.06064
  1.52966 -0.497733   1.06107
  1.53009 -0.497233   1.06107
  1.53053 -0.496734    1.0615
  1.53096 -0.496235    1.0615
  1.53139 -0.495738   1.06194
  1.53183  -0.49524   1.06194
  1.53226 -0.494744   1.06237
  1.53269 -0.494248   1.06237
  1.53313 -0.493752    1.0628
  1.53356 -0.493258    1.0628
  1.53399 -0.492764   1.06324
  1.53443  -0.49227   1.06324
  1.53486 -0.491777   1.06367
   1.5353 -0.491285   1.06367
  1.53573 -0.490794    1.0641
  1.53616 -0.490303    1.0641
   1.5366 -0.489812   1.06454
  1.53703 -0.489323   1.06454
  1.53746 -0.488834   1.06497
   1.5379 -0.488345   1.06497
  1.53833 -0.487857   1.06541
  1.53876  -0.48737   1.06541
   1.5392 -0.486883   1.06584
  1.53963 -0.486397   1.06584
  1.54006 -0.485912   1.06627
   1.5405 -0.485427   1.06627
  1.54093 -0.484943   1.06671
  1.54136  -0.48446   1.06671
   1.5418 -0.483977   1.06714
  1.54223 -0.483495   1.06714
  1.54266 -0.483013   1.06757
   1.5431 -0.482532   1.06757
  1.54353 -0.482051   1.06801
  1.54396 -0.481572   1.06801
   1.5444 -0.481092   1.06844
  1.54483 -0.480614   1.06844
  1.54527 -0.480136   1.06887
   1.5457 -0.479659   1.06887
  1.54613 -0.479182   1.06931
  1.54657 -0.478706   1.06931
    1.547  -0.47823   1.06974
  1.54743 -0.477755   1.06974
  1.54787  -0.47728   1.07017
   1.5483 -0.476807   1.07017
  1.54873 -0.476333   1.07061
  1.54917 -0.475861   1.07061
   1.5496 -0.475389   1.07104
  1.55003 -0.474918   1.07104
  1.55047 -0.474447   1.07147
   1.5509 -0.473977   1.07191
  1.55133 -0.473507   1.07191
  1.55177 -0.473038   1.07234
   1.5522 -0.472569   1.07234
  1.55263 -0.472102   1.07277
  1.55307 -0.471634   1.07277
   1.5535 -0.471168   1.07321
  1.55393 -0.470702   1.07321
  1.55437 -0.470236   1.07364
   1.5548 -0.469771   1.07364
  1.55524 -0.469307   1.07407
  1.55567 -0.468843   1.07407
   1.5561  -0.46838   1.07451
  1.55654 -0.467918   1.07451
  1.55697 -0.467456   1.07494
   1.5574 -0.466994   1.07494
  1.55784 -0.466534   1.07538
  1.55827 -0.466073   1.07538
   1.5587 -0.465614   1.07581
  1.55914 -0.465154   1.07581
  1.55957 -0.464696   1.07624
     1.56 -0.464238   1.07624
  1.56044 -0.463781   1.07668
  1.56087 -0.463324   1.07668
   1.5613 -0.462868   1.07711
  1.56174 -0.462412   1.07711
  1.56217 -0.461957   1.07754
   1.5626 -0.461503   1.07754
  1.56304 -0.461049   1.07798
  1.56347 -0.460595   1.07798
   1.5639 -0.460143   1.07841
  1.56434  -0.45969   1.07841
  1.56477 -0.459239   1.07884
  1.56521 -0.458788   1.07884
  1.56564 -0.458337   1.07928
  1.56607 -0.457887   1.07928
  1.56651 -0.457438   1.07971
  1.56694 -0.456989   1.07971
  1.56737 -0.456541   1.08014
  1.56781 -0.456093   1.08014
  1.56824 -0.455646   1.08058
  1.56867 -0.455199   1.08058
  1.56911 -0.454753   1.08101
  1.56954 -0.454308   1.08101
  1.56997 -0.453863   1.08144
  1.57041 -0.453419   1.08144
  1.57084 -0.452975   1.08188
  1.57127 -0.452532   1.08188
  1.57171 -0.452089   1.08231
  1.57214 -0.451647   1.08231
  1.57257 -0.451205   1.08274
  1.57301 -0.450764   1.08274
  1.57344 -0.450323   1.08318
  1.57387 -0.449884   1.08318
  1.57431 -0.449444   1.08361
  1.57474 -0.449005   1.08361
  1.57518 -0.448567   1.08404
  1.57561 -0.448129   1.08404
  1.57604 -0.447692   1.08448
  1.57648 -0.447255   1.08448
  1.57691 -0.446819   1.08491
  1.57734 -0.446384   1.08535
  1.57778 -0.445948   1.08535
  1.57821 -0.445514   1.08578
  1.57864  -0.44508   1.08578
  1.57908 -0.444647   1.08621
  1.57951 -0.444214   1.08621
  1.57994 -0.443781   1.08665
  1.58038 -0.443349   1.08665
  1.58081 -0.442918   1.08708
  1.58124 -0.442487   1.08708
  1.58168 -0.442057   1.08751
  1.58211 -0.441628   1.08751
  1.58254 -0.441198   1.08795
  1.58298  -0.44077   1.08795
  1.58341 -0.440342   1.08838
  1.58384 -0.439914   1.08838
  1.58428 -0.439487   1.08881
  1.58471 -0.439061   1.08881
  1.58515 -0.438635   1.08925
  1.58558 -0.438209   1.08925
  1.58601 -0.437784   1.08968
  1.58645  -0.43736   1.08968
  1.58688 -0.436936   1.09011
  1.58731 -0.436513   1.09011
  1.58775  -0.43609   1.09055
  1.58818 -0.435667   1.09055
  1.58861 -0.435246   1.09098
  1.58905 -0.434824   1.09098
  1.58948 -0.434404   1.09141
  1.58991 -0.433983   1.09141
  1.59035 -0.433564   1.09185
  1.59078 -0.433145   1.09185
  1.59121 -0.432726   1.09228
  1.59165 -0.432308   1.09228
  1.59208  -0.43189   1.09271
  1.59251 -0.431473   1.09271
  1.59295 -0.431056   1.09315
  1.59338  -0.43064   1.09315
  1.59381 -0.430225   1.09358
  1.59425  -0.42981   1.09358
  1.59468 -0.429395   1.09401
  1.59512 -0.428981   1.09401
  1.59555 -0.428567   1.09445
  1.59598 -0.428154   1.09445
  1.59642 -0.427742   1.09488
  1.59685  -0.42733   1.09488
  1.59728 -0.426918   1.09532
  1.59772 -0.426507   1.09532
  1.59815 -0.426097   1.09575
  1.59858 -0.425687   1.09575
  1.59902 -0.425277   1.09618
  1.59945 -0.424868   1.09618
  1.59988 -0.424459   1.09662
  1.60032 -0.424052   1.09662
  1.60075 -0.423644   1.09705
  1.60118 -0.423237   1.09705
  1.60162  -0.42283   1.09748
  1.60205 -0.422425   1.09748
  1.60248 -0.422019   1.09792
  1.60292 -0.421614   1.09792
  1.60335 -0.421209   1.09835
  1.60378 -0.420806   1.09878
  1.60422 -0.420402   1.09878
  1.60465 -0.419999   1.09922
  1.60509 -0.419596   1.09922
  1.60552 -0.419194   1.09965
  1.60595 -0.418793   1.09965
  1.60639 -0.418392   1.10008
  1.60682 -0.417991   1.10008
  1.60725 -0.417591   1.10052
  1.60769 -0.417191   1.10052
  1.60812 -0.416792   1.10095
  1.60855 -0.416393   1.10095
  1.60899 -0.415995   1.10138
  1.60942 -0.415597   1.10138
  1.60985   -0.4152   1.10182
  1.61029 -0.414804   1.10182
  1.61072 -0.414407   1.10225
  1.61115 -0.414012   1.10225
  1.61159 -0.413616   1.10268
  1.61202 -0.413222   1.10268
  1.61245 -0.412827   1.10312
  1.61289 -0.412433   1.10312
  1.61332  -0.41204   1.10355
  1.61375 -0.411647   1.10355
  1.61419 -0.411255   1.10398
  1.61462 -0.410863   1.10398
  1.61506 -0.410472   1.10442
  1.61549 -0.410081   1.10442
  1.61592  -0.40969   1.10485
  1.61636   -0.4093   1.10485
  1.61679 -0.408911   1.10529
  1.61722 -0.408521   1.10529
  1.61766 -0.408133   1.10572
  1.61809 -0.407745   1.10572
  1.61852 -0.407357   1.10615
  1.61896  -0.40697   1.10615
  1.61939 -0.406583   1.10659
  1.61982 -0.406197   1.10659
  1.62026 -0.405811   1.10702
  1.62069 -0.405426   1.10702
  1.62112 -0.405041   1.10745
  1.62156 -0.404657   1.10745
  1.62199 -0.404273   1.10789
  1.62242 -0.403889   1.10789
  1.62286 -0.403506   1.10832
  1.62329 -0.403124   1.10832
  1.62372 -0.402742   1.10875
  1.62416  -0.40236   1.10875
  1.62459 -0.401979   1.10919
  1.62503 -0.401598   1.10919
  1.62546 -0.401218   1.10962
  1.62589 -0.400838   1.10962
  1.62633 -0.400459   1.11005
  1.62676  -0.40008   1.11005
  1.62719 -0.399702   1.11049
  1.62763 -0.399324   1.11049
  1.62806 -0.398946   1.11092
  1.62849 -0.398569   1.11092
  1.62893 -0.398193   1.11135
  1.62936 -0.397817   1.11135
  1.62979 -0.397441   1.11179
  1.63023 -0.397066   1.11179
  1.63066 -0.396691   1.11222
  1.63109 -0.396317   1.11222
  1.63153 -0.395943   1.11265
  1.63196 -0.395569   1.11309
  1.63239 -0.395196   1.11309
  1.63283 -0.394824   1.11352
  1.63326 -0.394452   1.11352
  1.63369  -0.39408   1.11395
  1.63413 -0.393709   1.11395
  1.63456 -0.393338   1.11439
  1.63499 -0.392968   1.11439
  1.63543 -0.392598   1.11482
  1.63586 -0.392229   1.11482
   1.6363  -0.39186   1.11526
  1.63673 -0.391491   1.11526
  1.63716 -0.391123   1.11569
   1.6376 -0.390755   1.11569
  1.63803 -0.390388   1.11612
  1.63846 -0.390021   1.11612
   1.6389 -0.389655   1.11656
  1.63933 -0.389289   1.11656
  1.63976 -0.388924   1.11699
   1.6402 -0.388559   1.11699
  1.64063 -0.388194   1.11742
  1.64106  -0.38783   1.11742
   1.6415 -0.387466   1.11786
  1.64193 -0.387103   1.11786
  1.64236  -0.38674   1.11829
   1.6428 -0.386378   1.11829
  1.64323 -0.386016   1.11872
  1.64366 -0.385654   1.11872
   1.6441 -0.385293   1.11916
  1.64453 -0.384933   1.11916
  1.64496 -0.384572   1.11959
   1.6454 -0.384212   1.11959
  1.64583 -0.383853   1.12002
  1.64627 -0.383494   1.12002
   1.6467 -0.383136   1.12046
  1.64713 -0.382777   1.12046
  1.64757  -0.38242   1.12089
    1.648 -0.382063   1.12089
  1.64843 -0.381706   1.12132
  1.64887 -0.381349   1.12132
   1.6493 -0.380993   1.12176
  1.64973 -0.380638   1.12176
  1.65017 -0.380283   1.12219
   1.6506 -0.379928   1.12219
  1.65103 -0.379574   1.12262
  1.65147  -0.37922   1.12262
   1.6519 -0.378866   1.12306
  1.65233 -0.378513   1.12306
  1.65277 -0.378161   1.12349
   1.6532 -0.377809   1.12349
  1.65363 -0.377457   1.12392
  1.65407 -0.377105   1.12392
   1.6545 -0.376754   1.12436
  1.65493 -0.376404   1.12436
  1.65537 -0.376054   1.12479
   1.6558 -0.375704   1.12479
  1.65624 -0.375355   1.12523
  1.65667 -0.375006   1.12523
   1.6571 -0.374657   1.12566
  1.65754  -0.37431   1.12566
  1.65797 -0.373962   1.12609
   1.6584 -0.373615   1.12609
  1.65884 -0.373268   1.12653
  1.65927 -0.372921   1.12653
   1.6597 -0.372575   1.12696
  1.66014  -0.37223   1.12739
  1.66057 -0.371885   1.12739
    1.661  -0.37154   1.12783
  1.66144 -0.371195   1.12783
  1.66187 -0.370852   1.12826
   1.6623 -0.370508   1.12826
  1.66274 -0.370165   1.12869
  1.66317 -0.369822   1.12869
   1.6636  -0.36948   1.12913
  1.66404 -0.369138   1.12913
  1.66447 -0.368796   1.12956
   1.6649 -0.368455   1.12956
  1.66534 -0.368115   1.12999
  1.66577 -0.367774   1.12999
  1.66621 -0.367434   1.13043
  1.66664 -0.367095   1.13043
  1.66707 -0.366756   1.13086
  1.66751 -0.366417   1.13086
  1.66794 -0.366079   1.13129
  1.66837 -0.365741   1.13129
  1.66881 -0.365403   1.13173
  1.66924 -0.365066   1.13173
  1.66967 -0.364729   1.13216
  1.67011 -0.364393   1.13216
  1.67054 -0.364057   1.13259
  1.67097 -0.363721   1.13259
  1.67141 -0.363386   1.13303
  1.67184 -0.363051   1.13303
  1.67227 -0.362717   1.13346
  1.67271 -0.362383   1.13346
  1.67314  -0.36205   1.13389
  1.67357 -0.361716   1.13389
  1.67401 -0.361384   1.13433
  1.67444 -0.361051   1.13433
  1.67487 -0.360719   1.13476
  1.67531 -0.360387   1.13476
  1.67574 -0.360056    1.1352
  1.67618 -0.359725    1.1352
  1.67661 -0.359395   1.13563
  1.67704 -0.359065   1.13563
  1.67748 -0.358735   1.13606
  1.67791 -0.358406   1.13606
  1.67834 -0.358077    1.1365
  1.67878 -0.357748    1.1365
  1.67921  -0.35742   1.13693
  1.67964 -0.357092   1.13693
  1.68008 -0.356765   1.13736
  1.68051 -0.356438   1.13736
  1.68094 -0.356111    1.1378
  1.68138 -0.355785    1.1378
  1.68181 -0.355459   1.13823
  1.68224 -0.355134   1.13823
  1.68268 -0.354808   1.13866
  1.68311 -0.354484   1.13866
  1.68354 -0.354159    1.1391
  1.68398 -0.353835    1.1391
  1.68441 -0.353512   1.13953
  1.68484 -0.353189   1.13953
  1.68528 -0.352866   1.13996
  1.68571 -0.352543   1.13996
  1.68615 -0.352221    1.1404
  1.68658   -0.3519    1.1404
  1.68701 -0.351578   1.14083
  1.68745 -0.351257   1.14083
  1.68788 -0.350936   1.14126
  1.68831 -0.350616   1.14126
  1.68875 -0.350296    1.1417
  1.68918 -0.349977    1.1417
  1.68961 -0.349658   1.14213
  1.69005 -0.349339   1.14256
  1.69048 -0.349021   1.14256
  1.69091 -0.348703     1.143
  1.69135 -0.348385     1.143
  1.69178 -0.348068   1.14343
  1.69221 -0.347751   1.14343
  1.69265 -0.347434   1.14386
  1.69308 -0.347118   1.14386
  1.69351 -0.346802    1.1443
  1.69395 -0.346487    1.1443
  1.69438 -0.346172   1.14473
  1.69481 -0.345857   1.14473
  1.69525 -0.345543   1.14517
  1.69568 -0.345229   1.14517
  1.69612 -0.344915    1.1456
  1.69655 -0.344602    1.1456
  1.69698 -0.344289   1.14603
  1.69742 -0.343977   1.14603
  1.69785 -0.343664   1.14647
  1.69828 -0.343353   1.14647
  1.69872 -0.343041    1.1469
  1.69915  -0.34273    1.1469
  1.69958 -0.342419   1.14733
  1.70002 -0.342109   1.14733
  1.70045 -0.341799   1.14777
  1.70088 -0.341489   1.14777
  1.70132  -0.34118    1.1482
  1.70175 -0.340871    1.1482
  1.70218 -0.340562   1.14863
  1.70262 -0.340254   1.14863
  1.70305 -0.339946   1.14907
  1.70348 -0.339639   1.14907
  1.70392 -0.339332    1.1495
  1.70435 -0.339025    1.1495
  1.70478 -0.338718   1.14993
  1.70522 -0.338412   1.14993
  1.70565 -0.338107   1.15037
  1.70609 -0.337801   1.15037
  1.70652 -0.337496    1.1508
  1.70695 -0.337191    1.1508
  1.70739 -0.336887   1.15123
  1.70782 -0.336583   1.15123
  1.70825 -0.336279   1.15167
  1.70869 -0.335976   1.15167
  1.70912 -0.335673    1.1521
  1.70955 -0.335371    1.1521
  1.70999 -0.335068   1.15253
  1.71042 -0.334766   1.15253
  1.71085 -0.334465   1.15297
  1.71129 -0.334164   1.15297
  1.71172 -0.333863    1.1534
  1.71215 -0.333562    1.1534
  1.71259 -0.333262   1.15383
  1.71302 -0.332962   1.15383
  1.71345 -0.332663   1.15427
  1.71389 -0.332364   1.15427
  1.71432 -0.332065    1.1547
  1.71475 -0.331766    1.1547
  1.71519 -0.331468   1.15514
  1.71562  -0.33117   1.15514
  1.71606 -0.330873   1.15557
  1.71649 -0.330576   1.15557
  1.71692 -0.330279     1.156
  1.71736 -0.329983     1.156
  1.71779 -0.329686   1.15644
  1.71822 -0.329391   1.15644
  1.71866 -0.329095   1.15687
  1.71909   -0.3288   1.15687
  1.71952 -0.328505    1.1573
  1.71996 -0.328211    1.1573
  1.72039 -0.327917   1.15774
  1.72082 -0.327623   1.15817
  1.72126  -0.32733   1.15817
  1.72169 -0.327037    1.1586
  1.72212 -0.326744    1.1586
  1.72256 -0.326452   1.15904
  1.72299  -0.32616   1.15904
  1.72342 -0.325868   1.15947
  1.72386 -0.325577   1.15947
  1.72429 -0.325286    1.1599
  1.72472 -0.324995    1.1599
  1.72516 -0.324704   1.16034
  1.72559 -0.324414   1.16034
  1.72603 -0.324125   1.16077
  1.72646 -0.323835   1.16077
  1.72689 -0.323546    1.1612
  1.72733 -0.323257    1.1612
  1.72776 -0.322969   1.16164
  1.72819 -0.322681   1.16164
  1.72863 -0.322393   1.16207
  1.72906 -0.322105   1.16207
  1.72949 -0.321818    1.1625
  1.72993 -0.321532    1.1625
  1.73036 -0.321245   1.16294
  1.73079 -0.320959   1.16294
  1.73123 -0.320673   1.16337
  1.73166 -0.320388   1.16337
  1.73209 -0.320103    1.1638
  1.73253 -0.319818    1.1638
  1.73296 -0.319533   1.16424
  1.73339 -0.319249   1.16424
  1.73383 -0.318965   1.16467
  1.73426 -0.318681   1.16467
  1.73469 -0.318398   1.16511
  1.73513 -0.318115   1.16511
  1.73556 -0.317833   1.16554
    1.736  -0.31755   1.16554
  1.73643 -0.317268   1.16597
  1.73686 -0.316987   1.16597
   1.7373 -0.316705   1.16641
  1.73773 -0.316424   1.16641
  1.73816 -0.316144   1.16684
   1.7386 -0.315863   1.16684
  1.73903 -0.315583   1.16727
  1.73946 -0.315304   1.16727
   1.7399 -0.315024   1.16771
  1.74033 -0.314745   1.16771
  1.74076 -0.314466   1.16814
   1.7412 -0.314188   1.16814
  1.74163  -0.31391   1.16857
  1.74206 -0.313632   1.16857
   1.7425 -0.313354   1.16901
  1.74293 -0.313077   1.16901
  1.74336   -0.3128   1.16944
   1.7438 -0.312524   1.16944
  1.74423 -0.312247   1.16987
  1.74466 -0.311971   1.16987
   1.7451 -0.311695   1.17031
  1.74553  -0.31142   1.17031
  1.74597 -0.311145   1.17074
   1.7464  -0.31087   1.17074
  1.74683 -0.310596   1.17117
  1.74727 -0.310322   1.17117
   1.7477 -0.310048   1.17161
  1.74813 -0.309775   1.17161
  1.74857 -0.309501   1.17204
    1.749 -0.309228   1.17204
  1.74943 -0.308956   1.17247
  1.74987 -0.308684   1.17247
   1.7503 -0.308411   1.17291
  1.75073  -0.30814   1.17291
  1.75117 -0.307868   1.17334
   1.7516 -0.307597   1.17334
  1.75203 -0.307327   1.17377
  1.75247 -0.307056   1.17421
   1.7529 -0.306786   1.17421
  1.75333 -0.306516   1.17464
  1.75377 -0.306247   1.17464
   1.7542 -0.305977   1.17508
  1.75463 -0.305708   1.17508
  1.75507  -0.30544   1.17551
   1.7555 -0.305171   1.17551
  1.75594 -0.304903   1.17594
  1.75637 -0.304636   1.17594
   1.7568 -0.304368   1.17638
  1.75724 -0.304101   1.17638
  1.75767 -0.303834   1.17681
   1.7581 -0.303568   1.17681
  1.75854 -0.303301   1.17724
  1.75897 -0.303035   1.17724
   1.7594  -0.30277   1.17768
  1.75984 -0.302504   1.17768
  1.76027 -0.302239   1.17811
   1.7607 -0.301974   1.17811
  1.76114  -0.30171   1.17854
  1.76157 -0.301446   1.17854
    1.762 -0.301182   1.17898
  1.76244 -0.300918   1.17898
  1.76287 -0.300655   1.17941
   1.7633 -0.300392   1.17941
  1.76374 -0.300129   1.17984
  1.76417 -0.299867   1.17984
   1.7646 -0.299605   1.18028
  1.76504 -0.299343   1.18028
  1.76547 -0.299081   1.18071
  1.76591  -0.29882   1.18071
  1.76634 -0.298559   1.18114
  1.76677 -0.298298   1.18114
  1.76721 -0.298038   1.18158
  1.76764 -0.297778   1.18158
  1.76807 -0.297518   1.18201
  1.76851 -0.297259   1.18201
  1.76894 -0.296999   1.18244
  1.76937  -0.29674   1.18244
  1.76981 -0.296482   1.18288
  1.77024 -0.296223   1.18288
  1.77067 -0.295965   1.18331
  1.77111 -0.295708   1.18331
  1.77154  -0.29545   1.18374
  1.77197 -0.295193   1.18374
  1.77241 -0.294936   1.18418
  1.77284 -0.294679   1.18418
  1.77327 -0.294423   1.18461
  1.77371 -0.294167   1.18461
  1.77414 -0.293911   1.18505
  1.77457 -0.293655   1.18505
  1.77501   -0.2934   1.18548
  1.77544 -0.293145   1.18548
  1.77588  -0.29289   1.18591
  1.77631 -0.292636   1.18591
  1.77674 -0.292382   1.18635
  1.77718 -0.292128   1.18635
  1.77761 -0.291875   1.18678
  1.77804 -0.291621   1.18678
  1.77848 -0.291368   1.18721
  1.77891 -0.291116   1.18721
  1.77934 -0.290863   1.18765
  1.77978 -0.290611   1.18765
  1.78021 -0.290359   1.18808
  1.78064 -0.290108   1.18808
  1.78108 -0.289856   1.18851
  1.78151 -0.289605   1.18851
  1.78194 -0.289354   1.18895
  1.78238 -0.289104   1.18895
  1.78281 -0.288854   1.18938
  1.78324 -0.288604   1.18938
  1.78368 -0.288354   1.18981
  1.78411 -0.288105   1.18981
  1.78454 -0.287856   1.19025
  1.78498 -0.287607   1.19068
  1.78541 -0.287358   1.19068
  1.78585  -0.28711   1.19111
  1.78628 -0.286862   1.19111
  1.78671 -0.286614   1.19155
  1.78715 -0.286367   1.19155
  1.78758 -0.286119   1.19198
  1.78801 -0.285872   1.19198
  1.78845 -0.285626   1.19241
  1.78888 -0.285379   1.19241
  1.78931 -0.285133   1.19285
  1.78975 -0.284887   1.19285
  1.79018 -0.284642   1.19328
  1.79061 -0.284396   1.19328
  1.79105 -0.284151   1.19371
  1.79148 -0.283907   1.19371
  1.79191 -0.283662   1.19415
  1.79235 -0.283418   1.19415
  1.79278 -0.283174   1.19458
  1.79321  -0.28293   1.19458
  1.79365 -0.282687   1.19502
  1.79408 -0.282444   1.19502
  1.79451 -0.282201   1.19545
  1.79495 -0.281958   1.19545
  1.79538 -0.281716   1.19588
  1.79582 -0.281474   1.19588
  1.79625 -0.281232   1.19632
  1.79668  -0.28099   1.19632
  1.79712 -0.280749   1.19675
  1.79755 -0.280508   1.19675
  1.79798 -0.280267   1.19718
  1.79842 -0.280026   1.19718
  1.79885 -0.279786   1.19762
  1.79928 -0.279546   1.19762
  1.79972 -0.279306   1.19805
  1.80015 -0.279067   1.19805
  1.80058 -0.278828   1.19848
  1.80102 -0.278589   1.19848
  1.80145  -0.27835   1.19892
  1.80188 -0.278112   1.19892
  1.80232 -0.277873   1.19935
  1.80275 -0.277636   1.19935
  1.80318 -0.277398   1.19978
  1.80362  -0.27716   1.19978
  1.80405 -0.276923   1.20022
  1.80448 -0.276686   1.20022
  1.80492  -0.27645   1.20065
  1.80535 -0.276213   1.20065
  1.80579 -0.275977   1.20108
  1.80622 -0.275742   1.20108
  1.80665 -0.275506   1.20152
  1.80709 -0.275271   1.20152
  1.80752 -0.275035   1.20195
  1.80795 -0.274801   1.20195
  1.80839 -0.274566   1.20238
  1.80882 -0.274332   1.20238
  1.80925 -0.274098   1.20282
  1.80969 -0.273864   1.20282
  1.81012  -0.27363   1.20325
  1.81055 -0.273397   1.20325
  1.81099 -0.273164   1.20368
  1.81142 -0.272931   1.20368
  1.81185 -0.272699   1.20412
  1.81229 -0.272466   1.20412
  1.81272 -0.272234   1.20455
  1.81315 -0.272003   1.20455
  1.81359 -0.271771   1.20498
  1.81402  -0.27154   1.20498
  1.81445 -0.271309   1.20542
  1.81489 -0.271078   1.20542
  1.81532 -0.270847   1.20585
  1.81576 -0.270617   1.20585
  1.81619 -0.270387   1.20629
  1.81662 -0.270157   1.20629
  1.81706 -0.269928   1.20672
  1.81749 -0.269698   1.20672
  1.81792 -0.269469   1.20715
  1.81836 -0.269241   1.20715
  1.81879 -0.269012   1.20759
  1.81922 -0.268784   1.20802
  1.81966 -0.268556   1.20802
  1.82009 -0.268328   1.20845
  1.82052   -0.2681   1.20845
  1.82096 -0.267873   1.20889
  1.82139 -0.267646   1.20889
  1.82182 -0.267419   1.20932
  1.82226 -0.267192   1.20932
  1.82269 -0.266966   1.20975
  1.82312  -0.26674   1.20975
  1.82356 -0.266514   1.21019
  1.82399 -0.266288   1.21019
  1.82442 -0.266063   1.21062
  1.82486 -0.265838   1.21062
  1.82529 -0.265613   1.21105
  1.82573 -0.265388   1.21105
  1.82616 -0.265164   1.21149
  1.82659  -0.26494   1.21149
  1.82703 -0.264716   1.21192
  1.82746 -0.264492   1.21192
  1.82789 -0.264269   1.21235
  1.82833 -0.264046   1.21235
  1.82876 -0.263823   1.21279
  1.82919   -0.2636   1.21279
  1.82963 -0.263377   1.21322
  1.83006 -0.263155   1.21322
  1.83049 -0.262933   1.21365
  1.83093 -0.262711   1.21365
  1.83136  -0.26249   1.21409
  1.83179 -0.262269   1.21409
  1.83223 -0.262048   1.21452
  1.83266 -0.261827   1.21452
  1.83309 -0.261606   1.21495
  1.83353 -0.261386   1.21495
  1.83396 -0.261166   1.21539
  1.83439 -0.260946   1.21539
  1.83483 -0.260726   1.21582
  1.83526 -0.260507   1.21582
   1.8357 -0.260288   1.21626
  1.83613 -0.260069   1.21626
  1.83656  -0.25985   1.21669
    1.837 -0.259632   1.21669
  1.83743 -0.259413   1.21712
  1.83786 -0.259195   1.21712
   1.8383 -0.258978   1.21756
  1.83873  -0.25876   1.21756
  1.83916 -0.258543   1.21799
   1.8396 -0.258326   1.21799
  1.84003 -0.258109   1.21842
  1.84046 -0.257892   1.21842
   1.8409 -0.257676   1.21886
  1.84133  -0.25746   1.21886
  1.84176 -0.257244   1.21929
   1.8422 -0.257028   1.21929
  1.84263 -0.256813   1.21972
  1.84306 -0.256598   1.21972
   1.8435 -0.256382   1.22016
  1.84393 -0.256168   1.22016
  1.84436 -0.255953   1.22059
   1.8448 -0.255739   1.22059
  1.84523 -0.255525   1.22102
  1.84567 -0.255311   1.22102
   1.8461 -0.255097   1.22146
  1.84653 -0.254884   1.22146
  1.84697 -0.254671   1.22189
   1.8474 -0.254458   1.22189
  1.84783 -0.254245   1.22232
  1.84827 -0.254033   1.22232
   1.8487  -0.25382   1.22276
  1.84913 -0.253608   1.22276
  1.84957 -0.253397   1.22319
     1.85 -0.253185   1.22319