 kgrid  ValNew  Policy 
    0.55 -36.2449 0.615455
0.550433 -36.2011 0.615455
0.550867 -36.1574 0.615889
  0.5513 -36.1138 0.616322
0.551734 -36.0703 0.616756
0.552167 -36.0268 0.617189
0.552601 -35.9834 0.617623
0.553034 -35.9401 0.618056
0.553468 -35.8969 0.618489
0.553901 -35.8538 0.618489
0.554335 -35.8107 0.618923
0.554768 -35.7677 0.619356
0.555202 -35.7248  0.61979
0.555635 -35.6819 0.620223
0.556069 -35.6392 0.620657
0.556502 -35.5965  0.62109
0.556936 -35.5539 0.621524
0.557369 -35.5114 0.621957
0.557803  -35.469 0.621957
0.558236 -35.4266 0.622391
 0.55867 -35.3843 0.622824
0.559103 -35.3421 0.623258
0.559537 -35.2999 0.623691
 0.55997 -35.2579 0.624125
0.560403 -35.2159 0.624558
0.560837  -35.174 0.624992
 0.56127 -35.1322 0.625425
0.561704 -35.0904 0.625425
0.562137 -35.0487 0.625859
0.562571 -35.0071 0.626292
0.563004 -34.9655 0.626726
0.563438 -34.9241 0.627159
0.563871 -34.8827 0.627593
0.564305 -34.8414 0.628026
0.564738 -34.8002 0.628459
0.565172  -34.759 0.628893
0.565605 -34.7179 0.628893
0.566039 -34.6769 0.629326
0.566472 -34.6359  0.62976
0.566906  -34.595 0.630193
0.567339 -34.5542 0.630627
0.567773 -34.5135  0.63106
0.568206 -34.4729 0.631494
 0.56864 -34.4323 0.631927
0.569073 -34.3918 0.632361
0.569507 -34.3513 0.632361
 0.56994 -34.3109 0.632794
0.570373 -34.2706 0.633228
0.570807 -34.2304 0.633661
 0.57124 -34.1902 0.634095
0.571674 -34.1501 0.634528
0.572107 -34.1101 0.634962
0.572541 -34.0701 0.635395
0.572974 -34.0303 0.635829
0.573408 -33.9904 0.636262
0.573841 -33.9507 0.636262
0.574275  -33.911 0.636696
0.574708 -33.8714 0.637129
0.575142 -33.8318 0.637563
0.575575 -33.7924 0.637996
0.576009 -33.7529 0.638429
0.576442 -33.7136 0.638863
0.576876 -33.6743 0.639296
0.577309 -33.6351  0.63973
0.577743  -33.596  0.63973
0.578176 -33.5569 0.640163
 0.57861 -33.5179 0.640597
0.579043  -33.479  0.64103
0.579476 -33.4401 0.641464
 0.57991 -33.4013 0.641897
0.580343 -33.3625 0.642331
0.580777 -33.3238 0.642764
 0.58121 -33.2852 0.643198
0.581644 -33.2467 0.643631
0.582077 -33.2082 0.643631
0.582511 -33.1698 0.644065
0.582944 -33.1315 0.644498
0.583378 -33.0932 0.644932
0.583811 -33.0549 0.645365
0.584245 -33.0168 0.645799
0.584678 -32.9787 0.646232
0.585112 -32.9407 0.646666
0.585545 -32.9027 0.647099
0.585979 -32.8648 0.647533
0.586412  -32.827 0.647533
0.586846 -32.7892 0.647966
0.587279 -32.7515 0.648399
0.587713 -32.7139 0.648833
0.588146 -32.6763 0.649266
 0.58858 -32.6388   0.6497
0.589013 -32.6013 0.650133
0.589446 -32.5639 0.650567
 0.58988 -32.5266    0.651
0.590313 -32.4893    0.651
0.590747 -32.4521 0.651434
 0.59118  -32.415 0.651867
0.591614 -32.3779 0.652301
0.592047 -32.3409 0.652734
0.592481 -32.3039 0.653168
0.592914  -32.267 0.653601
0.593348 -32.2302 0.654035
0.593781 -32.1934 0.654468
0.594215 -32.1567 0.654902
0.594648 -32.1201 0.654902
0.595082 -32.0835 0.655335
0.595515 -32.0469 0.655769
0.595949 -32.0105 0.656202
0.596382 -31.9741 0.656636
0.596816 -31.9377 0.657069
0.597249 -31.9014 0.657503
0.597683 -31.8652 0.657936
0.598116  -31.829 0.658369
 0.59855 -31.7929 0.658369
0.598983 -31.7569 0.658803
0.599416 -31.7209 0.659236
 0.59985  -31.685  0.65967
0.600283 -31.6491 0.660103
0.600717 -31.6133 0.660537
 0.60115 -31.5775  0.66097
0.601584 -31.5418 0.661404
0.602017 -31.5062 0.661837
0.602451 -31.4706 0.662271
0.602884 -31.4351 0.662271
0.603318 -31.3996 0.662704
0.603751 -31.3642 0.663138
0.604185 -31.3289 0.663571
0.604618 -31.2936 0.664005
0.605052 -31.2584 0.664438
0.605485 -31.2232 0.664872
0.605919 -31.1881 0.665305
0.606352  -31.153 0.665739
0.606786  -31.118 0.666172
0.607219 -31.0831 0.666172
0.607653 -31.0482 0.666606
0.608086 -31.0133 0.667039
 0.60852 -30.9786 0.667472
0.608953 -30.9438 0.667906
0.609386 -30.9092 0.668339
 0.60982 -30.8746 0.668773
0.610253   -30.84 0.669206
0.610687 -30.8055  0.66964
 0.61112 -30.7711  0.66964
0.611554 -30.7367 0.670073
0.611987 -30.7024 0.670507
0.612421 -30.6681  0.67094
0.612854 -30.6339 0.671374
0.613288 -30.5997 0.671807
0.613721 -30.5656 0.672241
0.614155 -30.5316 0.672674
0.614588 -30.4976 0.673108
0.615022 -30.4636 0.673541
0.615455 -30.4297 0.673541
0.615889 -30.3959 0.673975
0.616322 -30.3621 0.674408
0.616756 -30.3284 0.674842
0.617189 -30.2947 0.675275
0.617623 -30.2611 0.675709
0.618056 -30.2275 0.676142
0.618489  -30.194 0.676576
0.618923 -30.1606 0.677009
0.619356 -30.1272 0.677442
 0.61979 -30.0938 0.677442
0.620223 -30.0605 0.677876
0.620657 -30.0272 0.678309
 0.62109  -29.994 0.678743
0.621524 -29.9609 0.679176
0.621957 -29.9278  0.67961
0.622391 -29.8948 0.680043
0.622824 -29.8618 0.680477
0.623258 -29.8289  0.68091
0.623691  -29.796  0.68091
0.624125 -29.7632 0.681344
0.624558 -29.7304 0.681777
0.624992 -29.6977 0.682211
0.625425  -29.665 0.682644
0.625859 -29.6324 0.683078
0.626292 -29.5998 0.683511
0.626726 -29.5673 0.683945
0.627159 -29.5348 0.684378
0.627593 -29.5024 0.684812
0.628026   -29.47 0.684812
0.628459 -29.4377 0.685245
0.628893 -29.4055 0.685679
0.629326 -29.3732 0.686112
 0.62976 -29.3411 0.686546
0.630193  -29.309 0.686979
0.630627 -29.2769 0.687412
 0.63106 -29.2449 0.687846
0.631494 -29.2129 0.688279
0.631927  -29.181 0.688713
0.632361 -29.1492 0.688713
0.632794 -29.1174 0.689146
0.633228 -29.0856  0.68958
0.633661 -29.0539 0.690013
0.634095 -29.0222 0.690447
0.634528 -28.9906  0.69088
0.634962  -28.959 0.691314
0.635395 -28.9275 0.691747
0.635829 -28.8961 0.692181
0.636262 -28.8646 0.692614
0.636696 -28.8333 0.692614
0.637129 -28.8019 0.693048
0.637563 -28.7707 0.693481
0.637996 -28.7394 0.693915
0.638429 -28.7083 0.694348
0.638863 -28.6771 0.694782
0.639296 -28.6461 0.695215
 0.63973  -28.615 0.695649
0.640163 -28.5841 0.696082
0.640597 -28.5531 0.696082
 0.64103 -28.5222 0.696516
0.641464 -28.4914 0.696949
0.641897 -28.4606 0.697382
0.642331 -28.4299 0.697816
0.642764 -28.3992 0.698249
0.643198 -28.3685 0.698683
0.643631 -28.3379 0.699116
0.644065 -28.3074  0.69955
0.644498 -28.2769  0.69955
0.644932 -28.2464 0.699983
0.645365  -28.216 0.700417
0.645799 -28.1856  0.70085
0.646232 -28.1553 0.701284
0.646666  -28.125 0.701717
0.647099 -28.0948 0.702151
0.647533 -28.0646 0.702584
0.647966 -28.0345 0.703018
0.648399 -28.0044 0.703451
0.648833 -27.9743 0.703451
0.649266 -27.9443 0.703885
  0.6497 -27.9144 0.704318
0.650133 -27.8844 0.704752
0.650567 -27.8546 0.705185
   0.651 -27.8248 0.705619
0.651434  -27.795 0.706052
0.651867 -27.7653 0.706485
0.652301 -27.7356 0.706919
0.652734  -27.706 0.707352
0.653168 -27.6764 0.707352
0.653601 -27.6468 0.707786
0.654035 -27.6173 0.708219
0.654468 -27.5879 0.708653
0.654902 -27.5585 0.709086
0.655335 -27.5291  0.70952
0.655769 -27.4998 0.709953
0.656202 -27.4705 0.710387
0.656636 -27.4413  0.71082
0.657069 -27.4121  0.71082
0.657503 -27.3829 0.711254
0.657936 -27.3538 0.711687
0.658369 -27.3247 0.712121
0.658803 -27.2957 0.712554
0.659236 -27.2668 0.712988
 0.65967 -27.2378 0.713421
0.660103  -27.209 0.713855
0.660537 -27.1801 0.714288
 0.66097 -27.1513 0.714722
0.661404 -27.1226 0.714722
0.661837 -27.0939 0.715155
0.662271 -27.0652 0.715589
0.662704 -27.0366 0.716022
0.663138  -27.008 0.716455
0.663571 -26.9794 0.716889
0.664005 -26.9509 0.717322
0.664438 -26.9225 0.717756
0.664872 -26.8941 0.718189
0.665305 -26.8657 0.718623
0.665739 -26.8374 0.718623
0.666172 -26.8091 0.719056
0.666606 -26.7809  0.71949
0.667039 -26.7527 0.719923
0.667472 -26.7245 0.720357
0.667906 -26.6964  0.72079
0.668339 -26.6683 0.721224
0.668773 -26.6403 0.721657
0.669206 -26.6123 0.722091
 0.66964 -26.5844 0.722091
0.670073 -26.5565 0.722524
0.670507 -26.5286 0.722958
 0.67094 -26.5008 0.723391
0.671374  -26.473 0.723825
0.671807 -26.4452 0.724258
0.672241 -26.4175 0.724692
0.672674 -26.3899 0.725125
0.673108 -26.3623 0.725559
0.673541 -26.3347 0.725992
0.673975 -26.3072 0.725992
0.674408 -26.2797 0.726425
0.674842 -26.2522 0.726859
0.675275 -26.2248 0.727292
0.675709 -26.1974 0.727726
0.676142 -26.1701 0.728159
0.676576 -26.1428 0.728593
0.677009 -26.1155 0.729026
0.677442 -26.0883  0.72946
0.677876 -26.0612  0.72946
0.678309  -26.034 0.729893
0.678743 -26.0069 0.730327
0.679176 -25.9799  0.73076
 0.67961 -25.9528 0.731194
0.680043 -25.9259 0.731627
0.680477 -25.8989 0.732061
 0.68091 -25.8721 0.732494
0.681344 -25.8452 0.732928
0.681777 -25.8184 0.733361
0.682211 -25.7916 0.733361
0.682644 -25.7649 0.733795
0.683078 -25.7382 0.734228
0.683511 -25.7115 0.734662
0.683945 -25.6849 0.735095
0.684378 -25.6583 0.735529
0.684812 -25.6318 0.735962
0.685245 -25.6053 0.736395
0.685679 -25.5788 0.736829
0.686112 -25.5524 0.736829
0.686546  -25.526 0.737262
0.686979 -25.4996 0.737696
0.687412 -25.4733 0.738129
0.687846 -25.4471 0.738563
0.688279 -25.4208 0.738996
0.688713 -25.3946  0.73943
0.689146 -25.3685 0.739863
 0.68958 -25.3424 0.740297
0.690013 -25.3163 0.740297
0.690447 -25.2902  0.74073
 0.69088 -25.2642 0.741164
0.691314 -25.2382 0.741597
0.691747 -25.2123 0.742031
0.692181 -25.1864 0.742464
0.692614 -25.1606 0.742898
0.693048 -25.1347 0.743331
0.693481  -25.109 0.743765
0.693915 -25.0832 0.744198
0.694348 -25.0575 0.744198
0.694782 -25.0318 0.744632
0.695215 -25.0062 0.745065
0.695649 -24.9806 0.745498
0.696082 -24.9551 0.745932
0.696516 -24.9295 0.746365
0.696949 -24.9041 0.746799
0.697382 -24.8786 0.747232
0.697816 -24.8532 0.747666
0.698249 -24.8278 0.747666
0.698683 -24.8025 0.748099
0.699116 -24.7772 0.748533
 0.69955 -24.7519 0.748966
0.699983 -24.7267   0.7494
0.700417 -24.7015 0.749833
 0.70085 -24.6763 0.750267
0.701284 -24.6512   0.7507
0.701717 -24.6261 0.751134
0.702151 -24.6011 0.751134
0.702584 -24.5761 0.751567
0.703018 -24.5511 0.752001
0.703451 -24.5261 0.752434
0.703885 -24.5012 0.752868
0.704318 -24.4764 0.753301
0.704752 -24.4515 0.753735
0.705185 -24.4267 0.754168
0.705619  -24.402 0.754602
0.706052 -24.3773 0.755035
0.706485 -24.3526 0.755035
0.706919 -24.3279 0.755468
0.707352 -24.3033 0.755902
0.707786 -24.2787 0.756335
0.708219 -24.2541 0.756769
0.708653 -24.2296 0.757202
0.709086 -24.2051 0.757636
 0.70952 -24.1807 0.758069
0.709953 -24.1563 0.758503
0.710387 -24.1319 0.758503
 0.71082 -24.1075 0.758936
0.711254 -24.0832  0.75937
0.711687 -24.0589 0.759803
0.712121 -24.0347 0.760237
0.712554 -24.0105  0.76067
0.712988 -23.9863 0.761104
0.713421 -23.9622 0.761537
0.713855 -23.9381 0.761971
0.714288  -23.914 0.761971
0.714722   -23.89 0.762404
0.715155  -23.866 0.762838
0.715589  -23.842 0.763271
0.716022 -23.8181 0.763705
0.716455 -23.7942 0.764138
0.716889 -23.7703 0.764572
0.717322 -23.7465 0.765005
0.717756 -23.7227 0.765438
0.718189 -23.6989 0.765872
0.718623 -23.6752 0.765872
0.719056 -23.6515 0.766305
 0.71949 -23.6278 0.766739
0.719923 -23.6042 0.767172
0.720357 -23.5806 0.767606
 0.72079  -23.557 0.768039
0.721224 -23.5335 0.768473
0.721657   -23.51 0.768906
0.722091 -23.4865  0.76934
0.722524 -23.4631  0.76934
0.722958 -23.4397 0.769773
0.723391 -23.4163 0.770207
0.723825  -23.393  0.77064
0.724258 -23.3696 0.771074
0.724692 -23.3464 0.771507
0.725125 -23.3231 0.771941
0.725559 -23.2999 0.772374
0.725992 -23.2768 0.772374
0.726425 -23.2536 0.772808
0.726859 -23.2305 0.773241
0.727292 -23.2074 0.773675
0.727726 -23.1844 0.774108
0.728159 -23.1614 0.774542
0.728593 -23.1384 0.774975
0.729026 -23.1154 0.775408
 0.72946 -23.0925 0.775842
0.729893 -23.0696 0.776275
0.730327 -23.0468 0.776275
 0.73076  -23.024 0.776709
0.731194 -23.0012 0.777142
0.731627 -22.9784 0.777576
0.732061 -22.9557 0.778009
0.732494  -22.933 0.778443
0.732928 -22.9103 0.778876
0.733361 -22.8877  0.77931
0.733795 -22.8651 0.779743
0.734228 -22.8425 0.779743
0.734662   -22.82 0.780177
0.735095 -22.7975  0.78061
0.735529  -22.775 0.781044
0.735962 -22.7525 0.781477
0.736395 -22.7301 0.781911
0.736829 -22.7077 0.782344
0.737262 -22.6854 0.782778
0.737696 -22.6631 0.783211
0.738129 -22.6408 0.783211
0.738563 -22.6185 0.783645
0.738996 -22.5963 0.784078
 0.73943 -22.5741 0.784512
0.739863 -22.5519 0.784945
0.740297 -22.5298 0.785378
 0.74073 -22.5077 0.785812
0.741164 -22.4856 0.786245
0.741597 -22.4636 0.786679
0.742031 -22.4415 0.786679
0.742464 -22.4195 0.787112
0.742898 -22.3976 0.787546
0.743331 -22.3757 0.787979
0.743765 -22.3538 0.788413
0.744198 -22.3319 0.788846
0.744632 -22.3101  0.78928
0.745065 -22.2883 0.789713
0.745498 -22.2665 0.790147
0.745932 -22.2447 0.790147
0.746365  -22.223  0.79058
0.746799 -22.2013 0.791014
0.747232 -22.1797 0.791447
0.747666  -22.158 0.791881
0.748099 -22.1364 0.792314
0.748533 -22.1149 0.792748
0.748966 -22.0933 0.793181
  0.7494 -22.0718 0.793615
0.749833 -22.0503 0.793615
0.750267 -22.0289 0.794048
  0.7507 -22.0075 0.794481
0.751134 -21.9861 0.794915
0.751567 -21.9647 0.795348
0.752001 -21.9434 0.795782
0.752434 -21.9221 0.796215
0.752868 -21.9008 0.796649
0.753301 -21.8795 0.797082
0.753735 -21.8583 0.797082
0.754168 -21.8371 0.797516
0.754602  -21.816 0.797949
0.755035 -21.7948 0.798383
0.755468 -21.7737 0.798816
0.755902 -21.7526  0.79925
0.756335 -21.7316 0.799683
0.756769 -21.7106 0.800117
0.757202 -21.6896  0.80055
0.757636 -21.6686  0.80055
0.758069 -21.6477 0.800984
0.758503 -21.6268 0.801417
0.758936 -21.6059 0.801851
 0.75937  -21.585 0.802284
0.759803 -21.5642 0.802718
0.760237 -21.5434 0.803151
 0.76067 -21.5227 0.803585
0.761104 -21.5019 0.804018
0.761537 -21.4812 0.804018
0.761971 -21.4605 0.804451
0.762404 -21.4399 0.804885
0.762838 -21.4193 0.805318
0.763271 -21.3987 0.805752
0.763705 -21.3781 0.806185
0.764138 -21.3575 0.806619
0.764572  -21.337 0.807052
0.765005 -21.3165 0.807486
0.765438 -21.2961 0.807486
0.765872 -21.2756 0.807919
0.766305 -21.2552 0.808353
0.766739 -21.2349 0.808786
0.767172 -21.2145  0.80922
0.767606 -21.1942 0.809653
0.768039 -21.1739 0.810087
0.768473 -21.1536  0.81052
0.768906 -21.1334 0.810954
 0.76934 -21.1132 0.810954
0.769773  -21.093 0.811387
0.770207 -21.0728 0.811821
 0.77064 -21.0527 0.812254
0.771074 -21.0326 0.812688
0.771507 -21.0125 0.813121
0.771941 -20.9924 0.813555
0.772374 -20.9724 0.813988
0.772808 -20.9524 0.814421
0.773241 -20.9324 0.814421
0.773675 -20.9125 0.814855
0.774108 -20.8925 0.815288
0.774542 -20.8726 0.815722
0.774975 -20.8528 0.816155
0.775408 -20.8329 0.816589
0.775842 -20.8131 0.817022
0.776275 -20.7933 0.817456
0.776709 -20.7736 0.817889
0.777142 -20.7538 0.817889
0.777576 -20.7341 0.818323
0.778009 -20.7144 0.818756
0.778443 -20.6948  0.81919
0.778876 -20.6751 0.819623
 0.77931 -20.6555 0.820057
0.779743 -20.6359  0.82049
0.780177 -20.6164 0.820924
 0.78061 -20.5969 0.821357
0.781044 -20.5774 0.821357
0.781477 -20.5579 0.821791
0.781911 -20.5384 0.822224
0.782344  -20.519 0.822658
0.782778 -20.4996 0.823091
0.783211 -20.4802 0.823525
0.783645 -20.4609 0.823958
0.784078 -20.4416 0.824391
0.784512 -20.4223 0.824391
0.784945  -20.403 0.824825
0.785378 -20.3837 0.825258
0.785812 -20.3645 0.825692
0.786245 -20.3453 0.826125
0.786679 -20.3261 0.826559
0.787112  -20.307 0.826992
0.787546 -20.2879 0.827426
0.787979 -20.2688 0.827859
0.788413 -20.2497 0.827859
0.788846 -20.2307 0.828293
 0.78928 -20.2116 0.828726
0.789713 -20.1926  0.82916
0.790147 -20.1737 0.829593
 0.79058 -20.1547 0.830027
0.791014 -20.1358  0.83046
0.791447 -20.1169 0.830894
0.791881  -20.098 0.831327
0.792314 -20.0792 0.831327
0.792748 -20.0603 0.831761
0.793181 -20.0415 0.832194
0.793615 -20.0228 0.832628
0.794048  -20.004 0.833061
0.794481 -19.9853 0.833494
0.794915 -19.9666 0.833928
0.795348 -19.9479 0.834361
0.795782 -19.9293 0.834795
0.796215 -19.9106 0.834795
0.796649  -19.892 0.835228
0.797082 -19.8734 0.835662
0.797516 -19.8549 0.836095
0.797949 -19.8364 0.836529
0.798383 -19.8178 0.836962
0.798816 -19.7994 0.837396
 0.79925 -19.7809 0.837829
0.799683 -19.7625 0.837829
0.800117 -19.7441 0.838263
 0.80055 -19.7257 0.838696
0.800984 -19.7073  0.83913
0.801417  -19.689 0.839563
0.801851 -19.6706 0.839997
0.802284 -19.6523  0.84043
0.802718 -19.6341 0.840864
0.803151 -19.6158 0.841297
0.803585 -19.5976 0.841297
0.804018 -19.5794 0.841731
0.804451 -19.5612 0.842164
0.804885 -19.5431 0.842598
0.805318  -19.525 0.843031
0.805752 -19.5068 0.843464
0.806185 -19.4888 0.843898
0.806619 -19.4707 0.844331
0.807052 -19.4527 0.844765
0.807486 -19.4347 0.844765
0.807919 -19.4167 0.845198
0.808353 -19.3987 0.845632
0.808786 -19.3808 0.846065
 0.80922 -19.3628 0.846499
0.809653  -19.345 0.846932
0.810087 -19.3271 0.847366
 0.81052 -19.3092 0.847799
0.810954 -19.2914 0.848233
0.811387 -19.2736 0.848233
0.811821 -19.2558 0.848666
0.812254 -19.2381   0.8491
0.812688 -19.2203 0.849533
0.813121 -19.2026 0.849967
0.813555 -19.1849   0.8504
0.813988 -19.1672 0.850834
0.814421 -19.1496 0.851267
0.814855  -19.132 0.851267
0.815288 -19.1144 0.851701
0.815722 -19.0968 0.852134
0.816155 -19.0792 0.852568
0.816589 -19.0617 0.853001
0.817022 -19.0442 0.853434
0.817456 -19.0267 0.853868
0.817889 -19.0092 0.854301
0.818323 -18.9918 0.854735
0.818756 -18.9744 0.854735
 0.81919  -18.957 0.855168
0.819623 -18.9396 0.855602
0.820057 -18.9222 0.856035
 0.82049 -18.9049 0.856469
0.820924 -18.8876 0.856902
0.821357 -18.8703 0.857336
0.821791 -18.8531 0.857769
0.822224 -18.8358 0.858203
0.822658 -18.8186 0.858203
0.823091 -18.8014 0.858636
0.823525 -18.7842  0.85907
0.823958  -18.767 0.859503
0.824391 -18.7499 0.859937
0.824825 -18.7328  0.86037
0.825258 -18.7157 0.860804
0.825692 -18.6986 0.861237
0.826125 -18.6816 0.861237
0.826559 -18.6646 0.861671
0.826992 -18.6475 0.862104
0.827426 -18.6306 0.862538
0.827859 -18.6136 0.862971
0.828293 -18.5967 0.863404
0.828726 -18.5797 0.863838
 0.82916 -18.5628 0.864271
0.829593  -18.546 0.864705
0.830027 -18.5291 0.864705
 0.83046 -18.5123 0.865138
0.830894 -18.4955 0.865572
0.831327 -18.4787 0.866005
0.831761 -18.4619 0.866439
0.832194 -18.4451 0.866872
0.832628 -18.4284 0.867306
0.833061 -18.4117 0.867739
0.833494  -18.395 0.867739
0.833928 -18.3784 0.868173
0.834361 -18.3617 0.868606
0.834795 -18.3451  0.86904
0.835228 -18.3285 0.869473
0.835662 -18.3119 0.869907
0.836095 -18.2953  0.87034
0.836529 -18.2788 0.870774
0.836962 -18.2623 0.871207
0.837396 -18.2458 0.871207
0.837829 -18.2293 0.871641
0.838263 -18.2128 0.872074
0.838696 -18.1964 0.872508
 0.83913   -18.18 0.872941
0.839563 -18.1636 0.873374
0.839997 -18.1472 0.873808
 0.84043 -18.1309 0.874241
0.840864 -18.1145 0.874241
0.841297 -18.0982 0.874675
0.841731 -18.0819 0.875108
0.842164 -18.0656 0.875542
0.842598 -18.0494 0.875975
0.843031 -18.0331 0.876409
0.843464 -18.0169 0.876842
0.843898 -18.0007 0.877276
0.844331 -17.9846 0.877709
0.844765 -17.9684 0.877709
0.845198 -17.9523 0.878143
0.845632 -17.9362 0.878576
0.846065 -17.9201  0.87901
0.846499  -17.904 0.879443
0.846932 -17.8879 0.879877
0.847366 -17.8719  0.88031
0.847799 -17.8559 0.880744
0.848233 -17.8399 0.881177
0.848666 -17.8239 0.881177
  0.8491  -17.808 0.881611
0.849533  -17.792 0.882044
0.849967 -17.7761 0.882477
  0.8504 -17.7602 0.882911
0.850834 -17.7444 0.883344
0.851267 -17.7285 0.883778
0.851701 -17.7127 0.884211
0.852134 -17.6969 0.884211
0.852568 -17.6811 0.884645
0.853001 -17.6653 0.885078
0.853434 -17.6495 0.885512
0.853868 -17.6338 0.885945
0.854301 -17.6181 0.886379
0.854735 -17.6024 0.886812
0.855168 -17.5867 0.887246
0.855602  -17.571 0.887679
0.856035 -17.5554 0.887679
0.856469 -17.5398 0.888113
0.856902 -17.5242 0.888546
0.857336 -17.5086  0.88898
0.857769  -17.493 0.889413
0.858203 -17.4775 0.889847
0.858636  -17.462  0.89028
 0.85907 -17.4465 0.890714
0.859503  -17.431 0.890714
0.859937 -17.4155 0.891147
 0.86037    -17.4 0.891581
0.860804 -17.3846 0.892014
0.861237 -17.3692 0.892447
0.861671 -17.3538 0.892881
0.862104 -17.3384 0.893314
0.862538 -17.3231 0.893748
0.862971 -17.3078 0.894181
0.863404 -17.2924 0.894181
0.863838 -17.2771 0.894615
0.864271 -17.2619 0.895048
0.864705 -17.2466 0.895482
0.865138 -17.2313 0.895915
0.865572 -17.2161 0.896349
0.866005 -17.2009 0.896782
0.866439 -17.1857 0.897216
0.866872 -17.1706 0.897216
0.867306 -17.1554 0.897649
0.867739 -17.1403 0.898083
0.868173 -17.1252 0.898516
0.868606 -17.1101  0.89895
 0.86904  -17.095 0.899383
0.869473 -17.0799 0.899817
0.869907 -17.0649  0.90025
 0.87034 -17.0499 0.900684
0.870774 -17.0349 0.900684
0.871207 -17.0199 0.901117
0.871641 -17.0049 0.901551
0.872074   -16.99 0.901984
0.872508 -16.9751 0.902417
0.872941 -16.9601 0.902851
0.873374 -16.9453 0.903284
0.873808 -16.9304 0.903718
0.874241 -16.9155 0.903718
0.874675 -16.9007 0.904151
0.875108 -16.8859 0.904585
0.875542 -16.8711 0.905018
0.875975 -16.8563 0.905452
0.876409 -16.8415 0.905885
0.876842 -16.8268 0.906319
0.877276  -16.812 0.906752
0.877709 -16.7973 0.906752
0.878143 -16.7826 0.907186
0.878576 -16.7679 0.907619
 0.87901 -16.7533 0.908053
0.879443 -16.7386 0.908486
0.879877  -16.724  0.90892
 0.88031 -16.7094 0.909353
0.880744 -16.6948 0.909787
0.881177 -16.6802  0.91022
0.881611 -16.6657  0.91022
0.882044 -16.6511 0.910654
0.882477 -16.6366 0.911087
0.882911 -16.6221 0.911521
0.883344 -16.6076 0.911954
0.883778 -16.5932 0.912387
0.884211 -16.5787 0.912821
0.884645 -16.5643 0.913254
0.885078 -16.5499 0.913254
0.885512 -16.5355 0.913688
0.885945 -16.5211 0.914121
0.886379 -16.5067 0.914555
0.886812 -16.4924 0.914988
0.887246 -16.4781 0.915422
0.887679 -16.4638 0.915855
0.888113 -16.4495 0.916289
0.888546 -16.4352 0.916289
 0.88898 -16.4209 0.916722
0.889413 -16.4067 0.917156
0.889847 -16.3924 0.917589
 0.89028 -16.3782 0.918023
0.890714  -16.364 0.918456
0.891147 -16.3499  0.91889
0.891581 -16.3357 0.919323
0.892014 -16.3216 0.919757
0.892447 -16.3075 0.919757
0.892881 -16.2933  0.92019
0.893314 -16.2793 0.920624
0.893748 -16.2652 0.921057
0.894181 -16.2511  0.92149
0.894615 -16.2371 0.921924
0.895048 -16.2231 0.922357
0.895482 -16.2091 0.922791
0.895915 -16.1951 0.922791
0.896349 -16.1811 0.923224
0.896782 -16.1671 0.923658
0.897216 -16.1532 0.924091
0.897649 -16.1393 0.924525
0.898083 -16.1254 0.924958
0.898516 -16.1115 0.925392
 0.89895 -16.0976 0.925825
0.899383 -16.0837 0.925825
0.899817 -16.0699 0.926259
 0.90025 -16.0561 0.926692
0.900684 -16.0423 0.927126
0.901117 -16.0285 0.927559
0.901551 -16.0147 0.927993
0.901984 -16.0009 0.928426
0.902417 -15.9872  0.92886
0.902851 -15.9735  0.92886
0.903284 -15.9598 0.929293
0.903718 -15.9461 0.929727
0.904151 -15.9324  0.93016
0.904585 -15.9187 0.930594
0.905018 -15.9051 0.931027
0.905452 -15.8915  0.93146
0.905885 -15.8778 0.931894
0.906319 -15.8643 0.932327
0.906752 -15.8507 0.932327
0.907186 -15.8371 0.932761
0.907619 -15.8235 0.933194
0.908053   -15.81 0.933628
0.908486 -15.7965 0.934061
 0.90892  -15.783 0.934495
0.909353 -15.7695 0.934928
0.909787  -15.756 0.935362
 0.91022 -15.7426 0.935362
0.910654 -15.7292 0.935795
0.911087 -15.7157 0.936229
0.911521 -15.7023 0.936662
0.911954 -15.6889 0.937096
0.912387 -15.6756 0.937529
0.912821 -15.6622 0.937963
0.913254 -15.6489 0.938396
0.913688 -15.6355 0.938396
0.914121 -15.6222  0.93883
0.914555 -15.6089 0.939263
0.914988 -15.5956 0.939697
0.915422 -15.5824  0.94013
0.915855 -15.5691 0.940564
0.916289 -15.5559 0.940997
0.916722 -15.5427  0.94143
0.917156 -15.5295 0.941864
0.917589 -15.5163 0.941864
0.918023 -15.5031 0.942297
0.918456   -15.49 0.942731
 0.91889 -15.4768 0.943164
0.919323 -15.4637 0.943598
0.919757 -15.4506 0.944031
 0.92019 -15.4375 0.944465
0.920624 -15.4244 0.944898
0.921057 -15.4113 0.944898
 0.92149 -15.3983 0.945332
0.921924 -15.3853 0.945765
0.922357 -15.3722 0.946199
0.922791 -15.3592 0.946632
0.923224 -15.3462 0.947066
0.923658 -15.3333 0.947499
0.924091 -15.3203 0.947933
0.924525 -15.3074 0.947933
0.924958 -15.2944 0.948366
0.925392 -15.2815   0.9488
0.925825 -15.2686 0.949233
0.926259 -15.2557 0.949667
0.926692 -15.2429   0.9501
0.927126   -15.23 0.950534
0.927559 -15.2172 0.950967
0.927993 -15.2044 0.950967
0.928426 -15.1916   0.9514
 0.92886 -15.1788 0.951834
0.929293  -15.166 0.952267
0.929727 -15.1532 0.952701
 0.93016 -15.1405 0.953134
0.930594 -15.1277 0.953568
0.931027  -15.115 0.954001
 0.93146 -15.1023 0.954001
0.931894 -15.0896 0.954435
0.932327 -15.0769 0.954868
0.932761 -15.0643 0.955302
0.933194 -15.0516 0.955735
0.933628  -15.039 0.956169
0.934061 -15.0264 0.956602
0.934495 -15.0138 0.957036
0.934928 -15.0012 0.957469
0.935362 -14.9886 0.957469
0.935795 -14.9761 0.957903
0.936229 -14.9635 0.958336
0.936662  -14.951  0.95877
0.937096 -14.9385 0.959203
0.937529  -14.926 0.959637
0.937963 -14.9135  0.96007
0.938396  -14.901 0.960504
 0.93883 -14.8886 0.960504
0.939263 -14.8761 0.960937
0.939697 -14.8637  0.96137
 0.94013 -14.8513 0.961804
0.940564 -14.8389 0.962237
0.940997 -14.8265 0.962671
 0.94143 -14.8141 0.963104
0.941864 -14.8017 0.963538
0.942297 -14.7894 0.963538
0.942731 -14.7771 0.963971
0.943164 -14.7647 0.964405
0.943598 -14.7524 0.964838
0.944031 -14.7402 0.965272
0.944465 -14.7279 0.965705
0.944898 -14.7156 0.966139
0.945332 -14.7034 0.966572
0.945765 -14.6912 0.966572
0.946199 -14.6789 0.967006
0.946632 -14.6667 0.967439
0.947066 -14.6545 0.967873
0.947499 -14.6424 0.968306
0.947933 -14.6302  0.96874
0.948366 -14.6181 0.969173
  0.9488 -14.6059 0.969607
0.949233 -14.5938 0.969607
0.949667 -14.5817  0.97004
  0.9501 -14.5696 0.970473
0.950534 -14.5575 0.970907
0.950967 -14.5455  0.97134
  0.9514 -14.5334 0.971774
0.951834 -14.5214 0.972207
0.952267 -14.5093 0.972641
0.952701 -14.4973 0.972641
0.953134 -14.4853 0.973074
0.953568 -14.4733 0.973508
0.954001 -14.4614 0.973941
0.954435 -14.4494 0.974375
0.954868 -14.4375 0.974808
0.955302 -14.4256 0.975242
0.955735 -14.4136 0.975675
0.956169 -14.4017 0.975675
0.956602 -14.3899 0.976109
0.957036  -14.378 0.976542
0.957469 -14.3661 0.976976
0.957903 -14.3543 0.977409
0.958336 -14.3424 0.977843
 0.95877 -14.3306 0.978276
0.959203 -14.3188  0.97871
0.959637  -14.307 0.979143
 0.96007 -14.2952 0.979143
0.960504 -14.2835 0.979577
0.960937 -14.2717  0.98001
 0.96137   -14.26 0.980443
0.961804 -14.2482 0.980877
0.962237 -14.2365  0.98131
0.962671 -14.2248 0.981744
0.963104 -14.2131 0.982177
0.963538 -14.2015 0.982177
0.963971 -14.1898 0.982611
0.964405 -14.1781 0.983044
0.964838 -14.1665 0.983478
0.965272 -14.1549 0.983911
0.965705 -14.1433 0.984345
0.966139 -14.1317 0.984778
0.966572 -14.1201 0.985212
0.967006 -14.1085 0.985212
0.967439  -14.097 0.985645
0.967873 -14.0854 0.986079
0.968306 -14.0739 0.986512
 0.96874 -14.0624 0.986946
0.969173 -14.0509 0.987379
0.969607 -14.0394 0.987813
 0.97004 -14.0279 0.988246
0.970473 -14.0164 0.988246
0.970907  -14.005  0.98868
 0.97134 -13.9935 0.989113
0.971774 -13.9821 0.989547
0.972207 -13.9707  0.98998
0.972641 -13.9593 0.990413
0.973074 -13.9479 0.990847
0.973508 -13.9365  0.99128
0.973941 -13.9252  0.99128
0.974375 -13.9138 0.991714
0.974808 -13.9025 0.992147
0.975242 -13.8912 0.992581
0.975675 -13.8798 0.993014
0.976109 -13.8685 0.993448
0.976542 -13.8573 0.993881
0.976976  -13.846 0.994315
0.977409 -13.8347 0.994315
0.977843 -13.8235 0.994748
0.978276 -13.8122 0.995182
 0.97871  -13.801 0.995615
0.979143 -13.7898 0.996049
0.979577 -13.7786 0.996482
 0.98001 -13.7674 0.996916
0.980443 -13.7562 0.997349
0.980877 -13.7451 0.997349
 0.98131 -13.7339 0.997783
0.981744 -13.7228 0.998216
0.982177 -13.7116  0.99865
0.982611 -13.7005 0.999083
0.983044 -13.6894 0.999517
0.983478 -13.6783  0.99995
0.983911 -13.6673  1.00038
0.984345 -13.6562  1.00038
0.984778 -13.6452  1.00082
0.985212 -13.6341  1.00125
0.985645 -13.6231  1.00168
0.986079 -13.6121  1.00212
0.986512 -13.6011  1.00255
0.986946 -13.5901  1.00298
0.987379 -13.5791  1.00342
0.987813 -13.5681  1.00342
0.988246 -13.5572  1.00385
 0.98868 -13.5462  1.00428
0.989113 -13.5353  1.00472
0.989547 -13.5244  1.00515
 0.98998 -13.5135  1.00559
0.990413 -13.5026  1.00602
0.990847 -13.4917  1.00645
 0.99128 -13.4808  1.00645
0.991714   -13.47  1.00689
0.992147 -13.4591  1.00732
0.992581 -13.4483  1.00775
0.993014 -13.4375  1.00819
0.993448 -13.4267  1.00862
0.993881 -13.4159  1.00905
0.994315 -13.4051  1.00949
0.994748 -13.3943  1.00949
0.995182 -13.3836  1.00992
0.995615 -13.3728  1.01035
0.996049 -13.3621  1.01079
0.996482 -13.3513  1.01122
0.996916 -13.3406  1.01165
0.997349 -13.3299  1.01209
0.997783 -13.3192  1.01252
0.998216 -13.3086  1.01252
 0.99865 -13.2979  1.01295
0.999083 -13.2872  1.01339
0.999517 -13.2766  1.01382
 0.99995 -13.2659  1.01425
 1.00038 -13.2553  1.01469
 1.00082 -13.2447  1.01512
 1.00125 -13.2341  1.01556
 1.00168 -13.2235  1.01556
 1.00212  -13.213  1.01599
 1.00255 -13.2024  1.01642
 1.00298 -13.1918  1.01686
 1.00342 -13.1813  1.01729
 1.00385 -13.1708  1.01772
 1.00428 -13.1603  1.01816
 1.00472 -13.1498  1.01859
 1.00515 -13.1393  1.01859
 1.00559 -13.1288  1.01902
 1.00602 -13.1183  1.01946
 1.00645 -13.1079  1.01989
 1.00689 -13.0974  1.02032
 1.00732  -13.087  1.02076
 1.00775 -13.0765  1.02119
 1.00819 -13.0661  1.02162
 1.00862 -13.0557  1.02162
 1.00905 -13.0453  1.02206
 1.00949  -13.035  1.02249
 1.00992 -13.0246  1.02292
 1.01035 -13.0142  1.02336
 1.01079 -13.0039  1.02379
 1.01122 -12.9935  1.02422
 1.01165 -12.9832  1.02466
 1.01209 -12.9729  1.02466
 1.01252 -12.9626  1.02509
 1.01295 -12.9523  1.02553
 1.01339  -12.942  1.02596
 1.01382 -12.9318  1.02639
 1.01425 -12.9215  1.02683
 1.01469 -12.9113  1.02726
 1.01512  -12.901  1.02769
 1.01556 -12.8908  1.02769
 1.01599 -12.8806  1.02813
 1.01642 -12.8704  1.02856
 1.01686 -12.8602  1.02899
 1.01729   -12.85  1.02943
 1.01772 -12.8399  1.02986
 1.01816 -12.8297  1.03029
 1.01859 -12.8196  1.03073
 1.01902 -12.8094  1.03073
 1.01946 -12.7993  1.03116
 1.01989 -12.7892  1.03159
 1.02032 -12.7791  1.03203
 1.02076  -12.769  1.03246
 1.02119 -12.7589  1.03289
 1.02162 -12.7489  1.03333
 1.02206 -12.7388  1.03376
 1.02249 -12.7287  1.03376
 1.02292 -12.7187  1.03419
 1.02336 -12.7087  1.03463
 1.02379 -12.6987  1.03506
 1.02422 -12.6887   1.0355
 1.02466 -12.6787  1.03593
 1.02509 -12.6687  1.03636
 1.02553 -12.6587   1.0368
 1.02596 -12.6488   1.0368
 1.02639 -12.6388  1.03723
 1.02683 -12.6289  1.03766
 1.02726 -12.6189   1.0381
 1.02769  -12.609  1.03853
 1.02813 -12.5991  1.03896
 1.02856 -12.5892   1.0394
 1.02899 -12.5793  1.03983
 1.02943 -12.5695  1.03983
 1.02986 -12.5596  1.04026
 1.03029 -12.5497   1.0407
 1.03073 -12.5399  1.04113
 1.03116 -12.5301  1.04156
 1.03159 -12.5202    1.042
 1.03203 -12.5104  1.04243
 1.03246 -12.5006  1.04243
 1.03289 -12.4908  1.04286
 1.03333  -12.481   1.0433
 1.03376 -12.4713  1.04373
 1.03419 -12.4615  1.04416
 1.03463 -12.4518   1.0446
 1.03506  -12.442  1.04503
  1.0355 -12.4323  1.04547
 1.03593 -12.4226  1.04547
 1.03636 -12.4129   1.0459
  1.0368 -12.4032  1.04633
 1.03723 -12.3935  1.04677
 1.03766 -12.3838   1.0472
  1.0381 -12.3741  1.04763
 1.03853 -12.3645  1.04807
 1.03896 -12.3548   1.0485
  1.0394 -12.3452   1.0485
 1.03983 -12.3356  1.04893
 1.04026  -12.326  1.04937
  1.0407 -12.3164   1.0498
 1.04113 -12.3068  1.05023
 1.04156 -12.2972  1.05067
   1.042 -12.2876   1.0511
 1.04243  -12.278  1.05153
 1.04286 -12.2685  1.05153
  1.0433 -12.2589  1.05197
 1.04373 -12.2494   1.0524
 1.04416 -12.2399  1.05283
  1.0446 -12.2304  1.05327
 1.04503 -12.2209   1.0537
 1.04547 -12.2114  1.05413
  1.0459 -12.2019  1.05457
 1.04633 -12.1924  1.05457
 1.04677  -12.183    1.055
  1.0472 -12.1735  1.05544
 1.04763 -12.1641  1.05587
 1.04807 -12.1546   1.0563
  1.0485 -12.1452  1.05674
 1.04893 -12.1358  1.05717
 1.04937 -12.1264   1.0576
  1.0498  -12.117   1.0576
 1.05023 -12.1076  1.05804
 1.05067 -12.0982  1.05847
  1.0511 -12.0889   1.0589
 1.05153 -12.0795  1.05934
 1.05197 -12.0702  1.05977
  1.0524 -12.0608   1.0602
 1.05283 -12.0515  1.06064
 1.05327 -12.0422  1.06064
  1.0537 -12.0329  1.06107
 1.05413 -12.0236   1.0615
 1.05457 -12.0143  1.06194
   1.055  -12.005  1.06237
 1.05544 -11.9958   1.0628
 1.05587 -11.9865  1.06324
  1.0563 -11.9773  1.06324
 1.05674  -11.968  1.06367
 1.05717 -11.9588   1.0641
  1.0576 -11.9496  1.06454
 1.05804 -11.9404  1.06497
 1.05847 -11.9312  1.06541
  1.0589  -11.922  1.06584
 1.05934 -11.9128  1.06627
 1.05977 -11.9037  1.06671
  1.0602 -11.8945  1.06671
 1.06064 -11.8854  1.06714
 1.06107 -11.8762  1.06757
  1.0615 -11.8671  1.06801
 1.06194  -11.858  1.06844
 1.06237 -11.8489  1.06887
  1.0628 -11.8398  1.06931
 1.06324 -11.8307  1.06931
 1.06367 -11.8216  1.06974
  1.0641 -11.8125  1.07017
 1.06454 -11.8034  1.07061
 1.06497 -11.7944  1.07104
 1.06541 -11.7853  1.07147
 1.06584 -11.7763  1.07191
 1.06627 -11.7673  1.07234
 1.06671 -11.7583  1.07234
 1.06714 -11.7493  1.07277
 1.06757 -11.7403  1.07321
 1.06801 -11.7313  1.07364
 1.06844 -11.7223  1.07407
 1.06887 -11.7133  1.07451
 1.06931 -11.7044  1.07494
 1.06974 -11.6954  1.07538
 1.07017 -11.6865  1.07538
 1.07061 -11.6776  1.07581
 1.07104 -11.6686  1.07624
 1.07147 -11.6597  1.07668
 1.07191 -11.6508  1.07711
 1.07234 -11.6419  1.07754
 1.07277  -11.633  1.07798
 1.07321 -11.6242  1.07841
 1.07364 -11.6153  1.07841
 1.07407 -11.6064  1.07884
 1.07451 -11.5976  1.07928
 1.07494 -11.5888  1.07971
 1.07538 -11.5799  1.08014
 1.07581 -11.5711  1.08058
 1.07624 -11.5623  1.08101
 1.07668 -11.5535  1.08101
 1.07711 -11.5447  1.08144
 1.07754 -11.5359  1.08188
 1.07798 -11.5271  1.08231
 1.07841 -11.5184  1.08274
 1.07884 -11.5096  1.08318
 1.07928 -11.5009  1.08361
 1.07971 -11.4921  1.08404
 1.08014 -11.4834  1.08404
 1.08058 -11.4747  1.08448
 1.08101  -11.466  1.08491
 1.08144 -11.4573  1.08535
 1.08188 -11.4486  1.08578
 1.08231 -11.4399  1.08621
 1.08274 -11.4312  1.08665
 1.08318 -11.4226  1.08708
 1.08361 -11.4139  1.08708
 1.08404 -11.4052  1.08751
 1.08448 -11.3966  1.08795
 1.08491  -11.388  1.08838
 1.08535 -11.3794  1.08881
 1.08578 -11.3707  1.08925
 1.08621 -11.3621  1.08968
 1.08665 -11.3535  1.09011
 1.08708  -11.345  1.09011
 1.08751 -11.3364  1.09055
 1.08795 -11.3278  1.09098
 1.08838 -11.3192  1.09141
 1.08881 -11.3107  1.09185
 1.08925 -11.3022  1.09228
 1.08968 -11.2936  1.09271
 1.09011 -11.2851  1.09271
 1.09055 -11.2766  1.09315
 1.09098 -11.2681  1.09358
 1.09141 -11.2596  1.09401
 1.09185 -11.2511  1.09445
 1.09228 -11.2426  1.09488
 1.09271 -11.2341  1.09532
 1.09315 -11.2257  1.09575
 1.09358 -11.2172  1.09575
 1.09401 -11.2088  1.09618
 1.09445 -11.2003  1.09662
 1.09488 -11.1919  1.09705
 1.09532 -11.1835  1.09748
 1.09575 -11.1751  1.09792
 1.09618 -11.1667  1.09835
 1.09662 -11.1583  1.09878
 1.09705 -11.1499  1.09878
 1.09748 -11.1415  1.09922
 1.09792 -11.1331  1.09965
 1.09835 -11.1248  1.10008
 1.09878 -11.1164  1.10052
 1.09922 -11.1081  1.10095
 1.09965 -11.0998  1.10138
 1.10008 -11.0914  1.10182
 1.10052 -11.0831  1.10182
 1.10095 -11.0748  1.10225
 1.10138 -11.0665  1.10268
 1.10182 -11.0582  1.10312
 1.10225 -11.0499  1.10355
 1.10268 -11.0417  1.10398
 1.10312 -11.0334  1.10442
 1.10355 -11.0251  1.10442
 1.10398 -11.0169  1.10485
 1.10442 -11.0086  1.10529
 1.10485 -11.0004  1.10572
 1.10529 -10.9922  1.10615
 1.10572  -10.984  1.10659
 1.10615 -10.9758  1.10702
 1.10659 -10.9676  1.10745
 1.10702 -10.9594  1.10745
 1.10745 -10.9512  1.10789
 1.10789  -10.943  1.10832
 1.10832 -10.9348  1.10875
 1.10875 -10.9267  1.10919
 1.10919 -10.9185  1.10962
 1.10962 -10.9104  1.11005
 1.11005 -10.9023  1.11049
 1.11049 -10.8941  1.11049
 1.11092  -10.886  1.11092
 1.11135 -10.8779  1.11135
 1.11179 -10.8698  1.11179
 1.11222 -10.8617  1.11222
 1.11265 -10.8536  1.11265
 1.11309 -10.8456  1.11309
 1.11352 -10.8375  1.11352
 1.11395 -10.8294  1.11352
 1.11439 -10.8214  1.11395
 1.11482 -10.8133  1.11439
 1.11526 -10.8053  1.11482
 1.11569 -10.7973  1.11526
 1.11612 -10.7893  1.11569
 1.11656 -10.7813  1.11612
 1.11699 -10.7733  1.11612
 1.11742 -10.7653  1.11656
 1.11786 -10.7573  1.11699
 1.11829 -10.7493  1.11742
 1.11872 -10.7413  1.11786
 1.11916 -10.7334  1.11829
 1.11959 -10.7254  1.11872
 1.12002 -10.7175  1.11916
 1.12046 -10.7095  1.11916
 1.12089 -10.7016  1.11959
 1.12132 -10.6937  1.12002
 1.12176 -10.6858  1.12046
 1.12219 -10.6779  1.12089
 1.12262   -10.67  1.12132
 1.12306 -10.6621  1.12176
 1.12349 -10.6542  1.12219
 1.12392 -10.6463  1.12219
 1.12436 -10.6384  1.12262
 1.12479 -10.6306  1.12306
 1.12523 -10.6227  1.12349
 1.12566 -10.6149  1.12392
 1.12609 -10.6071  1.12436
 1.12653 -10.5992  1.12479
 1.12696 -10.5914  1.12479
 1.12739 -10.5836  1.12523
 1.12783 -10.5758  1.12566
 1.12826  -10.568  1.12609
 1.12869 -10.5602  1.12653
 1.12913 -10.5524  1.12696
 1.12956 -10.5447  1.12739
 1.12999 -10.5369  1.12783
 1.13043 -10.5291  1.12783
 1.13086 -10.5214  1.12826
 1.13129 -10.5137  1.12869
 1.13173 -10.5059  1.12913
 1.13216 -10.4982  1.12956
 1.13259 -10.4905  1.12999
 1.13303 -10.4828  1.13043
 1.13346 -10.4751  1.13086
 1.13389 -10.4674  1.13086
 1.13433 -10.4597  1.13129
 1.13476  -10.452  1.13173
  1.1352 -10.4443  1.13216
 1.13563 -10.4367  1.13259
 1.13606  -10.429  1.13303
  1.1365 -10.4214  1.13346
 1.13693 -10.4137  1.13346
 1.13736 -10.4061  1.13389
  1.1378 -10.3985  1.13433
 1.13823 -10.3908  1.13476
 1.13866 -10.3832   1.1352
  1.1391 -10.3756  1.13563
 1.13953  -10.368  1.13606
 1.13996 -10.3604   1.1365
  1.1404 -10.3529   1.1365
 1.14083 -10.3453  1.13693
 1.14126 -10.3377  1.13736
  1.1417 -10.3302   1.1378
 1.14213 -10.3226  1.13823
 1.14256 -10.3151  1.13866
   1.143 -10.3075   1.1391
 1.14343    -10.3   1.1391
 1.14386 -10.2925  1.13953
  1.1443  -10.285  1.13996
 1.14473 -10.2775   1.1404
 1.14517   -10.27  1.14083
  1.1456 -10.2625  1.14126
 1.14603  -10.255   1.1417
 1.14647 -10.2475  1.14213
  1.1469 -10.2401  1.14213
 1.14733 -10.2326  1.14256
 1.14777 -10.2251    1.143
  1.1482 -10.2177  1.14343
 1.14863 -10.2103  1.14386
 1.14907 -10.2028   1.1443
  1.1495 -10.1954  1.14473
 1.14993  -10.188  1.14517
 1.15037 -10.1806  1.14517
  1.1508 -10.1732   1.1456
 1.15123 -10.1658  1.14603
 1.15167 -10.1584  1.14647
  1.1521  -10.151   1.1469
 1.15253 -10.1436  1.14733
 1.15297 -10.1363  1.14777
  1.1534 -10.1289  1.14777
 1.15383 -10.1216   1.1482
 1.15427 -10.1142  1.14863
  1.1547 -10.1069  1.14907
 1.15514 -10.0995   1.1495
 1.15557 -10.0922  1.14993
   1.156 -10.0849  1.15037
 1.15644 -10.0776   1.1508
 1.15687 -10.0703   1.1508
  1.1573  -10.063  1.15123
 1.15774 -10.0557  1.15167
 1.15817 -10.0484   1.1521
  1.1586 -10.0412  1.15253
 1.15904 -10.0339  1.15297
 1.15947 -10.0266   1.1534
  1.1599 -10.0194  1.15383
 1.16034 -10.0121  1.15383
 1.16077 -10.0049  1.15427
  1.1612 -9.99768   1.1547
 1.16164 -9.99046  1.15514
 1.16207 -9.98324  1.15557
  1.1625 -9.97603    1.156
 1.16294 -9.96883  1.15644
 1.16337 -9.96164  1.15644
  1.1638 -9.95445  1.15687
 1.16424 -9.94727   1.1573
 1.16467  -9.9401  1.15774
 1.16511 -9.93293  1.15817
 1.16554 -9.92577   1.1586
 1.16597 -9.91862  1.15904
 1.16641 -9.91148  1.15947
 1.16684 -9.90434  1.15947
 1.16727 -9.89721   1.1599
 1.16771 -9.89008  1.16034
 1.16814 -9.88297  1.16077
 1.16857 -9.87586   1.1612
 1.16901 -9.86875  1.16164
 1.16944 -9.86166  1.16207
 1.16987 -9.85457   1.1625
 1.17031 -9.84749   1.1625
 1.17074 -9.84041  1.16294
 1.17117 -9.83334  1.16337
 1.17161 -9.82628   1.1638
 1.17204 -9.81922  1.16424
 1.17247 -9.81218  1.16467
 1.17291 -9.80514  1.16511
 1.17334  -9.7981  1.16511
 1.17377 -9.79107  1.16554
 1.17421 -9.78405  1.16597
 1.17464 -9.77704  1.16641
 1.17508 -9.77003  1.16684
 1.17551 -9.76303  1.16727
 1.17594 -9.75604  1.16771
 1.17638 -9.74905  1.16814
 1.17681 -9.74207  1.16814
 1.17724  -9.7351  1.16857
 1.17768 -9.72813  1.16901
 1.17811 -9.72117  1.16944
 1.17854 -9.71422  1.16987
 1.17898 -9.70727  1.17031
 1.17941 -9.70034  1.17074
 1.17984 -9.69341  1.17074
 1.18028 -9.68648  1.17117
 1.18071 -9.67956  1.17161
 1.18114 -9.67264  1.17204
 1.18158 -9.66574  1.17247
 1.18201 -9.65884  1.17291
 1.18244 -9.65195  1.17334
 1.18288 -9.64506  1.17377
 1.18331 -9.63818  1.17377
 1.18374 -9.63131  1.17421
 1.18418 -9.62444  1.17464
 1.18461 -9.61759  1.17508
 1.18505 -9.61073  1.17551
 1.18548 -9.60389  1.17594
 1.18591 -9.59705  1.17638
 1.18635 -9.59022  1.17638
 1.18678 -9.58339  1.17681
 1.18721 -9.57657  1.17724
 1.18765 -9.56976  1.17768
 1.18808 -9.56295  1.17811
 1.18851 -9.55615  1.17854
 1.18895 -9.54936  1.17898
 1.18938 -9.54257  1.17941
 1.18981 -9.53579  1.17941
 1.19025 -9.52902  1.17984
 1.19068 -9.52225  1.18028
 1.19111 -9.51549  1.18071
 1.19155 -9.50874  1.18114
 1.19198 -9.50199  1.18158
 1.19241 -9.49525  1.18201
 1.19285 -9.48852  1.18244
 1.19328 -9.48179  1.18244
 1.19371 -9.47506  1.18288
 1.19415 -9.46835  1.18331
 1.19458 -9.46164  1.18374
 1.19502 -9.45494  1.18418
 1.19545 -9.44824  1.18461
 1.19588 -9.44155  1.18505
 1.19632 -9.43487  1.18505
 1.19675 -9.42819  1.18548
 1.19718 -9.42152  1.18591
 1.19762 -9.41486  1.18635
 1.19805  -9.4082  1.18678
 1.19848 -9.40155  1.18721
 1.19892 -9.39491  1.18765
 1.19935 -9.38827  1.18765
 1.19978 -9.38164  1.18808
 1.20022 -9.37501  1.18851
 1.20065 -9.36839  1.18895
 1.20108 -9.36178  1.18938
 1.20152 -9.35517  1.18981
 1.20195 -9.34857  1.19025
 1.20238 -9.34198  1.19068
 1.20282 -9.33539  1.19068
 1.20325 -9.32881  1.19111
 1.20368 -9.32223  1.19155
 1.20412 -9.31566  1.19198
 1.20455  -9.3091  1.19241
 1.20498 -9.30254  1.19285
 1.20542 -9.29599  1.19328
 1.20585 -9.28945  1.19371
 1.20629 -9.28291  1.19371
 1.20672 -9.27638  1.19415
 1.20715 -9.26985  1.19458
 1.20759 -9.26334  1.19502
 1.20802 -9.25682  1.19545
 1.20845 -9.25032  1.19588
 1.20889 -9.24382  1.19632
 1.20932 -9.23732  1.19632
 1.20975 -9.23083  1.19675
 1.21019 -9.22435  1.19718
 1.21062 -9.21788  1.19762
 1.21105 -9.21141  1.19805
 1.21149 -9.20494  1.19848
 1.21192 -9.19849  1.19892
 1.21235 -9.19204  1.19935
 1.21279 -9.18559  1.19935
 1.21322 -9.17915  1.19978
 1.21365 -9.17272  1.20022
 1.21409 -9.16629  1.20065
 1.21452 -9.15987  1.20108
 1.21495 -9.15346  1.20152
 1.21539 -9.14705  1.20195
 1.21582 -9.14065  1.20195
 1.21626 -9.13425  1.20238
 1.21669 -9.12786  1.20282
 1.21712 -9.12148  1.20325
 1.21756  -9.1151  1.20368
 1.21799 -9.10873  1.20412
 1.21842 -9.10236  1.20455
 1.21886   -9.096  1.20498
 1.21929 -9.08965  1.20498
 1.21972  -9.0833  1.20542
 1.22016 -9.07696  1.20585
 1.22059 -9.07062  1.20629
 1.22102 -9.06429  1.20672
 1.22146 -9.05797  1.20715
 1.22189 -9.05165  1.20759
 1.22232 -9.04534  1.20759
 1.22276 -9.03903  1.20802
 1.22319 -9.03273  1.20845
 1.22362 -9.02643  1.20889
 1.22406 -9.02015  1.20932
 1.22449 -9.01387  1.20975
 1.22492 -9.00759  1.21019
 1.22536 -9.00132  1.21062
 1.22579 -8.99505  1.21062
 1.22623 -8.98879  1.21105
 1.22666 -8.98254  1.21149
 1.22709 -8.97629  1.21192
 1.22753 -8.97005  1.21235
 1.22796 -8.96382  1.21279
 1.22839 -8.95759  1.21322
 1.22883 -8.95137  1.21322
 1.22926 -8.94515  1.21365
 1.22969 -8.93894  1.21409
 1.23013 -8.93273  1.21452
 1.23056 -8.92653  1.21495
 1.23099 -8.92033  1.21539
 1.23143 -8.91415  1.21582
 1.23186 -8.90797  1.21582
 1.23229 -8.90179  1.21626
 1.23273 -8.89562  1.21669
 1.23316 -8.88945  1.21712
 1.23359 -8.88329  1.21756
 1.23403 -8.87714  1.21799
 1.23446 -8.87099  1.21842
 1.23489 -8.86485  1.21886
 1.23533 -8.85871  1.21886
 1.23576 -8.85258  1.21929
  1.2362 -8.84646  1.21972
 1.23663 -8.84033  1.22016
 1.23706 -8.83422  1.22059
  1.2375 -8.82811  1.22102
 1.23793 -8.82201  1.22146
 1.23836 -8.81592  1.22189
  1.2388 -8.80983  1.22189
 1.23923 -8.80374  1.22232
 1.23966 -8.79766  1.22276
  1.2401 -8.79159  1.22319
 1.24053 -8.78552  1.22362
 1.24096 -8.77946  1.22406
  1.2414  -8.7734  1.22449
 1.24183 -8.76735  1.22449
 1.24226  -8.7613  1.22492
  1.2427 -8.75526  1.22536
 1.24313 -8.74923  1.22579
 1.24356  -8.7432  1.22623
   1.244 -8.73718  1.22666
 1.24443 -8.73116  1.22709
 1.24486 -8.72515  1.22753
  1.2453 -8.71914  1.22753
 1.24573 -8.71314  1.22796
 1.24617 -8.70715  1.22839
  1.2466 -8.70116  1.22883
 1.24703 -8.69517  1.22926
 1.24747  -8.6892  1.22969
  1.2479 -8.68323  1.23013
 1.24833 -8.67726  1.23013
 1.24877  -8.6713  1.23056
  1.2492 -8.66534  1.23099
 1.24963 -8.65939  1.23143
 1.25007 -8.65344  1.23186
  1.2505  -8.6475  1.23229
 1.25093 -8.64157  1.23273
 1.25137 -8.63564  1.23273
  1.2518 -8.62972  1.23316
 1.25223  -8.6238  1.23359
 1.25267 -8.61789  1.23403
  1.2531 -8.61198  1.23446
 1.25353 -8.60608  1.23489
 1.25397 -8.60019  1.23533
  1.2544  -8.5943  1.23576
 1.25483 -8.58841  1.23576
 1.25527 -8.58253   1.2362
  1.2557 -8.57666  1.23663
 1.25614 -8.57079  1.23706
 1.25657 -8.56493   1.2375
   1.257 -8.55907  1.23793
 1.25744 -8.55322  1.23836
 1.25787 -8.54737  1.23836
  1.2583 -8.54153   1.2388
 1.25874 -8.53569  1.23923
 1.25917 -8.52986  1.23966
  1.2596 -8.52404   1.2401
 1.26004 -8.51822  1.24053
 1.26047  -8.5124  1.24096
  1.2609  -8.5066   1.2414
 1.26134 -8.50079   1.2414
 1.26177 -8.49499  1.24183
  1.2622  -8.4892  1.24226
 1.26264 -8.48341   1.2427
 1.26307 -8.47763  1.24313
  1.2635 -8.47185  1.24356
 1.26394 -8.46608    1.244
 1.26437 -8.46032    1.244
  1.2648 -8.45455  1.24443
 1.26524  -8.4488  1.24486
 1.26567 -8.44305   1.2453
 1.26611  -8.4373  1.24573
 1.26654 -8.43156  1.24617
 1.26697 -8.42583   1.2466
 1.26741  -8.4201  1.24703
 1.26784 -8.41437  1.24703
 1.26827 -8.40865  1.24747
 1.26871 -8.40294   1.2479
 1.26914 -8.39723  1.24833
 1.26957 -8.39153  1.24877
 1.27001 -8.38583   1.2492
 1.27044 -8.38014  1.24963
 1.27087 -8.37445  1.24963
 1.27131 -8.36877  1.25007
 1.27174 -8.36309   1.2505
 1.27217 -8.35742  1.25093
 1.27261 -8.35175  1.25137
 1.27304 -8.34609   1.2518
 1.27347 -8.34044  1.25223
 1.27391 -8.33479  1.25223
 1.27434 -8.32914  1.25267
 1.27477  -8.3235   1.2531
 1.27521 -8.31786  1.25353
 1.27564 -8.31223  1.25397
 1.27608 -8.30661   1.2544
 1.27651 -8.30099  1.25483
 1.27694 -8.29537  1.25527
 1.27738 -8.28976  1.25527
 1.27781 -8.28416   1.2557
 1.27824 -8.27856  1.25614
 1.27868 -8.27296  1.25657
 1.27911 -8.26737    1.257
 1.27954 -8.26179  1.25744
 1.27998 -8.25621  1.25787
 1.28041 -8.25064  1.25787
 1.28084 -8.24507   1.2583
 1.28128  -8.2395  1.25874
 1.28171 -8.23394  1.25917
 1.28214 -8.22839   1.2596
 1.28258 -8.22284  1.26004
 1.28301  -8.2173  1.26047
 1.28344 -8.21176   1.2609
 1.28388 -8.20622   1.2609
 1.28431 -8.20069  1.26134
 1.28474 -8.19517  1.26177
 1.28518 -8.18965   1.2622
 1.28561 -8.18414  1.26264
 1.28605 -8.17863  1.26307
 1.28648 -8.17313   1.2635
 1.28691 -8.16763   1.2635
 1.28735 -8.16213  1.26394
 1.28778 -8.15664  1.26437
 1.28821 -8.15116   1.2648
 1.28865 -8.14568  1.26524
 1.28908 -8.14021  1.26567
 1.28951 -8.13474  1.26611
 1.28995 -8.12928  1.26611
 1.29038 -8.12382  1.26654
 1.29081 -8.11836  1.26697
 1.29125 -8.11291  1.26741
 1.29168 -8.10747  1.26784
 1.29211 -8.10203  1.26827
 1.29255  -8.0966  1.26871
 1.29298 -8.09117  1.26914
 1.29341 -8.08574  1.26914
 1.29385 -8.08032  1.26957
 1.29428 -8.07491  1.27001
 1.29471  -8.0695  1.27044
 1.29515 -8.06409  1.27087
 1.29558  -8.0587  1.27131
 1.29602  -8.0533  1.27174
 1.29645 -8.04791  1.27174
 1.29688 -8.04252  1.27217
 1.29732 -8.03714  1.27261
 1.29775 -8.03177  1.27304
 1.29818  -8.0264  1.27347
 1.29862 -8.02103  1.27391
 1.29905 -8.01567  1.27434
 1.29948 -8.01032  1.27434
 1.29992 -8.00496  1.27477
 1.30035 -7.99962  1.27521
 1.30078 -7.99427  1.27564
 1.30122 -7.98894  1.27608
 1.30165 -7.98361  1.27651
 1.30208 -7.97828  1.27694
 1.30252 -7.97296  1.27738
 1.30295 -7.96764  1.27738
 1.30338 -7.96232  1.27781
 1.30382 -7.95702  1.27824
 1.30425 -7.95171  1.27868
 1.30468 -7.94641  1.27911
 1.30512 -7.94112  1.27954
 1.30555 -7.93583  1.27998
 1.30599 -7.93055  1.27998
 1.30642 -7.92527  1.28041
 1.30685 -7.91999  1.28084
 1.30729 -7.91472  1.28128
 1.30772 -7.90946  1.28171
 1.30815  -7.9042  1.28214
 1.30859 -7.89894  1.28258
 1.30902 -7.89369  1.28301
 1.30945 -7.88844  1.28301
 1.30989  -7.8832  1.28344
 1.31032 -7.87796  1.28388
 1.31075 -7.87273  1.28431
 1.31119  -7.8675  1.28474
 1.31162 -7.86228  1.28518
 1.31205 -7.85706  1.28561
 1.31249 -7.85185  1.28561
 1.31292 -7.84664  1.28605
 1.31335 -7.84143  1.28648
 1.31379 -7.83623  1.28691
 1.31422 -7.83104  1.28735
 1.31465 -7.82585  1.28778
 1.31509 -7.82066  1.28821
 1.31552 -7.81548  1.28821
 1.31596  -7.8103  1.28865
 1.31639 -7.80513  1.28908
 1.31682 -7.79996  1.28951
 1.31726  -7.7948  1.28995
 1.31769 -7.78964  1.29038
 1.31812 -7.78449  1.29081
 1.31856 -7.77934  1.29125
 1.31899  -7.7742  1.29125
 1.31942 -7.76906  1.29168
 1.31986 -7.76392  1.29211
 1.32029 -7.75879  1.29255
 1.32072 -7.75366  1.29298
 1.32116 -7.74854  1.29341
 1.32159 -7.74343  1.29385
 1.32202 -7.73831  1.29385
 1.32246 -7.73321  1.29428
 1.32289  -7.7281  1.29471
 1.32332   -7.723  1.29515
 1.32376 -7.71791  1.29558
 1.32419 -7.71282  1.29602
 1.32462 -7.70773  1.29645
 1.32506 -7.70265  1.29645
 1.32549 -7.69758  1.29688
 1.32593 -7.69251  1.29732
 1.32636 -7.68744  1.29775
 1.32679 -7.68237  1.29818
 1.32723 -7.67732  1.29862
 1.32766 -7.67226  1.29905
 1.32809 -7.66722  1.29948
 1.32853 -7.66217  1.29948
 1.32896 -7.65713  1.29992
 1.32939 -7.65209  1.30035
 1.32983 -7.64706  1.30078
 1.33026 -7.64203  1.30122
 1.33069 -7.63701  1.30165
 1.33113   -7.632  1.30208
 1.33156 -7.62698  1.30208
 1.33199 -7.62197  1.30252
 1.33243 -7.61697  1.30295
 1.33286 -7.61197  1.30338
 1.33329 -7.60697  1.30382
 1.33373 -7.60198  1.30425
 1.33416 -7.59699  1.30468
 1.33459 -7.59201  1.30468
 1.33503 -7.58703  1.30512
 1.33546 -7.58206  1.30555
  1.3359 -7.57709  1.30599
 1.33633 -7.57212  1.30642
 1.33676 -7.56716  1.30685
  1.3372 -7.56221  1.30729
 1.33763 -7.55726  1.30772
 1.33806 -7.55231  1.30772
  1.3385 -7.54736  1.30815
 1.33893 -7.54242  1.30859
 1.33936 -7.53749  1.30902
  1.3398 -7.53256  1.30945
 1.34023 -7.52763  1.30989
 1.34066 -7.52271  1.31032
  1.3411  -7.5178  1.31032
 1.34153 -7.51288  1.31075
 1.34196 -7.50797  1.31119
  1.3424 -7.50307  1.31162
 1.34283 -7.49817  1.31205
 1.34326 -7.49327  1.31249
  1.3437 -7.48838  1.31292
 1.34413  -7.4835  1.31292
 1.34456 -7.47861  1.31335
   1.345 -7.47373  1.31379
 1.34543 -7.46886  1.31422
 1.34587 -7.46399  1.31465
  1.3463 -7.45913  1.31509
 1.34673 -7.45426  1.31552
 1.34717 -7.44941  1.31596
  1.3476 -7.44455  1.31596
 1.34803 -7.43971  1.31639
 1.34847 -7.43486  1.31682
  1.3489 -7.43002  1.31726
 1.34933 -7.42519  1.31769
 1.34977 -7.42035  1.31812
  1.3502 -7.41553  1.31856
 1.35063  -7.4107  1.31856
 1.35107 -7.40588  1.31899
  1.3515 -7.40107  1.31942
 1.35193 -7.39626  1.31986
 1.35237 -7.39145  1.32029
  1.3528 -7.38665  1.32072
 1.35323 -7.38185  1.32116
 1.35367 -7.37706  1.32116
  1.3541 -7.37227  1.32159
 1.35453 -7.36748  1.32202
 1.35497  -7.3627  1.32246
  1.3554 -7.35793  1.32289
 1.35584 -7.35315  1.32332
 1.35627 -7.34839  1.32376
  1.3567 -7.34362  1.32419
 1.35714 -7.33886  1.32419
 1.35757  -7.3341  1.32462
   1.358 -7.32935  1.32506
 1.35844 -7.32461  1.32549
 1.35887 -7.31986  1.32593
  1.3593 -7.31512  1.32636
 1.35974 -7.31039  1.32679
 1.36017 -7.30566  1.32679
  1.3606 -7.30093  1.32723
 1.36104 -7.29621  1.32766
 1.36147 -7.29149  1.32809
  1.3619 -7.28677  1.32853
 1.36234 -7.28206  1.32896
 1.36277 -7.27735  1.32939
  1.3632 -7.27265  1.32939
 1.36364 -7.26795  1.32983
 1.36407 -7.26326  1.33026
  1.3645 -7.25857  1.33069
 1.36494 -7.25388  1.33113
 1.36537  -7.2492  1.33156
 1.36581 -7.24452  1.33199
 1.36624 -7.23985  1.33199
 1.36667 -7.23518  1.33243
 1.36711 -7.23051  1.33286
 1.36754 -7.22585  1.33329
 1.36797 -7.22119  1.33373
 1.36841 -7.21654  1.33416
 1.36884 -7.21189  1.33459
 1.36927 -7.20724  1.33503
 1.36971  -7.2026  1.33503
 1.37014 -7.19796  1.33546
 1.37057 -7.19333   1.3359
 1.37101  -7.1887  1.33633
 1.37144 -7.18407  1.33676
 1.37187 -7.17945   1.3372
 1.37231 -7.17484  1.33763
 1.37274 -7.17022  1.33763
 1.37317 -7.16561  1.33806
 1.37361 -7.16101   1.3385
 1.37404  -7.1564  1.33893
 1.37447 -7.15181  1.33936
 1.37491 -7.14721   1.3398
 1.37534 -7.14262  1.34023
 1.37578 -7.13804  1.34023
 1.37621 -7.13346  1.34066
 1.37664 -7.12888   1.3411
 1.37708  -7.1243  1.34153
 1.37751 -7.11973  1.34196
 1.37794 -7.11517   1.3424
 1.37838 -7.11061  1.34283
 1.37881 -7.10605  1.34283
 1.37924 -7.10149  1.34326
 1.37968 -7.09694   1.3437
 1.38011 -7.09239  1.34413
 1.38054 -7.08785  1.34456
 1.38098 -7.08331    1.345
 1.38141 -7.07878  1.34543
 1.38184 -7.07425  1.34587
 1.38228 -7.06972  1.34587
 1.38271  -7.0652   1.3463
 1.38314 -7.06068  1.34673
 1.38358 -7.05616  1.34717
 1.38401 -7.05165   1.3476
 1.38444 -7.04715  1.34803
 1.38488 -7.04264  1.34847
 1.38531 -7.03814  1.34847
 1.38575 -7.03365   1.3489
 1.38618 -7.02915  1.34933
 1.38661 -7.02467  1.34977
 1.38705 -7.02018   1.3502
 1.38748  -7.0157  1.35063
 1.38791 -7.01123  1.35107
 1.38835 -7.00675  1.35107
 1.38878 -7.00228   1.3515
 1.38921 -6.99782  1.35193
 1.38965 -6.99336  1.35237
 1.39008  -6.9889   1.3528
 1.39051 -6.98444  1.35323
 1.39095    -6.98  1.35367
 1.39138 -6.97555  1.35367
 1.39181 -6.97111   1.3541
 1.39225 -6.96667  1.35453
 1.39268 -6.96223  1.35497
 1.39311  -6.9578   1.3554
 1.39355 -6.95338  1.35584
 1.39398 -6.94895  1.35627
 1.39441 -6.94453   1.3567
 1.39485 -6.94012   1.3567
 1.39528 -6.93571  1.35714
 1.39572  -6.9313  1.35757
 1.39615 -6.92689    1.358
 1.39658 -6.92249  1.35844
 1.39702  -6.9181  1.35887
 1.39745  -6.9137   1.3593
 1.39788 -6.90931   1.3593
 1.39832 -6.90493  1.35974
 1.39875 -6.90054  1.36017
 1.39918 -6.89617   1.3606
 1.39962 -6.89179  1.36104
 1.40005 -6.88742  1.36147
 1.40048 -6.88306   1.3619
 1.40092 -6.87869   1.3619
 1.40135 -6.87433  1.36234
 1.40178 -6.86998  1.36277
 1.40222 -6.86562   1.3632
 1.40265 -6.86127  1.36364
 1.40308 -6.85693  1.36407
 1.40352 -6.85259   1.3645
 1.40395 -6.84825   1.3645
 1.40438 -6.84392  1.36494
 1.40482 -6.83959  1.36537
 1.40525 -6.83526  1.36581
 1.40569 -6.83094  1.36624
 1.40612 -6.82662  1.36667
 1.40655 -6.82231  1.36711
 1.40699   -6.818  1.36711
 1.40742 -6.81369  1.36754
 1.40785 -6.80938  1.36797
 1.40829 -6.80508  1.36841
 1.40872 -6.80078  1.36884
 1.40915 -6.79649  1.36927
 1.40959  -6.7922  1.36971
 1.41002 -6.78792  1.37014
 1.41045 -6.78363  1.37014
 1.41089 -6.77935  1.37057
 1.41132 -6.77508  1.37101
 1.41175 -6.77081  1.37144
 1.41219 -6.76654  1.37187
 1.41262 -6.76227  1.37231
 1.41305 -6.75801  1.37274
 1.41349 -6.75376  1.37274
 1.41392  -6.7495  1.37317
 1.41435 -6.74525  1.37361
 1.41479 -6.74101  1.37404
 1.41522 -6.73676  1.37447
 1.41566 -6.73252  1.37491
 1.41609 -6.72829  1.37534
 1.41652 -6.72406  1.37534
 1.41696 -6.71983  1.37578
 1.41739  -6.7156  1.37621
 1.41782 -6.71138  1.37664
 1.41826 -6.70716  1.37708
 1.41869 -6.70295  1.37751
 1.41912 -6.69874  1.37794
 1.41956 -6.69453  1.37794
 1.41999 -6.69033  1.37838
 1.42042 -6.68613  1.37881
 1.42086 -6.68193  1.37924
 1.42129 -6.67774  1.37968
 1.42172 -6.67355  1.38011
 1.42216 -6.66936  1.38054
 1.42259 -6.66518  1.38098
 1.42302   -6.661  1.38098
 1.42346 -6.65683  1.38141
 1.42389 -6.65265  1.38184
 1.42432 -6.64849  1.38228
 1.42476 -6.64432  1.38271
 1.42519 -6.64016  1.38314
 1.42563   -6.636  1.38358
 1.42606 -6.63185  1.38358
 1.42649  -6.6277  1.38401
 1.42693 -6.62355  1.38444
 1.42736 -6.61941  1.38488
 1.42779 -6.61527  1.38531
 1.42823 -6.61113  1.38575
 1.42866   -6.607  1.38618
 1.42909 -6.60287  1.38618
 1.42953 -6.59874  1.38661
 1.42996 -6.59462  1.38705
 1.43039  -6.5905  1.38748
 1.43083 -6.58638  1.38791
 1.43126 -6.58227  1.38835
 1.43169 -6.57816  1.38878
 1.43213 -6.57405  1.38878
 1.43256 -6.56995  1.38921
 1.43299 -6.56585  1.38965
 1.43343 -6.56175  1.39008
 1.43386 -6.55766  1.39051
 1.43429 -6.55357  1.39095
 1.43473 -6.54949  1.39138
 1.43516 -6.54541  1.39138
  1.4356 -6.54133  1.39181
 1.43603 -6.53725  1.39225
 1.43646 -6.53318  1.39268
  1.4369 -6.52911  1.39311
 1.43733 -6.52505  1.39355
 1.43776 -6.52099  1.39398
  1.4382 -6.51693  1.39441
 1.43863 -6.51288  1.39441
 1.43906 -6.50882  1.39485
  1.4395 -6.50478  1.39528
 1.43993 -6.50073  1.39572
 1.44036 -6.49669  1.39615
  1.4408 -6.49265  1.39658
 1.44123 -6.48862  1.39702
 1.44166 -6.48459  1.39702
  1.4421 -6.48056  1.39745
 1.44253 -6.47654  1.39788
 1.44296 -6.47251  1.39832
  1.4434  -6.4685  1.39875
 1.44383 -6.46448  1.39918
 1.44426 -6.46047  1.39962
  1.4447 -6.45647  1.39962
 1.44513 -6.45246  1.40005
 1.44557 -6.44846  1.40048
   1.446 -6.44446  1.40092
 1.44643 -6.44047  1.40135
 1.44687 -6.43648  1.40178
  1.4473 -6.43249  1.40222
 1.44773 -6.42851  1.40222
 1.44817 -6.42452  1.40265
  1.4486 -6.42055  1.40308
 1.44903 -6.41657  1.40352
 1.44947  -6.4126  1.40395
  1.4499 -6.40863  1.40438
 1.45033 -6.40467  1.40482
 1.45077 -6.40071  1.40482
  1.4512 -6.39675  1.40525
 1.45163 -6.39279  1.40569
 1.45207 -6.38884  1.40612
  1.4525 -6.38489  1.40655
 1.45293 -6.38095  1.40699
 1.45337 -6.37701  1.40742
  1.4538 -6.37307  1.40785
 1.45423 -6.36914  1.40785
 1.45467  -6.3652  1.40829
  1.4551 -6.36127  1.40872
 1.45554 -6.35735  1.40915
 1.45597 -6.35343  1.40959
  1.4564 -6.34951  1.41002
 1.45684 -6.34559  1.41045
 1.45727 -6.34168  1.41045
  1.4577 -6.33777  1.41089
 1.45814 -6.33387  1.41132
 1.45857 -6.32996  1.41175
   1.459 -6.32606  1.41219
 1.45944 -6.32217  1.41262
 1.45987 -6.31828  1.41305
  1.4603 -6.31439  1.41305
 1.46074  -6.3105  1.41349
 1.46117 -6.30662  1.41392
  1.4616 -6.30274  1.41435
 1.46204 -6.29886  1.41479
 1.46247 -6.29499  1.41522
  1.4629 -6.29112  1.41566
 1.46334 -6.28725  1.41566
 1.46377 -6.28338  1.41609
  1.4642 -6.27952  1.41652
 1.46464 -6.27566  1.41696
 1.46507 -6.27181  1.41739
 1.46551 -6.26796  1.41782
 1.46594 -6.26411  1.41826
 1.46637 -6.26027  1.41826
 1.46681 -6.25642  1.41869
 1.46724 -6.25258  1.41912
 1.46767 -6.24875  1.41956
 1.46811 -6.24492  1.41999
 1.46854 -6.24109  1.42042
 1.46897 -6.23726  1.42086
 1.46941 -6.23344  1.42086
 1.46984 -6.22962  1.42129
 1.47027  -6.2258  1.42172
 1.47071 -6.22199  1.42216
 1.47114 -6.21818  1.42259
 1.47157 -6.21437  1.42302
 1.47201 -6.21056  1.42346
 1.47244 -6.20676  1.42346
 1.47287 -6.20297  1.42389
 1.47331 -6.19917  1.42432
 1.47374 -6.19538  1.42476
 1.47417 -6.19159  1.42519
 1.47461  -6.1878  1.42563
 1.47504 -6.18402  1.42606
 1.47548 -6.18024  1.42649
 1.47591 -6.17647  1.42649
 1.47634 -6.17269  1.42693
 1.47678 -6.16892  1.42736
 1.47721 -6.16516  1.42779
 1.47764 -6.16139  1.42823
 1.47808 -6.15763  1.42866
 1.47851 -6.15387  1.42909
 1.47894 -6.15012  1.42909
 1.47938 -6.14637  1.42953
 1.47981 -6.14262  1.42996
 1.48024 -6.13887  1.43039
 1.48068 -6.13513  1.43083
 1.48111 -6.13139  1.43126
 1.48154 -6.12766  1.43169
 1.48198 -6.12392  1.43169
 1.48241 -6.12019  1.43213
 1.48284 -6.11646  1.43256
 1.48328 -6.11274  1.43299
 1.48371 -6.10902  1.43343
 1.48414  -6.1053  1.43386
 1.48458 -6.10159  1.43429
 1.48501 -6.09787  1.43429
 1.48545 -6.09416  1.43473
 1.48588 -6.09046  1.43516
 1.48631 -6.08675   1.4356
 1.48675 -6.08305  1.43603
 1.48718 -6.07936  1.43646
 1.48761 -6.07567   1.4369
 1.48805 -6.07197   1.4369
 1.48848 -6.06829  1.43733
 1.48891  -6.0646  1.43776
 1.48935 -6.06092   1.4382
 1.48978 -6.05724  1.43863
 1.49021 -6.05356  1.43906
 1.49065 -6.04989   1.4395
 1.49108 -6.04622  1.43993
 1.49151 -6.04255  1.43993
 1.49195 -6.03889  1.44036
 1.49238 -6.03523   1.4408
 1.49281 -6.03157  1.44123
 1.49325 -6.02792  1.44166
 1.49368 -6.02426   1.4421
 1.49411 -6.02061  1.44253
 1.49455 -6.01697  1.44253
 1.49498 -6.01332  1.44296
 1.49542 -6.00968   1.4434
 1.49585 -6.00605  1.44383
 1.49628 -6.00241  1.44426
 1.49672 -5.99878   1.4447
 1.49715 -5.99515  1.44513
 1.49758 -5.99153  1.44513
 1.49802  -5.9879  1.44557
 1.49845 -5.98428    1.446
 1.49888 -5.98067  1.44643
 1.49932 -5.97705  1.44687
 1.49975 -5.97344   1.4473
 1.50018 -5.96983  1.44773
 1.50062 -5.96623  1.44773
 1.50105 -5.96263  1.44817
 1.50148 -5.95903   1.4486
 1.50192 -5.95543  1.44903
 1.50235 -5.95184  1.44947
 1.50278 -5.94825   1.4499
 1.50322 -5.94466  1.45033
 1.50365 -5.94107  1.45033
 1.50408 -5.93749  1.45077
 1.50452 -5.93391   1.4512
 1.50495 -5.93034  1.45163
 1.50539 -5.92676  1.45207
 1.50582 -5.92319   1.4525
 1.50625 -5.91963  1.45293
 1.50669 -5.91606  1.45293
 1.50712  -5.9125  1.45337
 1.50755 -5.90894   1.4538
 1.50799 -5.90538  1.45423
 1.50842 -5.90183  1.45467
 1.50885 -5.89828   1.4551
 1.50929 -5.89474  1.45554
 1.50972 -5.89119  1.45554
 1.51015 -5.88765  1.45597
 1.51059 -5.88411   1.4564
 1.51102 -5.88057  1.45684
 1.51145 -5.87704  1.45727
 1.51189 -5.87351   1.4577
 1.51232 -5.86998  1.45814
 1.51275 -5.86646  1.45814
 1.51319 -5.86294  1.45857
 1.51362 -5.85942    1.459
 1.51405  -5.8559  1.45944
 1.51449 -5.85239  1.45987
 1.51492 -5.84888   1.4603
 1.51536 -5.84537  1.46074
 1.51579 -5.84187  1.46074
 1.51622 -5.83836  1.46117
 1.51666 -5.83486   1.4616
 1.51709 -5.83137  1.46204
 1.51752 -5.82787  1.46247
 1.51796 -5.82438   1.4629
 1.51839 -5.82089  1.46334
 1.51882 -5.81741  1.46334
 1.51926 -5.81393  1.46377
 1.51969 -5.81045   1.4642
 1.52012 -5.80697  1.46464
 1.52056 -5.80349  1.46507
 1.52099 -5.80002  1.46551
 1.52142 -5.79656  1.46594
 1.52186 -5.79309  1.46594
 1.52229 -5.78963  1.46637
 1.52272 -5.78617  1.46681
 1.52316 -5.78271  1.46724
 1.52359 -5.77925  1.46767
 1.52402  -5.7758  1.46811
 1.52446 -5.77235  1.46854
 1.52489 -5.76891  1.46897
 1.52533 -5.76546  1.46897
 1.52576 -5.76202  1.46941
 1.52619 -5.75858  1.46984
 1.52663 -5.75515  1.47027
 1.52706 -5.75172  1.47071
 1.52749 -5.74829  1.47114
 1.52793 -5.74486  1.47157
 1.52836 -5.74143  1.47157
 1.52879 -5.73801  1.47201
 1.52923 -5.73459  1.47244
 1.52966 -5.73118  1.47287
 1.53009 -5.72776  1.47331
 1.53053 -5.72435  1.47374
 1.53096 -5.72094  1.47417
 1.53139 -5.71754  1.47417
 1.53183 -5.71414  1.47461
 1.53226 -5.71074  1.47504
 1.53269 -5.70734  1.47548
 1.53313 -5.70394  1.47591
 1.53356 -5.70055  1.47634
 1.53399 -5.69716  1.47678
 1.53443 -5.69378  1.47678
 1.53486 -5.69039  1.47721
  1.5353 -5.68701  1.47764
 1.53573 -5.68363  1.47808
 1.53616 -5.68026  1.47851
  1.5366 -5.67688  1.47894
 1.53703 -5.67351  1.47938
 1.53746 -5.67015  1.47938
  1.5379 -5.66678  1.47981
 1.53833 -5.66342  1.48024
 1.53876 -5.66006  1.48068
  1.5392  -5.6567  1.48111
 1.53963 -5.65335  1.48154
 1.54006    -5.65  1.48198
  1.5405 -5.64665  1.48198
 1.54093  -5.6433  1.48241
 1.54136 -5.63995  1.48284
  1.5418 -5.63661  1.48328
 1.54223 -5.63327  1.48371
 1.54266 -5.62994  1.48414
  1.5431 -5.62661  1.48458
 1.54353 -5.62328  1.48458
 1.54396 -5.61995  1.48501
  1.5444 -5.61662  1.48545
 1.54483  -5.6133  1.48588
 1.54527 -5.60998  1.48631
  1.5457 -5.60666  1.48675
 1.54613 -5.60335  1.48718
 1.54657 -5.60004  1.48718
   1.547 -5.59673  1.48761
 1.54743 -5.59342  1.48805
 1.54787 -5.59011  1.48848
  1.5483 -5.58681  1.48891
 1.54873 -5.58351  1.48935
 1.54917 -5.58022  1.48978
  1.5496 -5.57692  1.48978
 1.55003 -5.57363  1.49021
 1.55047 -5.57034  1.49065
  1.5509 -5.56706  1.49108
 1.55133 -5.56377  1.49151
 1.55177 -5.56049  1.49195
  1.5522 -5.55721  1.49238
 1.55263 -5.55394  1.49238
 1.55307 -5.55066  1.49281
  1.5535 -5.54739  1.49325
 1.55393 -5.54413  1.49368
 1.55437 -5.54086  1.49411
  1.5548  -5.5376  1.49455
 1.55524 -5.53434  1.49498
 1.55567 -5.53108  1.49542
  1.5561 -5.52782  1.49542
 1.55654 -5.52457  1.49585
 1.55697 -5.52132  1.49628
  1.5574 -5.51807  1.49672
 1.55784 -5.51483  1.49715
 1.55827 -5.51159  1.49758
  1.5587 -5.50835  1.49802
 1.55914 -5.50511  1.49802
 1.55957 -5.50187  1.49845
    1.56 -5.49864  1.49888
 1.56044 -5.49541  1.49932
 1.56087 -5.49218  1.49975
  1.5613 -5.48896  1.50018
 1.56174 -5.48574  1.50062
 1.56217 -5.48252  1.50062
  1.5626  -5.4793  1.50105
 1.56304 -5.47609  1.50148
 1.56347 -5.47287  1.50192
  1.5639 -5.46966  1.50235
 1.56434 -5.46646  1.50278
 1.56477 -5.46325  1.50322
 1.56521 -5.46005  1.50322
 1.56564 -5.45685  1.50365
 1.56607 -5.45365  1.50408
 1.56651 -5.45046  1.50452
 1.56694 -5.44727  1.50495
 1.56737 -5.44408  1.50539
 1.56781 -5.44089  1.50582
 1.56824 -5.43771  1.50582
 1.56867 -5.43452  1.50625
 1.56911 -5.43135  1.50669
 1.56954 -5.42817  1.50712
 1.56997 -5.42499  1.50755
 1.57041 -5.42182  1.50799
 1.57084 -5.41865  1.50842
 1.57127 -5.41549  1.50842
 1.57171 -5.41232  1.50885
 1.57214 -5.40916  1.50929
 1.57257   -5.406  1.50972
 1.57301 -5.40284  1.51015
 1.57344 -5.39969  1.51059
 1.57387 -5.39653  1.51102
 1.57431 -5.39338  1.51102
 1.57474 -5.39024  1.51145
 1.57518 -5.38709  1.51189
 1.57561 -5.38395  1.51232
 1.57604 -5.38081  1.51275
 1.57648 -5.37767  1.51319
 1.57691 -5.37454  1.51362
 1.57734  -5.3714  1.51362
 1.57778 -5.36827  1.51405
 1.57821 -5.36514  1.51449
 1.57864 -5.36202  1.51492
 1.57908  -5.3589  1.51536
 1.57951 -5.35578  1.51579
 1.57994 -5.35266  1.51622
 1.58038 -5.34954  1.51622
 1.58081 -5.34643  1.51666
 1.58124 -5.34332  1.51709
 1.58168 -5.34021  1.51752
 1.58211  -5.3371  1.51796
 1.58254   -5.334  1.51839
 1.58298  -5.3309  1.51882
 1.58341  -5.3278  1.51882
 1.58384  -5.3247  1.51926
 1.58428 -5.32161  1.51969
 1.58471 -5.31852  1.52012
 1.58515 -5.31543  1.52056
 1.58558 -5.31234  1.52099
 1.58601 -5.30926  1.52142
 1.58645 -5.30618  1.52142
 1.58688  -5.3031  1.52186
 1.58731 -5.30002  1.52229
 1.58775 -5.29694  1.52272
 1.58818 -5.29387  1.52316
 1.58861  -5.2908  1.52359
 1.58905 -5.28773  1.52402
 1.58948 -5.28467  1.52402
 1.58991  -5.2816  1.52446
 1.59035 -5.27854  1.52489
 1.59078 -5.27548  1.52533
 1.59121 -5.27243  1.52576
 1.59165 -5.26938  1.52619
 1.59208 -5.26633  1.52663
 1.59251 -5.26328  1.52663
 1.59295 -5.26023  1.52706
 1.59338 -5.25718  1.52749
 1.59381 -5.25414  1.52793
 1.59425  -5.2511  1.52836
 1.59468 -5.24807  1.52879
 1.59512 -5.24503  1.52923
 1.59555   -5.242  1.52923
 1.59598 -5.23897  1.52966
 1.59642 -5.23594  1.53009
 1.59685 -5.23292  1.53053
 1.59728 -5.22989  1.53096
 1.59772 -5.22687  1.53139
 1.59815 -5.22385  1.53183
 1.59858 -5.22084  1.53183
 1.59902 -5.21782  1.53226
 1.59945 -5.21481  1.53269
 1.59988  -5.2118  1.53313
 1.60032  -5.2088  1.53356
 1.60075 -5.20579  1.53399
 1.60118 -5.20279  1.53443
 1.60162 -5.19979  1.53443
 1.60205 -5.19679  1.53486
 1.60248  -5.1938   1.5353
 1.60292  -5.1908  1.53573
 1.60335 -5.18781  1.53616
 1.60378 -5.18483   1.5366
 1.60422 -5.18184  1.53703
 1.60465 -5.17886  1.53703
 1.60509 -5.17587  1.53746
 1.60552  -5.1729   1.5379
 1.60595 -5.16992  1.53833
 1.60639 -5.16694  1.53876
 1.60682 -5.16397   1.5392
 1.60725   -5.161  1.53963
 1.60769 -5.15803  1.53963
 1.60812 -5.15507  1.54006
 1.60855 -5.15211   1.5405
 1.60899 -5.14914  1.54093
 1.60942 -5.14619  1.54136
 1.60985 -5.14323   1.5418
 1.61029 -5.14028  1.54223
 1.61072 -5.13732  1.54223
 1.61115 -5.13437  1.54266
 1.61159 -5.13143   1.5431
 1.61202 -5.12848  1.54353
 1.61245 -5.12554  1.54396
 1.61289  -5.1226   1.5444
 1.61332 -5.11966  1.54483
 1.61375 -5.11672  1.54483
 1.61419 -5.11379  1.54527
 1.61462 -5.11086   1.5457
 1.61506 -5.10793  1.54613
 1.61549   -5.105  1.54657
 1.61592 -5.10208    1.547
 1.61636 -5.09915  1.54743
 1.61679 -5.09623  1.54743
 1.61722 -5.09332  1.54787
 1.61766  -5.0904   1.5483
 1.61809 -5.08749  1.54873
 1.61852 -5.08457  1.54917
 1.61896 -5.08167   1.5496
 1.61939 -5.07876  1.55003
 1.61982 -5.07585  1.55003
 1.62026 -5.07295  1.55047
 1.62069 -5.07005   1.5509
 1.62112 -5.06715  1.55133
 1.62156 -5.06426  1.55177
 1.62199 -5.06136   1.5522
 1.62242 -5.05847  1.55263
 1.62286 -5.05558  1.55263
 1.62329 -5.05269  1.55307
 1.62372 -5.04981   1.5535
 1.62416 -5.04693  1.55393
 1.62459 -5.04405  1.55437
 1.62503 -5.04117   1.5548
 1.62546 -5.03829  1.55524
 1.62589 -5.03542  1.55524
 1.62633 -5.03255  1.55567
 1.62676 -5.02968   1.5561
 1.62719 -5.02681  1.55654
 1.62763 -5.02394  1.55697
 1.62806 -5.02108   1.5574
 1.62849 -5.01822  1.55784
 1.62893 -5.01536  1.55784
 1.62936  -5.0125  1.55827
 1.62979 -5.00965   1.5587
 1.63023  -5.0068  1.55914
 1.63066 -5.00395  1.55957
 1.63109  -5.0011     1.56
 1.63153 -4.99825  1.56044
 1.63196 -4.99541  1.56044
 1.63239 -4.99257  1.56087
 1.63283 -4.98973   1.5613
 1.63326 -4.98689  1.56174
 1.63369 -4.98406  1.56217
 1.63413 -4.98122   1.5626
 1.63456 -4.97839  1.56304
 1.63499 -4.97557  1.56304
 1.63543 -4.97274  1.56347
 1.63586 -4.96991   1.5639
  1.6363 -4.96709  1.56434
 1.63673 -4.96427  1.56477
 1.63716 -4.96145  1.56521
  1.6376 -4.95864  1.56564
 1.63803 -4.95583  1.56564
 1.63846 -4.95301  1.56607
  1.6389  -4.9502  1.56651
 1.63933  -4.9474  1.56694
 1.63976 -4.94459  1.56737
  1.6402 -4.94179  1.56781
 1.64063 -4.93899  1.56824
 1.64106 -4.93619  1.56824
  1.6415 -4.93339  1.56867
 1.64193  -4.9306  1.56911
 1.64236 -4.92781  1.56954
  1.6428 -4.92501  1.56997
 1.64323 -4.92223  1.57041
 1.64366 -4.91944  1.57084
  1.6441 -4.91666  1.57084
 1.64453 -4.91388  1.57127
 1.64496  -4.9111  1.57171
  1.6454 -4.90832  1.57214
 1.64583 -4.90554  1.57257
 1.64627 -4.90277  1.57301
  1.6467     -4.9  1.57344
 1.64713 -4.89723  1.57344
 1.64757 -4.89446  1.57387
   1.648  -4.8917  1.57431
 1.64843 -4.88893  1.57474
 1.64887 -4.88617  1.57518
  1.6493 -4.88341  1.57561
 1.64973 -4.88066  1.57604
 1.65017  -4.8779  1.57604
  1.6506 -4.87515  1.57648
 1.65103  -4.8724  1.57691
 1.65147 -4.86965  1.57734
  1.6519  -4.8669  1.57778
 1.65233 -4.86416  1.57821
 1.65277 -4.86142  1.57864
  1.6532 -4.85868  1.57864
 1.65363 -4.85594  1.57908
 1.65407  -4.8532  1.57951
  1.6545 -4.85047  1.57994
 1.65493 -4.84773  1.58038
 1.65537   -4.845  1.58081
  1.6558 -4.84228  1.58124
 1.65624 -4.83955  1.58124
 1.65667 -4.83683  1.58168
  1.6571  -4.8341  1.58211
 1.65754 -4.83138  1.58254
 1.65797 -4.82867  1.58298
  1.6584 -4.82595  1.58341
 1.65884 -4.82324  1.58384
 1.65927 -4.82053  1.58384
  1.6597 -4.81782  1.58428
 1.66014 -4.81511  1.58471
 1.66057  -4.8124  1.58515
   1.661  -4.8097  1.58558
 1.66144   -4.807  1.58601
 1.66187  -4.8043  1.58645
  1.6623  -4.8016  1.58645
 1.66274 -4.79891  1.58688
 1.66317 -4.79621  1.58731
  1.6636 -4.79352  1.58775
 1.66404 -4.79083  1.58818
 1.66447 -4.78814  1.58861
  1.6649 -4.78546  1.58905
 1.66534 -4.78278  1.58905
 1.66577 -4.78009  1.58948
 1.66621 -4.77741  1.58991
 1.66664 -4.77474  1.59035
 1.66707 -4.77206  1.59078
 1.66751 -4.76939  1.59121
 1.66794 -4.76672  1.59165
 1.66837 -4.76405  1.59165
 1.66881 -4.76138  1.59208
 1.66924 -4.75871  1.59251
 1.66967 -4.75605  1.59295
 1.67011 -4.75339  1.59338
 1.67054 -4.75073  1.59381
 1.67097 -4.74807  1.59425
 1.67141 -4.74542  1.59425
 1.67184 -4.74276  1.59468
 1.67227 -4.74011  1.59512
 1.67271 -4.73746  1.59555
 1.67314 -4.73481  1.59598
 1.67357 -4.73217  1.59642
 1.67401 -4.72953  1.59685
 1.67444 -4.72688  1.59685
 1.67487 -4.72424  1.59728
 1.67531 -4.72161  1.59772
 1.67574 -4.71897  1.59815
 1.67618 -4.71634  1.59858
 1.67661  -4.7137  1.59902
 1.67704 -4.71107  1.59945
 1.67748 -4.70845  1.59945
 1.67791 -4.70582  1.59988
 1.67834  -4.7032  1.60032
 1.67878 -4.70057  1.60075
 1.67921 -4.69795  1.60118
 1.67964 -4.69534  1.60162
 1.68008 -4.69272  1.60205
 1.68051  -4.6901  1.60205
 1.68094 -4.68749  1.60248
 1.68138 -4.68488  1.60292
 1.68181 -4.68227  1.60335
 1.68224 -4.67967  1.60378
 1.68268 -4.67706  1.60422
 1.68311 -4.67446  1.60465
 1.68354 -4.67186  1.60465
 1.68398 -4.66926  1.60509
 1.68441 -4.66666  1.60552
 1.68484 -4.66407  1.60595
 1.68528 -4.66147  1.60639
 1.68571 -4.65888  1.60682
 1.68615 -4.65629  1.60725
 1.68658 -4.65371  1.60725
 1.68701 -4.65112  1.60769
 1.68745 -4.64854  1.60812
 1.68788 -4.64595  1.60855
 1.68831 -4.64337  1.60899
 1.68875  -4.6408  1.60942
 1.68918 -4.63822  1.60985
 1.68961 -4.63565  1.60985
 1.69005 -4.63307  1.61029
 1.69048  -4.6305  1.61072
 1.69091 -4.62794  1.61115
 1.69135 -4.62537  1.61159
 1.69178 -4.62281  1.61202
 1.69221 -4.62024  1.61245
 1.69265 -4.61768  1.61245
 1.69308 -4.61512  1.61289
 1.69351 -4.61257  1.61332
 1.69395 -4.61001  1.61375
 1.69438 -4.60746  1.61419
 1.69481 -4.60491  1.61462
 1.69525 -4.60236  1.61506
 1.69568 -4.59981  1.61506
 1.69612 -4.59726  1.61549
 1.69655 -4.59472  1.61592
 1.69698 -4.59218  1.61636
 1.69742 -4.58964  1.61679
 1.69785  -4.5871  1.61722
 1.69828 -4.58456  1.61722
 1.69872 -4.58203  1.61766
 1.69915  -4.5795  1.61809
 1.69958 -4.57696  1.61852
 1.70002 -4.57444  1.61896
 1.70045 -4.57191  1.61939
 1.70088 -4.56938  1.61982
 1.70132 -4.56686  1.62026
 1.70175 -4.56434  1.62026
 1.70218 -4.56182  1.62069
 1.70262  -4.5593  1.62112
 1.70305 -4.55679  1.62156
 1.70348 -4.55427  1.62199
 1.70392 -4.55176  1.62242
 1.70435 -4.54925  1.62242
 1.70478 -4.54674  1.62286
 1.70522 -4.54423  1.62329
 1.70565 -4.54173  1.62372
 1.70609 -4.53923  1.62416
 1.70652 -4.53672  1.62459
 1.70695 -4.53423  1.62503
 1.70739 -4.53173  1.62503
 1.70782 -4.52923  1.62546
 1.70825 -4.52674  1.62589
 1.70869 -4.52425  1.62633
 1.70912 -4.52176  1.62676
 1.70955 -4.51927  1.62719
 1.70999 -4.51678  1.62763
 1.71042  -4.5143  1.62763
 1.71085 -4.51181  1.62806
 1.71129 -4.50933  1.62849
 1.71172 -4.50685  1.62893
 1.71215 -4.50437  1.62936
 1.71259  -4.5019  1.62979
 1.71302 -4.49943  1.63023
 1.71345 -4.49695  1.63023
 1.71389 -4.49448  1.63066
 1.71432 -4.49201  1.63109
 1.71475 -4.48955  1.63153
 1.71519 -4.48708  1.63196
 1.71562 -4.48462  1.63239
 1.71606 -4.48216  1.63283
 1.71649  -4.4797  1.63283
 1.71692 -4.47724  1.63326
 1.71736 -4.47479  1.63369
 1.71779 -4.47233  1.63413
 1.71822 -4.46988  1.63456
 1.71866 -4.46743  1.63499
 1.71909 -4.46498  1.63543
 1.71952 -4.46253  1.63543
 1.71996 -4.46009  1.63586
 1.72039 -4.45764   1.6363
 1.72082  -4.4552  1.63673
 1.72126 -4.45276  1.63716
 1.72169 -4.45033   1.6376
 1.72212 -4.44789  1.63803
 1.72256 -4.44545  1.63803
 1.72299 -4.44302  1.63846
 1.72342 -4.44059   1.6389
 1.72386 -4.43816  1.63933
 1.72429 -4.43573  1.63976
 1.72472 -4.43331   1.6402
 1.72516 -4.43089  1.64063
 1.72559 -4.42846  1.64063
 1.72603 -4.42604  1.64106
 1.72646 -4.42362   1.6415
 1.72689 -4.42121  1.64193
 1.72733 -4.41879  1.64236
 1.72776 -4.41638   1.6428
 1.72819 -4.41397  1.64323
 1.72863 -4.41156  1.64323
 1.72906 -4.40915  1.64366
 1.72949 -4.40674   1.6441
 1.72993 -4.40434  1.64453
 1.73036 -4.40194  1.64496
 1.73079 -4.39953   1.6454
 1.73123 -4.39714  1.64583
 1.73166 -4.39474  1.64583
 1.73209 -4.39234  1.64627
 1.73253 -4.38995   1.6467
 1.73296 -4.38755  1.64713
 1.73339 -4.38516  1.64757
 1.73383 -4.38278    1.648
 1.73426 -4.38039  1.64843
 1.73469   -4.378  1.64843
 1.73513 -4.37562  1.64887
 1.73556 -4.37324   1.6493
   1.736 -4.37086  1.64973
 1.73643 -4.36848  1.65017
 1.73686  -4.3661   1.6506
  1.7373 -4.36373  1.65103
 1.73773 -4.36135  1.65103
 1.73816 -4.35898  1.65147
  1.7386 -4.35661   1.6519
 1.73903 -4.35424  1.65233
 1.73946 -4.35188  1.65277
  1.7399 -4.34951   1.6532
 1.74033 -4.34715   1.6532
 1.74076 -4.34479  1.65363
  1.7412 -4.34243  1.65407
 1.74163 -4.34007   1.6545
 1.74206 -4.33771  1.65493
  1.7425 -4.33536  1.65537
 1.74293 -4.33301   1.6558
 1.74336 -4.33065   1.6558
  1.7438  -4.3283  1.65624
 1.74423 -4.32596  1.65667
 1.74466 -4.32361   1.6571
  1.7451 -4.32127  1.65754
 1.74553 -4.31892  1.65797
 1.74597 -4.31658   1.6584
  1.7464 -4.31424   1.6584
 1.74683  -4.3119  1.65884
 1.74727 -4.30957  1.65927
  1.7477 -4.30723   1.6597
 1.74813  -4.3049  1.66014
 1.74857 -4.30257  1.66057
   1.749 -4.30024    1.661
 1.74943 -4.29791    1.661
 1.74987 -4.29559  1.66144
  1.7503 -4.29326  1.66187
 1.75073 -4.29094   1.6623
 1.75117 -4.28862  1.66274
  1.7516  -4.2863  1.66317
 1.75203 -4.28398   1.6636
 1.75247 -4.28167   1.6636
  1.7529 -4.27935  1.66404
 1.75333 -4.27704  1.66447
 1.75377 -4.27473   1.6649
  1.7542 -4.27242  1.66534
 1.75463 -4.27011  1.66577
 1.75507 -4.26781  1.66621
  1.7555  -4.2655  1.66621
 1.75594  -4.2632  1.66664
 1.75637  -4.2609  1.66707
  1.7568  -4.2586  1.66751
 1.75724  -4.2563  1.66794
 1.75767   -4.254  1.66837
  1.7581 -4.25171  1.66881
 1.75854 -4.24942  1.66881
 1.75897 -4.24713  1.66924
  1.7594 -4.24484  1.66967
 1.75984 -4.24255  1.67011
 1.76027 -4.24026  1.67054
  1.7607 -4.23798  1.67097
 1.76114  -4.2357  1.67141
 1.76157 -4.23341  1.67141
   1.762 -4.23113  1.67184
 1.76244 -4.22886  1.67227
 1.76287 -4.22658  1.67271
  1.7633  -4.2243  1.67314
 1.76374 -4.22203  1.67357
 1.76417 -4.21976  1.67401
  1.7646 -4.21749  1.67401
 1.76504 -4.21522  1.67444
 1.76547 -4.21295  1.67487
 1.76591 -4.21069  1.67531
 1.76634 -4.20843  1.67574
 1.76677 -4.20616  1.67618
 1.76721 -4.20391  1.67661
 1.76764 -4.20165  1.67661
 1.76807 -4.19939  1.67704
 1.76851 -4.19713  1.67748
 1.76894 -4.19488  1.67791
 1.76937 -4.19263  1.67834
 1.76981 -4.19038  1.67878
 1.77024 -4.18813  1.67878
 1.77067 -4.18588  1.67921
 1.77111 -4.18363  1.67964
 1.77154 -4.18139  1.68008
 1.77197 -4.17915  1.68051
 1.77241 -4.17691  1.68094
 1.77284 -4.17467  1.68138
 1.77327 -4.17243  1.68138
 1.77371 -4.17019  1.68181
 1.77414 -4.16796  1.68224
 1.77457 -4.16573  1.68268
 1.77501 -4.16349  1.68311
 1.77544 -4.16127  1.68354
 1.77588 -4.15904  1.68398
 1.77631 -4.15681  1.68398
 1.77674 -4.15459  1.68441
 1.77718 -4.15236  1.68484
 1.77761 -4.15014  1.68528
 1.77804 -4.14792  1.68571
 1.77848  -4.1457  1.68615
 1.77891 -4.14348  1.68658
 1.77934 -4.14127  1.68658
 1.77978 -4.13905  1.68701
 1.78021 -4.13684  1.68745
 1.78064 -4.13463  1.68788
 1.78108 -4.13242  1.68831
 1.78151 -4.13021  1.68875
 1.78194 -4.12801  1.68918
 1.78238  -4.1258  1.68918
 1.78281  -4.1236  1.68961
 1.78324  -4.1214  1.69005
 1.78368  -4.1192  1.69048
 1.78411   -4.117  1.69091
 1.78454  -4.1148  1.69135
 1.78498 -4.11261  1.69178
 1.78541 -4.11041  1.69178
 1.78585 -4.10822  1.69221
 1.78628 -4.10603  1.69265
 1.78671 -4.10384  1.69308
 1.78715 -4.10165  1.69351
 1.78758 -4.09947  1.69395
 1.78801 -4.09729  1.69395
 1.78845  -4.0951  1.69438
 1.78888 -4.09292  1.69481
 1.78931 -4.09074  1.69525
 1.78975 -4.08856  1.69568
 1.79018 -4.08639  1.69612
 1.79061 -4.08421  1.69655
 1.79105 -4.08204  1.69655
 1.79148 -4.07987  1.69698
 1.79191 -4.07769  1.69742
 1.79235 -4.07552  1.69785
 1.79278 -4.07336  1.69828
 1.79321 -4.07119  1.69872
 1.79365 -4.06903  1.69915
 1.79408 -4.06687  1.69915
 1.79451  -4.0647  1.69958
 1.79495 -4.06254  1.70002
 1.79538 -4.06038  1.70045
 1.79582 -4.05823  1.70088
 1.79625 -4.05607  1.70132
 1.79668 -4.05392  1.70175
 1.79712 -4.05177  1.70218
 1.79755 -4.04962  1.70218
 1.79798 -4.04747  1.70262
 1.79842 -4.04532  1.70305
 1.79885 -4.04317  1.70348
 1.79928 -4.04103  1.70392
 1.79972 -4.03889  1.70435
 1.80015 -4.03674  1.70478
 1.80058  -4.0346  1.70478
 1.80102 -4.03246  1.70522
 1.80145 -4.03033  1.70565
 1.80188 -4.02819  1.70609
 1.80232 -4.02606  1.70652
 1.80275 -4.02393  1.70695
 1.80318 -4.02179  1.70695
 1.80362 -4.01966  1.70739
 1.80405 -4.01754  1.70782
 1.80448 -4.01541  1.70825
 1.80492 -4.01328  1.70869
 1.80535 -4.01116  1.70912
 1.80579 -4.00904  1.70955
 1.80622 -4.00692  1.70955
 1.80665  -4.0048  1.70999
 1.80709 -4.00268  1.71042
 1.80752 -4.00056  1.71085
 1.80795 -3.99845  1.71129
 1.80839 -3.99634  1.71172
 1.80882 -3.99423  1.71215
 1.80925 -3.99212  1.71215
 1.80969 -3.99001  1.71259
 1.81012  -3.9879  1.71302
 1.81055 -3.98579  1.71345
 1.81099 -3.98369  1.71389
 1.81142 -3.98159  1.71432
 1.81185 -3.97948  1.71432
 1.81229 -3.97738  1.71475
 1.81272 -3.97529  1.71519
 1.81315 -3.97319  1.71562
 1.81359 -3.97109  1.71606
 1.81402   -3.969  1.71649
 1.81445 -3.96691  1.71692
 1.81489 -3.96482  1.71692
 1.81532 -3.96273  1.71736
 1.81576 -3.96064  1.71779
 1.81619 -3.95855  1.71822
 1.81662 -3.95647  1.71866
 1.81706 -3.95438  1.71909
 1.81749  -3.9523  1.71952
 1.81792 -3.95022  1.71952
 1.81836 -3.94814  1.71996
 1.81879 -3.94606  1.72039
 1.81922 -3.94398  1.72082
 1.81966 -3.94191  1.72126
 1.82009 -3.93984  1.72169
 1.82052 -3.93776  1.72212
 1.82096 -3.93569  1.72212
 1.82139 -3.93362  1.72256
 1.82182 -3.93155  1.72299
 1.82226 -3.92949  1.72342
 1.82269 -3.92742  1.72386
 1.82312 -3.92536  1.72429
 1.82356  -3.9233  1.72472
 1.82399 -3.92124  1.72472
 1.82442 -3.91918  1.72516
 1.82486 -3.91712  1.72559
 1.82529 -3.91506  1.72603
 1.82573 -3.91301  1.72646
 1.82616 -3.91096  1.72689
 1.82659  -3.9089  1.72733
 1.82703 -3.90685  1.72733
 1.82746  -3.9048  1.72776
 1.82789 -3.90276  1.72819
 1.82833 -3.90071  1.72863
 1.82876 -3.89866  1.72906
 1.82919 -3.89662  1.72949
 1.82963 -3.89458  1.72993
 1.83006 -3.89254  1.72993
 1.83049  -3.8905  1.73036
 1.83093 -3.88846  1.73079
 1.83136 -3.88642  1.73123
 1.83179 -3.88439  1.73166
 1.83223 -3.88236  1.73209
 1.83266 -3.88032  1.73209
 1.83309 -3.87829  1.73253
 1.83353 -3.87626  1.73296
 1.83396 -3.87423  1.73339
 1.83439 -3.87221  1.73383
 1.83483 -3.87018  1.73426
 1.83526 -3.86816  1.73469
  1.8357 -3.86614  1.73469
 1.83613 -3.86412  1.73513
 1.83656  -3.8621  1.73556
   1.837 -3.86008    1.736
 1.83743 -3.85806  1.73643
 1.83786 -3.85605  1.73686
  1.8383 -3.85403   1.7373
 1.83873 -3.85202   1.7373
 1.83916 -3.85001  1.73773
  1.8396   -3.848  1.73816
 1.84003 -3.84599   1.7386
 1.84046 -3.84398  1.73903
  1.8409 -3.84198  1.73946
 1.84133 -3.83997   1.7399
 1.84176 -3.83797   1.7399
  1.8422 -3.83597  1.74033
 1.84263 -3.83397  1.74076
 1.84306 -3.83197   1.7412
  1.8435 -3.82997  1.74163
 1.84393 -3.82798  1.74206
 1.84436 -3.82598   1.7425
  1.8448 -3.82399   1.7425
 1.84523   -3.822  1.74293
 1.84567 -3.82001  1.74336
  1.8461 -3.81802   1.7438
 1.84653 -3.81603  1.74423
 1.84697 -3.81404  1.74466
  1.8474 -3.81206   1.7451
 1.84783 -3.81008   1.7451
 1.84827 -3.80809  1.74553
  1.8487 -3.80611  1.74597
 1.84913 -3.80413   1.7464
 1.84957 -3.80215  1.74683
    1.85 -3.80018  1.74727