 kgrid  ValNew  Policy 
    0.55 -46.4007 0.605052
0.550433 -46.3522 0.605485
0.550867 -46.3039 0.605919
  0.5513 -46.2556 0.606352
0.551734 -46.2074 0.606352
0.552167 -46.1593 0.606786
0.552601 -46.1112 0.607219
0.553034 -46.0633 0.607653
0.553468 -46.0154 0.608086
0.553901 -45.9676  0.60852
0.554335 -45.9199 0.608953
0.554768 -45.8723 0.609386
0.555202 -45.8247  0.60982
0.555635 -45.7773 0.610253
0.556069 -45.7299 0.610687
0.556502 -45.6826 0.610687
0.556936 -45.6353  0.61112
0.557369 -45.5882 0.611554
0.557803 -45.5411 0.611987
0.558236 -45.4941 0.612421
 0.55867 -45.4472 0.612854
0.559103 -45.4004 0.613288
0.559537 -45.3537 0.613721
 0.55997  -45.307 0.614155
0.560403 -45.2604 0.614588
0.560837 -45.2139 0.614588
 0.56127 -45.1675 0.615022
0.561704 -45.1211 0.615455
0.562137 -45.0748 0.615889
0.562571 -45.0286 0.616322
0.563004 -44.9825 0.616756
0.563438 -44.9364 0.617189
0.563871 -44.8904 0.617623
0.564305 -44.8446 0.618056
0.564738 -44.7987 0.618489
0.565172  -44.753 0.618923
0.565605 -44.7074 0.619356
0.566039 -44.6618 0.619356
0.566472 -44.6162  0.61979
0.566906 -44.5708 0.620223
0.567339 -44.5254 0.620657
0.567773 -44.4801  0.62109
0.568206 -44.4349 0.621524
 0.56864 -44.3897 0.621957
0.569073 -44.3447 0.622391
0.569507 -44.2997 0.622824
 0.56994 -44.2547 0.623258
0.570373 -44.2099 0.623691
0.570807 -44.1651 0.623691
 0.57124 -44.1204 0.624125
0.571674 -44.0758 0.624558
0.572107 -44.0312 0.624992
0.572541 -43.9867 0.625425
0.572974 -43.9422 0.625859
0.573408 -43.8979 0.626292
0.573841 -43.8536 0.626726
0.574275 -43.8094 0.627159
0.574708 -43.7652 0.627593
0.575142 -43.7212 0.628026
0.575575 -43.6772 0.628459
0.576009 -43.6332 0.628459
0.576442 -43.5894 0.628893
0.576876 -43.5456 0.629326
0.577309 -43.5018  0.62976
0.577743 -43.4582 0.630193
0.578176 -43.4146 0.630627
 0.57861  -43.371  0.63106
0.579043 -43.3276 0.631494
0.579476 -43.2842 0.631927
 0.57991 -43.2409 0.632361
0.580343 -43.1976 0.632794
0.580777 -43.1544 0.633228
 0.58121 -43.1113 0.633661
0.581644 -43.0683 0.633661
0.582077 -43.0253 0.634095
0.582511 -42.9824 0.634528
0.582944 -42.9395 0.634962
0.583378 -42.8967 0.635395
0.583811  -42.854 0.635829
0.584245 -42.8114 0.636262
0.584678 -42.7688 0.636696
0.585112 -42.7263 0.637129
0.585545 -42.6838 0.637563
0.585979 -42.6414 0.637996
0.586412 -42.5991 0.638429
0.586846 -42.5569 0.638863
0.587279 -42.5147 0.638863
0.587713 -42.4726 0.639296
0.588146 -42.4305  0.63973
 0.58858 -42.3885 0.640163
0.589013 -42.3465 0.640597
0.589446 -42.3047  0.64103
 0.58988 -42.2629 0.641464
0.590313 -42.2211 0.641897
0.590747 -42.1795 0.642331
 0.59118 -42.1378 0.642764
0.591614 -42.0963 0.643198
0.592047 -42.0548 0.643631
0.592481 -42.0134 0.644065
0.592914  -41.972 0.644065
0.593348 -41.9307 0.644498
0.593781 -41.8895 0.644932
0.594215 -41.8483 0.645365
0.594648 -41.8072 0.645799
0.595082 -41.7662 0.646232
0.595515 -41.7252 0.646666
0.595949 -41.6843 0.647099
0.596382 -41.6434 0.647533
0.596816 -41.6026 0.647966
0.597249 -41.5619 0.648399
0.597683 -41.5212 0.648833
0.598116 -41.4806 0.648833
 0.59855   -41.44 0.649266
0.598983 -41.3995   0.6497
0.599416 -41.3591 0.650133
 0.59985 -41.3187 0.650567
0.600283 -41.2784    0.651
0.600717 -41.2381 0.651434
 0.60115 -41.1979 0.651867
0.601584 -41.1578 0.652301
0.602017 -41.1177 0.652734
0.602451 -41.0777 0.653168
0.602884 -41.0378 0.653601
0.603318 -40.9979 0.654035
0.603751 -40.9581 0.654035
0.604185 -40.9183 0.654468
0.604618 -40.8786 0.654902
0.605052 -40.8389 0.655335
0.605485 -40.7993 0.655769
0.605919 -40.7598 0.656202
0.606352 -40.7203 0.656636
0.606786 -40.6809 0.657069
0.607219 -40.6415 0.657503
0.607653 -40.6022 0.657936
0.608086  -40.563 0.658369
 0.60852 -40.5238 0.658803
0.608953 -40.4847 0.659236
0.609386 -40.4456  0.65967
 0.60982 -40.4066  0.65967
0.610253 -40.3676 0.660103
0.610687 -40.3287 0.660537
 0.61112 -40.2899  0.66097
0.611554 -40.2511 0.661404
0.611987 -40.2123 0.661837
0.612421 -40.1736 0.662271
0.612854  -40.135 0.662704
0.613288 -40.0965 0.663138
0.613721  -40.058 0.663571
0.614155 -40.0195 0.664005
0.614588 -39.9811 0.664438
0.615022 -39.9428 0.664872
0.615455 -39.9045 0.664872
0.615889 -39.8663 0.665305
0.616322 -39.8281 0.665739
0.616756   -39.79 0.666172
0.617189 -39.7519 0.666606
0.617623 -39.7139 0.667039
0.618056  -39.676 0.667472
0.618489 -39.6381 0.667906
0.618923 -39.6002 0.668339
0.619356 -39.5625 0.668773
 0.61979 -39.5247 0.669206
0.620223 -39.4871  0.66964
0.620657 -39.4494 0.670073
 0.62109 -39.4119 0.670073
0.621524 -39.3744 0.670507
0.621957 -39.3369  0.67094
0.622391 -39.2995 0.671374
0.622824 -39.2621 0.671807
0.623258 -39.2248 0.672241
0.623691 -39.1876 0.672674
0.624125 -39.1504 0.673108
0.624558 -39.1133 0.673541
0.624992 -39.0762 0.673975
0.625425 -39.0392 0.674408
0.625859 -39.0022 0.674842
0.626292 -38.9653 0.675275
0.626726 -38.9284 0.675709
0.627159 -38.8916 0.675709
0.627593 -38.8548 0.676142
0.628026 -38.8181 0.676576
0.628459 -38.7814 0.677009
0.628893 -38.7448 0.677442
0.629326 -38.7082 0.677876
 0.62976 -38.6717 0.678309
0.630193 -38.6353 0.678743
0.630627 -38.5989 0.679176
 0.63106 -38.5625  0.67961
0.631494 -38.5262 0.680043
0.631927   -38.49 0.680477
0.632361 -38.4538  0.68091
0.632794 -38.4176  0.68091
0.633228 -38.3815 0.681344
0.633661 -38.3455 0.681777
0.634095 -38.3095 0.682211
0.634528 -38.2735 0.682644
0.634962 -38.2377 0.683078
0.635395 -38.2018 0.683511
0.635829  -38.166 0.683945
0.636262 -38.1303 0.684378
0.636696 -38.0946 0.684812
0.637129 -38.0589 0.685245
0.637563 -38.0234 0.685679
0.637996 -37.9878 0.686112
0.638429 -37.9523 0.686112
0.638863 -37.9169 0.686546
0.639296 -37.8815 0.686979
 0.63973 -37.8461 0.687412
0.640163 -37.8109 0.687846
0.640597 -37.7756 0.688279
 0.64103 -37.7404 0.688713
0.641464 -37.7053 0.689146
0.641897 -37.6702  0.68958
0.642331 -37.6351 0.690013
0.642764 -37.6001 0.690447
0.643198 -37.5652  0.69088
0.643631 -37.5303 0.691314
0.644065 -37.4954 0.691747
0.644498 -37.4606 0.691747
0.644932 -37.4259 0.692181
0.645365 -37.3911 0.692614
0.645799 -37.3565 0.693048
0.646232 -37.3219 0.693481
0.646666 -37.2873 0.693915
0.647099 -37.2528 0.694348
0.647533 -37.2183 0.694782
0.647966 -37.1839 0.695215
0.648399 -37.1495 0.695649
0.648833 -37.1152 0.696082
0.649266 -37.0809 0.696516
  0.6497 -37.0467 0.696949
0.650133 -37.0125 0.696949
0.650567 -36.9784 0.697382
   0.651 -36.9443 0.697816
0.651434 -36.9102 0.698249
0.651867 -36.8762 0.698683
0.652301 -36.8423 0.699116
0.652734 -36.8084  0.69955
0.653168 -36.7745 0.699983
0.653601 -36.7407 0.700417
0.654035 -36.7069  0.70085
0.654468 -36.6732 0.701284
0.654902 -36.6396 0.701717
0.655335 -36.6059 0.702151
0.655769 -36.5724 0.702151
0.656202 -36.5388 0.702584
0.656636 -36.5053 0.703018
0.657069 -36.4719 0.703451
0.657503 -36.4385 0.703885
0.657936 -36.4051 0.704318
0.658369 -36.3718 0.704752
0.658803 -36.3386 0.705185
0.659236 -36.3053 0.705619
 0.65967 -36.2722 0.706052
0.660103 -36.2391 0.706485
0.660537  -36.206 0.706919
 0.66097  -36.173 0.707352
0.661404   -36.14 0.707786
0.661837  -36.107 0.707786
0.662271 -36.0741 0.708219
0.662704 -36.0412 0.708653
0.663138 -36.0084 0.709086
0.663571 -35.9757  0.70952
0.664005 -35.9429 0.709953
0.664438 -35.9103 0.710387
0.664872 -35.8776  0.71082
0.665305  -35.845 0.711254
0.665739 -35.8125 0.711687
0.666172   -35.78 0.712121
0.666606 -35.7475 0.712554
0.667039 -35.7151 0.712988
0.667472 -35.6827 0.712988
0.667906 -35.6504 0.713421
0.668339 -35.6181 0.713855
0.668773 -35.5859 0.714288
0.669206 -35.5537 0.714722
 0.66964 -35.5215 0.715155
0.670073 -35.4894 0.715589
0.670507 -35.4573 0.716022
 0.67094 -35.4253 0.716455
0.671374 -35.3933 0.716889
0.671807 -35.3614 0.717322
0.672241 -35.3295 0.717756
0.672674 -35.2976 0.718189
0.673108 -35.2658 0.718189
0.673541 -35.2341 0.718623
0.673975 -35.2023 0.719056
0.674408 -35.1706  0.71949
0.674842  -35.139 0.719923
0.675275 -35.1074 0.720357
0.675709 -35.0758  0.72079
0.676142 -35.0443 0.721224
0.676576 -35.0128 0.721657
0.677009 -34.9814 0.722091
0.677442   -34.95 0.722524
0.677876 -34.9187 0.722958
0.678309 -34.8874 0.723391
0.678743 -34.8561 0.723825
0.679176 -34.8249 0.723825
 0.67961 -34.7937 0.724258
0.680043 -34.7625 0.724692
0.680477 -34.7314 0.725125
 0.68091 -34.7004 0.725559
0.681344 -34.6693 0.725992
0.681777 -34.6384 0.726425
0.682211 -34.6074 0.726859
0.682644 -34.5765 0.727292
0.683078 -34.5457 0.727726
0.683511 -34.5149 0.728159
0.683945 -34.4841 0.728593
0.684378 -34.4534 0.729026
0.684812 -34.4227 0.729026
0.685245  -34.392  0.72946
0.685679 -34.3614 0.729893
0.686112 -34.3308 0.730327
0.686546 -34.3003  0.73076
0.686979 -34.2698 0.731194
0.687412 -34.2393 0.731627
0.687846 -34.2089 0.732061
0.688279 -34.1785 0.732494
0.688713 -34.1482 0.732928
0.689146 -34.1179 0.733361
 0.68958 -34.0877 0.733795
0.690013 -34.0575 0.734228
0.690447 -34.0273 0.734228
 0.69088 -33.9971 0.734662
0.691314  -33.967 0.735095
0.691747  -33.937 0.735529
0.692181  -33.907 0.735962
0.692614  -33.877 0.736395
0.693048  -33.847 0.736829
0.693481 -33.8171 0.737262
0.693915 -33.7873 0.737696
0.694348 -33.7575 0.738129
0.694782 -33.7277 0.738563
0.695215 -33.6979 0.738996
0.695649 -33.6682  0.73943
0.696082 -33.6386  0.73943
0.696516 -33.6089 0.739863
0.696949 -33.5793 0.740297
0.697382 -33.5498  0.74073
0.697816 -33.5202 0.741164
0.698249 -33.4908 0.741597
0.698683 -33.4613 0.742031
0.699116 -33.4319 0.742464
 0.69955 -33.4026 0.742898
0.699983 -33.3732 0.743331
0.700417  -33.344 0.743765
 0.70085 -33.3147 0.744198
0.701284 -33.2855 0.744632
0.701717 -33.2563 0.744632
0.702151 -33.2272 0.745065
0.702584 -33.1981 0.745498
0.703018  -33.169 0.745932
0.703451   -33.14 0.746365
0.703885  -33.111 0.746799
0.704318 -33.0821 0.747232
0.704752 -33.0532 0.747666
0.705185 -33.0243 0.748099
0.705619 -32.9954 0.748533
0.706052 -32.9666 0.748966
0.706485 -32.9379   0.7494
0.706919 -32.9092 0.749833
0.707352 -32.8805 0.749833
0.707786 -32.8518 0.750267
0.708219 -32.8232   0.7507
0.708653 -32.7946 0.751134
0.709086 -32.7661 0.751567
 0.70952 -32.7376 0.752001
0.709953 -32.7091 0.752434
0.710387 -32.6806 0.752868
 0.71082 -32.6522 0.753301
0.711254 -32.6239 0.753735
0.711687 -32.5956 0.754168
0.712121 -32.5673 0.754602
0.712554  -32.539 0.755035
0.712988 -32.5108 0.755035
0.713421 -32.4826 0.755468
0.713855 -32.4545 0.755902
0.714288 -32.4264 0.756335
0.714722 -32.3983 0.756769
0.715155 -32.3702 0.757202
0.715589 -32.3422 0.757636
0.716022 -32.3143 0.758069
0.716455 -32.2863 0.758503
0.716889 -32.2584 0.758936
0.717322 -32.2306  0.75937
0.717756 -32.2028 0.759803
0.718189  -32.175 0.760237
0.718623 -32.1472 0.760237
0.719056 -32.1195  0.76067
 0.71949 -32.0918 0.761104
0.719923 -32.0641 0.761537
0.720357 -32.0365 0.761971
 0.72079 -32.0089 0.762404
0.721224 -31.9814 0.762838
0.721657 -31.9539 0.763271
0.722091 -31.9264 0.763705
0.722524  -31.899 0.764138
0.722958 -31.8716 0.764572
0.723391 -31.8442 0.765005
0.723825 -31.8169 0.765438
0.724258 -31.7895 0.765438
0.724692 -31.7623 0.765872
0.725125  -31.735 0.766305
0.725559 -31.7078 0.766739
0.725992 -31.6807 0.767172
0.726425 -31.6535 0.767606
0.726859 -31.6264 0.768039
0.727292 -31.5994 0.768473
0.727726 -31.5723 0.768906
0.728159 -31.5453  0.76934
0.728593 -31.5184 0.769773
0.729026 -31.4914 0.770207
 0.72946 -31.4645  0.77064
0.729893 -31.4377  0.77064
0.730327 -31.4108 0.771074
 0.73076  -31.384 0.771507
0.731194 -31.3573 0.771941
0.731627 -31.3305 0.772374
0.732061 -31.3038 0.772808
0.732494 -31.2772 0.773241
0.732928 -31.2506 0.773675
0.733361  -31.224 0.774108
0.733795 -31.1974 0.774542
0.734228 -31.1709 0.774975
0.734662 -31.1444 0.775408
0.735095 -31.1179 0.775408
0.735529 -31.0915 0.775842
0.735962 -31.0651 0.776275
0.736395 -31.0387 0.776709
0.736829 -31.0124 0.777142
0.737262 -30.9861 0.777576
0.737696 -30.9598 0.778009
0.738129 -30.9335 0.778443
0.738563 -30.9073 0.778876
0.738996 -30.8812  0.77931
 0.73943  -30.855 0.779743
0.739863 -30.8289 0.780177
0.740297 -30.8029  0.78061
 0.74073 -30.7768  0.78061
0.741164 -30.7508 0.781044
0.741597 -30.7248 0.781477
0.742031 -30.6989 0.781911
0.742464  -30.673 0.782344
0.742898 -30.6471 0.782778
0.743331 -30.6212 0.783211
0.743765 -30.5954 0.783645
0.744198 -30.5696 0.784078
0.744632 -30.5439 0.784512
0.745065 -30.5181 0.784945
0.745498 -30.4925 0.785378
0.745932 -30.4668 0.785812
0.746365 -30.4412 0.785812
0.746799 -30.4156 0.786245
0.747232   -30.39 0.786679
0.747666 -30.3645 0.787112
0.748099 -30.3389 0.787546
0.748533 -30.3135 0.787979
0.748966  -30.288 0.788413
  0.7494 -30.2626 0.788846
0.749833 -30.2372  0.78928
0.750267 -30.2119 0.789713
  0.7507 -30.1866 0.790147
0.751134 -30.1613  0.79058
0.751567  -30.136  0.79058
0.752001 -30.1108 0.791014
0.752434 -30.0856 0.791447
0.752868 -30.0605 0.791881
0.753301 -30.0353 0.792314
0.753735 -30.0102 0.792748
0.754168 -29.9851 0.793181
0.754602 -29.9601 0.793615
0.755035 -29.9351 0.794048
0.755468 -29.9101 0.794481
0.755902 -29.8852 0.794915
0.756335 -29.8602 0.795348
0.756769 -29.8354 0.795782
0.757202 -29.8105 0.795782
0.757636 -29.7857 0.796215
0.758069 -29.7609 0.796649
0.758503 -29.7361 0.797082
0.758936 -29.7113 0.797516
 0.75937 -29.6866 0.797949
0.759803  -29.662 0.798383
0.760237 -29.6373 0.798816
 0.76067 -29.6127  0.79925
0.761104 -29.5881 0.799683
0.761537 -29.5635 0.800117
0.761971  -29.539  0.80055
0.762404 -29.5145 0.800984
0.762838   -29.49 0.800984
0.763271 -29.4656 0.801417
0.763705 -29.4412 0.801851
0.764138 -29.4168 0.802284
0.764572 -29.3924 0.802718
0.765005 -29.3681 0.803151
0.765438 -29.3438 0.803585
0.765872 -29.3196 0.804018
0.766305 -29.2953 0.804451
0.766739 -29.2711 0.804885
0.767172 -29.2469 0.805318
0.767606 -29.2228 0.805752
0.768039 -29.1987 0.805752
0.768473 -29.1746 0.806185
0.768906 -29.1505 0.806619
 0.76934 -29.1265 0.807052
0.769773 -29.1025 0.807486
0.770207 -29.0785 0.807919
 0.77064 -29.0545 0.808353
0.771074 -29.0306 0.808786
0.771507 -29.0067  0.80922
0.771941 -28.9829 0.809653
0.772374  -28.959 0.810087
0.772808 -28.9352  0.81052
0.773241 -28.9115  0.81052
0.773675 -28.8877 0.810954
0.774108  -28.864 0.811387
0.774542 -28.8403 0.811821
0.774975 -28.8166 0.812254
0.775408  -28.793 0.812688
0.775842 -28.7694 0.813121
0.776275 -28.7458 0.813555
0.776709 -28.7223 0.813988
0.777142 -28.6987 0.814421
0.777576 -28.6752 0.814855
0.778009 -28.6518 0.815288
0.778443 -28.6283 0.815722
0.778876 -28.6049 0.815722
 0.77931 -28.5815 0.816155
0.779743 -28.5582 0.816589
0.780177 -28.5348 0.817022
 0.78061 -28.5115 0.817456
0.781044 -28.4883 0.817889
0.781477  -28.465 0.818323
0.781911 -28.4418 0.818756
0.782344 -28.4186  0.81919
0.782778 -28.3955 0.819623
0.783211 -28.3723 0.820057
0.783645 -28.3492  0.82049
0.784078 -28.3261  0.82049
0.784512 -28.3031 0.820924
0.784945   -28.28 0.821357
0.785378  -28.257 0.821791
0.785812 -28.2341 0.822224
0.786245 -28.2111 0.822658
0.786679 -28.1882 0.823091
0.787112 -28.1653 0.823525
0.787546 -28.1424 0.823958
0.787979 -28.1196 0.824391
0.788413 -28.0968 0.824825
0.788846  -28.074 0.825258
 0.78928 -28.0513 0.825258
0.789713 -28.0285 0.825692
0.790147 -28.0058 0.826125
 0.79058 -27.9831 0.826559
0.791014 -27.9605 0.826992
0.791447 -27.9379 0.827426
0.791881 -27.9153 0.827859
0.792314 -27.8927 0.828293
0.792748 -27.8701 0.828726
0.793181 -27.8476  0.82916
0.793615 -27.8251 0.829593
0.794048 -27.8027 0.830027
0.794481 -27.7802  0.83046
0.794915 -27.7578  0.83046
0.795348 -27.7354 0.830894
0.795782 -27.7131 0.831327
0.796215 -27.6907 0.831761
0.796649 -27.6684 0.832194
0.797082 -27.6461 0.832628
0.797516 -27.6239 0.833061
0.797949 -27.6016 0.833494
0.798383 -27.5794 0.833928
0.798816 -27.5573 0.834361
 0.79925 -27.5351 0.834795
0.799683  -27.513 0.835228
0.800117 -27.4909 0.835228
 0.80055 -27.4688 0.835662
0.800984 -27.4467 0.836095
0.801417 -27.4247 0.836529
0.801851 -27.4027 0.836962
0.802284 -27.3807 0.837396
0.802718 -27.3588 0.837829
0.803151 -27.3369 0.838263
0.803585  -27.315 0.838696
0.804018 -27.2931  0.83913
0.804451 -27.2713 0.839563
0.804885 -27.2494 0.839997
0.805318 -27.2276 0.839997
0.805752 -27.2059  0.84043
0.806185 -27.1841 0.840864
0.806619 -27.1624 0.841297
0.807052 -27.1407 0.841731
0.807486  -27.119 0.842164
0.807919 -27.0974 0.842598
0.808353 -27.0757 0.843031
0.808786 -27.0542 0.843464
 0.80922 -27.0326 0.843898
0.809653  -27.011 0.844331
0.810087 -26.9895 0.844765
 0.81052  -26.968 0.844765
0.810954 -26.9465 0.845198
0.811387 -26.9251 0.845632
0.811821 -26.9037 0.846065
0.812254 -26.8823 0.846499
0.812688 -26.8609 0.846932
0.813121 -26.8395 0.847366
0.813555 -26.8182 0.847799
0.813988 -26.7969 0.848233
0.814421 -26.7756 0.848666
0.814855 -26.7544   0.8491
0.815288 -26.7332 0.849533
0.815722  -26.712 0.849967
0.816155 -26.6908 0.849967
0.816589 -26.6696   0.8504
0.817022 -26.6485 0.850834
0.817456 -26.6274 0.851267
0.817889 -26.6063 0.851701
0.818323 -26.5852 0.852134
0.818756 -26.5642 0.852568
 0.81919 -26.5432 0.853001
0.819623 -26.5222 0.853434
0.820057 -26.5013 0.853868
 0.82049 -26.4803 0.854301
0.820924 -26.4594 0.854735
0.821357 -26.4385 0.854735
0.821791 -26.4176 0.855168
0.822224 -26.3968 0.855602
0.822658  -26.376 0.856035
0.823091 -26.3552 0.856469
0.823525 -26.3344 0.856902
0.823958 -26.3137 0.857336
0.824391 -26.2929 0.857769
0.824825 -26.2722 0.858203
0.825258 -26.2516 0.858636
0.825692 -26.2309  0.85907
0.826125 -26.2103 0.859503
0.826559 -26.1897 0.859503
0.826992 -26.1691 0.859937
0.827426 -26.1485  0.86037
0.827859  -26.128 0.860804
0.828293 -26.1075 0.861237
0.828726  -26.087 0.861671
 0.82916 -26.0665 0.862104
0.829593  -26.046 0.862538
0.830027 -26.0256 0.862971
 0.83046 -26.0052 0.863404
0.830894 -25.9849 0.863838
0.831327 -25.9645 0.864271
0.831761 -25.9442 0.864271
0.832194 -25.9239 0.864705
0.832628 -25.9036 0.865138
0.833061 -25.8833 0.865572
0.833494 -25.8631 0.866005
0.833928 -25.8429 0.866439
0.834361 -25.8227 0.866872
0.834795 -25.8025 0.867306
0.835228 -25.7823 0.867739
0.835662 -25.7622 0.868173
0.836095 -25.7421 0.868606
0.836529  -25.722  0.86904
0.836962  -25.702  0.86904
0.837396 -25.6819 0.869473
0.837829 -25.6619 0.869907
0.838263 -25.6419  0.87034
0.838696  -25.622 0.870774
 0.83913  -25.602 0.871207
0.839563 -25.5821 0.871641
0.839997 -25.5622 0.872074
 0.84043 -25.5423 0.872508
0.840864 -25.5225 0.872941
0.841297 -25.5026 0.873374
0.841731 -25.4828 0.873374
0.842164  -25.463 0.873808
0.842598 -25.4433 0.874241
0.843031 -25.4235 0.874675
0.843464 -25.4038 0.875108
0.843898 -25.3841 0.875542
0.844331 -25.3644 0.875975
0.844765 -25.3448 0.876409
0.845198 -25.3251 0.876842
0.845632 -25.3055 0.877276
0.846065 -25.2859 0.877709
0.846499 -25.2664 0.878143
0.846932 -25.2468 0.878143
0.847366 -25.2273 0.878576
0.847799 -25.2078  0.87901
0.848233 -25.1883 0.879443
0.848666 -25.1688 0.879877
  0.8491 -25.1494  0.88031
0.849533   -25.13 0.880744
0.849967 -25.1106 0.881177
  0.8504 -25.0912 0.881611
0.850834 -25.0718 0.882044
0.851267 -25.0525 0.882477
0.851701 -25.0332 0.882911
0.852134 -25.0139 0.882911
0.852568 -24.9946 0.883344
0.853001 -24.9754 0.883778
0.853434 -24.9562 0.884211
0.853868  -24.937 0.884645
0.854301 -24.9178 0.885078
0.854735 -24.8986 0.885512
0.855168 -24.8795 0.885945
0.855602 -24.8603 0.886379
0.856035 -24.8413 0.886812
0.856469 -24.8222 0.887246
0.856902 -24.8031 0.887679
0.857336 -24.7841 0.887679
0.857769 -24.7651 0.888113
0.858203 -24.7461 0.888546
0.858636 -24.7271  0.88898
 0.85907 -24.7081 0.889413
0.859503 -24.6892 0.889847
0.859937 -24.6703  0.89028
 0.86037 -24.6514 0.890714
0.860804 -24.6325 0.891147
0.861237 -24.6137 0.891581
0.861671 -24.5949 0.892014
0.862104 -24.5761 0.892447
0.862538 -24.5573 0.892447
0.862971 -24.5385 0.892881
0.863404 -24.5198 0.893314
0.863838  -24.501 0.893748
0.864271 -24.4823 0.894181
0.864705 -24.4637 0.894615
0.865138  -24.445 0.895048
0.865572 -24.4264 0.895482
0.866005 -24.4077 0.895915
0.866439 -24.3891 0.896349
0.866872 -24.3706 0.896782
0.867306  -24.352 0.897216
0.867739 -24.3334 0.897216
0.868173 -24.3149 0.897649
0.868606 -24.2964 0.898083
 0.86904 -24.2779 0.898516
0.869473 -24.2595  0.89895
0.869907  -24.241 0.899383
 0.87034 -24.2226 0.899817
0.870774 -24.2042  0.90025
0.871207 -24.1858 0.900684
0.871641 -24.1675 0.901117
0.872074 -24.1491 0.901551
0.872508 -24.1308 0.901551
0.872941 -24.1125 0.901984
0.873374 -24.0942 0.902417
0.873808  -24.076 0.902851
0.874241 -24.0577 0.903284
0.874675 -24.0395 0.903718
0.875108 -24.0213 0.904151
0.875542 -24.0031 0.904585
0.875975  -23.985 0.905018
0.876409 -23.9668 0.905452
0.876842 -23.9487 0.905885
0.877276 -23.9306 0.906319
0.877709 -23.9125 0.906319
0.878143 -23.8945 0.906752
0.878576 -23.8764 0.907186
 0.87901 -23.8584 0.907619
0.879443 -23.8404 0.908053
0.879877 -23.8224 0.908486
 0.88031 -23.8044  0.90892
0.880744 -23.7865 0.909353
0.881177 -23.7686 0.909787
0.881611 -23.7507  0.91022
0.882044 -23.7328 0.910654
0.882477 -23.7149 0.911087
0.882911 -23.6971 0.911087
0.883344 -23.6792 0.911521
0.883778 -23.6614 0.911954
0.884211 -23.6436 0.912387
0.884645 -23.6259 0.912821
0.885078 -23.6081 0.913254
0.885512 -23.5904 0.913688
0.885945 -23.5726 0.914121
0.886379  -23.555 0.914555
0.886812 -23.5373 0.914988
0.887246 -23.5196 0.915422
0.887679  -23.502 0.915422
0.888113 -23.4844 0.915855
0.888546 -23.4668 0.916289
 0.88898 -23.4492 0.916722
0.889413 -23.4316 0.917156
0.889847 -23.4141 0.917589
 0.89028 -23.3965 0.918023
0.890714  -23.379 0.918456
0.891147 -23.3615  0.91889
0.891581 -23.3441 0.919323
0.892014 -23.3266 0.919757
0.892447 -23.3092  0.92019
0.892881 -23.2918  0.92019
0.893314 -23.2744 0.920624
0.893748  -23.257 0.921057
0.894181 -23.2396  0.92149
0.894615 -23.2223 0.921924
0.895048  -23.205 0.922357
0.895482 -23.1877 0.922791
0.895915 -23.1704 0.923224
0.896349 -23.1531 0.923658
0.896782 -23.1359 0.924091
0.897216 -23.1186 0.924525
0.897649 -23.1014 0.924525
0.898083 -23.0842 0.924958
0.898516 -23.0671 0.925392
 0.89895 -23.0499 0.925825
0.899383 -23.0328 0.926259
0.899817 -23.0156 0.926692
 0.90025 -22.9985 0.927126
0.900684 -22.9815 0.927559
0.901117 -22.9644 0.927993
0.901551 -22.9474 0.928426
0.901984 -22.9303  0.92886
0.902417 -22.9133 0.929293
0.902851 -22.8963 0.929293
0.903284 -22.8793 0.929727
0.903718 -22.8624  0.93016
0.904151 -22.8454 0.930594
0.904585 -22.8285 0.931027
0.905018 -22.8116  0.93146
0.905452 -22.7947 0.931894
0.905885 -22.7779 0.932327
0.906319  -22.761 0.932761
0.906752 -22.7442 0.933194
0.907186 -22.7274 0.933628
0.907619 -22.7106 0.933628
0.908053 -22.6938 0.934061
0.908486  -22.677 0.934495
 0.90892 -22.6603 0.934928
0.909353 -22.6436 0.935362
0.909787 -22.6269 0.935795
 0.91022 -22.6102 0.936229
0.910654 -22.5935 0.936662
0.911087 -22.5768 0.937096
0.911521 -22.5602 0.937529
0.911954 -22.5436 0.937963
0.912387  -22.527 0.938396
0.912821 -22.5104 0.938396
0.913254 -22.4938  0.93883
0.913688 -22.4773 0.939263
0.914121 -22.4607 0.939697
0.914555 -22.4442  0.94013
0.914988 -22.4277 0.940564
0.915422 -22.4112 0.940997
0.915855 -22.3948  0.94143
0.916289 -22.3783 0.941864
0.916722 -22.3619 0.942297
0.917156 -22.3455 0.942731
0.917589 -22.3291 0.942731
0.918023 -22.3127 0.943164
0.918456 -22.2964 0.943598
 0.91889   -22.28 0.944031
0.919323 -22.2637 0.944465
0.919757 -22.2474 0.944898
 0.92019 -22.2311 0.945332
0.920624 -22.2148 0.945765
0.921057 -22.1985 0.946199
 0.92149 -22.1823 0.946632
0.921924 -22.1661 0.947066
0.922357 -22.1499 0.947499
0.922791 -22.1337 0.947499
0.923224 -22.1175 0.947933
0.923658 -22.1013 0.948366
0.924091 -22.0852   0.9488
0.924525 -22.0691 0.949233
0.924958  -22.053 0.949667
0.925392 -22.0369   0.9501
0.925825 -22.0208 0.950534
0.926259 -22.0048 0.950967
0.926692 -21.9887   0.9514
0.927126 -21.9727 0.951834
0.927559 -21.9567 0.951834
0.927993 -21.9407 0.952267
0.928426 -21.9247 0.952701
 0.92886 -21.9088 0.953134
0.929293 -21.8928 0.953568
0.929727 -21.8769 0.954001
 0.93016  -21.861 0.954435
0.930594 -21.8451 0.954868
0.931027 -21.8292 0.955302
 0.93146 -21.8134 0.955735
0.931894 -21.7975 0.956169
0.932327 -21.7817 0.956169
0.932761 -21.7659 0.956602
0.933194 -21.7501 0.957036
0.933628 -21.7343 0.957469
0.934061 -21.7186 0.957903
0.934495 -21.7028 0.958336
0.934928 -21.6871  0.95877
0.935362 -21.6714 0.959203
0.935795 -21.6557 0.959637
0.936229   -21.64  0.96007
0.936662 -21.6244 0.960504
0.937096 -21.6087 0.960937
0.937529 -21.5931 0.960937
0.937963 -21.5775  0.96137
0.938396 -21.5619 0.961804
 0.93883 -21.5463 0.962237
0.939263 -21.5307 0.962671
0.939697 -21.5152 0.963104
 0.94013 -21.4996 0.963538
0.940564 -21.4841 0.963971
0.940997 -21.4686 0.964405
 0.94143 -21.4531 0.964838
0.941864 -21.4377 0.965272
0.942297 -21.4222 0.965272
0.942731 -21.4068 0.965705
0.943164 -21.3913 0.966139
0.943598 -21.3759 0.966572
0.944031 -21.3605 0.967006
0.944465 -21.3452 0.967439
0.944898 -21.3298 0.967873
0.945332 -21.3145 0.968306
0.945765 -21.2991  0.96874
0.946199 -21.2838 0.969173
0.946632 -21.2685 0.969607
0.947066 -21.2532 0.969607
0.947499  -21.238  0.97004
0.947933 -21.2227 0.970473
0.948366 -21.2075 0.970907
  0.9488 -21.1923  0.97134
0.949233 -21.1771 0.971774
0.949667 -21.1619 0.972207
  0.9501 -21.1467 0.972641
0.950534 -21.1316 0.973074
0.950967 -21.1164 0.973508
  0.9514 -21.1013 0.973941
0.951834 -21.0862 0.973941
0.952267 -21.0711 0.974375
0.952701  -21.056 0.974808
0.953134 -21.0409 0.975242
0.953568 -21.0259 0.975675
0.954001 -21.0108 0.976109
0.954435 -20.9958 0.976542
0.954868 -20.9808 0.976976
0.955302 -20.9658 0.977409
0.955735 -20.9509 0.977843
0.956169 -20.9359 0.978276
0.956602  -20.921  0.97871
0.957036  -20.906  0.97871
0.957469 -20.8911 0.979143
0.957903 -20.8762 0.979577
0.958336 -20.8613  0.98001
 0.95877 -20.8465 0.980443
0.959203 -20.8316 0.980877
0.959637 -20.8168  0.98131
 0.96007  -20.802 0.981744
0.960504 -20.7872 0.982177
0.960937 -20.7724 0.982611
 0.96137 -20.7576 0.983044
0.961804 -20.7428 0.983044
0.962237 -20.7281 0.983478
0.962671 -20.7134 0.983911
0.963104 -20.6986 0.984345
0.963538 -20.6839 0.984778
0.963971 -20.6692 0.985212
0.964405 -20.6546 0.985645
0.964838 -20.6399 0.986079
0.965272 -20.6253 0.986512
0.965705 -20.6106 0.986946
0.966139  -20.596 0.987379
0.966572 -20.5814 0.987379
0.967006 -20.5668 0.987813
0.967439 -20.5523 0.988246
0.967873 -20.5377  0.98868
0.968306 -20.5232 0.989113
 0.96874 -20.5086 0.989547
0.969173 -20.4941  0.98998
0.969607 -20.4796 0.990413
 0.97004 -20.4652 0.990847
0.970473 -20.4507  0.99128
0.970907 -20.4362 0.991714
 0.97134 -20.4218 0.991714
0.971774 -20.4074 0.992147
0.972207  -20.393 0.992581
0.972641 -20.3786 0.993014
0.973074 -20.3642 0.993448
0.973508 -20.3498 0.993881
0.973941 -20.3355 0.994315
0.974375 -20.3211 0.994748
0.974808 -20.3068 0.995182
0.975242 -20.2925 0.995615
0.975675 -20.2782 0.996049
0.976109 -20.2639 0.996049
0.976542 -20.2497 0.996482
0.976976 -20.2354 0.996916
0.977409 -20.2212 0.997349
0.977843 -20.2069 0.997783
0.978276 -20.1927 0.998216
 0.97871 -20.1785  0.99865
0.979143 -20.1644 0.999083
0.979577 -20.1502 0.999517
 0.98001  -20.136  0.99995
0.980443 -20.1219  1.00038
0.980877 -20.1078  1.00038
 0.98131 -20.0937  1.00082
0.981744 -20.0796  1.00125
0.982177 -20.0655  1.00168
0.982611 -20.0514  1.00212
0.983044 -20.0374  1.00255
0.983478 -20.0233  1.00298
0.983911 -20.0093  1.00342
0.984345 -19.9953  1.00385
0.984778 -19.9813  1.00428
0.985212 -19.9673  1.00472
0.985645 -19.9533  1.00472
0.986079 -19.9394  1.00515
0.986512 -19.9254  1.00559
0.986946 -19.9115  1.00602
0.987379 -19.8976  1.00645
0.987813 -19.8837  1.00689
0.988246 -19.8698  1.00732
 0.98868 -19.8559  1.00775
0.989113 -19.8421  1.00819
0.989547 -19.8282  1.00862
 0.98998 -19.8144  1.00905
0.990413 -19.8006  1.00905
0.990847 -19.7868  1.00949
 0.99128  -19.773  1.00992
0.991714 -19.7592  1.01035
0.992147 -19.7454  1.01079
0.992581 -19.7317  1.01122
0.993014 -19.7179  1.01165
0.993448 -19.7042  1.01209
0.993881 -19.6905  1.01252
0.994315 -19.6768  1.01295
0.994748 -19.6631  1.01339
0.995182 -19.6494  1.01382
0.995615 -19.6358  1.01382
0.996049 -19.6221  1.01425
0.996482 -19.6085  1.01469
0.996916 -19.5949  1.01512
0.997349 -19.5813  1.01556
0.997783 -19.5677  1.01599
0.998216 -19.5541  1.01642
 0.99865 -19.5406  1.01686
0.999083  -19.527  1.01729
0.999517 -19.5135  1.01772
 0.99995    -19.5  1.01772
 1.00038 -19.4864  1.01816
 1.00082 -19.4729  1.01859
 1.00125 -19.4595  1.01902
 1.00168  -19.446  1.01946
 1.00212 -19.4325  1.01989
 1.00255 -19.4191  1.02032
 1.00298 -19.4057  1.02076
 1.00342 -19.3922  1.02119
 1.00385 -19.3788  1.02162
 1.00428 -19.3654  1.02206
 1.00472 -19.3521  1.02249
 1.00515 -19.3387  1.02249
 1.00559 -19.3253  1.02292
 1.00602  -19.312  1.02336
 1.00645 -19.2987  1.02379
 1.00689 -19.2854  1.02422
 1.00732 -19.2721  1.02466
 1.00775 -19.2588  1.02509
 1.00819 -19.2455  1.02553
 1.00862 -19.2322  1.02596
 1.00905  -19.219  1.02639
 1.00949 -19.2058  1.02639
 1.00992 -19.1925  1.02683
 1.01035 -19.1793  1.02726
 1.01079 -19.1661  1.02769
 1.01122 -19.1529  1.02813
 1.01165 -19.1398  1.02856
 1.01209 -19.1266  1.02899
 1.01252 -19.1135  1.02943
 1.01295 -19.1003  1.02986
 1.01339 -19.0872  1.03029
 1.01382 -19.0741  1.03073
 1.01425  -19.061  1.03073
 1.01469 -19.0479  1.03116
 1.01512 -19.0349  1.03159
 1.01556 -19.0218  1.03203
 1.01599 -19.0088  1.03246
 1.01642 -18.9957  1.03289
 1.01686 -18.9827  1.03333
 1.01729 -18.9697  1.03376
 1.01772 -18.9567  1.03419
 1.01816 -18.9437  1.03463
 1.01859 -18.9308  1.03506
 1.01902 -18.9178  1.03506
 1.01946 -18.9049   1.0355
 1.01989 -18.8919  1.03593
 1.02032  -18.879  1.03636
 1.02076 -18.8661   1.0368
 1.02119 -18.8532  1.03723
 1.02162 -18.8403  1.03766
 1.02206 -18.8275   1.0381
 1.02249 -18.8146  1.03853
 1.02292 -18.8018  1.03896
 1.02336 -18.7889   1.0394
 1.02379 -18.7761   1.0394
 1.02422 -18.7633  1.03983
 1.02466 -18.7505  1.04026
 1.02509 -18.7377   1.0407
 1.02553  -18.725  1.04113
 1.02596 -18.7122  1.04156
 1.02639 -18.6995    1.042
 1.02683 -18.6867  1.04243
 1.02726  -18.674  1.04286
 1.02769 -18.6613   1.0433
 1.02813 -18.6486  1.04373
 1.02856 -18.6359  1.04373
 1.02899 -18.6232  1.04416
 1.02943 -18.6106   1.0446
 1.02986 -18.5979  1.04503
 1.03029 -18.5853  1.04547
 1.03073 -18.5727   1.0459
 1.03116 -18.5601  1.04633
 1.03159 -18.5475  1.04677
 1.03203 -18.5349   1.0472
 1.03246 -18.5223  1.04763
 1.03289 -18.5097  1.04807
 1.03333 -18.4972  1.04807
 1.03376 -18.4847   1.0485
 1.03419 -18.4721  1.04893
 1.03463 -18.4596  1.04937
 1.03506 -18.4471   1.0498
  1.0355 -18.4346  1.05023
 1.03593 -18.4221  1.05067
 1.03636 -18.4097   1.0511
  1.0368 -18.3972  1.05153
 1.03723 -18.3848  1.05197
 1.03766 -18.3723   1.0524
  1.0381 -18.3599   1.0524
 1.03853 -18.3475  1.05283
 1.03896 -18.3351  1.05327
  1.0394 -18.3227   1.0537
 1.03983 -18.3104  1.05413
 1.04026  -18.298  1.05457
  1.0407 -18.2857    1.055
 1.04113 -18.2733  1.05544
 1.04156  -18.261  1.05587
   1.042 -18.2487   1.0563
 1.04243 -18.2364  1.05674
 1.04286 -18.2241  1.05674
  1.0433 -18.2118  1.05717
 1.04373 -18.1995   1.0576
 1.04416 -18.1873  1.05804
  1.0446  -18.175  1.05847
 1.04503 -18.1628   1.0589
 1.04547 -18.1506  1.05934
  1.0459 -18.1384  1.05977
 1.04633 -18.1262   1.0602
 1.04677  -18.114  1.06064
  1.0472 -18.1018  1.06107
 1.04763 -18.0897  1.06107
 1.04807 -18.0775   1.0615
  1.0485 -18.0654  1.06194
 1.04893 -18.0533  1.06237
 1.04937 -18.0411   1.0628
  1.0498  -18.029  1.06324
 1.05023 -18.0169  1.06367
 1.05067 -18.0049   1.0641
  1.0511 -17.9928  1.06454
 1.05153 -17.9807  1.06497
 1.05197 -17.9687  1.06497
  1.0524 -17.9566  1.06541
 1.05283 -17.9446  1.06584
 1.05327 -17.9326  1.06627
  1.0537 -17.9206  1.06671
 1.05413 -17.9086  1.06714
 1.05457 -17.8966  1.06757
   1.055 -17.8847  1.06801
 1.05544 -17.8727  1.06844
 1.05587 -17.8608  1.06887
  1.0563 -17.8488  1.06931
 1.05674 -17.8369  1.06931
 1.05717  -17.825  1.06974
  1.0576 -17.8131  1.07017
 1.05804 -17.8012  1.07061
 1.05847 -17.7893  1.07104
  1.0589 -17.7774  1.07147
 1.05934 -17.7656  1.07191
 1.05977 -17.7537  1.07234
  1.0602 -17.7419  1.07277
 1.06064 -17.7301  1.07321
 1.06107 -17.7183  1.07364
  1.0615 -17.7065  1.07364
 1.06194 -17.6947  1.07407
 1.06237 -17.6829  1.07451
  1.0628 -17.6711  1.07494
 1.06324 -17.6594  1.07538
 1.06367 -17.6476  1.07581
  1.0641 -17.6359  1.07624
 1.06454 -17.6242  1.07668
 1.06497 -17.6125  1.07711
 1.06541 -17.6008  1.07754
 1.06584 -17.5891  1.07798
 1.06627 -17.5774  1.07798
 1.06671 -17.5657  1.07841
 1.06714 -17.5541  1.07884
 1.06757 -17.5424  1.07928
 1.06801 -17.5308  1.07971
 1.06844 -17.5192  1.08014
 1.06887 -17.5075  1.08058
 1.06931 -17.4959  1.08101
 1.06974 -17.4844  1.08144
 1.07017 -17.4728  1.08188
 1.07061 -17.4612  1.08188
 1.07104 -17.4496  1.08231
 1.07147 -17.4381  1.08274
 1.07191 -17.4265  1.08318
 1.07234  -17.415  1.08361
 1.07277 -17.4035  1.08404
 1.07321  -17.392  1.08448
 1.07364 -17.3805  1.08491
 1.07407  -17.369  1.08535
 1.07451 -17.3575  1.08578
 1.07494 -17.3461  1.08621
 1.07538 -17.3346  1.08621
 1.07581 -17.3232  1.08665
 1.07624 -17.3117  1.08708
 1.07668 -17.3003  1.08751
 1.07711 -17.2889  1.08795
 1.07754 -17.2775  1.08838
 1.07798 -17.2661  1.08881
 1.07841 -17.2547  1.08925
 1.07884 -17.2434  1.08968
 1.07928  -17.232  1.09011
 1.07971 -17.2207  1.09055
 1.08014 -17.2093  1.09055
 1.08058  -17.198  1.09098
 1.08101 -17.1867  1.09141
 1.08144 -17.1754  1.09185
 1.08188 -17.1641  1.09228
 1.08231 -17.1528  1.09271
 1.08274 -17.1415  1.09315
 1.08318 -17.1303  1.09358
 1.08361  -17.119  1.09401
 1.08404 -17.1078  1.09445
 1.08448 -17.0965  1.09445
 1.08491 -17.0853  1.09488
 1.08535 -17.0741  1.09532
 1.08578 -17.0629  1.09575
 1.08621 -17.0517  1.09618
 1.08665 -17.0405  1.09662
 1.08708 -17.0294  1.09705
 1.08751 -17.0182  1.09748
 1.08795 -17.0071  1.09792
 1.08838 -16.9959  1.09835
 1.08881 -16.9848  1.09878
 1.08925 -16.9737  1.09878
 1.08968 -16.9626  1.09922
 1.09011 -16.9515  1.09965
 1.09055 -16.9404  1.10008
 1.09098 -16.9293  1.10052
 1.09141 -16.9182  1.10095
 1.09185 -16.9072  1.10138
 1.09228 -16.8961  1.10182
 1.09271 -16.8851  1.10225
 1.09315  -16.874  1.10268
 1.09358  -16.863  1.10312
 1.09401  -16.852  1.10312
 1.09445  -16.841  1.10355
 1.09488   -16.83  1.10398
 1.09532 -16.8191  1.10442
 1.09575 -16.8081  1.10485
 1.09618 -16.7971  1.10529
 1.09662 -16.7862  1.10572
 1.09705 -16.7753  1.10615
 1.09748 -16.7643  1.10659
 1.09792 -16.7534  1.10702
 1.09835 -16.7425  1.10702
 1.09878 -16.7316  1.10745
 1.09922 -16.7207  1.10789
 1.09965 -16.7098  1.10832
 1.10008  -16.699  1.10875
 1.10052 -16.6881  1.10919
 1.10095 -16.6773  1.10962
 1.10138 -16.6664  1.11005
 1.10182 -16.6556  1.11049
 1.10225 -16.6448  1.11092
 1.10268  -16.634  1.11135
 1.10312 -16.6232  1.11135
 1.10355 -16.6124  1.11179
 1.10398 -16.6016  1.11222
 1.10442 -16.5908  1.11265
 1.10485 -16.5801  1.11309
 1.10529 -16.5693  1.11352
 1.10572 -16.5586  1.11395
 1.10615 -16.5479  1.11439
 1.10659 -16.5371  1.11482
 1.10702 -16.5264  1.11526
 1.10745 -16.5157  1.11526
 1.10789  -16.505  1.11569
 1.10832 -16.4944  1.11612
 1.10875 -16.4837  1.11656
 1.10919  -16.473  1.11699
 1.10962 -16.4624  1.11742
 1.11005 -16.4517  1.11786
 1.11049 -16.4411  1.11829
 1.11092 -16.4305  1.11872
 1.11135 -16.4199  1.11916
 1.11179 -16.4093  1.11959
 1.11222 -16.3987  1.11959
 1.11265 -16.3881  1.12002
 1.11309 -16.3775  1.12046
 1.11352 -16.3669  1.12089
 1.11395 -16.3564  1.12132
 1.11439 -16.3458  1.12176
 1.11482 -16.3353  1.12219
 1.11526 -16.3248  1.12262
 1.11569 -16.3143  1.12306
 1.11612 -16.3038  1.12349
 1.11656 -16.2933  1.12392
 1.11699 -16.2828  1.12392
 1.11742 -16.2723  1.12436
 1.11786 -16.2618  1.12479
 1.11829 -16.2514  1.12523
 1.11872 -16.2409  1.12566
 1.11916 -16.2305  1.12609
 1.11959   -16.22  1.12653
 1.12002 -16.2096  1.12696
 1.12046 -16.1992  1.12739
 1.12089 -16.1888  1.12783
 1.12132 -16.1784  1.12783
 1.12176  -16.168  1.12826
 1.12219 -16.1576  1.12869
 1.12262 -16.1473  1.12913
 1.12306 -16.1369  1.12956
 1.12349 -16.1266  1.12999
 1.12392 -16.1162  1.13043
 1.12436 -16.1059  1.13086
 1.12479 -16.0956  1.13129
 1.12523 -16.0853  1.13173
 1.12566  -16.075  1.13216
 1.12609 -16.0647  1.13216
 1.12653 -16.0544  1.13259
 1.12696 -16.0441  1.13303
 1.12739 -16.0338  1.13346
 1.12783 -16.0236  1.13389
 1.12826 -16.0133  1.13433
 1.12869 -16.0031  1.13476
 1.12913 -15.9929   1.1352
 1.12956 -15.9827  1.13563
 1.12999 -15.9725  1.13606
 1.13043 -15.9622  1.13606
 1.13086 -15.9521   1.1365
 1.13129 -15.9419  1.13693
 1.13173 -15.9317  1.13736
 1.13216 -15.9215   1.1378
 1.13259 -15.9114  1.13823
 1.13303 -15.9012  1.13866
 1.13346 -15.8911   1.1391
 1.13389  -15.881  1.13953
 1.13433 -15.8709  1.13996
 1.13476 -15.8607   1.1404
  1.1352 -15.8506   1.1404
 1.13563 -15.8405  1.14083
 1.13606 -15.8305  1.14126
  1.1365 -15.8204   1.1417
 1.13693 -15.8103  1.14213
 1.13736 -15.8003  1.14256
  1.1378 -15.7902    1.143
 1.13823 -15.7802  1.14343
 1.13866 -15.7702  1.14386
  1.1391 -15.7601   1.1443
 1.13953 -15.7501   1.1443
 1.13996 -15.7401  1.14473
  1.1404 -15.7301  1.14517
 1.14083 -15.7201   1.1456
 1.14126 -15.7102  1.14603
  1.1417 -15.7002  1.14647
 1.14213 -15.6902   1.1469
 1.14256 -15.6803  1.14733
   1.143 -15.6704  1.14777
 1.14343 -15.6604   1.1482
 1.14386 -15.6505   1.1482
  1.1443 -15.6406  1.14863
 1.14473 -15.6307  1.14907
 1.14517 -15.6208   1.1495
  1.1456 -15.6109  1.14993
 1.14603  -15.601  1.15037
 1.14647 -15.5911   1.1508
  1.1469 -15.5813  1.15123
 1.14733 -15.5714  1.15167
 1.14777 -15.5616   1.1521
  1.1482 -15.5518  1.15253
 1.14863 -15.5419  1.15253
 1.14907 -15.5321  1.15297
  1.1495 -15.5223   1.1534
 1.14993 -15.5125  1.15383
 1.15037 -15.5027  1.15427
  1.1508 -15.4929   1.1547
 1.15123 -15.4831  1.15514
 1.15167 -15.4734  1.15557
  1.1521 -15.4636    1.156
 1.15253 -15.4539  1.15644
 1.15297 -15.4441  1.15687
  1.1534 -15.4344  1.15687
 1.15383 -15.4247   1.1573
 1.15427  -15.415  1.15774
  1.1547 -15.4053  1.15817
 1.15514 -15.3956   1.1586
 1.15557 -15.3859  1.15904
   1.156 -15.3762  1.15947
 1.15644 -15.3665   1.1599
 1.15687 -15.3569  1.16034
  1.1573 -15.3472  1.16077
 1.15774 -15.3376  1.16077
 1.15817 -15.3279   1.1612
  1.1586 -15.3183  1.16164
 1.15904 -15.3087  1.16207
 1.15947 -15.2991   1.1625
  1.1599 -15.2895  1.16294
 1.16034 -15.2799  1.16337
 1.16077 -15.2703   1.1638
  1.1612 -15.2607  1.16424
 1.16164 -15.2511  1.16467
 1.16207 -15.2416  1.16467
  1.1625  -15.232  1.16511
 1.16294 -15.2225  1.16554
 1.16337 -15.2129  1.16597
  1.1638 -15.2034  1.16641
 1.16424 -15.1939  1.16684
 1.16467 -15.1844  1.16727
 1.16511 -15.1749  1.16771
 1.16554 -15.1654  1.16814
 1.16597 -15.1559  1.16857
 1.16641 -15.1464  1.16901
 1.16684 -15.1369  1.16901
 1.16727 -15.1275  1.16944
 1.16771  -15.118  1.16987
 1.16814 -15.1086  1.17031
 1.16857 -15.0991  1.17074
 1.16901 -15.0897  1.17117
 1.16944 -15.0803  1.17161
 1.16987 -15.0709  1.17204
 1.17031 -15.0615  1.17247
 1.17074 -15.0521  1.17291
 1.17117 -15.0427  1.17291
 1.17161 -15.0333  1.17334
 1.17204 -15.0239  1.17377
 1.17247 -15.0146  1.17421
 1.17291 -15.0052  1.17464
 1.17334 -14.9959  1.17508
 1.17377 -14.9865  1.17551
 1.17421 -14.9772  1.17594
 1.17464 -14.9679  1.17638
 1.17508 -14.9586  1.17681
 1.17551 -14.9493  1.17681
 1.17594   -14.94  1.17724
 1.17638 -14.9307  1.17768
 1.17681 -14.9214  1.17811
 1.17724 -14.9121  1.17854
 1.17768 -14.9028  1.17898
 1.17811 -14.8936  1.17941
 1.17854 -14.8843  1.17984
 1.17898 -14.8751  1.18028
 1.17941 -14.8659  1.18071
 1.17984 -14.8566  1.18114
 1.18028 -14.8474  1.18114
 1.18071 -14.8382  1.18158
 1.18114  -14.829  1.18201
 1.18158 -14.8198  1.18244
 1.18201 -14.8106  1.18288
 1.18244 -14.8014  1.18331
 1.18288 -14.7923  1.18374
 1.18331 -14.7831  1.18418
 1.18374  -14.774  1.18461
 1.18418 -14.7648  1.18505
 1.18461 -14.7557  1.18505
 1.18505 -14.7465  1.18548
 1.18548 -14.7374  1.18591
 1.18591 -14.7283  1.18635
 1.18635 -14.7192  1.18678
 1.18678 -14.7101  1.18721
 1.18721  -14.701  1.18765
 1.18765 -14.6919  1.18808
 1.18808 -14.6828  1.18851
 1.18851 -14.6738  1.18895
 1.18895 -14.6647  1.18895
 1.18938 -14.6557  1.18938
 1.18981 -14.6466  1.18981
 1.19025 -14.6376  1.19025
 1.19068 -14.6285  1.19068
 1.19111 -14.6195  1.19111
 1.19155 -14.6105  1.19155
 1.19198 -14.6015  1.19198
 1.19241 -14.5925  1.19241
 1.19285 -14.5835  1.19285
 1.19328 -14.5745  1.19328
 1.19371 -14.5656  1.19328
 1.19415 -14.5566  1.19371
 1.19458 -14.5476  1.19415
 1.19502 -14.5387  1.19458
 1.19545 -14.5297  1.19502
 1.19588 -14.5208  1.19545
 1.19632 -14.5119  1.19588
 1.19675  -14.503  1.19632
 1.19718  -14.494  1.19675
 1.19762 -14.4851  1.19718
 1.19805 -14.4762  1.19718
 1.19848 -14.4674  1.19762
 1.19892 -14.4585  1.19805
 1.19935 -14.4496  1.19848
 1.19978 -14.4407  1.19892
 1.20022 -14.4319  1.19935
 1.20065  -14.423  1.19978
 1.20108 -14.4142  1.20022
 1.20152 -14.4053  1.20065
 1.20195 -14.3965  1.20108
 1.20238 -14.3877  1.20108
 1.20282 -14.3789  1.20152
 1.20325 -14.3701  1.20195
 1.20368 -14.3613  1.20238
 1.20412 -14.3525  1.20282
 1.20455 -14.3437  1.20325
 1.20498 -14.3349  1.20368
 1.20542 -14.3261  1.20412
 1.20585 -14.3174  1.20455
 1.20629 -14.3086  1.20498
 1.20672 -14.2999  1.20542
 1.20715 -14.2911  1.20542
 1.20759 -14.2824  1.20585
 1.20802 -14.2737  1.20629
 1.20845  -14.265  1.20672
 1.20889 -14.2562  1.20715
 1.20932 -14.2475  1.20759
 1.20975 -14.2388  1.20802
 1.21019 -14.2302  1.20845
 1.21062 -14.2215  1.20889
 1.21105 -14.2128  1.20932
 1.21149 -14.2041  1.20932
 1.21192 -14.1955  1.20975
 1.21235 -14.1868  1.21019
 1.21279 -14.1782  1.21062
 1.21322 -14.1695  1.21105
 1.21365 -14.1609  1.21149
 1.21409 -14.1523  1.21192
 1.21452 -14.1437  1.21235
 1.21495 -14.1351  1.21279
 1.21539 -14.1265  1.21322
 1.21582 -14.1179  1.21322
 1.21626 -14.1093  1.21365
 1.21669 -14.1007  1.21409
 1.21712 -14.0921  1.21452
 1.21756 -14.0836  1.21495
 1.21799  -14.075  1.21539
 1.21842 -14.0665  1.21582
 1.21886 -14.0579  1.21626
 1.21929 -14.0494  1.21669
 1.21972 -14.0409  1.21712
 1.22016 -14.0324  1.21712
 1.22059 -14.0238  1.21756
 1.22102 -14.0153  1.21799
 1.22146 -14.0068  1.21842
 1.22189 -13.9983  1.21886
 1.22232 -13.9899  1.21929
 1.22276 -13.9814  1.21972
 1.22319 -13.9729  1.22016
 1.22362 -13.9645  1.22059
 1.22406  -13.956  1.22102
 1.22449 -13.9476  1.22146
 1.22492 -13.9391  1.22146
 1.22536 -13.9307  1.22189
 1.22579 -13.9222  1.22232
 1.22623 -13.9138  1.22276
 1.22666 -13.9054  1.22319
 1.22709  -13.897  1.22362
 1.22753 -13.8886  1.22406
 1.22796 -13.8802  1.22449
 1.22839 -13.8718  1.22492
 1.22883 -13.8635  1.22536
 1.22926 -13.8551  1.22536
 1.22969 -13.8467  1.22579
 1.23013 -13.8384  1.22623
 1.23056   -13.83  1.22666
 1.23099 -13.8217  1.22709
 1.23143 -13.8133  1.22753
 1.23186  -13.805  1.22796
 1.23229 -13.7967  1.22839
 1.23273 -13.7884  1.22883
 1.23316 -13.7801  1.22926
 1.23359 -13.7718  1.22926
 1.23403 -13.7635  1.22969
 1.23446 -13.7552  1.23013
 1.23489 -13.7469  1.23056
 1.23533 -13.7386  1.23099
 1.23576 -13.7304  1.23143
  1.2362 -13.7221  1.23186
 1.23663 -13.7139  1.23229
 1.23706 -13.7056  1.23273
  1.2375 -13.6974  1.23316
 1.23793 -13.6891  1.23316
 1.23836 -13.6809  1.23359
  1.2388 -13.6727  1.23403
 1.23923 -13.6645  1.23446
 1.23966 -13.6563  1.23489
  1.2401 -13.6481  1.23533
 1.24053 -13.6399  1.23576
 1.24096 -13.6317   1.2362
  1.2414 -13.6235  1.23663
 1.24183 -13.6154  1.23706
 1.24226 -13.6072  1.23706
  1.2427 -13.5991   1.2375
 1.24313 -13.5909  1.23793
 1.24356 -13.5828  1.23836
   1.244 -13.5746   1.2388
 1.24443 -13.5665  1.23923
 1.24486 -13.5584  1.23966
  1.2453 -13.5503   1.2401
 1.24573 -13.5421  1.24053
 1.24617  -13.534  1.24096
  1.2466  -13.526   1.2414
 1.24703 -13.5179   1.2414
 1.24747 -13.5098  1.24183
  1.2479 -13.5017  1.24226
 1.24833 -13.4936   1.2427
 1.24877 -13.4856  1.24313
  1.2492 -13.4775  1.24356
 1.24963 -13.4695    1.244
 1.25007 -13.4614  1.24443
  1.2505 -13.4534  1.24486
 1.25093 -13.4454   1.2453
 1.25137 -13.4373   1.2453
  1.2518 -13.4293  1.24573
 1.25223 -13.4213  1.24617
 1.25267 -13.4133   1.2466
  1.2531 -13.4053  1.24703
 1.25353 -13.3973  1.24747
 1.25397 -13.3894   1.2479
  1.2544 -13.3814  1.24833
 1.25483 -13.3734  1.24877
 1.25527 -13.3655   1.2492
  1.2557 -13.3575   1.2492
 1.25614 -13.3495  1.24963
 1.25657 -13.3416  1.25007
   1.257 -13.3337   1.2505
 1.25744 -13.3257  1.25093
 1.25787 -13.3178  1.25137
  1.2583 -13.3099   1.2518
 1.25874  -13.302  1.25223
 1.25917 -13.2941  1.25267
  1.2596 -13.2862   1.2531
 1.26004 -13.2783   1.2531
 1.26047 -13.2704  1.25353
  1.2609 -13.2625  1.25397
 1.26134 -13.2547   1.2544
 1.26177 -13.2468  1.25483
  1.2622 -13.2389  1.25527
 1.26264 -13.2311   1.2557
 1.26307 -13.2233  1.25614
  1.2635 -13.2154  1.25657
 1.26394 -13.2076    1.257
 1.26437 -13.1998    1.257
  1.2648 -13.1919  1.25744
 1.26524 -13.1841  1.25787
 1.26567 -13.1763   1.2583
 1.26611 -13.1685  1.25874
 1.26654 -13.1607  1.25917
 1.26697 -13.1529   1.2596
 1.26741 -13.1452  1.26004
 1.26784 -13.1374  1.26047
 1.26827 -13.1296   1.2609
 1.26871 -13.1219   1.2609
 1.26914 -13.1141  1.26134
 1.26957 -13.1064  1.26177
 1.27001 -13.0986   1.2622
 1.27044 -13.0909  1.26264
 1.27087 -13.0832  1.26307
 1.27131 -13.0754   1.2635
 1.27174 -13.0677  1.26394
 1.27217   -13.06  1.26437
 1.27261 -13.0523   1.2648
 1.27304 -13.0446   1.2648
 1.27347 -13.0369  1.26524
 1.27391 -13.0292  1.26567
 1.27434 -13.0215  1.26611
 1.27477 -13.0139  1.26654
 1.27521 -13.0062  1.26697
 1.27564 -12.9985  1.26741
 1.27608 -12.9909  1.26784
 1.27651 -12.9832  1.26827
 1.27694 -12.9756  1.26871
 1.27738  -12.968  1.26871
 1.27781 -12.9603  1.26914
 1.27824 -12.9527  1.26957
 1.27868 -12.9451  1.27001
 1.27911 -12.9375  1.27044
 1.27954 -12.9299  1.27087
 1.27998 -12.9223  1.27131
 1.28041 -12.9147  1.27174
 1.28084 -12.9071  1.27217
 1.28128 -12.8995  1.27261
 1.28171  -12.892  1.27304
 1.28214 -12.8844  1.27304
 1.28258 -12.8768  1.27347
 1.28301 -12.8693  1.27391
 1.28344 -12.8617  1.27434
 1.28388 -12.8542  1.27477
 1.28431 -12.8467  1.27521
 1.28474 -12.8391  1.27564
 1.28518 -12.8316  1.27608
 1.28561 -12.8241  1.27651
 1.28605 -12.8166  1.27694
 1.28648 -12.8091  1.27694
 1.28691 -12.8016  1.27738
 1.28735 -12.7941  1.27781
 1.28778 -12.7866  1.27824
 1.28821 -12.7791  1.27868
 1.28865 -12.7716  1.27911
 1.28908 -12.7642  1.27954
 1.28951 -12.7567  1.27998
 1.28995 -12.7492  1.28041
 1.29038 -12.7418  1.28084
 1.29081 -12.7343  1.28084
 1.29125 -12.7269  1.28128
 1.29168 -12.7195  1.28171
 1.29211  -12.712  1.28214
 1.29255 -12.7046  1.28258
 1.29298 -12.6972  1.28301
 1.29341 -12.6898  1.28344
 1.29385 -12.6824  1.28388
 1.29428  -12.675  1.28431
 1.29471 -12.6676  1.28474
 1.29515 -12.6602  1.28474
 1.29558 -12.6528  1.28518
 1.29602 -12.6455  1.28561
 1.29645 -12.6381  1.28605
 1.29688 -12.6307  1.28648
 1.29732 -12.6234  1.28691
 1.29775  -12.616  1.28735
 1.29818 -12.6087  1.28778
 1.29862 -12.6014  1.28821
 1.29905  -12.594  1.28865
 1.29948 -12.5867  1.28865
 1.29992 -12.5794  1.28908
 1.30035 -12.5721  1.28951
 1.30078 -12.5648  1.28995
 1.30122 -12.5575  1.29038
 1.30165 -12.5502  1.29081
 1.30208 -12.5429  1.29125
 1.30252 -12.5356  1.29168
 1.30295 -12.5283  1.29211
 1.30338  -12.521  1.29255
 1.30382 -12.5138  1.29255
 1.30425 -12.5065  1.29298
 1.30468 -12.4993  1.29341
 1.30512  -12.492  1.29385
 1.30555 -12.4848  1.29428
 1.30599 -12.4775  1.29471
 1.30642 -12.4703  1.29515
 1.30685 -12.4631  1.29558
 1.30729 -12.4559  1.29602
 1.30772 -12.4486  1.29645
 1.30815 -12.4414  1.29645
 1.30859 -12.4342  1.29688
 1.30902  -12.427  1.29732
 1.30945 -12.4198  1.29775
 1.30989 -12.4127  1.29818
 1.31032 -12.4055  1.29862
 1.31075 -12.3983  1.29905
 1.31119 -12.3911  1.29948
 1.31162  -12.384  1.29992
 1.31205 -12.3768  1.30035
 1.31249 -12.3697  1.30035
 1.31292 -12.3625  1.30078
 1.31335 -12.3554  1.30122
 1.31379 -12.3482  1.30165
 1.31422 -12.3411  1.30208
 1.31465  -12.334  1.30252
 1.31509 -12.3269  1.30295
 1.31552 -12.3198  1.30338
 1.31596 -12.3127  1.30382
 1.31639 -12.3056  1.30425
 1.31682 -12.2985  1.30425
 1.31726 -12.2914  1.30468
 1.31769 -12.2843  1.30512
 1.31812 -12.2772  1.30555
 1.31856 -12.2701  1.30599
 1.31899 -12.2631  1.30642
 1.31942  -12.256  1.30685
 1.31986  -12.249  1.30729
 1.32029 -12.2419  1.30772
 1.32072 -12.2349  1.30815
 1.32116 -12.2278  1.30815
 1.32159 -12.2208  1.30859
 1.32202 -12.2138  1.30902
 1.32246 -12.2068  1.30945
 1.32289 -12.1997  1.30989
 1.32332 -12.1927  1.31032
 1.32376 -12.1857  1.31075
 1.32419 -12.1787  1.31119
 1.32462 -12.1717  1.31162
 1.32506 -12.1648  1.31205
 1.32549 -12.1578  1.31205
 1.32593 -12.1508  1.31249
 1.32636 -12.1438  1.31292
 1.32679 -12.1369  1.31335
 1.32723 -12.1299  1.31379
 1.32766 -12.1229  1.31422
 1.32809  -12.116  1.31465
 1.32853 -12.1091  1.31509
 1.32896 -12.1021  1.31552
 1.32939 -12.0952  1.31596
 1.32983 -12.0883  1.31596
 1.33026 -12.0813  1.31639
 1.33069 -12.0744  1.31682
 1.33113 -12.0675  1.31726
 1.33156 -12.0606  1.31769
 1.33199 -12.0537  1.31812
 1.33243 -12.0468  1.31856
 1.33286 -12.0399  1.31899
 1.33329  -12.033  1.31942
 1.33373 -12.0262  1.31986
 1.33416 -12.0193  1.31986
 1.33459 -12.0124  1.32029
 1.33503 -12.0056  1.32072
 1.33546 -11.9987  1.32116
  1.3359 -11.9919  1.32159
 1.33633  -11.985  1.32202
 1.33676 -11.9782  1.32246
  1.3372 -11.9713  1.32289
 1.33763 -11.9645  1.32332
 1.33806 -11.9577  1.32376
  1.3385 -11.9509  1.32376
 1.33893 -11.9441  1.32419
 1.33936 -11.9372  1.32462
  1.3398 -11.9304  1.32506
 1.34023 -11.9236  1.32549
 1.34066 -11.9169  1.32593
  1.3411 -11.9101  1.32636
 1.34153 -11.9033  1.32679
 1.34196 -11.8965  1.32723
  1.3424 -11.8897  1.32766
 1.34283  -11.883  1.32766
 1.34326 -11.8762  1.32809
  1.3437 -11.8695  1.32853
 1.34413 -11.8627  1.32896
 1.34456  -11.856  1.32939
   1.345 -11.8492  1.32983
 1.34543 -11.8425  1.33026
 1.34587 -11.8358  1.33069
  1.3463 -11.8291  1.33113
 1.34673 -11.8223  1.33156
 1.34717 -11.8156  1.33156
  1.3476 -11.8089  1.33199
 1.34803 -11.8022  1.33243
 1.34847 -11.7955  1.33286
  1.3489 -11.7888  1.33329
 1.34933 -11.7822  1.33373
 1.34977 -11.7755  1.33416
  1.3502 -11.7688  1.33459
 1.35063 -11.7621  1.33503
 1.35107 -11.7555  1.33503
  1.3515 -11.7488  1.33546
 1.35193 -11.7422   1.3359
 1.35237 -11.7355  1.33633
  1.3528 -11.7289  1.33676
 1.35323 -11.7222   1.3372
 1.35367 -11.7156  1.33763
  1.3541  -11.709  1.33806
 1.35453 -11.7023   1.3385
 1.35497 -11.6957  1.33893
  1.3554 -11.6891  1.33893
 1.35584 -11.6825  1.33936
 1.35627 -11.6759   1.3398
  1.3567 -11.6693  1.34023
 1.35714 -11.6627  1.34066
 1.35757 -11.6561   1.3411
   1.358 -11.6495  1.34153
 1.35844  -11.643  1.34196
 1.35887 -11.6364   1.3424
  1.3593 -11.6298  1.34283
 1.35974 -11.6233  1.34283
 1.36017 -11.6167  1.34326
  1.3606 -11.6102   1.3437
 1.36104 -11.6036  1.34413
 1.36147 -11.5971  1.34456
  1.3619 -11.5905    1.345
 1.36234  -11.584  1.34543
 1.36277 -11.5775  1.34587
  1.3632  -11.571   1.3463
 1.36364 -11.5644  1.34673
 1.36407 -11.5579  1.34673
  1.3645 -11.5514  1.34717
 1.36494 -11.5449   1.3476
 1.36537 -11.5384  1.34803
 1.36581 -11.5319  1.34847
 1.36624 -11.5255   1.3489
 1.36667  -11.519  1.34933
 1.36711 -11.5125  1.34977
 1.36754  -11.506   1.3502
 1.36797 -11.4996  1.35063
 1.36841 -11.4931  1.35063
 1.36884 -11.4867  1.35107
 1.36927 -11.4802   1.3515
 1.36971 -11.4738  1.35193
 1.37014 -11.4673  1.35237
 1.37057 -11.4609   1.3528
 1.37101 -11.4545  1.35323
 1.37144  -11.448  1.35367
 1.37187 -11.4416   1.3541
 1.37231 -11.4352  1.35453
 1.37274 -11.4288  1.35453
 1.37317 -11.4224  1.35497
 1.37361  -11.416   1.3554
 1.37404 -11.4096  1.35584
 1.37447 -11.4032  1.35627
 1.37491 -11.3968   1.3567
 1.37534 -11.3904  1.35714
 1.37578 -11.3841  1.35757
 1.37621 -11.3777    1.358
 1.37664 -11.3713  1.35844
 1.37708  -11.365  1.35844
 1.37751 -11.3586  1.35887
 1.37794 -11.3523   1.3593
 1.37838 -11.3459  1.35974
 1.37881 -11.3396  1.36017
 1.37924 -11.3332   1.3606
 1.37968 -11.3269  1.36104
 1.38011 -11.3206  1.36147
 1.38054 -11.3143   1.3619
 1.38098 -11.3079  1.36234
 1.38141 -11.3016  1.36234
 1.38184 -11.2953  1.36277
 1.38228  -11.289   1.3632
 1.38271 -11.2827  1.36364
 1.38314 -11.2764  1.36407
 1.38358 -11.2701   1.3645
 1.38401 -11.2639  1.36494
 1.38444 -11.2576  1.36537
 1.38488 -11.2513  1.36581
 1.38531  -11.245  1.36581
 1.38575 -11.2388  1.36624
 1.38618 -11.2325  1.36667
 1.38661 -11.2263  1.36711
 1.38705   -11.22  1.36754
 1.38748 -11.2138  1.36797
 1.38791 -11.2075  1.36841
 1.38835 -11.2013  1.36884
 1.38878 -11.1951  1.36927
 1.38921 -11.1889  1.36971
 1.38965 -11.1826  1.36971
 1.39008 -11.1764  1.37014
 1.39051 -11.1702  1.37057
 1.39095  -11.164  1.37101
 1.39138 -11.1578  1.37144
 1.39181 -11.1516  1.37187
 1.39225 -11.1454  1.37231
 1.39268 -11.1392  1.37274
 1.39311  -11.133  1.37317
 1.39355 -11.1269  1.37361
 1.39398 -11.1207  1.37361
 1.39441 -11.1145  1.37404
 1.39485 -11.1084  1.37447
 1.39528 -11.1022  1.37491
 1.39572  -11.096  1.37534
 1.39615 -11.0899  1.37578
 1.39658 -11.0838  1.37621
 1.39702 -11.0776  1.37664
 1.39745 -11.0715  1.37708
 1.39788 -11.0654  1.37751
 1.39832 -11.0592  1.37751
 1.39875 -11.0531  1.37794
 1.39918  -11.047  1.37838
 1.39962 -11.0409  1.37881
 1.40005 -11.0348  1.37924
 1.40048 -11.0287  1.37968
 1.40092 -11.0226  1.38011
 1.40135 -11.0165  1.38054
 1.40178 -11.0104  1.38098
 1.40222 -11.0043  1.38141
 1.40265 -10.9982  1.38141
 1.40308 -10.9922  1.38184
 1.40352 -10.9861  1.38228
 1.40395   -10.98  1.38271
 1.40438  -10.974  1.38314
 1.40482 -10.9679  1.38358
 1.40525 -10.9618  1.38401
 1.40569 -10.9558  1.38444
 1.40612 -10.9498  1.38488
 1.40655 -10.9437  1.38531
 1.40699 -10.9377  1.38531
 1.40742 -10.9317  1.38575
 1.40785 -10.9256  1.38618
 1.40829 -10.9196  1.38661
 1.40872 -10.9136  1.38705
 1.40915 -10.9076  1.38748
 1.40959 -10.9016  1.38791
 1.41002 -10.8956  1.38835
 1.41045 -10.8896  1.38878
 1.41089 -10.8836  1.38878
 1.41132 -10.8776  1.38921
 1.41175 -10.8716  1.38965
 1.41219 -10.8656  1.39008
 1.41262 -10.8597  1.39051
 1.41305 -10.8537  1.39095
 1.41349 -10.8477  1.39138
 1.41392 -10.8418  1.39181
 1.41435 -10.8358  1.39225
 1.41479 -10.8299  1.39268
 1.41522 -10.8239  1.39268
 1.41566  -10.818  1.39311
 1.41609  -10.812  1.39355
 1.41652 -10.8061  1.39398
 1.41696 -10.8002  1.39441
 1.41739 -10.7943  1.39485
 1.41782 -10.7883  1.39528
 1.41826 -10.7824  1.39572
 1.41869 -10.7765  1.39615
 1.41912 -10.7706  1.39658
 1.41956 -10.7647  1.39658
 1.41999 -10.7588  1.39702
 1.42042 -10.7529  1.39745
 1.42086  -10.747  1.39788
 1.42129 -10.7411  1.39832
 1.42172 -10.7353  1.39875
 1.42216 -10.7294  1.39918
 1.42259 -10.7235  1.39962
 1.42302 -10.7177  1.40005
 1.42346 -10.7118  1.40048
 1.42389 -10.7059  1.40048
 1.42432 -10.7001  1.40092
 1.42476 -10.6942  1.40135
 1.42519 -10.6884  1.40178
 1.42563 -10.6825  1.40222
 1.42606 -10.6767  1.40265
 1.42649 -10.6709  1.40308
 1.42693 -10.6651  1.40352
 1.42736 -10.6592  1.40395
 1.42779 -10.6534  1.40395
 1.42823 -10.6476  1.40438
 1.42866 -10.6418  1.40482
 1.42909  -10.636  1.40525
 1.42953 -10.6302  1.40569
 1.42996 -10.6244  1.40612
 1.43039 -10.6186  1.40655
 1.43083 -10.6128  1.40699
 1.43126  -10.607  1.40742
 1.43169 -10.6013  1.40785
 1.43213 -10.5955  1.40785
 1.43256 -10.5897  1.40829
 1.43299 -10.5839  1.40872
 1.43343 -10.5782  1.40915
 1.43386 -10.5724  1.40959
 1.43429 -10.5667  1.41002
 1.43473 -10.5609  1.41045
 1.43516 -10.5552  1.41089
  1.4356 -10.5494  1.41132
 1.43603 -10.5437  1.41175
 1.43646  -10.538  1.41175
  1.4369 -10.5322  1.41219
 1.43733 -10.5265  1.41262
 1.43776 -10.5208  1.41305
  1.4382 -10.5151  1.41349
 1.43863 -10.5094  1.41392
 1.43906 -10.5037  1.41435
  1.4395  -10.498  1.41479
 1.43993 -10.4923  1.41522
 1.44036 -10.4866  1.41566
  1.4408 -10.4809  1.41566
 1.44123 -10.4752  1.41609
 1.44166 -10.4695  1.41652
  1.4421 -10.4638  1.41696
 1.44253 -10.4582  1.41739
 1.44296 -10.4525  1.41782
  1.4434 -10.4468  1.41826
 1.44383 -10.4412  1.41869
 1.44426 -10.4355  1.41912
  1.4447 -10.4299  1.41956
 1.44513 -10.4242  1.41956
 1.44557 -10.4186  1.41999
   1.446  -10.413  1.42042
 1.44643 -10.4073  1.42086
 1.44687 -10.4017  1.42129
  1.4473 -10.3961  1.42172
 1.44773 -10.3904  1.42216
 1.44817 -10.3848  1.42259
  1.4486 -10.3792  1.42302
 1.44903 -10.3736  1.42302
 1.44947  -10.368  1.42346
  1.4499 -10.3624  1.42389
 1.45033 -10.3568  1.42432
 1.45077 -10.3512  1.42476
  1.4512 -10.3456  1.42519
 1.45163   -10.34  1.42563
 1.45207 -10.3345  1.42606
  1.4525 -10.3289  1.42649
 1.45293 -10.3233  1.42693
 1.45337 -10.3177  1.42693
  1.4538 -10.3122  1.42736
 1.45423 -10.3066  1.42779
 1.45467 -10.3011  1.42823
  1.4551 -10.2955  1.42866
 1.45554   -10.29  1.42909
 1.45597 -10.2844  1.42953
  1.4564 -10.2789  1.42996
 1.45684 -10.2734  1.43039
 1.45727 -10.2678  1.43083
  1.4577 -10.2623  1.43083
 1.45814 -10.2568  1.43126
 1.45857 -10.2513  1.43169
   1.459 -10.2457  1.43213
 1.45944 -10.2402  1.43256
 1.45987 -10.2347  1.43299
  1.4603 -10.2292  1.43343
 1.46074 -10.2237  1.43386
 1.46117 -10.2182  1.43429
  1.4616 -10.2128  1.43473
 1.46204 -10.2073  1.43473
 1.46247 -10.2018  1.43516
  1.4629 -10.1963   1.4356
 1.46334 -10.1908  1.43603
 1.46377 -10.1854  1.43646
  1.4642 -10.1799   1.4369
 1.46464 -10.1744  1.43733
 1.46507  -10.169  1.43776
 1.46551 -10.1635   1.4382
 1.46594 -10.1581   1.4382
 1.46637 -10.1526  1.43863
 1.46681 -10.1472  1.43906
 1.46724 -10.1418   1.4395
 1.46767 -10.1363  1.43993
 1.46811 -10.1309  1.44036
 1.46854 -10.1255   1.4408
 1.46897   -10.12  1.44123
 1.46941 -10.1146  1.44166
 1.46984 -10.1092   1.4421
 1.47027 -10.1038   1.4421
 1.47071 -10.0984  1.44253
 1.47114  -10.093  1.44296
 1.47157 -10.0876   1.4434
 1.47201 -10.0822  1.44383
 1.47244 -10.0768  1.44426
 1.47287 -10.0714   1.4447
 1.47331 -10.0661  1.44513
 1.47374 -10.0607  1.44557
 1.47417 -10.0553  1.44557
 1.47461 -10.0499    1.446
 1.47504 -10.0446  1.44643
 1.47548 -10.0392  1.44687
 1.47591 -10.0338   1.4473
 1.47634 -10.0285  1.44773
 1.47678 -10.0231  1.44817
 1.47721 -10.0178   1.4486
 1.47764 -10.0125  1.44903
 1.47808 -10.0071  1.44947
 1.47851 -10.0018  1.44947
 1.47894 -9.99645   1.4499
 1.47938 -9.99112  1.45033
 1.47981  -9.9858  1.45077
 1.48024 -9.98048   1.4512
 1.48068 -9.97517  1.45163
 1.48111 -9.96986  1.45207
 1.48154 -9.96455   1.4525
 1.48198 -9.95925  1.45293
 1.48241 -9.95395  1.45337
 1.48284 -9.94865  1.45337
 1.48328 -9.94336   1.4538
 1.48371 -9.93807  1.45423
 1.48414 -9.93279  1.45467
 1.48458 -9.92751   1.4551
 1.48501 -9.92223  1.45554
 1.48545 -9.91696  1.45597
 1.48588 -9.91169   1.4564
 1.48631 -9.90643  1.45684
 1.48675 -9.90117  1.45684
 1.48718 -9.89591  1.45727
 1.48761 -9.89066   1.4577
 1.48805 -9.88541  1.45814
 1.48848 -9.88016  1.45857
 1.48891 -9.87492    1.459
 1.48935 -9.86968  1.45944
 1.48978 -9.86445  1.45987
 1.49021 -9.85922   1.4603
 1.49065   -9.854  1.46074
 1.49108 -9.84877  1.46074
 1.49151 -9.84355  1.46117
 1.49195 -9.83834   1.4616
 1.49238 -9.83313  1.46204
 1.49281 -9.82792  1.46247
 1.49325 -9.82271   1.4629
 1.49368 -9.81751  1.46334
 1.49411 -9.81232  1.46377
 1.49455 -9.80713   1.4642
 1.49498 -9.80194  1.46464
 1.49542 -9.79676  1.46464
 1.49585 -9.79157  1.46507
 1.49628  -9.7864  1.46551
 1.49672 -9.78122  1.46594
 1.49715 -9.77605  1.46637
 1.49758 -9.77089  1.46681
 1.49802 -9.76572  1.46724
 1.49845 -9.76057  1.46767
 1.49888 -9.75541  1.46811
 1.49932 -9.75026  1.46854
 1.49975 -9.74511  1.46854
 1.50018 -9.73997  1.46897
 1.50062 -9.73483  1.46941
 1.50105 -9.72969  1.46984
 1.50148 -9.72456  1.47027
 1.50192 -9.71943  1.47071
 1.50235 -9.71431  1.47114
 1.50278 -9.70919  1.47157
 1.50322 -9.70407  1.47201
 1.50365 -9.69896  1.47201
 1.50408 -9.69385  1.47244
 1.50452 -9.68874  1.47287
 1.50495 -9.68364  1.47331
 1.50539 -9.67854  1.47374
 1.50582 -9.67344  1.47417
 1.50625 -9.66835  1.47461
 1.50669 -9.66326  1.47504
 1.50712 -9.65818  1.47548
 1.50755  -9.6531  1.47591
 1.50799 -9.64802  1.47591
 1.50842 -9.64295  1.47634
 1.50885 -9.63788  1.47678
 1.50929 -9.63281  1.47721
 1.50972 -9.62775  1.47764
 1.51015 -9.62269  1.47808
 1.51059 -9.61763  1.47851
 1.51102 -9.61258  1.47894
 1.51145 -9.60754  1.47938
 1.51189 -9.60249  1.47938
 1.51232 -9.59745  1.47981
 1.51275 -9.59241  1.48024
 1.51319 -9.58738  1.48068
 1.51362 -9.58235  1.48111
 1.51405 -9.57732  1.48154
 1.51449  -9.5723  1.48198
 1.51492 -9.56728  1.48241
 1.51536 -9.56227  1.48284
 1.51579 -9.55726  1.48328
 1.51622 -9.55225  1.48328
 1.51666 -9.54724  1.48371
 1.51709 -9.54224  1.48414
 1.51752 -9.53725  1.48458
 1.51796 -9.53225  1.48501
 1.51839 -9.52726  1.48545
 1.51882 -9.52228  1.48588
 1.51926 -9.51729  1.48631
 1.51969 -9.51231  1.48675
 1.52012 -9.50734  1.48718
 1.52056 -9.50237  1.48718
 1.52099  -9.4974  1.48761
 1.52142 -9.49243  1.48805
 1.52186 -9.48747  1.48848
 1.52229 -9.48251  1.48891
 1.52272 -9.47756  1.48935
 1.52316 -9.47261  1.48978
 1.52359 -9.46766  1.49021
 1.52402 -9.46272  1.49065
 1.52446 -9.45778  1.49065
 1.52489 -9.45284  1.49108
 1.52533 -9.44791  1.49151
 1.52576 -9.44298  1.49195
 1.52619 -9.43805  1.49238
 1.52663 -9.43313  1.49281
 1.52706 -9.42821  1.49325
 1.52749 -9.42329  1.49368
 1.52793 -9.41838  1.49411
 1.52836 -9.41347  1.49455
 1.52879 -9.40857  1.49455
 1.52923 -9.40367  1.49498
 1.52966 -9.39877  1.49542
 1.53009 -9.39387  1.49585
 1.53053 -9.38898  1.49628
 1.53096 -9.38409  1.49672
 1.53139 -9.37921  1.49715
 1.53183 -9.37433  1.49758
 1.53226 -9.36945  1.49802
 1.53269 -9.36458  1.49845
 1.53313 -9.35971  1.49845
 1.53356 -9.35484  1.49888
 1.53399 -9.34998  1.49932
 1.53443 -9.34512  1.49975
 1.53486 -9.34026  1.50018
  1.5353 -9.33541  1.50062
 1.53573 -9.33056  1.50105
 1.53616 -9.32572  1.50148
  1.5366 -9.32087  1.50192
 1.53703 -9.31604  1.50192
 1.53746  -9.3112  1.50235
  1.5379 -9.30637  1.50278
 1.53833 -9.30154  1.50322
 1.53876 -9.29671  1.50365
  1.5392 -9.29189  1.50408
 1.53963 -9.28707  1.50452
 1.54006 -9.28226  1.50495
  1.5405 -9.27745  1.50539
 1.54093 -9.27264  1.50582
 1.54136 -9.26783  1.50582
  1.5418 -9.26303  1.50625
 1.54223 -9.25823  1.50669
 1.54266 -9.25344  1.50712
  1.5431 -9.24865  1.50755
 1.54353 -9.24386  1.50799
 1.54396 -9.23907  1.50842
  1.5444 -9.23429  1.50885
 1.54483 -9.22952  1.50929
 1.54527 -9.22474  1.50929
  1.5457 -9.21997  1.50972
 1.54613  -9.2152  1.51015
 1.54657 -9.21044  1.51059
   1.547 -9.20568  1.51102
 1.54743 -9.20092  1.51145
 1.54787 -9.19617  1.51189
  1.5483 -9.19142  1.51232
 1.54873 -9.18667  1.51275
 1.54917 -9.18193  1.51319
  1.5496 -9.17719  1.51319
 1.55003 -9.17245  1.51362
 1.55047 -9.16771  1.51405
  1.5509 -9.16298  1.51449
 1.55133 -9.15826  1.51492
 1.55177 -9.15353  1.51536
  1.5522 -9.14881  1.51579
 1.55263  -9.1441  1.51622
 1.55307 -9.13938  1.51666
  1.5535 -9.13467  1.51709
 1.55393 -9.12996  1.51709
 1.55437 -9.12526  1.51752
  1.5548 -9.12056  1.51796
 1.55524 -9.11586  1.51839
 1.55567 -9.11117  1.51882
  1.5561 -9.10648  1.51926
 1.55654 -9.10179  1.51969
 1.55697 -9.09711  1.52012
  1.5574 -9.09243  1.52056
 1.55784 -9.08775  1.52056
 1.55827 -9.08307  1.52099
  1.5587  -9.0784  1.52142
 1.55914 -9.07374  1.52186
 1.55957 -9.06907  1.52229
    1.56 -9.06441  1.52272
 1.56044 -9.05975  1.52316
 1.56087  -9.0551  1.52359
  1.5613 -9.05045  1.52402
 1.56174  -9.0458  1.52402
 1.56217 -9.04116  1.52446
  1.5626 -9.03651  1.52489
 1.56304 -9.03187  1.52533
 1.56347 -9.02724  1.52576
  1.5639 -9.02261  1.52619
 1.56434 -9.01798  1.52663
 1.56477 -9.01336  1.52706
 1.56521 -9.00873  1.52749
 1.56564 -9.00412  1.52793
 1.56607  -8.9995  1.52793
 1.56651 -8.99489  1.52836
 1.56694 -8.99028  1.52879
 1.56737 -8.98567  1.52923
 1.56781 -8.98107  1.52966
 1.56824 -8.97647  1.53009
 1.56867 -8.97188  1.53053
 1.56911 -8.96728  1.53096
 1.56954 -8.96269  1.53139
 1.56997 -8.95811  1.53183
 1.57041 -8.95352  1.53183
 1.57084 -8.94894  1.53226
 1.57127 -8.94437  1.53269
 1.57171 -8.93979  1.53313
 1.57214 -8.93522  1.53356
 1.57257 -8.93066  1.53399
 1.57301 -8.92609  1.53443
 1.57344 -8.92153  1.53486
 1.57387 -8.91697   1.5353
 1.57431 -8.91242   1.5353
 1.57474 -8.90787  1.53573
 1.57518 -8.90332  1.53616
 1.57561 -8.89877   1.5366
 1.57604 -8.89423  1.53703
 1.57648 -8.88969  1.53746
 1.57691 -8.88516   1.5379
 1.57734 -8.88063  1.53833
 1.57778  -8.8761  1.53876
 1.57821 -8.87157  1.53876
 1.57864 -8.86705   1.5392
 1.57908 -8.86253  1.53963
 1.57951 -8.85801  1.54006
 1.57994  -8.8535   1.5405
 1.58038 -8.84899  1.54093
 1.58081 -8.84448  1.54136
 1.58124 -8.83998   1.5418
 1.58168 -8.83548  1.54223
 1.58211 -8.83098  1.54266
 1.58254 -8.82649  1.54266
 1.58298   -8.822   1.5431
 1.58341 -8.81751  1.54353
 1.58384 -8.81302  1.54396
 1.58428 -8.80854   1.5444
 1.58471 -8.80406  1.54483
 1.58515 -8.79959  1.54527
 1.58558 -8.79511   1.5457
 1.58601 -8.79065  1.54613
 1.58645 -8.78618  1.54657
 1.58688 -8.78172  1.54657
 1.58731 -8.77725    1.547
 1.58775  -8.7728  1.54743
 1.58818 -8.76834  1.54787
 1.58861 -8.76389   1.5483
 1.58905 -8.75944  1.54873
 1.58948   -8.755  1.54917
 1.58991 -8.75056   1.5496
 1.59035 -8.74612  1.55003
 1.59078 -8.74169  1.55003
 1.59121 -8.73725  1.55047
 1.59165 -8.73282   1.5509
 1.59208  -8.7284  1.55133
 1.59251 -8.72397  1.55177
 1.59295 -8.71955   1.5522
 1.59338 -8.71514  1.55263
 1.59381 -8.71072  1.55307
 1.59425 -8.70631   1.5535
 1.59468  -8.7019  1.55393
 1.59512  -8.6975  1.55393
 1.59555  -8.6931  1.55437
 1.59598  -8.6887   1.5548
 1.59642  -8.6843  1.55524
 1.59685 -8.67991  1.55567
 1.59728 -8.67552   1.5561
 1.59772 -8.67113  1.55654
 1.59815 -8.66675  1.55697
 1.59858 -8.66237   1.5574
 1.59902 -8.65799   1.5574
 1.59945 -8.65362  1.55784
 1.59988 -8.64924  1.55827
 1.60032 -8.64488   1.5587
 1.60075 -8.64051  1.55914
 1.60118 -8.63615  1.55957
 1.60162 -8.63179     1.56
 1.60205 -8.62743  1.56044
 1.60248 -8.62308  1.56087
 1.60292 -8.61873   1.5613
 1.60335 -8.61438   1.5613
 1.60378 -8.61004  1.56174
 1.60422  -8.6057  1.56217
 1.60465 -8.60136   1.5626
 1.60509 -8.59702  1.56304
 1.60552 -8.59269  1.56347
 1.60595 -8.58836   1.5639
 1.60639 -8.58403  1.56434
 1.60682 -8.57971  1.56477
 1.60725 -8.57539  1.56477
 1.60769 -8.57107  1.56521
 1.60812 -8.56676  1.56564
 1.60855 -8.56244  1.56607
 1.60899 -8.55814  1.56651
 1.60942 -8.55383  1.56694
 1.60985 -8.54953  1.56737
 1.61029 -8.54523  1.56781
 1.61072 -8.54093  1.56824
 1.61115 -8.53664  1.56824
 1.61159 -8.53235  1.56867
 1.61202 -8.52806  1.56911
 1.61245 -8.52377  1.56954
 1.61289 -8.51949  1.56997
 1.61332 -8.51521  1.57041
 1.61375 -8.51093  1.57084
 1.61419 -8.50666  1.57127
 1.61462 -8.50239  1.57171
 1.61506 -8.49813  1.57214
 1.61549 -8.49386  1.57214
 1.61592  -8.4896  1.57257
 1.61636 -8.48534  1.57301
 1.61679 -8.48108  1.57344
 1.61722 -8.47683  1.57387
 1.61766 -8.47258  1.57431
 1.61809 -8.46833  1.57474
 1.61852 -8.46409  1.57518
 1.61896 -8.45985  1.57561
 1.61939 -8.45561  1.57604
 1.61982 -8.45137  1.57604
 1.62026 -8.44714  1.57648
 1.62069 -8.44291  1.57691
 1.62112 -8.43868  1.57734
 1.62156 -8.43446  1.57778
 1.62199 -8.43024  1.57821
 1.62242 -8.42602  1.57864
 1.62286 -8.42181  1.57908
 1.62329 -8.41759  1.57951
 1.62372 -8.41338  1.57951
 1.62416 -8.40918  1.57994
 1.62459 -8.40497  1.58038
 1.62503 -8.40077  1.58081
 1.62546 -8.39657  1.58124
 1.62589 -8.39238  1.58168
 1.62633 -8.38819  1.58211
 1.62676   -8.384  1.58254
 1.62719 -8.37981  1.58298
 1.62763 -8.37563  1.58341
 1.62806 -8.37145  1.58341
 1.62849 -8.36727  1.58384
 1.62893 -8.36309  1.58428
 1.62936 -8.35892  1.58471
 1.62979 -8.35475  1.58515
 1.63023 -8.35058  1.58558
 1.63066 -8.34642  1.58601
 1.63109 -8.34226  1.58645
 1.63153  -8.3381  1.58688
 1.63196 -8.33395  1.58688
 1.63239 -8.32979  1.58731
 1.63283 -8.32564  1.58775
 1.63326  -8.3215  1.58818
 1.63369 -8.31735  1.58861
 1.63413 -8.31321  1.58905
 1.63456 -8.30907  1.58948
 1.63499 -8.30494  1.58991
 1.63543 -8.30081  1.59035
 1.63586 -8.29668  1.59035
  1.6363 -8.29255  1.59078
 1.63673 -8.28842  1.59121
 1.63716  -8.2843  1.59165
  1.6376 -8.28018  1.59208
 1.63803 -8.27607  1.59251
 1.63846 -8.27195  1.59295
  1.6389 -8.26784  1.59338
 1.63933 -8.26374  1.59381
 1.63976 -8.25963  1.59425
  1.6402 -8.25553  1.59425
 1.64063 -8.25143  1.59468
 1.64106 -8.24733  1.59512
  1.6415 -8.24324  1.59555
 1.64193 -8.23915  1.59598
 1.64236 -8.23506  1.59642
  1.6428 -8.23097  1.59685
 1.64323 -8.22689  1.59728
 1.64366 -8.22281  1.59772
  1.6441 -8.21874  1.59772
 1.64453 -8.21466  1.59815
 1.64496 -8.21059  1.59858
  1.6454 -8.20652  1.59902
 1.64583 -8.20245  1.59945
 1.64627 -8.19839  1.59988
  1.6467 -8.19433  1.60032
 1.64713 -8.19027  1.60075
 1.64757 -8.18622  1.60118
   1.648 -8.18216  1.60162
 1.64843 -8.17811  1.60162
 1.64887 -8.17407  1.60205
  1.6493 -8.17002  1.60248
 1.64973 -8.16598  1.60292
 1.65017 -8.16194  1.60335
  1.6506 -8.15791  1.60378
 1.65103 -8.15387  1.60422
 1.65147 -8.14984  1.60465
  1.6519 -8.14581  1.60509
 1.65233 -8.14179  1.60509
 1.65277 -8.13777  1.60552
  1.6532 -8.13375  1.60595
 1.65363 -8.12973  1.60639
 1.65407 -8.12571  1.60682
  1.6545  -8.1217  1.60725
 1.65493 -8.11769  1.60769
 1.65537 -8.11369  1.60812
  1.6558 -8.10969  1.60855
 1.65624 -8.10568  1.60855
 1.65667 -8.10169  1.60899
  1.6571 -8.09769  1.60942
 1.65754  -8.0937  1.60985
 1.65797 -8.08971  1.61029
  1.6584 -8.08572  1.61072
 1.65884 -8.08173  1.61115
 1.65927 -8.07775  1.61159
  1.6597 -8.07377  1.61202
 1.66014  -8.0698  1.61245
 1.66057 -8.06582  1.61245
   1.661 -8.06185  1.61289
 1.66144 -8.05788  1.61332
 1.66187 -8.05392  1.61375
  1.6623 -8.04995  1.61419
 1.66274 -8.04599  1.61462
 1.66317 -8.04203  1.61506
  1.6636 -8.03808  1.61549
 1.66404 -8.03413  1.61592
 1.66447 -8.03018  1.61592
  1.6649 -8.02623  1.61636
 1.66534 -8.02228  1.61679
 1.66577 -8.01834  1.61722
 1.66621  -8.0144  1.61766
 1.66664 -8.01046  1.61809
 1.66707 -8.00653  1.61852
 1.66751  -8.0026  1.61896
 1.66794 -7.99867  1.61939
 1.66837 -7.99474  1.61982
 1.66881 -7.99082  1.61982
 1.66924  -7.9869  1.62026
 1.66967 -7.98298  1.62069
 1.67011 -7.97906  1.62112
 1.67054 -7.97515  1.62156
 1.67097 -7.97124  1.62199
 1.67141 -7.96733  1.62242
 1.67184 -7.96343  1.62286
 1.67227 -7.95952  1.62329
 1.67271 -7.95562  1.62329
 1.67314 -7.95172  1.62372
 1.67357 -7.94783  1.62416
 1.67401 -7.94394  1.62459
 1.67444 -7.94005  1.62503
 1.67487 -7.93616  1.62546
 1.67531 -7.93227  1.62589
 1.67574 -7.92839  1.62633
 1.67618 -7.92451  1.62676
 1.67661 -7.92064  1.62676
 1.67704 -7.91676  1.62719
 1.67748 -7.91289  1.62763
 1.67791 -7.90902  1.62806
 1.67834 -7.90515  1.62849
 1.67878 -7.90129  1.62893
 1.67921 -7.89743  1.62936
 1.67964 -7.89357  1.62979
 1.68008 -7.88971  1.63023
 1.68051 -7.88586  1.63066
 1.68094 -7.88201  1.63066
 1.68138 -7.87816  1.63109
 1.68181 -7.87431  1.63153
 1.68224 -7.87047  1.63196
 1.68268 -7.86663  1.63239
 1.68311 -7.86279  1.63283
 1.68354 -7.85895  1.63326
 1.68398 -7.85512  1.63369
 1.68441 -7.85129  1.63413
 1.68484 -7.84746  1.63413
 1.68528 -7.84364  1.63456
 1.68571 -7.83981  1.63499
 1.68615 -7.83599  1.63543
 1.68658 -7.83217  1.63586
 1.68701 -7.82836   1.6363
 1.68745 -7.82455  1.63673
 1.68788 -7.82074  1.63716
 1.68831 -7.81693   1.6376
 1.68875 -7.81312  1.63803
 1.68918 -7.80932  1.63803
 1.68961 -7.80552  1.63846
 1.69005 -7.80172   1.6389
 1.69048 -7.79793  1.63933
 1.69091 -7.79413  1.63976
 1.69135 -7.79034   1.6402
 1.69178 -7.78656  1.64063
 1.69221 -7.78277  1.64106
 1.69265 -7.77899   1.6415
 1.69308 -7.77521   1.6415
 1.69351 -7.77143  1.64193
 1.69395 -7.76765  1.64236
 1.69438 -7.76388   1.6428
 1.69481 -7.76011  1.64323
 1.69525 -7.75634  1.64366
 1.69568 -7.75258   1.6441
 1.69612 -7.74881  1.64453
 1.69655 -7.74506  1.64496
 1.69698  -7.7413  1.64496
 1.69742 -7.73754   1.6454
 1.69785 -7.73379  1.64583
 1.69828 -7.73004  1.64627
 1.69872 -7.72629   1.6467
 1.69915 -7.72254  1.64713
 1.69958  -7.7188  1.64757
 1.70002 -7.71506    1.648
 1.70045 -7.71132  1.64843
 1.70088 -7.70759  1.64887
 1.70132 -7.70385  1.64887
 1.70175 -7.70012   1.6493
 1.70218 -7.69639  1.64973
 1.70262 -7.69267  1.65017
 1.70305 -7.68895   1.6506
 1.70348 -7.68522  1.65103
 1.70392 -7.68151  1.65147
 1.70435 -7.67779   1.6519
 1.70478 -7.67408  1.65233
 1.70522 -7.67037  1.65233
 1.70565 -7.66666  1.65277
 1.70609 -7.66295   1.6532
 1.70652 -7.65925  1.65363
 1.70695 -7.65555  1.65407
 1.70739 -7.65185   1.6545
 1.70782 -7.64815  1.65493
 1.70825 -7.64446  1.65537
 1.70869 -7.64077   1.6558
 1.70912 -7.63708   1.6558
 1.70955 -7.63339  1.65624
 1.70999  -7.6297  1.65667
 1.71042 -7.62602   1.6571
 1.71085 -7.62234  1.65754
 1.71129 -7.61867  1.65797
 1.71172 -7.61499   1.6584
 1.71215 -7.61132  1.65884
 1.71259 -7.60765  1.65927
 1.71302 -7.60398   1.6597
 1.71345 -7.60032   1.6597
 1.71389 -7.59665  1.66014
 1.71432 -7.59299  1.66057
 1.71475 -7.58934    1.661
 1.71519 -7.58568  1.66144
 1.71562 -7.58203  1.66187
 1.71606 -7.57838   1.6623
 1.71649 -7.57473  1.66274
 1.71692 -7.57108  1.66317
 1.71736 -7.56744  1.66317
 1.71779  -7.5638   1.6636
 1.71822 -7.56016  1.66404
 1.71866 -7.55652  1.66447
 1.71909 -7.55289   1.6649
 1.71952 -7.54926  1.66534
 1.71996 -7.54563  1.66577
 1.72039   -7.542  1.66621
 1.72082 -7.53838  1.66664
 1.72126 -7.53476  1.66664
 1.72169 -7.53114  1.66707
 1.72212 -7.52752  1.66751
 1.72256  -7.5239  1.66794
 1.72299 -7.52029  1.66837
 1.72342 -7.51668  1.66881
 1.72386 -7.51307  1.66924
 1.72429 -7.50947  1.66967
 1.72472 -7.50586  1.67011
 1.72516 -7.50226  1.67054
 1.72559 -7.49866  1.67054
 1.72603 -7.49507  1.67097
 1.72646 -7.49147  1.67141
 1.72689 -7.48788  1.67184
 1.72733 -7.48429  1.67227
 1.72776 -7.48071  1.67271
 1.72819 -7.47712  1.67314
 1.72863 -7.47354  1.67357
 1.72906 -7.46996  1.67401
 1.72949 -7.46638  1.67401
 1.72993 -7.46281  1.67444
 1.73036 -7.45923  1.67487
 1.73079 -7.45566  1.67531
 1.73123 -7.45209  1.67574
 1.73166 -7.44853  1.67618
 1.73209 -7.44497  1.67661
 1.73253  -7.4414  1.67704
 1.73296 -7.43785  1.67748
 1.73339 -7.43429  1.67748
 1.73383 -7.43074  1.67791
 1.73426 -7.42718  1.67834
 1.73469 -7.42363  1.67878
 1.73513 -7.42008  1.67921
 1.73556 -7.41654  1.67964
   1.736   -7.413  1.68008
 1.73643 -7.40946  1.68051
 1.73686 -7.40592  1.68094
  1.7373 -7.40238  1.68138
 1.73773 -7.39885  1.68138
 1.73816 -7.39532  1.68181
  1.7386 -7.39179  1.68224
 1.73903 -7.38826  1.68268
 1.73946 -7.38474  1.68311
  1.7399 -7.38122  1.68354
 1.74033  -7.3777  1.68398
 1.74076 -7.37418  1.68441
  1.7412 -7.37066  1.68484
 1.74163 -7.36715  1.68484
 1.74206 -7.36364  1.68528
  1.7425 -7.36013  1.68571
 1.74293 -7.35662  1.68615
 1.74336 -7.35312  1.68658
  1.7438 -7.34962  1.68701
 1.74423 -7.34612  1.68745
 1.74466 -7.34262  1.68788
  1.7451 -7.33913  1.68831
 1.74553 -7.33564  1.68831
 1.74597 -7.33215  1.68875
  1.7464 -7.32866  1.68918
 1.74683 -7.32517  1.68961
 1.74727 -7.32169  1.69005
  1.7477 -7.31821  1.69048
 1.74813 -7.31473  1.69091
 1.74857 -7.31125  1.69135
   1.749 -7.30778  1.69178
 1.74943  -7.3043  1.69221
 1.74987 -7.30083  1.69221
  1.7503 -7.29737  1.69265
 1.75073  -7.2939  1.69308
 1.75117 -7.29044  1.69351
  1.7516 -7.28697  1.69395
 1.75203 -7.28352  1.69438
 1.75247 -7.28006  1.69481
  1.7529 -7.27661  1.69525
 1.75333 -7.27315  1.69568
 1.75377  -7.2697  1.69568
  1.7542 -7.26626  1.69612
 1.75463 -7.26281  1.69655
 1.75507 -7.25937  1.69698
  1.7555 -7.25592  1.69742
 1.75594 -7.25249  1.69785
 1.75637 -7.24905  1.69828
  1.7568 -7.24562  1.69872
 1.75724 -7.24218  1.69915
 1.75767 -7.23875  1.69958
  1.7581 -7.23532  1.69958
 1.75854  -7.2319  1.70002
 1.75897 -7.22847  1.70045
  1.7594 -7.22505  1.70088
 1.75984 -7.22163  1.70132
 1.76027 -7.21822  1.70175
  1.7607  -7.2148  1.70218
 1.76114 -7.21139  1.70262
 1.76157 -7.20798  1.70305
   1.762 -7.20457  1.70305
 1.76244 -7.20117  1.70348
 1.76287 -7.19776  1.70392
  1.7633 -7.19436  1.70435
 1.76374 -7.19096  1.70478
 1.76417 -7.18757  1.70522
  1.7646 -7.18417  1.70565
 1.76504 -7.18078  1.70609
 1.76547 -7.17739  1.70652
 1.76591   -7.174  1.70652
 1.76634 -7.17061  1.70695
 1.76677 -7.16723  1.70739
 1.76721 -7.16385  1.70782
 1.76764 -7.16047  1.70825
 1.76807 -7.15709  1.70869
 1.76851 -7.15371  1.70912
 1.76894 -7.15034  1.70955
 1.76937 -7.14697  1.70999
 1.76981  -7.1436  1.70999
 1.77024 -7.14023  1.71042
 1.77067 -7.13687  1.71085
 1.77111 -7.13351  1.71129
 1.77154 -7.13014  1.71172
 1.77197 -7.12679  1.71215
 1.77241 -7.12343  1.71259
 1.77284 -7.12008  1.71302
 1.77327 -7.11673  1.71345
 1.77371 -7.11338  1.71345
 1.77414 -7.11003  1.71389
 1.77457 -7.10668  1.71432
 1.77501 -7.10334  1.71475
 1.77544     -7.1  1.71519
 1.77588 -7.09666  1.71562
 1.77631 -7.09332  1.71606
 1.77674 -7.08999  1.71649
 1.77718 -7.08666  1.71692
 1.77761 -7.08333  1.71736
 1.77804    -7.08  1.71736
 1.77848 -7.07667  1.71779
 1.77891 -7.07335  1.71822
 1.77934 -7.07002  1.71866
 1.77978  -7.0667  1.71909
 1.78021 -7.06339  1.71952
 1.78064 -7.06007  1.71996
 1.78108 -7.05676  1.72039
 1.78151 -7.05345  1.72082
 1.78194 -7.05014  1.72082
 1.78238 -7.04683  1.72126
 1.78281 -7.04352  1.72169
 1.78324 -7.04022  1.72212
 1.78368 -7.03692  1.72256
 1.78411 -7.03362  1.72299
 1.78454 -7.03032  1.72342
 1.78498 -7.02703  1.72386
 1.78541 -7.02374  1.72429
 1.78585 -7.02045  1.72429
 1.78628 -7.01716  1.72472
 1.78671 -7.01387  1.72516
 1.78715 -7.01059  1.72559
 1.78758 -7.00731  1.72603
 1.78801 -7.00403  1.72646
 1.78845 -7.00075  1.72689
 1.78888 -6.99747  1.72733
 1.78931  -6.9942  1.72776
 1.78975 -6.99093  1.72776
 1.79018 -6.98766  1.72819
 1.79061 -6.98439  1.72863
 1.79105 -6.98112  1.72906
 1.79148 -6.97786  1.72949
 1.79191  -6.9746  1.72993
 1.79235 -6.97134  1.73036
 1.79278 -6.96808  1.73079
 1.79321 -6.96483  1.73123
 1.79365 -6.96158  1.73166
 1.79408 -6.95833  1.73166
 1.79451 -6.95508  1.73209
 1.79495 -6.95183  1.73253
 1.79538 -6.94858  1.73296
 1.79582 -6.94534  1.73339
 1.79625  -6.9421  1.73383
 1.79668 -6.93886  1.73426
 1.79712 -6.93563  1.73469
 1.79755 -6.93239  1.73513
 1.79798 -6.92916  1.73513
 1.79842 -6.92593  1.73556
 1.79885  -6.9227    1.736
 1.79928 -6.91947  1.73643
 1.79972 -6.91625  1.73686
 1.80015 -6.91303   1.7373
 1.80058 -6.90981  1.73773
 1.80102 -6.90659  1.73816
 1.80145 -6.90337   1.7386
 1.80188 -6.90016   1.7386
 1.80232 -6.89695  1.73903
 1.80275 -6.89374  1.73946
 1.80318 -6.89053   1.7399
 1.80362 -6.88732  1.74033
 1.80405 -6.88412  1.74076
 1.80448 -6.88092   1.7412
 1.80492 -6.87772  1.74163
 1.80535 -6.87452  1.74206
 1.80579 -6.87132  1.74206
 1.80622 -6.86813   1.7425
 1.80665 -6.86494  1.74293
 1.80709 -6.86175  1.74336
 1.80752 -6.85856   1.7438
 1.80795 -6.85537  1.74423
 1.80839 -6.85219  1.74466
 1.80882 -6.84901   1.7451
 1.80925 -6.84583  1.74553
 1.80969 -6.84265  1.74597
 1.81012 -6.83947  1.74597
 1.81055  -6.8363   1.7464
 1.81099 -6.83313  1.74683
 1.81142 -6.82996  1.74727
 1.81185 -6.82679   1.7477
 1.81229 -6.82362  1.74813
 1.81272 -6.82046  1.74857
 1.81315  -6.8173    1.749
 1.81359 -6.81414  1.74943
 1.81402 -6.81098  1.74943
 1.81445 -6.80782  1.74987
 1.81489 -6.80467   1.7503
 1.81532 -6.80152  1.75073
 1.81576 -6.79837  1.75117
 1.81619 -6.79522   1.7516
 1.81662 -6.79207  1.75203
 1.81706 -6.78893  1.75247
 1.81749 -6.78579   1.7529
 1.81792 -6.78265   1.7529
 1.81836 -6.77951  1.75333
 1.81879 -6.77637  1.75377
 1.81922 -6.77324   1.7542
 1.81966 -6.77011  1.75463
 1.82009 -6.76698  1.75507
 1.82052 -6.76385   1.7555
 1.82096 -6.76072  1.75594
 1.82139  -6.7576  1.75637
 1.82182 -6.75448  1.75637
 1.82226 -6.75136   1.7568
 1.82269 -6.74824  1.75724
 1.82312 -6.74512  1.75767
 1.82356   -6.742   1.7581
 1.82399 -6.73889  1.75854
 1.82442 -6.73578  1.75897
 1.82486 -6.73267   1.7594
 1.82529 -6.72957  1.75984
 1.82573 -6.72646  1.76027
 1.82616 -6.72336  1.76027
 1.82659 -6.72026   1.7607
 1.82703 -6.71716  1.76114
 1.82746 -6.71406  1.76157
 1.82789 -6.71096    1.762
 1.82833 -6.70787  1.76244
 1.82876 -6.70478  1.76287
 1.82919 -6.70169   1.7633
 1.82963  -6.6986  1.76374
 1.83006 -6.69552  1.76374
 1.83049 -6.69243  1.76417
 1.83093 -6.68935   1.7646
 1.83136 -6.68627  1.76504
 1.83179 -6.68319  1.76547
 1.83223 -6.68012  1.76591
 1.83266 -6.67704  1.76634
 1.83309 -6.67397  1.76677
 1.83353  -6.6709  1.76721
 1.83396 -6.66783  1.76721
 1.83439 -6.66477  1.76764
 1.83483  -6.6617  1.76807
 1.83526 -6.65864  1.76851
  1.8357 -6.65558  1.76894
 1.83613 -6.65252  1.76937
 1.83656 -6.64946  1.76981
   1.837 -6.64641  1.77024
 1.83743 -6.64336  1.77067
 1.83786 -6.64031  1.77067
  1.8383 -6.63726  1.77111
 1.83873 -6.63421  1.77154
 1.83916 -6.63116  1.77197
  1.8396 -6.62812  1.77241
 1.84003 -6.62508  1.77284
 1.84046 -6.62204  1.77327
  1.8409   -6.619  1.77371
 1.84133 -6.61596  1.77414
 1.84176 -6.61293  1.77414
  1.8422  -6.6099  1.77457
 1.84263 -6.60687  1.77501
 1.84306 -6.60384  1.77544
  1.8435 -6.60081  1.77588
 1.84393 -6.59779  1.77631
 1.84436 -6.59476  1.77674
  1.8448 -6.59174  1.77718
 1.84523 -6.58872  1.77761
 1.84567 -6.58571  1.77804
  1.8461 -6.58269  1.77804
 1.84653 -6.57968  1.77848
 1.84697 -6.57667  1.77891
  1.8474 -6.57366  1.77934
 1.84783 -6.57065  1.77978
 1.84827 -6.56764  1.78021
  1.8487 -6.56464  1.78064
 1.84913 -6.56164  1.78108
 1.84957 -6.55864  1.78151
    1.85 -6.55564  1.78151