 kgrid  ValNew  Policy 
    0.55 -60.9122     0.55
0.550433  -60.833     0.55
0.550867 -60.7544     0.55
  0.5513 -60.6763     0.55
0.551734 -60.5988     0.55
0.552167 -60.5217     0.55
0.552601 -60.4453     0.55
0.553034 -60.3693     0.55
0.553468 -60.2939     0.55
0.553901  -60.219     0.55
0.554335 -60.1446     0.55
0.554768 -60.0708     0.55
0.555202 -59.9974     0.55
0.555635 -59.9246     0.55
0.556069 -59.8522     0.55
0.556502 -59.7804     0.55
0.556936  -59.709     0.55
0.557369 -59.6382     0.55
0.557803 -59.5678     0.55
0.558236 -59.4979     0.55
 0.55867 -59.4284     0.55
0.559103 -59.3595     0.55
0.559537  -59.291     0.55
 0.55997  -59.223     0.55
0.560403 -59.1554     0.55
0.560837 -59.0883     0.55
 0.56127 -59.0216     0.55
0.561704 -58.9554     0.55
0.562137 -58.8894 0.550433
0.562571 -58.8235 0.550867
0.563004 -58.7579 0.550867
0.563438 -58.6923   0.5513
0.563871 -58.6271 0.551734
0.564305  -58.562 0.552167
0.564738  -58.497 0.552167
0.565172 -58.4322 0.552601
0.565605 -58.3677 0.553034
0.566039 -58.3033 0.553034
0.566472  -58.239 0.553468
0.566906  -58.175 0.553901
0.567339 -58.1112 0.553901
0.567773 -58.0474 0.554335
0.568206 -57.9839 0.554768
 0.56864 -57.9206 0.554768
0.569073 -57.8574 0.555202
0.569507 -57.7944 0.555635
 0.56994 -57.7316 0.556069
0.570373 -57.6689 0.556069
0.570807 -57.6064 0.556502
 0.57124 -57.5442 0.556936
0.571674  -57.482 0.556936
0.572107   -57.42 0.557369
0.572541 -57.3582 0.557803
0.572974 -57.2966 0.557803
0.573408 -57.2351 0.558236
0.573841 -57.1738  0.55867
0.574275 -57.1127 0.559103
0.574708 -57.0516 0.559103
0.575142 -56.9908 0.559537
0.575575 -56.9302  0.55997
0.576009 -56.8697  0.55997
0.576442 -56.8093 0.560403
0.576876 -56.7491 0.560837
0.577309 -56.6891 0.560837
0.577743 -56.6292  0.56127
0.578176 -56.5695 0.561704
 0.57861   -56.51 0.562137
0.579043 -56.4506 0.562137
0.579476 -56.3913 0.562571
 0.57991 -56.3323 0.563004
0.580343 -56.2733 0.563438
0.580777 -56.2145 0.563438
 0.58121 -56.1558 0.563871
0.581644 -56.0972 0.564305
0.582077 -56.0388 0.564738
0.582511 -55.9805 0.564738
0.582944 -55.9224 0.565172
0.583378 -55.8644 0.565605
0.583811 -55.8065 0.566039
0.584245 -55.7488 0.566039
0.584678 -55.6911 0.566472
0.585112 -55.6337 0.566906
0.585545 -55.5764 0.567339
0.585979 -55.5191 0.567339
0.586412  -55.462 0.567773
0.586846 -55.4051 0.568206
0.587279 -55.3483  0.56864
0.587713 -55.2916  0.56864
0.588146  -55.235 0.569073
 0.58858 -55.1786 0.569507
0.589013 -55.1223  0.56994
0.589446 -55.0662  0.56994
 0.58988 -55.0101 0.570373
0.590313 -54.9542 0.570807
0.590747 -54.8984  0.57124
 0.59118 -54.8427 0.571674
0.591614 -54.7872 0.571674
0.592047 -54.7317 0.572107
0.592481 -54.6764 0.572541
0.592914 -54.6213 0.572974
0.593348 -54.5662 0.572974
0.593781 -54.5112 0.573408
0.594215 -54.4564 0.573841
0.594648 -54.4018 0.574275
0.595082 -54.3472 0.574275
0.595515 -54.2927 0.574708
0.595949 -54.2384 0.575142
0.596382 -54.1842 0.575575
0.596816 -54.1301 0.576009
0.597249 -54.0761 0.576009
0.597683 -54.0223 0.576442
0.598116 -53.9685 0.576876
 0.59855 -53.9149 0.577309
0.598983 -53.8614 0.577309
0.599416  -53.808 0.577743
 0.59985 -53.7547 0.578176
0.600283 -53.7016  0.57861
0.600717 -53.6486 0.579043
 0.60115 -53.5956 0.579043
0.601584 -53.5427 0.579476
0.602017   -53.49  0.57991
0.602451 -53.4373 0.580343
0.602884 -53.3848 0.580777
0.603318 -53.3323  0.58121
0.603751 -53.2799  0.58121
0.604185 -53.2277 0.581644
0.604618 -53.1754 0.582077
0.605052 -53.1233 0.582511
0.605485 -53.0713 0.582944
0.605919 -53.0194 0.583378
0.606352 -52.9676 0.583378
0.606786 -52.9159 0.583811
0.607219 -52.8642 0.584245
0.607653 -52.8127 0.584678
0.608086 -52.7612 0.585112
 0.60852 -52.7098 0.585545
0.608953 -52.6586 0.585979
0.609386 -52.6074 0.585979
 0.60982 -52.5562 0.586412
0.610253 -52.5052 0.586846
0.610687 -52.4543 0.587279
 0.61112 -52.4034 0.587713
0.611554 -52.3527 0.588146
0.611987 -52.3021  0.58858
0.612421 -52.2515  0.58858
0.612854 -52.2009 0.589013
0.613288 -52.1505 0.589446
0.613721 -52.1002  0.58988
0.614155 -52.0499 0.590313
0.614588 -51.9998 0.590747
0.615022 -51.9498 0.590747
0.615455 -51.8997  0.59118
0.615889 -51.8498 0.591614
0.616322    -51.8 0.592047
0.616756 -51.7503 0.592481
0.617189 -51.7006 0.592914
0.617623 -51.6511 0.593348
0.618056 -51.6016 0.593348
0.618489 -51.5522 0.593781
0.618923 -51.5028 0.594215
0.619356 -51.4536 0.594648
 0.61979 -51.4044 0.595082
0.620223 -51.3554 0.595515
0.620657 -51.3064 0.595949
 0.62109 -51.2575 0.596382
0.621524 -51.2086 0.596382
0.621957 -51.1599 0.596816
0.622391 -51.1112 0.597249
0.622824 -51.0626 0.597683
0.623258 -51.0141 0.598116
0.623691 -50.9657  0.59855
0.624125 -50.9174 0.598983
0.624558 -50.8691 0.598983
0.624992 -50.8209 0.599416
0.625425 -50.7727  0.59985
0.625859 -50.7247 0.600283
0.626292 -50.6767 0.600717
0.626726 -50.6289  0.60115
0.627159 -50.5811 0.601584
0.627593 -50.5334 0.601584
0.628026 -50.4857 0.602017
0.628459 -50.4381 0.602451
0.628893 -50.3906 0.602884
0.629326 -50.3432 0.603318
 0.62976 -50.2958 0.603751
0.630193 -50.2485 0.604185
0.630627 -50.2014 0.604618
 0.63106 -50.1542 0.604618
0.631494 -50.1071 0.605052
0.631927 -50.0602 0.605485
0.632361 -50.0132 0.605919
0.632794 -49.9664 0.606352
0.633228 -49.9196 0.606786
0.633661  -49.873 0.607219
0.634095 -49.8264 0.607219
0.634528 -49.7798 0.607653
0.634962 -49.7333 0.608086
0.635395 -49.6869  0.60852
0.635829 -49.6406 0.608953
0.636262 -49.5943 0.609386
0.636696 -49.5481  0.60982
0.637129  -49.502 0.610253
0.637563  -49.456 0.610253
0.637996   -49.41 0.610687
0.638429 -49.3641  0.61112
0.638863 -49.3182 0.611554
0.639296 -49.2725 0.611987
 0.63973 -49.2268 0.612421
0.640163 -49.1811 0.612854
0.640597 -49.1356 0.613288
 0.64103 -49.0901 0.613288
0.641464 -49.0447 0.613721
0.641897 -48.9993 0.614155
0.642331  -48.954 0.614588
0.642764 -48.9088 0.615022
0.643198 -48.8637 0.615455
0.643631 -48.8186 0.615889
0.644065 -48.7736 0.616322
0.644498 -48.7287 0.616322
0.644932 -48.6838 0.616756
0.645365  -48.639 0.617189
0.645799 -48.5943 0.617623
0.646232 -48.5496 0.618056
0.646666  -48.505 0.618489
0.647099 -48.4605 0.618923
0.647533  -48.416 0.619356
0.647966 -48.3716  0.61979
0.648399 -48.3273  0.61979
0.648833  -48.283 0.620223
0.649266 -48.2388 0.620657
  0.6497 -48.1946  0.62109
0.650133 -48.1505 0.621524
0.650567 -48.1065 0.621957
   0.651 -48.0626 0.622391
0.651434 -48.0187 0.622824
0.651867 -47.9749 0.622824
0.652301 -47.9311 0.623258
0.652734 -47.8874 0.623691
0.653168 -47.8438 0.624125
0.653601 -47.8002 0.624558
0.654035 -47.7567 0.624992
0.654468 -47.7133 0.625425
0.654902 -47.6699 0.625859
0.655335 -47.6266 0.626292
0.655769 -47.5833 0.626292
0.656202 -47.5401 0.626726
0.656636  -47.497 0.627159
0.657069 -47.4539 0.627593
0.657503 -47.4109 0.628026
0.657936 -47.3679 0.628459
0.658369 -47.3251 0.628893
0.658803 -47.2822 0.629326
0.659236 -47.2395  0.62976
 0.65967 -47.1968  0.62976
0.660103 -47.1541 0.630193
0.660537 -47.1115 0.630627
 0.66097  -47.069  0.63106
0.661404 -47.0265 0.631494
0.661837 -46.9841 0.631927
0.662271 -46.9418 0.632361
0.662704 -46.8995 0.632794
0.663138 -46.8573 0.632794
0.663571 -46.8151 0.633228
0.664005  -46.773 0.633661
0.664438  -46.731 0.634095
0.664872  -46.689 0.634528
0.665305 -46.6471 0.634962
0.665739 -46.6052 0.635395
0.666172 -46.5634 0.635829
0.666606 -46.5217 0.636262
0.667039   -46.48 0.636262
0.667472 -46.4383 0.636696
0.667906 -46.3968 0.637129
0.668339 -46.3552 0.637563
0.668773 -46.3138 0.637996
0.669206 -46.2724 0.638429
 0.66964  -46.231 0.638863
0.670073 -46.1897 0.639296
0.670507 -46.1485  0.63973
 0.67094 -46.1074  0.63973
0.671374 -46.0662 0.640163
0.671807 -46.0252 0.640597
0.672241 -45.9842  0.64103
0.672674 -45.9432 0.641464
0.673108 -45.9023 0.641897
0.673541 -45.8615 0.642331
0.673975 -45.8207 0.642764
0.674408   -45.78 0.643198
0.674842 -45.7394 0.643198
0.675275 -45.6988 0.643631
0.675709 -45.6582 0.644065
0.676142 -45.6177 0.644498
0.676576 -45.5773 0.644932
0.677009 -45.5369 0.645365
0.677442 -45.4966 0.645799
0.677876 -45.4563 0.646232
0.678309 -45.4161 0.646666
0.678743 -45.3759 0.646666
0.679176 -45.3358 0.647099
 0.67961 -45.2957 0.647533
0.680043 -45.2557 0.647966
0.680477 -45.2158 0.648399
 0.68091 -45.1759 0.648833
0.681344 -45.1361 0.649266
0.681777 -45.0963   0.6497
0.682211 -45.0566 0.650133
0.682644 -45.0169 0.650133
0.683078 -44.9773 0.650567
0.683511 -44.9377    0.651
0.683945 -44.8982 0.651434
0.684378 -44.8587 0.651867
0.684812 -44.8193 0.652301
0.685245   -44.78 0.652734
0.685679 -44.7407 0.653168
0.686112 -44.7015 0.653601
0.686546 -44.6623 0.654035
0.686979 -44.6231 0.654035
0.687412  -44.584 0.654468
0.687846  -44.545 0.654902
0.688279  -44.506 0.655335
0.688713 -44.4671 0.655769
0.689146 -44.4282 0.656202
 0.68958 -44.3894 0.656636
0.690013 -44.3506 0.657069
0.690447 -44.3119 0.657503
 0.69088 -44.2732 0.657503
0.691314 -44.2346 0.657936
0.691747  -44.196 0.658369
0.692181 -44.1575 0.658803
0.692614  -44.119 0.659236
0.693048 -44.0806  0.65967
0.693481 -44.0423 0.660103
0.693915  -44.004 0.660537
0.694348 -43.9657  0.66097
0.694782 -43.9275  0.66097
0.695215 -43.8893 0.661404
0.695649 -43.8512 0.661837
0.696082 -43.8132 0.662271
0.696516 -43.7752 0.662704
0.696949 -43.7372 0.663138
0.697382 -43.6993 0.663571
0.697816 -43.6614 0.664005
0.698249 -43.6236 0.664438
0.698683 -43.5859 0.664872
0.699116 -43.5482 0.664872
 0.69955 -43.5105 0.665305
0.699983 -43.4729 0.665739
0.700417 -43.4353 0.666172
 0.70085 -43.3978 0.666606
0.701284 -43.3604 0.667039
0.701717  -43.323 0.667472
0.702151 -43.2856 0.667906
0.702584 -43.2483 0.668339
0.703018  -43.211 0.668339
0.703451 -43.1738 0.668773
0.703885 -43.1366 0.669206
0.704318 -43.0995  0.66964
0.704752 -43.0625 0.670073
0.705185 -43.0254 0.670507
0.705619 -42.9885  0.67094
0.706052 -42.9515 0.671374
0.706485 -42.9147 0.671807
0.706919 -42.8779 0.672241
0.707352 -42.8411 0.672241
0.707786 -42.8043 0.672674
0.708219 -42.7676 0.673108
0.708653  -42.731 0.673541
0.709086 -42.6944 0.673975
 0.70952 -42.6579 0.674408
0.709953 -42.6214 0.674842
0.710387 -42.5849 0.675275
 0.71082 -42.5485 0.675709
0.711254 -42.5122 0.675709
0.711687 -42.4759 0.676142
0.712121 -42.4396 0.676576
0.712554 -42.4034 0.677009
0.712988 -42.3672 0.677442
0.713421 -42.3311 0.677876
0.713855  -42.295 0.678309
0.714288  -42.259 0.678743
0.714722  -42.223 0.679176
0.715155 -42.1871  0.67961
0.715589 -42.1512  0.67961
0.716022 -42.1153 0.680043
0.716455 -42.0795 0.680477
0.716889 -42.0438  0.68091
0.717322 -42.0081 0.681344
0.717756 -41.9724 0.681777
0.718189 -41.9368 0.682211
0.718623 -41.9013 0.682644
0.719056 -41.8657 0.683078
 0.71949 -41.8303 0.683078
0.719923 -41.7948 0.683511
0.720357 -41.7594 0.683945
 0.72079 -41.7241 0.684378
0.721224 -41.6888 0.684812
0.721657 -41.6535 0.685245
0.722091 -41.6183 0.685679
0.722524 -41.5832 0.686112
0.722958 -41.5481 0.686546
0.723391  -41.513 0.686979
0.723825  -41.478 0.686979
0.724258  -41.443 0.687412
0.724692  -41.408 0.687846
0.725125 -41.3731 0.688279
0.725559 -41.3383 0.688713
0.725992 -41.3035 0.689146
0.726425 -41.2687  0.68958
0.726859  -41.234 0.690013
0.727292 -41.1993 0.690447
0.727726 -41.1647 0.690447
0.728159 -41.1301  0.69088
0.728593 -41.0955 0.691314
0.729026  -41.061 0.691747
 0.72946 -41.0266 0.692181
0.729893 -40.9922 0.692614
0.730327 -40.9578 0.693048
 0.73076 -40.9235 0.693481
0.731194 -40.8892 0.693915
0.731627  -40.855 0.694348
0.732061 -40.8208 0.694348
0.732494 -40.7866 0.694782
0.732928 -40.7525 0.695215
0.733361 -40.7184 0.695649
0.733795 -40.6844 0.696082
0.734228 -40.6504 0.696516
0.734662 -40.6165 0.696949
0.735095 -40.5826 0.697382
0.735529 -40.5487 0.697816
0.735962 -40.5149 0.697816
0.736395 -40.4811 0.698249
0.736829 -40.4474 0.698683
0.737262 -40.4137 0.699116
0.737696   -40.38  0.69955
0.738129 -40.3464 0.699983
0.738563 -40.3129 0.700417
0.738996 -40.2793  0.70085
 0.73943 -40.2459 0.701284
0.739863 -40.2124 0.701717
0.740297 -40.1791 0.701717
 0.74073 -40.1457 0.702151
0.741164 -40.1124 0.702584
0.741597 -40.0791 0.703018
0.742031 -40.0459 0.703451
0.742464 -40.0127 0.703885
0.742898 -39.9795 0.704318
0.743331 -39.9464 0.704752
0.743765 -39.9134 0.705185
0.744198 -39.8803 0.705619
0.744632 -39.8473 0.705619
0.745065 -39.8144 0.706052
0.745498 -39.7815 0.706485
0.745932 -39.7486 0.706919
0.746365 -39.7158 0.707352
0.746799  -39.683 0.707786
0.747232 -39.6503 0.708219
0.747666 -39.6176 0.708653
0.748099 -39.5849 0.709086
0.748533 -39.5523 0.709086
0.748966 -39.5197  0.70952
  0.7494 -39.4872 0.709953
0.749833 -39.4547 0.710387
0.750267 -39.4222  0.71082
  0.7507 -39.3898 0.711254
0.751134 -39.3574 0.711687
0.751567 -39.3251 0.712121
0.752001 -39.2928 0.712554
0.752434 -39.2605 0.712988
0.752868 -39.2283 0.712988
0.753301 -39.1961 0.713421
0.753735 -39.1639 0.713855
0.754168 -39.1318 0.714288
0.754602 -39.0998 0.714722
0.755035 -39.0677 0.715155
0.755468 -39.0357 0.715589
0.755902 -39.0038 0.716022
0.756335 -38.9719 0.716455
0.756769   -38.94 0.716889
0.757202 -38.9082 0.716889
0.757636 -38.8764 0.717322
0.758069 -38.8446 0.717756
0.758503 -38.8129 0.718189
0.758936 -38.7812 0.718623
 0.75937 -38.7496 0.719056
0.759803  -38.718  0.71949
0.760237 -38.6864 0.719923
 0.76067 -38.6549 0.720357
0.761104 -38.6234 0.720357
0.761537  -38.592  0.72079
0.761971 -38.5605 0.721224
0.762404 -38.5292 0.721657
0.762838 -38.4978 0.722091
0.763271 -38.4665 0.722524
0.763705 -38.4353 0.722958
0.764138 -38.4041 0.723391
0.764572 -38.3729 0.723825
0.765005 -38.3417 0.724258
0.765438 -38.3106 0.724258
0.765872 -38.2795 0.724692
0.766305 -38.2485 0.725125
0.766739 -38.2175 0.725559
0.767172 -38.1865 0.725992
0.767606 -38.1556 0.726425
0.768039 -38.1247 0.726859
0.768473 -38.0939 0.727292
0.768906 -38.0631 0.727726
 0.76934 -38.0323 0.728159
0.769773 -38.0016 0.728159
0.770207 -37.9709 0.728593
 0.77064 -37.9402 0.729026
0.771074 -37.9096  0.72946
0.771507  -37.879 0.729893
0.771941 -37.8484 0.730327
0.772374 -37.8179  0.73076
0.772808 -37.7874 0.731194
0.773241  -37.757 0.731627
0.773675 -37.7266 0.731627
0.774108 -37.6962 0.732061
0.774542 -37.6659 0.732494
0.774975 -37.6356 0.732928
0.775408 -37.6053 0.733361
0.775842 -37.5751 0.733795
0.776275 -37.5449 0.734228
0.776709 -37.5147 0.734662
0.777142 -37.4846 0.735095
0.777576 -37.4545 0.735529
0.778009 -37.4245 0.735529
0.778443 -37.3945 0.735962
0.778876 -37.3645 0.736395
 0.77931 -37.3345 0.736829
0.779743 -37.3046 0.737262
0.780177 -37.2747 0.737696
 0.78061 -37.2449 0.738129
0.781044 -37.2151 0.738563
0.781477 -37.1854 0.738996
0.781911 -37.1556  0.73943
0.782344 -37.1259  0.73943
0.782778 -37.0963 0.739863
0.783211 -37.0666 0.740297
0.783645  -37.037  0.74073
0.784078 -37.0075 0.741164
0.784512  -36.978 0.741597
0.784945 -36.9485 0.742031
0.785378  -36.919 0.742464
0.785812 -36.8896 0.742898
0.786245 -36.8602 0.742898
0.786679 -36.8309 0.743331
0.787112 -36.8016 0.743765
0.787546 -36.7723 0.744198
0.787979 -36.7431 0.744632
0.788413 -36.7138 0.745065
0.788846 -36.6847 0.745498
 0.78928 -36.6555 0.745932
0.789713 -36.6264 0.746365
0.790147 -36.5974 0.746799
 0.79058 -36.5683 0.746799
0.791014 -36.5393 0.747232
0.791447 -36.5103 0.747666
0.791881 -36.4814 0.748099
0.792314 -36.4525 0.748533
0.792748 -36.4236 0.748966
0.793181 -36.3948   0.7494
0.793615  -36.366 0.749833
0.794048 -36.3372 0.750267
0.794481 -36.3085   0.7507
0.794915 -36.2798   0.7507
0.795348 -36.2511 0.751134
0.795782 -36.2225 0.751567
0.796215 -36.1939 0.752001
0.796649 -36.1653 0.752434
0.797082 -36.1368 0.752868
0.797516 -36.1083 0.753301
0.797949 -36.0798 0.753735
0.798383 -36.0514 0.754168
0.798816  -36.023 0.754168
 0.79925 -35.9946 0.754602
0.799683 -35.9663 0.755035
0.800117  -35.938 0.755468
 0.80055 -35.9097 0.755902
0.800984 -35.8814 0.756335
0.801417 -35.8532 0.756769
0.801851 -35.8251 0.757202
0.802284 -35.7969 0.757636
0.802718 -35.7688 0.758069
0.803151 -35.7408 0.758069
0.803585 -35.7127 0.758503
0.804018 -35.6847 0.758936
0.804451 -35.6567  0.75937
0.804885 -35.6288 0.759803
0.805318 -35.6009 0.760237
0.805752  -35.573  0.76067
0.806185 -35.5451 0.761104
0.806619 -35.5173 0.761537
0.807052 -35.4895 0.761971
0.807486 -35.4618 0.761971
0.807919 -35.4341 0.762404
0.808353 -35.4064 0.762838
0.808786 -35.3787 0.763271
 0.80922 -35.3511 0.763705
0.809653 -35.3235 0.764138
0.810087 -35.2959 0.764572
 0.81052 -35.2684 0.765005
0.810954 -35.2409 0.765438
0.811387 -35.2134 0.765438
0.811821  -35.186 0.765872
0.812254 -35.1586 0.766305
0.812688 -35.1312 0.766739
0.813121 -35.1039 0.767172
0.813555 -35.0765 0.767606
0.813988 -35.0493 0.768039
0.814421  -35.022 0.768473
0.814855 -34.9948 0.768906
0.815288 -34.9676  0.76934
0.815722 -34.9405  0.76934
0.816155 -34.9133 0.769773
0.816589 -34.8862 0.770207
0.817022 -34.8592  0.77064
0.817456 -34.8321 0.771074
0.817889 -34.8051 0.771507
0.818323 -34.7782 0.771941
0.818756 -34.7512 0.772374
 0.81919 -34.7243 0.772808
0.819623 -34.6975 0.773241
0.820057 -34.6706 0.773241
 0.82049 -34.6438 0.773675
0.820924  -34.617 0.774108
0.821357 -34.5902 0.774542
0.821791 -34.5635 0.774975
0.822224 -34.5368 0.775408
0.822658 -34.5101 0.775842
0.823091 -34.4835 0.776275
0.823525 -34.4569 0.776709
0.823958 -34.4303 0.776709
0.824391 -34.4038 0.777142
0.824825 -34.3773 0.777576
0.825258 -34.3508 0.778009
0.825692 -34.3243 0.778443
0.826125 -34.2979 0.778876
0.826559 -34.2715  0.77931
0.826992 -34.2451 0.779743
0.827426 -34.2188 0.780177
0.827859 -34.1925  0.78061
0.828293 -34.1662  0.78061
0.828726   -34.14 0.781044
 0.82916 -34.1138 0.781477
0.829593 -34.0876 0.781911
0.830027 -34.0614 0.782344
 0.83046 -34.0353 0.782778
0.830894 -34.0092 0.783211
0.831327 -33.9831 0.783645
0.831761 -33.9571 0.784078
0.832194 -33.9311 0.784512
0.832628 -33.9051 0.784512
0.833061 -33.8791 0.784945
0.833494 -33.8532 0.785378
0.833928 -33.8273 0.785812
0.834361 -33.8014 0.786245
0.834795 -33.7756 0.786679
0.835228 -33.7498 0.787112
0.835662  -33.724 0.787546
0.836095 -33.6983 0.787979
0.836529 -33.6725 0.787979
0.836962 -33.6468 0.788413
0.837396 -33.6212 0.788846
0.837829 -33.5955  0.78928
0.838263 -33.5699 0.789713
0.838696 -33.5443 0.790147
 0.83913 -33.5188  0.79058
0.839563 -33.4933 0.791014
0.839997 -33.4678 0.791447
 0.84043 -33.4423 0.791881
0.840864 -33.4169 0.791881
0.841297 -33.3915 0.792314
0.841731 -33.3661 0.792748
0.842164 -33.3407 0.793181
0.842598 -33.3154 0.793615
0.843031 -33.2901 0.794048
0.843464 -33.2648 0.794481
0.843898 -33.2396 0.794915
0.844331 -33.2144 0.795348
0.844765 -33.1892 0.795782
0.845198  -33.164 0.795782
0.845632 -33.1389 0.796215
0.846065 -33.1138 0.796649
0.846499 -33.0887 0.797082
0.846932 -33.0637 0.797516
0.847366 -33.0387 0.797949
0.847799 -33.0137 0.798383
0.848233 -32.9887 0.798816
0.848666 -32.9638  0.79925
  0.8491 -32.9389  0.79925
0.849533  -32.914 0.799683
0.849967 -32.8892 0.800117
  0.8504 -32.8643  0.80055
0.850834 -32.8395 0.800984
0.851267 -32.8148 0.801417
0.851701   -32.79 0.801851
0.852134 -32.7653 0.802284
0.852568 -32.7406 0.802718
0.853001  -32.716 0.803151
0.853434 -32.6913 0.803151
0.853868 -32.6667 0.803585
0.854301 -32.6421 0.804018
0.854735 -32.6176 0.804451
0.855168  -32.593 0.804885
0.855602 -32.5685 0.805318
0.856035 -32.5441 0.805752
0.856469 -32.5196 0.806185
0.856902 -32.4952 0.806619
0.857336 -32.4708 0.806619
0.857769 -32.4465 0.807052
0.858203 -32.4221 0.807486
0.858636 -32.3978 0.807919
 0.85907 -32.3735 0.808353
0.859503 -32.3493 0.808786
0.859937  -32.325  0.80922
 0.86037 -32.3008 0.809653
0.860804 -32.2766 0.810087
0.861237 -32.2525  0.81052
0.861671 -32.2284  0.81052
0.862104 -32.2043 0.810954
0.862538 -32.1802 0.811387
0.862971 -32.1561 0.811821
0.863404 -32.1321 0.812254
0.863838 -32.1081 0.812688
0.864271 -32.0841 0.813121
0.864705 -32.0602 0.813555
0.865138 -32.0363 0.813988
0.865572 -32.0124 0.814421
0.866005 -31.9885 0.814421
0.866439 -31.9647 0.814855
0.866872 -31.9409 0.815288
0.867306 -31.9171 0.815722
0.867739 -31.8933 0.816155
0.868173 -31.8696 0.816589
0.868606 -31.8459 0.817022
 0.86904 -31.8222 0.817456
0.869473 -31.7985 0.817889
0.869907 -31.7749 0.817889
 0.87034 -31.7513 0.818323
0.870774 -31.7277 0.818756
0.871207 -31.7042  0.81919
0.871641 -31.6806 0.819623
0.872074 -31.6571 0.820057
0.872508 -31.6336  0.82049
0.872941 -31.6102 0.820924
0.873374 -31.5868 0.821357
0.873808 -31.5634 0.821791
0.874241   -31.54 0.821791
0.874675 -31.5166 0.822224
0.875108 -31.4933 0.822658
0.875542   -31.47 0.823091
0.875975 -31.4467 0.823525
0.876409 -31.4234 0.823958
0.876842 -31.4002 0.824391
0.877276  -31.377 0.824825
0.877709 -31.3538 0.825258
0.878143 -31.3307 0.825258
0.878576 -31.3076 0.825692
 0.87901 -31.2844 0.826125
0.879443 -31.2614 0.826559
0.879877 -31.2383 0.826992
 0.88031 -31.2153 0.827426
0.880744 -31.1923 0.827859
0.881177 -31.1693 0.828293
0.881611 -31.1463 0.828726
0.882044 -31.1234  0.82916
0.882477 -31.1005  0.82916
0.882911 -31.0776 0.829593
0.883344 -31.0548 0.830027
0.883778 -31.0319  0.83046
0.884211 -31.0091 0.830894
0.884645 -30.9863 0.831327
0.885078 -30.9636 0.831761
0.885512 -30.9408 0.832194
0.885945 -30.9181 0.832628
0.886379 -30.8954 0.833061
0.886812 -30.8728 0.833061
0.887246 -30.8501 0.833494
0.887679 -30.8275 0.833928
0.888113 -30.8049 0.834361
0.888546 -30.7823 0.834795
 0.88898 -30.7598 0.835228
0.889413 -30.7373 0.835662
0.889847 -30.7148 0.836095
 0.89028 -30.6923 0.836529
0.890714 -30.6699 0.836529
0.891147 -30.6475 0.836962
0.891581 -30.6251 0.837396
0.892014 -30.6027 0.837829
0.892447 -30.5803 0.838263
0.892881  -30.558 0.838696
0.893314 -30.5357  0.83913
0.893748 -30.5134 0.839563
0.894181 -30.4912 0.839997
0.894615 -30.4689  0.84043
0.895048 -30.4467  0.84043
0.895482 -30.4245 0.840864
0.895915 -30.4024 0.841297
0.896349 -30.3802 0.841731
0.896782 -30.3581 0.842164
0.897216  -30.336 0.842598
0.897649 -30.3139 0.843031
0.898083 -30.2919 0.843464
0.898516 -30.2699 0.843898
 0.89895 -30.2479 0.843898
0.899383 -30.2259 0.844331
0.899817 -30.2039 0.844765
 0.90025  -30.182 0.845198
0.900684 -30.1601 0.845632
0.901117 -30.1382 0.846065
0.901551 -30.1163 0.846499
0.901984 -30.0945 0.846932
0.902417 -30.0727 0.847366
0.902851 -30.0509 0.847799
0.903284 -30.0291 0.847799
0.903718 -30.0074 0.848233
0.904151 -29.9857 0.848666
0.904585 -29.9639   0.8491
0.905018 -29.9423 0.849533
0.905452 -29.9206 0.849967
0.905885  -29.899   0.8504
0.906319 -29.8774 0.850834
0.906752 -29.8558 0.851267
0.907186 -29.8342 0.851701
0.907619 -29.8127 0.851701
0.908053 -29.7912 0.852134
0.908486 -29.7697 0.852568
 0.90892 -29.7482 0.853001
0.909353 -29.7267 0.853434
0.909787 -29.7053 0.853868
 0.91022 -29.6839 0.854301
0.910654 -29.6625 0.854735
0.911087 -29.6412 0.855168
0.911521 -29.6198 0.855168
0.911954 -29.5985 0.855602
0.912387 -29.5772 0.856035
0.912821 -29.5559 0.856469
0.913254 -29.5347 0.856902
0.913688 -29.5134 0.857336
0.914121 -29.4922 0.857769
0.914555  -29.471 0.858203
0.914988 -29.4499 0.858636
0.915422 -29.4287  0.85907
0.915855 -29.4076  0.85907
0.916289 -29.3865 0.859503
0.916722 -29.3654 0.859937
0.917156 -29.3444  0.86037
0.917589 -29.3233 0.860804
0.918023 -29.3023 0.861237
0.918456 -29.2814 0.861671
 0.91889 -29.2604 0.862104
0.919323 -29.2394 0.862538
0.919757 -29.2185 0.862538
 0.92019 -29.1976 0.862971
0.920624 -29.1767 0.863404
0.921057 -29.1559 0.863838
 0.92149  -29.135 0.864271
0.921924 -29.1142 0.864705
0.922357 -29.0934 0.865138
0.922791 -29.0727 0.865572
0.923224 -29.0519 0.866005
0.923658 -29.0312 0.866439
0.924091 -29.0105 0.866439
0.924525 -28.9898 0.866872
0.924958 -28.9691 0.867306
0.925392 -28.9485 0.867739
0.925825 -28.9278 0.868173
0.926259 -28.9072 0.868606
0.926692 -28.8867  0.86904
0.927126 -28.8661 0.869473
0.927559 -28.8456 0.869907
0.927993 -28.8251 0.869907
0.928426 -28.8046  0.87034
 0.92886 -28.7841 0.870774
0.929293 -28.7636 0.871207
0.929727 -28.7432 0.871641
 0.93016 -28.7228 0.872074
0.930594 -28.7024 0.872508
0.931027  -28.682 0.872941
 0.93146 -28.6617 0.873374
0.931894 -28.6413 0.873808
0.932327  -28.621 0.873808
0.932761 -28.6007 0.874241
0.933194 -28.5805 0.874675
0.933628 -28.5602 0.875108
0.934061   -28.54 0.875542
0.934495 -28.5198 0.875975
0.934928 -28.4996 0.876409
0.935362 -28.4795 0.876842
0.935795 -28.4593 0.877276
0.936229 -28.4392 0.877276
0.936662 -28.4191 0.877709
0.937096  -28.399 0.878143
0.937529 -28.3789 0.878576
0.937963 -28.3589  0.87901
0.938396 -28.3389 0.879443
 0.93883 -28.3189 0.879877
0.939263 -28.2989  0.88031
0.939697  -28.279 0.880744
 0.94013  -28.259 0.881177
0.940564 -28.2391 0.881177
0.940997 -28.2192 0.881611
 0.94143 -28.1993 0.882044
0.941864 -28.1795 0.882477
0.942297 -28.1596 0.882911
0.942731 -28.1398 0.883344
0.943164   -28.12 0.883778
0.943598 -28.1003 0.884211
0.944031 -28.0805 0.884645
0.944465 -28.0608 0.884645
0.944898  -28.041 0.885078
0.945332 -28.0213 0.885512
0.945765 -28.0017 0.885945
0.946199  -27.982 0.886379
0.946632 -27.9624 0.886812
0.947066 -27.9428 0.887246
0.947499 -27.9232 0.887679
0.947933 -27.9036 0.888113
0.948366  -27.884 0.888546
  0.9488 -27.8645 0.888546
0.949233  -27.845  0.88898
0.949667 -27.8255 0.889413
  0.9501  -27.806 0.889847
0.950534 -27.7865  0.89028
0.950967 -27.7671 0.890714
  0.9514 -27.7477 0.891147
0.951834 -27.7283 0.891581
0.952267 -27.7089 0.892014
0.952701 -27.6896 0.892014
0.953134 -27.6702 0.892447
0.953568 -27.6509 0.892881
0.954001 -27.6316 0.893314
0.954435 -27.6123 0.893748
0.954868  -27.593 0.894181
0.955302 -27.5738 0.894615
0.955735 -27.5546 0.895048
0.956169 -27.5354 0.895482
0.956602 -27.5162 0.895915
0.957036  -27.497 0.895915
0.957469 -27.4779 0.896349
0.957903 -27.4587 0.896782
0.958336 -27.4396 0.897216
 0.95877 -27.4205 0.897649
0.959203 -27.4015 0.898083
0.959637 -27.3824 0.898516
 0.96007 -27.3634  0.89895
0.960504 -27.3444 0.899383
0.960937 -27.3254 0.899383
 0.96137 -27.3064 0.899817
0.961804 -27.2875  0.90025
0.962237 -27.2685 0.900684
0.962671 -27.2496 0.901117
0.963104 -27.2307 0.901551
0.963538 -27.2118 0.901984
0.963971  -27.193 0.902417
0.964405 -27.1741 0.902851
0.964838 -27.1553 0.903284
0.965272 -27.1365 0.903284
0.965705 -27.1177 0.903718
0.966139 -27.0989 0.904151
0.966572 -27.0802 0.904585
0.967006 -27.0614 0.905018
0.967439 -27.0427 0.905452
0.967873  -27.024 0.905885
0.968306 -27.0054 0.906319
 0.96874 -26.9867 0.906752
0.969173 -26.9681 0.906752
0.969607 -26.9495 0.907186
 0.97004 -26.9309 0.907619
0.970473 -26.9123 0.908053
0.970907 -26.8937 0.908486
 0.97134 -26.8752  0.90892
0.971774 -26.8566 0.909353
0.972207 -26.8381 0.909787
0.972641 -26.8196  0.91022
0.973074 -26.8012 0.910654
0.973508 -26.7827 0.910654
0.973941 -26.7643 0.911087
0.974375 -26.7459 0.911521
0.974808 -26.7275 0.911954
0.975242 -26.7091 0.912387
0.975675 -26.6907 0.912821
0.976109 -26.6724 0.913254
0.976542 -26.6541 0.913688
0.976976 -26.6357 0.914121
0.977409 -26.6175 0.914121
0.977843 -26.5992 0.914555
0.978276 -26.5809 0.914988
 0.97871 -26.5627 0.915422
0.979143 -26.5445 0.915855
0.979577 -26.5263 0.916289
 0.98001 -26.5081 0.916722
0.980443 -26.4899 0.917156
0.980877 -26.4718 0.917589
 0.98131 -26.4537 0.918023
0.981744 -26.4356 0.918023
0.982177 -26.4175 0.918456
0.982611 -26.3994  0.91889
0.983044 -26.3813 0.919323
0.983478 -26.3633 0.919757
0.983911 -26.3453  0.92019
0.984345 -26.3273 0.920624
0.984778 -26.3093 0.921057
0.985212 -26.2913  0.92149
0.985645 -26.2734  0.92149
0.986079 -26.2554 0.921924
0.986512 -26.2375 0.922357
0.986946 -26.2196 0.922791
0.987379 -26.2017 0.923224
0.987813 -26.1839 0.923658
0.988246  -26.166 0.924091
 0.98868 -26.1482 0.924525
0.989113 -26.1304 0.924958
0.989547 -26.1126 0.924958
 0.98998 -26.0948 0.925392
0.990413 -26.0771 0.925825
0.990847 -26.0593 0.926259
 0.99128 -26.0416 0.926692
0.991714 -26.0239 0.927126
0.992147 -26.0062 0.927559
0.992581 -25.9885 0.927993
0.993014 -25.9709 0.928426
0.993448 -25.9532  0.92886
0.993881 -25.9356  0.92886
0.994315  -25.918 0.929293
0.994748 -25.9004 0.929727
0.995182 -25.8828  0.93016
0.995615 -25.8653 0.930594
0.996049 -25.8478 0.931027
0.996482 -25.8302  0.93146
0.996916 -25.8127 0.931894
0.997349 -25.7953 0.932327
0.997783 -25.7778 0.932327
0.998216 -25.7604 0.932761
 0.99865 -25.7429 0.933194
0.999083 -25.7255 0.933628
0.999517 -25.7081 0.934061
 0.99995 -25.6907 0.934495
 1.00038 -25.6734 0.934928
 1.00082  -25.656 0.935362
 1.00125 -25.6387 0.935795
 1.00168 -25.6214 0.936229
 1.00212 -25.6041 0.936229
 1.00255 -25.5868 0.936662
 1.00298 -25.5695 0.937096
 1.00342 -25.5523 0.937529
 1.00385  -25.535 0.937963
 1.00428 -25.5178 0.938396
 1.00472 -25.5006  0.93883
 1.00515 -25.4834 0.939263
 1.00559 -25.4663 0.939697
 1.00602 -25.4491 0.939697
 1.00645  -25.432  0.94013
 1.00689 -25.4149 0.940564
 1.00732 -25.3978 0.940997
 1.00775 -25.3807  0.94143
 1.00819 -25.3636 0.941864
 1.00862 -25.3466 0.942297
 1.00905 -25.3296 0.942731
 1.00949 -25.3126 0.943164
 1.00992 -25.2956 0.943598
 1.01035 -25.2786 0.943598
 1.01079 -25.2616 0.944031
 1.01122 -25.2446 0.944465
 1.01165 -25.2277 0.944898
 1.01209 -25.2108 0.945332
 1.01252 -25.1939 0.945765
 1.01295  -25.177 0.946199
 1.01339 -25.1601 0.946632
 1.01382 -25.1433 0.947066
 1.01425 -25.1265 0.947066
 1.01469 -25.1096 0.947499
 1.01512 -25.0928 0.947933
 1.01556  -25.076 0.948366
 1.01599 -25.0593   0.9488
 1.01642 -25.0425 0.949233
 1.01686 -25.0258 0.949667
 1.01729  -25.009   0.9501
 1.01772 -24.9923 0.950534
 1.01816 -24.9757 0.950967
 1.01859  -24.959 0.950967
 1.01902 -24.9423   0.9514
 1.01946 -24.9257 0.951834
 1.01989  -24.909 0.952267
 1.02032 -24.8924 0.952701
 1.02076 -24.8758 0.953134
 1.02119 -24.8592 0.953568
 1.02162 -24.8427 0.954001
 1.02206 -24.8261 0.954435
 1.02249 -24.8096 0.954435
 1.02292 -24.7931 0.954868
 1.02336 -24.7766 0.955302
 1.02379 -24.7601 0.955735
 1.02422 -24.7436 0.956169
 1.02466 -24.7272 0.956602
 1.02509 -24.7107 0.957036
 1.02553 -24.6943 0.957469
 1.02596 -24.6779 0.957903
 1.02639 -24.6615 0.958336
 1.02683 -24.6451 0.958336
 1.02726 -24.6288  0.95877
 1.02769 -24.6124 0.959203
 1.02813 -24.5961 0.959637
 1.02856 -24.5798  0.96007
 1.02899 -24.5635 0.960504
 1.02943 -24.5472 0.960937
 1.02986 -24.5309  0.96137
 1.03029 -24.5147 0.961804
 1.03073 -24.4984 0.961804
 1.03116 -24.4822 0.962237
 1.03159  -24.466 0.962671
 1.03203 -24.4498 0.963104
 1.03246 -24.4336 0.963538
 1.03289 -24.4175 0.963971
 1.03333 -24.4013 0.964405
 1.03376 -24.3852 0.964838
 1.03419 -24.3691 0.965272
 1.03463  -24.353 0.965705
 1.03506 -24.3369 0.965705
  1.0355 -24.3208 0.966139
 1.03593 -24.3048 0.966572
 1.03636 -24.2887 0.967006
  1.0368 -24.2727 0.967439
 1.03723 -24.2567 0.967873
 1.03766 -24.2407 0.968306
  1.0381 -24.2247  0.96874
 1.03853 -24.2088 0.969173
 1.03896 -24.1928 0.969173
  1.0394 -24.1769 0.969607
 1.03983  -24.161  0.97004
 1.04026 -24.1451 0.970473
  1.0407 -24.1292 0.970907
 1.04113 -24.1133  0.97134
 1.04156 -24.0975 0.971774
   1.042 -24.0816 0.972207
 1.04243 -24.0658 0.972641
 1.04286   -24.05 0.972641
  1.0433 -24.0342 0.973074
 1.04373 -24.0184 0.973508
 1.04416 -24.0026 0.973941
  1.0446 -23.9869 0.974375
 1.04503 -23.9711 0.974808
 1.04547 -23.9554 0.975242
  1.0459 -23.9397 0.975675
 1.04633  -23.924 0.976109
 1.04677 -23.9083 0.976542
  1.0472 -23.8926 0.976542
 1.04763  -23.877 0.976976
 1.04807 -23.8614 0.977409
  1.0485 -23.8457 0.977843
 1.04893 -23.8301 0.978276
 1.04937 -23.8145  0.97871
  1.0498  -23.799 0.979143
 1.05023 -23.7834 0.979577
 1.05067 -23.7678  0.98001
  1.0511 -23.7523  0.98001
 1.05153 -23.7368 0.980443
 1.05197 -23.7213 0.980877
  1.0524 -23.7058  0.98131
 1.05283 -23.6903 0.981744
 1.05327 -23.6748 0.982177
  1.0537 -23.6594 0.982611
 1.05413  -23.644 0.983044
 1.05457 -23.6285 0.983478
   1.055 -23.6131 0.983911
 1.05544 -23.5978 0.983911
 1.05587 -23.5824 0.984345
  1.0563  -23.567 0.984778
 1.05674 -23.5517 0.985212
 1.05717 -23.5363 0.985645
  1.0576  -23.521 0.986079
 1.05804 -23.5057 0.986512
 1.05847 -23.4904 0.986946
  1.0589 -23.4751 0.987379
 1.05934 -23.4599 0.987379
 1.05977 -23.4446 0.987813
  1.0602 -23.4294 0.988246
 1.06064 -23.4142  0.98868
 1.06107  -23.399 0.989113
  1.0615 -23.3838 0.989547
 1.06194 -23.3686  0.98998
 1.06237 -23.3534 0.990413
  1.0628 -23.3383 0.990847
 1.06324 -23.3232 0.990847
 1.06367  -23.308  0.99128
  1.0641 -23.2929 0.991714
 1.06454 -23.2778 0.992147
 1.06497 -23.2627 0.992581
 1.06541 -23.2477 0.993014
 1.06584 -23.2326 0.993448
 1.06627 -23.2176 0.993881
 1.06671 -23.2026 0.994315
 1.06714 -23.1876 0.994315
 1.06757 -23.1726 0.994748
 1.06801 -23.1576 0.995182
 1.06844 -23.1426 0.995615
 1.06887 -23.1277 0.996049
 1.06931 -23.1127 0.996482
 1.06974 -23.0978 0.996916
 1.07017 -23.0829 0.997349
 1.07061  -23.068 0.997783
 1.07104 -23.0531 0.998216
 1.07147 -23.0382 0.998216
 1.07191 -23.0234  0.99865
 1.07234 -23.0085 0.999083
 1.07277 -22.9937 0.999517
 1.07321 -22.9789  0.99995
 1.07364 -22.9641  1.00038
 1.07407 -22.9493  1.00082
 1.07451 -22.9345  1.00125
 1.07494 -22.9197  1.00168
 1.07538  -22.905  1.00168
 1.07581 -22.8902  1.00212
 1.07624 -22.8755  1.00255
 1.07668 -22.8608  1.00298
 1.07711 -22.8461  1.00342
 1.07754 -22.8314  1.00385
 1.07798 -22.8168  1.00428
 1.07841 -22.8021  1.00472
 1.07884 -22.7875  1.00515
 1.07928 -22.7728  1.00559
 1.07971 -22.7582  1.00559
 1.08014 -22.7436  1.00602
 1.08058  -22.729  1.00645
 1.08101 -22.7144  1.00689
 1.08144 -22.6999  1.00732
 1.08188 -22.6853  1.00775
 1.08231 -22.6708  1.00819
 1.08274 -22.6563  1.00862
 1.08318 -22.6418  1.00905
 1.08361 -22.6273  1.00905
 1.08404 -22.6128  1.00949
 1.08448 -22.5983  1.00992
 1.08491 -22.5839  1.01035
 1.08535 -22.5694  1.01079
 1.08578  -22.555  1.01122
 1.08621 -22.5406  1.01165
 1.08665 -22.5262  1.01209
 1.08708 -22.5118  1.01252
 1.08751 -22.4974  1.01252
 1.08795  -22.483  1.01295
 1.08838 -22.4687  1.01339
 1.08881 -22.4543  1.01382
 1.08925   -22.44  1.01425
 1.08968 -22.4257  1.01469
 1.09011 -22.4114  1.01512
 1.09055 -22.3971  1.01556
 1.09098 -22.3829  1.01599
 1.09141 -22.3686  1.01642
 1.09185 -22.3543  1.01642
 1.09228 -22.3401  1.01686
 1.09271 -22.3259  1.01729
 1.09315 -22.3117  1.01772
 1.09358 -22.2975  1.01816
 1.09401 -22.2833  1.01859
 1.09445 -22.2691  1.01902
 1.09488  -22.255  1.01946
 1.09532 -22.2408  1.01989
 1.09575 -22.2267  1.01989
 1.09618 -22.2126  1.02032
 1.09662 -22.1985  1.02076
 1.09705 -22.1844  1.02119
 1.09748 -22.1703  1.02162
 1.09792 -22.1562  1.02206
 1.09835 -22.1422  1.02249
 1.09878 -22.1281  1.02292
 1.09922 -22.1141  1.02336
 1.09965 -22.1001  1.02379
 1.10008 -22.0861  1.02379
 1.10052 -22.0721  1.02422
 1.10095 -22.0581  1.02466
 1.10138 -22.0441  1.02509
 1.10182 -22.0302  1.02553
 1.10225 -22.0162  1.02596
 1.10268 -22.0023  1.02639
 1.10312 -21.9884  1.02683
 1.10355 -21.9745  1.02726
 1.10398 -21.9606  1.02726
 1.10442 -21.9467  1.02769
 1.10485 -21.9328  1.02813
 1.10529  -21.919  1.02856
 1.10572 -21.9052  1.02899
 1.10615 -21.8913  1.02943
 1.10659 -21.8775  1.02986
 1.10702 -21.8637  1.03029
 1.10745 -21.8499  1.03073
 1.10789 -21.8361  1.03073
 1.10832 -21.8224  1.03116
 1.10875 -21.8086  1.03159
 1.10919 -21.7949  1.03203
 1.10962 -21.7811  1.03246
 1.11005 -21.7674  1.03289
 1.11049 -21.7537  1.03333
 1.11092   -21.74  1.03376
 1.11135 -21.7263  1.03419
 1.11179 -21.7127  1.03463
 1.11222  -21.699  1.03463
 1.11265 -21.6854  1.03506
 1.11309 -21.6717   1.0355
 1.11352 -21.6581  1.03593
 1.11395 -21.6445  1.03636
 1.11439 -21.6309   1.0368
 1.11482 -21.6173  1.03723
 1.11526 -21.6037  1.03766
 1.11569 -21.5902   1.0381
 1.11612 -21.5766   1.0381
 1.11656 -21.5631  1.03853
 1.11699 -21.5496  1.03896
 1.11742 -21.5361   1.0394
 1.11786 -21.5226  1.03983
 1.11829 -21.5091  1.04026
 1.11872 -21.4956   1.0407
 1.11916 -21.4821  1.04113
 1.11959 -21.4687  1.04156
 1.12002 -21.4553  1.04156
 1.12046 -21.4418    1.042
 1.12089 -21.4284  1.04243
 1.12132  -21.415  1.04286
 1.12176 -21.4016   1.0433
 1.12219 -21.3882  1.04373
 1.12262 -21.3749  1.04416
 1.12306 -21.3615   1.0446
 1.12349 -21.3482  1.04503
 1.12392 -21.3348  1.04503
 1.12436 -21.3215  1.04547
 1.12479 -21.3082   1.0459
 1.12523 -21.2949  1.04633
 1.12566 -21.2816  1.04677
 1.12609 -21.2683   1.0472
 1.12653 -21.2551  1.04763
 1.12696 -21.2418  1.04807
 1.12739 -21.2286   1.0485
 1.12783 -21.2154  1.04893
 1.12826 -21.2021  1.04893
 1.12869 -21.1889  1.04937
 1.12913 -21.1757   1.0498
 1.12956 -21.1626  1.05023
 1.12999 -21.1494  1.05067
 1.13043 -21.1362   1.0511
 1.13086 -21.1231  1.05153
 1.13129   -21.11  1.05197
 1.13173 -21.0968   1.0524
 1.13216 -21.0837   1.0524
 1.13259 -21.0706  1.05283
 1.13303 -21.0575  1.05327
 1.13346 -21.0445   1.0537
 1.13389 -21.0314  1.05413
 1.13433 -21.0184  1.05457
 1.13476 -21.0053    1.055
  1.1352 -20.9923  1.05544
 1.13563 -20.9793  1.05587
 1.13606 -20.9663  1.05587
  1.1365 -20.9533   1.0563
 1.13693 -20.9403  1.05674
 1.13736 -20.9273  1.05717
  1.1378 -20.9143   1.0576
 1.13823 -20.9014  1.05804
 1.13866 -20.8885  1.05847
  1.1391 -20.8755   1.0589
 1.13953 -20.8626  1.05934
 1.13996 -20.8497  1.05977
  1.1404 -20.8368  1.05977
 1.14083 -20.8239   1.0602
 1.14126 -20.8111  1.06064
  1.1417 -20.7982  1.06107
 1.14213 -20.7853   1.0615
 1.14256 -20.7725  1.06194
   1.143 -20.7597  1.06237
 1.14343 -20.7469   1.0628
 1.14386 -20.7341  1.06324
  1.1443 -20.7213  1.06324
 1.14473 -20.7085  1.06367
 1.14517 -20.6957   1.0641
  1.1456  -20.683  1.06454
 1.14603 -20.6702  1.06497
 1.14647 -20.6575  1.06541
  1.1469 -20.6448  1.06584
 1.14733  -20.632  1.06627
 1.14777 -20.6193  1.06671
  1.1482 -20.6067  1.06671
 1.14863  -20.594  1.06714
 1.14907 -20.5813  1.06757
  1.1495 -20.5686  1.06801
 1.14993  -20.556  1.06844
 1.15037 -20.5434  1.06887
  1.1508 -20.5307  1.06931
 1.15123 -20.5181  1.06974
 1.15167 -20.5055  1.07017
  1.1521 -20.4929  1.07061
 1.15253 -20.4803  1.07061
 1.15297 -20.4678  1.07104
  1.1534 -20.4552  1.07147
 1.15383 -20.4427  1.07191
 1.15427 -20.4301  1.07234
  1.1547 -20.4176  1.07277
 1.15514 -20.4051  1.07321
 1.15557 -20.3926  1.07364
   1.156 -20.3801  1.07407
 1.15644 -20.3676  1.07407
 1.15687 -20.3551  1.07451
  1.1573 -20.3427  1.07494
 1.15774 -20.3302  1.07538
 1.15817 -20.3178  1.07581
  1.1586 -20.3053  1.07624
 1.15904 -20.2929  1.07668
 1.15947 -20.2805  1.07711
  1.1599 -20.2681  1.07754
 1.16034 -20.2557  1.07754
 1.16077 -20.2433  1.07798
  1.1612  -20.231  1.07841
 1.16164 -20.2186  1.07884
 1.16207 -20.2063  1.07928
  1.1625 -20.1939  1.07971
 1.16294 -20.1816  1.08014
 1.16337 -20.1693  1.08058
  1.1638  -20.157  1.08101
 1.16424 -20.1447  1.08144
 1.16467 -20.1324  1.08144
 1.16511 -20.1202  1.08188
 1.16554 -20.1079  1.08231
 1.16597 -20.0957  1.08274
 1.16641 -20.0834  1.08318
 1.16684 -20.0712  1.08361
 1.16727  -20.059  1.08404
 1.16771 -20.0468  1.08448
 1.16814 -20.0346  1.08491
 1.16857 -20.0224  1.08491
 1.16901 -20.0102  1.08535
 1.16944 -19.9981  1.08578
 1.16987 -19.9859  1.08621
 1.17031 -19.9738  1.08665
 1.17074 -19.9616  1.08708
 1.17117 -19.9495  1.08751
 1.17161 -19.9374  1.08795
 1.17204 -19.9253  1.08838
 1.17247 -19.9132  1.08838
 1.17291 -19.9011  1.08881
 1.17334  -19.889  1.08925
 1.17377  -19.877  1.08968
 1.17421 -19.8649  1.09011
 1.17464 -19.8529  1.09055
 1.17508 -19.8409  1.09098
 1.17551 -19.8288  1.09141
 1.17594 -19.8168  1.09185
 1.17638 -19.8048  1.09185
 1.17681 -19.7929  1.09228
 1.17724 -19.7809  1.09271
 1.17768 -19.7689  1.09315
 1.17811 -19.7569  1.09358
 1.17854  -19.745  1.09401
 1.17898 -19.7331  1.09445
 1.17941 -19.7211  1.09488
 1.17984 -19.7092  1.09532
 1.18028 -19.6973  1.09575
 1.18071 -19.6854  1.09575
 1.18114 -19.6735  1.09618
 1.18158 -19.6617  1.09662
 1.18201 -19.6498  1.09705
 1.18244 -19.6379  1.09748
 1.18288 -19.6261  1.09792
 1.18331 -19.6142  1.09835
 1.18374 -19.6024  1.09878
 1.18418 -19.5906  1.09922
 1.18461 -19.5788  1.09922
 1.18505  -19.567  1.09965
 1.18548 -19.5552  1.10008
 1.18591 -19.5434  1.10052
 1.18635 -19.5317  1.10095
 1.18678 -19.5199  1.10138
 1.18721 -19.5082  1.10182
 1.18765 -19.4964  1.10225
 1.18808 -19.4847  1.10268
 1.18851  -19.473  1.10268
 1.18895 -19.4613  1.10312
 1.18938 -19.4496  1.10355
 1.18981 -19.4379  1.10398
 1.19025 -19.4262  1.10442
 1.19068 -19.4146  1.10485
 1.19111 -19.4029  1.10529
 1.19155 -19.3913  1.10572
 1.19198 -19.3796  1.10615
 1.19241  -19.368  1.10615
 1.19285 -19.3564  1.10659
 1.19328 -19.3448  1.10702
 1.19371 -19.3332  1.10745
 1.19415 -19.3216  1.10789
 1.19458   -19.31  1.10832
 1.19502 -19.2985  1.10875
 1.19545 -19.2869  1.10919
 1.19588 -19.2754  1.10962
 1.19632 -19.2638  1.11005
 1.19675 -19.2523  1.11005
 1.19718 -19.2408  1.11049
 1.19762 -19.2293  1.11092
 1.19805 -19.2178  1.11135
 1.19848 -19.2063  1.11179
 1.19892 -19.1948  1.11222
 1.19935 -19.1833  1.11265
 1.19978 -19.1719  1.11309
 1.20022 -19.1604  1.11352
 1.20065  -19.149  1.11352
 1.20108 -19.1375  1.11395
 1.20152 -19.1261  1.11439
 1.20195 -19.1147  1.11482
 1.20238 -19.1033  1.11526
 1.20282 -19.0919  1.11569
 1.20325 -19.0805  1.11612
 1.20368 -19.0692  1.11656
 1.20412 -19.0578  1.11699
 1.20455 -19.0464  1.11699
 1.20498 -19.0351  1.11742
 1.20542 -19.0238  1.11786
 1.20585 -19.0124  1.11829
 1.20629 -19.0011  1.11872
 1.20672 -18.9898  1.11916
 1.20715 -18.9785  1.11959
 1.20759 -18.9672  1.12002
 1.20802 -18.9559  1.12046
 1.20845 -18.9447  1.12046
 1.20889 -18.9334  1.12089
 1.20932 -18.9222  1.12132
 1.20975 -18.9109  1.12176
 1.21019 -18.8997  1.12219
 1.21062 -18.8885  1.12262
 1.21105 -18.8773  1.12306
 1.21149 -18.8661  1.12349
 1.21192 -18.8549  1.12392
 1.21235 -18.8437  1.12436
 1.21279 -18.8325  1.12436
 1.21322 -18.8213  1.12479
 1.21365 -18.8102  1.12523
 1.21409  -18.799  1.12566
 1.21452 -18.7879  1.12609
 1.21495 -18.7768  1.12653
 1.21539 -18.7656  1.12696
 1.21582 -18.7545  1.12739
 1.21626 -18.7434  1.12783
 1.21669 -18.7323  1.12783
 1.21712 -18.7213  1.12826
 1.21756 -18.7102  1.12869
 1.21799 -18.6991  1.12913
 1.21842 -18.6881  1.12956
 1.21886  -18.677  1.12999
 1.21929  -18.666  1.13043
 1.21972  -18.655  1.13086
 1.22016 -18.6439  1.13129
 1.22059 -18.6329  1.13129
 1.22102 -18.6219  1.13173
 1.22146 -18.6109  1.13216
 1.22189    -18.6  1.13259
 1.22232  -18.589  1.13303
 1.22276  -18.578  1.13346
 1.22319 -18.5671  1.13389
 1.22362 -18.5561  1.13433
 1.22406 -18.5452  1.13476
 1.22449 -18.5343  1.13476
 1.22492 -18.5234   1.1352
 1.22536 -18.5124  1.13563
 1.22579 -18.5015  1.13606
 1.22623 -18.4906   1.1365
 1.22666 -18.4798  1.13693
 1.22709 -18.4689  1.13736
 1.22753  -18.458   1.1378
 1.22796 -18.4472  1.13823
 1.22839 -18.4363  1.13866
 1.22883 -18.4255  1.13866
 1.22926 -18.4147   1.1391
 1.22969 -18.4039  1.13953
 1.23013  -18.393  1.13996
 1.23056 -18.3822   1.1404
 1.23099 -18.3715  1.14083
 1.23143 -18.3607  1.14126
 1.23186 -18.3499   1.1417
 1.23229 -18.3391  1.14213
 1.23273 -18.3284  1.14213
 1.23316 -18.3176  1.14256
 1.23359 -18.3069    1.143
 1.23403 -18.2962  1.14343
 1.23446 -18.2854  1.14386
 1.23489 -18.2747   1.1443
 1.23533  -18.264  1.14473
 1.23576 -18.2533  1.14517
  1.2362 -18.2426   1.1456
 1.23663  -18.232   1.1456
 1.23706 -18.2213  1.14603
  1.2375 -18.2106  1.14647
 1.23793    -18.2   1.1469
 1.23836 -18.1894  1.14733
  1.2388 -18.1787  1.14777
 1.23923 -18.1681   1.1482
 1.23966 -18.1575  1.14863
  1.2401 -18.1469  1.14907
 1.24053 -18.1363  1.14907
 1.24096 -18.1257   1.1495
  1.2414 -18.1151  1.14993
 1.24183 -18.1045  1.15037
 1.24226  -18.094   1.1508
  1.2427 -18.0834  1.15123
 1.24313 -18.0729  1.15167
 1.24356 -18.0623   1.1521
   1.244 -18.0518  1.15253
 1.24443 -18.0413  1.15253
 1.24486 -18.0308  1.15297
  1.2453 -18.0203   1.1534
 1.24573 -18.0098  1.15383
 1.24617 -17.9993  1.15427
  1.2466 -17.9888   1.1547
 1.24703 -17.9784  1.15514
 1.24747 -17.9679  1.15557
  1.2479 -17.9574    1.156
 1.24833  -17.947  1.15644
 1.24877 -17.9366  1.15644
  1.2492 -17.9261  1.15687
 1.24963 -17.9157   1.1573
 1.25007 -17.9053  1.15774
  1.2505 -17.8949  1.15817
 1.25093 -17.8845   1.1586
 1.25137 -17.8741  1.15904
  1.2518 -17.8638  1.15947
 1.25223 -17.8534   1.1599
 1.25267 -17.8431   1.1599
  1.2531 -17.8327  1.16034
 1.25353 -17.8224  1.16077
 1.25397  -17.812   1.1612
  1.2544 -17.8017  1.16164
 1.25483 -17.7914  1.16207
 1.25527 -17.7811   1.1625
  1.2557 -17.7708  1.16294
 1.25614 -17.7605  1.16337
 1.25657 -17.7502  1.16337
   1.257 -17.7399   1.1638
 1.25744 -17.7297  1.16424
 1.25787 -17.7194  1.16467
  1.2583 -17.7092  1.16511
 1.25874 -17.6989  1.16554
 1.25917 -17.6887  1.16597
  1.2596 -17.6785  1.16641
 1.26004 -17.6683  1.16684
 1.26047 -17.6581  1.16684
  1.2609 -17.6479  1.16727
 1.26134 -17.6377  1.16771
 1.26177 -17.6275  1.16814
  1.2622 -17.6173  1.16857
 1.26264 -17.6071  1.16901
 1.26307  -17.597  1.16944
  1.2635 -17.5868  1.16987
 1.26394 -17.5767  1.17031
 1.26437 -17.5666  1.17031
  1.2648 -17.5565  1.17074
 1.26524 -17.5463  1.17117
 1.26567 -17.5362  1.17161
 1.26611 -17.5261  1.17204
 1.26654  -17.516  1.17247
 1.26697 -17.5059  1.17291
 1.26741 -17.4959  1.17334
 1.26784 -17.4858  1.17377
 1.26827 -17.4758  1.17421
 1.26871 -17.4657  1.17421
 1.26914 -17.4557  1.17464
 1.26957 -17.4456  1.17508
 1.27001 -17.4356  1.17551
 1.27044 -17.4256  1.17594
 1.27087 -17.4156  1.17638
 1.27131 -17.4056  1.17681
 1.27174 -17.3956  1.17724
 1.27217 -17.3856  1.17768
 1.27261 -17.3756  1.17768
 1.27304 -17.3656  1.17811
 1.27347 -17.3557  1.17854
 1.27391 -17.3457  1.17898
 1.27434 -17.3358  1.17941
 1.27477 -17.3258  1.17984
 1.27521 -17.3159  1.18028
 1.27564  -17.306  1.18071
 1.27608 -17.2961  1.18114
 1.27651 -17.2862  1.18114
 1.27694 -17.2763  1.18158
 1.27738 -17.2664  1.18201
 1.27781 -17.2565  1.18244
 1.27824 -17.2466  1.18288
 1.27868 -17.2368  1.18331
 1.27911 -17.2269  1.18374
 1.27954  -17.217  1.18418
 1.27998 -17.2072  1.18461
 1.28041 -17.1974  1.18461
 1.28084 -17.1875  1.18505
 1.28128 -17.1777  1.18548
 1.28171 -17.1679  1.18591
 1.28214 -17.1581  1.18635
 1.28258 -17.1483  1.18678
 1.28301 -17.1385  1.18721
 1.28344 -17.1288  1.18765
 1.28388  -17.119  1.18808
 1.28431 -17.1092  1.18808
 1.28474 -17.0995  1.18851
 1.28518 -17.0897  1.18895
 1.28561   -17.08  1.18938
 1.28605 -17.0702  1.18981
 1.28648 -17.0605  1.19025
 1.28691 -17.0508  1.19068
 1.28735 -17.0411  1.19111
 1.28778 -17.0314  1.19155
 1.28821 -17.0217  1.19198
 1.28865  -17.012  1.19198
 1.28908 -17.0023  1.19241
 1.28951 -16.9927  1.19285
 1.28995  -16.983  1.19328
 1.29038 -16.9733  1.19371
 1.29081 -16.9637  1.19415
 1.29125 -16.9541  1.19458
 1.29168 -16.9444  1.19502
 1.29211 -16.9348  1.19545
 1.29255 -16.9252  1.19545
 1.29298 -16.9156  1.19588
 1.29341  -16.906  1.19632
 1.29385 -16.8964  1.19675
 1.29428 -16.8868  1.19718
 1.29471 -16.8772  1.19762
 1.29515 -16.8676  1.19805
 1.29558 -16.8581  1.19848
 1.29602 -16.8485  1.19892
 1.29645  -16.839  1.19892
 1.29688 -16.8294  1.19935
 1.29732 -16.8199  1.19978
 1.29775 -16.8104  1.20022
 1.29818 -16.8009  1.20065
 1.29862 -16.7913  1.20108
 1.29905 -16.7818  1.20152
 1.29948 -16.7724  1.20195
 1.29992 -16.7629  1.20238
 1.30035 -16.7534  1.20238
 1.30078 -16.7439  1.20282
 1.30122 -16.7344  1.20325
 1.30165  -16.725  1.20368
 1.30208 -16.7155  1.20412
 1.30252 -16.7061  1.20455
 1.30295 -16.6967  1.20498
 1.30338 -16.6872  1.20542
 1.30382 -16.6778  1.20585
 1.30425 -16.6684  1.20585
 1.30468  -16.659  1.20629
 1.30512 -16.6496  1.20672
 1.30555 -16.6402  1.20715
 1.30599 -16.6308  1.20759
 1.30642 -16.6214  1.20802
 1.30685 -16.6121  1.20845
 1.30729 -16.6027  1.20889
 1.30772 -16.5934  1.20932
 1.30815  -16.584  1.20975
 1.30859 -16.5747  1.20975
 1.30902 -16.5654  1.21019
 1.30945  -16.556  1.21062
 1.30989 -16.5467  1.21105
 1.31032 -16.5374  1.21149
 1.31075 -16.5281  1.21192
 1.31119 -16.5188  1.21235
 1.31162 -16.5095  1.21279
 1.31205 -16.5002  1.21322
 1.31249  -16.491  1.21322
 1.31292 -16.4817  1.21365
 1.31335 -16.4724  1.21409
 1.31379 -16.4632  1.21452
 1.31422 -16.4539  1.21495
 1.31465 -16.4447  1.21539
 1.31509 -16.4355  1.21582
 1.31552 -16.4263  1.21626
 1.31596  -16.417  1.21669
 1.31639 -16.4078  1.21669
 1.31682 -16.3986  1.21712
 1.31726 -16.3894  1.21756
 1.31769 -16.3803  1.21799
 1.31812 -16.3711  1.21842
 1.31856 -16.3619  1.21886
 1.31899 -16.3527  1.21929
 1.31942 -16.3436  1.21972
 1.31986 -16.3344  1.22016
 1.32029 -16.3253  1.22016
 1.32072 -16.3162  1.22059
 1.32116  -16.307  1.22102
 1.32159 -16.2979  1.22146
 1.32202 -16.2888  1.22189
 1.32246 -16.2797  1.22232
 1.32289 -16.2706  1.22276
 1.32332 -16.2615  1.22319
 1.32376 -16.2524  1.22362
 1.32419 -16.2433  1.22362
 1.32462 -16.2343  1.22406
 1.32506 -16.2252  1.22449
 1.32549 -16.2161  1.22492
 1.32593 -16.2071  1.22536
 1.32636 -16.1981  1.22579
 1.32679  -16.189  1.22623
 1.32723   -16.18  1.22666
 1.32766  -16.171  1.22709
 1.32809  -16.162  1.22709
 1.32853 -16.1529  1.22753
 1.32896 -16.1439  1.22796
 1.32939  -16.135  1.22839
 1.32983  -16.126  1.22883
 1.33026  -16.117  1.22926
 1.33069  -16.108  1.22969
 1.33113 -16.0991  1.23013
 1.33156 -16.0901  1.23056
 1.33199 -16.0811  1.23099
 1.33243 -16.0722  1.23099
 1.33286 -16.0633  1.23143
 1.33329 -16.0543  1.23186
 1.33373 -16.0454  1.23229
 1.33416 -16.0365  1.23273
 1.33459 -16.0276  1.23316
 1.33503 -16.0187  1.23359
 1.33546 -16.0098  1.23403
  1.3359 -16.0009  1.23446
 1.33633  -15.992  1.23446
 1.33676 -15.9831  1.23489
  1.3372 -15.9743  1.23533
 1.33763 -15.9654  1.23576
 1.33806 -15.9565   1.2362
  1.3385 -15.9477  1.23663
 1.33893 -15.9389  1.23706
 1.33936   -15.93   1.2375
  1.3398 -15.9212  1.23793
 1.34023 -15.9124  1.23793
 1.34066 -15.9036  1.23836
  1.3411 -15.8948   1.2388
 1.34153  -15.886  1.23923
 1.34196 -15.8772  1.23966
  1.3424 -15.8684   1.2401
 1.34283 -15.8596  1.24053
 1.34326 -15.8508  1.24096
  1.3437 -15.8421   1.2414
 1.34413 -15.8333   1.2414
 1.34456 -15.8245  1.24183
   1.345 -15.8158  1.24226
 1.34543 -15.8071   1.2427
 1.34587 -15.7983  1.24313
  1.3463 -15.7896  1.24356
 1.34673 -15.7809    1.244
 1.34717 -15.7722  1.24443
  1.3476 -15.7635  1.24486
 1.34803 -15.7548  1.24486
 1.34847 -15.7461   1.2453
  1.3489 -15.7374  1.24573
 1.34933 -15.7287  1.24617
 1.34977   -15.72   1.2466
  1.3502 -15.7114  1.24703
 1.35063 -15.7027  1.24747
 1.35107 -15.6941   1.2479
  1.3515 -15.6854  1.24833
 1.35193 -15.6768  1.24833
 1.35237 -15.6682  1.24877
  1.3528 -15.6595   1.2492
 1.35323 -15.6509  1.24963
 1.35367 -15.6423  1.25007
  1.3541 -15.6337   1.2505
 1.35453 -15.6251  1.25093
 1.35497 -15.6165  1.25137
  1.3554 -15.6079   1.2518
 1.35584 -15.5993   1.2518
 1.35627 -15.5908  1.25223
  1.3567 -15.5822  1.25267
 1.35714 -15.5736   1.2531
 1.35757 -15.5651  1.25353
   1.358 -15.5565  1.25397
 1.35844  -15.548   1.2544
 1.35887 -15.5395  1.25483
  1.3593  -15.531  1.25527
 1.35974 -15.5224  1.25527
 1.36017 -15.5139   1.2557
  1.3606 -15.5054  1.25614
 1.36104 -15.4969  1.25657
 1.36147 -15.4884    1.257
  1.3619 -15.4799  1.25744
 1.36234 -15.4714  1.25787
 1.36277  -15.463   1.2583
  1.3632 -15.4545  1.25874
 1.36364  -15.446  1.25917
 1.36407 -15.4376  1.25917
  1.3645 -15.4291   1.2596
 1.36494 -15.4207  1.26004
 1.36537 -15.4123  1.26047
 1.36581 -15.4038   1.2609
 1.36624 -15.3954  1.26134
 1.36667  -15.387  1.26177
 1.36711 -15.3786   1.2622
 1.36754 -15.3702  1.26264
 1.36797 -15.3618  1.26264
 1.36841 -15.3534  1.26307
 1.36884  -15.345   1.2635
 1.36927 -15.3366  1.26394
 1.36971 -15.3283  1.26437
 1.37014 -15.3199   1.2648
 1.37057 -15.3115  1.26524
 1.37101 -15.3032  1.26567
 1.37144 -15.2948  1.26611
 1.37187 -15.2865  1.26611
 1.37231 -15.2782  1.26654
 1.37274 -15.2698  1.26697
 1.37317 -15.2615  1.26741
 1.37361 -15.2532  1.26784
 1.37404 -15.2449  1.26827
 1.37447 -15.2366  1.26871
 1.37491 -15.2283  1.26914
 1.37534   -15.22  1.26957
 1.37578 -15.2117  1.26957
 1.37621 -15.2035  1.27001
 1.37664 -15.1952  1.27044
 1.37708 -15.1869  1.27087
 1.37751 -15.1787  1.27131
 1.37794 -15.1704  1.27174
 1.37838 -15.1622  1.27217
 1.37881 -15.1539  1.27261
 1.37924 -15.1457  1.27304
 1.37968 -15.1375  1.27304
 1.38011 -15.1293  1.27347
 1.38054  -15.121  1.27391
 1.38098 -15.1128  1.27434
 1.38141 -15.1046  1.27477
 1.38184 -15.0964  1.27521
 1.38228 -15.0882  1.27564
 1.38271 -15.0801  1.27608
 1.38314 -15.0719  1.27651
 1.38358 -15.0637  1.27651
 1.38401 -15.0556  1.27694
 1.38444 -15.0474  1.27738
 1.38488 -15.0392  1.27781
 1.38531 -15.0311  1.27824
 1.38575  -15.023  1.27868
 1.38618 -15.0148  1.27911
 1.38661 -15.0067  1.27954
 1.38705 -14.9986  1.27998
 1.38748 -14.9905  1.27998
 1.38791 -14.9824  1.28041
 1.38835 -14.9743  1.28084
 1.38878 -14.9662  1.28128
 1.38921 -14.9581  1.28171
 1.38965   -14.95  1.28214
 1.39008 -14.9419  1.28258
 1.39051 -14.9338  1.28301
 1.39095 -14.9258  1.28344
 1.39138 -14.9177  1.28388
 1.39181 -14.9097  1.28388
 1.39225 -14.9016  1.28431
 1.39268 -14.8936  1.28474
 1.39311 -14.8855  1.28518
 1.39355 -14.8775  1.28561
 1.39398 -14.8695  1.28605
 1.39441 -14.8615  1.28648
 1.39485 -14.8534  1.28691
 1.39528 -14.8454  1.28735
 1.39572 -14.8374  1.28735
 1.39615 -14.8294  1.28778
 1.39658 -14.8215  1.28821
 1.39702 -14.8135  1.28865
 1.39745 -14.8055  1.28908
 1.39788 -14.7975  1.28951
 1.39832 -14.7896  1.28995
 1.39875 -14.7816  1.29038
 1.39918 -14.7737  1.29081
 1.39962 -14.7657  1.29081
 1.40005 -14.7578  1.29125
 1.40048 -14.7498  1.29168
 1.40092 -14.7419  1.29211
 1.40135  -14.734  1.29255
 1.40178 -14.7261  1.29298
 1.40222 -14.7182  1.29341
 1.40265 -14.7103  1.29385
 1.40308 -14.7024  1.29428
 1.40352 -14.6945  1.29428
 1.40395 -14.6866  1.29471
 1.40438 -14.6787  1.29515
 1.40482 -14.6708  1.29558
 1.40525  -14.663  1.29602
 1.40569 -14.6551  1.29645
 1.40612 -14.6472  1.29688
 1.40655 -14.6394  1.29732
 1.40699 -14.6315  1.29775
 1.40742 -14.6237  1.29775
 1.40785 -14.6159  1.29818
 1.40829  -14.608  1.29862
 1.40872 -14.6002  1.29905
 1.40915 -14.5924  1.29948
 1.40959 -14.5846  1.29992
 1.41002 -14.5768  1.30035
 1.41045  -14.569  1.30078
 1.41089 -14.5612  1.30122
 1.41132 -14.5534  1.30122
 1.41175 -14.5456  1.30165
 1.41219 -14.5379  1.30208
 1.41262 -14.5301  1.30252
 1.41305 -14.5223  1.30295
 1.41349 -14.5146  1.30338
 1.41392 -14.5068  1.30382
 1.41435 -14.4991  1.30425
 1.41479 -14.4913  1.30468
 1.41522 -14.4836  1.30468
 1.41566 -14.4759  1.30512
 1.41609 -14.4681  1.30555
 1.41652 -14.4604  1.30599
 1.41696 -14.4527  1.30642
 1.41739  -14.445  1.30685
 1.41782 -14.4373  1.30729
 1.41826 -14.4296  1.30772
 1.41869 -14.4219  1.30815
 1.41912 -14.4142  1.30815
 1.41956 -14.4066  1.30859
 1.41999 -14.3989  1.30902
 1.42042 -14.3912  1.30945
 1.42086 -14.3836  1.30989
 1.42129 -14.3759  1.31032
 1.42172 -14.3682  1.31075
 1.42216 -14.3606  1.31119
 1.42259  -14.353  1.31162
 1.42302 -14.3453  1.31162
 1.42346 -14.3377  1.31205
 1.42389 -14.3301  1.31249
 1.42432 -14.3225  1.31292
 1.42476 -14.3149  1.31335
 1.42519 -14.3073  1.31379
 1.42563 -14.2997  1.31422
 1.42606 -14.2921  1.31465
 1.42649 -14.2845  1.31509
 1.42693 -14.2769  1.31509
 1.42736 -14.2693  1.31552
 1.42779 -14.2618  1.31596
 1.42823 -14.2542  1.31639
 1.42866 -14.2466  1.31682
 1.42909 -14.2391  1.31726
 1.42953 -14.2315  1.31769
 1.42996  -14.224  1.31812
 1.43039 -14.2164  1.31856
 1.43083 -14.2089  1.31899
 1.43126 -14.2014  1.31899
 1.43169 -14.1939  1.31942
 1.43213 -14.1864  1.31986
 1.43256 -14.1788  1.32029
 1.43299 -14.1713  1.32072
 1.43343 -14.1638  1.32116
 1.43386 -14.1563  1.32159
 1.43429 -14.1489  1.32202
 1.43473 -14.1414  1.32246
 1.43516 -14.1339  1.32246
  1.4356 -14.1264  1.32289
 1.43603  -14.119  1.32332
 1.43646 -14.1115  1.32376
  1.4369 -14.1041  1.32419
 1.43733 -14.0966  1.32462
 1.43776 -14.0892  1.32506
  1.4382 -14.0817  1.32549
 1.43863 -14.0743  1.32593
 1.43906 -14.0669  1.32593
  1.4395 -14.0594  1.32636
 1.43993  -14.052  1.32679
 1.44036 -14.0446  1.32723
  1.4408 -14.0372  1.32766
 1.44123 -14.0298  1.32809
 1.44166 -14.0224  1.32853
  1.4421  -14.015  1.32896
 1.44253 -14.0076  1.32939
 1.44296 -14.0003  1.32939
  1.4434 -13.9929  1.32983
 1.44383 -13.9855  1.33026
 1.44426 -13.9782  1.33069
  1.4447 -13.9708  1.33113
 1.44513 -13.9635  1.33156
 1.44557 -13.9561  1.33199
   1.446 -13.9488  1.33243
 1.44643 -13.9414  1.33286
 1.44687 -13.9341  1.33286
  1.4473 -13.9268  1.33329
 1.44773 -13.9195  1.33373
 1.44817 -13.9121  1.33416
  1.4486 -13.9048  1.33459
 1.44903 -13.8975  1.33503
 1.44947 -13.8902  1.33546
  1.4499 -13.8829   1.3359
 1.45033 -13.8757  1.33633
 1.45077 -13.8684  1.33633
  1.4512 -13.8611  1.33676
 1.45163 -13.8538   1.3372
 1.45207 -13.8466  1.33763
  1.4525 -13.8393  1.33806
 1.45293  -13.832   1.3385
 1.45337 -13.8248  1.33893
  1.4538 -13.8176  1.33936
 1.45423 -13.8103   1.3398
 1.45467 -13.8031   1.3398
  1.4551 -13.7959  1.34023
 1.45554 -13.7886  1.34066
 1.45597 -13.7814   1.3411
  1.4564 -13.7742  1.34153
 1.45684  -13.767  1.34196
 1.45727 -13.7598   1.3424
  1.4577 -13.7526  1.34283
 1.45814 -13.7454  1.34326
 1.45857 -13.7382  1.34326
   1.459  -13.731   1.3437
 1.45944 -13.7239  1.34413
 1.45987 -13.7167  1.34456
  1.4603 -13.7095    1.345
 1.46074 -13.7024  1.34543
 1.46117 -13.6952  1.34587
  1.4616  -13.688   1.3463
 1.46204 -13.6809  1.34673
 1.46247 -13.6738  1.34673
  1.4629 -13.6666  1.34717
 1.46334 -13.6595   1.3476
 1.46377 -13.6524  1.34803
  1.4642 -13.6453  1.34847
 1.46464 -13.6381   1.3489
 1.46507  -13.631  1.34933
 1.46551 -13.6239  1.34977
 1.46594 -13.6168   1.3502
 1.46637 -13.6097   1.3502
 1.46681 -13.6026  1.35063
 1.46724 -13.5956  1.35107
 1.46767 -13.5885   1.3515
 1.46811 -13.5814  1.35193
 1.46854 -13.5743  1.35237
 1.46897 -13.5673   1.3528
 1.46941 -13.5602  1.35323
 1.46984 -13.5532  1.35367
 1.47027 -13.5461  1.35367
 1.47071 -13.5391   1.3541
 1.47114  -13.532  1.35453
 1.47157  -13.525  1.35497
 1.47201  -13.518   1.3554
 1.47244  -13.511  1.35584
 1.47287 -13.5039  1.35627
 1.47331 -13.4969   1.3567
 1.47374 -13.4899  1.35714
 1.47417 -13.4829  1.35714
 1.47461 -13.4759  1.35757
 1.47504 -13.4689    1.358
 1.47548 -13.4619  1.35844
 1.47591  -13.455  1.35887
 1.47634  -13.448   1.3593
 1.47678  -13.441  1.35974
 1.47721  -13.434  1.36017
 1.47764 -13.4271   1.3606
 1.47808 -13.4201   1.3606
 1.47851 -13.4132  1.36104
 1.47894 -13.4062  1.36147
 1.47938 -13.3993   1.3619
 1.47981 -13.3924  1.36234
 1.48024 -13.3854  1.36277
 1.48068 -13.3785   1.3632
 1.48111 -13.3716  1.36364
 1.48154 -13.3647  1.36407
 1.48198 -13.3577   1.3645
 1.48241 -13.3508   1.3645
 1.48284 -13.3439  1.36494
 1.48328  -13.337  1.36537
 1.48371 -13.3301  1.36581
 1.48414 -13.3233  1.36624
 1.48458 -13.3164  1.36667
 1.48501 -13.3095  1.36711
 1.48545 -13.3026  1.36754
 1.48588 -13.2958  1.36754
 1.48631 -13.2889  1.36797
 1.48675  -13.282  1.36841
 1.48718 -13.2752  1.36884
 1.48761 -13.2683  1.36927
 1.48805 -13.2615  1.36971
 1.48848 -13.2547  1.37014
 1.48891 -13.2478  1.37057
 1.48935  -13.241  1.37101
 1.48978 -13.2342  1.37101
 1.49021 -13.2274  1.37144
 1.49065 -13.2205  1.37187
 1.49108 -13.2137  1.37231
 1.49151 -13.2069  1.37274
 1.49195 -13.2001  1.37317
 1.49238 -13.1933  1.37361
 1.49281 -13.1865  1.37404
 1.49325 -13.1798  1.37447
 1.49368  -13.173  1.37447
 1.49411 -13.1662  1.37491
 1.49455 -13.1594  1.37534
 1.49498 -13.1527  1.37578
 1.49542 -13.1459  1.37621
 1.49585 -13.1392  1.37664
 1.49628 -13.1324  1.37708
 1.49672 -13.1257  1.37751
 1.49715 -13.1189  1.37794
 1.49758 -13.1122  1.37838
 1.49802 -13.1054  1.37838
 1.49845 -13.0987  1.37881
 1.49888  -13.092  1.37924
 1.49932 -13.0853  1.37968
 1.49975 -13.0786  1.38011
 1.50018 -13.0719  1.38054
 1.50062 -13.0652  1.38098
 1.50105 -13.0585  1.38141
 1.50148 -13.0518  1.38184
 1.50192 -13.0451  1.38184
 1.50235 -13.0384  1.38228
 1.50278 -13.0317  1.38271
 1.50322  -13.025  1.38314
 1.50365 -13.0184  1.38358
 1.50408 -13.0117  1.38401
 1.50452  -13.005  1.38444
 1.50495 -12.9984  1.38488
 1.50539 -12.9917  1.38531
 1.50582 -12.9851  1.38531
 1.50625 -12.9785  1.38575
 1.50669 -12.9718  1.38618
 1.50712 -12.9652  1.38661
 1.50755 -12.9586  1.38705
 1.50799 -12.9519  1.38748
 1.50842 -12.9453  1.38791
 1.50885 -12.9387  1.38835
 1.50929 -12.9321  1.38878
 1.50972 -12.9255  1.38878
 1.51015 -12.9189  1.38921
 1.51059 -12.9123  1.38965
 1.51102 -12.9057  1.39008
 1.51145 -12.8991  1.39051
 1.51189 -12.8925  1.39095
 1.51232  -12.886  1.39138
 1.51275 -12.8794  1.39181
 1.51319 -12.8728  1.39225
 1.51362 -12.8663  1.39225
 1.51405 -12.8597  1.39268
 1.51449 -12.8532  1.39311
 1.51492 -12.8466  1.39355
 1.51536 -12.8401  1.39398
 1.51579 -12.8335  1.39441
 1.51622  -12.827  1.39485
 1.51666 -12.8205  1.39528
 1.51709 -12.8139  1.39572
 1.51752 -12.8074  1.39572
 1.51796 -12.8009  1.39615
 1.51839 -12.7944  1.39658
 1.51882 -12.7879  1.39702
 1.51926 -12.7814  1.39745
 1.51969 -12.7749  1.39788
 1.52012 -12.7684  1.39832
 1.52056 -12.7619  1.39875
 1.52099 -12.7554  1.39918
 1.52142 -12.7489  1.39918
 1.52186 -12.7425  1.39962
 1.52229  -12.736  1.40005
 1.52272 -12.7295  1.40048
 1.52316 -12.7231  1.40092
 1.52359 -12.7166  1.40135
 1.52402 -12.7102  1.40178
 1.52446 -12.7037  1.40222
 1.52489 -12.6973  1.40265
 1.52533 -12.6908  1.40265
 1.52576 -12.6844  1.40308
 1.52619  -12.678  1.40352
 1.52663 -12.6715  1.40395
 1.52706 -12.6651  1.40438
 1.52749 -12.6587  1.40482
 1.52793 -12.6523  1.40525
 1.52836 -12.6459  1.40569
 1.52879 -12.6395  1.40612
 1.52923 -12.6331  1.40612
 1.52966 -12.6267  1.40655
 1.53009 -12.6203  1.40699
 1.53053 -12.6139  1.40742
 1.53096 -12.6075  1.40785
 1.53139 -12.6012  1.40829
 1.53183 -12.5948  1.40872
 1.53226 -12.5884  1.40915
 1.53269 -12.5821  1.40959
 1.53313 -12.5757  1.40959
 1.53356 -12.5694  1.41002
 1.53399  -12.563  1.41045
 1.53443 -12.5567  1.41089
 1.53486 -12.5503  1.41132
  1.5353  -12.544  1.41175
 1.53573 -12.5377  1.41219
 1.53616 -12.5313  1.41262
  1.5366  -12.525  1.41305
 1.53703 -12.5187  1.41305
 1.53746 -12.5124  1.41349
  1.5379 -12.5061  1.41392
 1.53833 -12.4998  1.41435
 1.53876 -12.4935  1.41479
  1.5392 -12.4872  1.41522
 1.53963 -12.4809  1.41566
 1.54006 -12.4746  1.41609
  1.5405 -12.4683  1.41652
 1.54093  -12.462  1.41652
 1.54136 -12.4558  1.41696
  1.5418 -12.4495  1.41739
 1.54223 -12.4432  1.41782
 1.54266  -12.437  1.41826
  1.5431 -12.4307  1.41869
 1.54353 -12.4245  1.41912
 1.54396 -12.4182  1.41956
  1.5444  -12.412  1.41999
 1.54483 -12.4057  1.41999
 1.54527 -12.3995  1.42042
  1.5457 -12.3933  1.42086
 1.54613  -12.387  1.42129
 1.54657 -12.3808  1.42172
   1.547 -12.3746  1.42216
 1.54743 -12.3684  1.42259
 1.54787 -12.3622  1.42302
  1.5483  -12.356  1.42346
 1.54873 -12.3498  1.42346
 1.54917 -12.3436  1.42389
  1.5496 -12.3374  1.42432
 1.55003 -12.3312  1.42476
 1.55047  -12.325  1.42519
  1.5509 -12.3188  1.42563
 1.55133 -12.3127  1.42606
 1.55177 -12.3065  1.42649
  1.5522 -12.3003  1.42693
 1.55263 -12.2942  1.42693
 1.55307  -12.288  1.42736
  1.5535 -12.2819  1.42779
 1.55393 -12.2757  1.42823
 1.55437 -12.2696  1.42866
  1.5548 -12.2634  1.42909
 1.55524 -12.2573  1.42953
 1.55567 -12.2512  1.42996
  1.5561  -12.245  1.43039
 1.55654 -12.2389  1.43039
 1.55697 -12.2328  1.43083
  1.5574 -12.2267  1.43126
 1.55784 -12.2206  1.43169
 1.55827 -12.2145  1.43213
  1.5587 -12.2084  1.43256
 1.55914 -12.2023  1.43299
 1.55957 -12.1962  1.43343
    1.56 -12.1901  1.43386
 1.56044  -12.184  1.43386
 1.56087 -12.1779  1.43429
  1.5613 -12.1718  1.43473
 1.56174 -12.1658  1.43516
 1.56217 -12.1597   1.4356
  1.5626 -12.1536  1.43603
 1.56304 -12.1476  1.43646
 1.56347 -12.1415   1.4369
  1.5639 -12.1355  1.43733
 1.56434 -12.1294  1.43733
 1.56477 -12.1234  1.43776
 1.56521 -12.1173   1.4382
 1.56564 -12.1113  1.43863
 1.56607 -12.1053  1.43906
 1.56651 -12.0992   1.4395
 1.56694 -12.0932  1.43993
 1.56737 -12.0872  1.44036
 1.56781 -12.0812   1.4408
 1.56824 -12.0752   1.4408
 1.56867 -12.0692  1.44123
 1.56911 -12.0632  1.44166
 1.56954 -12.0572   1.4421
 1.56997 -12.0512  1.44253
 1.57041 -12.0452  1.44296
 1.57084 -12.0392   1.4434
 1.57127 -12.0332  1.44383
 1.57171 -12.0272  1.44426
 1.57214 -12.0213  1.44426
 1.57257 -12.0153   1.4447
 1.57301 -12.0093  1.44513
 1.57344 -12.0034  1.44557
 1.57387 -11.9974    1.446
 1.57431 -11.9915  1.44643
 1.57474 -11.9855  1.44687
 1.57518 -11.9796   1.4473
 1.57561 -11.9736  1.44773
 1.57604 -11.9677  1.44773
 1.57648 -11.9618  1.44817
 1.57691 -11.9558   1.4486
 1.57734 -11.9499  1.44903
 1.57778  -11.944  1.44947
 1.57821 -11.9381   1.4499
 1.57864 -11.9322  1.45033
 1.57908 -11.9262  1.45077
 1.57951 -11.9203   1.4512
 1.57994 -11.9144   1.4512
 1.58038 -11.9085  1.45163
 1.58081 -11.9027  1.45207
 1.58124 -11.8968   1.4525
 1.58168 -11.8909  1.45293
 1.58211  -11.885  1.45337
 1.58254 -11.8791   1.4538
 1.58298 -11.8733  1.45423
 1.58341 -11.8674  1.45467
 1.58384 -11.8615  1.45467
 1.58428 -11.8557   1.4551
 1.58471 -11.8498  1.45554
 1.58515  -11.844  1.45597
 1.58558 -11.8381   1.4564
 1.58601 -11.8323  1.45684
 1.58645 -11.8264  1.45727
 1.58688 -11.8206   1.4577
 1.58731 -11.8148  1.45814
 1.58775 -11.8089  1.45814
 1.58818 -11.8031  1.45857
 1.58861 -11.7973    1.459
 1.58905 -11.7915  1.45944
 1.58948 -11.7857  1.45987
 1.58991 -11.7798   1.4603
 1.59035  -11.774  1.46074
 1.59078 -11.7682  1.46117
 1.59121 -11.7625   1.4616
 1.59165 -11.7567   1.4616
 1.59208 -11.7509  1.46204
 1.59251 -11.7451  1.46247
 1.59295 -11.7393   1.4629
 1.59338 -11.7335  1.46334
 1.59381 -11.7278  1.46377
 1.59425  -11.722   1.4642
 1.59468 -11.7162  1.46464
 1.59512 -11.7105  1.46507
 1.59555 -11.7047  1.46507
 1.59598  -11.699  1.46551
 1.59642 -11.6932  1.46594
 1.59685 -11.6875  1.46637
 1.59728 -11.6817  1.46681
 1.59772  -11.676  1.46724
 1.59815 -11.6702  1.46767
 1.59858 -11.6645  1.46811
 1.59902 -11.6588  1.46854
 1.59945 -11.6531  1.46854
 1.59988 -11.6473  1.46897
 1.60032 -11.6416  1.46941
 1.60075 -11.6359  1.46984
 1.60118 -11.6302  1.47027
 1.60162 -11.6245  1.47071
 1.60205 -11.6188  1.47114
 1.60248 -11.6131  1.47157
 1.60292 -11.6074  1.47201
 1.60335 -11.6017  1.47201
 1.60378 -11.5961  1.47244
 1.60422 -11.5904  1.47287
 1.60465 -11.5847  1.47331
 1.60509  -11.579  1.47374
 1.60552 -11.5734  1.47417
 1.60595 -11.5677  1.47461
 1.60639  -11.562  1.47504
 1.60682 -11.5564  1.47548
 1.60725 -11.5507  1.47548
 1.60769 -11.5451  1.47591
 1.60812 -11.5394  1.47634
 1.60855 -11.5338  1.47678
 1.60899 -11.5282  1.47721
 1.60942 -11.5225  1.47764
 1.60985 -11.5169  1.47808
 1.61029 -11.5113  1.47851
 1.61072 -11.5056  1.47894
 1.61115    -11.5  1.47938
 1.61159 -11.4944  1.47938
 1.61202 -11.4888  1.47981
 1.61245 -11.4832  1.48024
 1.61289 -11.4776  1.48068
 1.61332  -11.472  1.48111
 1.61375 -11.4664  1.48154
 1.61419 -11.4608  1.48198
 1.61462 -11.4552  1.48241
 1.61506 -11.4496  1.48284
 1.61549  -11.444  1.48284
 1.61592 -11.4385  1.48328
 1.61636 -11.4329  1.48371
 1.61679 -11.4273  1.48414
 1.61722 -11.4218  1.48458
 1.61766 -11.4162  1.48501
 1.61809 -11.4106  1.48545
 1.61852 -11.4051  1.48588
 1.61896 -11.3995  1.48588
 1.61939  -11.394  1.48631
 1.61982 -11.3884  1.48675
 1.62026 -11.3829  1.48718
 1.62069 -11.3774  1.48761
 1.62112 -11.3718  1.48805
 1.62156 -11.3663  1.48848
 1.62199 -11.3608  1.48891
 1.62242 -11.3553  1.48935
 1.62286 -11.3497  1.48935
 1.62329 -11.3442  1.48978
 1.62372 -11.3387  1.49021
 1.62416 -11.3332  1.49065
 1.62459 -11.3277  1.49108
 1.62503 -11.3222  1.49151
 1.62546 -11.3167  1.49195
 1.62589 -11.3112  1.49238
 1.62633 -11.3057  1.49281
 1.62676 -11.3002  1.49281
 1.62719 -11.2948  1.49325
 1.62763 -11.2893  1.49368
 1.62806 -11.2838  1.49411
 1.62849 -11.2783  1.49455
 1.62893 -11.2729  1.49498
 1.62936 -11.2674  1.49542
 1.62979  -11.262  1.49585
 1.63023 -11.2565  1.49628
 1.63066 -11.2511  1.49628
 1.63109 -11.2456  1.49672
 1.63153 -11.2402  1.49715
 1.63196 -11.2347  1.49758
 1.63239 -11.2293  1.49802
 1.63283 -11.2238  1.49845
 1.63326 -11.2184  1.49888
 1.63369  -11.213  1.49932
 1.63413 -11.2076  1.49975
 1.63456 -11.2022  1.49975
 1.63499 -11.1967  1.50018
 1.63543 -11.1913  1.50062
 1.63586 -11.1859  1.50105
  1.6363 -11.1805  1.50148
 1.63673 -11.1751  1.50192
 1.63716 -11.1697  1.50235
  1.6376 -11.1643  1.50278
 1.63803 -11.1589  1.50322
 1.63846 -11.1535  1.50322
  1.6389 -11.1482  1.50365
 1.63933 -11.1428  1.50408
 1.63976 -11.1374  1.50452
  1.6402  -11.132  1.50495
 1.64063 -11.1267  1.50539
 1.64106 -11.1213  1.50582
  1.6415 -11.1159  1.50625
 1.64193 -11.1106  1.50669
 1.64236 -11.1052  1.50669
  1.6428 -11.0999  1.50712
 1.64323 -11.0945  1.50755
 1.64366 -11.0892  1.50799
  1.6441 -11.0838  1.50842
 1.64453 -11.0785  1.50885
 1.64496 -11.0732  1.50929
  1.6454 -11.0678  1.50972
 1.64583 -11.0625  1.51015
 1.64627 -11.0572  1.51015
  1.6467 -11.0519  1.51059
 1.64713 -11.0466  1.51102
 1.64757 -11.0412  1.51145
   1.648 -11.0359  1.51189
 1.64843 -11.0306  1.51232
 1.64887 -11.0253  1.51275
  1.6493   -11.02  1.51319
 1.64973 -11.0147  1.51362
 1.65017 -11.0095  1.51362
  1.6506 -11.0042  1.51405
 1.65103 -10.9989  1.51449
 1.65147 -10.9936  1.51492
  1.6519 -10.9883  1.51536
 1.65233  -10.983  1.51579
 1.65277 -10.9778  1.51622
  1.6532 -10.9725  1.51666
 1.65363 -10.9672  1.51709
 1.65407  -10.962  1.51709
  1.6545 -10.9567  1.51752
 1.65493 -10.9515  1.51796
 1.65537 -10.9462  1.51839
  1.6558  -10.941  1.51882
 1.65624 -10.9357  1.51926
 1.65667 -10.9305  1.51969
  1.6571 -10.9253  1.52012
 1.65754   -10.92  1.52056
 1.65797 -10.9148  1.52056
  1.6584 -10.9096  1.52099
 1.65884 -10.9044  1.52142
 1.65927 -10.8991  1.52186
  1.6597 -10.8939  1.52229
 1.66014 -10.8887  1.52272
 1.66057 -10.8835  1.52316
   1.661 -10.8783  1.52359
 1.66144 -10.8731  1.52402
 1.66187 -10.8679  1.52402
  1.6623 -10.8627  1.52446
 1.66274 -10.8575  1.52489
 1.66317 -10.8523  1.52533
  1.6636 -10.8471  1.52576
 1.66404  -10.842  1.52619
 1.66447 -10.8368  1.52663
  1.6649 -10.8316  1.52706
 1.66534 -10.8264  1.52749
 1.66577 -10.8213  1.52749
 1.66621 -10.8161  1.52793
 1.66664  -10.811  1.52836
 1.66707 -10.8058  1.52879
 1.66751 -10.8006  1.52923
 1.66794 -10.7955  1.52966
 1.66837 -10.7903  1.53009
 1.66881 -10.7852  1.53053
 1.66924 -10.7801  1.53096
 1.66967 -10.7749  1.53096
 1.67011 -10.7698  1.53139
 1.67054 -10.7647  1.53183
 1.67097 -10.7595  1.53226
 1.67141 -10.7544  1.53269
 1.67184 -10.7493  1.53313
 1.67227 -10.7442  1.53356
 1.67271 -10.7391  1.53399
 1.67314  -10.734  1.53443
 1.67357 -10.7289  1.53443
 1.67401 -10.7238  1.53486
 1.67444 -10.7187   1.5353
 1.67487 -10.7136  1.53573
 1.67531 -10.7085  1.53616
 1.67574 -10.7034   1.5366
 1.67618 -10.6983  1.53703
 1.67661 -10.6932  1.53746
 1.67704 -10.6881   1.5379
 1.67748  -10.683   1.5379
 1.67791  -10.678  1.53833
 1.67834 -10.6729  1.53876
 1.67878 -10.6678   1.5392
 1.67921 -10.6628  1.53963
 1.67964 -10.6577  1.54006
 1.68008 -10.6527   1.5405
 1.68051 -10.6476  1.54093
 1.68094 -10.6426  1.54136
 1.68138 -10.6375  1.54136
 1.68181 -10.6325   1.5418
 1.68224 -10.6274  1.54223
 1.68268 -10.6224  1.54266
 1.68311 -10.6174   1.5431
 1.68354 -10.6123  1.54353
 1.68398 -10.6073  1.54396
 1.68441 -10.6023   1.5444
 1.68484 -10.5973  1.54483
 1.68528 -10.5922  1.54483
 1.68571 -10.5872  1.54527
 1.68615 -10.5822   1.5457
 1.68658 -10.5772  1.54613
 1.68701 -10.5722  1.54657
 1.68745 -10.5672    1.547
 1.68788 -10.5622  1.54743
 1.68831 -10.5572  1.54787
 1.68875 -10.5522   1.5483
 1.68918 -10.5472   1.5483
 1.68961 -10.5422  1.54873
 1.69005 -10.5373  1.54917
 1.69048 -10.5323   1.5496
 1.69091 -10.5273  1.55003
 1.69135 -10.5223  1.55047
 1.69178 -10.5174   1.5509
 1.69221 -10.5124  1.55133
 1.69265 -10.5074  1.55177
 1.69308 -10.5025  1.55177
 1.69351 -10.4975   1.5522
 1.69395 -10.4926  1.55263
 1.69438 -10.4876  1.55307
 1.69481 -10.4827   1.5535
 1.69525 -10.4777  1.55393
 1.69568 -10.4728  1.55437
 1.69612 -10.4679   1.5548
 1.69655 -10.4629  1.55524
 1.69698  -10.458  1.55524
 1.69742 -10.4531  1.55567
 1.69785 -10.4482   1.5561
 1.69828 -10.4432  1.55654
 1.69872 -10.4383  1.55697
 1.69915 -10.4334   1.5574
 1.69958 -10.4285  1.55784
 1.70002 -10.4236  1.55827
 1.70045 -10.4187   1.5587
 1.70088 -10.4138   1.5587
 1.70132 -10.4089  1.55914
 1.70175  -10.404  1.55957
 1.70218 -10.3991     1.56
 1.70262 -10.3942  1.56044
 1.70305 -10.3893  1.56087
 1.70348 -10.3844   1.5613
 1.70392 -10.3796  1.56174
 1.70435 -10.3747  1.56217
 1.70478 -10.3698  1.56217
 1.70522 -10.3649   1.5626
 1.70565 -10.3601  1.56304
 1.70609 -10.3552  1.56347
 1.70652 -10.3503   1.5639
 1.70695 -10.3455  1.56434
 1.70739 -10.3406  1.56477
 1.70782 -10.3358  1.56521
 1.70825 -10.3309  1.56564
 1.70869 -10.3261  1.56564
 1.70912 -10.3213  1.56607
 1.70955 -10.3164  1.56651
 1.70999 -10.3116  1.56694
 1.71042 -10.3067  1.56737
 1.71085 -10.3019  1.56781
 1.71129 -10.2971  1.56824
 1.71172 -10.2923  1.56867
 1.71215 -10.2874  1.56911
 1.71259 -10.2826  1.56911
 1.71302 -10.2778  1.56954
 1.71345  -10.273  1.56997
 1.71389 -10.2682  1.57041
 1.71432 -10.2634  1.57084
 1.71475 -10.2586  1.57127
 1.71519 -10.2538  1.57171
 1.71562  -10.249  1.57214
 1.71606 -10.2442  1.57257
 1.71649 -10.2394  1.57257
 1.71692 -10.2346  1.57301
 1.71736 -10.2299  1.57344
 1.71779 -10.2251  1.57387
 1.71822 -10.2203  1.57431
 1.71866 -10.2155  1.57474
 1.71909 -10.2108  1.57518
 1.71952  -10.206  1.57561
 1.71996 -10.2012  1.57604
 1.72039 -10.1965  1.57604
 1.72082 -10.1917  1.57648
 1.72126 -10.1869  1.57691
 1.72169 -10.1822  1.57734
 1.72212 -10.1774  1.57778
 1.72256 -10.1727  1.57821
 1.72299  -10.168  1.57864
 1.72342 -10.1632  1.57908
 1.72386 -10.1585  1.57951
 1.72429 -10.1537  1.57951
 1.72472  -10.149  1.57994
 1.72516 -10.1443  1.58038
 1.72559 -10.1396  1.58081
 1.72603 -10.1348  1.58124
 1.72646 -10.1301  1.58168
 1.72689 -10.1254  1.58211
 1.72733 -10.1207  1.58254
 1.72776  -10.116  1.58298
 1.72819 -10.1113  1.58298
 1.72863 -10.1066  1.58341
 1.72906 -10.1019  1.58384
 1.72949 -10.0972  1.58428
 1.72993 -10.0925  1.58471
 1.73036 -10.0878  1.58515
 1.73079 -10.0831  1.58558
 1.73123 -10.0784  1.58601
 1.73166 -10.0737  1.58601
 1.73209  -10.069  1.58645
 1.73253 -10.0644  1.58688
 1.73296 -10.0597  1.58731
 1.73339  -10.055  1.58775
 1.73383 -10.0504  1.58818
 1.73426 -10.0457  1.58861
 1.73469  -10.041  1.58905
 1.73513 -10.0364  1.58948
 1.73556 -10.0317  1.58948
   1.736 -10.0271  1.58991
 1.73643 -10.0224  1.59035
 1.73686 -10.0178  1.59078
  1.7373 -10.0131  1.59121
 1.73773 -10.0085  1.59165
 1.73816 -10.0038  1.59208
  1.7386  -9.9992  1.59251
 1.73903 -9.99457  1.59295
 1.73946 -9.98994  1.59295
  1.7399 -9.98532  1.59338
 1.74033 -9.98069  1.59381
 1.74076 -9.97607  1.59425
  1.7412 -9.97145  1.59468
 1.74163 -9.96684  1.59512
 1.74206 -9.96223  1.59555
  1.7425 -9.95762  1.59598
 1.74293 -9.95301  1.59642
 1.74336 -9.94841  1.59642
  1.7438 -9.94381  1.59685
 1.74423 -9.93921  1.59728
 1.74466 -9.93462  1.59772
  1.7451 -9.93003  1.59815
 1.74553 -9.92544  1.59858
 1.74597 -9.92085  1.59902
  1.7464 -9.91627  1.59945
 1.74683 -9.91169  1.59988
 1.74727 -9.90711  1.59988
  1.7477 -9.90254  1.60032
 1.74813 -9.89797  1.60075
 1.74857  -9.8934  1.60118
   1.749 -9.88883  1.60162
 1.74943 -9.88427  1.60205
 1.74987 -9.87971  1.60248
  1.7503 -9.87516  1.60292
 1.75073  -9.8706  1.60335
 1.75117 -9.86605  1.60335
  1.7516  -9.8615  1.60378
 1.75203 -9.85696  1.60422
 1.75247 -9.85242  1.60465
  1.7529 -9.84788  1.60509
 1.75333 -9.84334  1.60552
 1.75377 -9.83881  1.60595
  1.7542 -9.83428  1.60639
 1.75463 -9.82975  1.60682
 1.75507 -9.82522  1.60682
  1.7555  -9.8207  1.60725
 1.75594 -9.81618  1.60769
 1.75637 -9.81166  1.60812
  1.7568 -9.80715  1.60855
 1.75724 -9.80264  1.60899
 1.75767 -9.79813  1.60942
  1.7581 -9.79363  1.60985
 1.75854 -9.78912  1.61029
 1.75897 -9.78463  1.61029
  1.7594 -9.78013  1.61072
 1.75984 -9.77563  1.61115
 1.76027 -9.77114  1.61159
  1.7607 -9.76665  1.61202
 1.76114 -9.76217  1.61245
 1.76157 -9.75769  1.61289
   1.762 -9.75321  1.61332
 1.76244 -9.74873  1.61375
 1.76287 -9.74426  1.61375
  1.7633 -9.73979  1.61419
 1.76374 -9.73532  1.61462
 1.76417 -9.73085  1.61506
  1.7646 -9.72639  1.61549
 1.76504 -9.72193  1.61592
 1.76547 -9.71747  1.61636
 1.76591 -9.71302  1.61679
 1.76634 -9.70857  1.61722
 1.76677 -9.70412  1.61722
 1.76721 -9.69967  1.61766
 1.76764 -9.69523  1.61809
 1.76807 -9.69079  1.61852
 1.76851 -9.68635  1.61896
 1.76894 -9.68191  1.61939
 1.76937 -9.67748  1.61982
 1.76981 -9.67305  1.62026
 1.77024 -9.66863  1.62069
 1.77067  -9.6642  1.62069
 1.77111 -9.65978  1.62112
 1.77154 -9.65536  1.62156
 1.77197 -9.65095  1.62199
 1.77241 -9.64653  1.62242
 1.77284 -9.64212  1.62286
 1.77327 -9.63772  1.62329
 1.77371 -9.63331  1.62372
 1.77414 -9.62891  1.62416
 1.77457 -9.62451  1.62416
 1.77501 -9.62012  1.62459
 1.77544 -9.61572  1.62503
 1.77588 -9.61133  1.62546
 1.77631 -9.60694  1.62589
 1.77674 -9.60256  1.62633
 1.77718 -9.59818  1.62676
 1.77761  -9.5938  1.62719
 1.77804 -9.58942  1.62763
 1.77848 -9.58505  1.62763
 1.77891 -9.58067  1.62806
 1.77934 -9.57631  1.62849
 1.77978 -9.57194  1.62893
 1.78021 -9.56758  1.62936
 1.78064 -9.56322  1.62979
 1.78108 -9.55886  1.63023
 1.78151  -9.5545  1.63066
 1.78194 -9.55015  1.63109
 1.78238  -9.5458  1.63109
 1.78281 -9.54145  1.63153
 1.78324 -9.53711  1.63196
 1.78368 -9.53277  1.63239
 1.78411 -9.52843  1.63283
 1.78454 -9.52409  1.63326
 1.78498 -9.51976  1.63369
 1.78541 -9.51543  1.63413
 1.78585  -9.5111  1.63456
 1.78628 -9.50678  1.63456
 1.78671 -9.50245  1.63499
 1.78715 -9.49813  1.63543
 1.78758 -9.49382  1.63586
 1.78801  -9.4895   1.6363
 1.78845 -9.48519  1.63673
 1.78888 -9.48088  1.63716
 1.78931 -9.47657   1.6376
 1.78975 -9.47227   1.6376
 1.79018 -9.46797  1.63803
 1.79061 -9.46367  1.63846
 1.79105 -9.45937   1.6389
 1.79148 -9.45508  1.63933
 1.79191 -9.45079  1.63976
 1.79235  -9.4465   1.6402
 1.79278 -9.44222  1.64063
 1.79321 -9.43794  1.64106
 1.79365 -9.43366  1.64106
 1.79408 -9.42938   1.6415
 1.79451  -9.4251  1.64193
 1.79495 -9.42083  1.64236
 1.79538 -9.41656   1.6428
 1.79582 -9.41229  1.64323
 1.79625 -9.40803  1.64366
 1.79668 -9.40377   1.6441
 1.79712 -9.39951  1.64453
 1.79755 -9.39526  1.64453
 1.79798   -9.391  1.64496
 1.79842 -9.38675   1.6454
 1.79885  -9.3825  1.64583
 1.79928 -9.37826  1.64627
 1.79972 -9.37401   1.6467
 1.80015 -9.36977  1.64713
 1.80058 -9.36554  1.64757
 1.80102  -9.3613    1.648
 1.80145 -9.35707    1.648
 1.80188 -9.35284  1.64843
 1.80232 -9.34861  1.64887
 1.80275 -9.34439   1.6493
 1.80318 -9.34017  1.64973
 1.80362 -9.33595  1.65017
 1.80405 -9.33173   1.6506
 1.80448 -9.32752  1.65103
 1.80492 -9.32331  1.65147
 1.80535  -9.3191  1.65147
 1.80579 -9.31489   1.6519
 1.80622 -9.31069  1.65233
 1.80665 -9.30648  1.65277
 1.80709 -9.30229   1.6532
 1.80752 -9.29809  1.65363
 1.80795  -9.2939  1.65407
 1.80839 -9.28971   1.6545
 1.80882 -9.28552  1.65493
 1.80925 -9.28133  1.65493
 1.80969 -9.27715  1.65537
 1.81012 -9.27297   1.6558
 1.81055 -9.26879  1.65624
 1.81099 -9.26462  1.65667
 1.81142 -9.26044   1.6571
 1.81185 -9.25627  1.65754
 1.81229 -9.25211  1.65797
 1.81272 -9.24794   1.6584
 1.81315 -9.24378   1.6584
 1.81359 -9.23962  1.65884
 1.81402 -9.23546  1.65927
 1.81445 -9.23131   1.6597
 1.81489 -9.22715  1.66014
 1.81532   -9.223  1.66057
 1.81576 -9.21886    1.661
 1.81619 -9.21471  1.66144
 1.81662 -9.21057  1.66187
 1.81706 -9.20643  1.66187
 1.81749  -9.2023   1.6623
 1.81792 -9.19816  1.66274
 1.81836 -9.19403  1.66317
 1.81879  -9.1899   1.6636
 1.81922 -9.18577  1.66404
 1.81966 -9.18165  1.66447
 1.82009 -9.17753   1.6649
 1.82052 -9.17341  1.66534
 1.82096 -9.16929  1.66534
 1.82139 -9.16518  1.66577
 1.82182 -9.16107  1.66621
 1.82226 -9.15696  1.66664
 1.82269 -9.15285  1.66707
 1.82312 -9.14875  1.66751
 1.82356 -9.14464  1.66794
 1.82399 -9.14055  1.66837
 1.82442 -9.13645  1.66881
 1.82486 -9.13236  1.66881
 1.82529 -9.12826  1.66924
 1.82573 -9.12417  1.66967
 1.82616 -9.12009  1.67011
 1.82659   -9.116  1.67054
 1.82703 -9.11192  1.67097
 1.82746 -9.10784  1.67141
 1.82789 -9.10377  1.67184
 1.82833  -9.0997  1.67227
 1.82876 -9.09562  1.67227
 1.82919 -9.09155  1.67271
 1.82963 -9.08749  1.67314
 1.83006 -9.08342  1.67357
 1.83049 -9.07936  1.67401
 1.83093  -9.0753  1.67444
 1.83136 -9.07125  1.67487
 1.83179 -9.06719  1.67531
 1.83223 -9.06314  1.67531
 1.83266 -9.05909  1.67574
 1.83309 -9.05505  1.67618
 1.83353   -9.051  1.67661
 1.83396 -9.04696  1.67704
 1.83439 -9.04292  1.67748
 1.83483 -9.03888  1.67791
 1.83526 -9.03485  1.67834
  1.8357 -9.03082  1.67878
 1.83613 -9.02679  1.67878
 1.83656 -9.02276  1.67921
   1.837 -9.01874  1.67964
 1.83743 -9.01471  1.68008
 1.83786 -9.01069  1.68051
  1.8383 -9.00668  1.68094
 1.83873 -9.00266  1.68138
 1.83916 -8.99865  1.68181
  1.8396 -8.99464  1.68224
 1.84003 -8.99063  1.68224
 1.84046 -8.98663  1.68268
  1.8409 -8.98263  1.68311
 1.84133 -8.97863  1.68354
 1.84176 -8.97463  1.68398
  1.8422 -8.97063  1.68441
 1.84263 -8.96664  1.68484
 1.84306 -8.96265  1.68528
  1.8435 -8.95866  1.68571
 1.84393 -8.95468  1.68571
 1.84436 -8.95069  1.68615
  1.8448 -8.94671  1.68658
 1.84523 -8.94274  1.68701
 1.84567 -8.93876  1.68745
  1.8461 -8.93479  1.68788
 1.84653 -8.93082  1.68831
 1.84697 -8.92685  1.68875
  1.8474 -8.92288  1.68918
 1.84783 -8.91892  1.68918
 1.84827 -8.91496  1.68961
  1.8487   -8.911  1.69005
 1.84913 -8.90704  1.69048
 1.84957 -8.90309  1.69091
    1.85 -8.89913  1.69135