 kgrid  ValNew  Policy 
    0.55 -43.5834 0.563004
0.550433 -43.5259 0.563438
0.550867 -43.4685 0.563438
  0.5513 -43.4112 0.563871
0.551734 -43.3541 0.564305
0.552167 -43.2972 0.564738
0.552601 -43.2403 0.564738
0.553034 -43.1837 0.565172
0.553468 -43.1272 0.565605
0.553901 -43.0709 0.565605
0.554335 -43.0146 0.566039
0.554768 -42.9586 0.566472
0.555202 -42.9027 0.566906
0.555635 -42.8469 0.566906
0.556069 -42.7912 0.567339
0.556502 -42.7357 0.567773
0.556936 -42.6803 0.568206
0.557369 -42.6251 0.568206
0.557803   -42.57  0.56864
0.558236  -42.515 0.569073
 0.55867 -42.4602 0.569507
0.559103 -42.4056 0.569507
0.559537  -42.351  0.56994
 0.55997 -42.2965 0.570373
0.560403 -42.2423 0.570807
0.560837 -42.1881 0.570807
 0.56127 -42.1341  0.57124
0.561704 -42.0802 0.571674
0.562137 -42.0265 0.572107
0.562571 -41.9729 0.572107
0.563004 -41.9193 0.572541
0.563438  -41.866 0.572974
0.563871 -41.8128 0.573408
0.564305 -41.7597 0.573408
0.564738 -41.7067 0.573841
0.565172 -41.6538 0.574275
0.565605 -41.6011 0.574708
0.566039 -41.5486 0.574708
0.566472 -41.4961 0.575142
0.566906 -41.4437 0.575575
0.567339 -41.3915 0.576009
0.567773 -41.3395 0.576009
0.568206 -41.2875 0.576442
 0.56864 -41.2356 0.576876
0.569073 -41.1839 0.577309
0.569507 -41.1324 0.577309
 0.56994 -41.0809 0.577743
0.570373 -41.0295 0.578176
0.570807 -40.9783  0.57861
 0.57124 -40.9272 0.579043
0.571674 -40.8762 0.579043
0.572107 -40.8253 0.579476
0.572541 -40.7746  0.57991
0.572974  -40.724 0.580343
0.573408 -40.6735 0.580343
0.573841 -40.6231 0.580777
0.574275 -40.5728  0.58121
0.574708 -40.5227 0.581644
0.575142 -40.4726 0.581644
0.575575 -40.4227 0.582077
0.576009 -40.3728 0.582511
0.576442 -40.3231 0.582944
0.576876 -40.2734 0.583378
0.577309 -40.2239 0.583811
0.577743 -40.1745 0.583811
0.578176 -40.1251 0.584245
 0.57861 -40.0758 0.584678
0.579043 -40.0267 0.585112
0.579476 -39.9776 0.585545
 0.57991 -39.9287 0.585545
0.580343 -39.8798 0.585979
0.580777  -39.831 0.586412
 0.58121 -39.7824 0.586846
0.581644 -39.7338 0.587279
0.582077 -39.6853 0.587713
0.582511  -39.637 0.587713
0.582944 -39.5886 0.588146
0.583378 -39.5404  0.58858
0.583811 -39.4923 0.589013
0.584245 -39.4444 0.589446
0.584678 -39.3965  0.58988
0.585112 -39.3486  0.58988
0.585545 -39.3009 0.590313
0.585979 -39.2532 0.590747
0.586412 -39.2057  0.59118
0.586846 -39.1583 0.591614
0.587279 -39.1109 0.592047
0.587713 -39.0636 0.592047
0.588146 -39.0165 0.592481
 0.58858 -38.9694 0.592914
0.589013 -38.9224 0.593348
0.589446 -38.8755 0.593781
 0.58988 -38.8287 0.594215
0.590313 -38.7819 0.594215
0.590747 -38.7353 0.594648
 0.59118 -38.6887 0.595082
0.591614 -38.6423 0.595515
0.592047 -38.5959 0.595949
0.592481 -38.5496 0.596382
0.592914 -38.5034 0.596382
0.593348 -38.4573 0.596816
0.593781 -38.4113 0.597249
0.594215 -38.3653 0.597683
0.594648 -38.3195 0.598116
0.595082 -38.2737  0.59855
0.595515 -38.2281  0.59855
0.595949 -38.1824 0.598983
0.596382 -38.1369 0.599416
0.596816 -38.0915  0.59985
0.597249 -38.0462 0.600283
0.597683 -38.0009 0.600717
0.598116 -37.9557 0.600717
 0.59855 -37.9106  0.60115
0.598983 -37.8656 0.601584
0.599416 -37.8207 0.602017
 0.59985 -37.7759 0.602451
0.600283 -37.7311 0.602884
0.600717 -37.6864 0.602884
 0.60115 -37.6418 0.603318
0.601584 -37.5973 0.603751
0.602017 -37.5529 0.604185
0.602451 -37.5085 0.604618
0.602884 -37.4643 0.605052
0.603318 -37.4201 0.605485
0.603751  -37.376 0.605485
0.604185  -37.332 0.605919
0.604618  -37.288 0.606352
0.605052 -37.2442 0.606786
0.605485 -37.2004 0.607219
0.605919 -37.1567 0.607653
0.606352 -37.1131 0.607653
0.606786 -37.0695 0.608086
0.607219  -37.026  0.60852
0.607653 -36.9826 0.608953
0.608086 -36.9393 0.609386
 0.60852 -36.8961  0.60982
0.608953  -36.853  0.60982
0.609386 -36.8099 0.610253
 0.60982 -36.7669 0.610687
0.610253 -36.7239  0.61112
0.610687 -36.6811 0.611554
 0.61112 -36.6383 0.611987
0.611554 -36.5956 0.611987
0.611987  -36.553 0.612421
0.612421 -36.5104 0.612854
0.612854  -36.468 0.613288
0.613288 -36.4256 0.613721
0.613721 -36.3833 0.614155
0.614155  -36.341 0.614588
0.614588 -36.2989 0.614588
0.615022 -36.2567 0.615022
0.615455 -36.2147 0.615455
0.615889 -36.1728 0.615889
0.616322 -36.1309 0.616322
0.616756 -36.0891 0.616756
0.617189 -36.0474 0.617189
0.617623 -36.0057 0.617189
0.618056 -35.9641 0.617623
0.618489 -35.9226 0.618056
0.618923 -35.8811 0.618489
0.619356 -35.8398 0.618923
 0.61979 -35.7985 0.619356
0.620223 -35.7572 0.619356
0.620657 -35.7161  0.61979
 0.62109  -35.675 0.620223
0.621524 -35.6339 0.620657
0.621957  -35.593  0.62109
0.622391 -35.5521 0.621524
0.622824 -35.5113 0.621957
0.623258 -35.4706 0.621957
0.623691 -35.4299 0.622391
0.624125 -35.3893 0.622824
0.624558 -35.3488 0.623258
0.624992 -35.3083 0.623691
0.625425 -35.2679 0.624125
0.625859 -35.2276 0.624558
0.626292 -35.1874 0.624558
0.626726 -35.1472 0.624992
0.627159  -35.107 0.625425
0.627593  -35.067 0.625859
0.628026  -35.027 0.626292
0.628459 -34.9871 0.626726
0.628893 -34.9473 0.627159
0.629326 -34.9075 0.627159
 0.62976 -34.8678 0.627593
0.630193 -34.8281 0.628026
0.630627 -34.7885 0.628459
 0.63106  -34.749 0.628893
0.631494 -34.7096 0.629326
0.631927 -34.6702  0.62976
0.632361 -34.6309  0.62976
0.632794 -34.5917 0.630193
0.633228 -34.5525 0.630627
0.633661 -34.5134  0.63106
0.634095 -34.4743 0.631494
0.634528 -34.4354 0.631927
0.634962 -34.3964 0.631927
0.635395 -34.3576 0.632361
0.635829 -34.3188 0.632794
0.636262   -34.28 0.633228
0.636696 -34.2414 0.633661
0.637129 -34.2028 0.634095
0.637563 -34.1643 0.634528
0.637996 -34.1258 0.634528
0.638429 -34.0874 0.634962
0.638863  -34.049 0.635395
0.639296 -34.0107 0.635829
 0.63973 -33.9725 0.636262
0.640163 -33.9343 0.636696
0.640597 -33.8963 0.637129
 0.64103 -33.8582 0.637129
0.641464 -33.8203 0.637563
0.641897 -33.7823 0.637996
0.642331 -33.7445 0.638429
0.642764 -33.7067 0.638863
0.643198  -33.669 0.639296
0.643631 -33.6313  0.63973
0.644065 -33.5937 0.640163
0.644498 -33.5562 0.640163
0.644932 -33.5187 0.640597
0.645365 -33.4812  0.64103
0.645799 -33.4439 0.641464
0.646232 -33.4066 0.641897
0.646666 -33.3693 0.642331
0.647099 -33.3322 0.642764
0.647533  -33.295 0.642764
0.647966  -33.258 0.643198
0.648399  -33.221 0.643631
0.648833  -33.184 0.644065
0.649266 -33.1471 0.644498
  0.6497 -33.1103 0.644932
0.650133 -33.0736 0.645365
0.650567 -33.0369 0.645365
   0.651 -33.0002 0.645799
0.651434 -32.9636 0.646232
0.651867 -32.9271 0.646666
0.652301 -32.8906 0.647099
0.652734 -32.8542 0.647533
0.653168 -32.8178 0.647966
0.653601 -32.7816 0.647966
0.654035 -32.7453 0.648399
0.654468 -32.7091 0.648833
0.654902  -32.673 0.649266
0.655335 -32.6369   0.6497
0.655769 -32.6009 0.650133
0.656202  -32.565 0.650567
0.656636 -32.5291    0.651
0.657069 -32.4932    0.651
0.657503 -32.4575 0.651434
0.657936 -32.4217 0.651867
0.658369 -32.3861 0.652301
0.658803 -32.3504 0.652734
0.659236 -32.3149 0.653168
 0.65967 -32.2794 0.653601
0.660103  -32.244 0.653601
0.660537 -32.2086 0.654035
 0.66097 -32.1732 0.654468
0.661404  -32.138 0.654902
0.661837 -32.1027 0.655335
0.662271 -32.0676 0.655769
0.662704 -32.0325 0.656202
0.663138 -31.9974 0.656202
0.663571 -31.9624 0.656636
0.664005 -31.9275 0.657069
0.664438 -31.8926 0.657503
0.664872 -31.8577 0.657936
0.665305  -31.823 0.658369
0.665739 -31.7882 0.658803
0.666172 -31.7536 0.658803
0.666606 -31.7189 0.659236
0.667039 -31.6844  0.65967
0.667472 -31.6499 0.660103
0.667906 -31.6154 0.660537
0.668339  -31.581  0.66097
0.668773 -31.5467 0.661404
0.669206 -31.5124 0.661837
 0.66964 -31.4781 0.661837
0.670073 -31.4439 0.662271
0.670507 -31.4098 0.662704
 0.67094 -31.3757 0.663138
0.671374 -31.3417 0.663571
0.671807 -31.3077 0.664005
0.672241 -31.2738 0.664438
0.672674 -31.2399 0.664438
0.673108 -31.2061 0.664872
0.673541 -31.1723 0.665305
0.673975 -31.1386 0.665739
0.674408 -31.1049 0.666172
0.674842 -31.0713 0.666606
0.675275 -31.0378 0.667039
0.675709 -31.0043 0.667039
0.676142 -30.9708 0.667472
0.676576 -30.9374 0.667906
0.677009  -30.904 0.668339
0.677442 -30.8707 0.668773
0.677876 -30.8375 0.669206
0.678309 -30.8043  0.66964
0.678743 -30.7712  0.66964
0.679176  -30.738 0.670073
 0.67961  -30.705 0.670507
0.680043  -30.672  0.67094
0.680477  -30.639 0.671374
 0.68091 -30.6061 0.671807
0.681344 -30.5733 0.672241
0.681777 -30.5405 0.672674
0.682211 -30.5078 0.672674
0.682644 -30.4751 0.673108
0.683078 -30.4424 0.673541
0.683511 -30.4098 0.673975
0.683945 -30.3773 0.674408
0.684378 -30.3448 0.674842
0.684812 -30.3123 0.675275
0.685245 -30.2799 0.675275
0.685679 -30.2476 0.675709
0.686112 -30.2153 0.676142
0.686546  -30.183 0.676576
0.686979 -30.1508 0.677009
0.687412 -30.1186 0.677442
0.687846 -30.0866 0.677876
0.688279 -30.0545 0.677876
0.688713 -30.0225 0.678309
0.689146 -29.9905 0.678743
 0.68958 -29.9586 0.679176
0.690013 -29.9267  0.67961
0.690447 -29.8949 0.680043
 0.69088 -29.8632 0.680477
0.691314 -29.8314  0.68091
0.691747 -29.7998  0.68091
0.692181 -29.7681 0.681344
0.692614 -29.7365 0.681777
0.693048  -29.705 0.682211
0.693481 -29.6735 0.682644
0.693915 -29.6421 0.683078
0.694348 -29.6107 0.683511
0.694782 -29.5794 0.683511
0.695215 -29.5481 0.683945
0.695649 -29.5168 0.684378
0.696082 -29.4856 0.684812
0.696516 -29.4545 0.685245
0.696949 -29.4234 0.685679
0.697382 -29.3923 0.686112
0.697816 -29.3613 0.686112
0.698249 -29.3303 0.686546
0.698683 -29.2994 0.686979
0.699116 -29.2685 0.687412
 0.69955 -29.2377 0.687846
0.699983 -29.2069 0.688279
0.700417 -29.1761 0.688713
 0.70085 -29.1455 0.689146
0.701284 -29.1148 0.689146
0.701717 -29.0842  0.68958
0.702151 -29.0536 0.690013
0.702584 -29.0231 0.690447
0.703018 -28.9926  0.69088
0.703451 -28.9622 0.691314
0.703885 -28.9319 0.691747
0.704318 -28.9015 0.691747
0.704752 -28.8712 0.692181
0.705185  -28.841 0.692614
0.705619 -28.8108 0.693048
0.706052 -28.7806 0.693481
0.706485 -28.7505 0.693915
0.706919 -28.7205 0.694348
0.707352 -28.6905 0.694348
0.707786 -28.6605 0.694782
0.708219 -28.6305 0.695215
0.708653 -28.6006 0.695649
0.709086 -28.5708 0.696082
 0.70952  -28.541 0.696516
0.709953 -28.5112 0.696949
0.710387 -28.4815 0.697382
 0.71082 -28.4519 0.697382
0.711254 -28.4222 0.697816
0.711687 -28.3926 0.698249
0.712121 -28.3631 0.698683
0.712554 -28.3336 0.699116
0.712988 -28.3042  0.69955
0.713421 -28.2748 0.699983
0.713855 -28.2454 0.699983
0.714288 -28.2161 0.700417
0.714722 -28.1868  0.70085
0.715155 -28.1575 0.701284
0.715589 -28.1283 0.701717
0.716022 -28.0992 0.702151
0.716455 -28.0701 0.702584
0.716889  -28.041 0.702584
0.717322  -28.012 0.703018
0.717756  -27.983 0.703451
0.718189  -27.954 0.703885
0.718623 -27.9251 0.704318
0.719056 -27.8963 0.704752
 0.71949 -27.8675 0.705185
0.719923 -27.8387 0.705619
0.720357   -27.81 0.705619
 0.72079 -27.7813 0.706052
0.721224 -27.7526 0.706485
0.721657  -27.724 0.706919
0.722091 -27.6954 0.707352
0.722524 -27.6669 0.707786
0.722958 -27.6384 0.708219
0.723391   -27.61 0.708219
0.723825 -27.5816 0.708653
0.724258 -27.5532 0.709086
0.724692 -27.5249  0.70952
0.725125 -27.4966 0.709953
0.725559 -27.4684 0.710387
0.725992 -27.4402  0.71082
0.726425  -27.412  0.71082
0.726859 -27.3839 0.711254
0.727292 -27.3558 0.711687
0.727726 -27.3278 0.712121
0.728159 -27.2998 0.712554
0.728593 -27.2718 0.712988
0.729026 -27.2439 0.713421
 0.72946 -27.2161 0.713855
0.729893 -27.1882 0.713855
0.730327 -27.1604 0.714288
 0.73076 -27.1327 0.714722
0.731194 -27.1049 0.715155
0.731627 -27.0773 0.715589
0.732061 -27.0496 0.716022
0.732494  -27.022 0.716455
0.732928 -26.9945 0.716455
0.733361  -26.967 0.716889
0.733795 -26.9395 0.717322
0.734228  -26.912 0.717756
0.734662 -26.8846 0.718189
0.735095 -26.8573 0.718623
0.735529 -26.8299 0.719056
0.735962 -26.8027  0.71949
0.736395 -26.7754  0.71949
0.736829 -26.7482 0.719923
0.737262  -26.721 0.720357
0.737696 -26.6939  0.72079
0.738129 -26.6668 0.721224
0.738563 -26.6398 0.721657
0.738996 -26.6128 0.722091
 0.73943 -26.5858 0.722091
0.739863 -26.5588 0.722524
0.740297 -26.5319 0.722958
 0.74073 -26.5051 0.723391
0.741164 -26.4782 0.723825
0.741597 -26.4515 0.724258
0.742031 -26.4247 0.724692
0.742464  -26.398 0.724692
0.742898 -26.3713 0.725125
0.743331 -26.3447 0.725559
0.743765 -26.3181 0.725992
0.744198 -26.2915 0.726425
0.744632  -26.265 0.726859
0.745065 -26.2385 0.727292
0.745498 -26.2121 0.727292
0.745932 -26.1857 0.727726
0.746365 -26.1593 0.728159
0.746799 -26.1329 0.728593
0.747232 -26.1066 0.729026
0.747666 -26.0804  0.72946
0.748099 -26.0542 0.729893
0.748533  -26.028 0.730327
0.748966 -26.0018 0.730327
  0.7494 -25.9757  0.73076
0.749833 -25.9496 0.731194
0.750267 -25.9236 0.731627
  0.7507 -25.8976 0.732061
0.751134 -25.8716 0.732494
0.751567 -25.8457 0.732928
0.752001 -25.8198 0.732928
0.752434 -25.7939 0.733361
0.752868 -25.7681 0.733795
0.753301 -25.7423 0.734228
0.753735 -25.7166 0.734662
0.754168 -25.6908 0.735095
0.754602 -25.6652 0.735529
0.755035 -25.6395 0.735529
0.755468 -25.6139 0.735962
0.755902 -25.5883 0.736395
0.756335 -25.5628 0.736829
0.756769 -25.5373 0.737262
0.757202 -25.5118 0.737696
0.757636 -25.4864 0.738129
0.758069  -25.461 0.738563
0.758503 -25.4356 0.738563
0.758936 -25.4103 0.738996
 0.75937  -25.385  0.73943
0.759803 -25.3598 0.739863
0.760237 -25.3345 0.740297
 0.76067 -25.3094  0.74073
0.761104 -25.2842 0.741164
0.761537 -25.2591 0.741164
0.761971  -25.234 0.741597
0.762404  -25.209 0.742031
0.762838 -25.1839 0.742464
0.763271  -25.159 0.742898
0.763705  -25.134 0.743331
0.764138 -25.1091 0.743765
0.764572 -25.0843 0.743765
0.765005 -25.0594 0.744198
0.765438 -25.0346 0.744632
0.765872 -25.0098 0.745065
0.766305 -24.9851 0.745498
0.766739 -24.9604 0.745932
0.767172 -24.9357 0.746365
0.767606 -24.9111 0.746799
0.768039 -24.8865 0.746799
0.768473 -24.8619 0.747232
0.768906 -24.8374 0.747666
 0.76934 -24.8129 0.748099
0.769773 -24.7884 0.748533
0.770207  -24.764 0.748966
 0.77064 -24.7396   0.7494
0.771074 -24.7152   0.7494
0.771507 -24.6909 0.749833
0.771941 -24.6666 0.750267
0.772374 -24.6423   0.7507
0.772808 -24.6181 0.751134
0.773241 -24.5939 0.751567
0.773675 -24.5697 0.752001
0.774108 -24.5456 0.752001
0.774542 -24.5215 0.752434
0.774975 -24.4974 0.752868
0.775408 -24.4734 0.753301
0.775842 -24.4494 0.753735
0.776275 -24.4254 0.754168
0.776709 -24.4015 0.754602
0.777142 -24.3776 0.754602
0.777576 -24.3537 0.755035
0.778009 -24.3299 0.755468
0.778443 -24.3061 0.755902
0.778876 -24.2823 0.756335
 0.77931 -24.2585 0.756769
0.779743 -24.2348 0.757202
0.780177 -24.2112 0.757636
 0.78061 -24.1875 0.757636
0.781044 -24.1639 0.758069
0.781477 -24.1403 0.758503
0.781911 -24.1168 0.758936
0.782344 -24.0933  0.75937
0.782778 -24.0698 0.759803
0.783211 -24.0463 0.760237
0.783645 -24.0229 0.760237
0.784078 -23.9995  0.76067
0.784512 -23.9761 0.761104
0.784945 -23.9528 0.761537
0.785378 -23.9295 0.761971
0.785812 -23.9063 0.762404
0.786245  -23.883 0.762838
0.786679 -23.8598 0.762838
0.787112 -23.8367 0.763271
0.787546 -23.8135 0.763705
0.787979 -23.7904 0.764138
0.788413 -23.7673 0.764572
0.788846 -23.7443 0.765005
 0.78928 -23.7213 0.765438
0.789713 -23.6983 0.765872
0.790147 -23.6753 0.765872
 0.79058 -23.6524 0.766305
0.791014 -23.6295 0.766739
0.791447 -23.6067 0.767172
0.791881 -23.5838 0.767606
0.792314  -23.561 0.768039
0.792748 -23.5383 0.768473
0.793181 -23.5155 0.768473
0.793615 -23.4928 0.768906
0.794048 -23.4701  0.76934
0.794481 -23.4475 0.769773
0.794915 -23.4249 0.770207
0.795348 -23.4023  0.77064
0.795782 -23.3798 0.771074
0.796215 -23.3572 0.771074
0.796649 -23.3347 0.771507
0.797082 -23.3123 0.771941
0.797516 -23.2898 0.772374
0.797949 -23.2674 0.772808
0.798383 -23.2451 0.773241
0.798816 -23.2227 0.773675
 0.79925 -23.2004 0.774108
0.799683 -23.1781 0.774108
0.800117 -23.1558 0.774542
 0.80055 -23.1336 0.774975
0.800984 -23.1114 0.775408
0.801417 -23.0893 0.775842
0.801851 -23.0671 0.776275
0.802284  -23.045 0.776709
0.802718 -23.0229 0.776709
0.803151 -23.0009 0.777142
0.803585 -22.9788 0.777576
0.804018 -22.9569 0.778009
0.804451 -22.9349 0.778443
0.804885  -22.913 0.778876
0.805318 -22.8911  0.77931
0.805752 -22.8692  0.77931
0.806185 -22.8473 0.779743
0.806619 -22.8255 0.780177
0.807052 -22.8037  0.78061
0.807486  -22.782 0.781044
0.807919 -22.7602 0.781477
0.808353 -22.7385 0.781911
0.808786 -22.7169 0.781911
 0.80922 -22.6952 0.782344
0.809653 -22.6736 0.782778
0.810087  -22.652 0.783211
 0.81052 -22.6305 0.783645
0.810954 -22.6089 0.784078
0.811387 -22.5874 0.784512
0.811821  -22.566 0.784512
0.812254 -22.5445 0.784945
0.812688 -22.5231 0.785378
0.813121 -22.5017 0.785812
0.813555 -22.4803 0.786245
0.813988  -22.459 0.786679
0.814421 -22.4377 0.787112
0.814855 -22.4164 0.787112
0.815288 -22.3952 0.787546
0.815722 -22.3739 0.787979
0.816155 -22.3527 0.788413
0.816589 -22.3316 0.788846
0.817022 -22.3104  0.78928
0.817456 -22.2893 0.789713
0.817889 -22.2683 0.790147
0.818323 -22.2472 0.790147
0.818756 -22.2262  0.79058
 0.81919 -22.2052 0.791014
0.819623 -22.1842 0.791447
0.820057 -22.1633 0.791881
 0.82049 -22.1423 0.792314
0.820924 -22.1215 0.792748
0.821357 -22.1006 0.792748
0.821791 -22.0797 0.793181
0.822224 -22.0589 0.793615
0.822658 -22.0381 0.794048
0.823091 -22.0174 0.794481
0.823525 -21.9967 0.794915
0.823958  -21.976 0.795348
0.824391 -21.9553 0.795348
0.824825 -21.9346 0.795782
0.825258  -21.914 0.796215
0.825692 -21.8934 0.796649
0.826125 -21.8729 0.797082
0.826559 -21.8523 0.797516
0.826992 -21.8318 0.797949
0.827426 -21.8113 0.797949
0.827859 -21.7909 0.798383
0.828293 -21.7704 0.798816
0.828726   -21.75  0.79925
 0.82916 -21.7296 0.799683
0.829593 -21.7093 0.800117
0.830027  -21.689  0.80055
 0.83046 -21.6687  0.80055
0.830894 -21.6484 0.800984
0.831327 -21.6281 0.801417
0.831761 -21.6079 0.801851
0.832194 -21.5877 0.802284
0.832628 -21.5675 0.802718
0.833061 -21.5474 0.803151
0.833494 -21.5273 0.803151
0.833928 -21.5072 0.803585
0.834361 -21.4871 0.804018
0.834795 -21.4671 0.804451
0.835228 -21.4471 0.804885
0.835662 -21.4271 0.805318
0.836095 -21.4071 0.805752
0.836529 -21.3872 0.805752
0.836962 -21.3673 0.806185
0.837396 -21.3474 0.806619
0.837829 -21.3275 0.807052
0.838263 -21.3077 0.807486
0.838696 -21.2879 0.807919
 0.83913 -21.2681 0.808353
0.839563 -21.2483 0.808786
0.839997 -21.2286 0.808786
 0.84043 -21.2089  0.80922
0.840864 -21.1892 0.809653
0.841297 -21.1695 0.810087
0.841731 -21.1499  0.81052
0.842164 -21.1303 0.810954
0.842598 -21.1107 0.811387
0.843031 -21.0912 0.811387
0.843464 -21.0716 0.811821
0.843898 -21.0521 0.812254
0.844331 -21.0326 0.812688
0.844765 -21.0132 0.813121
0.845198 -20.9937 0.813555
0.845632 -20.9743 0.813988
0.846065 -20.9549 0.813988
0.846499 -20.9356 0.814421
0.846932 -20.9162 0.814855
0.847366 -20.8969 0.815288
0.847799 -20.8777 0.815722
0.848233 -20.8584 0.816155
0.848666 -20.8392 0.816589
  0.8491   -20.82 0.816589
0.849533 -20.8008 0.817022
0.849967 -20.7816 0.817456
  0.8504 -20.7625 0.817889
0.850834 -20.7433 0.818323
0.851267 -20.7243 0.818756
0.851701 -20.7052  0.81919
0.852134 -20.6862  0.81919
0.852568 -20.6671 0.819623
0.853001 -20.6481 0.820057
0.853434 -20.6292  0.82049
0.853868 -20.6102 0.820924
0.854301 -20.5913 0.821357
0.854735 -20.5724 0.821791
0.855168 -20.5535 0.821791
0.855602 -20.5347 0.822224
0.856035 -20.5159 0.822658
0.856469 -20.4971 0.823091
0.856902 -20.4783 0.823525
0.857336 -20.4595 0.823958
0.857769 -20.4408 0.824391
0.858203 -20.4221 0.824825
0.858636 -20.4034 0.824825
 0.85907 -20.3847 0.825258
0.859503 -20.3661 0.825692
0.859937 -20.3475 0.826125
 0.86037 -20.3289 0.826559
0.860804 -20.3103 0.826992
0.861237 -20.2918 0.827426
0.861671 -20.2733 0.827426
0.862104 -20.2548 0.827859
0.862538 -20.2363 0.828293
0.862971 -20.2179 0.828726
0.863404 -20.1994  0.82916
0.863838  -20.181 0.829593
0.864271 -20.1627 0.830027
0.864705 -20.1443 0.830027
0.865138  -20.126  0.83046
0.865572 -20.1077 0.830894
0.866005 -20.0894 0.831327
0.866439 -20.0711 0.831761
0.866872 -20.0529 0.832194
0.867306 -20.0346 0.832628
0.867739 -20.0164 0.832628
0.868173 -19.9983 0.833061
0.868606 -19.9801 0.833494
 0.86904  -19.962 0.833928
0.869473 -19.9439 0.834361
0.869907 -19.9258 0.834795
 0.87034 -19.9077 0.835228
0.870774 -19.8897 0.835228
0.871207 -19.8717 0.835662
0.871641 -19.8537 0.836095
0.872074 -19.8357 0.836529
0.872508 -19.8178 0.836962
0.872941 -19.7999 0.837396
0.873374  -19.782 0.837829
0.873808 -19.7641 0.837829
0.874241 -19.7462 0.838263
0.874675 -19.7284 0.838696
0.875108 -19.7106  0.83913
0.875542 -19.6928 0.839563
0.875975  -19.675 0.839997
0.876409 -19.6573  0.84043
0.876842 -19.6395  0.84043
0.877276 -19.6218 0.840864
0.877709 -19.6041 0.841297
0.878143 -19.5865 0.841731
0.878576 -19.5688 0.842164
 0.87901 -19.5512 0.842598
0.879443 -19.5336 0.843031
0.879877 -19.5161 0.843031
 0.88031 -19.4985 0.843464
0.880744  -19.481 0.843898
0.881177 -19.4635 0.844331
0.881611  -19.446 0.844765
0.882044 -19.4285 0.845198
0.882477 -19.4111 0.845632
0.882911 -19.3937 0.845632
0.883344 -19.3763 0.846065
0.883778 -19.3589 0.846499
0.884211 -19.3415 0.846932
0.884645 -19.3242 0.847366
0.885078 -19.3069 0.847799
0.885512 -19.2896 0.848233
0.885945 -19.2723 0.848233
0.886379 -19.2551 0.848666
0.886812 -19.2378   0.8491
0.887246 -19.2206 0.849533
0.887679 -19.2034 0.849967
0.888113 -19.1863   0.8504
0.888546 -19.1691 0.850834
 0.88898  -19.152 0.850834
0.889413 -19.1349 0.851267
0.889847 -19.1178 0.851701
 0.89028 -19.1008 0.852134
0.890714 -19.0837 0.852568
0.891147 -19.0667 0.853001
0.891581 -19.0497 0.853434
0.892014 -19.0327 0.853434
0.892447 -19.0158 0.853868
0.892881 -18.9988 0.854301
0.893314 -18.9819 0.854735
0.893748  -18.965 0.855168
0.894181 -18.9482 0.855602
0.894615 -18.9313 0.856035
0.895048 -18.9145 0.856035
0.895482 -18.8977 0.856469
0.895915 -18.8809 0.856902
0.896349 -18.8641 0.857336
0.896782 -18.8474 0.857769
0.897216 -18.8306 0.858203
0.897649 -18.8139 0.858636
0.898083 -18.7972 0.858636
0.898516 -18.7806  0.85907
 0.89895 -18.7639 0.859503
0.899383 -18.7473 0.859937
0.899817 -18.7307  0.86037
 0.90025 -18.7141 0.860804
0.900684 -18.6975 0.861237
0.901117  -18.681 0.861671
0.901551 -18.6645 0.861671
0.901984 -18.6479 0.862104
0.902417 -18.6315 0.862538
0.902851  -18.615 0.862971
0.903284 -18.5985 0.863404
0.903718 -18.5821 0.863838
0.904151 -18.5657 0.864271
0.904585 -18.5493 0.864271
0.905018  -18.533 0.864705
0.905452 -18.5166 0.865138
0.905885 -18.5003 0.865572
0.906319  -18.484 0.866005
0.906752 -18.4677 0.866439
0.907186 -18.4514 0.866872
0.907619 -18.4352 0.866872
0.908053  -18.419 0.867306
0.908486 -18.4027 0.867739
 0.90892 -18.3866 0.868173
0.909353 -18.3704 0.868606
0.909787 -18.3542  0.86904
 0.91022 -18.3381 0.869473
0.910654  -18.322 0.869473
0.911087 -18.3059 0.869907
0.911521 -18.2898  0.87034
0.911954 -18.2738 0.870774
0.912387 -18.2577 0.871207
0.912821 -18.2417 0.871641
0.913254 -18.2257 0.872074
0.913688 -18.2098 0.872074
0.914121 -18.1938 0.872508
0.914555 -18.1779 0.872941
0.914988 -18.1619 0.873374
0.915422  -18.146 0.873808
0.915855 -18.1302 0.874241
0.916289 -18.1143 0.874675
0.916722 -18.0985 0.874675
0.917156 -18.0826 0.875108
0.917589 -18.0668 0.875542
0.918023  -18.051 0.875975
0.918456 -18.0353 0.876409
 0.91889 -18.0195 0.876842
0.919323 -18.0038 0.877276
0.919757 -17.9881 0.877276
 0.92019 -17.9724 0.877709
0.920624 -17.9567 0.878143
0.921057 -17.9411 0.878576
 0.92149 -17.9255  0.87901
0.921924 -17.9098 0.879443
0.922357 -17.8942 0.879877
0.922791 -17.8787 0.879877
0.923224 -17.8631  0.88031
0.923658 -17.8476 0.880744
0.924091  -17.832 0.881177
0.924525 -17.8165 0.881611
0.924958 -17.8011 0.882044
0.925392 -17.7856 0.882477
0.925825 -17.7701 0.882477
0.926259 -17.7547 0.882911
0.926692 -17.7393 0.883344
0.927126 -17.7239 0.883778
0.927559 -17.7085 0.884211
0.927993 -17.6932 0.884645
0.928426 -17.6778 0.885078
 0.92886 -17.6625 0.885078
0.929293 -17.6472 0.885512
0.929727 -17.6319 0.885945
 0.93016 -17.6167 0.886379
0.930594 -17.6014 0.886812
0.931027 -17.5862 0.887246
 0.93146  -17.571 0.887679
0.931894 -17.5558 0.887679
0.932327 -17.5406 0.888113
0.932761 -17.5254 0.888546
0.933194 -17.5103  0.88898
0.933628 -17.4952 0.889413
0.934061 -17.4801 0.889847
0.934495  -17.465  0.89028
0.934928 -17.4499  0.89028
0.935362 -17.4349 0.890714
0.935795 -17.4198 0.891147
0.936229 -17.4048 0.891581
0.936662 -17.3898 0.892014
0.937096 -17.3749 0.892447
0.937529 -17.3599 0.892881
0.937963 -17.3449 0.892881
0.938396   -17.33 0.893314
 0.93883 -17.3151 0.893748
0.939263 -17.3002 0.894181
0.939697 -17.2853 0.894615
 0.94013 -17.2705 0.895048
0.940564 -17.2557 0.895048
0.940997 -17.2408 0.895482
 0.94143  -17.226 0.895915
0.941864 -17.2112 0.896349
0.942297 -17.1965 0.896782
0.942731 -17.1817 0.897216
0.943164  -17.167 0.897649
0.943598 -17.1523 0.897649
0.944031 -17.1376 0.898083
0.944465 -17.1229 0.898516
0.944898 -17.1082  0.89895
0.945332 -17.0936 0.899383
0.945765 -17.0789 0.899817
0.946199 -17.0643  0.90025
0.946632 -17.0497 0.900684
0.947066 -17.0352 0.900684
0.947499 -17.0206 0.901117
0.947933  -17.006 0.901551
0.948366 -16.9915 0.901984
  0.9488  -16.977 0.902417
0.949233 -16.9625 0.902851
0.949667  -16.948 0.903284
  0.9501 -16.9336 0.903284
0.950534 -16.9191 0.903718
0.950967 -16.9047 0.904151
  0.9514 -16.8903 0.904585
0.951834 -16.8759 0.905018
0.952267 -16.8615 0.905452
0.952701 -16.8472 0.905452
0.953134 -16.8328 0.905885
0.953568 -16.8185 0.906319
0.954001 -16.8042 0.906752
0.954435 -16.7899 0.907186
0.954868 -16.7756 0.907619
0.955302 -16.7614 0.908053
0.955735 -16.7471 0.908053
0.956169 -16.7329 0.908486
0.956602 -16.7187  0.90892
0.957036 -16.7045 0.909353
0.957469 -16.6903 0.909787
0.957903 -16.6762  0.91022
0.958336  -16.662 0.910654
 0.95877 -16.6479 0.910654
0.959203 -16.6338 0.911087
0.959637 -16.6197 0.911521
 0.96007 -16.6056 0.911954
0.960504 -16.5915 0.912387
0.960937 -16.5775 0.912821
 0.96137 -16.5635 0.913254
0.961804 -16.5495 0.913254
0.962237 -16.5355 0.913688
0.962671 -16.5215 0.914121
0.963104 -16.5075 0.914555
0.963538 -16.4936 0.914988
0.963971 -16.4796 0.915422
0.964405 -16.4657 0.915855
0.964838 -16.4518 0.915855
0.965272 -16.4379 0.916289
0.965705 -16.4241 0.916722
0.966139 -16.4102 0.917156
0.966572 -16.3964 0.917589
0.967006 -16.3826 0.918023
0.967439 -16.3688 0.918456
0.967873  -16.355 0.918456
0.968306 -16.3412  0.91889
 0.96874 -16.3274 0.919323
0.969173 -16.3137 0.919757
0.969607    -16.3  0.92019
 0.97004 -16.2863 0.920624
0.970473 -16.2726 0.921057
0.970907 -16.2589 0.921057
 0.97134 -16.2452  0.92149
0.971774 -16.2316 0.921924
0.972207  -16.218 0.922357
0.972641 -16.2043 0.922791
0.973074 -16.1907 0.923224
0.973508 -16.1772 0.923658
0.973941 -16.1636 0.923658
0.974375   -16.15 0.924091
0.974808 -16.1365 0.924525
0.975242  -16.123 0.924958
0.975675 -16.1095 0.925392
0.976109  -16.096 0.925825
0.976542 -16.0825 0.926259
0.976976 -16.0691 0.926259
0.977409 -16.0556 0.926692
0.977843 -16.0422 0.927126
0.978276 -16.0288 0.927559
 0.97871 -16.0154 0.927993
0.979143  -16.002 0.928426
0.979577 -15.9886 0.928426
 0.98001 -15.9753  0.92886
0.980443 -15.9619 0.929293
0.980877 -15.9486 0.929727
 0.98131 -15.9353  0.93016
0.981744  -15.922 0.930594
0.982177 -15.9087 0.931027
0.982611 -15.8955 0.931027
0.983044 -15.8822  0.93146
0.983478  -15.869 0.931894
0.983911 -15.8558 0.932327
0.984345 -15.8426 0.932761
0.984778 -15.8294 0.933194
0.985212 -15.8162 0.933628
0.985645 -15.8031 0.933628
0.986079 -15.7899 0.934061
0.986512 -15.7768 0.934495
0.986946 -15.7637 0.934928
0.987379 -15.7506 0.935362
0.987813 -15.7375 0.935795
0.988246 -15.7245 0.936229
 0.98868 -15.7114 0.936229
0.989113 -15.6984 0.936662
0.989547 -15.6853 0.937096
 0.98998 -15.6723 0.937529
0.990413 -15.6593 0.937963
0.990847 -15.6464 0.938396
 0.99128 -15.6334  0.93883
0.991714 -15.6205  0.93883
0.992147 -15.6075 0.939263
0.992581 -15.5946 0.939697
0.993014 -15.5817  0.94013
0.993448 -15.5688 0.940564
0.993881 -15.5559 0.940997
0.994315 -15.5431  0.94143
0.994748 -15.5302  0.94143
0.995182 -15.5174 0.941864
0.995615 -15.5046 0.942297
0.996049 -15.4918 0.942731
0.996482  -15.479 0.943164
0.996916 -15.4662 0.943598
0.997349 -15.4535 0.944031
0.997783 -15.4407 0.944031
0.998216  -15.428 0.944465
 0.99865 -15.4153 0.944898
0.999083 -15.4026 0.945332
0.999517 -15.3899 0.945765
 0.99995 -15.3772 0.946199
 1.00038 -15.3645 0.946632
 1.00082 -15.3519 0.946632
 1.00125 -15.3393 0.947066
 1.00168 -15.3266 0.947499
 1.00212  -15.314 0.947933
 1.00255 -15.3015 0.948366
 1.00298 -15.2889   0.9488
 1.00342 -15.2763 0.949233
 1.00385 -15.2638 0.949233
 1.00428 -15.2512 0.949667
 1.00472 -15.2387   0.9501
 1.00515 -15.2262 0.950534
 1.00559 -15.2137 0.950967
 1.00602 -15.2013   0.9514
 1.00645 -15.1888 0.951834
 1.00689 -15.1763 0.951834
 1.00732 -15.1639 0.952267
 1.00775 -15.1515 0.952701
 1.00819 -15.1391 0.953134
 1.00862 -15.1267 0.953568
 1.00905 -15.1143 0.954001
 1.00949 -15.1019 0.954435
 1.00992 -15.0896 0.954435
 1.01035 -15.0773 0.954868
 1.01079 -15.0649 0.955302
 1.01122 -15.0526 0.955735
 1.01165 -15.0403 0.956169
 1.01209  -15.028 0.956602
 1.01252 -15.0158 0.956602
 1.01295 -15.0035 0.957036
 1.01339 -14.9913 0.957469
 1.01382  -14.979 0.957903
 1.01425 -14.9668 0.958336
 1.01469 -14.9546  0.95877
 1.01512 -14.9424 0.959203
 1.01556 -14.9303 0.959203
 1.01599 -14.9181 0.959637
 1.01642  -14.906  0.96007
 1.01686 -14.8938 0.960504
 1.01729 -14.8817 0.960937
 1.01772 -14.8696  0.96137
 1.01816 -14.8575 0.961804
 1.01859 -14.8454 0.961804
 1.01902 -14.8334 0.962237
 1.01946 -14.8213 0.962671
 1.01989 -14.8093 0.963104
 1.02032 -14.7972 0.963538
 1.02076 -14.7852 0.963971
 1.02119 -14.7732 0.964405
 1.02162 -14.7613 0.964405
 1.02206 -14.7493 0.964838
 1.02249 -14.7373 0.965272
 1.02292 -14.7254 0.965705
 1.02336 -14.7134 0.966139
 1.02379 -14.7015 0.966572
 1.02422 -14.6896 0.967006
 1.02466 -14.6777 0.967006
 1.02509 -14.6658 0.967439
 1.02553  -14.654 0.967873
 1.02596 -14.6421 0.968306
 1.02639 -14.6303  0.96874
 1.02683 -14.6184 0.969173
 1.02726 -14.6066 0.969607
 1.02769 -14.5948 0.969607
 1.02813  -14.583  0.97004
 1.02856 -14.5713 0.970473
 1.02899 -14.5595 0.970907
 1.02943 -14.5477  0.97134
 1.02986  -14.536 0.971774
 1.03029 -14.5243 0.972207
 1.03073 -14.5126 0.972207
 1.03116 -14.5009 0.972641
 1.03159 -14.4892 0.973074
 1.03203 -14.4775 0.973508
 1.03246 -14.4659 0.973941
 1.03289 -14.4542 0.974375
 1.03333 -14.4426 0.974375
 1.03376  -14.431 0.974808
 1.03419 -14.4193 0.975242
 1.03463 -14.4077 0.975675
 1.03506 -14.3962 0.976109
  1.0355 -14.3846 0.976542
 1.03593  -14.373 0.976976
 1.03636 -14.3615 0.976976
  1.0368   -14.35 0.977409
 1.03723 -14.3384 0.977843
 1.03766 -14.3269 0.978276
  1.0381 -14.3154  0.97871
 1.03853 -14.3039 0.979143
 1.03896 -14.2925 0.979577
  1.0394  -14.281 0.979577
 1.03983 -14.2696  0.98001
 1.04026 -14.2581 0.980443
  1.0407 -14.2467 0.980877
 1.04113 -14.2353  0.98131
 1.04156 -14.2239 0.981744
   1.042 -14.2125 0.982177
 1.04243 -14.2012 0.982177
 1.04286 -14.1898 0.982611
  1.0433 -14.1785 0.983044
 1.04373 -14.1671 0.983478
 1.04416 -14.1558 0.983911
  1.0446 -14.1445 0.984345
 1.04503 -14.1332 0.984778
 1.04547 -14.1219 0.984778
  1.0459 -14.1106 0.985212
 1.04633 -14.0994 0.985645
 1.04677 -14.0881 0.986079
  1.0472 -14.0769 0.986512
 1.04763 -14.0657 0.986946
 1.04807 -14.0545 0.987379
  1.0485 -14.0433 0.987379
 1.04893 -14.0321 0.987813
 1.04937 -14.0209 0.988246
  1.0498 -14.0097  0.98868
 1.05023 -13.9986 0.989113
 1.05067 -13.9875 0.989547
  1.0511 -13.9763 0.989547
 1.05153 -13.9652  0.98998
 1.05197 -13.9541 0.990413
  1.0524  -13.943 0.990847
 1.05283 -13.9319  0.99128
 1.05327 -13.9209 0.991714
  1.0537 -13.9098 0.992147
 1.05413 -13.8988 0.992147
 1.05457 -13.8878 0.992581
   1.055 -13.8767 0.993014
 1.05544 -13.8657 0.993448
 1.05587 -13.8547 0.993881
  1.0563 -13.8438 0.994315
 1.05674 -13.8328 0.994748
 1.05717 -13.8218 0.994748
  1.0576 -13.8109 0.995182
 1.05804 -13.7999 0.995615
 1.05847  -13.789 0.996049
  1.0589 -13.7781 0.996482
 1.05934 -13.7672 0.996916
 1.05977 -13.7563 0.997349
  1.0602 -13.7454 0.997349
 1.06064 -13.7346 0.997783
 1.06107 -13.7237 0.998216
  1.0615 -13.7129  0.99865
 1.06194  -13.702 0.999083
 1.06237 -13.6912 0.999517
  1.0628 -13.6804  0.99995
 1.06324 -13.6696  0.99995
 1.06367 -13.6588  1.00038
  1.0641 -13.6481  1.00082
 1.06454 -13.6373  1.00125
 1.06497 -13.6266  1.00168
 1.06541 -13.6158  1.00212
 1.06584 -13.6051  1.00255
 1.06627 -13.5944  1.00255
 1.06671 -13.5837  1.00298
 1.06714  -13.573  1.00342
 1.06757 -13.5623  1.00385
 1.06801 -13.5516  1.00428
 1.06844  -13.541  1.00472
 1.06887 -13.5303  1.00472
 1.06931 -13.5197  1.00515
 1.06974 -13.5091  1.00559
 1.07017 -13.4985  1.00602
 1.07061 -13.4879  1.00645
 1.07104 -13.4773  1.00689
 1.07147 -13.4667  1.00732
 1.07191 -13.4561  1.00732
 1.07234 -13.4456  1.00775
 1.07277  -13.435  1.00819
 1.07321 -13.4245  1.00862
 1.07364  -13.414  1.00905
 1.07407 -13.4035  1.00949
 1.07451  -13.393  1.00992
 1.07494 -13.3825  1.00992
 1.07538  -13.372  1.01035
 1.07581 -13.3615  1.01079
 1.07624 -13.3511  1.01122
 1.07668 -13.3406  1.01165
 1.07711 -13.3302  1.01209
 1.07754 -13.3198  1.01252
 1.07798 -13.3094  1.01252
 1.07841  -13.299  1.01295
 1.07884 -13.2886  1.01339
 1.07928 -13.2782  1.01382
 1.07971 -13.2678  1.01425
 1.08014 -13.2575  1.01469
 1.08058 -13.2472  1.01469
 1.08101 -13.2368  1.01512
 1.08144 -13.2265  1.01556
 1.08188 -13.2162  1.01599
 1.08231 -13.2059  1.01642
 1.08274 -13.1956  1.01686
 1.08318 -13.1853  1.01729
 1.08361 -13.1751  1.01729
 1.08404 -13.1648  1.01772
 1.08448 -13.1545  1.01816
 1.08491 -13.1443  1.01859
 1.08535 -13.1341  1.01902
 1.08578 -13.1239  1.01946
 1.08621 -13.1137  1.01989
 1.08665 -13.1035  1.01989
 1.08708 -13.0933  1.02032
 1.08751 -13.0831  1.02076
 1.08795  -13.073  1.02119
 1.08838 -13.0628  1.02162
 1.08881 -13.0527  1.02206
 1.08925 -13.0426  1.02249
 1.08968 -13.0324  1.02249
 1.09011 -13.0223  1.02292
 1.09055 -13.0122  1.02336
 1.09098 -13.0021  1.02379
 1.09141 -12.9921  1.02422
 1.09185  -12.982  1.02466
 1.09228  -12.972  1.02466
 1.09271 -12.9619  1.02509
 1.09315 -12.9519  1.02553
 1.09358 -12.9419  1.02596
 1.09401 -12.9318  1.02639
 1.09445 -12.9218  1.02683
 1.09488 -12.9119  1.02726
 1.09532 -12.9019  1.02769
 1.09575 -12.8919  1.02769
 1.09618  -12.882  1.02813
 1.09662  -12.872  1.02856
 1.09705 -12.8621  1.02899
 1.09748 -12.8521  1.02943
 1.09792 -12.8422  1.02986
 1.09835 -12.8323  1.02986
 1.09878 -12.8224  1.03029
 1.09922 -12.8125  1.03073
 1.09965 -12.8027  1.03116
 1.10008 -12.7928  1.03159
 1.10052 -12.7829  1.03203
 1.10095 -12.7731  1.03246
 1.10138 -12.7633  1.03246
 1.10182 -12.7534  1.03289
 1.10225 -12.7436  1.03333
 1.10268 -12.7338  1.03376
 1.10312  -12.724  1.03419
 1.10355 -12.7142  1.03463
 1.10398 -12.7045  1.03506
 1.10442 -12.6947  1.03506
 1.10485  -12.685   1.0355
 1.10529 -12.6752  1.03593
 1.10572 -12.6655  1.03636
 1.10615 -12.6558   1.0368
 1.10659  -12.646  1.03723
 1.10702 -12.6363  1.03723
 1.10745 -12.6267  1.03766
 1.10789  -12.617   1.0381
 1.10832 -12.6073  1.03853
 1.10875 -12.5976  1.03896
 1.10919  -12.588   1.0394
 1.10962 -12.5783  1.03983
 1.11005 -12.5687  1.03983
 1.11049 -12.5591  1.04026
 1.11092 -12.5495   1.0407
 1.11135 -12.5399  1.04113
 1.11179 -12.5303  1.04156
 1.11222 -12.5207    1.042
 1.11265 -12.5111  1.04243
 1.11309 -12.5016  1.04243
 1.11352  -12.492  1.04286
 1.11395 -12.4825   1.0433
 1.11439 -12.4729  1.04373
 1.11482 -12.4634  1.04416
 1.11526 -12.4539   1.0446
 1.11569 -12.4444  1.04503
 1.11612 -12.4349  1.04503
 1.11656 -12.4254  1.04547
 1.11699  -12.416   1.0459
 1.11742 -12.4065  1.04633
 1.11786  -12.397  1.04677
 1.11829 -12.3876   1.0472
 1.11872 -12.3782   1.0472
 1.11916 -12.3687  1.04763
 1.11959 -12.3593  1.04807
 1.12002 -12.3499   1.0485
 1.12046 -12.3405  1.04893
 1.12089 -12.3311  1.04937
 1.12132 -12.3218   1.0498
 1.12176 -12.3124   1.0498
 1.12219 -12.3031  1.05023
 1.12262 -12.2937  1.05067
 1.12306 -12.2844   1.0511
 1.12349  -12.275  1.05153
 1.12392 -12.2657  1.05197
 1.12436 -12.2564   1.0524
 1.12479 -12.2471   1.0524
 1.12523 -12.2378  1.05283
 1.12566 -12.2285  1.05327
 1.12609 -12.2193   1.0537
 1.12653   -12.21  1.05413
 1.12696 -12.2008  1.05457
 1.12739 -12.1915    1.055
 1.12783 -12.1823    1.055
 1.12826 -12.1731  1.05544
 1.12869 -12.1639  1.05587
 1.12913 -12.1547   1.0563
 1.12956 -12.1455  1.05674
 1.12999 -12.1363  1.05717
 1.13043 -12.1271  1.05717
 1.13086 -12.1179   1.0576
 1.13129 -12.1088  1.05804
 1.13173 -12.0996  1.05847
 1.13216 -12.0905   1.0589
 1.13259 -12.0814  1.05934
 1.13303 -12.0722  1.05977
 1.13346 -12.0631  1.05977
 1.13389  -12.054   1.0602
 1.13433 -12.0449  1.06064
 1.13476 -12.0359  1.06107
  1.1352 -12.0268   1.0615
 1.13563 -12.0177  1.06194
 1.13606 -12.0087  1.06237
  1.1365 -11.9996  1.06237
 1.13693 -11.9906   1.0628
 1.13736 -11.9816  1.06324
  1.1378 -11.9725  1.06367
 1.13823 -11.9635   1.0641
 1.13866 -11.9545  1.06454
  1.1391 -11.9456  1.06454
 1.13953 -11.9366  1.06497
 1.13996 -11.9276  1.06541
  1.1404 -11.9186  1.06584
 1.14083 -11.9097  1.06627
 1.14126 -11.9007  1.06671
  1.1417 -11.8918  1.06714
 1.14213 -11.8829  1.06714
 1.14256  -11.874  1.06757
   1.143 -11.8651  1.06801
 1.14343 -11.8562  1.06844
 1.14386 -11.8473  1.06887
  1.1443 -11.8384  1.06931
 1.14473 -11.8295  1.06974
 1.14517 -11.8207  1.06974
  1.1456 -11.8118  1.07017
 1.14603  -11.803  1.07061
 1.14647 -11.7941  1.07104
  1.1469 -11.7853  1.07147
 1.14733 -11.7765  1.07191
 1.14777 -11.7677  1.07234
  1.1482 -11.7589  1.07234
 1.14863 -11.7501  1.07277
 1.14907 -11.7413  1.07321
  1.1495 -11.7325  1.07364
 1.14993 -11.7238  1.07407
 1.15037  -11.715  1.07451
  1.1508 -11.7063  1.07494
 1.15123 -11.6975  1.07494
 1.15167 -11.6888  1.07538
  1.1521 -11.6801  1.07581
 1.15253 -11.6714  1.07624
 1.15297 -11.6627  1.07668
  1.1534  -11.654  1.07711
 1.15383 -11.6453  1.07711
 1.15427 -11.6366  1.07754
  1.1547 -11.6279  1.07798
 1.15514 -11.6193  1.07841
 1.15557 -11.6106  1.07884
   1.156  -11.602  1.07928
 1.15644 -11.5933  1.07971
 1.15687 -11.5847  1.07971
  1.1573 -11.5761  1.08014
 1.15774 -11.5675  1.08058
 1.15817 -11.5589  1.08101
  1.1586 -11.5503  1.08144
 1.15904 -11.5417  1.08188
 1.15947 -11.5332  1.08188
  1.1599 -11.5246  1.08231
 1.16034  -11.516  1.08274
 1.16077 -11.5075  1.08318
  1.1612  -11.499  1.08361
 1.16164 -11.4904  1.08404
 1.16207 -11.4819  1.08448
  1.1625 -11.4734  1.08448
 1.16294 -11.4649  1.08491
 1.16337 -11.4564  1.08535
  1.1638 -11.4479  1.08578
 1.16424 -11.4394  1.08621
 1.16467  -11.431  1.08665
 1.16511 -11.4225  1.08708
 1.16554 -11.4141  1.08708
 1.16597 -11.4056  1.08751
 1.16641 -11.3972  1.08795
 1.16684 -11.3887  1.08838
 1.16727 -11.3803  1.08881
 1.16771 -11.3719  1.08925
 1.16814 -11.3635  1.08968
 1.16857 -11.3551  1.08968
 1.16901 -11.3467  1.09011
 1.16944 -11.3384  1.09055
 1.16987   -11.33  1.09098
 1.17031 -11.3216  1.09141
 1.17074 -11.3133  1.09185
 1.17117 -11.3049  1.09185
 1.17161 -11.2966  1.09228
 1.17204 -11.2883  1.09271
 1.17247   -11.28  1.09315
 1.17291 -11.2716  1.09358
 1.17334 -11.2633  1.09401
 1.17377 -11.2551  1.09445
 1.17421 -11.2468  1.09445
 1.17464 -11.2385  1.09488
 1.17508 -11.2302  1.09532
 1.17551  -11.222  1.09575
 1.17594 -11.2137  1.09618
 1.17638 -11.2055  1.09662
 1.17681 -11.1972  1.09705
 1.17724  -11.189  1.09705
 1.17768 -11.1808  1.09748
 1.17811 -11.1726  1.09792
 1.17854 -11.1644  1.09835
 1.17898 -11.1562  1.09878
 1.17941  -11.148  1.09922
 1.17984 -11.1398  1.09965
 1.18028 -11.1316  1.09965
 1.18071 -11.1235  1.10008
 1.18114 -11.1153  1.10052
 1.18158 -11.1072  1.10095
 1.18201  -11.099  1.10138
 1.18244 -11.0909  1.10182
 1.18288 -11.0828  1.10182
 1.18331 -11.0747  1.10225
 1.18374 -11.0666  1.10268
 1.18418 -11.0585  1.10312
 1.18461 -11.0504  1.10355
 1.18505 -11.0423  1.10398
 1.18548 -11.0342  1.10442
 1.18591 -11.0261  1.10442
 1.18635 -11.0181  1.10485
 1.18678   -11.01  1.10529
 1.18721  -11.002  1.10572
 1.18765  -10.994  1.10615
 1.18808 -10.9859  1.10659
 1.18851 -10.9779  1.10659
 1.18895 -10.9699  1.10702
 1.18938 -10.9619  1.10745
 1.18981 -10.9539  1.10789
 1.19025 -10.9459  1.10832
 1.19068 -10.9379  1.10875
 1.19111   -10.93  1.10919
 1.19155  -10.922  1.10919
 1.19198 -10.9141  1.10962
 1.19241 -10.9061  1.11005
 1.19285 -10.8982  1.11049
 1.19328 -10.8902  1.11092
 1.19371 -10.8823  1.11135
 1.19415 -10.8744  1.11135
 1.19458 -10.8665  1.11179
 1.19502 -10.8586  1.11222
 1.19545 -10.8507  1.11265
 1.19588 -10.8428  1.11309
 1.19632 -10.8349  1.11352
 1.19675 -10.8271  1.11395
 1.19718 -10.8192  1.11395
 1.19762 -10.8113  1.11439
 1.19805 -10.8035  1.11482
 1.19848 -10.7956  1.11526
 1.19892 -10.7878  1.11569
 1.19935   -10.78  1.11612
 1.19978 -10.7722  1.11656
 1.20022 -10.7644  1.11656
 1.20065 -10.7566  1.11699
 1.20108 -10.7488  1.11742
 1.20152  -10.741  1.11786
 1.20195 -10.7332  1.11829
 1.20238 -10.7254  1.11872
 1.20282 -10.7177  1.11872
 1.20325 -10.7099  1.11916
 1.20368 -10.7022  1.11959
 1.20412 -10.6944  1.12002
 1.20455 -10.6867  1.12046
 1.20498  -10.679  1.12089
 1.20542 -10.6713  1.12132
 1.20585 -10.6636  1.12132
 1.20629 -10.6559  1.12176
 1.20672 -10.6482  1.12219
 1.20715 -10.6405  1.12262
 1.20759 -10.6328  1.12306
 1.20802 -10.6251  1.12349
 1.20845 -10.6175  1.12392
 1.20889 -10.6098  1.12392
 1.20932 -10.6021  1.12436
 1.20975 -10.5945  1.12479
 1.21019 -10.5869  1.12523
 1.21062 -10.5792  1.12566
 1.21105 -10.5716  1.12609
 1.21149  -10.564  1.12653
 1.21192 -10.5564  1.12653
 1.21235 -10.5488  1.12696
 1.21279 -10.5412  1.12739
 1.21322 -10.5336  1.12783
 1.21365 -10.5261  1.12826
 1.21409 -10.5185  1.12869
 1.21452 -10.5109  1.12869
 1.21495 -10.5034  1.12913
 1.21539 -10.4958  1.12956
 1.21582 -10.4883  1.12999
 1.21626 -10.4807  1.13043
 1.21669 -10.4732  1.13086
 1.21712 -10.4657  1.13129
 1.21756 -10.4582  1.13129
 1.21799 -10.4507  1.13173
 1.21842 -10.4432  1.13216
 1.21886 -10.4357  1.13259
 1.21929 -10.4282  1.13303
 1.21972 -10.4208  1.13346
 1.22016 -10.4133  1.13389
 1.22059 -10.4058  1.13389
 1.22102 -10.3984  1.13433
 1.22146 -10.3909  1.13476
 1.22189 -10.3835   1.1352
 1.22232 -10.3761  1.13563
 1.22276 -10.3686  1.13606
 1.22319 -10.3612  1.13606
 1.22362 -10.3538   1.1365
 1.22406 -10.3464  1.13693
 1.22449  -10.339  1.13736
 1.22492 -10.3316   1.1378
 1.22536 -10.3242  1.13823
 1.22579 -10.3169  1.13866
 1.22623 -10.3095  1.13866
 1.22666 -10.3021   1.1391
 1.22709 -10.2948  1.13953
 1.22753 -10.2875  1.13996
 1.22796 -10.2801   1.1404
 1.22839 -10.2728  1.14083
 1.22883 -10.2655  1.14126
 1.22926 -10.2581  1.14126
 1.22969 -10.2508   1.1417
 1.23013 -10.2435  1.14213
 1.23056 -10.2362  1.14256
 1.23099 -10.2289    1.143
 1.23143 -10.2217  1.14343
 1.23186 -10.2144  1.14343
 1.23229 -10.2071  1.14386
 1.23273 -10.1999   1.1443
 1.23316 -10.1926  1.14473
 1.23359 -10.1854  1.14517
 1.23403 -10.1781   1.1456
 1.23446 -10.1709  1.14603
 1.23489 -10.1637  1.14603
 1.23533 -10.1564  1.14647
 1.23576 -10.1492   1.1469
  1.2362  -10.142  1.14733
 1.23663 -10.1348  1.14777
 1.23706 -10.1276   1.1482
  1.2375 -10.1204   1.1482
 1.23793 -10.1133  1.14863
 1.23836 -10.1061  1.14907
  1.2388 -10.0989   1.1495
 1.23923 -10.0918  1.14993
 1.23966 -10.0846  1.15037
  1.2401 -10.0775   1.1508
 1.24053 -10.0703   1.1508
 1.24096 -10.0632  1.15123
  1.2414 -10.0561  1.15167
 1.24183  -10.049   1.1521
 1.24226 -10.0419  1.15253
  1.2427 -10.0348  1.15297
 1.24313 -10.0277   1.1534
 1.24356 -10.0206   1.1534
   1.244 -10.0135  1.15383
 1.24443 -10.0064  1.15427
 1.24486 -9.99935   1.1547
  1.2453 -9.99229  1.15514
 1.24573 -9.98523  1.15557
 1.24617 -9.97819  1.15557
  1.2466 -9.97114    1.156
 1.24703 -9.96411  1.15644
 1.24747 -9.95708  1.15687
  1.2479 -9.95005   1.1573
 1.24833 -9.94304  1.15774
 1.24877 -9.93603  1.15817
  1.2492 -9.92903  1.15817
 1.24963 -9.92203   1.1586
 1.25007 -9.91504  1.15904
  1.2505 -9.90806  1.15947
 1.25093 -9.90109   1.1599
 1.25137 -9.89412  1.16034
  1.2518 -9.88716  1.16077
 1.25223  -9.8802  1.16077
 1.25267 -9.87325   1.1612
  1.2531 -9.86631  1.16164
 1.25353 -9.85937  1.16207
 1.25397 -9.85244   1.1625
  1.2544 -9.84552  1.16294
 1.25483  -9.8386  1.16294
 1.25527 -9.83169  1.16337
  1.2557 -9.82479   1.1638
 1.25614 -9.81789  1.16424
 1.25657   -9.811  1.16467
   1.257 -9.80412  1.16511
 1.25744 -9.79724  1.16554
 1.25787 -9.79037  1.16554
  1.2583 -9.78351  1.16597
 1.25874 -9.77665  1.16641
 1.25917  -9.7698  1.16684
  1.2596 -9.76295  1.16727
 1.26004 -9.75612  1.16771
 1.26047 -9.74929  1.16771
  1.2609 -9.74246  1.16814
 1.26134 -9.73564  1.16857
 1.26177 -9.72882  1.16901
  1.2622 -9.72202  1.16944
 1.26264 -9.71522  1.16987
 1.26307 -9.70843  1.17031
  1.2635 -9.70164  1.17031
 1.26394 -9.69486  1.17074
 1.26437 -9.68808  1.17117
  1.2648 -9.68132  1.17161
 1.26524 -9.67456  1.17204
 1.26567  -9.6678  1.17247
 1.26611 -9.66105  1.17291
 1.26654 -9.65431  1.17291
 1.26697 -9.64757  1.17334
 1.26741 -9.64084  1.17377
 1.26784 -9.63412  1.17421
 1.26827  -9.6274  1.17464
 1.26871 -9.62069  1.17508
 1.26914 -9.61399  1.17508
 1.26957 -9.60729  1.17551
 1.27001  -9.6006  1.17594
 1.27044 -9.59391  1.17638
 1.27087 -9.58723  1.17681
 1.27131 -9.58056  1.17724
 1.27174 -9.57389  1.17768
 1.27217 -9.56723  1.17768
 1.27261 -9.56058  1.17811
 1.27304 -9.55393  1.17854
 1.27347 -9.54729  1.17898
 1.27391 -9.54065  1.17941
 1.27434 -9.53402  1.17984
 1.27477  -9.5274  1.18028
 1.27521 -9.52078  1.18028
 1.27564 -9.51417  1.18071
 1.27608 -9.50757  1.18114
 1.27651 -9.50097  1.18158
 1.27694 -9.49438  1.18201
 1.27738 -9.48779  1.18244
 1.27781 -9.48121  1.18244
 1.27824 -9.47464  1.18288
 1.27868 -9.46807  1.18331
 1.27911 -9.46151  1.18374
 1.27954 -9.45495  1.18418
 1.27998  -9.4484  1.18461
 1.28041 -9.44186  1.18505
 1.28084 -9.43532  1.18505
 1.28128 -9.42879  1.18548
 1.28171 -9.42226  1.18591
 1.28214 -9.41574  1.18635
 1.28258 -9.40923  1.18678
 1.28301 -9.40273  1.18721
 1.28344 -9.39623  1.18721
 1.28388 -9.38973  1.18765
 1.28431 -9.38324  1.18808
 1.28474 -9.37676  1.18851
 1.28518 -9.37028  1.18895
 1.28561 -9.36381  1.18938
 1.28605 -9.35735  1.18981
 1.28648 -9.35089  1.18981
 1.28691 -9.34444  1.19025
 1.28735 -9.33799  1.19068
 1.28778 -9.33155  1.19111
 1.28821 -9.32511  1.19155
 1.28865 -9.31869  1.19198
 1.28908 -9.31226  1.19198
 1.28951 -9.30585  1.19241
 1.28995 -9.29943  1.19285
 1.29038 -9.29303  1.19328
 1.29081 -9.28663  1.19371
 1.29125 -9.28024  1.19415
 1.29168 -9.27385  1.19458
 1.29211 -9.26747  1.19458
 1.29255 -9.26109  1.19502
 1.29298 -9.25472  1.19545
 1.29341 -9.24836  1.19588
 1.29385   -9.242  1.19632
 1.29428 -9.23565  1.19675
 1.29471 -9.22931  1.19718
 1.29515 -9.22297  1.19718
 1.29558 -9.21663  1.19762
 1.29602  -9.2103  1.19805
 1.29645 -9.20398  1.19848
 1.29688 -9.19766  1.19892
 1.29732 -9.19135  1.19935
 1.29775 -9.18505  1.19935
 1.29818 -9.17875  1.19978
 1.29862 -9.17245  1.20022
 1.29905 -9.16617  1.20065
 1.29948 -9.15989  1.20108
 1.29992 -9.15361  1.20152
 1.30035 -9.14734  1.20195
 1.30078 -9.14108  1.20195
 1.30122 -9.13482  1.20238
 1.30165 -9.12856  1.20282
 1.30208 -9.12232  1.20325
 1.30252 -9.11607  1.20368
 1.30295 -9.10984  1.20412
 1.30338 -9.10361  1.20412
 1.30382 -9.09739  1.20455
 1.30425 -9.09117  1.20498
 1.30468 -9.08495  1.20542
 1.30512 -9.07875  1.20585
 1.30555 -9.07255  1.20629
 1.30599 -9.06635  1.20672
 1.30642 -9.06016  1.20672
 1.30685 -9.05398  1.20715
 1.30729  -9.0478  1.20759
 1.30772 -9.04162  1.20802
 1.30815 -9.03546  1.20845
 1.30859  -9.0293  1.20889
 1.30902 -9.02314  1.20889
 1.30945 -9.01699  1.20932
 1.30989 -9.01084  1.20975
 1.31032  -9.0047  1.21019
 1.31075 -8.99857  1.21062
 1.31119 -8.99244  1.21105
 1.31162 -8.98632  1.21149
 1.31205 -8.98021  1.21149
 1.31249  -8.9741  1.21192
 1.31292 -8.96799  1.21235
 1.31335 -8.96189  1.21279
 1.31379 -8.95579  1.21322
 1.31422 -8.94971  1.21365
 1.31465 -8.94362  1.21365
 1.31509 -8.93755  1.21409
 1.31552 -8.93147  1.21452
 1.31596 -8.92541  1.21495
 1.31639 -8.91934  1.21539
 1.31682 -8.91329  1.21582
 1.31726 -8.90724  1.21626
 1.31769  -8.9012  1.21626
 1.31812 -8.89516  1.21669
 1.31856 -8.88912  1.21712
 1.31899 -8.88309  1.21756
 1.31942 -8.87707  1.21799
 1.31986 -8.87106  1.21842
 1.32029 -8.86505  1.21886
 1.32072 -8.85904  1.21886
 1.32116 -8.85304  1.21929
 1.32159 -8.84704  1.21972
 1.32202 -8.84105  1.22016
 1.32246 -8.83507  1.22059
 1.32289 -8.82909  1.22102
 1.32332 -8.82312  1.22102
 1.32376 -8.81715  1.22146
 1.32419 -8.81119  1.22189
 1.32462 -8.80523  1.22232
 1.32506 -8.79928  1.22276
 1.32549 -8.79333  1.22319
 1.32593 -8.78739  1.22362
 1.32636 -8.78146  1.22362
 1.32679 -8.77553  1.22406
 1.32723  -8.7696  1.22449
 1.32766 -8.76368  1.22492
 1.32809 -8.75777  1.22536
 1.32853 -8.75186  1.22579
 1.32896 -8.74596  1.22579
 1.32939 -8.74006  1.22623
 1.32983 -8.73417  1.22666
 1.33026 -8.72828  1.22709
 1.33069  -8.7224  1.22753
 1.33113 -8.71652  1.22796
 1.33156 -8.71065  1.22839
 1.33199 -8.70479  1.22839
 1.33243 -8.69892  1.22883
 1.33286 -8.69307  1.22926
 1.33329 -8.68722  1.22969
 1.33373 -8.68137  1.23013
 1.33416 -8.67554  1.23056
 1.33459  -8.6697  1.23099
 1.33503 -8.66387  1.23099
 1.33546 -8.65805  1.23143
  1.3359 -8.65223  1.23186
 1.33633 -8.64642  1.23229
 1.33676 -8.64061  1.23273
  1.3372 -8.63481  1.23316
 1.33763 -8.62901  1.23316
 1.33806 -8.62322  1.23359
  1.3385 -8.61743  1.23403
 1.33893 -8.61165  1.23446
 1.33936 -8.60587  1.23489
  1.3398  -8.6001  1.23533
 1.34023 -8.59434  1.23576
 1.34066 -8.58857  1.23576
  1.3411 -8.58282   1.2362
 1.34153 -8.57707  1.23663
 1.34196 -8.57132  1.23706
  1.3424 -8.56558   1.2375
 1.34283 -8.55985  1.23793
 1.34326 -8.55412  1.23793
  1.3437 -8.54839  1.23836
 1.34413 -8.54267   1.2388
 1.34456 -8.53696  1.23923
   1.345 -8.53125  1.23966
 1.34543 -8.52554   1.2401
 1.34587 -8.51985  1.24053
  1.3463 -8.51415  1.24053
 1.34673 -8.50846  1.24096
 1.34717 -8.50278   1.2414
  1.3476  -8.4971  1.24183
 1.34803 -8.49143  1.24226
 1.34847 -8.48576   1.2427
  1.3489  -8.4801   1.2427
 1.34933 -8.47444  1.24313
 1.34977 -8.46878  1.24356
  1.3502 -8.46313    1.244
 1.35063 -8.45749  1.24443
 1.35107 -8.45185  1.24486
  1.3515 -8.44622   1.2453
 1.35193 -8.44059   1.2453
 1.35237 -8.43497  1.24573
  1.3528 -8.42935  1.24617
 1.35323 -8.42374   1.2466
 1.35367 -8.41813  1.24703
  1.3541 -8.41253  1.24747
 1.35453 -8.40693  1.24747
 1.35497 -8.40134   1.2479
  1.3554 -8.39575  1.24833
 1.35584 -8.39016  1.24877
 1.35627 -8.38459   1.2492
  1.3567 -8.37901  1.24963
 1.35714 -8.37345  1.25007
 1.35757 -8.36788  1.25007
   1.358 -8.36232   1.2505
 1.35844 -8.35677  1.25093
 1.35887 -8.35122  1.25137
  1.3593 -8.34568   1.2518
 1.35974 -8.34014  1.25223
 1.36017 -8.33461  1.25267
  1.3606 -8.32908  1.25267
 1.36104 -8.32356   1.2531
 1.36147 -8.31804  1.25353
  1.3619 -8.31252  1.25397
 1.36234 -8.30701   1.2544
 1.36277 -8.30151  1.25483
  1.3632 -8.29601  1.25483
 1.36364 -8.29052  1.25527
 1.36407 -8.28503   1.2557
  1.3645 -8.27954  1.25614
 1.36494 -8.27406  1.25657
 1.36537 -8.26859    1.257
 1.36581 -8.26312  1.25744
 1.36624 -8.25766  1.25744
 1.36667 -8.25219  1.25787
 1.36711 -8.24674   1.2583
 1.36754 -8.24129  1.25874
 1.36797 -8.23584  1.25917
 1.36841  -8.2304   1.2596
 1.36884 -8.22497   1.2596
 1.36927 -8.21954  1.26004
 1.36971 -8.21411  1.26047
 1.37014 -8.20869   1.2609
 1.37057 -8.20327  1.26134
 1.37101 -8.19786  1.26177
 1.37144 -8.19245   1.2622
 1.37187 -8.18705   1.2622
 1.37231 -8.18165  1.26264
 1.37274 -8.17626  1.26307
 1.37317 -8.17087   1.2635
 1.37361 -8.16549  1.26394
 1.37404 -8.16011  1.26437
 1.37447 -8.15474  1.26437
 1.37491 -8.14937   1.2648
 1.37534   -8.144  1.26524
 1.37578 -8.13864  1.26567
 1.37621 -8.13329  1.26611
 1.37664 -8.12794  1.26654
 1.37708 -8.12259  1.26697
 1.37751 -8.11725  1.26697
 1.37794 -8.11191  1.26741
 1.37838 -8.10658  1.26784
 1.37881 -8.10126  1.26827
 1.37924 -8.09594  1.26871
 1.37968 -8.09062  1.26914
 1.38011 -8.08531  1.26914
 1.38054    -8.08  1.26957
 1.38098 -8.07469  1.27001
 1.38141  -8.0694  1.27044
 1.38184  -8.0641  1.27087
 1.38228 -8.05881  1.27131
 1.38271 -8.05353  1.27174
 1.38314 -8.04825  1.27174
 1.38358 -8.04297  1.27217
 1.38401  -8.0377  1.27261
 1.38444 -8.03244  1.27304
 1.38488 -8.02717  1.27347
 1.38531 -8.02192  1.27391
 1.38575 -8.01667  1.27391
 1.38618 -8.01142  1.27434
 1.38661 -8.00618  1.27477
 1.38705 -8.00094  1.27521
 1.38748  -7.9957  1.27564
 1.38791 -7.99047  1.27608
 1.38835 -7.98525  1.27651
 1.38878 -7.98003  1.27651
 1.38921 -7.97481  1.27694
 1.38965  -7.9696  1.27738
 1.39008  -7.9644  1.27781
 1.39051 -7.95919  1.27824
 1.39095   -7.954  1.27868
 1.39138 -7.94881  1.27868
 1.39181 -7.94362  1.27911
 1.39225 -7.93843  1.27954
 1.39268 -7.93325  1.27998
 1.39311 -7.92808  1.28041
 1.39355 -7.92291  1.28084
 1.39398 -7.91775  1.28128
 1.39441 -7.91258  1.28128
 1.39485 -7.90743  1.28171
 1.39528 -7.90227  1.28214
 1.39572 -7.89713  1.28258
 1.39615 -7.89198  1.28301
 1.39658 -7.88685  1.28344
 1.39702 -7.88171  1.28344
 1.39745 -7.87658  1.28388
 1.39788 -7.87146  1.28431
 1.39832 -7.86634  1.28474
 1.39875 -7.86122  1.28518
 1.39918 -7.85611  1.28561
 1.39962   -7.851  1.28605
 1.40005  -7.8459  1.28605
 1.40048  -7.8408  1.28648
 1.40092 -7.83571  1.28691
 1.40135 -7.83062  1.28735
 1.40178 -7.82553  1.28778
 1.40222 -7.82045  1.28821
 1.40265 -7.81538  1.28865
 1.40308  -7.8103  1.28865
 1.40352 -7.80524  1.28908
 1.40395 -7.80017  1.28951
 1.40438 -7.79512  1.28995
 1.40482 -7.79006  1.29038
 1.40525 -7.78501  1.29081
 1.40569 -7.77997  1.29081
 1.40612 -7.77493  1.29125
 1.40655 -7.76989  1.29168
 1.40699 -7.76486  1.29211
 1.40742 -7.75983  1.29255
 1.40785 -7.75481  1.29298
 1.40829 -7.74979  1.29298
 1.40872 -7.74477  1.29341
 1.40915 -7.73976  1.29385
 1.40959 -7.73475  1.29428
 1.41002 -7.72975  1.29471
 1.41045 -7.72476  1.29515
 1.41089 -7.71976  1.29558
 1.41132 -7.71477  1.29558
 1.41175 -7.70979  1.29602
 1.41219 -7.70481  1.29645
 1.41262 -7.69983  1.29688
 1.41305 -7.69486  1.29732
 1.41349 -7.68989  1.29775
 1.41392 -7.68493  1.29775
 1.41435 -7.67997  1.29818
 1.41479 -7.67502  1.29862
 1.41522 -7.67007  1.29905
 1.41566 -7.66512  1.29948
 1.41609 -7.66018  1.29992
 1.41652 -7.65524  1.30035
 1.41696 -7.65031  1.30035
 1.41739 -7.64538  1.30078
 1.41782 -7.64046  1.30122
 1.41826 -7.63554  1.30165
 1.41869 -7.63062  1.30208
 1.41912 -7.62571  1.30252
 1.41956  -7.6208  1.30252
 1.41999  -7.6159  1.30295
 1.42042   -7.611  1.30338
 1.42086  -7.6061  1.30382
 1.42129 -7.60121  1.30425
 1.42172 -7.59633  1.30468
 1.42216 -7.59144  1.30512
 1.42259 -7.58657  1.30512
 1.42302 -7.58169  1.30555
 1.42346 -7.57682  1.30599
 1.42389 -7.57195  1.30642
 1.42432 -7.56709  1.30685
 1.42476 -7.56224  1.30729
 1.42519 -7.55739  1.30729
 1.42563 -7.55254  1.30772
 1.42606 -7.54769  1.30815
 1.42649 -7.54285  1.30859
 1.42693 -7.53801  1.30902
 1.42736 -7.53318  1.30945
 1.42779 -7.52835  1.30989
 1.42823 -7.52353  1.30989
 1.42866 -7.51871  1.31032
 1.42909 -7.51389  1.31075
 1.42953 -7.50908  1.31119
 1.42996 -7.50427  1.31162
 1.43039 -7.49947  1.31205
 1.43083 -7.49467  1.31205
 1.43126 -7.48988  1.31249
 1.43169 -7.48509  1.31292
 1.43213  -7.4803  1.31335
 1.43256 -7.47552  1.31379
 1.43299 -7.47074  1.31422
 1.43343 -7.46596  1.31465
 1.43386 -7.46119  1.31465
 1.43429 -7.45643  1.31509
 1.43473 -7.45166  1.31552
 1.43516 -7.44691  1.31596
  1.4356 -7.44215  1.31639
 1.43603  -7.4374  1.31682
 1.43646 -7.43266  1.31682
  1.4369 -7.42791  1.31726
 1.43733 -7.42318  1.31769
 1.43776 -7.41844  1.31812
  1.4382 -7.41371  1.31856
 1.43863 -7.40899  1.31899
 1.43906 -7.40426  1.31942
  1.4395 -7.39955  1.31942
 1.43993 -7.39483  1.31986
 1.44036 -7.39012  1.32029
  1.4408 -7.38542  1.32072
 1.44123 -7.38071  1.32116
 1.44166 -7.37602  1.32159
  1.4421 -7.37132  1.32202
 1.44253 -7.36663  1.32202
 1.44296 -7.36195  1.32246
  1.4434 -7.35727  1.32289
 1.44383 -7.35259  1.32332
 1.44426 -7.34791  1.32376
  1.4447 -7.34324  1.32419
 1.44513 -7.33858  1.32419
 1.44557 -7.33392  1.32462
   1.446 -7.32926  1.32506
 1.44643  -7.3246  1.32549
 1.44687 -7.31995  1.32593
  1.4473 -7.31531  1.32636
 1.44773 -7.31067  1.32636
 1.44817 -7.30603  1.32679
  1.4486 -7.30139  1.32723
 1.44903 -7.29676  1.32766
 1.44947 -7.29214  1.32809
  1.4499 -7.28751  1.32853
 1.45033  -7.2829  1.32896
 1.45077 -7.27828  1.32896
  1.4512 -7.27367  1.32939
 1.45163 -7.26906  1.32983
 1.45207 -7.26446  1.33026
  1.4525 -7.25986  1.33069
 1.45293 -7.25527  1.33113
 1.45337 -7.25068  1.33113
  1.4538 -7.24609  1.33156
 1.45423  -7.2415  1.33199
 1.45467 -7.23692  1.33243
  1.4551 -7.23235  1.33286
 1.45554 -7.22778  1.33329
 1.45597 -7.22321  1.33373
  1.4564 -7.21864  1.33373
 1.45684 -7.21408  1.33416
 1.45727 -7.20953  1.33459
  1.4577 -7.20497  1.33503
 1.45814 -7.20043  1.33546
 1.45857 -7.19588   1.3359
   1.459 -7.19134   1.3359
 1.45944  -7.1868  1.33633
 1.45987 -7.18227  1.33676
  1.4603 -7.17774   1.3372
 1.46074 -7.17321  1.33763
 1.46117 -7.16869  1.33806
  1.4616 -7.16417   1.3385
 1.46204 -7.15966   1.3385
 1.46247 -7.15515  1.33893
  1.4629 -7.15064  1.33936
 1.46334 -7.14614   1.3398
 1.46377 -7.14164  1.34023
  1.4642 -7.13714  1.34066
 1.46464 -7.13265  1.34066
 1.46507 -7.12817   1.3411
 1.46551 -7.12368  1.34153
 1.46594  -7.1192  1.34196
 1.46637 -7.11472   1.3424
 1.46681 -7.11025  1.34283
 1.46724 -7.10578  1.34283
 1.46767 -7.10132  1.34326
 1.46811 -7.09686   1.3437
 1.46854  -7.0924  1.34413
 1.46897 -7.08794  1.34456
 1.46941 -7.08349    1.345
 1.46984 -7.07905  1.34543
 1.47027 -7.07461  1.34543
 1.47071 -7.07017  1.34587
 1.47114 -7.06573   1.3463
 1.47157  -7.0613  1.34673
 1.47201 -7.05687  1.34717
 1.47244 -7.05245   1.3476
 1.47287 -7.04803  1.34803
 1.47331 -7.04361  1.34803
 1.47374 -7.03919  1.34847
 1.47417 -7.03478   1.3489
 1.47461 -7.03038  1.34933
 1.47504 -7.02598  1.34977
 1.47548 -7.02158   1.3502
 1.47591 -7.01719   1.3502
 1.47634 -7.01279  1.35063
 1.47678 -7.00841  1.35107
 1.47721 -7.00402   1.3515
 1.47764 -6.99964  1.35193
 1.47808 -6.99527  1.35237
 1.47851 -6.99089   1.3528
 1.47894 -6.98652   1.3528
 1.47938 -6.98216  1.35323
 1.47981  -6.9778  1.35367
 1.48024 -6.97344   1.3541
 1.48068 -6.96908  1.35453
 1.48111 -6.96473  1.35497
 1.48154 -6.96039  1.35497
 1.48198 -6.95604   1.3554
 1.48241  -6.9517  1.35584
 1.48284 -6.94737  1.35627
 1.48328 -6.94303   1.3567
 1.48371  -6.9387  1.35714
 1.48414 -6.93438  1.35757
 1.48458 -6.93006  1.35757
 1.48501 -6.92574    1.358
 1.48545 -6.92142  1.35844
 1.48588 -6.91711  1.35887
 1.48631 -6.91281   1.3593
 1.48675  -6.9085  1.35974
 1.48718  -6.9042  1.35974
 1.48761  -6.8999  1.36017
 1.48805 -6.89561   1.3606
 1.48848 -6.89132  1.36104
 1.48891 -6.88703  1.36147
 1.48935 -6.88275   1.3619
 1.48978 -6.87847   1.3619
 1.49021  -6.8742  1.36234
 1.49065 -6.86993  1.36277
 1.49108 -6.86566   1.3632
 1.49151 -6.86139  1.36364
 1.49195 -6.85713  1.36407
 1.49238 -6.85287   1.3645
 1.49281 -6.84862   1.3645
 1.49325 -6.84437  1.36494
 1.49368 -6.84012  1.36537
 1.49411 -6.83588  1.36581
 1.49455 -6.83164  1.36624
 1.49498  -6.8274  1.36667
 1.49542 -6.82317  1.36667
 1.49585 -6.81894  1.36711
 1.49628 -6.81471  1.36754
 1.49672 -6.81049  1.36797
 1.49715 -6.80627  1.36841
 1.49758 -6.80206  1.36884
 1.49802 -6.79784  1.36927
 1.49845 -6.79363  1.36927
 1.49888 -6.78943  1.36971
 1.49932 -6.78523  1.37014
 1.49975 -6.78103  1.37057
 1.50018 -6.77683  1.37101
 1.50062 -6.77264  1.37144
 1.50105 -6.76846  1.37144
 1.50148 -6.76427  1.37187
 1.50192 -6.76009  1.37231
 1.50235 -6.75591  1.37274
 1.50278 -6.75174  1.37317
 1.50322 -6.74757  1.37361
 1.50365  -6.7434  1.37404
 1.50408 -6.73924  1.37404
 1.50452 -6.73508  1.37447
 1.50495 -6.73092  1.37491
 1.50539 -6.72677  1.37534
 1.50582 -6.72262  1.37578
 1.50625 -6.71847  1.37621
 1.50669 -6.71433  1.37621
 1.50712 -6.71019  1.37664
 1.50755 -6.70605  1.37708
 1.50799 -6.70192  1.37751
 1.50842 -6.69779  1.37794
 1.50885 -6.69366  1.37838
 1.50929 -6.68954  1.37838
 1.50972 -6.68542  1.37881
 1.51015  -6.6813  1.37924
 1.51059 -6.67719  1.37968
 1.51102 -6.67308  1.38011
 1.51145 -6.66898  1.38054
 1.51189 -6.66487  1.38098
 1.51232 -6.66077  1.38098
 1.51275 -6.65668  1.38141
 1.51319 -6.65259  1.38184
 1.51362  -6.6485  1.38228
 1.51405 -6.64441  1.38271
 1.51449 -6.64033  1.38314
 1.51492 -6.63625  1.38314
 1.51536 -6.63217  1.38358
 1.51579  -6.6281  1.38401
 1.51622 -6.62403  1.38444
 1.51666 -6.61997  1.38488
 1.51709  -6.6159  1.38531
 1.51752 -6.61185  1.38575
 1.51796 -6.60779  1.38575
 1.51839 -6.60374  1.38618
 1.51882 -6.59969  1.38661
 1.51926 -6.59564  1.38705
 1.51969  -6.5916  1.38748
 1.52012 -6.58756  1.38791
 1.52056 -6.58353  1.38791
 1.52099 -6.57949  1.38835
 1.52142 -6.57546  1.38878
 1.52186 -6.57144  1.38921
 1.52229 -6.56741  1.38965
 1.52272  -6.5634  1.39008
 1.52316 -6.55938  1.39051
 1.52359 -6.55537  1.39051
 1.52402 -6.55136  1.39095
 1.52446 -6.54735  1.39138
 1.52489 -6.54335  1.39181
 1.52533 -6.53935  1.39225
 1.52576 -6.53535  1.39268
 1.52619 -6.53136  1.39268
 1.52663 -6.52737  1.39311
 1.52706 -6.52338  1.39355
 1.52749  -6.5194  1.39398
 1.52793 -6.51542  1.39441
 1.52836 -6.51144  1.39485
 1.52879 -6.50747  1.39528
 1.52923  -6.5035  1.39528
 1.52966 -6.49953  1.39572
 1.53009 -6.49557  1.39615
 1.53053 -6.49161  1.39658
 1.53096 -6.48765  1.39702
 1.53139 -6.48369  1.39745
 1.53183 -6.47974  1.39745
 1.53226 -6.47579  1.39788
 1.53269 -6.47185  1.39832
 1.53313 -6.46791  1.39875
 1.53356 -6.46397  1.39918
 1.53399 -6.46004  1.39962
 1.53443  -6.4561  1.40005
 1.53486 -6.45217  1.40005
  1.5353 -6.44825  1.40048
 1.53573 -6.44433  1.40092
 1.53616 -6.44041  1.40135
  1.5366 -6.43649  1.40178
 1.53703 -6.43258  1.40222
 1.53746 -6.42867  1.40222
  1.5379 -6.42476  1.40265
 1.53833 -6.42086  1.40308
 1.53876 -6.41696  1.40352
  1.5392 -6.41306  1.40395
 1.53963 -6.40917  1.40438
 1.54006 -6.40528  1.40438
  1.5405 -6.40139  1.40482
 1.54093  -6.3975  1.40525
 1.54136 -6.39362  1.40569
  1.5418 -6.38975  1.40612
 1.54223 -6.38587  1.40655
 1.54266   -6.382  1.40699
  1.5431 -6.37813  1.40699
 1.54353 -6.37426  1.40742
 1.54396  -6.3704  1.40785
  1.5444 -6.36654  1.40829
 1.54483 -6.36269  1.40872
 1.54527 -6.35883  1.40915
  1.5457 -6.35498  1.40915
 1.54613 -6.35114  1.40959
 1.54657 -6.34729  1.41002
   1.547 -6.34345  1.41045
 1.54743 -6.33961  1.41089
 1.54787 -6.33578  1.41132
  1.5483 -6.33195  1.41175
 1.54873 -6.32812  1.41175
 1.54917  -6.3243  1.41219
  1.5496 -6.32047  1.41262
 1.55003 -6.31665  1.41305
 1.55047 -6.31284  1.41349
  1.5509 -6.30903  1.41392
 1.55133 -6.30522  1.41392
 1.55177 -6.30141  1.41435
  1.5522  -6.2976  1.41479
 1.55263  -6.2938  1.41522
 1.55307 -6.29001  1.41566
  1.5535 -6.28621  1.41609
 1.55393 -6.28242  1.41652
 1.55437 -6.27863  1.41652
  1.5548 -6.27485  1.41696
 1.55524 -6.27106  1.41739
 1.55567 -6.26728  1.41782
  1.5561 -6.26351  1.41826
 1.55654 -6.25974  1.41869
 1.55697 -6.25597  1.41869
  1.5574  -6.2522  1.41912
 1.55784 -6.24843  1.41956
 1.55827 -6.24467  1.41999
  1.5587 -6.24091  1.42042
 1.55914 -6.23716  1.42086
 1.55957 -6.23341  1.42086
    1.56 -6.22966  1.42129
 1.56044 -6.22591  1.42172
 1.56087 -6.22217  1.42216
  1.5613 -6.21843  1.42259
 1.56174 -6.21469  1.42302
 1.56217 -6.21096  1.42346
  1.5626 -6.20723  1.42346
 1.56304  -6.2035  1.42389
 1.56347 -6.19977  1.42432
  1.5639 -6.19605  1.42476
 1.56434 -6.19233  1.42519
 1.56477 -6.18862  1.42563
 1.56521  -6.1849  1.42563
 1.56564 -6.18119  1.42606
 1.56607 -6.17748  1.42649
 1.56651 -6.17378  1.42693
 1.56694 -6.17008  1.42736
 1.56737 -6.16638  1.42779
 1.56781 -6.16269  1.42823
 1.56824 -6.15899  1.42823
 1.56867  -6.1553  1.42866
 1.56911 -6.15162  1.42909
 1.56954 -6.14793  1.42953
 1.56997 -6.14425  1.42996
 1.57041 -6.14058  1.43039
 1.57084  -6.1369  1.43039
 1.57127 -6.13323  1.43083
 1.57171 -6.12956  1.43126
 1.57214 -6.12589  1.43169
 1.57257 -6.12223  1.43213
 1.57301 -6.11857  1.43256
 1.57344 -6.11491  1.43299
 1.57387 -6.11126  1.43299
 1.57431 -6.10761  1.43343
 1.57474 -6.10396  1.43386
 1.57518 -6.10031  1.43429
 1.57561 -6.09667  1.43473
 1.57604 -6.09303  1.43516
 1.57648 -6.08939  1.43516
 1.57691 -6.08576   1.4356
 1.57734 -6.08213  1.43603
 1.57778  -6.0785  1.43646
 1.57821 -6.07487   1.4369
 1.57864 -6.07125  1.43733
 1.57908 -6.06763  1.43733
 1.57951 -6.06401  1.43776
 1.57994  -6.0604   1.4382
 1.58038 -6.05679  1.43863
 1.58081 -6.05318  1.43906
 1.58124 -6.04958   1.4395
 1.58168 -6.04597  1.43993
 1.58211 -6.04237  1.43993
 1.58254 -6.03877  1.44036
 1.58298 -6.03518   1.4408
 1.58341 -6.03159  1.44123
 1.58384   -6.028  1.44166
 1.58428 -6.02442   1.4421
 1.58471 -6.02084  1.44253
 1.58515 -6.01725  1.44253
 1.58558 -6.01368  1.44296
 1.58601  -6.0101   1.4434
 1.58645 -6.00653  1.44383
 1.58688 -6.00296  1.44426
 1.58731  -5.9994   1.4447
 1.58775 -5.99584   1.4447
 1.58818 -5.99227  1.44513
 1.58861 -5.98872  1.44557
 1.58905 -5.98516    1.446
 1.58948 -5.98161  1.44643
 1.58991 -5.97806  1.44687
 1.59035 -5.97452  1.44687
 1.59078 -5.97097   1.4473
 1.59121 -5.96743  1.44773
 1.59165  -5.9639  1.44817
 1.59208 -5.96036   1.4486
 1.59251 -5.95683  1.44903
 1.59295  -5.9533  1.44947
 1.59338 -5.94977  1.44947
 1.59381 -5.94625   1.4499
 1.59425 -5.94273  1.45033
 1.59468 -5.93921  1.45077
 1.59512  -5.9357   1.4512
 1.59555 -5.93218  1.45163
 1.59598 -5.92867  1.45163
 1.59642 -5.92517  1.45207
 1.59685 -5.92166   1.4525
 1.59728 -5.91816  1.45293
 1.59772 -5.91466  1.45337
 1.59815 -5.91117   1.4538
 1.59858 -5.90767   1.4538
 1.59902 -5.90418  1.45423
 1.59945 -5.90069  1.45467
 1.59988 -5.89721   1.4551
 1.60032 -5.89373  1.45554
 1.60075 -5.89025  1.45597
 1.60118 -5.88677   1.4564
 1.60162  -5.8833   1.4564
 1.60205 -5.87983  1.45684
 1.60248 -5.87636  1.45727
 1.60292 -5.87289   1.4577
 1.60335 -5.86943  1.45814
 1.60378 -5.86597  1.45857
 1.60422 -5.86251  1.45857
 1.60465 -5.85906    1.459
 1.60509  -5.8556  1.45944
 1.60552 -5.85215  1.45987
 1.60595 -5.84871   1.4603
 1.60639 -5.84526  1.46074
 1.60682 -5.84182  1.46074
 1.60725 -5.83838  1.46117
 1.60769 -5.83495   1.4616
 1.60812 -5.83151  1.46204
 1.60855 -5.82808  1.46247
 1.60899 -5.82466   1.4629
 1.60942 -5.82123  1.46334
 1.60985 -5.81781  1.46334
 1.61029 -5.81439  1.46377
 1.61072 -5.81097   1.4642
 1.61115 -5.80755  1.46464
 1.61159 -5.80414  1.46507
 1.61202 -5.80073  1.46551
 1.61245 -5.79733  1.46551
 1.61289 -5.79392  1.46594
 1.61332 -5.79052  1.46637
 1.61375 -5.78712  1.46681
 1.61419 -5.78373  1.46724
 1.61462 -5.78033  1.46767
 1.61506 -5.77694  1.46811
 1.61549 -5.77356  1.46811
 1.61592 -5.77017  1.46854
 1.61636 -5.76679  1.46897
 1.61679 -5.76341  1.46941
 1.61722 -5.76003  1.46984
 1.61766 -5.75666  1.47027
 1.61809 -5.75328  1.47027
 1.61852 -5.74991  1.47071
 1.61896 -5.74655  1.47114
 1.61939 -5.74318  1.47157
 1.61982 -5.73982  1.47201
 1.62026 -5.73646  1.47244
 1.62069 -5.73311  1.47244
 1.62112 -5.72975  1.47287
 1.62156  -5.7264  1.47331
 1.62199 -5.72305  1.47374
 1.62242  -5.7197  1.47417
 1.62286 -5.71636  1.47461
 1.62329 -5.71302  1.47504
 1.62372 -5.70968  1.47504
 1.62416 -5.70635  1.47548
 1.62459 -5.70301  1.47591
 1.62503 -5.69968  1.47634
 1.62546 -5.69636  1.47678
 1.62589 -5.69303  1.47721
 1.62633 -5.68971  1.47721
 1.62676 -5.68639  1.47764
 1.62719 -5.68307  1.47808
 1.62763 -5.67975  1.47851
 1.62806 -5.67644  1.47894
 1.62849 -5.67313  1.47938
 1.62893 -5.66983  1.47981
 1.62936 -5.66652  1.47981
 1.62979 -5.66322  1.48024
 1.63023 -5.65992  1.48068
 1.63066 -5.65662  1.48111
 1.63109 -5.65333  1.48154
 1.63153 -5.65004  1.48198
 1.63196 -5.64675  1.48198
 1.63239 -5.64346  1.48241
 1.63283 -5.64017  1.48284
 1.63326 -5.63689  1.48328
 1.63369 -5.63361  1.48371
 1.63413 -5.63034  1.48414
 1.63456 -5.62706  1.48414
 1.63499 -5.62379  1.48458
 1.63543 -5.62052  1.48501
 1.63586 -5.61726  1.48545
  1.6363 -5.61399  1.48588
 1.63673 -5.61073  1.48631
 1.63716 -5.60747  1.48675
  1.6376 -5.60421  1.48675
 1.63803 -5.60096  1.48718
 1.63846 -5.59771  1.48761
  1.6389 -5.59446  1.48805
 1.63933 -5.59121  1.48848
 1.63976 -5.58797  1.48891
  1.6402 -5.58473  1.48891
 1.64063 -5.58149  1.48935
 1.64106 -5.57825  1.48978
  1.6415 -5.57502  1.49021
 1.64193 -5.57179  1.49065
 1.64236 -5.56856  1.49108
  1.6428 -5.56533  1.49151
 1.64323 -5.56211  1.49151
 1.64366 -5.55889  1.49195
  1.6441 -5.55567  1.49238
 1.64453 -5.55245  1.49281
 1.64496 -5.54924  1.49325
  1.6454 -5.54603  1.49368
 1.64583 -5.54282  1.49368
 1.64627 -5.53961  1.49411
  1.6467 -5.53641  1.49455
 1.64713  -5.5332  1.49498
 1.64757    -5.53  1.49542
   1.648 -5.52681  1.49585
 1.64843 -5.52361  1.49585
 1.64887 -5.52042  1.49628
  1.6493 -5.51723  1.49672
 1.64973 -5.51405  1.49715
 1.65017 -5.51086  1.49758
  1.6506 -5.50768  1.49802
 1.65103  -5.5045  1.49845
 1.65147 -5.50132  1.49845
  1.6519 -5.49815  1.49888
 1.65233 -5.49497  1.49932
 1.65277  -5.4918  1.49975
  1.6532 -5.48864  1.50018
 1.65363 -5.48547  1.50062
 1.65407 -5.48231  1.50062
  1.6545 -5.47915  1.50105
 1.65493 -5.47599  1.50148
 1.65537 -5.47284  1.50192
  1.6558 -5.46968  1.50235
 1.65624 -5.46653  1.50278
 1.65667 -5.46339  1.50278
  1.6571 -5.46024  1.50322
 1.65754  -5.4571  1.50365
 1.65797 -5.45395  1.50408
  1.6584 -5.45082  1.50452
 1.65884 -5.44768  1.50495
 1.65927 -5.44455  1.50539
  1.6597 -5.44142  1.50539
 1.66014 -5.43829  1.50582
 1.66057 -5.43516  1.50625
   1.661 -5.43204  1.50669
 1.66144 -5.42891  1.50712
 1.66187  -5.4258  1.50755
  1.6623 -5.42268  1.50755
 1.66274 -5.41956  1.50799
 1.66317 -5.41645  1.50842
  1.6636 -5.41334  1.50885
 1.66404 -5.41023  1.50929
 1.66447 -5.40713  1.50972
  1.6649 -5.40403  1.50972
 1.66534 -5.40093  1.51015
 1.66577 -5.39783  1.51059
 1.66621 -5.39473  1.51102
 1.66664 -5.39164  1.51145
 1.66707 -5.38855  1.51189
 1.66751 -5.38546  1.51232
 1.66794 -5.38237  1.51232
 1.66837 -5.37929  1.51275
 1.66881 -5.37621  1.51319
 1.66924 -5.37313  1.51362
 1.66967 -5.37005  1.51405
 1.67011 -5.36698  1.51449
 1.67054 -5.36391  1.51449
 1.67097 -5.36084  1.51492
 1.67141 -5.35777  1.51536
 1.67184  -5.3547  1.51579
 1.67227 -5.35164  1.51622
 1.67271 -5.34858  1.51666
 1.67314 -5.34552  1.51709
 1.67357 -5.34247  1.51709
 1.67401 -5.33941  1.51752
 1.67444 -5.33636  1.51796
 1.67487 -5.33331  1.51839
 1.67531 -5.33026  1.51882
 1.67574 -5.32722  1.51926
 1.67618 -5.32418  1.51926
 1.67661 -5.32114  1.51969
 1.67704  -5.3181  1.52012
 1.67748 -5.31507  1.52056
 1.67791 -5.31203  1.52099
 1.67834   -5.309  1.52142
 1.67878 -5.30598  1.52142
 1.67921 -5.30295  1.52186
 1.67964 -5.29993  1.52229
 1.68008  -5.2969  1.52272
 1.68051 -5.29389  1.52316
 1.68094 -5.29087  1.52359
 1.68138 -5.28786  1.52402
 1.68181 -5.28484  1.52402
 1.68224 -5.28183  1.52446
 1.68268 -5.27882  1.52489
 1.68311 -5.27582  1.52533
 1.68354 -5.27282  1.52576
 1.68398 -5.26982  1.52619
 1.68441 -5.26682  1.52619
 1.68484 -5.26382  1.52663
 1.68528 -5.26083  1.52706
 1.68571 -5.25783  1.52749
 1.68615 -5.25485  1.52793
 1.68658 -5.25186  1.52836
 1.68701 -5.24887  1.52836
 1.68745 -5.24589  1.52879
 1.68788 -5.24291  1.52923
 1.68831 -5.23993  1.52966
 1.68875 -5.23696  1.53009
 1.68918 -5.23398  1.53053
 1.68961 -5.23101  1.53096
 1.69005 -5.22804  1.53096
 1.69048 -5.22508  1.53139
 1.69091 -5.22211  1.53183
 1.69135 -5.21915  1.53226
 1.69178 -5.21619  1.53269
 1.69221 -5.21323  1.53313
 1.69265 -5.21027  1.53313
 1.69308 -5.20732  1.53356
 1.69351 -5.20437  1.53399
 1.69395 -5.20142  1.53443
 1.69438 -5.19847  1.53486
 1.69481 -5.19553   1.5353
 1.69525 -5.19259  1.53573
 1.69568 -5.18965  1.53573
 1.69612 -5.18671  1.53616
 1.69655 -5.18377   1.5366
 1.69698 -5.18084  1.53703
 1.69742 -5.17791  1.53746
 1.69785 -5.17498   1.5379
 1.69828 -5.17205   1.5379
 1.69872 -5.16912  1.53833
 1.69915  -5.1662  1.53876
 1.69958 -5.16328   1.5392
 1.70002 -5.16036  1.53963
 1.70045 -5.15745  1.54006
 1.70088 -5.15453  1.54006
 1.70132 -5.15162   1.5405
 1.70175 -5.14871  1.54093
 1.70218  -5.1458  1.54136
 1.70262  -5.1429   1.5418
 1.70305    -5.14  1.54223
 1.70348  -5.1371  1.54266
 1.70392  -5.1342  1.54266
 1.70435  -5.1313   1.5431
 1.70478 -5.12841  1.54353
 1.70522 -5.12551  1.54396
 1.70565 -5.12262   1.5444
 1.70609 -5.11974  1.54483
 1.70652 -5.11685  1.54483
 1.70695 -5.11397  1.54527
 1.70739 -5.11109   1.5457
 1.70782 -5.10821  1.54613
 1.70825 -5.10533  1.54657
 1.70869 -5.10246    1.547
 1.70912 -5.09958    1.547
 1.70955 -5.09671  1.54743
 1.70999 -5.09384  1.54787
 1.71042 -5.09098   1.5483
 1.71085 -5.08811  1.54873
 1.71129 -5.08525  1.54917
 1.71172 -5.08239   1.5496
 1.71215 -5.07953   1.5496
 1.71259 -5.07668  1.55003
 1.71302 -5.07382  1.55047
 1.71345 -5.07097   1.5509
 1.71389 -5.06812  1.55133
 1.71432 -5.06528  1.55177
 1.71475 -5.06243  1.55177
 1.71519 -5.05959   1.5522
 1.71562 -5.05675  1.55263
 1.71606 -5.05391  1.55307
 1.71649 -5.05107   1.5535
 1.71692 -5.04824  1.55393
 1.71736 -5.04541  1.55393
 1.71779 -5.04258  1.55437
 1.71822 -5.03975   1.5548
 1.71866 -5.03692  1.55524
 1.71909  -5.0341  1.55567
 1.71952 -5.03128   1.5561
 1.71996 -5.02846  1.55654
 1.72039 -5.02564  1.55654
 1.72082 -5.02282  1.55697
 1.72126 -5.02001   1.5574
 1.72169  -5.0172  1.55784
 1.72212 -5.01439  1.55827
 1.72256 -5.01158   1.5587
 1.72299 -5.00878   1.5587
 1.72342 -5.00597  1.55914
 1.72386 -5.00317  1.55957
 1.72429 -5.00037     1.56
 1.72472 -4.99758  1.56044
 1.72516 -4.99478  1.56087
 1.72559 -4.99199  1.56087
 1.72603  -4.9892   1.5613
 1.72646 -4.98641  1.56174
 1.72689 -4.98363  1.56217
 1.72733 -4.98084   1.5626
 1.72776 -4.97806  1.56304
 1.72819 -4.97528  1.56347
 1.72863  -4.9725  1.56347
 1.72906 -4.96972   1.5639
 1.72949 -4.96695  1.56434
 1.72993 -4.96418  1.56477
 1.73036 -4.96141  1.56521
 1.73079 -4.95864  1.56564
 1.73123 -4.95588  1.56564
 1.73166 -4.95311  1.56607
 1.73209 -4.95035  1.56651
 1.73253 -4.94759  1.56694
 1.73296 -4.94483  1.56737
 1.73339 -4.94208  1.56781
 1.73383 -4.93932  1.56781
 1.73426 -4.93657  1.56824
 1.73469 -4.93382  1.56867
 1.73513 -4.93107  1.56911
 1.73556 -4.92833  1.56954
   1.736 -4.92559  1.56997
 1.73643 -4.92285  1.57041
 1.73686 -4.92011  1.57041
  1.7373 -4.91737  1.57084
 1.73773 -4.91463  1.57127
 1.73816  -4.9119  1.57171
  1.7386 -4.90917  1.57214
 1.73903 -4.90644  1.57257
 1.73946 -4.90371  1.57257
  1.7399 -4.90099  1.57301
 1.74033 -4.89826  1.57344
 1.74076 -4.89554  1.57387
  1.7412 -4.89282  1.57431
 1.74163 -4.89011  1.57474
 1.74206 -4.88739  1.57474
  1.7425 -4.88468  1.57518
 1.74293 -4.88197  1.57561
 1.74336 -4.87926  1.57604
  1.7438 -4.87655  1.57648
 1.74423 -4.87384  1.57691
 1.74466 -4.87114  1.57734
  1.7451 -4.86844  1.57734
 1.74553 -4.86574  1.57778
 1.74597 -4.86304  1.57821
  1.7464 -4.86035  1.57864
 1.74683 -4.85765  1.57908
 1.74727 -4.85496  1.57951
  1.7477 -4.85227  1.57951
 1.74813 -4.84959  1.57994
 1.74857  -4.8469  1.58038
   1.749 -4.84422  1.58081
 1.74943 -4.84154  1.58124
 1.74987 -4.83886  1.58168
  1.7503 -4.83618  1.58168
 1.75073  -4.8335  1.58211
 1.75117 -4.83083  1.58254
  1.7516 -4.82816  1.58298
 1.75203 -4.82549  1.58341
 1.75247 -4.82282  1.58384
  1.7529 -4.82016  1.58428
 1.75333 -4.81749  1.58428
 1.75377 -4.81483  1.58471
  1.7542 -4.81217  1.58515
 1.75463 -4.80951  1.58558
 1.75507 -4.80686  1.58601
  1.7555  -4.8042  1.58645
 1.75594 -4.80155  1.58645
 1.75637  -4.7989  1.58688
  1.7568 -4.79625  1.58731
 1.75724  -4.7936  1.58775
 1.75767 -4.79096  1.58818
  1.7581 -4.78832  1.58861
 1.75854 -4.78568  1.58861
 1.75897 -4.78304  1.58905
  1.7594  -4.7804  1.58948
 1.75984 -4.77777  1.58991
 1.76027 -4.77513  1.59035
  1.7607  -4.7725  1.59078
 1.76114 -4.76988  1.59121
 1.76157 -4.76725  1.59121
   1.762 -4.76462  1.59165
 1.76244   -4.762  1.59208
 1.76287 -4.75938  1.59251
  1.7633 -4.75676  1.59295
 1.76374 -4.75414  1.59338
 1.76417 -4.75153  1.59338
  1.7646 -4.74891  1.59381
 1.76504  -4.7463  1.59425
 1.76547 -4.74369  1.59468
 1.76591 -4.74108  1.59512
 1.76634 -4.73848  1.59555
 1.76677 -4.73587  1.59598
 1.76721 -4.73327  1.59598
 1.76764 -4.73067  1.59642
 1.76807 -4.72807  1.59685
 1.76851 -4.72547  1.59728
 1.76894 -4.72288  1.59772
 1.76937 -4.72029  1.59815
 1.76981  -4.7177  1.59815
 1.77024 -4.71511  1.59858
 1.77067 -4.71252  1.59902
 1.77111 -4.70993  1.59945
 1.77154 -4.70735  1.59988
 1.77197 -4.70477  1.60032
 1.77241 -4.70219  1.60032
 1.77284 -4.69961  1.60075
 1.77327 -4.69704  1.60118
 1.77371 -4.69446  1.60162
 1.77414 -4.69189  1.60205
 1.77457 -4.68932  1.60248
 1.77501 -4.68675  1.60292
 1.77544 -4.68419  1.60292
 1.77588 -4.68162  1.60335
 1.77631 -4.67906  1.60378
 1.77674  -4.6765  1.60422
 1.77718 -4.67394  1.60465
 1.77761 -4.67138  1.60509
 1.77804 -4.66882  1.60509
 1.77848 -4.66627  1.60552
 1.77891 -4.66372  1.60595
 1.77934 -4.66117  1.60639
 1.77978 -4.65862  1.60682
 1.78021 -4.65608  1.60725
 1.78064 -4.65353  1.60725
 1.78108 -4.65099  1.60769
 1.78151 -4.64845  1.60812
 1.78194 -4.64591  1.60855
 1.78238 -4.64337  1.60899
 1.78281 -4.64084  1.60942
 1.78324  -4.6383  1.60985
 1.78368 -4.63577  1.60985
 1.78411 -4.63324  1.61029
 1.78454 -4.63071  1.61072
 1.78498 -4.62819  1.61115
 1.78541 -4.62566  1.61159
 1.78585 -4.62314  1.61202
 1.78628 -4.62062  1.61202
 1.78671  -4.6181  1.61245
 1.78715 -4.61559  1.61289
 1.78758 -4.61307  1.61332
 1.78801 -4.61056  1.61375
 1.78845 -4.60805  1.61419
 1.78888 -4.60554  1.61419
 1.78931 -4.60303  1.61462
 1.78975 -4.60052  1.61506
 1.79018 -4.59802  1.61549
 1.79061 -4.59552  1.61592
 1.79105 -4.59302  1.61636
 1.79148 -4.59052  1.61679
 1.79191 -4.58802  1.61679
 1.79235 -4.58553  1.61722
 1.79278 -4.58303  1.61766
 1.79321 -4.58054  1.61809
 1.79365 -4.57805  1.61852
 1.79408 -4.57556  1.61896
 1.79451 -4.57308  1.61896
 1.79495 -4.57059  1.61939
 1.79538 -4.56811  1.61982
 1.79582 -4.56563  1.62026
 1.79625 -4.56315  1.62069
 1.79668 -4.56067  1.62112
 1.79712  -4.5582  1.62112
 1.79755 -4.55572  1.62156
 1.79798 -4.55325  1.62199
 1.79842 -4.55078  1.62242
 1.79885 -4.54831  1.62286
 1.79928 -4.54585  1.62329
 1.79972 -4.54338  1.62329
 1.80015 -4.54092  1.62372
 1.80058 -4.53846  1.62416
 1.80102   -4.536  1.62459
 1.80145 -4.53354  1.62503
 1.80188 -4.53108  1.62546
 1.80232 -4.52863  1.62589
 1.80275 -4.52618  1.62589
 1.80318 -4.52373  1.62633
 1.80362 -4.52128  1.62676
 1.80405 -4.51883  1.62719
 1.80448 -4.51638  1.62763
 1.80492 -4.51394  1.62806
 1.80535  -4.5115  1.62806
 1.80579 -4.50906  1.62849
 1.80622 -4.50662  1.62893
 1.80665 -4.50418  1.62936
 1.80709 -4.50175  1.62979
 1.80752 -4.49932  1.63023
 1.80795 -4.49688  1.63023
 1.80839 -4.49445  1.63066
 1.80882 -4.49203  1.63109
 1.80925  -4.4896  1.63153
 1.80969 -4.48717  1.63196
 1.81012 -4.48475  1.63239
 1.81055 -4.48233  1.63283
 1.81099 -4.47991  1.63283
 1.81142 -4.47749  1.63326
 1.81185 -4.47508  1.63369
 1.81229 -4.47266  1.63413
 1.81272 -4.47025  1.63456
 1.81315 -4.46784  1.63499
 1.81359 -4.46543  1.63499
 1.81402 -4.46302  1.63543
 1.81445 -4.46062  1.63586
 1.81489 -4.45822   1.6363
 1.81532 -4.45581  1.63673
 1.81576 -4.45341  1.63716
 1.81619 -4.45101  1.63716
 1.81662 -4.44862   1.6376
 1.81706 -4.44622  1.63803
 1.81749 -4.44383  1.63846
 1.81792 -4.44144   1.6389
 1.81836 -4.43905  1.63933
 1.81879 -4.43666  1.63976
 1.81922 -4.43427  1.63976
 1.81966 -4.43189   1.6402
 1.82009  -4.4295  1.64063
 1.82052 -4.42712  1.64106
 1.82096 -4.42474   1.6415
 1.82139 -4.42236  1.64193
 1.82182 -4.41999  1.64193
 1.82226 -4.41761  1.64236
 1.82269 -4.41524   1.6428
 1.82312 -4.41287  1.64323
 1.82356  -4.4105  1.64366
 1.82399 -4.40813   1.6441
 1.82442 -4.40576   1.6441
 1.82486  -4.4034  1.64453
 1.82529 -4.40103  1.64496
 1.82573 -4.39867   1.6454
 1.82616 -4.39631  1.64583
 1.82659 -4.39396  1.64627
 1.82703  -4.3916   1.6467
 1.82746 -4.38924   1.6467
 1.82789 -4.38689  1.64713
 1.82833 -4.38454  1.64757
 1.82876 -4.38219    1.648
 1.82919 -4.37984  1.64843
 1.82963  -4.3775  1.64887
 1.83006 -4.37515  1.64887
 1.83049 -4.37281   1.6493
 1.83093 -4.37047  1.64973
 1.83136 -4.36813  1.65017
 1.83179 -4.36579   1.6506
 1.83223 -4.36345  1.65103
 1.83266 -4.36112  1.65103
 1.83309 -4.35878  1.65147
 1.83353 -4.35645   1.6519
 1.83396 -4.35412  1.65233
 1.83439 -4.35179  1.65277
 1.83483 -4.34947   1.6532
 1.83526 -4.34714   1.6532
  1.8357 -4.34482  1.65363
 1.83613  -4.3425  1.65407
 1.83656 -4.34018   1.6545
   1.837 -4.33786  1.65493
 1.83743 -4.33554  1.65537
 1.83786 -4.33323   1.6558
  1.8383 -4.33092   1.6558
 1.83873  -4.3286  1.65624
 1.83916 -4.32629  1.65667
  1.8396 -4.32398   1.6571
 1.84003 -4.32168  1.65754
 1.84046 -4.31937  1.65797
  1.8409 -4.31707  1.65797
 1.84133 -4.31477   1.6584
 1.84176 -4.31247  1.65884
  1.8422 -4.31017  1.65927
 1.84263 -4.30787   1.6597
 1.84306 -4.30558  1.66014
  1.8435 -4.30328  1.66014
 1.84393 -4.30099  1.66057
 1.84436  -4.2987    1.661
  1.8448 -4.29641  1.66144
 1.84523 -4.29412  1.66187
 1.84567 -4.29184   1.6623
  1.8461 -4.28955  1.66274
 1.84653 -4.28727  1.66274
 1.84697 -4.28499  1.66317
  1.8474 -4.28271   1.6636
 1.84783 -4.28043  1.66404
 1.84827 -4.27816  1.66447
  1.8487 -4.27588   1.6649
 1.84913 -4.27361   1.6649
 1.84957 -4.27134  1.66534
    1.85 -4.26907  1.66577