 kgrid  ValNew  Policy 
    0.55 -38.3985 0.562137
0.550433 -38.3416 0.562137
0.550867  -38.285 0.562571
  0.5513 -38.2285 0.563004
0.551734 -38.1722 0.563004
0.552167 -38.1161 0.563438
0.552601 -38.0601 0.563871
0.553034 -38.0043 0.563871
0.553468 -37.9486 0.564305
0.553901 -37.8931 0.564738
0.554335 -37.8377 0.564738
0.554768 -37.7825 0.565172
0.555202 -37.7275 0.565605
0.555635 -37.6726 0.565605
0.556069 -37.6178 0.566039
0.556502 -37.5633 0.566472
0.556936 -37.5089 0.566906
0.557369 -37.4546 0.566906
0.557803 -37.4004 0.567339
0.558236 -37.3464 0.567773
 0.55867 -37.2926 0.567773
0.559103 -37.2388 0.568206
0.559537 -37.1852  0.56864
 0.55997 -37.1318 0.569073
0.560403 -37.0785 0.569073
0.560837 -37.0253 0.569507
 0.56127 -36.9722  0.56994
0.561704 -36.9194 0.570373
0.562137 -36.8666 0.570373
0.562571 -36.8139 0.570807
0.563004 -36.7614  0.57124
0.563438 -36.7091 0.571674
0.563871 -36.6568 0.571674
0.564305 -36.6047 0.572107
0.564738 -36.5527 0.572541
0.565172 -36.5009 0.572541
0.565605 -36.4492 0.572974
0.566039 -36.3976 0.573408
0.566472 -36.3461 0.573841
0.566906 -36.2948 0.573841
0.567339 -36.2436 0.574275
0.567773 -36.1925 0.574708
0.568206 -36.1416 0.575142
 0.56864 -36.0908 0.575142
0.569073 -36.0401 0.575575
0.569507 -35.9895 0.576009
 0.56994 -35.9391 0.576442
0.570373 -35.8888 0.576442
0.570807 -35.8385 0.576876
 0.57124 -35.7885 0.577309
0.571674 -35.7386 0.577309
0.572107 -35.6887 0.577743
0.572541  -35.639 0.578176
0.572974 -35.5895  0.57861
0.573408   -35.54  0.57861
0.573841 -35.4907 0.579043
0.574275 -35.4414 0.579476
0.574708 -35.3924  0.57991
0.575142 -35.3434  0.57991
0.575575 -35.2945 0.580343
0.576009 -35.2458 0.580777
0.576442 -35.1972  0.58121
0.576876 -35.1487  0.58121
0.577309 -35.1003 0.581644
0.577743  -35.052 0.582077
0.578176 -35.0039 0.582511
 0.57861 -34.9559 0.582511
0.579043 -34.9079 0.582944
0.579476 -34.8601 0.583378
 0.57991 -34.8124 0.583811
0.580343 -34.7649 0.583811
0.580777 -34.7173 0.584245
 0.58121 -34.6699 0.584678
0.581644 -34.6226 0.585112
0.582077 -34.5754 0.585545
0.582511 -34.5284 0.585545
0.582944 -34.4813 0.585979
0.583378 -34.4344 0.586412
0.583811 -34.3876 0.586846
0.584245 -34.3409 0.587279
0.584678 -34.2943 0.587279
0.585112 -34.2478 0.587713
0.585545 -34.2014 0.588146
0.585979 -34.1551  0.58858
0.586412 -34.1088 0.589013
0.586846 -34.0627 0.589013
0.587279 -34.0166 0.589446
0.587713 -33.9707  0.58988
0.588146 -33.9248 0.590313
 0.58858 -33.8791 0.590747
0.589013 -33.8335 0.590747
0.589446 -33.7879  0.59118
 0.58988 -33.7424 0.591614
0.590313  -33.697 0.592047
0.590747 -33.6517 0.592481
 0.59118 -33.6065 0.592914
0.591614 -33.5614 0.592914
0.592047 -33.5164 0.593348
0.592481 -33.4714 0.593781
0.592914 -33.4266 0.594215
0.593348 -33.3819 0.594648
0.593781 -33.3372 0.594648
0.594215 -33.2926 0.595082
0.594648 -33.2481 0.595515
0.595082 -33.2038 0.595949
0.595515 -33.1595 0.596382
0.595949 -33.1153 0.596382
0.596382 -33.0711 0.596816
0.596816 -33.0271 0.597249
0.597249 -32.9832 0.597683
0.597683 -32.9393 0.598116
0.598116 -32.8956 0.598116
 0.59855 -32.8519  0.59855
0.598983 -32.8083 0.598983
0.599416 -32.7648 0.599416
 0.59985 -32.7213  0.59985
0.600283  -32.678  0.59985
0.600717 -32.6348 0.600283
 0.60115 -32.5916 0.600717
0.601584 -32.5485  0.60115
0.602017 -32.5055 0.601584
0.602451 -32.4626 0.602017
0.602884 -32.4198 0.602017
0.603318  -32.377 0.602451
0.603751 -32.3344 0.602884
0.604185 -32.2918 0.603318
0.604618 -32.2493 0.603751
0.605052 -32.2069 0.603751
0.605485 -32.1646 0.604185
0.605919 -32.1223 0.604618
0.606352 -32.0802 0.605052
0.606786 -32.0381 0.605485
0.607219 -31.9961 0.605919
0.607653 -31.9542 0.605919
0.608086 -31.9124 0.606352
 0.60852 -31.8706 0.606786
0.608953 -31.8289 0.607219
0.609386 -31.7874 0.607653
 0.60982 -31.7458 0.607653
0.610253 -31.7044 0.608086
0.610687  -31.663  0.60852
 0.61112 -31.6218 0.608953
0.611554 -31.5806 0.609386
0.611987 -31.5395 0.609386
0.612421 -31.4984  0.60982
0.612854 -31.4575 0.610253
0.613288 -31.4166 0.610687
0.613721 -31.3758  0.61112
0.614155 -31.3351 0.611554
0.614588 -31.2944 0.611554
0.615022 -31.2538 0.611987
0.615455 -31.2133 0.612421
0.615889 -31.1729 0.612854
0.616322 -31.1326 0.613288
0.616756 -31.0923 0.613288
0.617189 -31.0521 0.613721
0.617623  -31.012 0.614155
0.618056  -30.972 0.614588
0.618489  -30.932 0.615022
0.618923 -30.8922 0.615455
0.619356 -30.8524 0.615455
 0.61979 -30.8126 0.615889
0.620223 -30.7729 0.616322
0.620657 -30.7334 0.616756
 0.62109 -30.6939 0.617189
0.621524 -30.6544 0.617189
0.621957 -30.6151 0.617623
0.622391 -30.5758 0.618056
0.622824 -30.5365 0.618489
0.623258 -30.4974 0.618923
0.623691 -30.4583 0.619356
0.624125 -30.4193 0.619356
0.624558 -30.3804  0.61979
0.624992 -30.3415 0.620223
0.625425 -30.3028 0.620657
0.625859 -30.2641  0.62109
0.626292 -30.2254  0.62109
0.626726 -30.1868 0.621524
0.627159 -30.1483 0.621957
0.627593 -30.1099 0.622391
0.628026 -30.0715 0.622824
0.628459 -30.0333 0.623258
0.628893 -29.9951 0.623258
0.629326 -29.9569 0.623691
 0.62976 -29.9188 0.624125
0.630193 -29.8808 0.624558
0.630627 -29.8429 0.624992
 0.63106  -29.805 0.625425
0.631494 -29.7672 0.625425
0.631927 -29.7295 0.625859
0.632361 -29.6918 0.626292
0.632794 -29.6542 0.626726
0.633228 -29.6167 0.627159
0.633661 -29.5792 0.627593
0.634095 -29.5418 0.627593
0.634528 -29.5045 0.628026
0.634962 -29.4672 0.628459
0.635395   -29.43 0.628893
0.635829 -29.3929 0.629326
0.636262 -29.3558  0.62976
0.636696 -29.3188  0.62976
0.637129 -29.2819 0.630193
0.637563  -29.245 0.630627
0.637996 -29.2083  0.63106
0.638429 -29.1715 0.631494
0.638863 -29.1349 0.631494
0.639296 -29.0983 0.631927
 0.63973 -29.0617 0.632361
0.640163 -29.0253 0.632794
0.640597 -28.9889 0.633228
 0.64103 -28.9525 0.633661
0.641464 -28.9163 0.633661
0.641897   -28.88 0.634095
0.642331 -28.8439 0.634528
0.642764 -28.8078 0.634962
0.643198 -28.7718 0.635395
0.643631 -28.7359 0.635829
0.644065    -28.7 0.635829
0.644498 -28.6642 0.636262
0.644932 -28.6284 0.636696
0.645365 -28.5927 0.637129
0.645799 -28.5571 0.637563
0.646232 -28.5215 0.637996
0.646666  -28.486 0.637996
0.647099 -28.4505 0.638429
0.647533 -28.4152 0.638863
0.647966 -28.3798 0.639296
0.648399 -28.3446  0.63973
0.648833 -28.3094 0.640163
0.649266 -28.2743 0.640163
  0.6497 -28.2392 0.640597
0.650133 -28.2042  0.64103
0.650567 -28.1692 0.641464
   0.651 -28.1343 0.641897
0.651434 -28.0995 0.641897
0.651867 -28.0647 0.642331
0.652301   -28.03 0.642764
0.652734 -27.9953 0.643198
0.653168 -27.9608 0.643631
0.653601 -27.9262 0.644065
0.654035 -27.8918 0.644065
0.654468 -27.8573 0.644498
0.654902  -27.823 0.644932
0.655335 -27.7887 0.645365
0.655769 -27.7544 0.645799
0.656202 -27.7203 0.646232
0.656636 -27.6862 0.646232
0.657069 -27.6521 0.646666
0.657503 -27.6181 0.647099
0.657936 -27.5841 0.647533
0.658369 -27.5503 0.647966
0.658803 -27.5164 0.648399
0.659236 -27.4827 0.648399
 0.65967 -27.4489 0.648833
0.660103 -27.4153 0.649266
0.660537 -27.3817   0.6497
 0.66097 -27.3482 0.650133
0.661404 -27.3147 0.650567
0.661837 -27.2813 0.650567
0.662271 -27.2479    0.651
0.662704 -27.2146 0.651434
0.663138 -27.1813 0.651867
0.663571 -27.1481 0.652301
0.664005  -27.115 0.652734
0.664438 -27.0819 0.652734
0.664872 -27.0489 0.653168
0.665305 -27.0159 0.653601
0.665739  -26.983 0.654035
0.666172 -26.9501 0.654468
0.666606 -26.9173 0.654902
0.667039 -26.8846 0.654902
0.667472 -26.8519 0.655335
0.667906 -26.8192 0.655769
0.668339 -26.7866 0.656202
0.668773 -26.7541 0.656636
0.669206 -26.7217 0.657069
 0.66964 -26.6892 0.657069
0.670073 -26.6569 0.657503
0.670507 -26.6246 0.657936
 0.67094 -26.5923 0.658369
0.671374 -26.5601 0.658803
0.671807  -26.528 0.659236
0.672241 -26.4959 0.659236
0.672674 -26.4638  0.65967
0.673108 -26.4318 0.660103
0.673541 -26.3999 0.660537
0.673975  -26.368  0.66097
0.674408 -26.3362 0.661404
0.674842 -26.3045 0.661404
0.675275 -26.2727 0.661837
0.675709  -26.241 0.662271
0.676142 -26.2094 0.662704
0.676576 -26.1779 0.663138
0.677009 -26.1464 0.663571
0.677442 -26.1149 0.663571
0.677876 -26.0835 0.664005
0.678309 -26.0522 0.664438
0.678743 -26.0209 0.664872
0.679176 -25.9896 0.665305
 0.67961 -25.9584 0.665739
0.680043 -25.9273 0.665739
0.680477 -25.8962 0.666172
 0.68091 -25.8652 0.666606
0.681344 -25.8342 0.667039
0.681777 -25.8032 0.667472
0.682211 -25.7724 0.667906
0.682644 -25.7415 0.667906
0.683078 -25.7107 0.668339
0.683511   -25.68 0.668773
0.683945 -25.6493 0.669206
0.684378 -25.6187  0.66964
0.684812 -25.5881 0.670073
0.685245 -25.5576 0.670073
0.685679 -25.5271 0.670507
0.686112 -25.4967  0.67094
0.686546 -25.4663 0.671374
0.686979  -25.436 0.671807
0.687412 -25.4057 0.672241
0.687846 -25.3755 0.672241
0.688279 -25.3453 0.672674
0.688713 -25.3152 0.673108
0.689146 -25.2851 0.673541
 0.68958 -25.2551 0.673975
0.690013 -25.2251 0.674408
0.690447 -25.1952 0.674408
 0.69088 -25.1653 0.674842
0.691314 -25.1354 0.675275
0.691747 -25.1056 0.675709
0.692181 -25.0759 0.676142
0.692614 -25.0462 0.676576
0.693048 -25.0166 0.676576
0.693481  -24.987 0.677009
0.693915 -24.9575 0.677442
0.694348  -24.928 0.677876
0.694782 -24.8985 0.678309
0.695215 -24.8691 0.678743
0.695649 -24.8398 0.678743
0.696082 -24.8105 0.679176
0.696516 -24.7812  0.67961
0.696949  -24.752 0.680043
0.697382 -24.7228 0.680477
0.697816 -24.6937  0.68091
0.698249 -24.6647  0.68091
0.698683 -24.6357 0.681344
0.699116 -24.6067 0.681777
 0.69955 -24.5777 0.682211
0.699983 -24.5489 0.682644
0.700417 -24.5201 0.683078
 0.70085 -24.4913 0.683078
0.701284 -24.4625 0.683511
0.701717 -24.4338 0.683945
0.702151 -24.4052 0.684378
0.702584 -24.3766 0.684812
0.703018 -24.3481 0.685245
0.703451 -24.3195 0.685245
0.703885 -24.2911 0.685679
0.704318 -24.2627 0.686112
0.704752 -24.2343 0.686546
0.705185  -24.206 0.686979
0.705619 -24.1777 0.687412
0.706052 -24.1495 0.687412
0.706485 -24.1213 0.687846
0.706919 -24.0931 0.688279
0.707352  -24.065 0.688713
0.707786  -24.037 0.689146
0.708219  -24.009  0.68958
0.708653  -23.981  0.68958
0.709086 -23.9531 0.690013
 0.70952 -23.9252 0.690447
0.709953 -23.8974  0.69088
0.710387 -23.8696 0.691314
 0.71082 -23.8419 0.691747
0.711254 -23.8142 0.691747
0.711687 -23.7865 0.692181
0.712121 -23.7589 0.692614
0.712554 -23.7314 0.693048
0.712988 -23.7038 0.693481
0.713421 -23.6764 0.693915
0.713855 -23.6489 0.693915
0.714288 -23.6215 0.694348
0.714722 -23.5942 0.694782
0.715155 -23.5669 0.695215
0.715589 -23.5396 0.695649
0.716022 -23.5124 0.696082
0.716455 -23.4853 0.696082
0.716889 -23.4581 0.696516
0.717322  -23.431 0.696949
0.717756  -23.404 0.697382
0.718189  -23.377 0.697816
0.718623 -23.3501 0.698249
0.719056 -23.3231 0.698249
 0.71949 -23.2963 0.698683
0.719923 -23.2694 0.699116
0.720357 -23.2426  0.69955
 0.72079 -23.2159 0.699983
0.721224 -23.1892 0.700417
0.721657 -23.1626 0.700417
0.722091 -23.1359  0.70085
0.722524 -23.1093 0.701284
0.722958 -23.0828 0.701717
0.723391 -23.0563 0.702151
0.723825 -23.0299 0.702584
0.724258 -23.0035 0.702584
0.724692 -22.9771 0.703018
0.725125 -22.9508 0.703451
0.725559 -22.9245 0.703885
0.725992 -22.8982 0.704318
0.726425  -22.872 0.704752
0.726859 -22.8459 0.704752
0.727292 -22.8197 0.705185
0.727726 -22.7937 0.705619
0.728159 -22.7676 0.706052
0.728593 -22.7416 0.706485
0.729026 -22.7157 0.706919
 0.72946 -22.6898 0.706919
0.729893 -22.6639 0.707352
0.730327  -22.638 0.707786
 0.73076 -22.6123 0.708219
0.731194 -22.5865 0.708653
0.731627 -22.5608 0.709086
0.732061 -22.5351 0.709086
0.732494 -22.5095  0.70952
0.732928 -22.4839 0.709953
0.733361 -22.4583 0.710387
0.733795 -22.4328  0.71082
0.734228 -22.4073 0.711254
0.734662 -22.3819 0.711254
0.735095 -22.3565 0.711687
0.735529 -22.3311 0.712121
0.735962 -22.3058 0.712554
0.736395 -22.2805 0.712988
0.736829 -22.2553 0.713421
0.737262 -22.2301 0.713421
0.737696 -22.2049 0.713855
0.738129 -22.1798 0.714288
0.738563 -22.1547 0.714722
0.738996 -22.1297 0.715155
 0.73943 -22.1047 0.715589
0.739863 -22.0797 0.715589
0.740297 -22.0548 0.716022
 0.74073 -22.0299 0.716455
0.741164  -22.005 0.716889
0.741597 -21.9802 0.717322
0.742031 -21.9554 0.717756
0.742464 -21.9307 0.717756
0.742898  -21.906 0.718189
0.743331 -21.8813 0.718623
0.743765 -21.8567 0.719056
0.744198 -21.8321  0.71949
0.744632 -21.8076 0.719923
0.745065 -21.7831 0.719923
0.745498 -21.7586 0.720357
0.745932 -21.7341  0.72079
0.746365 -21.7097 0.721224
0.746799 -21.6854 0.721657
0.747232 -21.6611 0.722091
0.747666 -21.6368 0.722091
0.748099 -21.6125 0.722524
0.748533 -21.5883 0.722958
0.748966 -21.5641 0.723391
  0.7494   -21.54 0.723825
0.749833 -21.5159 0.724258
0.750267 -21.4918 0.724258
  0.7507 -21.4678 0.724692
0.751134 -21.4438 0.725125
0.751567 -21.4198 0.725559
0.752001 -21.3959 0.725992
0.752434 -21.3721 0.726425
0.752868 -21.3482 0.726425
0.753301 -21.3244 0.726859
0.753735 -21.3006 0.727292
0.754168 -21.2769 0.727726
0.754602 -21.2532 0.728159
0.755035 -21.2295 0.728593
0.755468 -21.2059 0.728593
0.755902 -21.1823 0.729026
0.756335 -21.1587  0.72946
0.756769 -21.1352 0.729893
0.757202 -21.1117 0.730327
0.757636 -21.0883  0.73076
0.758069 -21.0649  0.73076
0.758503 -21.0415 0.731194
0.758936 -21.0181 0.731627
 0.75937 -20.9948 0.732061
0.759803 -20.9716 0.732494
0.760237 -20.9483 0.732928
 0.76067 -20.9251 0.732928
0.761104 -20.9019 0.733361
0.761537 -20.8788 0.733795
0.761971 -20.8557 0.734228
0.762404 -20.8326 0.734662
0.762838 -20.8096 0.734662
0.763271 -20.7866 0.735095
0.763705 -20.7637 0.735529
0.764138 -20.7407 0.735962
0.764572 -20.7178 0.736395
0.765005  -20.695 0.736829
0.765438 -20.6722 0.736829
0.765872 -20.6494 0.737262
0.766305 -20.6266 0.737696
0.766739 -20.6039 0.738129
0.767172 -20.5812 0.738563
0.767606 -20.5586 0.738996
0.768039 -20.5359 0.738996
0.768473 -20.5134  0.73943
0.768906 -20.4908 0.739863
 0.76934 -20.4683 0.740297
0.769773 -20.4458  0.74073
0.770207 -20.4234 0.741164
 0.77064 -20.4009 0.741164
0.771074 -20.3786 0.741597
0.771507 -20.3562 0.742031
0.771941 -20.3339 0.742464
0.772374 -20.3116 0.742898
0.772808 -20.2894 0.743331
0.773241 -20.2672 0.743331
0.773675  -20.245 0.743765
0.774108 -20.2228 0.744198
0.774542 -20.2007 0.744632
0.774975 -20.1786 0.745065
0.775408 -20.1566 0.745498
0.775842 -20.1345 0.745498
0.776275 -20.1126 0.745932
0.776709 -20.0906 0.746365
0.777142 -20.0687 0.746799
0.777576 -20.0468 0.747232
0.778009 -20.0249 0.747666
0.778443 -20.0031 0.747666
0.778876 -19.9813 0.748099
 0.77931 -19.9596 0.748533
0.779743 -19.9378 0.748966
0.780177 -19.9161   0.7494
 0.78061 -19.8945 0.749833
0.781044 -19.8729 0.749833
0.781477 -19.8513 0.750267
0.781911 -19.8297   0.7507
0.782344 -19.8082 0.751134
0.782778 -19.7867 0.751567
0.783211 -19.7652 0.752001
0.783645 -19.7438 0.752001
0.784078 -19.7223 0.752434
0.784512  -19.701 0.752868
0.784945 -19.6796 0.753301
0.785378 -19.6583 0.753735
0.785812  -19.637 0.754168
0.786245 -19.6158 0.754168
0.786679 -19.5946 0.754602
0.787112 -19.5734 0.755035
0.787546 -19.5522 0.755468
0.787979 -19.5311 0.755902
0.788413   -19.51 0.756335
0.788846 -19.4889 0.756335
 0.78928 -19.4679 0.756769
0.789713 -19.4469 0.757202
0.790147 -19.4259 0.757636
 0.79058  -19.405 0.758069
0.791014 -19.3841 0.758069
0.791447 -19.3632 0.758503
0.791881 -19.3423 0.758936
0.792314 -19.3215  0.75937
0.792748 -19.3007 0.759803
0.793181   -19.28 0.760237
0.793615 -19.2593  0.76067
0.794048 -19.2386  0.76067
0.794481 -19.2179 0.761104
0.794915 -19.1973 0.761537
0.795348 -19.1767 0.761971
0.795782 -19.1561 0.762404
0.796215 -19.1355 0.762404
0.796649  -19.115 0.762838
0.797082 -19.0945 0.763271
0.797516 -19.0741 0.763705
0.797949 -19.0536 0.764138
0.798383 -19.0333 0.764572
0.798816 -19.0129 0.764572
 0.79925 -18.9925 0.765005
0.799683 -18.9722 0.765438
0.800117  -18.952 0.765872
 0.80055 -18.9317 0.766305
0.800984 -18.9115 0.766739
0.801417 -18.8913 0.766739
0.801851 -18.8711 0.767172
0.802284  -18.851 0.767606
0.802718 -18.8309 0.768039
0.803151 -18.8108 0.768473
0.803585 -18.7908 0.768906
0.804018 -18.7708 0.768906
0.804451 -18.7508  0.76934
0.804885 -18.7308 0.769773
0.805318 -18.7109 0.770207
0.805752  -18.691  0.77064
0.806185 -18.6711 0.771074
0.806619 -18.6513 0.771074
0.807052 -18.6315 0.771507
0.807486 -18.6117 0.771941
0.807919 -18.5919 0.772374
0.808353 -18.5722 0.772808
0.808786 -18.5525 0.773241
 0.80922 -18.5328 0.773241
0.809653 -18.5132 0.773675
0.810087 -18.4936 0.774108
 0.81052  -18.474 0.774542
0.810954 -18.4544 0.774975
0.811387 -18.4349 0.775408
0.811821 -18.4154 0.775408
0.812254 -18.3959 0.775842
0.812688 -18.3765 0.776275
0.813121 -18.3571 0.776709
0.813555 -18.3377 0.777142
0.813988 -18.3183 0.777576
0.814421  -18.299 0.777576
0.814855 -18.2797 0.778009
0.815288 -18.2604 0.778443
0.815722 -18.2411 0.778876
0.816155 -18.2219  0.77931
0.816589 -18.2027  0.77931
0.817022 -18.1835 0.779743
0.817456 -18.1644 0.780177
0.817889 -18.1453  0.78061
0.818323 -18.1262 0.781044
0.818756 -18.1071 0.781477
 0.81919 -18.0881 0.781477
0.819623 -18.0691 0.781911
0.820057 -18.0501 0.782344
 0.82049 -18.0311 0.782778
0.820924 -18.0122 0.783211
0.821357 -17.9933 0.783645
0.821791 -17.9745 0.783645
0.822224 -17.9556 0.784078
0.822658 -17.9368 0.784512
0.823091  -17.918 0.784945
0.823525 -17.8992 0.785378
0.823958 -17.8805 0.785812
0.824391 -17.8618 0.785812
0.824825 -17.8431 0.786245
0.825258 -17.8244 0.786679
0.825692 -17.8058 0.787112
0.826125 -17.7872 0.787546
0.826559 -17.7686 0.787979
0.826992 -17.7501 0.787979
0.827426 -17.7315 0.788413
0.827859  -17.713 0.788846
0.828293 -17.6946  0.78928
0.828726 -17.6761 0.789713
 0.82916 -17.6577 0.790147
0.829593 -17.6393 0.790147
0.830027 -17.6209  0.79058
 0.83046 -17.6026 0.791014
0.830894 -17.5843 0.791447
0.831327  -17.566 0.791881
0.831761 -17.5477 0.792314
0.832194 -17.5295 0.792314
0.832628 -17.5112 0.792748
0.833061 -17.4931 0.793181
0.833494 -17.4749 0.793615
0.833928 -17.4568 0.794048
0.834361 -17.4387 0.794048
0.834795 -17.4206 0.794481
0.835228 -17.4025 0.794915
0.835662 -17.3845 0.795348
0.836095 -17.3664 0.795782
0.836529 -17.3485 0.796215
0.836962 -17.3305 0.796215
0.837396 -17.3126 0.796649
0.837829 -17.2947 0.797082
0.838263 -17.2768 0.797516
0.838696 -17.2589 0.797949
 0.83913 -17.2411 0.798383
0.839563 -17.2233 0.798383
0.839997 -17.2055 0.798816
 0.84043 -17.1877  0.79925
0.840864   -17.17 0.799683
0.841297 -17.1523 0.800117
0.841731 -17.1346  0.80055
0.842164 -17.1169  0.80055
0.842598 -17.0993 0.800984
0.843031 -17.0817 0.801417
0.843464 -17.0641 0.801851
0.843898 -17.0465 0.802284
0.844331  -17.029 0.802284
0.844765 -17.0115 0.802718
0.845198  -16.994 0.803151
0.845632 -16.9765 0.803585
0.846065 -16.9591 0.804018
0.846499 -16.9417 0.804451
0.846932 -16.9243 0.804451
0.847366 -16.9069 0.804885
0.847799 -16.8895 0.805318
0.848233 -16.8722 0.805752
0.848666 -16.8549 0.806185
  0.8491 -16.8377 0.806619
0.849533 -16.8204 0.806619
0.849967 -16.8032 0.807052
  0.8504  -16.786 0.807486
0.850834 -16.7688 0.807919
0.851267 -16.7517 0.808353
0.851701 -16.7345 0.808786
0.852134 -16.7174 0.808786
0.852568 -16.7003  0.80922
0.853001 -16.6833 0.809653
0.853434 -16.6662 0.810087
0.853868 -16.6492  0.81052
0.854301 -16.6323 0.810954
0.854735 -16.6153 0.810954
0.855168 -16.5983 0.811387
0.855602 -16.5814 0.811821
0.856035 -16.5645 0.812254
0.856469 -16.5477 0.812688
0.856902 -16.5308 0.813121
0.857336  -16.514 0.813121
0.857769 -16.4972 0.813555
0.858203 -16.4804 0.813988
0.858636 -16.4636 0.814421
 0.85907 -16.4469 0.814855
0.859503 -16.4302 0.814855
0.859937 -16.4135 0.815288
 0.86037 -16.3969 0.815722
0.860804 -16.3802 0.816155
0.861237 -16.3636 0.816589
0.861671  -16.347 0.817022
0.862104 -16.3304 0.817022
0.862538 -16.3139 0.817456
0.862971 -16.2974 0.817889
0.863404 -16.2808 0.818323
0.863838 -16.2644 0.818756
0.864271 -16.2479  0.81919
0.864705 -16.2315  0.81919
0.865138 -16.2151 0.819623
0.865572 -16.1987 0.820057
0.866005 -16.1823  0.82049
0.866439  -16.166 0.820924
0.866872 -16.1496 0.821357
0.867306 -16.1333 0.821357
0.867739  -16.117 0.821791
0.868173 -16.1008 0.822224
0.868606 -16.0846 0.822658
 0.86904 -16.0683 0.823091
0.869473 -16.0522 0.823525
0.869907  -16.036 0.823525
 0.87034 -16.0198 0.823958
0.870774 -16.0037 0.824391
0.871207 -15.9876 0.824825
0.871641 -15.9715 0.825258
0.872074 -15.9555 0.825258
0.872508 -15.9394 0.825692
0.872941 -15.9234 0.826125
0.873374 -15.9074 0.826559
0.873808 -15.8914 0.826992
0.874241 -15.8755 0.827426
0.874675 -15.8596 0.827426
0.875108 -15.8437 0.827859
0.875542 -15.8278 0.828293
0.875975 -15.8119 0.828726
0.876409 -15.7961  0.82916
0.876842 -15.7802 0.829593
0.877276 -15.7644 0.829593
0.877709 -15.7487 0.830027
0.878143 -15.7329  0.83046
0.878576 -15.7172 0.830894
 0.87901 -15.7015 0.831327
0.879443 -15.6858 0.831761
0.879877 -15.6701 0.831761
 0.88031 -15.6544 0.832194
0.880744 -15.6388 0.832628
0.881177 -15.6232 0.833061
0.881611 -15.6076 0.833494
0.882044 -15.5921 0.833494
0.882477 -15.5765 0.833928
0.882911  -15.561 0.834361
0.883344 -15.5455 0.834795
0.883778   -15.53 0.835228
0.884211 -15.5145 0.835662
0.884645 -15.4991 0.835662
0.885078 -15.4837 0.836095
0.885512 -15.4683 0.836529
0.885945 -15.4529 0.836962
0.886379 -15.4375 0.837396
0.886812 -15.4222 0.837829
0.887246 -15.4069 0.837829
0.887679 -15.3916 0.838263
0.888113 -15.3763 0.838696
0.888546  -15.361  0.83913
 0.88898 -15.3458 0.839563
0.889413 -15.3306 0.839997
0.889847 -15.3154 0.839997
 0.89028 -15.3002  0.84043
0.890714 -15.2851 0.840864
0.891147 -15.2699 0.841297
0.891581 -15.2548 0.841731
0.892014 -15.2397 0.841731
0.892447 -15.2246 0.842164
0.892881 -15.2096 0.842598
0.893314 -15.1946 0.843031
0.893748 -15.1795 0.843464
0.894181 -15.1646 0.843898
0.894615 -15.1496 0.843898
0.895048 -15.1346 0.844331
0.895482 -15.1197 0.844765
0.895915 -15.1048 0.845198
0.896349 -15.0899 0.845632
0.896782  -15.075 0.846065
0.897216 -15.0602 0.846065
0.897649 -15.0453 0.846499
0.898083 -15.0305 0.846932
0.898516 -15.0157 0.847366
 0.89895 -15.0009 0.847799
0.899383 -14.9862 0.848233
0.899817 -14.9714 0.848233
 0.90025 -14.9567 0.848666
0.900684  -14.942   0.8491
0.901117 -14.9274 0.849533
0.901551 -14.9127 0.849967
0.901984 -14.8981 0.849967
0.902417 -14.8834   0.8504
0.902851 -14.8688 0.850834
0.903284 -14.8543 0.851267
0.903718 -14.8397 0.851701
0.904151 -14.8252 0.852134
0.904585 -14.8106 0.852134
0.905018 -14.7961 0.852568
0.905452 -14.7816 0.853001
0.905885 -14.7672 0.853434
0.906319 -14.7527 0.853868
0.906752 -14.7383 0.854301
0.907186 -14.7239 0.854301
0.907619 -14.7095 0.854735
0.908053 -14.6951 0.855168
0.908486 -14.6808 0.855602
 0.90892 -14.6665 0.856035
0.909353 -14.6521 0.856469
0.909787 -14.6378 0.856469
 0.91022 -14.6236 0.856902
0.910654 -14.6093 0.857336
0.911087 -14.5951 0.857769
0.911521 -14.5809 0.858203
0.911954 -14.5667 0.858203
0.912387 -14.5525 0.858636
0.912821 -14.5383  0.85907
0.913254 -14.5242 0.859503
0.913688   -14.51 0.859937
0.914121 -14.4959  0.86037
0.914555 -14.4818  0.86037
0.914988 -14.4678 0.860804
0.915422 -14.4537 0.861237
0.915855 -14.4397 0.861671
0.916289 -14.4257 0.862104
0.916722 -14.4117 0.862538
0.917156 -14.3977 0.862538
0.917589 -14.3837 0.862971
0.918023 -14.3698 0.863404
0.918456 -14.3559 0.863838
 0.91889 -14.3419 0.864271
0.919323 -14.3281 0.864271
0.919757 -14.3142 0.864705
 0.92019 -14.3003 0.865138
0.920624 -14.2865 0.865572
0.921057 -14.2727 0.866005
 0.92149 -14.2589 0.866439
0.921924 -14.2451 0.866439
0.922357 -14.2314 0.866872
0.922791 -14.2176 0.867306
0.923224 -14.2039 0.867739
0.923658 -14.1902 0.868173
0.924091 -14.1765 0.868606
0.924525 -14.1628 0.868606
0.924958 -14.1492  0.86904
0.925392 -14.1355 0.869473
0.925825 -14.1219 0.869907
0.926259 -14.1083  0.87034
0.926692 -14.0947 0.870774
0.927126 -14.0811 0.870774
0.927559 -14.0676 0.871207
0.927993 -14.0541 0.871641
0.928426 -14.0405 0.872074
 0.92886 -14.0271 0.872508
0.929293 -14.0136 0.872508
0.929727 -14.0001 0.872941
 0.93016 -13.9867 0.873374
0.930594 -13.9732 0.873808
0.931027 -13.9598 0.874241
 0.93146 -13.9464 0.874675
0.931894 -13.9331 0.874675
0.932327 -13.9197 0.875108
0.932761 -13.9064 0.875542
0.933194  -13.893 0.875975
0.933628 -13.8797 0.876409
0.934061 -13.8665 0.876842
0.934495 -13.8532 0.876842
0.934928 -13.8399 0.877276
0.935362 -13.8267 0.877709
0.935795 -13.8135 0.878143
0.936229 -13.8003 0.878576
0.936662 -13.7871 0.878576
0.937096 -13.7739  0.87901
0.937529 -13.7607 0.879443
0.937963 -13.7476 0.879877
0.938396 -13.7345  0.88031
 0.93883 -13.7214 0.880744
0.939263 -13.7083 0.880744
0.939697 -13.6952 0.881177
 0.94013 -13.6822 0.881611
0.940564 -13.6692 0.882044
0.940997 -13.6561 0.882477
 0.94143 -13.6431 0.882911
0.941864 -13.6302 0.882911
0.942297 -13.6172 0.883344
0.942731 -13.6042 0.883778
0.943164 -13.5913 0.884211
0.943598 -13.5784 0.884645
0.944031 -13.5655 0.885078
0.944465 -13.5526 0.885078
0.944898 -13.5397 0.885512
0.945332 -13.5269 0.885945
0.945765  -13.514 0.886379
0.946199 -13.5012 0.886812
0.946632 -13.4884 0.886812
0.947066 -13.4756 0.887246
0.947499 -13.4629 0.887679
0.947933 -13.4501 0.888113
0.948366 -13.4374 0.888546
  0.9488 -13.4246  0.88898
0.949233 -13.4119  0.88898
0.949667 -13.3992 0.889413
  0.9501 -13.3866 0.889847
0.950534 -13.3739  0.89028
0.950967 -13.3613 0.890714
  0.9514 -13.3487 0.891147
0.951834  -13.336 0.891147
0.952267 -13.3234 0.891581
0.952701 -13.3109 0.892014
0.953134 -13.2983 0.892447
0.953568 -13.2858 0.892881
0.954001 -13.2732 0.892881
0.954435 -13.2607 0.893314
0.954868 -13.2482 0.893748
0.955302 -13.2357 0.894181
0.955735 -13.2233 0.894615
0.956169 -13.2108 0.895048
0.956602 -13.1984 0.895048
0.957036  -13.186 0.895482
0.957469 -13.1736 0.895915
0.957903 -13.1612 0.896349
0.958336 -13.1488 0.896782
 0.95877 -13.1365 0.897216
0.959203 -13.1241 0.897216
0.959637 -13.1118 0.897649
 0.96007 -13.0995 0.898083
0.960504 -13.0872 0.898516
0.960937 -13.0749  0.89895
 0.96137 -13.0627  0.89895
0.961804 -13.0504 0.899383
0.962237 -13.0382 0.899817
0.962671  -13.026  0.90025
0.963104 -13.0138 0.900684
0.963538 -13.0016 0.901117
0.963971 -12.9894 0.901117
0.964405 -12.9773 0.901551
0.964838 -12.9651 0.901984
0.965272  -12.953 0.902417
0.965705 -12.9409 0.902851
0.966139 -12.9288 0.903284
0.966572 -12.9167 0.903284
0.967006 -12.9046 0.903718
0.967439 -12.8926 0.904151
0.967873 -12.8806 0.904585
0.968306 -12.8685 0.905018
 0.96874 -12.8565 0.905018
0.969173 -12.8446 0.905452
0.969607 -12.8326 0.905885
 0.97004 -12.8206 0.906319
0.970473 -12.8087 0.906752
0.970907 -12.7968 0.907186
 0.97134 -12.7848 0.907186
0.971774 -12.7729 0.907619
0.972207 -12.7611 0.908053
0.972641 -12.7492 0.908486
0.973074 -12.7373  0.90892
0.973508 -12.7255 0.909353
0.973941 -12.7137 0.909353
0.974375 -12.7019 0.909787
0.974808 -12.6901  0.91022
0.975242 -12.6783 0.910654
0.975675 -12.6665 0.911087
0.976109 -12.6548 0.911087
0.976542  -12.643 0.911521
0.976976 -12.6313 0.911954
0.977409 -12.6196 0.912387
0.977843 -12.6079 0.912821
0.978276 -12.5962 0.913254
 0.97871 -12.5846 0.913254
0.979143 -12.5729 0.913688
0.979577 -12.5613 0.914121
 0.98001 -12.5497 0.914555
0.980443 -12.5381 0.914988
0.980877 -12.5265 0.915422
 0.98131 -12.5149 0.915422
0.981744 -12.5033 0.915855
0.982177 -12.4918 0.916289
0.982611 -12.4803 0.916722
0.983044 -12.4688 0.917156
0.983478 -12.4572 0.917156
0.983911 -12.4458 0.917589
0.984345 -12.4343 0.918023
0.984778 -12.4228 0.918456
0.985212 -12.4114  0.91889
0.985645 -12.3999 0.919323
0.986079 -12.3885 0.919323
0.986512 -12.3771 0.919757
0.986946 -12.3657  0.92019
0.987379 -12.3543 0.920624
0.987813  -12.343 0.921057
0.988246 -12.3316  0.92149
 0.98868 -12.3203  0.92149
0.989113  -12.309 0.921924
0.989547 -12.2977 0.922357
 0.98998 -12.2864 0.922791
0.990413 -12.2751 0.923224
0.990847 -12.2638 0.923224
 0.99128 -12.2526 0.923658
0.991714 -12.2413 0.924091
0.992147 -12.2301 0.924525
0.992581 -12.2189 0.924958
0.993014 -12.2077 0.925392
0.993448 -12.1965 0.925392
0.993881 -12.1854 0.925825
0.994315 -12.1742 0.926259
0.994748 -12.1631 0.926692
0.995182 -12.1519 0.927126
0.995615 -12.1408 0.927559
0.996049 -12.1297 0.927559
0.996482 -12.1186 0.927993
0.996916 -12.1076 0.928426
0.997349 -12.0965  0.92886
0.997783 -12.0855 0.929293
0.998216 -12.0744 0.929293
 0.99865 -12.0634 0.929727
0.999083 -12.0524  0.93016
0.999517 -12.0414 0.930594
 0.99995 -12.0304 0.931027
 1.00038 -12.0195  0.93146
 1.00082 -12.0085  0.93146
 1.00125 -11.9976 0.931894
 1.00168 -11.9867 0.932327
 1.00212 -11.9757 0.932761
 1.00255 -11.9649 0.933194
 1.00298  -11.954 0.933194
 1.00342 -11.9431 0.933628
 1.00385 -11.9322 0.934061
 1.00428 -11.9214 0.934495
 1.00472 -11.9106 0.934928
 1.00515 -11.8997 0.935362
 1.00559 -11.8889 0.935362
 1.00602 -11.8781 0.935795
 1.00645 -11.8674 0.936229
 1.00689 -11.8566 0.936662
 1.00732 -11.8458 0.937096
 1.00775 -11.8351 0.937529
 1.00819 -11.8244 0.937529
 1.00862 -11.8137 0.937963
 1.00905  -11.803 0.938396
 1.00949 -11.7923  0.93883
 1.00992 -11.7816 0.939263
 1.01035 -11.7709 0.939263
 1.01079 -11.7603 0.939697
 1.01122 -11.7497  0.94013
 1.01165  -11.739 0.940564
 1.01209 -11.7284 0.940997
 1.01252 -11.7178  0.94143
 1.01295 -11.7072  0.94143
 1.01339 -11.6967 0.941864
 1.01382 -11.6861 0.942297
 1.01425 -11.6756 0.942731
 1.01469  -11.665 0.943164
 1.01512 -11.6545 0.943164
 1.01556  -11.644 0.943598
 1.01599 -11.6335 0.944031
 1.01642  -11.623 0.944465
 1.01686 -11.6126 0.944898
 1.01729 -11.6021 0.945332
 1.01772 -11.5917 0.945332
 1.01816 -11.5812 0.945765
 1.01859 -11.5708 0.946199
 1.01902 -11.5604 0.946632
 1.01946   -11.55 0.947066
 1.01989 -11.5396 0.947499
 1.02032 -11.5293 0.947499
 1.02076 -11.5189 0.947933
 1.02119 -11.5086 0.948366
 1.02162 -11.4982   0.9488
 1.02206 -11.4879 0.949233
 1.02249 -11.4776 0.949233
 1.02292 -11.4673 0.949667
 1.02336  -11.457   0.9501
 1.02379 -11.4468 0.950534
 1.02422 -11.4365 0.950967
 1.02466 -11.4263   0.9514
 1.02509  -11.416   0.9514
 1.02553 -11.4058 0.951834
 1.02596 -11.3956 0.952267
 1.02639 -11.3854 0.952701
 1.02683 -11.3752 0.953134
 1.02726  -11.365 0.953134
 1.02769 -11.3549 0.953568
 1.02813 -11.3447 0.954001
 1.02856 -11.3346 0.954435
 1.02899 -11.3245 0.954868
 1.02943 -11.3144 0.955302
 1.02986 -11.3043 0.955302
 1.03029 -11.2942 0.955735
 1.03073 -11.2841 0.956169
 1.03116  -11.274 0.956602
 1.03159  -11.264 0.957036
 1.03203  -11.254 0.957469
 1.03246 -11.2439 0.957469
 1.03289 -11.2339 0.957903
 1.03333 -11.2239 0.958336
 1.03376 -11.2139  0.95877
 1.03419 -11.2039 0.959203
 1.03463  -11.194 0.959203
 1.03506  -11.184 0.959637
  1.0355 -11.1741  0.96007
 1.03593 -11.1641 0.960504
 1.03636 -11.1542 0.960937
  1.0368 -11.1443  0.96137
 1.03723 -11.1344  0.96137
 1.03766 -11.1245 0.961804
  1.0381 -11.1147 0.962237
 1.03853 -11.1048 0.962671
 1.03896  -11.095 0.963104
  1.0394 -11.0851 0.963538
 1.03983 -11.0753 0.963538
 1.04026 -11.0655 0.963971
  1.0407 -11.0557 0.964405
 1.04113 -11.0459 0.964838
 1.04156 -11.0361 0.965272
   1.042 -11.0263 0.965272
 1.04243 -11.0166 0.965705
 1.04286 -11.0068 0.966139
  1.0433 -10.9971 0.966572
 1.04373 -10.9874 0.967006
 1.04416 -10.9777 0.967439
  1.0446  -10.968 0.967439
 1.04503 -10.9583 0.967873
 1.04547 -10.9486 0.968306
  1.0459  -10.939  0.96874
 1.04633 -10.9293 0.969173
 1.04677 -10.9197 0.969173
  1.0472   -10.91 0.969607
 1.04763 -10.9004  0.97004
 1.04807 -10.8908 0.970473
  1.0485 -10.8812 0.970907
 1.04893 -10.8716  0.97134
 1.04937 -10.8621  0.97134
  1.0498 -10.8525 0.971774
 1.05023 -10.8429 0.972207
 1.05067 -10.8334 0.972641
  1.0511 -10.8239 0.973074
 1.05153 -10.8144 0.973508
 1.05197 -10.8049 0.973508
  1.0524 -10.7954 0.973941
 1.05283 -10.7859 0.974375
 1.05327 -10.7764 0.974808
  1.0537 -10.7669 0.975242
 1.05413 -10.7575 0.975242
 1.05457 -10.7481 0.975675
   1.055 -10.7386 0.976109
 1.05544 -10.7292 0.976542
 1.05587 -10.7198 0.976976
  1.0563 -10.7104 0.977409
 1.05674  -10.701 0.977409
 1.05717 -10.6917 0.977843
  1.0576 -10.6823 0.978276
 1.05804 -10.6729  0.97871
 1.05847 -10.6636 0.979143
  1.0589 -10.6543 0.979143
 1.05934  -10.645 0.979577
 1.05977 -10.6357  0.98001
  1.0602 -10.6264 0.980443
 1.06064 -10.6171 0.980877
 1.06107 -10.6078  0.98131
  1.0615 -10.5985  0.98131
 1.06194 -10.5893 0.981744
 1.06237   -10.58 0.982177
  1.0628 -10.5708 0.982611
 1.06324 -10.5616 0.983044
 1.06367 -10.5524 0.983044
  1.0641 -10.5432 0.983478
 1.06454  -10.534 0.983911
 1.06497 -10.5248 0.984345
 1.06541 -10.5157 0.984778
 1.06584 -10.5065 0.985212
 1.06627 -10.4974 0.985212
 1.06671 -10.4882 0.985645
 1.06714 -10.4791 0.986079
 1.06757   -10.47 0.986512
 1.06801 -10.4609 0.986946
 1.06844 -10.4518 0.987379
 1.06887 -10.4427 0.987379
 1.06931 -10.4336 0.987813
 1.06974 -10.4246 0.988246
 1.07017 -10.4155  0.98868
 1.07061 -10.4065 0.989113
 1.07104 -10.3975 0.989113
 1.07147 -10.3884 0.989547
 1.07191 -10.3794  0.98998
 1.07234 -10.3704 0.990413
 1.07277 -10.3614 0.990847
 1.07321 -10.3525  0.99128
 1.07364 -10.3435  0.99128
 1.07407 -10.3345 0.991714
 1.07451 -10.3256 0.992147
 1.07494 -10.3167 0.992581
 1.07538 -10.3077 0.993014
 1.07581 -10.2988 0.993014
 1.07624 -10.2899 0.993448
 1.07668  -10.281 0.993881
 1.07711 -10.2721 0.994315
 1.07754 -10.2633 0.994748
 1.07798 -10.2544 0.995182
 1.07841 -10.2456 0.995182
 1.07884 -10.2367 0.995615
 1.07928 -10.2279 0.996049
 1.07971 -10.2191 0.996482
 1.08014 -10.2103 0.996916
 1.08058 -10.2015 0.996916
 1.08101 -10.1927 0.997349
 1.08144 -10.1839 0.997783
 1.08188 -10.1751 0.998216
 1.08231 -10.1663  0.99865
 1.08274 -10.1576 0.999083
 1.08318 -10.1489 0.999083
 1.08361 -10.1401 0.999517
 1.08404 -10.1314  0.99995
 1.08448 -10.1227  1.00038
 1.08491  -10.114  1.00082
 1.08535 -10.1053  1.00125
 1.08578 -10.0966  1.00125
 1.08621 -10.0879  1.00168
 1.08665 -10.0793  1.00212
 1.08708 -10.0706  1.00255
 1.08751  -10.062  1.00298
 1.08795 -10.0534  1.00298
 1.08838 -10.0447  1.00342
 1.08881 -10.0361  1.00385
 1.08925 -10.0275  1.00428
 1.08968 -10.0189  1.00472
 1.09011 -10.0104  1.00515
 1.09055 -10.0018  1.00515
 1.09098 -9.99322  1.00559
 1.09141 -9.98466  1.00602
 1.09185 -9.97612  1.00645
 1.09228 -9.96759  1.00689
 1.09271 -9.95907  1.00689
 1.09315 -9.95055  1.00732
 1.09358 -9.94205  1.00775
 1.09401 -9.93355  1.00819
 1.09445 -9.92507  1.00862
 1.09488  -9.9166  1.00905
 1.09532 -9.90813  1.00905
 1.09575 -9.89967  1.00949
 1.09618 -9.89123  1.00992
 1.09662 -9.88279  1.01035
 1.09705 -9.87437  1.01079
 1.09748 -9.86595  1.01079
 1.09792 -9.85754  1.01122
 1.09835 -9.84914  1.01165
 1.09878 -9.84075  1.01209
 1.09922 -9.83238  1.01252
 1.09965 -9.82401  1.01295
 1.10008 -9.81565  1.01295
 1.10052  -9.8073  1.01339
 1.10095 -9.79896  1.01382
 1.10138 -9.79063  1.01425
 1.10182 -9.78231  1.01469
 1.10225   -9.774  1.01469
 1.10268 -9.76569  1.01512
 1.10312  -9.7574  1.01556
 1.10355 -9.74911  1.01599
 1.10398 -9.74084  1.01642
 1.10442 -9.73257  1.01686
 1.10485 -9.72432  1.01686
 1.10529 -9.71607  1.01729
 1.10572 -9.70783  1.01772
 1.10615  -9.6996  1.01816
 1.10659 -9.69139  1.01859
 1.10702 -9.68318  1.01859
 1.10745 -9.67498  1.01902
 1.10789 -9.66679  1.01946
 1.10832  -9.6586  1.01989
 1.10875 -9.65043  1.02032
 1.10919 -9.64227  1.02076
 1.10962 -9.63412  1.02076
 1.11005 -9.62597  1.02119
 1.11049 -9.61783  1.02162
 1.11092 -9.60971  1.02206
 1.11135 -9.60159  1.02249
 1.11179 -9.59349  1.02292
 1.11222 -9.58539  1.02292
 1.11265  -9.5773  1.02336
 1.11309 -9.56921  1.02379
 1.11352 -9.56114  1.02422
 1.11395 -9.55308  1.02466
 1.11439 -9.54503  1.02466
 1.11482 -9.53699  1.02509
 1.11526 -9.52895  1.02553
 1.11569 -9.52092  1.02596
 1.11612 -9.51291  1.02639
 1.11656  -9.5049  1.02683
 1.11699  -9.4969  1.02683
 1.11742 -9.48891  1.02726
 1.11786 -9.48093  1.02769
 1.11829 -9.47296  1.02813
 1.11872 -9.46499  1.02856
 1.11916 -9.45704  1.02856
 1.11959 -9.44909  1.02899
 1.12002 -9.44116  1.02943
 1.12046 -9.43323  1.02986
 1.12089 -9.42531  1.03029
 1.12132  -9.4174  1.03073
 1.12176  -9.4095  1.03073
 1.12219 -9.40161  1.03116
 1.12262 -9.39373  1.03159
 1.12306 -9.38585  1.03203
 1.12349 -9.37799  1.03246
 1.12392 -9.37013  1.03246
 1.12436 -9.36228  1.03289
 1.12479 -9.35444  1.03333
 1.12523 -9.34661  1.03376
 1.12566 -9.33879  1.03419
 1.12609 -9.33098  1.03463
 1.12653 -9.32317  1.03463
 1.12696 -9.31538  1.03506
 1.12739 -9.30759   1.0355
 1.12783 -9.29981  1.03593
 1.12826 -9.29204  1.03636
 1.12869 -9.28428  1.03636
 1.12913 -9.27653   1.0368
 1.12956 -9.26879  1.03723
 1.12999 -9.26105  1.03766
 1.13043 -9.25332   1.0381
 1.13086 -9.24561  1.03853
 1.13129  -9.2379  1.03853
 1.13173  -9.2302  1.03896
 1.13216  -9.2225   1.0394
 1.13259 -9.21482  1.03983
 1.13303 -9.20715  1.04026
 1.13346 -9.19948   1.0407
 1.13389 -9.19182   1.0407
 1.13433 -9.18417  1.04113
 1.13476 -9.17653  1.04156
  1.1352  -9.1689    1.042
 1.13563 -9.16128  1.04243
 1.13606 -9.15366  1.04243
  1.1365 -9.14605  1.04286
 1.13693 -9.13845   1.0433
 1.13736 -9.13086  1.04373
  1.1378 -9.12328  1.04416
 1.13823 -9.11571   1.0446
 1.13866 -9.10814   1.0446
  1.1391 -9.10059  1.04503
 1.13953 -9.09304  1.04547
 1.13996  -9.0855   1.0459
  1.1404 -9.07797  1.04633
 1.14083 -9.07045  1.04633
 1.14126 -9.06293  1.04677
  1.1417 -9.05542   1.0472
 1.14213 -9.04793  1.04763
 1.14256 -9.04043  1.04807
   1.143 -9.03296   1.0485
 1.14343 -9.02548   1.0485
 1.14386 -9.01801  1.04893
  1.1443 -9.01056  1.04937
 1.14473 -9.00311   1.0498
 1.14517 -8.99567  1.05023
  1.1456 -8.98824  1.05023
 1.14603 -8.98081  1.05067
 1.14647  -8.9734   1.0511
  1.1469 -8.96599  1.05153
 1.14733 -8.95859  1.05197
 1.14777  -8.9512   1.0524
  1.1482 -8.94381   1.0524
 1.14863 -8.93644  1.05283
 1.14907 -8.92907  1.05327
  1.1495 -8.92171   1.0537
 1.14993 -8.91436  1.05413
 1.15037 -8.90702  1.05413
  1.1508 -8.89968  1.05457
 1.15123 -8.89236    1.055
 1.15167 -8.88503  1.05544
  1.1521 -8.87772  1.05587
 1.15253 -8.87042  1.05587
 1.15297 -8.86313   1.0563
  1.1534 -8.85584  1.05674
 1.15383 -8.84856  1.05717
 1.15427 -8.84129   1.0576
  1.1547 -8.83403  1.05804
 1.15514 -8.82677  1.05804
 1.15557 -8.81953  1.05847
   1.156 -8.81229   1.0589
 1.15644 -8.80505  1.05934
 1.15687 -8.79783  1.05977
  1.1573 -8.79062  1.05977
 1.15774 -8.78341   1.0602
 1.15817 -8.77621  1.06064
  1.1586 -8.76902  1.06107
 1.15904 -8.76183   1.0615
 1.15947 -8.75466  1.06194
  1.1599 -8.74749  1.06194
 1.16034 -8.74033  1.06237
 1.16077 -8.73318   1.0628
  1.1612 -8.72603  1.06324
 1.16164  -8.7189  1.06367
 1.16207 -8.71177   1.0641
  1.1625 -8.70465   1.0641
 1.16294 -8.69753  1.06454
 1.16337 -8.69042  1.06497
  1.1638 -8.68333  1.06541
 1.16424 -8.67624  1.06584
 1.16467 -8.66916  1.06584
 1.16511 -8.66208  1.06627
 1.16554 -8.65501  1.06671
 1.16597 -8.64795  1.06714
 1.16641  -8.6409  1.06757
 1.16684 -8.63386  1.06801
 1.16727 -8.62682  1.06801
 1.16771 -8.61979  1.06844
 1.16814 -8.61277  1.06887
 1.16857 -8.60575  1.06931
 1.16901 -8.59875  1.06974
 1.16944 -8.59175  1.06974
 1.16987 -8.58476  1.07017
 1.17031 -8.57777  1.07061
 1.17074  -8.5708  1.07104
 1.17117 -8.56383  1.07147
 1.17161 -8.55687  1.07191
 1.17204 -8.54992  1.07191
 1.17247 -8.54297  1.07234
 1.17291 -8.53603  1.07277
 1.17334  -8.5291  1.07321
 1.17377 -8.52218  1.07364
 1.17421 -8.51527  1.07364
 1.17464 -8.50835  1.07407
 1.17508 -8.50145  1.07451
 1.17551 -8.49456  1.07494
 1.17594 -8.48768  1.07538
 1.17638  -8.4808  1.07581
 1.17681 -8.47393  1.07581
 1.17724 -8.46706  1.07624
 1.17768 -8.46021  1.07668
 1.17811 -8.45336  1.07711
 1.17854 -8.44652  1.07754
 1.17898 -8.43968  1.07754
 1.17941 -8.43285  1.07798
 1.17984 -8.42603  1.07841
 1.18028 -8.41922  1.07884
 1.18071 -8.41242  1.07928
 1.18114 -8.40562  1.07971
 1.18158 -8.39883  1.07971
 1.18201 -8.39205  1.08014
 1.18244 -8.38527  1.08058
 1.18288  -8.3785  1.08101
 1.18331 -8.37175  1.08144
 1.18374 -8.36499  1.08144
 1.18418 -8.35824  1.08188
 1.18461  -8.3515  1.08231
 1.18505 -8.34477  1.08274
 1.18548 -8.33805  1.08318
 1.18591 -8.33133  1.08318
 1.18635 -8.32462  1.08361
 1.18678 -8.31792  1.08404
 1.18721 -8.31122  1.08448
 1.18765 -8.30453  1.08491
 1.18808 -8.29785  1.08535
 1.18851 -8.29118  1.08535
 1.18895 -8.28451  1.08578
 1.18938 -8.27785  1.08621
 1.18981  -8.2712  1.08665
 1.19025 -8.26455  1.08708
 1.19068 -8.25791  1.08708
 1.19111 -8.25128  1.08751
 1.19155 -8.24466  1.08795
 1.19198 -8.23804  1.08838
 1.19241 -8.23143  1.08881
 1.19285 -8.22483  1.08925
 1.19328 -8.21823  1.08925
 1.19371 -8.21164  1.08968
 1.19415 -8.20506  1.09011
 1.19458 -8.19848  1.09055
 1.19502 -8.19191  1.09098
 1.19545 -8.18535  1.09098
 1.19588  -8.1788  1.09141
 1.19632 -8.17225  1.09185
 1.19675 -8.16571  1.09228
 1.19718 -8.15918  1.09271
 1.19762 -8.15265  1.09315
 1.19805 -8.14613  1.09315
 1.19848 -8.13962  1.09358
 1.19892 -8.13311  1.09401
 1.19935 -8.12661  1.09445
 1.19978 -8.12012  1.09488
 1.20022 -8.11364  1.09488
 1.20065 -8.10716  1.09532
 1.20108 -8.10069  1.09575
 1.20152 -8.09422  1.09618
 1.20195 -8.08777  1.09662
 1.20238 -8.08132  1.09705
 1.20282 -8.07488  1.09705
 1.20325 -8.06844  1.09748
 1.20368 -8.06201  1.09792
 1.20412 -8.05558  1.09835
 1.20455 -8.04917  1.09878
 1.20498 -8.04276  1.09878
 1.20542 -8.03636  1.09922
 1.20585 -8.02996  1.09965
 1.20629 -8.02357  1.10008
 1.20672 -8.01719  1.10052
 1.20715 -8.01081  1.10095
 1.20759 -8.00444  1.10095
 1.20802 -7.99808  1.10138
 1.20845 -7.99172  1.10182
 1.20889 -7.98538  1.10225
 1.20932 -7.97904  1.10268
 1.20975  -7.9727  1.10268
 1.21019 -7.96637  1.10312
 1.21062 -7.96005  1.10355
 1.21105 -7.95373  1.10398
 1.21149 -7.94743  1.10442
 1.21192 -7.94113  1.10485
 1.21235 -7.93483  1.10485
 1.21279 -7.92854  1.10529
 1.21322 -7.92226  1.10572
 1.21365 -7.91598  1.10615
 1.21409 -7.90971  1.10659
 1.21452 -7.90345  1.10659
 1.21495  -7.8972  1.10702
 1.21539 -7.89094  1.10745
 1.21582  -7.8847  1.10789
 1.21626 -7.87847  1.10832
 1.21669 -7.87224  1.10875
 1.21712 -7.86602  1.10875
 1.21756  -7.8598  1.10919
 1.21799 -7.85359  1.10962
 1.21842 -7.84739  1.11005
 1.21886 -7.84119  1.11049
 1.21929   -7.835  1.11049
 1.21972 -7.82882  1.11092
 1.22016 -7.82264  1.11135
 1.22059 -7.81647  1.11179
 1.22102  -7.8103  1.11222
 1.22146 -7.80415  1.11265
 1.22189   -7.798  1.11265
 1.22232 -7.79185  1.11309
 1.22276 -7.78571  1.11352
 1.22319 -7.77958  1.11395
 1.22362 -7.77345  1.11439
 1.22406 -7.76734  1.11439
 1.22449 -7.76122  1.11482
 1.22492 -7.75511  1.11526
 1.22536 -7.74901  1.11569
 1.22579 -7.74292  1.11612
 1.22623 -7.73684  1.11656
 1.22666 -7.73075  1.11656
 1.22709 -7.72468  1.11699
 1.22753 -7.71861  1.11742
 1.22796 -7.71255  1.11786
 1.22839 -7.70649  1.11829
 1.22883 -7.70044  1.11829
 1.22926  -7.6944  1.11872
 1.22969 -7.68836  1.11916
 1.23013 -7.68233  1.11959
 1.23056 -7.67631  1.12002
 1.23099 -7.67029  1.12002
 1.23143 -7.66428  1.12046
 1.23186 -7.65827  1.12089
 1.23229 -7.65228  1.12132
 1.23273 -7.64628  1.12176
 1.23316  -7.6403  1.12219
 1.23359 -7.63432  1.12219
 1.23403 -7.62834  1.12262
 1.23446 -7.62237  1.12306
 1.23489 -7.61641  1.12349
 1.23533 -7.61046  1.12392
 1.23576 -7.60451  1.12392
  1.2362 -7.59857  1.12436
 1.23663 -7.59263  1.12479
 1.23706  -7.5867  1.12523
  1.2375 -7.58077  1.12566
 1.23793 -7.57486  1.12609
 1.23836 -7.56894  1.12609
  1.2388 -7.56304  1.12653
 1.23923 -7.55714  1.12696
 1.23966 -7.55124  1.12739
  1.2401 -7.54536  1.12783
 1.24053 -7.53947  1.12783
 1.24096  -7.5336  1.12826
  1.2414 -7.52773  1.12869
 1.24183 -7.52186  1.12913
 1.24226 -7.51601  1.12956
  1.2427 -7.51016  1.12999
 1.24313 -7.50431  1.12999
 1.24356 -7.49847  1.13043
   1.244 -7.49264  1.13086
 1.24443 -7.48681  1.13129
 1.24486 -7.48099  1.13173
  1.2453 -7.47518  1.13173
 1.24573 -7.46937  1.13216
 1.24617 -7.46356  1.13259
  1.2466 -7.45776  1.13303
 1.24703 -7.45197  1.13346
 1.24747 -7.44619  1.13389
  1.2479 -7.44041  1.13389
 1.24833 -7.43464  1.13433
 1.24877 -7.42887  1.13476
  1.2492 -7.42311   1.1352
 1.24963 -7.41735  1.13563
 1.25007  -7.4116  1.13563
  1.2505 -7.40586  1.13606
 1.25093 -7.40012   1.1365
 1.25137 -7.39439  1.13693
  1.2518 -7.38866  1.13736
 1.25223 -7.38295   1.1378
 1.25267 -7.37723   1.1378
  1.2531 -7.37152  1.13823
 1.25353 -7.36582  1.13866
 1.25397 -7.36012   1.1391
  1.2544 -7.35443  1.13953
 1.25483 -7.34875  1.13953
 1.25527 -7.34307  1.13996
  1.2557 -7.33739   1.1404
 1.25614 -7.33173  1.14083
 1.25657 -7.32607  1.14126
   1.257 -7.32041   1.1417
 1.25744 -7.31476   1.1417
 1.25787 -7.30911  1.14213
  1.2583 -7.30348  1.14256
 1.25874 -7.29784    1.143
 1.25917 -7.29222  1.14343
  1.2596  -7.2866  1.14343
 1.26004 -7.28098  1.14386
 1.26047 -7.27537   1.1443
  1.2609 -7.26977  1.14473
 1.26134 -7.26417  1.14517
 1.26177 -7.25858  1.14517
  1.2622 -7.25299   1.1456
 1.26264 -7.24741  1.14603
 1.26307 -7.24183  1.14647
  1.2635 -7.23627   1.1469
 1.26394  -7.2307  1.14733
 1.26437 -7.22514  1.14733
  1.2648 -7.21959  1.14777
 1.26524 -7.21404   1.1482
 1.26567  -7.2085  1.14863
 1.26611 -7.20297  1.14907
 1.26654 -7.19744  1.14907
 1.26697 -7.19191   1.1495
 1.26741 -7.18639  1.14993
 1.26784 -7.18088  1.15037
 1.26827 -7.17537   1.1508
 1.26871 -7.16987  1.15123
 1.26914 -7.16438  1.15123
 1.26957 -7.15888  1.15167
 1.27001  -7.1534   1.1521
 1.27044 -7.14792  1.15253
 1.27087 -7.14245  1.15297
 1.27131 -7.13698  1.15297
 1.27174 -7.13152   1.1534
 1.27217 -7.12606  1.15383
 1.27261 -7.12061  1.15427
 1.27304 -7.11516   1.1547
 1.27347 -7.10972  1.15514
 1.27391 -7.10429  1.15514
 1.27434 -7.09885  1.15557
 1.27477 -7.09343    1.156
 1.27521 -7.08801  1.15644
 1.27564  -7.0826  1.15687
 1.27608 -7.07719  1.15687
 1.27651 -7.07179   1.1573
 1.27694 -7.06639  1.15774
 1.27738   -7.061  1.15817
 1.27781 -7.05562   1.1586
 1.27824 -7.05024  1.15904
 1.27868 -7.04486  1.15904
 1.27911 -7.03949  1.15947
 1.27954 -7.03413   1.1599
 1.27998 -7.02877  1.16034
 1.28041 -7.02342  1.16077
 1.28084 -7.01807  1.16077
 1.28128 -7.01273   1.1612
 1.28171 -7.00739  1.16164
 1.28214 -7.00206  1.16207
 1.28258 -6.99673   1.1625
 1.28301 -6.99141   1.1625
 1.28344  -6.9861  1.16294
 1.28388 -6.98078  1.16337
 1.28431 -6.97548   1.1638
 1.28474 -6.97018  1.16424
 1.28518 -6.96489  1.16467
 1.28561  -6.9596  1.16467
 1.28605 -6.95431  1.16511
 1.28648 -6.94904  1.16554
 1.28691 -6.94376  1.16597
 1.28735  -6.9385  1.16641
 1.28778 -6.93324  1.16641
 1.28821 -6.92798  1.16684
 1.28865 -6.92273  1.16727
 1.28908 -6.91748  1.16771
 1.28951 -6.91224  1.16814
 1.28995 -6.90701  1.16857
 1.29038 -6.90177  1.16857
 1.29081 -6.89655  1.16901
 1.29125 -6.89133  1.16944
 1.29168 -6.88611  1.16987
 1.29211 -6.88091  1.17031
 1.29255  -6.8757  1.17031
 1.29298  -6.8705  1.17074
 1.29341 -6.86531  1.17117
 1.29385 -6.86012  1.17161
 1.29428 -6.85494  1.17204
 1.29471 -6.84976  1.17204
 1.29515 -6.84458  1.17247
 1.29558 -6.83942  1.17291
 1.29602 -6.83425  1.17334
 1.29645  -6.8291  1.17377
 1.29688 -6.82394  1.17421
 1.29732  -6.8188  1.17421
 1.29775 -6.81365  1.17464
 1.29818 -6.80852  1.17508
 1.29862 -6.80339  1.17551
 1.29905 -6.79826  1.17594
 1.29948 -6.79314  1.17594
 1.29992 -6.78802  1.17638
 1.30035 -6.78291  1.17681
 1.30078  -6.7778  1.17724
 1.30122  -6.7727  1.17768
 1.30165 -6.76761  1.17811
 1.30208 -6.76252  1.17811
 1.30252 -6.75743  1.17854
 1.30295 -6.75235  1.17898
 1.30338 -6.74727  1.17941
 1.30382  -6.7422  1.17984
 1.30425 -6.73714  1.17984
 1.30468 -6.73208  1.18028
 1.30512 -6.72702  1.18071
 1.30555 -6.72197  1.18114
 1.30599 -6.71693  1.18158
 1.30642 -6.71189  1.18158
 1.30685 -6.70685  1.18201
 1.30729 -6.70182  1.18244
 1.30772 -6.69679  1.18288
 1.30815 -6.69177  1.18331
 1.30859 -6.68676  1.18374
 1.30902 -6.68175  1.18374
 1.30945 -6.67674  1.18418
 1.30989 -6.67174  1.18461
 1.31032 -6.66675  1.18505
 1.31075 -6.66176  1.18548
 1.31119 -6.65677  1.18548
 1.31162 -6.65179  1.18591
 1.31205 -6.64681  1.18635
 1.31249 -6.64184  1.18678
 1.31292 -6.63688  1.18721
 1.31335 -6.63192  1.18765
 1.31379 -6.62696  1.18765
 1.31422 -6.62201  1.18808
 1.31465 -6.61706  1.18851
 1.31509 -6.61212  1.18895
 1.31552 -6.60719  1.18938
 1.31596 -6.60225  1.18938
 1.31639 -6.59733  1.18981
 1.31682  -6.5924  1.19025
 1.31726 -6.58749  1.19068
 1.31769 -6.58258  1.19111
 1.31812 -6.57767  1.19155
 1.31856 -6.57277  1.19155
 1.31899 -6.56787  1.19198
 1.31942 -6.56298  1.19241
 1.31986 -6.55809  1.19285
 1.32029 -6.55321  1.19328
 1.32072 -6.54833  1.19328
 1.32116 -6.54345  1.19371
 1.32159 -6.53858  1.19415
 1.32202 -6.53372  1.19458
 1.32246 -6.52886  1.19502
 1.32289 -6.52401  1.19502
 1.32332 -6.51916  1.19545
 1.32376 -6.51431  1.19588
 1.32419 -6.50947  1.19632
 1.32462 -6.50464  1.19675
 1.32506 -6.49981  1.19718
 1.32549 -6.49498  1.19718
 1.32593 -6.49016  1.19762
 1.32636 -6.48535  1.19805
 1.32679 -6.48053  1.19848
 1.32723 -6.47573  1.19892
 1.32766 -6.47093  1.19892
 1.32809 -6.46613  1.19935
 1.32853 -6.46134  1.19978
 1.32896 -6.45655  1.20022
 1.32939 -6.45176  1.20065
 1.32983 -6.44699  1.20108
 1.33026 -6.44221  1.20108
 1.33069 -6.43744  1.20152
 1.33113 -6.43268  1.20195
 1.33156 -6.42792  1.20238
 1.33199 -6.42317  1.20282
 1.33243 -6.41842  1.20282
 1.33286 -6.41367  1.20325
 1.33329 -6.40893  1.20368
 1.33373 -6.40419  1.20412
 1.33416 -6.39946  1.20455
 1.33459 -6.39473  1.20455
 1.33503 -6.39001  1.20498
 1.33546 -6.38529  1.20542
  1.3359 -6.38058  1.20585
 1.33633 -6.37587  1.20629
 1.33676 -6.37117  1.20672
  1.3372 -6.36647  1.20672
 1.33763 -6.36177  1.20715
 1.33806 -6.35708  1.20759
  1.3385 -6.35239  1.20802
 1.33893 -6.34771  1.20845
 1.33936 -6.34304  1.20845
  1.3398 -6.33837  1.20889
 1.34023  -6.3337  1.20932
 1.34066 -6.32903  1.20975
  1.3411 -6.32438  1.21019
 1.34153 -6.31972  1.21062
 1.34196 -6.31507  1.21062
  1.3424 -6.31043  1.21105
 1.34283 -6.30579  1.21149
 1.34326 -6.30115  1.21192
  1.3437 -6.29652  1.21235
 1.34413  -6.2919  1.21235
 1.34456 -6.28727  1.21279
   1.345 -6.28265  1.21322
 1.34543 -6.27804  1.21365
 1.34587 -6.27343  1.21409
  1.3463 -6.26883  1.21409
 1.34673 -6.26423  1.21452
 1.34717 -6.25963  1.21495
  1.3476 -6.25504  1.21539
 1.34803 -6.25046  1.21582
 1.34847 -6.24588  1.21626
  1.3489  -6.2413  1.21626
 1.34933 -6.23672  1.21669
 1.34977 -6.23215  1.21712
  1.3502 -6.22759  1.21756
 1.35063 -6.22303  1.21799
 1.35107 -6.21848  1.21799
  1.3515 -6.21392  1.21842
 1.35193 -6.20938  1.21886
 1.35237 -6.20484  1.21929
  1.3528  -6.2003  1.21972
 1.35323 -6.19577  1.22016
 1.35367 -6.19124  1.22016
  1.3541 -6.18671  1.22059
 1.35453 -6.18219  1.22102
 1.35497 -6.17768  1.22146
  1.3554 -6.17316  1.22189
 1.35584 -6.16866  1.22189
 1.35627 -6.16415  1.22232
  1.3567 -6.15966  1.22276
 1.35714 -6.15516  1.22319
 1.35757 -6.15067  1.22362
   1.358 -6.14619  1.22362
 1.35844 -6.14171  1.22406
 1.35887 -6.13723  1.22449
  1.3593 -6.13276  1.22492
 1.35974 -6.12829  1.22536
 1.36017 -6.12383  1.22579
  1.3606 -6.11937  1.22579
 1.36104 -6.11491  1.22623
 1.36147 -6.11046  1.22666
  1.3619 -6.10601  1.22709
 1.36234 -6.10157  1.22753
 1.36277 -6.09713  1.22753
  1.3632  -6.0927  1.22796
 1.36364 -6.08827  1.22839
 1.36407 -6.08384  1.22883
  1.3645 -6.07942  1.22926
 1.36494 -6.07501  1.22969
 1.36537 -6.07059  1.22969
 1.36581 -6.06619  1.23013
 1.36624 -6.06178  1.23056
 1.36667 -6.05738  1.23099
 1.36711 -6.05299  1.23143
 1.36754  -6.0486  1.23143
 1.36797 -6.04421  1.23186
 1.36841 -6.03982  1.23229
 1.36884 -6.03545  1.23273
 1.36927 -6.03107  1.23316
 1.36971  -6.0267  1.23316
 1.37014 -6.02234  1.23359
 1.37057 -6.01797  1.23403
 1.37101 -6.01361  1.23446
 1.37144 -6.00926  1.23489
 1.37187 -6.00491  1.23533
 1.37231 -6.00057  1.23533
 1.37274 -5.99623  1.23576
 1.37317 -5.99189   1.2362
 1.37361 -5.98756  1.23663
 1.37404 -5.98323  1.23706
 1.37447  -5.9789  1.23706
 1.37491 -5.97458   1.2375
 1.37534 -5.97027  1.23793
 1.37578 -5.96595  1.23836
 1.37621 -5.96165   1.2388
 1.37664 -5.95734   1.2388
 1.37708 -5.95304  1.23923
 1.37751 -5.94875  1.23966
 1.37794 -5.94446   1.2401
 1.37838 -5.94017  1.24053
 1.37881 -5.93589  1.24096
 1.37924 -5.93161  1.24096
 1.37968 -5.92733   1.2414
 1.38011 -5.92306  1.24183
 1.38054 -5.91879  1.24226
 1.38098 -5.91453   1.2427
 1.38141 -5.91027   1.2427
 1.38184 -5.90602  1.24313
 1.38228 -5.90176  1.24356
 1.38271 -5.89752    1.244
 1.38314 -5.89328  1.24443
 1.38358 -5.88904  1.24486
 1.38401  -5.8848  1.24486
 1.38444 -5.88057   1.2453
 1.38488 -5.87634  1.24573
 1.38531 -5.87212  1.24617
 1.38575  -5.8679   1.2466
 1.38618 -5.86369   1.2466
 1.38661 -5.85948  1.24703
 1.38705 -5.85527  1.24747
 1.38748 -5.85107   1.2479
 1.38791 -5.84687  1.24833
 1.38835 -5.84268  1.24833
 1.38878 -5.83849  1.24877
 1.38921  -5.8343   1.2492
 1.38965 -5.83012  1.24963
 1.39008 -5.82594  1.25007
 1.39051 -5.82176   1.2505
 1.39095 -5.81759   1.2505
 1.39138 -5.81342  1.25093
 1.39181 -5.80926  1.25137
 1.39225  -5.8051   1.2518
 1.39268 -5.80095  1.25223
 1.39311  -5.7968  1.25223
 1.39355 -5.79265  1.25267
 1.39398 -5.78851   1.2531
 1.39441 -5.78437  1.25353
 1.39485 -5.78023  1.25397
 1.39528  -5.7761  1.25397
 1.39572 -5.77197   1.2544
 1.39615 -5.76785  1.25483
 1.39658 -5.76373  1.25527
 1.39702 -5.75961   1.2557
 1.39745  -5.7555  1.25614
 1.39788 -5.75139  1.25614
 1.39832 -5.74729  1.25657
 1.39875 -5.74319    1.257
 1.39918 -5.73909  1.25744
 1.39962   -5.735  1.25787
 1.40005 -5.73091  1.25787
 1.40048 -5.72683   1.2583
 1.40092 -5.72274  1.25874
 1.40135 -5.71867  1.25917
 1.40178 -5.71459   1.2596
 1.40222 -5.71053  1.26004
 1.40265 -5.70646  1.26004
 1.40308  -5.7024  1.26047
 1.40352 -5.69834   1.2609
 1.40395 -5.69428  1.26134
 1.40438 -5.69023  1.26177
 1.40482 -5.68619  1.26177
 1.40525 -5.68214   1.2622
 1.40569  -5.6781  1.26264
 1.40612 -5.67407  1.26307
 1.40655 -5.67004   1.2635
 1.40699 -5.66601  1.26394
 1.40742 -5.66199  1.26394
 1.40785 -5.65797  1.26437
 1.40829 -5.65395   1.2648
 1.40872 -5.64994  1.26524
 1.40915 -5.64593  1.26567
 1.40959 -5.64192  1.26567
 1.41002 -5.63792  1.26611
 1.41045 -5.63392  1.26654
 1.41089 -5.62993  1.26697
 1.41132 -5.62594  1.26741
 1.41175 -5.62195  1.26741
 1.41219 -5.61797  1.26784
 1.41262 -5.61399  1.26827
 1.41305 -5.61002  1.26871
 1.41349 -5.60605  1.26914
 1.41392 -5.60208  1.26957
 1.41435 -5.59811  1.26957
 1.41479 -5.59415  1.27001
 1.41522  -5.5902  1.27044
 1.41566 -5.58624  1.27087
 1.41609  -5.5823  1.27131
 1.41652 -5.57835  1.27131
 1.41696 -5.57441  1.27174
 1.41739 -5.57047  1.27217
 1.41782 -5.56654  1.27261
 1.41826  -5.5626  1.27304
 1.41869 -5.55868  1.27304
 1.41912 -5.55475  1.27347
 1.41956 -5.55083  1.27391
 1.41999 -5.54692  1.27434
 1.42042 -5.54301  1.27477
 1.42086  -5.5391  1.27521
 1.42129 -5.53519  1.27521
 1.42172 -5.53129  1.27564
 1.42216 -5.52739  1.27608
 1.42259  -5.5235  1.27651
 1.42302 -5.51961  1.27694
 1.42346 -5.51572  1.27694
 1.42389 -5.51184  1.27738
 1.42432 -5.50796  1.27781
 1.42476 -5.50408  1.27824
 1.42519 -5.50021  1.27868
 1.42563 -5.49634  1.27868
 1.42606 -5.49247  1.27911
 1.42649 -5.48861  1.27954
 1.42693 -5.48475  1.27998
 1.42736  -5.4809  1.28041
 1.42779 -5.47705  1.28084
 1.42823  -5.4732  1.28084
 1.42866 -5.46936  1.28128
 1.42909 -5.46551  1.28171
 1.42953 -5.46168  1.28214
 1.42996 -5.45785  1.28258
 1.43039 -5.45402  1.28258
 1.43083 -5.45019  1.28301
 1.43126 -5.44637  1.28344
 1.43169 -5.44255  1.28388
 1.43213 -5.43873  1.28431
 1.43256 -5.43492  1.28431
 1.43299 -5.43111  1.28474
 1.43343 -5.42731  1.28518
 1.43386  -5.4235  1.28561
 1.43429 -5.41971  1.28605
 1.43473 -5.41591  1.28648
 1.43516 -5.41212  1.28648
  1.4356 -5.40833  1.28691
 1.43603 -5.40455  1.28735
 1.43646 -5.40077  1.28778
  1.4369 -5.39699  1.28821
 1.43733 -5.39322  1.28821
 1.43776 -5.38945  1.28865
  1.4382 -5.38568  1.28908
 1.43863 -5.38192  1.28951
 1.43906 -5.37816  1.28995
  1.4395 -5.37441  1.28995
 1.43993 -5.37065  1.29038
 1.44036  -5.3669  1.29081
  1.4408 -5.36316  1.29125
 1.44123 -5.35942  1.29168
 1.44166 -5.35568  1.29211
  1.4421 -5.35194  1.29211
 1.44253 -5.34821  1.29255
 1.44296 -5.34448  1.29298
  1.4434 -5.34076  1.29341
 1.44383 -5.33703  1.29385
 1.44426 -5.33332  1.29385
  1.4447  -5.3296  1.29428
 1.44513 -5.32589  1.29471
 1.44557 -5.32218  1.29515
   1.446 -5.31848  1.29558
 1.44643 -5.31478  1.29602
 1.44687 -5.31108  1.29602
  1.4473 -5.30738  1.29645
 1.44773 -5.30369  1.29688
 1.44817 -5.30001  1.29732
  1.4486 -5.29632  1.29775
 1.44903 -5.29264  1.29775
 1.44947 -5.28896  1.29818
  1.4499 -5.28529  1.29862
 1.45033 -5.28162  1.29905
 1.45077 -5.27795  1.29948
  1.4512 -5.27429  1.29948
 1.45163 -5.27063  1.29992
 1.45207 -5.26697  1.30035
  1.4525 -5.26332  1.30078
 1.45293 -5.25967  1.30122
 1.45337 -5.25602  1.30165
  1.4538 -5.25237  1.30165
 1.45423 -5.24873  1.30208
 1.45467  -5.2451  1.30252
  1.4551 -5.24146  1.30295
 1.45554 -5.23783  1.30338
 1.45597 -5.23421  1.30338
  1.4564 -5.23058  1.30382
 1.45684 -5.22696  1.30425
 1.45727 -5.22334  1.30468
  1.4577 -5.21973  1.30512
 1.45814 -5.21612  1.30512
 1.45857 -5.21251  1.30555
   1.459 -5.20891  1.30599
 1.45944 -5.20531  1.30642
 1.45987 -5.20171  1.30685
  1.4603 -5.19812  1.30729
 1.46074 -5.19452  1.30729
 1.46117 -5.19094  1.30772
  1.4616 -5.18735  1.30815
 1.46204 -5.18377  1.30859
 1.46247 -5.18019  1.30902
  1.4629 -5.17662  1.30902
 1.46334 -5.17305  1.30945
 1.46377 -5.16948  1.30989
  1.4642 -5.16591  1.31032
 1.46464 -5.16235  1.31075
 1.46507  -5.1588  1.31075
 1.46551 -5.15524  1.31119
 1.46594 -5.15169  1.31162
 1.46637 -5.14814  1.31205
 1.46681 -5.14459  1.31249
 1.46724 -5.14105  1.31249
 1.46767 -5.13751  1.31292
 1.46811 -5.13398  1.31335
 1.46854 -5.13044  1.31379
 1.46897 -5.12691  1.31422
 1.46941 -5.12339  1.31465
 1.46984 -5.11987  1.31465
 1.47027 -5.11635  1.31509
 1.47071 -5.11283  1.31552
 1.47114 -5.10931  1.31596
 1.47157 -5.10581  1.31639
 1.47201  -5.1023  1.31639
 1.47244 -5.09879  1.31682
 1.47287 -5.09529  1.31726
 1.47331  -5.0918  1.31769
 1.47374  -5.0883  1.31812
 1.47417 -5.08481  1.31856
 1.47461 -5.08132  1.31856
 1.47504 -5.07784  1.31899
 1.47548 -5.07436  1.31942
 1.47591 -5.07088  1.31986
 1.47634  -5.0674  1.32029
 1.47678 -5.06393  1.32029
 1.47721 -5.06046  1.32072
 1.47764 -5.05699  1.32116
 1.47808 -5.05353  1.32159
 1.47851 -5.05007  1.32202
 1.47894 -5.04662  1.32202
 1.47938 -5.04316  1.32246
 1.47981 -5.03971  1.32289
 1.48024 -5.03626  1.32332
 1.48068 -5.03282  1.32376
 1.48111 -5.02938  1.32419
 1.48154 -5.02594  1.32419
 1.48198 -5.02251  1.32462
 1.48241 -5.01907  1.32506
 1.48284 -5.01565  1.32549
 1.48328 -5.01222  1.32593
 1.48371  -5.0088  1.32593
 1.48414 -5.00538  1.32636
 1.48458 -5.00196  1.32679
 1.48501 -4.99855  1.32723
 1.48545 -4.99514  1.32766
 1.48588 -4.99173  1.32766
 1.48631 -4.98833  1.32809
 1.48675 -4.98493  1.32853
 1.48718 -4.98153  1.32896
 1.48761 -4.97813  1.32939
 1.48805 -4.97474  1.32983
 1.48848 -4.97135  1.32983
 1.48891 -4.96797  1.33026
 1.48935 -4.96458  1.33069
 1.48978 -4.96121  1.33113
 1.49021 -4.95783  1.33156
 1.49065 -4.95446  1.33156
 1.49108 -4.95108  1.33199
 1.49151 -4.94772  1.33243
 1.49195 -4.94435  1.33286
 1.49238 -4.94099  1.33329
 1.49281 -4.93763  1.33329
 1.49325 -4.93428  1.33373
 1.49368 -4.93092  1.33416
 1.49411 -4.92758  1.33459
 1.49455 -4.92423  1.33503
 1.49498 -4.92089  1.33546
 1.49542 -4.91755  1.33546
 1.49585 -4.91421   1.3359
 1.49628 -4.91087  1.33633
 1.49672 -4.90754  1.33676
 1.49715 -4.90421   1.3372
 1.49758 -4.90089   1.3372
 1.49802 -4.89757  1.33763
 1.49845 -4.89425  1.33806
 1.49888 -4.89093   1.3385
 1.49932 -4.88762  1.33893
 1.49975 -4.88431  1.33893
 1.50018   -4.881  1.33936
 1.50062 -4.87769   1.3398
 1.50105 -4.87439  1.34023
 1.50148 -4.87109  1.34066
 1.50192  -4.8678   1.3411
 1.50235  -4.8645   1.3411
 1.50278 -4.86121  1.34153
 1.50322 -4.85792  1.34196
 1.50365 -4.85464   1.3424
 1.50408 -4.85136  1.34283
 1.50452 -4.84808  1.34283
 1.50495 -4.84481  1.34326
 1.50539 -4.84153   1.3437
 1.50582 -4.83826  1.34413
 1.50625   -4.835  1.34456
 1.50669 -4.83173  1.34456
 1.50712 -4.82847    1.345
 1.50755 -4.82521  1.34543
 1.50799 -4.82196  1.34587
 1.50842 -4.81871   1.3463
 1.50885 -4.81546  1.34673
 1.50929 -4.81221  1.34673
 1.50972 -4.80897  1.34717
 1.51015 -4.80573   1.3476
 1.51059 -4.80249  1.34803
 1.51102 -4.79926  1.34847
 1.51145 -4.79602  1.34847
 1.51189 -4.79279   1.3489
 1.51232 -4.78957  1.34933
 1.51275 -4.78634  1.34977
 1.51319 -4.78312   1.3502
 1.51362 -4.77991   1.3502
 1.51405 -4.77669  1.35063
 1.51449 -4.77348  1.35107
 1.51492 -4.77027   1.3515
 1.51536 -4.76706  1.35193
 1.51579 -4.76386  1.35237
 1.51622 -4.76066  1.35237
 1.51666 -4.75746   1.3528
 1.51709 -4.75427  1.35323
 1.51752 -4.75107  1.35367
 1.51796 -4.74789   1.3541
 1.51839  -4.7447   1.3541
 1.51882 -4.74151  1.35453
 1.51926 -4.73833  1.35497
 1.51969 -4.73516   1.3554
 1.52012 -4.73198  1.35584
 1.52056 -4.72881  1.35584
 1.52099 -4.72564  1.35627
 1.52142 -4.72247   1.3567
 1.52186 -4.71931  1.35714
 1.52229 -4.71615  1.35757
 1.52272 -4.71299    1.358
 1.52316 -4.70983    1.358
 1.52359 -4.70668  1.35844
 1.52402 -4.70353  1.35887
 1.52446 -4.70038   1.3593
 1.52489 -4.69724  1.35974
 1.52533  -4.6941  1.35974
 1.52576 -4.69096  1.36017
 1.52619 -4.68782   1.3606
 1.52663 -4.68469  1.36104
 1.52706 -4.68156  1.36147
 1.52749 -4.67843  1.36147
 1.52793  -4.6753   1.3619
 1.52836 -4.67218  1.36234
 1.52879 -4.66906  1.36277
 1.52923 -4.66594   1.3632
 1.52966 -4.66283   1.3632
 1.53009 -4.65972  1.36364
 1.53053 -4.65661  1.36407
 1.53096  -4.6535   1.3645
 1.53139  -4.6504  1.36494
 1.53183  -4.6473  1.36537
 1.53226  -4.6442  1.36537
 1.53269 -4.64111  1.36581
 1.53313 -4.63801  1.36624
 1.53356 -4.63492  1.36667
 1.53399 -4.63184  1.36711
 1.53443 -4.62875  1.36711
 1.53486 -4.62567  1.36754
  1.5353 -4.62259  1.36797
 1.53573 -4.61952  1.36841
 1.53616 -4.61644  1.36884
  1.5366 -4.61337  1.36884
 1.53703  -4.6103  1.36927
 1.53746 -4.60724  1.36971
  1.5379 -4.60418  1.37014
 1.53833 -4.60112  1.37057
 1.53876 -4.59806  1.37101
  1.5392   -4.595  1.37101
 1.53963 -4.59195  1.37144
 1.54006  -4.5889  1.37187
  1.5405 -4.58586  1.37231
 1.54093 -4.58281  1.37274
 1.54136 -4.57977  1.37274
  1.5418 -4.57673  1.37317
 1.54223  -4.5737  1.37361
 1.54266 -4.57066  1.37404
  1.5431 -4.56763  1.37447
 1.54353  -4.5646  1.37447
 1.54396 -4.56158  1.37491
  1.5444 -4.55856  1.37534
 1.54483 -4.55553  1.37578
 1.54527 -4.55252  1.37621
  1.5457  -4.5495  1.37664
 1.54613 -4.54649  1.37664
 1.54657 -4.54348  1.37708
   1.547 -4.54047  1.37751
 1.54743 -4.53747  1.37794
 1.54787 -4.53447  1.37838
  1.5483 -4.53147  1.37838
 1.54873 -4.52847  1.37881
 1.54917 -4.52548  1.37924
  1.5496 -4.52249  1.37968
 1.55003  -4.5195  1.38011
 1.55047 -4.51651  1.38011
  1.5509 -4.51353  1.38054
 1.55133 -4.51055  1.38098
 1.55177 -4.50757  1.38141
  1.5522 -4.50459  1.38184
 1.55263 -4.50162  1.38228
 1.55307 -4.49865  1.38228
  1.5535 -4.49568  1.38271
 1.55393 -4.49272  1.38314
 1.55437 -4.48975  1.38358
  1.5548 -4.48679  1.38401
 1.55524 -4.48384  1.38401
 1.55567 -4.48088  1.38444
  1.5561 -4.47793  1.38488
 1.55654 -4.47498  1.38531
 1.55697 -4.47203  1.38575
  1.5574 -4.46909  1.38575
 1.55784 -4.46614  1.38618
 1.55827  -4.4632  1.38661
  1.5587 -4.46027  1.38705
 1.55914 -4.45733  1.38748
 1.55957  -4.4544  1.38748
    1.56 -4.45147  1.38791
 1.56044 -4.44854  1.38835
 1.56087 -4.44562  1.38878
  1.5613  -4.4427  1.38921
 1.56174 -4.43978  1.38965
 1.56217 -4.43686  1.38965
  1.5626 -4.43394  1.39008
 1.56304 -4.43103  1.39051
 1.56347 -4.42812  1.39095
  1.5639 -4.42522  1.39138
 1.56434 -4.42231  1.39138
 1.56477 -4.41941  1.39181
 1.56521 -4.41651  1.39225
 1.56564 -4.41361  1.39268
 1.56607 -4.41072  1.39311
 1.56651 -4.40783  1.39311
 1.56694 -4.40494  1.39355
 1.56737 -4.40205  1.39398
 1.56781 -4.39917  1.39441
 1.56824 -4.39628  1.39485
 1.56867 -4.39341  1.39528
 1.56911 -4.39053  1.39528
 1.56954 -4.38765  1.39572
 1.56997 -4.38478  1.39615
 1.57041 -4.38191  1.39658
 1.57084 -4.37905  1.39702
 1.57127 -4.37618  1.39702
 1.57171 -4.37332  1.39745
 1.57214 -4.37046  1.39788
 1.57257  -4.3676  1.39832
 1.57301 -4.36475  1.39875
 1.57344  -4.3619  1.39875
 1.57387 -4.35905  1.39918
 1.57431  -4.3562  1.39962
 1.57474 -4.35335  1.40005
 1.57518 -4.35051  1.40048
 1.57561 -4.34767  1.40092
 1.57604 -4.34483  1.40092
 1.57648   -4.342  1.40135
 1.57691 -4.33917  1.40178
 1.57734 -4.33634  1.40222
 1.57778 -4.33351  1.40265
 1.57821 -4.33068  1.40265
 1.57864 -4.32786  1.40308
 1.57908 -4.32504  1.40352
 1.57951 -4.32222  1.40395
 1.57994 -4.31941  1.40438
 1.58038 -4.31659  1.40438
 1.58081 -4.31378  1.40482
 1.58124 -4.31097  1.40525
 1.58168 -4.30817  1.40569
 1.58211 -4.30536  1.40612
 1.58254 -4.30256  1.40612
 1.58298 -4.29976  1.40655
 1.58341 -4.29697  1.40699
 1.58384 -4.29417  1.40742
 1.58428 -4.29138  1.40785
 1.58471 -4.28859  1.40829
 1.58515  -4.2858  1.40829
 1.58558 -4.28302  1.40872
 1.58601 -4.28024  1.40915
 1.58645 -4.27746  1.40959
 1.58688 -4.27468  1.41002
 1.58731 -4.27191  1.41002
 1.58775 -4.26913  1.41045
 1.58818 -4.26636  1.41089
 1.58861 -4.26359  1.41132
 1.58905 -4.26083  1.41175
 1.58948 -4.25807  1.41175
 1.58991  -4.2553  1.41219
 1.59035 -4.25255  1.41262
 1.59078 -4.24979  1.41305
 1.59121 -4.24704  1.41349
 1.59165 -4.24429  1.41392
 1.59208 -4.24154  1.41392
 1.59251 -4.23879  1.41435
 1.59295 -4.23604  1.41479
 1.59338  -4.2333  1.41522
 1.59381 -4.23056  1.41566
 1.59425 -4.22783  1.41566
 1.59468 -4.22509  1.41609
 1.59512 -4.22236  1.41652
 1.59555 -4.21963  1.41696
 1.59598  -4.2169  1.41739
 1.59642 -4.21417  1.41739
 1.59685 -4.21145  1.41782
 1.59728 -4.20873  1.41826
 1.59772 -4.20601  1.41869
 1.59815 -4.20329  1.41912
 1.59858 -4.20058  1.41956
 1.59902 -4.19787  1.41956
 1.59945 -4.19516  1.41999
 1.59988 -4.19245  1.42042
 1.60032 -4.18974  1.42086
 1.60075 -4.18704  1.42129
 1.60118 -4.18434  1.42129
 1.60162 -4.18164  1.42172
 1.60205 -4.17895  1.42216
 1.60248 -4.17625  1.42259
 1.60292 -4.17356  1.42302
 1.60335 -4.17087  1.42302
 1.60378 -4.16819  1.42346
 1.60422  -4.1655  1.42389
 1.60465 -4.16282  1.42432
 1.60509 -4.16014  1.42476
 1.60552 -4.15746  1.42519
 1.60595 -4.15479  1.42519
 1.60639 -4.15211  1.42563
 1.60682 -4.14944  1.42606
 1.60725 -4.14677  1.42649
 1.60769 -4.14411  1.42693
 1.60812 -4.14144  1.42693
 1.60855 -4.13878  1.42736
 1.60899 -4.13612  1.42779
 1.60942 -4.13347  1.42823
 1.60985 -4.13081  1.42866
 1.61029 -4.12816  1.42866
 1.61072 -4.12551  1.42909
 1.61115 -4.12286  1.42953
 1.61159 -4.12021  1.42996
 1.61202 -4.11757  1.43039
 1.61245 -4.11493  1.43039
 1.61289 -4.11229  1.43083
 1.61332 -4.10965  1.43126
 1.61375 -4.10701  1.43169
 1.61419 -4.10438  1.43213
 1.61462 -4.10175  1.43256
 1.61506 -4.09912  1.43256
 1.61549  -4.0965  1.43299
 1.61592 -4.09387  1.43343
 1.61636 -4.09125  1.43386
 1.61679 -4.08863  1.43429
 1.61722 -4.08602  1.43429
 1.61766  -4.0834  1.43473
 1.61809 -4.08079  1.43516
 1.61852 -4.07818   1.4356
 1.61896 -4.07557  1.43603
 1.61939 -4.07296  1.43603
 1.61982 -4.07036  1.43646
 1.62026 -4.06776   1.4369
 1.62069 -4.06516  1.43733
 1.62112 -4.06256  1.43776
 1.62156 -4.05996   1.4382
 1.62199 -4.05737   1.4382
 1.62242 -4.05478  1.43863
 1.62286 -4.05219  1.43906
 1.62329  -4.0496   1.4395
 1.62372 -4.04702  1.43993
 1.62416 -4.04444  1.43993
 1.62459 -4.04186  1.44036
 1.62503 -4.03928   1.4408
 1.62546  -4.0367  1.44123
 1.62589 -4.03413  1.44166
 1.62633 -4.03156  1.44166
 1.62676 -4.02899   1.4421
 1.62719 -4.02642  1.44253
 1.62763 -4.02386  1.44296
 1.62806 -4.02129   1.4434
 1.62849 -4.01873   1.4434
 1.62893 -4.01617  1.44383
 1.62936 -4.01362  1.44426
 1.62979 -4.01106   1.4447
 1.63023 -4.00851  1.44513
 1.63066 -4.00596  1.44557
 1.63109 -4.00341  1.44557
 1.63153 -4.00087    1.446
 1.63196 -3.99832  1.44643
 1.63239 -3.99578  1.44687
 1.63283 -3.99324   1.4473
 1.63326 -3.99071   1.4473
 1.63369 -3.98817  1.44773
 1.63413 -3.98564  1.44817
 1.63456 -3.98311   1.4486
 1.63499 -3.98058  1.44903
 1.63543 -3.97805  1.44903
 1.63586 -3.97553  1.44947
  1.6363   -3.973   1.4499
 1.63673 -3.97048  1.45033
 1.63716 -3.96796  1.45077
  1.6376 -3.96545   1.4512
 1.63803 -3.96293   1.4512
 1.63846 -3.96042  1.45163
  1.6389 -3.95791  1.45207
 1.63933  -3.9554   1.4525
 1.63976  -3.9529  1.45293
  1.6402 -3.95039  1.45293
 1.64063 -3.94789  1.45337
 1.64106 -3.94539   1.4538
  1.6415  -3.9429  1.45423
 1.64193  -3.9404  1.45467
 1.64236 -3.93791  1.45467
  1.6428 -3.93542   1.4551
 1.64323 -3.93293  1.45554
 1.64366 -3.93044  1.45597
  1.6441 -3.92796   1.4564
 1.64453 -3.92547   1.4564
 1.64496 -3.92299  1.45684
  1.6454 -3.92051  1.45727
 1.64583 -3.91804   1.4577
 1.64627 -3.91556  1.45814
  1.6467 -3.91309  1.45857
 1.64713 -3.91062  1.45857
 1.64757 -3.90815    1.459
   1.648 -3.90568  1.45944
 1.64843 -3.90322  1.45987
 1.64887 -3.90076   1.4603
  1.6493  -3.8983   1.4603
 1.64973 -3.89584  1.46074
 1.65017 -3.89338  1.46117
  1.6506 -3.89093   1.4616
 1.65103 -3.88847  1.46204
 1.65147 -3.88603  1.46204
  1.6519 -3.88358  1.46247
 1.65233 -3.88113   1.4629
 1.65277 -3.87869  1.46334
  1.6532 -3.87624  1.46377
 1.65363  -3.8738  1.46377
 1.65407 -3.87137   1.4642
  1.6545 -3.86893  1.46464
 1.65493  -3.8665  1.46507
 1.65537 -3.86406  1.46551
  1.6558 -3.86163  1.46594
 1.65624 -3.85921  1.46594
 1.65667 -3.85678  1.46637
  1.6571 -3.85436  1.46681
 1.65754 -3.85193  1.46724
 1.65797 -3.84951  1.46767
  1.6584  -3.8471  1.46767
 1.65884 -3.84468  1.46811
 1.65927 -3.84227  1.46854
  1.6597 -3.83985  1.46897
 1.66014 -3.83744  1.46941
 1.66057 -3.83504  1.46941
   1.661 -3.83263  1.46984
 1.66144 -3.83023  1.47027
 1.66187 -3.82782  1.47071
  1.6623 -3.82542  1.47114
 1.66274 -3.82303  1.47157
 1.66317 -3.82063  1.47157
  1.6636 -3.81824  1.47201
 1.66404 -3.81584  1.47244
 1.66447 -3.81345  1.47287
  1.6649 -3.81107  1.47331
 1.66534 -3.80868  1.47331
 1.66577 -3.80629  1.47374
 1.66621 -3.80391  1.47417
 1.66664 -3.80153  1.47461
 1.66707 -3.79915  1.47504
 1.66751 -3.79678  1.47504
 1.66794  -3.7944  1.47548
 1.66837 -3.79203  1.47591
 1.66881 -3.78966  1.47634
 1.66924 -3.78729  1.47678
 1.66967 -3.78492  1.47678
 1.67011 -3.78256  1.47721
 1.67054  -3.7802  1.47764
 1.67097 -3.77783  1.47808
 1.67141 -3.77548  1.47851
 1.67184 -3.77312  1.47894
 1.67227 -3.77076  1.47894
 1.67271 -3.76841  1.47938
 1.67314 -3.76606  1.47981
 1.67357 -3.76371  1.48024
 1.67401 -3.76136  1.48068
 1.67444 -3.75902  1.48068
 1.67487 -3.75667  1.48111
 1.67531 -3.75433  1.48154
 1.67574 -3.75199  1.48198
 1.67618 -3.74965  1.48241
 1.67661 -3.74732  1.48241
 1.67704 -3.74498  1.48284
 1.67748 -3.74265  1.48328
 1.67791 -3.74032  1.48371
 1.67834 -3.73799  1.48414
 1.67878 -3.73567  1.48458
 1.67921 -3.73334  1.48458
 1.67964 -3.73102  1.48501
 1.68008  -3.7287  1.48545
 1.68051 -3.72638  1.48588
 1.68094 -3.72406  1.48631
 1.68138 -3.72175  1.48631
 1.68181 -3.71943  1.48675
 1.68224 -3.71712  1.48718
 1.68268 -3.71481  1.48761
 1.68311 -3.71251  1.48805
 1.68354  -3.7102  1.48805
 1.68398  -3.7079  1.48848
 1.68441  -3.7056  1.48891
 1.68484  -3.7033  1.48935
 1.68528   -3.701  1.48978
 1.68571  -3.6987  1.48978
 1.68615 -3.69641  1.49021
 1.68658 -3.69411  1.49065
 1.68701 -3.69182  1.49108
 1.68745 -3.68954  1.49151
 1.68788 -3.68725  1.49195
 1.68831 -3.68496  1.49195
 1.68875 -3.68268  1.49238
 1.68918  -3.6804  1.49281
 1.68961 -3.67812  1.49325
 1.69005 -3.67584  1.49368
 1.69048 -3.67357  1.49368
 1.69091 -3.67129  1.49411
 1.69135 -3.66902  1.49455
 1.69178 -3.66675  1.49498
 1.69221 -3.66448  1.49542
 1.69265 -3.66222  1.49542
 1.69308 -3.65995  1.49585
 1.69351 -3.65769  1.49628
 1.69395 -3.65543  1.49672
 1.69438 -3.65317  1.49715
 1.69481 -3.65091  1.49715
 1.69525 -3.64865  1.49758
 1.69568  -3.6464  1.49802
 1.69612 -3.64415  1.49845
 1.69655  -3.6419  1.49888
 1.69698 -3.63965  1.49888
 1.69742  -3.6374  1.49932
 1.69785 -3.63516  1.49975
 1.69828 -3.63292  1.50018
 1.69872 -3.63068  1.50062
 1.69915 -3.62844  1.50105
 1.69958  -3.6262  1.50105
 1.70002 -3.62396  1.50148
 1.70045 -3.62173  1.50192
 1.70088  -3.6195  1.50235
 1.70132 -3.61727  1.50278
 1.70175 -3.61504  1.50278
 1.70218 -3.61281  1.50322
 1.70262 -3.61059  1.50365
 1.70305 -3.60837  1.50408
 1.70348 -3.60615  1.50452
 1.70392 -3.60393  1.50452
 1.70435 -3.60171  1.50495
 1.70478 -3.59949  1.50539
 1.70522 -3.59728  1.50582
 1.70565 -3.59507  1.50625
 1.70609 -3.59286  1.50669
 1.70652 -3.59065  1.50669
 1.70695 -3.58844  1.50712
 1.70739 -3.58624  1.50755
 1.70782 -3.58403  1.50799
 1.70825 -3.58183  1.50842
 1.70869 -3.57963  1.50842
 1.70912 -3.57743  1.50885
 1.70955 -3.57524  1.50929
 1.70999 -3.57304  1.50972
 1.71042 -3.57085  1.51015
 1.71085 -3.56866  1.51015
 1.71129 -3.56647  1.51059
 1.71172 -3.56428  1.51102
 1.71215  -3.5621  1.51145
 1.71259 -3.55992  1.51189
 1.71302 -3.55773  1.51189
 1.71345 -3.55555  1.51232
 1.71389 -3.55337  1.51275
 1.71432  -3.5512  1.51319
 1.71475 -3.54902  1.51362
 1.71519 -3.54685  1.51405
 1.71562 -3.54468  1.51405
 1.71606 -3.54251  1.51449
 1.71649 -3.54034  1.51492
 1.71692 -3.53817  1.51536
 1.71736 -3.53601  1.51579
 1.71779 -3.53385  1.51579
 1.71822 -3.53169  1.51622
 1.71866 -3.52953  1.51666
 1.71909 -3.52737  1.51709
 1.71952 -3.52521  1.51752
 1.71996 -3.52306  1.51752
 1.72039 -3.52091  1.51796
 1.72082 -3.51876  1.51839
 1.72126 -3.51661  1.51882
 1.72169 -3.51446  1.51926
 1.72212 -3.51231  1.51926
 1.72256 -3.51017  1.51969
 1.72299 -3.50803  1.52012
 1.72342 -3.50589  1.52056
 1.72386 -3.50375  1.52099
 1.72429 -3.50161  1.52142
 1.72472 -3.49948  1.52142
 1.72516 -3.49734  1.52186
 1.72559 -3.49521  1.52229
 1.72603 -3.49308  1.52272
 1.72646 -3.49095  1.52316
 1.72689 -3.48883  1.52316
 1.72733  -3.4867  1.52359
 1.72776 -3.48458  1.52402
 1.72819 -3.48246  1.52446
 1.72863 -3.48034  1.52489
 1.72906 -3.47822  1.52489
 1.72949  -3.4761  1.52533
 1.72993 -3.47399  1.52576
 1.73036 -3.47187  1.52619
 1.73079 -3.46976  1.52663
 1.73123 -3.46765  1.52663
 1.73166 -3.46554  1.52706
 1.73209 -3.46344  1.52749
 1.73253 -3.46133  1.52793
 1.73296 -3.45923  1.52836
 1.73339 -3.45713  1.52879
 1.73383 -3.45503  1.52879
 1.73426 -3.45293  1.52923
 1.73469 -3.45083  1.52966
 1.73513 -3.44874  1.53009
 1.73556 -3.44665  1.53053
   1.736 -3.44456  1.53053
 1.73643 -3.44247  1.53096
 1.73686 -3.44038  1.53139
  1.7373 -3.43829  1.53183
 1.73773 -3.43621  1.53226
 1.73816 -3.43412  1.53226
  1.7386 -3.43204  1.53269
 1.73903 -3.42996  1.53313
 1.73946 -3.42788  1.53356
  1.7399 -3.42581  1.53399
 1.74033 -3.42373  1.53399
 1.74076 -3.42166  1.53443
  1.7412 -3.41959  1.53486
 1.74163 -3.41752   1.5353
 1.74206 -3.41545  1.53573
  1.7425 -3.41338  1.53616
 1.74293 -3.41132  1.53616
 1.74336 -3.40926   1.5366
  1.7438 -3.40719  1.53703
 1.74423 -3.40513  1.53746
 1.74466 -3.40308   1.5379
  1.7451 -3.40102   1.5379
 1.74553 -3.39896  1.53833
 1.74597 -3.39691  1.53876
  1.7464 -3.39486   1.5392
 1.74683 -3.39281  1.53963
 1.74727 -3.39076  1.53963
  1.7477 -3.38871  1.54006
 1.74813 -3.38667   1.5405
 1.74857 -3.38462  1.54093
   1.749 -3.38258  1.54136
 1.74943 -3.38054  1.54136
 1.74987  -3.3785   1.5418
  1.7503 -3.37646  1.54223
 1.75073 -3.37443  1.54266
 1.75117 -3.37239   1.5431
  1.7516 -3.37036  1.54353
 1.75203 -3.36833  1.54353
 1.75247  -3.3663  1.54396
  1.7529 -3.36427   1.5444
 1.75333 -3.36225  1.54483
 1.75377 -3.36022  1.54527
  1.7542  -3.3582  1.54527
 1.75463 -3.35618   1.5457
 1.75507 -3.35416  1.54613
  1.7555 -3.35214  1.54657
 1.75594 -3.35013    1.547
 1.75637 -3.34811    1.547
  1.7568  -3.3461  1.54743
 1.75724 -3.34408  1.54787
 1.75767 -3.34207   1.5483
  1.7581 -3.34007  1.54873
 1.75854 -3.33806  1.54873
 1.75897 -3.33605  1.54917
  1.7594 -3.33405   1.5496
 1.75984 -3.33205  1.55003
 1.76027 -3.33005  1.55047
  1.7607 -3.32805   1.5509
 1.76114 -3.32605   1.5509
 1.76157 -3.32405  1.55133
   1.762 -3.32206  1.55177
 1.76244 -3.32007   1.5522
 1.76287 -3.31808  1.55263
  1.7633 -3.31609  1.55263
 1.76374  -3.3141  1.55307
 1.76417 -3.31211   1.5535
  1.7646 -3.31013  1.55393
 1.76504 -3.30814  1.55437
 1.76547 -3.30616  1.55437
 1.76591 -3.30418   1.5548
 1.76634  -3.3022  1.55524
 1.76677 -3.30023  1.55567
 1.76721 -3.29825   1.5561
 1.76764 -3.29628   1.5561
 1.76807  -3.2943  1.55654
 1.76851 -3.29233  1.55697
 1.76894 -3.29036   1.5574
 1.76937 -3.28839  1.55784
 1.76981 -3.28643  1.55827
 1.77024 -3.28446  1.55827
 1.77067  -3.2825   1.5587
 1.77111 -3.28054  1.55914
 1.77154 -3.27858  1.55957
 1.77197 -3.27662     1.56
 1.77241 -3.27466     1.56
 1.77284 -3.27271  1.56044
 1.77327 -3.27075  1.56087
 1.77371  -3.2688   1.5613
 1.77414 -3.26685  1.56174
 1.77457  -3.2649  1.56174
 1.77501 -3.26295  1.56217
 1.77544   -3.261   1.5626
 1.77588 -3.25906  1.56304
 1.77631 -3.25712  1.56347
 1.77674 -3.25518  1.56347
 1.77718 -3.25323   1.5639
 1.77761  -3.2513  1.56434
 1.77804 -3.24936  1.56477
 1.77848 -3.24742  1.56521
 1.77891 -3.24549  1.56564
 1.77934 -3.24356  1.56564
 1.77978 -3.24162  1.56607
 1.78021 -3.23969  1.56651
 1.78064 -3.23777  1.56694
 1.78108 -3.23584  1.56737
 1.78151 -3.23391  1.56737
 1.78194 -3.23199  1.56781
 1.78238 -3.23007  1.56824
 1.78281 -3.22815  1.56867
 1.78324 -3.22623  1.56911
 1.78368 -3.22431  1.56911
 1.78411 -3.22239  1.56954
 1.78454 -3.22048  1.56997
 1.78498 -3.21857  1.57041
 1.78541 -3.21665  1.57084
 1.78585 -3.21474  1.57084
 1.78628 -3.21283  1.57127
 1.78671 -3.21093  1.57171
 1.78715 -3.20902  1.57214
 1.78758 -3.20712  1.57257
 1.78801 -3.20521  1.57301
 1.78845 -3.20331  1.57301
 1.78888 -3.20141  1.57344
 1.78931 -3.19951  1.57387
 1.78975 -3.19762  1.57431
 1.79018 -3.19572  1.57474
 1.79061 -3.19383  1.57474
 1.79105 -3.19193  1.57518
 1.79148 -3.19004  1.57561
 1.79191 -3.18815  1.57604
 1.79235 -3.18627  1.57648
 1.79278 -3.18438  1.57648
 1.79321 -3.18249  1.57691
 1.79365 -3.18061  1.57734
 1.79408 -3.17873  1.57778
 1.79451 -3.17685  1.57821
 1.79495 -3.17497  1.57821
 1.79538 -3.17309  1.57864
 1.79582 -3.17121  1.57908
 1.79625 -3.16934  1.57951
 1.79668 -3.16746  1.57994
 1.79712 -3.16559  1.58038
 1.79755 -3.16372  1.58038
 1.79798 -3.16185  1.58081
 1.79842 -3.15998  1.58124
 1.79885 -3.15812  1.58168
 1.79928 -3.15625  1.58211
 1.79972 -3.15439  1.58211
 1.80015 -3.15253  1.58254
 1.80058 -3.15067  1.58298
 1.80102 -3.14881  1.58341
 1.80145 -3.14695  1.58384
 1.80188 -3.14509  1.58384
 1.80232 -3.14324  1.58428
 1.80275 -3.14138  1.58471
 1.80318 -3.13953  1.58515
 1.80362 -3.13768  1.58558
 1.80405 -3.13583  1.58558
 1.80448 -3.13399  1.58601
 1.80492 -3.13214  1.58645
 1.80535 -3.13029  1.58688
 1.80579 -3.12845  1.58731
 1.80622 -3.12661  1.58731
 1.80665 -3.12477  1.58775
 1.80709 -3.12293  1.58818
 1.80752 -3.12109  1.58861
 1.80795 -3.11926  1.58905
 1.80839 -3.11742  1.58948
 1.80882 -3.11559  1.58948
 1.80925 -3.11375  1.58991
 1.80969 -3.11192  1.59035
 1.81012 -3.11009  1.59078
 1.81055 -3.10827  1.59121
 1.81099 -3.10644  1.59121
 1.81142 -3.10462  1.59165
 1.81185 -3.10279  1.59208
 1.81229 -3.10097  1.59251
 1.81272 -3.09915  1.59295
 1.81315 -3.09733  1.59295
 1.81359 -3.09551  1.59338
 1.81402 -3.09369  1.59381
 1.81445 -3.09188  1.59425
 1.81489 -3.09007  1.59468
 1.81532 -3.08825  1.59468
 1.81576 -3.08644  1.59512
 1.81619 -3.08463  1.59555
 1.81662 -3.08282  1.59598
 1.81706 -3.08102  1.59642
 1.81749 -3.07921  1.59685
 1.81792 -3.07741  1.59685
 1.81836  -3.0756  1.59728
 1.81879  -3.0738  1.59772
 1.81922   -3.072  1.59815
 1.81966 -3.07021  1.59858
 1.82009 -3.06841  1.59858
 1.82052 -3.06661  1.59902
 1.82096 -3.06482  1.59945
 1.82139 -3.06302  1.59988
 1.82182 -3.06123  1.60032
 1.82226 -3.05944  1.60032
 1.82269 -3.05765  1.60075
 1.82312 -3.05587  1.60118
 1.82356 -3.05408  1.60162
 1.82399 -3.05229  1.60205
 1.82442 -3.05051  1.60205
 1.82486 -3.04873  1.60248
 1.82529 -3.04695  1.60292
 1.82573 -3.04517  1.60335
 1.82616 -3.04339  1.60378
 1.82659 -3.04161  1.60422
 1.82703 -3.03984  1.60422
 1.82746 -3.03806  1.60465
 1.82789 -3.03629  1.60509
 1.82833 -3.03452  1.60552
 1.82876 -3.03275  1.60595
 1.82919 -3.03098  1.60595
 1.82963 -3.02921  1.60639
 1.83006 -3.02745  1.60682
 1.83049 -3.02568  1.60725
 1.83093 -3.02392  1.60769
 1.83136 -3.02216  1.60769
 1.83179  -3.0204  1.60812
 1.83223 -3.01864  1.60855
 1.83266 -3.01688  1.60899
 1.83309 -3.01513  1.60942
 1.83353 -3.01337  1.60942
 1.83396 -3.01162  1.60985
 1.83439 -3.00986  1.61029
 1.83483 -3.00811  1.61072
 1.83526 -3.00636  1.61115
  1.8357 -3.00462  1.61115
 1.83613 -3.00287  1.61159
 1.83656 -3.00112  1.61202
   1.837 -2.99938  1.61245
 1.83743 -2.99763  1.61289
 1.83786 -2.99589  1.61332
  1.8383 -2.99415  1.61332
 1.83873 -2.99241  1.61375
 1.83916 -2.99067  1.61419
  1.8396 -2.98894  1.61462
 1.84003  -2.9872  1.61506
 1.84046 -2.98547  1.61506
  1.8409 -2.98374  1.61549
 1.84133 -2.98201  1.61592
 1.84176 -2.98028  1.61636
  1.8422 -2.97855  1.61679
 1.84263 -2.97682  1.61679
 1.84306 -2.97509  1.61722
  1.8435 -2.97337  1.61766
 1.84393 -2.97165  1.61809
 1.84436 -2.96992  1.61852
  1.8448  -2.9682  1.61852
 1.84523 -2.96648  1.61896
 1.84567 -2.96477  1.61939
  1.8461 -2.96305  1.61982
 1.84653 -2.96133  1.62026
 1.84697 -2.95962  1.62069
  1.8474 -2.95791  1.62069
 1.84783 -2.95619  1.62112
 1.84827 -2.95448  1.62156
  1.8487 -2.95277  1.62199
 1.84913 -2.95107  1.62242
 1.84957 -2.94936  1.62242
    1.85 -2.94766  1.62286