 kgrid  ValNew  Policy 
    0.55 -52.2804 0.564738
0.550433 -52.2217 0.564738
0.550867  -52.163 0.565172
  0.5513 -52.1045 0.565605
0.551734 -52.0462 0.566039
0.552167  -51.988 0.566472
0.552601 -51.9299 0.566472
0.553034  -51.872 0.566906
0.553468 -51.8142 0.567339
0.553901 -51.7566 0.567773
0.554335 -51.6991 0.567773
0.554768 -51.6417 0.568206
0.555202 -51.5845  0.56864
0.555635 -51.5274 0.569073
0.556069 -51.4705 0.569073
0.556502 -51.4136 0.569507
0.556936 -51.3569  0.56994
0.557369 -51.3004 0.570373
0.557803  -51.244 0.570373
0.558236 -51.1877 0.570807
 0.55867 -51.1315  0.57124
0.559103 -51.0755 0.571674
0.559537 -51.0196 0.572107
 0.55997 -50.9638 0.572107
0.560403 -50.9082 0.572541
0.560837 -50.8527 0.572974
 0.56127 -50.7973 0.573408
0.561704 -50.7421 0.573408
0.562137 -50.6869 0.573841
0.562571 -50.6319 0.574275
0.563004  -50.577 0.574708
0.563438 -50.5223 0.575142
0.563871 -50.4677 0.575142
0.564305 -50.4132 0.575575
0.564738 -50.3588 0.576009
0.565172 -50.3046 0.576442
0.565605 -50.2505 0.576876
0.566039 -50.1965 0.576876
0.566472 -50.1426 0.577309
0.566906 -50.0888 0.577743
0.567339 -50.0352 0.578176
0.567773 -49.9817 0.578176
0.568206 -49.9283  0.57861
 0.56864  -49.875 0.579043
0.569073 -49.8218 0.579476
0.569507 -49.7688  0.57991
 0.56994 -49.7159  0.57991
0.570373  -49.663 0.580343
0.570807 -49.6103 0.580777
 0.57124 -49.5576  0.58121
0.571674 -49.5051 0.581644
0.572107 -49.4527 0.582077
0.572541 -49.4003 0.582511
0.572974 -49.3481 0.582511
0.573408 -49.2959 0.582944
0.573841 -49.2438 0.583378
0.574275 -49.1919 0.583811
0.574708   -49.14 0.584245
0.575142 -49.0883 0.584678
0.575575 -49.0366 0.585112
0.576009  -48.985 0.585112
0.576442 -48.9335 0.585545
0.576876 -48.8821 0.585979
0.577309 -48.8309 0.586412
0.577743 -48.7797 0.586846
0.578176 -48.7286 0.587279
 0.57861 -48.6776 0.587713
0.579043 -48.6266 0.587713
0.579476 -48.5758 0.588146
 0.57991 -48.5251  0.58858
0.580343 -48.4744 0.589013
0.580777 -48.4239 0.589446
 0.58121 -48.3734  0.58988
0.581644 -48.3231 0.590313
0.582077 -48.2728 0.590313
0.582511 -48.2226 0.590747
0.582944 -48.1725  0.59118
0.583378 -48.1224 0.591614
0.583811 -48.0725 0.592047
0.584245 -48.0227 0.592481
0.584678  -47.973 0.592914
0.585112 -47.9233 0.592914
0.585545 -47.8737 0.593348
0.585979 -47.8242 0.593781
0.586412 -47.7748 0.594215
0.586846 -47.7255 0.594648
0.587279 -47.6763 0.595082
0.587713 -47.6272 0.595515
0.588146 -47.5781 0.595515
 0.58858 -47.5291 0.595949
0.589013 -47.4802 0.596382
0.589446 -47.4314 0.596816
 0.58988 -47.3827 0.597249
0.590313 -47.3341 0.597683
0.590747 -47.2856 0.598116
 0.59118 -47.2371  0.59855
0.591614 -47.1887  0.59855
0.592047 -47.1404 0.598983
0.592481 -47.0922 0.599416
0.592914 -47.0441  0.59985
0.593348 -46.9961 0.600283
0.593781 -46.9481 0.600717
0.594215 -46.9003  0.60115
0.594648 -46.8525 0.601584
0.595082 -46.8047 0.601584
0.595515 -46.7571 0.602017
0.595949 -46.7095 0.602451
0.596382 -46.6621 0.602884
0.596816 -46.6147 0.603318
0.597249 -46.5674 0.603751
0.597683 -46.5202 0.604185
0.598116  -46.473 0.604185
 0.59855 -46.4259 0.604618
0.598983 -46.3789 0.605052
0.599416  -46.332 0.605485
 0.59985 -46.2852 0.605919
0.600283 -46.2384 0.606352
0.600717 -46.1917 0.606786
 0.60115 -46.1451 0.607219
0.601584 -46.0986 0.607219
0.602017 -46.0521 0.607653
0.602451 -46.0057 0.608086
0.602884 -45.9594  0.60852
0.603318 -45.9132 0.608953
0.603751  -45.867 0.609386
0.604185  -45.821  0.60982
0.604618  -45.775 0.610253
0.605052 -45.7291 0.610687
0.605485 -45.6832 0.610687
0.605919 -45.6374  0.61112
0.606352 -45.5917 0.611554
0.606786 -45.5461 0.611987
0.607219 -45.5005 0.612421
0.607653  -45.455 0.612854
0.608086 -45.4096 0.613288
 0.60852 -45.3643 0.613721
0.608953  -45.319 0.613721
0.609386 -45.2738 0.614155
 0.60982 -45.2287 0.614588
0.610253 -45.1836 0.615022
0.610687 -45.1387 0.615455
 0.61112 -45.0938 0.615889
0.611554 -45.0489 0.616322
0.611987 -45.0042 0.616756
0.612421 -44.9595 0.617189
0.612854 -44.9149 0.617189
0.613288 -44.8703 0.617623
0.613721 -44.8258 0.618056
0.614155 -44.7814 0.618489
0.614588 -44.7371 0.618923
0.615022 -44.6928 0.619356
0.615455 -44.6486  0.61979
0.615889 -44.6045 0.620223
0.616322 -44.5605 0.620223
0.616756 -44.5165 0.620657
0.617189 -44.4726  0.62109
0.617623 -44.4287 0.621524
0.618056 -44.3849 0.621957
0.618489 -44.3412 0.622391
0.618923 -44.2976 0.622824
0.619356  -44.254 0.623258
 0.61979 -44.2105 0.623691
0.620223 -44.1671 0.623691
0.620657 -44.1237 0.624125
 0.62109 -44.0804 0.624558
0.621524 -44.0371 0.624992
0.621957 -43.9939 0.625425
0.622391 -43.9508 0.625859
0.622824 -43.9078 0.626292
0.623258 -43.8648 0.626726
0.623691 -43.8219 0.627159
0.624125 -43.7791 0.627159
0.624558 -43.7363 0.627593
0.624992 -43.6936 0.628026
0.625425 -43.6509 0.628459
0.625859 -43.6083 0.628893
0.626292 -43.5658 0.629326
0.626726 -43.5233  0.62976
0.627159 -43.4809 0.630193
0.627593 -43.4386 0.630627
0.628026 -43.3963 0.630627
0.628459 -43.3541  0.63106
0.628893  -43.312 0.631494
0.629326 -43.2699 0.631927
 0.62976 -43.2279 0.632361
0.630193 -43.1859 0.632794
0.630627  -43.144 0.633228
 0.63106 -43.1022 0.633661
0.631494 -43.0605 0.634095
0.631927 -43.0188 0.634528
0.632361 -42.9771 0.634528
0.632794 -42.9355 0.634962
0.633228  -42.894 0.635395
0.633661 -42.8526 0.635829
0.634095 -42.8112 0.636262
0.634528 -42.7698 0.636696
0.634962 -42.7286 0.637129
0.635395 -42.6874 0.637563
0.635829 -42.6462 0.637996
0.636262 -42.6052 0.637996
0.636696 -42.5641 0.638429
0.637129 -42.5231 0.638863
0.637563 -42.4822 0.639296
0.637996 -42.4414  0.63973
0.638429 -42.4006 0.640163
0.638863 -42.3599 0.640597
0.639296 -42.3192  0.64103
 0.63973 -42.2786 0.641464
0.640163 -42.2381 0.641897
0.640597 -42.1976 0.641897
 0.64103 -42.1572 0.642331
0.641464 -42.1168 0.642764
0.641897 -42.0765 0.643198
0.642331 -42.0362 0.643631
0.642764 -41.9961 0.644065
0.643198 -41.9559 0.644498
0.643631 -41.9159 0.644932
0.644065 -41.8758 0.645365
0.644498 -41.8359 0.645365
0.644932  -41.796 0.645799
0.645365 -41.7561 0.646232
0.645799 -41.7164 0.646666
0.646232 -41.6766 0.647099
0.646666  -41.637 0.647533
0.647099 -41.5974 0.647966
0.647533 -41.5578 0.648399
0.647966 -41.5183 0.648833
0.648399 -41.4789 0.649266
0.648833 -41.4395 0.649266
0.649266 -41.4002   0.6497
  0.6497 -41.3609 0.650133
0.650133 -41.3217 0.650567
0.650567 -41.2825    0.651
   0.651 -41.2434 0.651434
0.651434 -41.2044 0.651867
0.651867 -41.1654 0.652301
0.652301 -41.1265 0.652734
0.652734 -41.0876 0.653168
0.653168 -41.0488 0.653168
0.653601   -41.01 0.653601
0.654035 -40.9713 0.654035
0.654468 -40.9327 0.654468
0.654902 -40.8941 0.654902
0.655335 -40.8555 0.655335
0.655769  -40.817 0.655769
0.656202 -40.7786 0.656202
0.656636 -40.7402 0.656636
0.657069 -40.7019 0.656636
0.657503 -40.6636 0.657069
0.657936 -40.6254 0.657503
0.658369 -40.5873 0.657936
0.658803 -40.5491 0.658369
0.659236 -40.5111 0.658803
 0.65967 -40.4731 0.659236
0.660103 -40.4352  0.65967
0.660537 -40.3973 0.660103
 0.66097 -40.3594 0.660537
0.661404 -40.3217 0.660537
0.661837 -40.2839  0.66097
0.662271 -40.2462 0.661404
0.662704 -40.2086 0.661837
0.663138  -40.171 0.662271
0.663571 -40.1335 0.662704
0.664005  -40.096 0.663138
0.664438 -40.0586 0.663571
0.664872 -40.0213 0.664005
0.665305  -39.984 0.664438
0.665739 -39.9467 0.664438
0.666172 -39.9095 0.664872
0.666606 -39.8723 0.665305
0.667039 -39.8352 0.665739
0.667472 -39.7982 0.666172
0.667906 -39.7612 0.666606
0.668339 -39.7242 0.667039
0.668773 -39.6873 0.667472
0.669206 -39.6505 0.667906
 0.66964 -39.6137 0.668339
0.670073  -39.577 0.668339
0.670507 -39.5403 0.668773
 0.67094 -39.5036 0.669206
0.671374  -39.467  0.66964
0.671807 -39.4305 0.670073
0.672241  -39.394 0.670507
0.672674 -39.3576  0.67094
0.673108 -39.3212 0.671374
0.673541 -39.2849 0.671807
0.673975 -39.2486 0.672241
0.674408 -39.2123 0.672241
0.674842 -39.1761 0.672674
0.675275   -39.14 0.673108
0.675709 -39.1039 0.673541
0.676142 -39.0679 0.673975
0.676576 -39.0319 0.674408
0.677009  -38.996 0.674842
0.677442 -38.9601 0.675275
0.677876 -38.9242 0.675709
0.678309 -38.8885 0.676142
0.678743 -38.8527 0.676142
0.679176  -38.817 0.676576
 0.67961 -38.7814 0.677009
0.680043 -38.7458 0.677442
0.680477 -38.7102 0.677876
 0.68091 -38.6747 0.678309
0.681344 -38.6393 0.678743
0.681777 -38.6039 0.679176
0.682211 -38.5685  0.67961
0.682644 -38.5332  0.67961
0.683078  -38.498 0.680043
0.683511 -38.4628 0.680477
0.683945 -38.4276  0.68091
0.684378 -38.3925 0.681344
0.684812 -38.3574 0.681777
0.685245 -38.3224 0.682211
0.685679 -38.2874 0.682644
0.686112 -38.2525 0.683078
0.686546 -38.2176 0.683511
0.686979 -38.1828 0.683945
0.687412  -38.148 0.683945
0.687846 -38.1133 0.684378
0.688279 -38.0786 0.684812
0.688713 -38.0439 0.685245
0.689146 -38.0094 0.685679
 0.68958 -37.9748 0.686112
0.690013 -37.9403 0.686546
0.690447 -37.9059 0.686979
 0.69088 -37.8715 0.687412
0.691314 -37.8371 0.687846
0.691747 -37.8028 0.687846
0.692181 -37.7685 0.688279
0.692614 -37.7343 0.688713
0.693048 -37.7001 0.689146
0.693481  -37.666  0.68958
0.693915 -37.6319 0.690013
0.694348 -37.5978 0.690447
0.694782 -37.5639  0.69088
0.695215 -37.5299 0.691314
0.695649  -37.496 0.691314
0.696082 -37.4622 0.691747
0.696516 -37.4283 0.692181
0.696949 -37.3946 0.692614
0.697382 -37.3608 0.693048
0.697816 -37.3271 0.693481
0.698249 -37.2935 0.693915
0.698683 -37.2599 0.694348
0.699116 -37.2264 0.694782
 0.69955 -37.1929 0.695215
0.699983 -37.1595 0.695649
0.700417  -37.126 0.695649
 0.70085 -37.0927 0.696082
0.701284 -37.0593 0.696516
0.701717 -37.0261 0.696949
0.702151 -36.9928 0.697382
0.702584 -36.9596 0.697816
0.703018 -36.9265 0.698249
0.703451 -36.8934 0.698683
0.703885 -36.8603 0.699116
0.704318 -36.8273 0.699116
0.704752 -36.7944  0.69955
0.705185 -36.7614 0.699983
0.705619 -36.7285 0.700417
0.706052 -36.6957  0.70085
0.706485 -36.6629 0.701284
0.706919 -36.6301 0.701717
0.707352 -36.5974 0.702151
0.707786 -36.5648 0.702584
0.708219 -36.5322 0.703018
0.708653 -36.4996 0.703451
0.709086  -36.467 0.703451
 0.70952 -36.4345 0.703885
0.709953 -36.4021 0.704318
0.710387 -36.3697 0.704752
 0.71082 -36.3373 0.705185
0.711254  -36.305 0.705619
0.711687 -36.2727 0.706052
0.712121 -36.2404 0.706485
0.712554 -36.2083 0.706919
0.712988 -36.1761 0.707352
0.713421  -36.144 0.707352
0.713855 -36.1119 0.707786
0.714288 -36.0799 0.708219
0.714722 -36.0479 0.708653
0.715155 -36.0159 0.709086
0.715589  -35.984  0.70952
0.716022 -35.9522 0.709953
0.716455 -35.9203 0.710387
0.716889 -35.8886  0.71082
0.717322 -35.8568 0.711254
0.717756 -35.8251 0.711254
0.718189 -35.7934 0.711687
0.718623 -35.7618 0.712121
0.719056 -35.7302 0.712554
 0.71949 -35.6987 0.712988
0.719923 -35.6672 0.713421
0.720357 -35.6358 0.713855
 0.72079 -35.6044 0.714288
0.721224  -35.573 0.714722
0.721657 -35.5417 0.715155
0.722091 -35.5104 0.715155
0.722524 -35.4791 0.715589
0.722958 -35.4479 0.716022
0.723391 -35.4167 0.716455
0.723825 -35.3856 0.716889
0.724258 -35.3545 0.717322
0.724692 -35.3234 0.717756
0.725125 -35.2924 0.718189
0.725559 -35.2615 0.718623
0.725992 -35.2306 0.719056
0.726425 -35.1997 0.719056
0.726859 -35.1688  0.71949
0.727292  -35.138 0.719923
0.727726 -35.1072 0.720357
0.728159 -35.0765  0.72079
0.728593 -35.0458 0.721224
0.729026 -35.0151 0.721657
 0.72946 -34.9845 0.722091
0.729893 -34.9539 0.722524
0.730327 -34.9234 0.722958
 0.73076 -34.8929 0.722958
0.731194 -34.8625 0.723391
0.731627  -34.832 0.723825
0.732061 -34.8016 0.724258
0.732494 -34.7713 0.724692
0.732928  -34.741 0.725125
0.733361 -34.7107 0.725559
0.733795 -34.6805 0.725992
0.734228 -34.6503 0.726425
0.734662 -34.6202 0.726859
0.735095 -34.5901 0.726859
0.735529   -34.56 0.727292
0.735962   -34.53 0.727726
0.736395    -34.5 0.728159
0.736829   -34.47 0.728593
0.737262 -34.4401 0.729026
0.737696 -34.4102  0.72946
0.738129 -34.3804 0.729893
0.738563 -34.3506 0.730327
0.738996 -34.3208  0.73076
 0.73943 -34.2911  0.73076
0.739863 -34.2614 0.731194
0.740297 -34.2317 0.731627
 0.74073 -34.2021 0.732061
0.741164 -34.1725 0.732494
0.741597  -34.143 0.732928
0.742031 -34.1135 0.733361
0.742464  -34.084 0.733795
0.742898 -34.0546 0.734228
0.743331 -34.0252 0.734662
0.743765 -33.9958 0.734662
0.744198 -33.9665 0.735095
0.744632 -33.9372 0.735529
0.745065 -33.9079 0.735962
0.745498 -33.8787 0.736395
0.745932 -33.8496 0.736829
0.746365 -33.8204 0.737262
0.746799 -33.7913 0.737696
0.747232 -33.7623 0.738129
0.747666 -33.7332 0.738563
0.748099 -33.7043 0.738563
0.748533 -33.6753 0.738996
0.748966 -33.6464  0.73943
  0.7494 -33.6175 0.739863
0.749833 -33.5886 0.740297
0.750267 -33.5598  0.74073
  0.7507 -33.5311 0.741164
0.751134 -33.5023 0.741597
0.751567 -33.4736 0.742031
0.752001  -33.445 0.742464
0.752434 -33.4163 0.742464
0.752868 -33.3877 0.742898
0.753301 -33.3592 0.743331
0.753735 -33.3306 0.743765
0.754168 -33.3021 0.744198
0.754602 -33.2737 0.744632
0.755035 -33.2453 0.745065
0.755468 -33.2169 0.745498
0.755902 -33.1886 0.745932
0.756335 -33.1602 0.746365
0.756769  -33.132 0.746365
0.757202 -33.1037 0.746799
0.757636 -33.0755 0.747232
0.758069 -33.0473 0.747666
0.758503 -33.0192 0.748099
0.758936 -32.9911 0.748533
 0.75937  -32.963 0.748966
0.759803  -32.935   0.7494
0.760237  -32.907 0.749833
 0.76067  -32.879 0.750267
0.761104 -32.8511 0.750267
0.761537 -32.8232   0.7507
0.761971 -32.7954 0.751134
0.762404 -32.7675 0.751567
0.762838 -32.7397 0.752001
0.763271  -32.712 0.752434
0.763705 -32.6843 0.752868
0.764138 -32.6566 0.753301
0.764572 -32.6289 0.753735
0.765005 -32.6013 0.754168
0.765438 -32.5737 0.754168
0.765872 -32.5462 0.754602
0.766305 -32.5186 0.755035
0.766739 -32.4911 0.755468
0.767172 -32.4637 0.755902
0.767606 -32.4363 0.756335
0.768039 -32.4089 0.756769
0.768473 -32.3815 0.757202
0.768906 -32.3542 0.757636
 0.76934  -32.327 0.758069
0.769773 -32.2997 0.758069
0.770207 -32.2725 0.758503
 0.77064 -32.2453 0.758936
0.771074 -32.2181  0.75937
0.771507  -32.191 0.759803
0.771941 -32.1639 0.760237
0.772374 -32.1369  0.76067
0.772808 -32.1099 0.761104
0.773241 -32.0829 0.761537
0.773675 -32.0559 0.761971
0.774108  -32.029 0.761971
0.774542 -32.0021 0.762404
0.774975 -31.9753 0.762838
0.775408 -31.9485 0.763271
0.775842 -31.9217 0.763705
0.776275 -31.8949 0.764138
0.776709 -31.8682 0.764572
0.777142 -31.8415 0.765005
0.777576 -31.8148 0.765438
0.778009 -31.7882 0.765438
0.778443 -31.7616 0.765872
0.778876 -31.7351 0.766305
 0.77931 -31.7085 0.766739
0.779743  -31.682 0.767172
0.780177 -31.6556 0.767606
 0.78061 -31.6291 0.768039
0.781044 -31.6027 0.768473
0.781477 -31.5764 0.768906
0.781911   -31.55  0.76934
0.782344 -31.5237  0.76934
0.782778 -31.4974 0.769773
0.783211 -31.4712 0.770207
0.783645  -31.445  0.77064
0.784078 -31.4188 0.771074
0.784512 -31.3927 0.771507
0.784945 -31.3665 0.771941
0.785378 -31.3405 0.772374
0.785812 -31.3144 0.772808
0.786245 -31.2884 0.773241
0.786679 -31.2624 0.773241
0.787112 -31.2364 0.773675
0.787546 -31.2105 0.774108
0.787979 -31.1846 0.774542
0.788413 -31.1587 0.774975
0.788846 -31.1329 0.775408
 0.78928 -31.1071 0.775842
0.789713 -31.0813 0.776275
0.790147 -31.0556 0.776709
 0.79058 -31.0299 0.777142
0.791014 -31.0042 0.777142
0.791447 -30.9785 0.777576
0.791881 -30.9529 0.778009
0.792314 -30.9273 0.778443
0.792748 -30.9018 0.778876
0.793181 -30.8762  0.77931
0.793615 -30.8508 0.779743
0.794048 -30.8253 0.780177
0.794481 -30.7999  0.78061
0.794915 -30.7745 0.781044
0.795348 -30.7491 0.781044
0.795782 -30.7237 0.781477
0.796215 -30.6984 0.781911
0.796649 -30.6731 0.782344
0.797082 -30.6479 0.782778
0.797516 -30.6226 0.783211
0.797949 -30.5974 0.783645
0.798383 -30.5723 0.784078
0.798816 -30.5472 0.784512
 0.79925 -30.5221 0.784945
0.799683  -30.497 0.784945
0.800117 -30.4719 0.785378
 0.80055 -30.4469 0.785812
0.800984 -30.4219 0.786245
0.801417  -30.397 0.786679
0.801851  -30.372 0.787112
0.802284 -30.3471 0.787546
0.802718 -30.3223 0.787979
0.803151 -30.2974 0.788413
0.803585 -30.2726 0.788846
0.804018 -30.2479 0.788846
0.804451 -30.2231  0.78928
0.804885 -30.1984 0.789713
0.805318 -30.1737 0.790147
0.805752  -30.149  0.79058
0.806185 -30.1244 0.791014
0.806619 -30.0998 0.791447
0.807052 -30.0752 0.791881
0.807486 -30.0507 0.792314
0.807919 -30.0261 0.792748
0.808353 -30.0017 0.792748
0.808786 -29.9772 0.793181
 0.80922 -29.9528 0.793615
0.809653 -29.9283 0.794048
0.810087  -29.904 0.794481
 0.81052 -29.8796 0.794915
0.810954 -29.8553 0.795348
0.811387  -29.831 0.795782
0.811821 -29.8068 0.796215
0.812254 -29.7825 0.796215
0.812688 -29.7583 0.796649
0.813121 -29.7342 0.797082
0.813555   -29.71 0.797516
0.813988 -29.6859 0.797949
0.814421 -29.6618 0.798383
0.814855 -29.6377 0.798816
0.815288 -29.6137  0.79925
0.815722 -29.5897 0.799683
0.816155 -29.5657 0.800117
0.816589 -29.5418 0.800117
0.817022 -29.5178  0.80055
0.817456  -29.494 0.800984
0.817889 -29.4701 0.801417
0.818323 -29.4462 0.801851
0.818756 -29.4224 0.802284
 0.81919 -29.3986 0.802718
0.819623 -29.3749 0.803151
0.820057 -29.3512 0.803585
 0.82049 -29.3275 0.804018
0.820924 -29.3038 0.804018
0.821357 -29.2802 0.804451
0.821791 -29.2565 0.804885
0.822224 -29.2329 0.805318
0.822658 -29.2094 0.805752
0.823091 -29.1858 0.806185
0.823525 -29.1623 0.806619
0.823958 -29.1389 0.807052
0.824391 -29.1154 0.807486
0.824825  -29.092 0.807919
0.825258 -29.0686 0.807919
0.825692 -29.0452 0.808353
0.826125 -29.0219 0.808786
0.826559 -28.9985  0.80922
0.826992 -28.9752 0.809653
0.827426  -28.952 0.810087
0.827859 -28.9287  0.81052
0.828293 -28.9055 0.810954
0.828726 -28.8824 0.811387
 0.82916 -28.8592 0.811821
0.829593 -28.8361 0.811821
0.830027  -28.813 0.812254
 0.83046 -28.7899 0.812688
0.830894 -28.7668 0.813121
0.831327 -28.7438 0.813555
0.831761 -28.7208 0.813988
0.832194 -28.6978 0.814421
0.832628 -28.6749 0.814855
0.833061  -28.652 0.815288
0.833494 -28.6291 0.815722
0.833928 -28.6062 0.815722
0.834361 -28.5834 0.816155
0.834795 -28.5606 0.816589
0.835228 -28.5378 0.817022
0.835662  -28.515 0.817456
0.836095 -28.4923 0.817889
0.836529 -28.4696 0.818323
0.836962 -28.4469 0.818756
0.837396 -28.4242  0.81919
0.837829 -28.4016  0.81919
0.838263  -28.379 0.819623
0.838696 -28.3564 0.820057
 0.83913 -28.3339  0.82049
0.839563 -28.3113 0.820924
0.839997 -28.2888 0.821357
 0.84043 -28.2663 0.821791
0.840864 -28.2439 0.822224
0.841297 -28.2215 0.822658
0.841731 -28.1991 0.823091
0.842164 -28.1767 0.823091
0.842598 -28.1544 0.823525
0.843031  -28.132 0.823958
0.843464 -28.1097 0.824391
0.843898 -28.0875 0.824825
0.844331 -28.0652 0.825258
0.844765  -28.043 0.825692
0.845198 -28.0208 0.826125
0.845632 -27.9986 0.826559
0.846065 -27.9765 0.826992
0.846499 -27.9544 0.826992
0.846932 -27.9323 0.827426
0.847366 -27.9102 0.827859
0.847799 -27.8881 0.828293
0.848233 -27.8661 0.828726
0.848666 -27.8441  0.82916
  0.8491 -27.8221 0.829593
0.849533 -27.8002 0.830027
0.849967 -27.7783  0.83046
  0.8504 -27.7564 0.830894
0.850834 -27.7345 0.830894
0.851267 -27.7127 0.831327
0.851701 -27.6908 0.831761
0.852134  -27.669 0.832194
0.852568 -27.6473 0.832628
0.853001 -27.6255 0.833061
0.853434 -27.6038 0.833494
0.853868 -27.5821 0.833928
0.854301 -27.5604 0.834361
0.854735 -27.5388 0.834361
0.855168 -27.5172 0.834795
0.855602 -27.4955 0.835228
0.856035  -27.474 0.835662
0.856469 -27.4524 0.836095
0.856902 -27.4309 0.836529
0.857336 -27.4094 0.836962
0.857769 -27.3879 0.837396
0.858203 -27.3664 0.837829
0.858636  -27.345 0.838263
 0.85907 -27.3236 0.838263
0.859503 -27.3022 0.838696
0.859937 -27.2809  0.83913
 0.86037 -27.2595 0.839563
0.860804 -27.2382 0.839997
0.861237 -27.2169  0.84043
0.861671 -27.1956 0.840864
0.862104 -27.1744 0.841297
0.862538 -27.1532 0.841731
0.862971  -27.132 0.842164
0.863404 -27.1108 0.842164
0.863838 -27.0897 0.842598
0.864271 -27.0686 0.843031
0.864705 -27.0475 0.843464
0.865138 -27.0264 0.843898
0.865572 -27.0053 0.844331
0.866005 -26.9843 0.844765
0.866439 -26.9633 0.845198
0.866872 -26.9423 0.845632
0.867306 -26.9214 0.845632
0.867739 -26.9004 0.846065
0.868173 -26.8795 0.846499
0.868606 -26.8586 0.846932
 0.86904 -26.8377 0.847366
0.869473 -26.8169 0.847799
0.869907 -26.7961 0.848233
 0.87034 -26.7753 0.848666
0.870774 -26.7545   0.8491
0.871207 -26.7338 0.849533
0.871641 -26.7131 0.849533
0.872074 -26.6923 0.849967
0.872508 -26.6717   0.8504
0.872941  -26.651 0.850834
0.873374 -26.6304 0.851267
0.873808 -26.6097 0.851701
0.874241 -26.5892 0.852134
0.874675 -26.5686 0.852568
0.875108 -26.5481 0.853001
0.875542 -26.5275 0.853434
0.875975  -26.507 0.853434
0.876409 -26.4866 0.853868
0.876842 -26.4661 0.854301
0.877276 -26.4457 0.854735
0.877709 -26.4253 0.855168
0.878143 -26.4049 0.855602
0.878576 -26.3845 0.856035
 0.87901 -26.3642 0.856469
0.879443 -26.3439 0.856902
0.879877 -26.3236 0.856902
 0.88031 -26.3033 0.857336
0.880744  -26.283 0.857769
0.881177 -26.2628 0.858203
0.881611 -26.2426 0.858636
0.882044 -26.2224  0.85907
0.882477 -26.2022 0.859503
0.882911 -26.1821 0.859937
0.883344  -26.162  0.86037
0.883778 -26.1419 0.860804
0.884211 -26.1218 0.860804
0.884645 -26.1018 0.861237
0.885078 -26.0817 0.861671
0.885512 -26.0617 0.862104
0.885945 -26.0417 0.862538
0.886379 -26.0218 0.862971
0.886812 -26.0018 0.863404
0.887246 -25.9819 0.863838
0.887679  -25.962 0.864271
0.888113 -25.9421 0.864271
0.888546 -25.9223 0.864705
 0.88898 -25.9025 0.865138
0.889413 -25.8826 0.865572
0.889847 -25.8628 0.866005
 0.89028 -25.8431 0.866439
0.890714 -25.8233 0.866872
0.891147 -25.8036 0.867306
0.891581 -25.7839 0.867739
0.892014 -25.7642 0.868173
0.892447 -25.7446 0.868173
0.892881 -25.7249 0.868606
0.893314 -25.7053  0.86904
0.893748 -25.6857 0.869473
0.894181 -25.6661 0.869907
0.894615 -25.6466  0.87034
0.895048  -25.627 0.870774
0.895482 -25.6075 0.871207
0.895915  -25.588 0.871641
0.896349 -25.5686 0.872074
0.896782 -25.5491 0.872074
0.897216 -25.5297 0.872508
0.897649 -25.5103 0.872941
0.898083 -25.4909 0.873374
0.898516 -25.4715 0.873808
 0.89895 -25.4522 0.874241
0.899383 -25.4329 0.874675
0.899817 -25.4136 0.875108
 0.90025 -25.3943 0.875542
0.900684  -25.375 0.875542
0.901117 -25.3558 0.875975
0.901551 -25.3366 0.876409
0.901984 -25.3174 0.876842
0.902417 -25.2982 0.877276
0.902851  -25.279 0.877709
0.903284 -25.2599 0.878143
0.903718 -25.2408 0.878576
0.904151 -25.2217  0.87901
0.904585 -25.2026 0.879443
0.905018 -25.1836 0.879443
0.905452 -25.1645 0.879877
0.905885 -25.1455  0.88031
0.906319 -25.1265 0.880744
0.906752 -25.1076 0.881177
0.907186 -25.0886 0.881611
0.907619 -25.0697 0.882044
0.908053 -25.0508 0.882477
0.908486 -25.0319 0.882911
 0.90892  -25.013 0.883344
0.909353 -24.9942 0.883344
0.909787 -24.9753 0.883778
 0.91022 -24.9565 0.884211
0.910654 -24.9377 0.884645
0.911087  -24.919 0.885078
0.911521 -24.9002 0.885512
0.911954 -24.8815 0.885945
0.912387 -24.8628 0.886379
0.912821 -24.8441 0.886812
0.913254 -24.8254 0.886812
0.913688 -24.8068 0.887246
0.914121 -24.7882 0.887679
0.914555 -24.7695 0.888113
0.914988  -24.751 0.888546
0.915422 -24.7324  0.88898
0.915855 -24.7138 0.889413
0.916289 -24.6953 0.889847
0.916722 -24.6768  0.89028
0.917156 -24.6583 0.890714
0.917589 -24.6398 0.890714
0.918023 -24.6214 0.891147
0.918456  -24.603 0.891581
 0.91889 -24.5846 0.892014
0.919323 -24.5662 0.892447
0.919757 -24.5478 0.892881
 0.92019 -24.5294 0.893314
0.920624 -24.5111 0.893748
0.921057 -24.4928 0.894181
 0.92149 -24.4745 0.894181
0.921924 -24.4562 0.894615
0.922357  -24.438 0.895048
0.922791 -24.4197 0.895482
0.923224 -24.4015 0.895915
0.923658 -24.3833 0.896349
0.924091 -24.3651 0.896782
0.924525  -24.347 0.897216
0.924958 -24.3288 0.897649
0.925392 -24.3107 0.898083
0.925825 -24.2926 0.898083
0.926259 -24.2745 0.898516
0.926692 -24.2565  0.89895
0.927126 -24.2384 0.899383
0.927559 -24.2204 0.899817
0.927993 -24.2024  0.90025
0.928426 -24.1844 0.900684
 0.92886 -24.1665 0.901117
0.929293 -24.1485 0.901551
0.929727 -24.1306 0.901551
 0.93016 -24.1127 0.901984
0.930594 -24.0948 0.902417
0.931027 -24.0769 0.902851
 0.93146 -24.0591 0.903284
0.931894 -24.0412 0.903718
0.932327 -24.0234 0.904151
0.932761 -24.0056 0.904585
0.933194 -23.9878 0.905018
0.933628 -23.9701 0.905452
0.934061 -23.9523 0.905452
0.934495 -23.9346 0.905885
0.934928 -23.9169 0.906319
0.935362 -23.8992 0.906752
0.935795 -23.8816 0.907186
0.936229 -23.8639 0.907619
0.936662 -23.8463 0.908053
0.937096 -23.8287 0.908486
0.937529 -23.8111  0.90892
0.937963 -23.7935  0.90892
0.938396  -23.776 0.909353
 0.93883 -23.7584 0.909787
0.939263 -23.7409  0.91022
0.939697 -23.7234 0.910654
 0.94013 -23.7059 0.911087
0.940564 -23.6884 0.911521
0.940997  -23.671 0.911954
 0.94143 -23.6536 0.912387
0.941864 -23.6362 0.912821
0.942297 -23.6188 0.912821
0.942731 -23.6014 0.913254
0.943164 -23.5841 0.913688
0.943598 -23.5667 0.914121
0.944031 -23.5494 0.914555
0.944465 -23.5321 0.914988
0.944898 -23.5148 0.915422
0.945332 -23.4976 0.915855
0.945765 -23.4803 0.916289
0.946199 -23.4631 0.916289
0.946632 -23.4459 0.916722
0.947066 -23.4287 0.917156
0.947499 -23.4115 0.917589
0.947933 -23.3943 0.918023
0.948366 -23.3772 0.918456
  0.9488 -23.3601  0.91889
0.949233  -23.343 0.919323
0.949667 -23.3259 0.919757
  0.9501 -23.3088  0.92019
0.950534 -23.2918  0.92019
0.950967 -23.2748 0.920624
  0.9514 -23.2577 0.921057
0.951834 -23.2407  0.92149
0.952267 -23.2238 0.921924
0.952701 -23.2068 0.922357
0.953134 -23.1899 0.922791
0.953568 -23.1729 0.923224
0.954001  -23.156 0.923658
0.954435 -23.1391 0.923658
0.954868 -23.1223 0.924091
0.955302 -23.1054 0.924525
0.955735 -23.0886 0.924958
0.956169 -23.0717 0.925392
0.956602 -23.0549 0.925825
0.957036 -23.0381 0.926259
0.957469 -23.0214 0.926692
0.957903 -23.0046 0.927126
0.958336 -22.9879 0.927559
 0.95877 -22.9712 0.927559
0.959203 -22.9545 0.927993
0.959637 -22.9378 0.928426
 0.96007 -22.9211  0.92886
0.960504 -22.9045 0.929293
0.960937 -22.8878 0.929727
 0.96137 -22.8712  0.93016
0.961804 -22.8546 0.930594
0.962237 -22.8381 0.931027
0.962671 -22.8215 0.931027
0.963104 -22.8049  0.93146
0.963538 -22.7884 0.931894
0.963971 -22.7719 0.932327
0.964405 -22.7554 0.932761
0.964838 -22.7389 0.933194
0.965272 -22.7225 0.933628
0.965705  -22.706 0.934061
0.966139 -22.6896 0.934495
0.966572 -22.6732 0.934928
0.967006 -22.6568 0.934928
0.967439 -22.6404 0.935362
0.967873  -22.624 0.935795
0.968306 -22.6077 0.936229
 0.96874 -22.5914 0.936662
0.969173 -22.5751 0.937096
0.969607 -22.5588 0.937529
 0.97004 -22.5425 0.937963
0.970473 -22.5262 0.938396
0.970907   -22.51 0.938396
 0.97134 -22.4938  0.93883
0.971774 -22.4776 0.939263
0.972207 -22.4614 0.939697
0.972641 -22.4452  0.94013
0.973074  -22.429 0.940564
0.973508 -22.4129 0.940997
0.973941 -22.3967  0.94143
0.974375 -22.3806 0.941864
0.974808 -22.3645 0.941864
0.975242 -22.3485 0.942297
0.975675 -22.3324 0.942731
0.976109 -22.3163 0.943164
0.976542 -22.3003 0.943598
0.976976 -22.2843 0.944031
0.977409 -22.2683 0.944465
0.977843 -22.2523 0.944898
0.978276 -22.2364 0.945332
 0.97871 -22.2204 0.945765
0.979143 -22.2045 0.945765
0.979577 -22.1886 0.946199
 0.98001 -22.1727 0.946632
0.980443 -22.1568 0.947066
0.980877 -22.1409 0.947499
 0.98131 -22.1251 0.947933
0.981744 -22.1092 0.948366
0.982177 -22.0934   0.9488
0.982611 -22.0776 0.949233
0.983044 -22.0618 0.949233
0.983478  -22.046 0.949667
0.983911 -22.0303   0.9501
0.984345 -22.0145 0.950534
0.984778 -21.9988 0.950967
0.985212 -21.9831   0.9514
0.985645 -21.9674 0.951834
0.986079 -21.9517 0.952267
0.986512 -21.9361 0.952701
0.986946 -21.9204 0.953134
0.987379 -21.9048 0.953134
0.987813 -21.8892 0.953568
0.988246 -21.8736 0.954001
 0.98868  -21.858 0.954435
0.989113 -21.8424 0.954868
0.989547 -21.8269 0.955302
 0.98998 -21.8114 0.955735
0.990413 -21.7958 0.956169
0.990847 -21.7803 0.956602
 0.99128 -21.7649 0.956602
0.991714 -21.7494 0.957036
0.992147 -21.7339 0.957469
0.992581 -21.7185 0.957903
0.993014 -21.7031 0.958336
0.993448 -21.6876  0.95877
0.993881 -21.6722 0.959203
0.994315 -21.6569 0.959637
0.994748 -21.6415  0.96007
0.995182 -21.6262  0.96007
0.995615 -21.6108 0.960504
0.996049 -21.5955 0.960937
0.996482 -21.5802  0.96137
0.996916 -21.5649 0.961804
0.997349 -21.5496 0.962237
0.997783 -21.5344 0.962671
0.998216 -21.5191 0.963104
 0.99865 -21.5039 0.963538
0.999083 -21.4887 0.963971
0.999517 -21.4735 0.963971
 0.99995 -21.4583 0.964405
 1.00038 -21.4432 0.964838
 1.00082  -21.428 0.965272
 1.00125 -21.4129 0.965705
 1.00168 -21.3978 0.966139
 1.00212 -21.3827 0.966572
 1.00255 -21.3676 0.967006
 1.00298 -21.3525 0.967439
 1.00342 -21.3374 0.967439
 1.00385 -21.3224 0.967873
 1.00428 -21.3074 0.968306
 1.00472 -21.2923  0.96874
 1.00515 -21.2773 0.969173
 1.00559 -21.2624 0.969607
 1.00602 -21.2474  0.97004
 1.00645 -21.2324 0.970473
 1.00689 -21.2175 0.970907
 1.00732 -21.2026  0.97134
 1.00775 -21.1877  0.97134
 1.00819 -21.1728 0.971774
 1.00862 -21.1579 0.972207
 1.00905  -21.143 0.972641
 1.00949 -21.1282 0.973074
 1.00992 -21.1133 0.973508
 1.01035 -21.0985 0.973941
 1.01079 -21.0837 0.974375
 1.01122 -21.0689 0.974808
 1.01165 -21.0541 0.974808
 1.01209 -21.0394 0.975242
 1.01252 -21.0246 0.975675
 1.01295 -21.0099 0.976109
 1.01339 -20.9951 0.976542
 1.01382 -20.9804 0.976976
 1.01425 -20.9658 0.977409
 1.01469 -20.9511 0.977843
 1.01512 -20.9364 0.978276
 1.01556 -20.9218 0.978276
 1.01599 -20.9071  0.97871
 1.01642 -20.8925 0.979143
 1.01686 -20.8779 0.979577
 1.01729 -20.8633  0.98001
 1.01772 -20.8487 0.980443
 1.01816 -20.8342 0.980877
 1.01859 -20.8196  0.98131
 1.01902 -20.8051 0.981744
 1.01946 -20.7906 0.982177
 1.01989 -20.7761 0.982177
 1.02032 -20.7616 0.982611
 1.02076 -20.7471 0.983044
 1.02119 -20.7327 0.983478
 1.02162 -20.7182 0.983911
 1.02206 -20.7038 0.984345
 1.02249 -20.6894 0.984778
 1.02292  -20.675 0.985212
 1.02336 -20.6606 0.985645
 1.02379 -20.6462 0.985645
 1.02422 -20.6318 0.986079
 1.02466 -20.6175 0.986512
 1.02509 -20.6031 0.986946
 1.02553 -20.5888 0.987379
 1.02596 -20.5745 0.987813
 1.02639 -20.5602 0.988246
 1.02683  -20.546  0.98868
 1.02726 -20.5317 0.989113
 1.02769 -20.5174 0.989113
 1.02813 -20.5032 0.989547
 1.02856  -20.489  0.98998
 1.02899 -20.4748 0.990413
 1.02943 -20.4606 0.990847
 1.02986 -20.4464  0.99128
 1.03029 -20.4322 0.991714
 1.03073 -20.4181 0.992147
 1.03116 -20.4039 0.992581
 1.03159 -20.3898 0.992581
 1.03203 -20.3757 0.993014
 1.03246 -20.3616 0.993448
 1.03289 -20.3475 0.993881
 1.03333 -20.3335 0.994315
 1.03376 -20.3194 0.994748
 1.03419 -20.3054 0.995182
 1.03463 -20.2913 0.995615
 1.03506 -20.2773 0.996049
  1.0355 -20.2633 0.996482
 1.03593 -20.2493 0.996482
 1.03636 -20.2353 0.996916
  1.0368 -20.2214 0.997349
 1.03723 -20.2074 0.997783
 1.03766 -20.1935 0.998216
  1.0381 -20.1796  0.99865
 1.03853 -20.1657 0.999083
 1.03896 -20.1518 0.999517
  1.0394 -20.1379  0.99995
 1.03983  -20.124  0.99995
 1.04026 -20.1102  1.00038
  1.0407 -20.0963  1.00082
 1.04113 -20.0825  1.00125
 1.04156 -20.0687  1.00168
   1.042 -20.0549  1.00212
 1.04243 -20.0411  1.00255
 1.04286 -20.0273  1.00298
  1.0433 -20.0136  1.00342
 1.04373 -19.9998  1.00342
 1.04416 -19.9861  1.00385
  1.0446 -19.9724  1.00428
 1.04503 -19.9587  1.00472
 1.04547  -19.945  1.00515
  1.0459 -19.9313  1.00559
 1.04633 -19.9176  1.00602
 1.04677  -19.904  1.00645
  1.0472 -19.8904  1.00689
 1.04763 -19.8767  1.00732
 1.04807 -19.8631  1.00732
  1.0485 -19.8495  1.00775
 1.04893 -19.8359  1.00819
 1.04937 -19.8223  1.00862
  1.0498 -19.8088  1.00905
 1.05023 -19.7952  1.00949
 1.05067 -19.7817  1.00992
  1.0511 -19.7682  1.01035
 1.05153 -19.7547  1.01079
 1.05197 -19.7412  1.01079
  1.0524 -19.7277  1.01122
 1.05283 -19.7142  1.01165
 1.05327 -19.7008  1.01209
  1.0537 -19.6873  1.01252
 1.05413 -19.6739  1.01295
 1.05457 -19.6605  1.01339
   1.055 -19.6471  1.01382
 1.05544 -19.6337  1.01425
 1.05587 -19.6203  1.01425
  1.0563 -19.6069  1.01469
 1.05674 -19.5936  1.01512
 1.05717 -19.5802  1.01556
  1.0576 -19.5669  1.01599
 1.05804 -19.5536  1.01642
 1.05847 -19.5403  1.01686
  1.0589  -19.527  1.01729
 1.05934 -19.5137  1.01772
 1.05977 -19.5004  1.01772
  1.0602 -19.4872  1.01816
 1.06064 -19.4739  1.01859
 1.06107 -19.4607  1.01902
  1.0615 -19.4475  1.01946
 1.06194 -19.4343  1.01989
 1.06237 -19.4211  1.02032
  1.0628 -19.4079  1.02076
 1.06324 -19.3948  1.02119
 1.06367 -19.3816  1.02119
  1.0641 -19.3685  1.02162
 1.06454 -19.3554  1.02206
 1.06497 -19.3422  1.02249
 1.06541 -19.3291  1.02292
 1.06584  -19.316  1.02336
 1.06627  -19.303  1.02379
 1.06671 -19.2899  1.02422
 1.06714 -19.2769  1.02466
 1.06757 -19.2638  1.02509
 1.06801 -19.2508  1.02509
 1.06844 -19.2378  1.02553
 1.06887 -19.2248  1.02596
 1.06931 -19.2118  1.02639
 1.06974 -19.1988  1.02683
 1.07017 -19.1858  1.02726
 1.07061 -19.1729  1.02769
 1.07104 -19.1599  1.02813
 1.07147  -19.147  1.02856
 1.07191 -19.1341  1.02856
 1.07234 -19.1212  1.02899
 1.07277 -19.1083  1.02943
 1.07321 -19.0954  1.02986
 1.07364 -19.0825  1.03029
 1.07407 -19.0697  1.03073
 1.07451 -19.0569  1.03116
 1.07494  -19.044  1.03159
 1.07538 -19.0312  1.03203
 1.07581 -19.0184  1.03203
 1.07624 -19.0056  1.03246
 1.07668 -18.9928  1.03289
 1.07711   -18.98  1.03333
 1.07754 -18.9673  1.03376
 1.07798 -18.9545  1.03419
 1.07841 -18.9418  1.03463
 1.07884 -18.9291  1.03506
 1.07928 -18.9164   1.0355
 1.07971 -18.9037   1.0355
 1.08014  -18.891  1.03593
 1.08058 -18.8783  1.03636
 1.08101 -18.8656   1.0368
 1.08144  -18.853  1.03723
 1.08188 -18.8404  1.03766
 1.08231 -18.8277   1.0381
 1.08274 -18.8151  1.03853
 1.08318 -18.8025  1.03896
 1.08361 -18.7899   1.0394
 1.08404 -18.7773   1.0394
 1.08448 -18.7648  1.03983
 1.08491 -18.7522  1.04026
 1.08535 -18.7397   1.0407
 1.08578 -18.7271  1.04113
 1.08621 -18.7146  1.04156
 1.08665 -18.7021    1.042
 1.08708 -18.6896  1.04243
 1.08751 -18.6771  1.04286
 1.08795 -18.6647  1.04286
 1.08838 -18.6522   1.0433
 1.08881 -18.6397  1.04373
 1.08925 -18.6273  1.04416
 1.08968 -18.6149   1.0446
 1.09011 -18.6025  1.04503
 1.09055 -18.5901  1.04547
 1.09098 -18.5777   1.0459
 1.09141 -18.5653  1.04633
 1.09185 -18.5529  1.04633
 1.09228 -18.5406  1.04677
 1.09271 -18.5282   1.0472
 1.09315 -18.5159  1.04763
 1.09358 -18.5035  1.04807
 1.09401 -18.4912   1.0485
 1.09445 -18.4789  1.04893
 1.09488 -18.4667  1.04937
 1.09532 -18.4544   1.0498
 1.09575 -18.4421   1.0498
 1.09618 -18.4299  1.05023
 1.09662 -18.4176  1.05067
 1.09705 -18.4054   1.0511
 1.09748 -18.3932  1.05153
 1.09792 -18.3809  1.05197
 1.09835 -18.3688   1.0524
 1.09878 -18.3566  1.05283
 1.09922 -18.3444  1.05327
 1.09965 -18.3322  1.05327
 1.10008 -18.3201   1.0537
 1.10052 -18.3079  1.05413
 1.10095 -18.2958  1.05457
 1.10138 -18.2837    1.055
 1.10182 -18.2716  1.05544
 1.10225 -18.2595  1.05587
 1.10268 -18.2474   1.0563
 1.10312 -18.2353  1.05674
 1.10355 -18.2233  1.05717
 1.10398 -18.2112  1.05717
 1.10442 -18.1992   1.0576
 1.10485 -18.1871  1.05804
 1.10529 -18.1751  1.05847
 1.10572 -18.1631   1.0589
 1.10615 -18.1511  1.05934
 1.10659 -18.1391  1.05977
 1.10702 -18.1272   1.0602
 1.10745 -18.1152  1.06064
 1.10789 -18.1033  1.06064
 1.10832 -18.0913  1.06107
 1.10875 -18.0794   1.0615
 1.10919 -18.0675  1.06194
 1.10962 -18.0556  1.06237
 1.11005 -18.0437   1.0628
 1.11049 -18.0318  1.06324
 1.11092 -18.0199  1.06367
 1.11135  -18.008   1.0641
 1.11179 -17.9962   1.0641
 1.11222 -17.9843  1.06454
 1.11265 -17.9725  1.06497
 1.11309 -17.9607  1.06541
 1.11352 -17.9489  1.06584
 1.11395 -17.9371  1.06627
 1.11439 -17.9253  1.06671
 1.11482 -17.9135  1.06714
 1.11526 -17.9018  1.06757
 1.11569   -17.89  1.06757
 1.11612 -17.8783  1.06801
 1.11656 -17.8665  1.06844
 1.11699 -17.8548  1.06887
 1.11742 -17.8431  1.06931
 1.11786 -17.8314  1.06974
 1.11829 -17.8197  1.07017
 1.11872  -17.808  1.07061
 1.11916 -17.7964  1.07104
 1.11959 -17.7847  1.07104
 1.12002 -17.7731  1.07147
 1.12046 -17.7614  1.07191
 1.12089 -17.7498  1.07234
 1.12132 -17.7382  1.07277
 1.12176 -17.7266  1.07321
 1.12219  -17.715  1.07364
 1.12262 -17.7034  1.07407
 1.12306 -17.6918  1.07451
 1.12349 -17.6803  1.07451
 1.12392 -17.6687  1.07494
 1.12436 -17.6572  1.07538
 1.12479 -17.6456  1.07581
 1.12523 -17.6341  1.07624
 1.12566 -17.6226  1.07668
 1.12609 -17.6111  1.07711
 1.12653 -17.5996  1.07754
 1.12696 -17.5882  1.07798
 1.12739 -17.5767  1.07798
 1.12783 -17.5652  1.07841
 1.12826 -17.5538  1.07884
 1.12869 -17.5423  1.07928
 1.12913 -17.5309  1.07971
 1.12956 -17.5195  1.08014
 1.12999 -17.5081  1.08058
 1.13043 -17.4967  1.08101
 1.13086 -17.4853  1.08144
 1.13129  -17.474  1.08144
 1.13173 -17.4626  1.08188
 1.13216 -17.4512  1.08231
 1.13259 -17.4399  1.08274
 1.13303 -17.4286  1.08318
 1.13346 -17.4172  1.08361
 1.13389 -17.4059  1.08404
 1.13433 -17.3946  1.08448
 1.13476 -17.3833  1.08491
  1.1352 -17.3721  1.08535
 1.13563 -17.3608  1.08535
 1.13606 -17.3495  1.08578
  1.1365 -17.3383  1.08621
 1.13693  -17.327  1.08665
 1.13736 -17.3158  1.08708
  1.1378 -17.3046  1.08751
 1.13823 -17.2934  1.08795
 1.13866 -17.2822  1.08838
  1.1391  -17.271  1.08881
 1.13953 -17.2598  1.08881
 1.13996 -17.2486  1.08925
  1.1404 -17.2375  1.08968
 1.14083 -17.2263  1.09011
 1.14126 -17.2152  1.09055
  1.1417 -17.2041  1.09098
 1.14213 -17.1929  1.09141
 1.14256 -17.1818  1.09185
   1.143 -17.1707  1.09228
 1.14343 -17.1596  1.09228
 1.14386 -17.1486  1.09271
  1.1443 -17.1375  1.09315
 1.14473 -17.1264  1.09358
 1.14517 -17.1154  1.09401
  1.1456 -17.1043  1.09445
 1.14603 -17.0933  1.09488
 1.14647 -17.0823  1.09532
  1.1469 -17.0713  1.09575
 1.14733 -17.0603  1.09575
 1.14777 -17.0493  1.09618
  1.1482 -17.0383  1.09662
 1.14863 -17.0274  1.09705
 1.14907 -17.0164  1.09748
  1.1495 -17.0054  1.09792
 1.14993 -16.9945  1.09835
 1.15037 -16.9836  1.09878
  1.1508 -16.9727  1.09922
 1.15123 -16.9617  1.09922
 1.15167 -16.9508  1.09965
  1.1521   -16.94  1.10008
 1.15253 -16.9291  1.10052
 1.15297 -16.9182  1.10095
  1.1534 -16.9073  1.10138
 1.15383 -16.8965  1.10182
 1.15427 -16.8856  1.10225
  1.1547 -16.8748  1.10268
 1.15514  -16.864  1.10268
 1.15557 -16.8532  1.10312
   1.156 -16.8424  1.10355
 1.15644 -16.8316  1.10398
 1.15687 -16.8208  1.10442
  1.1573   -16.81  1.10485
 1.15774 -16.7993  1.10529
 1.15817 -16.7885  1.10572
  1.1586 -16.7778  1.10615
 1.15904  -16.767  1.10615
 1.15947 -16.7563  1.10659
  1.1599 -16.7456  1.10702
 1.16034 -16.7349  1.10745
 1.16077 -16.7242  1.10789
  1.1612 -16.7135  1.10832
 1.16164 -16.7028  1.10875
 1.16207 -16.6921  1.10919
  1.1625 -16.6815  1.10962
 1.16294 -16.6708  1.10962
 1.16337 -16.6602  1.11005
  1.1638 -16.6496  1.11049
 1.16424 -16.6389  1.11092
 1.16467 -16.6283  1.11135
 1.16511 -16.6177  1.11179
 1.16554 -16.6071  1.11222
 1.16597 -16.5965  1.11265
 1.16641  -16.586  1.11309
 1.16684 -16.5754  1.11309
 1.16727 -16.5648  1.11352
 1.16771 -16.5543  1.11395
 1.16814 -16.5438  1.11439
 1.16857 -16.5332  1.11482
 1.16901 -16.5227  1.11526
 1.16944 -16.5122  1.11569
 1.16987 -16.5017  1.11612
 1.17031 -16.4912  1.11656
 1.17074 -16.4807  1.11656
 1.17117 -16.4703  1.11699
 1.17161 -16.4598  1.11742
 1.17204 -16.4494  1.11786
 1.17247 -16.4389  1.11829
 1.17291 -16.4285  1.11872
 1.17334  -16.418  1.11916
 1.17377 -16.4076  1.11959
 1.17421 -16.3972  1.12002
 1.17464 -16.3868  1.12002
 1.17508 -16.3764  1.12046
 1.17551 -16.3661  1.12089
 1.17594 -16.3557  1.12132
 1.17638 -16.3453  1.12176
 1.17681  -16.335  1.12219
 1.17724 -16.3246  1.12262
 1.17768 -16.3143  1.12306
 1.17811  -16.304  1.12349
 1.17854 -16.2937  1.12349
 1.17898 -16.2834  1.12392
 1.17941 -16.2731  1.12436
 1.17984 -16.2628  1.12479
 1.18028 -16.2525  1.12523
 1.18071 -16.2422  1.12566
 1.18114  -16.232  1.12609
 1.18158 -16.2217  1.12653
 1.18201 -16.2115  1.12696
 1.18244 -16.2012  1.12696
 1.18288  -16.191  1.12739
 1.18331 -16.1808  1.12783
 1.18374 -16.1706  1.12826
 1.18418 -16.1604  1.12869
 1.18461 -16.1502  1.12913
 1.18505   -16.14  1.12956
 1.18548 -16.1298  1.12999
 1.18591 -16.1197  1.13043
 1.18635 -16.1095  1.13043
 1.18678 -16.0994  1.13086
 1.18721 -16.0892  1.13129
 1.18765 -16.0791  1.13173
 1.18808  -16.069  1.13216
 1.18851 -16.0589  1.13259
 1.18895 -16.0488  1.13303
 1.18938 -16.0387  1.13346
 1.18981 -16.0286  1.13389
 1.19025 -16.0186  1.13389
 1.19068 -16.0085  1.13433
 1.19111 -15.9984  1.13476
 1.19155 -15.9884   1.1352
 1.19198 -15.9783  1.13563
 1.19241 -15.9683  1.13606
 1.19285 -15.9583   1.1365
 1.19328 -15.9483  1.13693
 1.19371 -15.9383  1.13736
 1.19415 -15.9283  1.13736
 1.19458 -15.9183   1.1378
 1.19502 -15.9083  1.13823
 1.19545 -15.8983  1.13866
 1.19588 -15.8884   1.1391
 1.19632 -15.8784  1.13953
 1.19675 -15.8685  1.13996
 1.19718 -15.8586   1.1404
 1.19762 -15.8486  1.14083
 1.19805 -15.8387  1.14083
 1.19848 -15.8288  1.14126
 1.19892 -15.8189   1.1417
 1.19935  -15.809  1.14213
 1.19978 -15.7991  1.14256
 1.20022 -15.7893    1.143
 1.20065 -15.7794  1.14343
 1.20108 -15.7695  1.14386
 1.20152 -15.7597   1.1443
 1.20195 -15.7499   1.1443
 1.20238   -15.74  1.14473
 1.20282 -15.7302  1.14517
 1.20325 -15.7204   1.1456
 1.20368 -15.7106  1.14603
 1.20412 -15.7008  1.14647
 1.20455  -15.691   1.1469
 1.20498 -15.6812  1.14733
 1.20542 -15.6715  1.14777
 1.20585 -15.6617  1.14777
 1.20629 -15.6519   1.1482
 1.20672 -15.6422  1.14863
 1.20715 -15.6325  1.14907
 1.20759 -15.6227   1.1495
 1.20802  -15.613  1.14993
 1.20845 -15.6033  1.15037
 1.20889 -15.5936   1.1508
 1.20932 -15.5839  1.15123
 1.20975 -15.5742  1.15123
 1.21019 -15.5645  1.15167
 1.21062 -15.5549   1.1521
 1.21105 -15.5452  1.15253
 1.21149 -15.5355  1.15297
 1.21192 -15.5259   1.1534
 1.21235 -15.5163  1.15383
 1.21279 -15.5066  1.15427
 1.21322  -15.497   1.1547
 1.21365 -15.4874   1.1547
 1.21409 -15.4778  1.15514
 1.21452 -15.4682  1.15557
 1.21495 -15.4586    1.156
 1.21539  -15.449  1.15644
 1.21582 -15.4395  1.15687
 1.21626 -15.4299   1.1573
 1.21669 -15.4204  1.15774
 1.21712 -15.4108  1.15817
 1.21756 -15.4013  1.15817
 1.21799 -15.3917   1.1586
 1.21842 -15.3822  1.15904
 1.21886 -15.3727  1.15947
 1.21929 -15.3632   1.1599
 1.21972 -15.3537  1.16034
 1.22016 -15.3442  1.16077
 1.22059 -15.3347   1.1612
 1.22102 -15.3253  1.16164
 1.22146 -15.3158  1.16164
 1.22189 -15.3064  1.16207
 1.22232 -15.2969   1.1625
 1.22276 -15.2875  1.16294
 1.22319  -15.278  1.16337
 1.22362 -15.2686   1.1638
 1.22406 -15.2592  1.16424
 1.22449 -15.2498  1.16467
 1.22492 -15.2404  1.16511
 1.22536  -15.231  1.16511
 1.22579 -15.2216  1.16554
 1.22623 -15.2122  1.16597
 1.22666 -15.2029  1.16641
 1.22709 -15.1935  1.16684
 1.22753 -15.1842  1.16727
 1.22796 -15.1748  1.16771
 1.22839 -15.1655  1.16814
 1.22883 -15.1562  1.16857
 1.22926 -15.1468  1.16857
 1.22969 -15.1375  1.16901
 1.23013 -15.1282  1.16944
 1.23056 -15.1189  1.16987
 1.23099 -15.1096  1.17031
 1.23143 -15.1004  1.17074
 1.23186 -15.0911  1.17117
 1.23229 -15.0818  1.17161
 1.23273 -15.0726  1.17204
 1.23316 -15.0633  1.17204
 1.23359 -15.0541  1.17247
 1.23403 -15.0449  1.17291
 1.23446 -15.0356  1.17334
 1.23489 -15.0264  1.17377
 1.23533 -15.0172  1.17421
 1.23576  -15.008  1.17464
  1.2362 -14.9988  1.17508
 1.23663 -14.9896  1.17551
 1.23706 -14.9805  1.17551
  1.2375 -14.9713  1.17594
 1.23793 -14.9621  1.17638
 1.23836  -14.953  1.17681
  1.2388 -14.9438  1.17724
 1.23923 -14.9347  1.17768
 1.23966 -14.9256  1.17811
  1.2401 -14.9164  1.17854
 1.24053 -14.9073  1.17898
 1.24096 -14.8982  1.17898
  1.2414 -14.8891  1.17941
 1.24183   -14.88  1.17984
 1.24226 -14.8709  1.18028
  1.2427 -14.8619  1.18071
 1.24313 -14.8528  1.18114
 1.24356 -14.8437  1.18158
   1.244 -14.8347  1.18201
 1.24443 -14.8256  1.18244
 1.24486 -14.8166  1.18244
  1.2453 -14.8076  1.18288
 1.24573 -14.7985  1.18331
 1.24617 -14.7895  1.18374
  1.2466 -14.7805  1.18418
 1.24703 -14.7715  1.18461
 1.24747 -14.7625  1.18505
  1.2479 -14.7535  1.18548
 1.24833 -14.7446  1.18591
 1.24877 -14.7356  1.18591
  1.2492 -14.7266  1.18635
 1.24963 -14.7177  1.18678
 1.25007 -14.7087  1.18721
  1.2505 -14.6998  1.18765
 1.25093 -14.6909  1.18808
 1.25137 -14.6819  1.18851
  1.2518  -14.673  1.18895
 1.25223 -14.6641  1.18938
 1.25267 -14.6552  1.18938
  1.2531 -14.6463  1.18981
 1.25353 -14.6374  1.19025
 1.25397 -14.6285  1.19068
  1.2544 -14.6197  1.19111
 1.25483 -14.6108  1.19155
 1.25527  -14.602  1.19198
  1.2557 -14.5931  1.19241
 1.25614 -14.5843  1.19285
 1.25657 -14.5754  1.19285
   1.257 -14.5666  1.19328
 1.25744 -14.5578  1.19371
 1.25787  -14.549  1.19415
  1.2583 -14.5402  1.19458
 1.25874 -14.5314  1.19502
 1.25917 -14.5226  1.19545
  1.2596 -14.5138  1.19588
 1.26004  -14.505  1.19632
 1.26047 -14.4963  1.19632
  1.2609 -14.4875  1.19675
 1.26134 -14.4787  1.19718
 1.26177   -14.47  1.19762
  1.2622 -14.4612  1.19805
 1.26264 -14.4525  1.19848
 1.26307 -14.4438  1.19892
  1.2635 -14.4351  1.19935
 1.26394 -14.4264  1.19978
 1.26437 -14.4177  1.19978
  1.2648  -14.409  1.20022
 1.26524 -14.4003  1.20065
 1.26567 -14.3916  1.20108
 1.26611 -14.3829  1.20152
 1.26654 -14.3743  1.20195
 1.26697 -14.3656  1.20238
 1.26741  -14.357  1.20282
 1.26784 -14.3483  1.20325
 1.26827 -14.3397  1.20325
 1.26871  -14.331  1.20368
 1.26914 -14.3224  1.20412
 1.26957 -14.3138  1.20455
 1.27001 -14.3052  1.20498
 1.27044 -14.2966  1.20542
 1.27087  -14.288  1.20585
 1.27131 -14.2794  1.20629
 1.27174 -14.2708  1.20672
 1.27217 -14.2623  1.20672
 1.27261 -14.2537  1.20715
 1.27304 -14.2451  1.20759
 1.27347 -14.2366  1.20802
 1.27391  -14.228  1.20845
 1.27434 -14.2195  1.20889
 1.27477  -14.211  1.20932
 1.27521 -14.2025  1.20975
 1.27564 -14.1939  1.21019
 1.27608 -14.1854  1.21019
 1.27651 -14.1769  1.21062
 1.27694 -14.1684  1.21105
 1.27738 -14.1599  1.21149
 1.27781 -14.1515  1.21192
 1.27824  -14.143  1.21235
 1.27868 -14.1345  1.21279
 1.27911 -14.1261  1.21322
 1.27954 -14.1176  1.21322
 1.27998 -14.1092  1.21365
 1.28041 -14.1007  1.21409
 1.28084 -14.0923  1.21452
 1.28128 -14.0839  1.21495
 1.28171 -14.0755  1.21539
 1.28214 -14.0671  1.21582
 1.28258 -14.0587  1.21626
 1.28301 -14.0503  1.21669
 1.28344 -14.0419  1.21669
 1.28388 -14.0335  1.21712
 1.28431 -14.0251  1.21756
 1.28474 -14.0167  1.21799
 1.28518 -14.0084  1.21842
 1.28561      -14  1.21886
 1.28605 -13.9917  1.21929
 1.28648 -13.9833  1.21972
 1.28691  -13.975  1.22016
 1.28735 -13.9667  1.22016
 1.28778 -13.9584  1.22059
 1.28821   -13.95  1.22102
 1.28865 -13.9417  1.22146
 1.28908 -13.9334  1.22189
 1.28951 -13.9251  1.22232
 1.28995 -13.9169  1.22276
 1.29038 -13.9086  1.22319
 1.29081 -13.9003  1.22362
 1.29125  -13.892  1.22362
 1.29168 -13.8838  1.22406
 1.29211 -13.8755  1.22449
 1.29255 -13.8673  1.22492
 1.29298  -13.859  1.22536
 1.29341 -13.8508  1.22579
 1.29385 -13.8426  1.22623
 1.29428 -13.8344  1.22666
 1.29471 -13.8262  1.22709
 1.29515  -13.818  1.22709
 1.29558 -13.8098  1.22753
 1.29602 -13.8016  1.22796
 1.29645 -13.7934  1.22839
 1.29688 -13.7852  1.22883
 1.29732  -13.777  1.22926
 1.29775 -13.7689  1.22969
 1.29818 -13.7607  1.23013
 1.29862 -13.7526  1.23056
 1.29905 -13.7444  1.23056
 1.29948 -13.7363  1.23099
 1.29992 -13.7281  1.23143
 1.30035   -13.72  1.23186
 1.30078 -13.7119  1.23229
 1.30122 -13.7038  1.23273
 1.30165 -13.6957  1.23316
 1.30208 -13.6876  1.23359
 1.30252 -13.6795  1.23403
 1.30295 -13.6714  1.23403
 1.30338 -13.6633  1.23446
 1.30382 -13.6553  1.23489
 1.30425 -13.6472  1.23533
 1.30468 -13.6391  1.23576
 1.30512 -13.6311   1.2362
 1.30555  -13.623  1.23663
 1.30599  -13.615  1.23706
 1.30642  -13.607   1.2375
 1.30685 -13.5989   1.2375
 1.30729 -13.5909  1.23793
 1.30772 -13.5829  1.23836
 1.30815 -13.5749   1.2388
 1.30859 -13.5669  1.23923
 1.30902 -13.5589  1.23966
 1.30945 -13.5509   1.2401
 1.30989  -13.543  1.24053
 1.31032  -13.535  1.24096
 1.31075  -13.527  1.24096
 1.31119 -13.5191   1.2414
 1.31162 -13.5111  1.24183
 1.31205 -13.5031  1.24226
 1.31249 -13.4952   1.2427
 1.31292 -13.4873  1.24313
 1.31335 -13.4793  1.24356
 1.31379 -13.4714    1.244
 1.31422 -13.4635    1.244
 1.31465 -13.4556  1.24443
 1.31509 -13.4477  1.24486
 1.31552 -13.4398   1.2453
 1.31596 -13.4319  1.24573
 1.31639  -13.424  1.24617
 1.31682 -13.4162   1.2466
 1.31726 -13.4083  1.24703
 1.31769 -13.4004  1.24747
 1.31812 -13.3926  1.24747
 1.31856 -13.3847   1.2479
 1.31899 -13.3769  1.24833
 1.31942  -13.369  1.24877
 1.31986 -13.3612   1.2492
 1.32029 -13.3534  1.24963
 1.32072 -13.3456  1.25007
 1.32116 -13.3377   1.2505
 1.32159 -13.3299  1.25093
 1.32202 -13.3221  1.25093
 1.32246 -13.3143  1.25137
 1.32289 -13.3066   1.2518
 1.32332 -13.2988  1.25223
 1.32376  -13.291  1.25267
 1.32419 -13.2832   1.2531
 1.32462 -13.2755  1.25353
 1.32506 -13.2677  1.25397
 1.32549   -13.26   1.2544
 1.32593 -13.2522   1.2544
 1.32636 -13.2445  1.25483
 1.32679 -13.2367  1.25527
 1.32723  -13.229   1.2557
 1.32766 -13.2213  1.25614
 1.32809 -13.2136  1.25657
 1.32853 -13.2059    1.257
 1.32896 -13.1982  1.25744
 1.32939 -13.1905  1.25787
 1.32983 -13.1828  1.25787
 1.33026 -13.1751   1.2583
 1.33069 -13.1674  1.25874
 1.33113 -13.1598  1.25917
 1.33156 -13.1521   1.2596
 1.33199 -13.1445  1.26004
 1.33243 -13.1368  1.26047
 1.33286 -13.1292   1.2609
 1.33329 -13.1215  1.26134
 1.33373 -13.1139  1.26134
 1.33416 -13.1063  1.26177
 1.33459 -13.0986   1.2622
 1.33503  -13.091  1.26264
 1.33546 -13.0834  1.26307
  1.3359 -13.0758   1.2635
 1.33633 -13.0682  1.26394
 1.33676 -13.0606  1.26437
  1.3372 -13.0531   1.2648
 1.33763 -13.0455   1.2648
 1.33806 -13.0379  1.26524
  1.3385 -13.0303  1.26567
 1.33893 -13.0228  1.26611
 1.33936 -13.0152  1.26654
  1.3398 -13.0077  1.26697
 1.34023 -13.0001  1.26741
 1.34066 -12.9926  1.26784
  1.3411 -12.9851  1.26784
 1.34153 -12.9775  1.26827
 1.34196   -12.97  1.26871
  1.3424 -12.9625  1.26914
 1.34283  -12.955  1.26957
 1.34326 -12.9475  1.27001
  1.3437   -12.94  1.27044
 1.34413 -12.9325  1.27087
 1.34456 -12.9251  1.27131
   1.345 -12.9176  1.27131
 1.34543 -12.9101  1.27174
 1.34587 -12.9026  1.27217
  1.3463 -12.8952  1.27261
 1.34673 -12.8877  1.27304
 1.34717 -12.8803  1.27347
  1.3476 -12.8729  1.27391
 1.34803 -12.8654  1.27434
 1.34847  -12.858  1.27477
  1.3489 -12.8506  1.27477
 1.34933 -12.8432  1.27521
 1.34977 -12.8357  1.27564
  1.3502 -12.8283  1.27608
 1.35063 -12.8209  1.27651
 1.35107 -12.8136  1.27694
  1.3515 -12.8062  1.27738
 1.35193 -12.7988  1.27781
 1.35237 -12.7914  1.27824
  1.3528  -12.784  1.27824
 1.35323 -12.7767  1.27868
 1.35367 -12.7693  1.27911
  1.3541  -12.762  1.27954
 1.35453 -12.7546  1.27998
 1.35497 -12.7473  1.28041
  1.3554   -12.74  1.28084
 1.35584 -12.7326  1.28128
 1.35627 -12.7253  1.28171
  1.3567  -12.718  1.28171
 1.35714 -12.7107  1.28214
 1.35757 -12.7034  1.28258
   1.358 -12.6961  1.28301
 1.35844 -12.6888  1.28344
 1.35887 -12.6815  1.28388
  1.3593 -12.6742  1.28431
 1.35974 -12.6669  1.28474
 1.36017 -12.6597  1.28474
  1.3606 -12.6524  1.28518
 1.36104 -12.6451  1.28561
 1.36147 -12.6379  1.28605
  1.3619 -12.6306  1.28648
 1.36234 -12.6234  1.28691
 1.36277 -12.6162  1.28735
  1.3632 -12.6089  1.28778
 1.36364 -12.6017  1.28821
 1.36407 -12.5945  1.28821
  1.3645 -12.5873  1.28865
 1.36494 -12.5801  1.28908
 1.36537 -12.5729  1.28951
 1.36581 -12.5657  1.28995
 1.36624 -12.5585  1.29038
 1.36667 -12.5513  1.29081
 1.36711 -12.5441  1.29125
 1.36754  -12.537  1.29168
 1.36797 -12.5298  1.29168
 1.36841 -12.5226  1.29211
 1.36884 -12.5155  1.29255
 1.36927 -12.5083  1.29298
 1.36971 -12.5012  1.29341
 1.37014  -12.494  1.29385
 1.37057 -12.4869  1.29428
 1.37101 -12.4798  1.29471
 1.37144 -12.4727  1.29515
 1.37187 -12.4655  1.29515
 1.37231 -12.4584  1.29558
 1.37274 -12.4513  1.29602
 1.37317 -12.4442  1.29645
 1.37361 -12.4371  1.29688
 1.37404   -12.43  1.29732
 1.37447  -12.423  1.29775
 1.37491 -12.4159  1.29818
 1.37534 -12.4088  1.29862
 1.37578 -12.4017  1.29862
 1.37621 -12.3947  1.29905
 1.37664 -12.3876  1.29948
 1.37708 -12.3806  1.29992
 1.37751 -12.3735  1.30035
 1.37794 -12.3665  1.30078
 1.37838 -12.3595  1.30122
 1.37881 -12.3524  1.30165
 1.37924 -12.3454  1.30165
 1.37968 -12.3384  1.30208
 1.38011 -12.3314  1.30252
 1.38054 -12.3244  1.30295
 1.38098 -12.3174  1.30338
 1.38141 -12.3104  1.30382
 1.38184 -12.3034  1.30425
 1.38228 -12.2964  1.30468
 1.38271 -12.2894  1.30512
 1.38314 -12.2825  1.30512
 1.38358 -12.2755  1.30555
 1.38401 -12.2685  1.30599
 1.38444 -12.2616  1.30642
 1.38488 -12.2546  1.30685
 1.38531 -12.2477  1.30729
 1.38575 -12.2407  1.30772
 1.38618 -12.2338  1.30815
 1.38661 -12.2269  1.30859
 1.38705 -12.2199  1.30859
 1.38748  -12.213  1.30902
 1.38791 -12.2061  1.30945
 1.38835 -12.1992  1.30989
 1.38878 -12.1923  1.31032
 1.38921 -12.1854  1.31075
 1.38965 -12.1785  1.31119
 1.39008 -12.1716  1.31162
 1.39051 -12.1647  1.31205
 1.39095 -12.1579  1.31205
 1.39138  -12.151  1.31249
 1.39181 -12.1441  1.31292
 1.39225 -12.1373  1.31335
 1.39268 -12.1304  1.31379
 1.39311 -12.1236  1.31422
 1.39355 -12.1167  1.31465
 1.39398 -12.1099  1.31509
 1.39441 -12.1031  1.31552
 1.39485 -12.0962  1.31552
 1.39528 -12.0894  1.31596
 1.39572 -12.0826  1.31639
 1.39615 -12.0758  1.31682
 1.39658  -12.069  1.31726
 1.39702 -12.0622  1.31769
 1.39745 -12.0554  1.31812
 1.39788 -12.0486  1.31856
 1.39832 -12.0418  1.31856
 1.39875  -12.035  1.31899
 1.39918 -12.0282  1.31942
 1.39962 -12.0215  1.31986
 1.40005 -12.0147  1.32029
 1.40048 -12.0079  1.32072
 1.40092 -12.0012  1.32116
 1.40135 -11.9944  1.32159
 1.40178 -11.9877  1.32202
 1.40222  -11.981  1.32202
 1.40265 -11.9742  1.32246
 1.40308 -11.9675  1.32289
 1.40352 -11.9608  1.32332
 1.40395 -11.9541  1.32376
 1.40438 -11.9473  1.32419
 1.40482 -11.9406  1.32462
 1.40525 -11.9339  1.32506
 1.40569 -11.9272  1.32549
 1.40612 -11.9206  1.32549
 1.40655 -11.9139  1.32593
 1.40699 -11.9072  1.32636
 1.40742 -11.9005  1.32679
 1.40785 -11.8938  1.32723
 1.40829 -11.8872  1.32766
 1.40872 -11.8805  1.32809
 1.40915 -11.8739  1.32853
 1.40959 -11.8672  1.32853
 1.41002 -11.8606  1.32896
 1.41045 -11.8539  1.32939
 1.41089 -11.8473  1.32983
 1.41132 -11.8407  1.33026
 1.41175  -11.834  1.33069
 1.41219 -11.8274  1.33113
 1.41262 -11.8208  1.33156
 1.41305 -11.8142  1.33199
 1.41349 -11.8076  1.33199
 1.41392  -11.801  1.33243
 1.41435 -11.7944  1.33286
 1.41479 -11.7878  1.33329
 1.41522 -11.7812  1.33373
 1.41566 -11.7746  1.33416
 1.41609 -11.7681  1.33459
 1.41652 -11.7615  1.33503
 1.41696 -11.7549  1.33546
 1.41739 -11.7484  1.33546
 1.41782 -11.7418   1.3359
 1.41826 -11.7353  1.33633
 1.41869 -11.7287  1.33676
 1.41912 -11.7222   1.3372
 1.41956 -11.7156  1.33763
 1.41999 -11.7091  1.33806
 1.42042 -11.7026   1.3385
 1.42086 -11.6961  1.33893
 1.42129 -11.6896  1.33893
 1.42172 -11.6831  1.33936
 1.42216 -11.6765   1.3398
 1.42259 -11.6701  1.34023
 1.42302 -11.6636  1.34066
 1.42346 -11.6571   1.3411
 1.42389 -11.6506  1.34153
 1.42432 -11.6441  1.34196
 1.42476 -11.6376   1.3424
 1.42519 -11.6312   1.3424
 1.42563 -11.6247  1.34283
 1.42606 -11.6182  1.34326
 1.42649 -11.6118   1.3437
 1.42693 -11.6053  1.34413
 1.42736 -11.5989  1.34456
 1.42779 -11.5925    1.345
 1.42823  -11.586  1.34543
 1.42866 -11.5796  1.34587
 1.42909 -11.5732  1.34587
 1.42953 -11.5667   1.3463
 1.42996 -11.5603  1.34673
 1.43039 -11.5539  1.34717
 1.43083 -11.5475   1.3476
 1.43126 -11.5411  1.34803
 1.43169 -11.5347  1.34847
 1.43213 -11.5283   1.3489
 1.43256 -11.5219   1.3489
 1.43299 -11.5156  1.34933
 1.43343 -11.5092  1.34977
 1.43386 -11.5028   1.3502
 1.43429 -11.4964  1.35063
 1.43473 -11.4901  1.35107
 1.43516 -11.4837   1.3515
  1.4356 -11.4774  1.35193
 1.43603  -11.471  1.35237
 1.43646 -11.4647  1.35237
  1.4369 -11.4583   1.3528
 1.43733  -11.452  1.35323
 1.43776 -11.4457  1.35367
  1.4382 -11.4394   1.3541
 1.43863  -11.433  1.35453
 1.43906 -11.4267  1.35497
  1.4395 -11.4204   1.3554
 1.43993 -11.4141  1.35584
 1.44036 -11.4078  1.35584
  1.4408 -11.4015  1.35627
 1.44123 -11.3952   1.3567
 1.44166 -11.3889  1.35714
  1.4421 -11.3827  1.35757
 1.44253 -11.3764    1.358
 1.44296 -11.3701  1.35844
  1.4434 -11.3639  1.35887
 1.44383 -11.3576  1.35887
 1.44426 -11.3513   1.3593
  1.4447 -11.3451  1.35974
 1.44513 -11.3388  1.36017
 1.44557 -11.3326   1.3606
   1.446 -11.3264  1.36104
 1.44643 -11.3201  1.36147
 1.44687 -11.3139   1.3619
  1.4473 -11.3077  1.36234
 1.44773 -11.3015  1.36234
 1.44817 -11.2952  1.36277
  1.4486  -11.289   1.3632
 1.44903 -11.2828  1.36364
 1.44947 -11.2766  1.36407
  1.4499 -11.2704   1.3645
 1.45033 -11.2642  1.36494
 1.45077 -11.2581  1.36537
  1.4512 -11.2519  1.36581
 1.45163 -11.2457  1.36581
 1.45207 -11.2395  1.36624
  1.4525 -11.2334  1.36667
 1.45293 -11.2272  1.36711
 1.45337  -11.221  1.36754
  1.4538 -11.2149  1.36797
 1.45423 -11.2087  1.36841
 1.45467 -11.2026  1.36884
  1.4551 -11.1965  1.36884
 1.45554 -11.1903  1.36927
 1.45597 -11.1842  1.36971
  1.4564 -11.1781  1.37014
 1.45684 -11.1719  1.37057
 1.45727 -11.1658  1.37101
  1.4577 -11.1597  1.37144
 1.45814 -11.1536  1.37187
 1.45857 -11.1475  1.37231
   1.459 -11.1414  1.37231
 1.45944 -11.1353  1.37274
 1.45987 -11.1292  1.37317
  1.4603 -11.1231  1.37361
 1.46074 -11.1171  1.37404
 1.46117  -11.111  1.37447
  1.4616 -11.1049  1.37491
 1.46204 -11.0989  1.37534
 1.46247 -11.0928  1.37578
  1.4629 -11.0867  1.37578
 1.46334 -11.0807  1.37621
 1.46377 -11.0746  1.37664
  1.4642 -11.0686  1.37708
 1.46464 -11.0626  1.37751
 1.46507 -11.0565  1.37794
 1.46551 -11.0505  1.37838
 1.46594 -11.0445  1.37881
 1.46637 -11.0384  1.37881
 1.46681 -11.0324  1.37924
 1.46724 -11.0264  1.37968
 1.46767 -11.0204  1.38011
 1.46811 -11.0144  1.38054
 1.46854 -11.0084  1.38098
 1.46897 -11.0024  1.38141
 1.46941 -10.9964  1.38184
 1.46984 -10.9904  1.38228
 1.47027 -10.9845  1.38228
 1.47071 -10.9785  1.38271
 1.47114 -10.9725  1.38314
 1.47157 -10.9665  1.38358
 1.47201 -10.9606  1.38401
 1.47244 -10.9546  1.38444
 1.47287 -10.9487  1.38488
 1.47331 -10.9427  1.38531
 1.47374 -10.9368  1.38575
 1.47417 -10.9308  1.38575
 1.47461 -10.9249  1.38618
 1.47504  -10.919  1.38661
 1.47548  -10.913  1.38705
 1.47591 -10.9071  1.38748
 1.47634 -10.9012  1.38791
 1.47678 -10.8953  1.38835
 1.47721 -10.8894  1.38878
 1.47764 -10.8835  1.38921
 1.47808 -10.8776  1.38921
 1.47851 -10.8717  1.38965
 1.47894 -10.8658  1.39008
 1.47938 -10.8599  1.39051
 1.47981  -10.854  1.39095
 1.48024 -10.8481  1.39138
 1.48068 -10.8423  1.39181
 1.48111 -10.8364  1.39225
 1.48154 -10.8305  1.39225
 1.48198 -10.8247  1.39268
 1.48241 -10.8188  1.39311
 1.48284  -10.813  1.39355
 1.48328 -10.8071  1.39398
 1.48371 -10.8013  1.39441
 1.48414 -10.7954  1.39485
 1.48458 -10.7896  1.39528
 1.48501 -10.7838  1.39572
 1.48545 -10.7779  1.39572
 1.48588 -10.7721  1.39615
 1.48631 -10.7663  1.39658
 1.48675 -10.7605  1.39702
 1.48718 -10.7547  1.39745
 1.48761 -10.7489  1.39788
 1.48805 -10.7431  1.39832
 1.48848 -10.7373  1.39875
 1.48891 -10.7315  1.39918
 1.48935 -10.7257  1.39918
 1.48978 -10.7199  1.39962
 1.49021 -10.7141  1.40005
 1.49065 -10.7083  1.40048
 1.49108 -10.7026  1.40092
 1.49151 -10.6968  1.40135
 1.49195  -10.691  1.40178
 1.49238 -10.6853  1.40222
 1.49281 -10.6795  1.40222
 1.49325 -10.6738  1.40265
 1.49368  -10.668  1.40308
 1.49411 -10.6623  1.40352
 1.49455 -10.6566  1.40395
 1.49498 -10.6508  1.40438
 1.49542 -10.6451  1.40482
 1.49585 -10.6394  1.40525
 1.49628 -10.6337  1.40569
 1.49672 -10.6279  1.40569
 1.49715 -10.6222  1.40612
 1.49758 -10.6165  1.40655
 1.49802 -10.6108  1.40699
 1.49845 -10.6051  1.40742
 1.49888 -10.5994  1.40785
 1.49932 -10.5937  1.40829
 1.49975  -10.588  1.40872
 1.50018 -10.5824  1.40915
 1.50062 -10.5767  1.40915
 1.50105  -10.571  1.40959
 1.50148 -10.5653  1.41002
 1.50192 -10.5597  1.41045
 1.50235  -10.554  1.41089
 1.50278 -10.5484  1.41132
 1.50322 -10.5427  1.41175
 1.50365 -10.5371  1.41219
 1.50408 -10.5314  1.41219
 1.50452 -10.5258  1.41262
 1.50495 -10.5201  1.41305
 1.50539 -10.5145  1.41349
 1.50582 -10.5089  1.41392
 1.50625 -10.5032  1.41435
 1.50669 -10.4976  1.41479
 1.50712  -10.492  1.41522
 1.50755 -10.4864  1.41566
 1.50799 -10.4808  1.41566
 1.50842 -10.4752  1.41609
 1.50885 -10.4696  1.41652
 1.50929  -10.464  1.41696
 1.50972 -10.4584  1.41739
 1.51015 -10.4528  1.41782
 1.51059 -10.4472  1.41826
 1.51102 -10.4416  1.41869
 1.51145 -10.4361  1.41912
 1.51189 -10.4305  1.41912
 1.51232 -10.4249  1.41956
 1.51275 -10.4194  1.41999
 1.51319 -10.4138  1.42042
 1.51362 -10.4083  1.42086
 1.51405 -10.4027  1.42129
 1.51449 -10.3972  1.42172
 1.51492 -10.3916  1.42216
 1.51536 -10.3861  1.42259
 1.51579 -10.3805  1.42259
 1.51622  -10.375  1.42302
 1.51666 -10.3695  1.42346
 1.51709  -10.364  1.42389
 1.51752 -10.3584  1.42432
 1.51796 -10.3529  1.42476
 1.51839 -10.3474  1.42519
 1.51882 -10.3419  1.42563
 1.51926 -10.3364  1.42563
 1.51969 -10.3309  1.42606
 1.52012 -10.3254  1.42649
 1.52056 -10.3199  1.42693
 1.52099 -10.3144  1.42736
 1.52142  -10.309  1.42779
 1.52186 -10.3035  1.42823
 1.52229  -10.298  1.42866
 1.52272 -10.2925  1.42909
 1.52316 -10.2871  1.42909
 1.52359 -10.2816  1.42953
 1.52402 -10.2762  1.42996
 1.52446 -10.2707  1.43039
 1.52489 -10.2653  1.43083
 1.52533 -10.2598  1.43126
 1.52576 -10.2544  1.43169
 1.52619 -10.2489  1.43213
 1.52663 -10.2435  1.43213
 1.52706 -10.2381  1.43256
 1.52749 -10.2326  1.43299
 1.52793 -10.2272  1.43343
 1.52836 -10.2218  1.43386
 1.52879 -10.2164  1.43429
 1.52923  -10.211  1.43473
 1.52966 -10.2056  1.43516
 1.53009 -10.2002   1.4356
 1.53053 -10.1948   1.4356
 1.53096 -10.1894  1.43603
 1.53139  -10.184  1.43646
 1.53183 -10.1786   1.4369
 1.53226 -10.1732  1.43733
 1.53269 -10.1678  1.43776
 1.53313 -10.1624   1.4382
 1.53356 -10.1571  1.43863
 1.53399 -10.1517  1.43906
 1.53443 -10.1463  1.43906
 1.53486  -10.141   1.4395
  1.5353 -10.1356  1.43993
 1.53573 -10.1303  1.44036
 1.53616 -10.1249   1.4408
  1.5366 -10.1196  1.44123
 1.53703 -10.1142  1.44166
 1.53746 -10.1089   1.4421
  1.5379 -10.1036   1.4421
 1.53833 -10.0982  1.44253
 1.53876 -10.0929  1.44296
  1.5392 -10.0876   1.4434
 1.53963 -10.0823  1.44383
 1.54006  -10.077  1.44426
  1.5405 -10.0716   1.4447
 1.54093 -10.0663  1.44513
 1.54136  -10.061  1.44557
  1.5418 -10.0557  1.44557
 1.54223 -10.0504    1.446
 1.54266 -10.0451  1.44643
  1.5431 -10.0399  1.44687
 1.54353 -10.0346   1.4473
 1.54396 -10.0293  1.44773
  1.5444  -10.024  1.44817
 1.54483 -10.0187   1.4486
 1.54527 -10.0135  1.44903
  1.5457 -10.0082  1.44903
 1.54613  -10.003  1.44947
 1.54657  -9.9977   1.4499
   1.547 -9.99244  1.45033
 1.54743  -9.9872  1.45077
 1.54787 -9.98195   1.4512
  1.5483 -9.97671  1.45163
 1.54873 -9.97147  1.45207
 1.54917 -9.96624  1.45207
  1.5496   -9.961   1.4525
 1.55003 -9.95578  1.45293
 1.55047 -9.95055  1.45337
  1.5509 -9.94533   1.4538
 1.55133 -9.94012  1.45423
 1.55177 -9.93491  1.45467
  1.5522  -9.9297   1.4551
 1.55263  -9.9245  1.45554
 1.55307 -9.91929  1.45554
  1.5535  -9.9141  1.45597
 1.55393  -9.9089   1.4564
 1.55437 -9.90371  1.45684
  1.5548 -9.89853  1.45727
 1.55524 -9.89335   1.4577
 1.55567 -9.88817  1.45814
  1.5561 -9.88299  1.45857
 1.55654 -9.87782    1.459
 1.55697 -9.87265    1.459
  1.5574 -9.86749  1.45944
 1.55784 -9.86233  1.45987
 1.55827 -9.85717   1.4603
  1.5587 -9.85202  1.46074
 1.55914 -9.84687  1.46117
 1.55957 -9.84173   1.4616
    1.56 -9.83659  1.46204
 1.56044 -9.83145  1.46204
 1.56087 -9.82631  1.46247
  1.5613 -9.82118   1.4629
 1.56174 -9.81606  1.46334
 1.56217 -9.81093  1.46377
  1.5626 -9.80581   1.4642
 1.56304  -9.8007  1.46464
 1.56347 -9.79559  1.46507
  1.5639 -9.79048  1.46551
 1.56434 -9.78537  1.46551
 1.56477 -9.78027  1.46594
 1.56521 -9.77517  1.46637
 1.56564 -9.77008  1.46681
 1.56607 -9.76499  1.46724
 1.56651  -9.7599  1.46767
 1.56694 -9.75482  1.46811
 1.56737 -9.74974  1.46854
 1.56781 -9.74466  1.46854
 1.56824 -9.73959  1.46897
 1.56867 -9.73452  1.46941
 1.56911 -9.72945  1.46984
 1.56954 -9.72439  1.47027
 1.56997 -9.71933  1.47071
 1.57041 -9.71428  1.47114
 1.57084 -9.70923  1.47157
 1.57127 -9.70418  1.47201
 1.57171 -9.69914  1.47201
 1.57214  -9.6941  1.47244
 1.57257 -9.68906  1.47287
 1.57301 -9.68403  1.47331
 1.57344   -9.679  1.47374
 1.57387 -9.67397  1.47417
 1.57431 -9.66895  1.47461
 1.57474 -9.66393  1.47504
 1.57518 -9.65892  1.47548
 1.57561 -9.65391  1.47548
 1.57604  -9.6489  1.47591
 1.57648 -9.64389  1.47634
 1.57691 -9.63889  1.47678
 1.57734 -9.63389  1.47721
 1.57778  -9.6289  1.47764
 1.57821 -9.62391  1.47808
 1.57864 -9.61893  1.47851
 1.57908 -9.61394  1.47851
 1.57951 -9.60896  1.47894
 1.57994 -9.60399  1.47938
 1.58038 -9.59901  1.47981
 1.58081 -9.59404  1.48024
 1.58124 -9.58908  1.48068
 1.58168 -9.58411  1.48111
 1.58211 -9.57916  1.48154
 1.58254  -9.5742  1.48198
 1.58298 -9.56925  1.48198
 1.58341  -9.5643  1.48241
 1.58384 -9.55936  1.48284
 1.58428 -9.55442  1.48328
 1.58471 -9.54948  1.48371
 1.58515 -9.54454  1.48414
 1.58558 -9.53961  1.48458
 1.58601 -9.53469  1.48501
 1.58645 -9.52976  1.48501
 1.58688 -9.52484  1.48545
 1.58731 -9.51992  1.48588
 1.58775 -9.51501  1.48631
 1.58818  -9.5101  1.48675
 1.58861 -9.50519  1.48718
 1.58905 -9.50029  1.48761
 1.58948 -9.49539  1.48805
 1.58991  -9.4905  1.48848
 1.59035  -9.4856  1.48848
 1.59078 -9.48071  1.48891
 1.59121 -9.47583  1.48935
 1.59165 -9.47095  1.48978
 1.59208 -9.46607  1.49021
 1.59251 -9.46119  1.49065
 1.59295 -9.45632  1.49108
 1.59338 -9.45145  1.49151
 1.59381 -9.44659  1.49195
 1.59425 -9.44172  1.49195
 1.59468 -9.43687  1.49238
 1.59512 -9.43201  1.49281
 1.59555 -9.42716  1.49325
 1.59598 -9.42231  1.49368
 1.59642 -9.41747  1.49411
 1.59685 -9.41262  1.49455
 1.59728 -9.40779  1.49498
 1.59772 -9.40295  1.49498
 1.59815 -9.39812  1.49542
 1.59858 -9.39329  1.49585
 1.59902 -9.38847  1.49628
 1.59945 -9.38365  1.49672
 1.59988 -9.37883  1.49715
 1.60032 -9.37402  1.49758
 1.60075 -9.36921  1.49802
 1.60118  -9.3644  1.49845
 1.60162 -9.35959  1.49845
 1.60205 -9.35479  1.49888
 1.60248 -9.34999  1.49932
 1.60292  -9.3452  1.49975
 1.60335 -9.34041  1.50018
 1.60378 -9.33562  1.50062
 1.60422 -9.33084  1.50105
 1.60465 -9.32606  1.50148
 1.60509 -9.32128  1.50148
 1.60552 -9.31651  1.50192
 1.60595 -9.31173  1.50235
 1.60639 -9.30697  1.50278
 1.60682  -9.3022  1.50322
 1.60725 -9.29744  1.50365
 1.60769 -9.29268  1.50408
 1.60812 -9.28793  1.50452
 1.60855 -9.28318  1.50495
 1.60899 -9.27843  1.50495
 1.60942 -9.27369  1.50539
 1.60985 -9.26895  1.50582
 1.61029 -9.26421  1.50625
 1.61072 -9.25948  1.50669
 1.61115 -9.25474  1.50712
 1.61159 -9.25002  1.50755
 1.61202 -9.24529  1.50799
 1.61245 -9.24057  1.50842
 1.61289 -9.23585  1.50842
 1.61332 -9.23114  1.50885
 1.61375 -9.22643  1.50929
 1.61419 -9.22172  1.50972
 1.61462 -9.21702  1.51015
 1.61506 -9.21231  1.51059
 1.61549 -9.20762  1.51102
 1.61592 -9.20292  1.51145
 1.61636 -9.19823  1.51145
 1.61679 -9.19354  1.51189
 1.61722 -9.18886  1.51232
 1.61766 -9.18417  1.51275
 1.61809  -9.1795  1.51319
 1.61852 -9.17482  1.51362
 1.61896 -9.17015  1.51405
 1.61939 -9.16548  1.51449
 1.61982 -9.16082  1.51492
 1.62026 -9.15615  1.51492
 1.62069 -9.15149  1.51536
 1.62112 -9.14684  1.51579
 1.62156 -9.14218  1.51622
 1.62199 -9.13753  1.51666
 1.62242 -9.13289  1.51709
 1.62286 -9.12825  1.51752
 1.62329 -9.12361  1.51796
 1.62372 -9.11897  1.51796
 1.62416 -9.11434  1.51839
 1.62459  -9.1097  1.51882
 1.62503 -9.10508  1.51926
 1.62546 -9.10045  1.51969
 1.62589 -9.09583  1.52012
 1.62633 -9.09122  1.52056
 1.62676  -9.0866  1.52099
 1.62719 -9.08199  1.52142
 1.62763 -9.07739  1.52142
 1.62806 -9.07278  1.52186
 1.62849 -9.06818  1.52229
 1.62893 -9.06358  1.52272
 1.62936 -9.05898  1.52316
 1.62979 -9.05439  1.52359
 1.63023  -9.0498  1.52402
 1.63066 -9.04522  1.52446
 1.63109 -9.04064  1.52489
 1.63153 -9.03606  1.52489
 1.63196 -9.03148  1.52533
 1.63239 -9.02691  1.52576
 1.63283 -9.02234  1.52619
 1.63326 -9.01777  1.52663
 1.63369 -9.01321  1.52706
 1.63413 -9.00865  1.52749
 1.63456 -9.00409  1.52793
 1.63499 -8.99954  1.52793
 1.63543 -8.99499  1.52836
 1.63586 -8.99044  1.52879
  1.6363 -8.98589  1.52923
 1.63673 -8.98135  1.52966
 1.63716 -8.97681  1.53009
  1.6376 -8.97228  1.53053
 1.63803 -8.96775  1.53096
 1.63846 -8.96322  1.53139
  1.6389 -8.95869  1.53139
 1.63933 -8.95417  1.53183
 1.63976 -8.94965  1.53226
  1.6402 -8.94513  1.53269
 1.64063 -8.94062  1.53313
 1.64106 -8.93611  1.53356
  1.6415  -8.9316  1.53399
 1.64193  -8.9271  1.53443
 1.64236  -8.9226  1.53443
  1.6428  -8.9181  1.53486
 1.64323  -8.9136   1.5353
 1.64366 -8.90911  1.53573
  1.6441 -8.90462  1.53616
 1.64453 -8.90014   1.5366
 1.64496 -8.89565  1.53703
  1.6454 -8.89118  1.53746
 1.64583  -8.8867   1.5379
 1.64627 -8.88223   1.5379
  1.6467 -8.87775  1.53833
 1.64713 -8.87329  1.53876
 1.64757 -8.86882   1.5392
   1.648 -8.86436  1.53963
 1.64843  -8.8599  1.54006
 1.64887 -8.85545   1.5405
  1.6493   -8.851  1.54093
 1.64973 -8.84655  1.54093
 1.65017  -8.8421  1.54136
  1.6506 -8.83766   1.5418
 1.65103 -8.83322  1.54223
 1.65147 -8.82878  1.54266
  1.6519 -8.82435   1.5431
 1.65233 -8.81992  1.54353
 1.65277 -8.81549  1.54396
  1.6532 -8.81107   1.5444
 1.65363 -8.80665   1.5444
 1.65407 -8.80223  1.54483
  1.6545 -8.79781  1.54527
 1.65493  -8.7934   1.5457
 1.65537 -8.78899  1.54613
  1.6558 -8.78458  1.54657
 1.65624 -8.78018    1.547
 1.65667 -8.77578  1.54743
  1.6571 -8.77138  1.54743
 1.65754 -8.76699  1.54787
 1.65797 -8.76259   1.5483
  1.6584 -8.75821  1.54873
 1.65884 -8.75382  1.54917
 1.65927 -8.74944   1.5496
  1.6597 -8.74506  1.55003
 1.66014 -8.74068  1.55047
 1.66057 -8.73631   1.5509
   1.661 -8.73194   1.5509
 1.66144 -8.72757  1.55133
 1.66187  -8.7232  1.55177
  1.6623 -8.71884   1.5522
 1.66274 -8.71448  1.55263
 1.66317 -8.71013  1.55307
  1.6636 -8.70578   1.5535
 1.66404 -8.70143  1.55393
 1.66447 -8.69708  1.55393
  1.6649 -8.69274  1.55437
 1.66534 -8.68839   1.5548
 1.66577 -8.68406  1.55524
 1.66621 -8.67972  1.55567
 1.66664 -8.67539   1.5561
 1.66707 -8.67106  1.55654
 1.66751 -8.66673  1.55697
 1.66794 -8.66241   1.5574
 1.66837 -8.65809   1.5574
 1.66881 -8.65377  1.55784
 1.66924 -8.64946  1.55827
 1.66967 -8.64515   1.5587
 1.67011 -8.64084  1.55914
 1.67054 -8.63653  1.55957
 1.67097 -8.63223     1.56
 1.67141 -8.62793  1.56044
 1.67184 -8.62363  1.56044
 1.67227 -8.61934  1.56087
 1.67271 -8.61505   1.5613
 1.67314 -8.61076  1.56174
 1.67357 -8.60647  1.56217
 1.67401 -8.60219   1.5626
 1.67444 -8.59791  1.56304
 1.67487 -8.59363  1.56347
 1.67531 -8.58936   1.5639
 1.67574 -8.58509   1.5639
 1.67618 -8.58082  1.56434
 1.67661 -8.57656  1.56477
 1.67704 -8.57229  1.56521
 1.67748 -8.56803  1.56564
 1.67791 -8.56378  1.56607
 1.67834 -8.55952  1.56651
 1.67878 -8.55527  1.56694
 1.67921 -8.55103  1.56737
 1.67964 -8.54678  1.56737
 1.68008 -8.54254  1.56781
 1.68051  -8.5383  1.56824
 1.68094 -8.53406  1.56867
 1.68138 -8.52983  1.56911
 1.68181  -8.5256  1.56954
 1.68224 -8.52137  1.56997
 1.68268 -8.51715  1.57041
 1.68311 -8.51292  1.57041
 1.68354  -8.5087  1.57084
 1.68398 -8.50449  1.57127
 1.68441 -8.50027  1.57171
 1.68484 -8.49606  1.57214
 1.68528 -8.49186  1.57257
 1.68571 -8.48765  1.57301
 1.68615 -8.48345  1.57344
 1.68658 -8.47925  1.57387
 1.68701 -8.47505  1.57387
 1.68745 -8.47086  1.57431
 1.68788 -8.46667  1.57474
 1.68831 -8.46248  1.57518
 1.68875 -8.45829  1.57561
 1.68918 -8.45411  1.57604
 1.68961 -8.44993  1.57648
 1.69005 -8.44576  1.57691
 1.69048 -8.44158  1.57691
 1.69091 -8.43741  1.57734
 1.69135 -8.43324  1.57778
 1.69178 -8.42908  1.57821
 1.69221 -8.42491  1.57864
 1.69265 -8.42075  1.57908
 1.69308  -8.4166  1.57951
 1.69351 -8.41244  1.57994
 1.69395 -8.40829  1.58038
 1.69438 -8.40414  1.58038
 1.69481 -8.39999  1.58081
 1.69525 -8.39585  1.58124
 1.69568 -8.39171  1.58168
 1.69612 -8.38757  1.58211
 1.69655 -8.38344  1.58254
 1.69698  -8.3793  1.58298
 1.69742 -8.37518  1.58341
 1.69785 -8.37105  1.58341
 1.69828 -8.36692  1.58384
 1.69872  -8.3628  1.58428
 1.69915 -8.35868  1.58471
 1.69958 -8.35457  1.58515
 1.70002 -8.35046  1.58558
 1.70045 -8.34635  1.58601
 1.70088 -8.34224  1.58645
 1.70132 -8.33813  1.58688
 1.70175 -8.33403  1.58688
 1.70218 -8.32993  1.58731
 1.70262 -8.32584  1.58775
 1.70305 -8.32174  1.58818
 1.70348 -8.31765  1.58861
 1.70392 -8.31356  1.58905
 1.70435 -8.30948  1.58948
 1.70478 -8.30539  1.58991
 1.70522 -8.30132  1.58991
 1.70565 -8.29724  1.59035
 1.70609 -8.29316  1.59078
 1.70652 -8.28909  1.59121
 1.70695 -8.28502  1.59165
 1.70739 -8.28095  1.59208
 1.70782 -8.27689  1.59251
 1.70825 -8.27283  1.59295
 1.70869 -8.26877  1.59338
 1.70912 -8.26472  1.59338
 1.70955 -8.26066  1.59381
 1.70999 -8.25661  1.59425
 1.71042 -8.25256  1.59468
 1.71085 -8.24852  1.59512
 1.71129 -8.24448  1.59555
 1.71172 -8.24044  1.59598
 1.71215  -8.2364  1.59642
 1.71259 -8.23237  1.59642
 1.71302 -8.22834  1.59685
 1.71345 -8.22431  1.59728
 1.71389 -8.22028  1.59772
 1.71432 -8.21626  1.59815
 1.71475 -8.21224  1.59858
 1.71519 -8.20822  1.59902
 1.71562  -8.2042  1.59945
 1.71606 -8.20019  1.59988
 1.71649 -8.19618  1.59988
 1.71692 -8.19217  1.60032
 1.71736 -8.18817  1.60075
 1.71779 -8.18417  1.60118
 1.71822 -8.18017  1.60162
 1.71866 -8.17617  1.60205
 1.71909 -8.17218  1.60248
 1.71952 -8.16819  1.60292
 1.71996  -8.1642  1.60292
 1.72039 -8.16021  1.60335
 1.72082 -8.15623  1.60378
 1.72126 -8.15224  1.60422
 1.72169 -8.14827  1.60465
 1.72212 -8.14429  1.60509
 1.72256 -8.14032  1.60552
 1.72299 -8.13635  1.60595
 1.72342 -8.13238  1.60639
 1.72386 -8.12842  1.60639
 1.72429 -8.12445  1.60682
 1.72472 -8.12049  1.60725
 1.72516 -8.11653  1.60769
 1.72559 -8.11258  1.60812
 1.72603 -8.10863  1.60855
 1.72646 -8.10468  1.60899
 1.72689 -8.10073  1.60942
 1.72733 -8.09679  1.60942
 1.72776 -8.09285  1.60985
 1.72819 -8.08891  1.61029
 1.72863 -8.08497  1.61072
 1.72906 -8.08104  1.61115
 1.72949 -8.07711  1.61159
 1.72993 -8.07318  1.61202
 1.73036 -8.06925  1.61245
 1.73079 -8.06533  1.61289
 1.73123 -8.06141  1.61289
 1.73166 -8.05749  1.61332
 1.73209 -8.05357  1.61375
 1.73253 -8.04966  1.61419
 1.73296 -8.04575  1.61462
 1.73339 -8.04184  1.61506
 1.73383 -8.03794  1.61549
 1.73426 -8.03404  1.61592
 1.73469 -8.03014  1.61592
 1.73513 -8.02624  1.61636
 1.73556 -8.02234  1.61679
   1.736 -8.01845  1.61722
 1.73643 -8.01456  1.61766
 1.73686 -8.01067  1.61809
  1.7373 -8.00679  1.61852
 1.73773 -8.00291  1.61896
 1.73816 -7.99903  1.61939
  1.7386 -7.99515  1.61939
 1.73903 -7.99127  1.61982
 1.73946  -7.9874  1.62026
  1.7399 -7.98353  1.62069
 1.74033 -7.97967  1.62112
 1.74076  -7.9758  1.62156
  1.7412 -7.97194  1.62199
 1.74163 -7.96808  1.62242
 1.74206 -7.96422  1.62242
  1.7425 -7.96037  1.62286
 1.74293 -7.95652  1.62329
 1.74336 -7.95267  1.62372
  1.7438 -7.94882  1.62416
 1.74423 -7.94498  1.62459
 1.74466 -7.94114  1.62503
  1.7451  -7.9373  1.62546
 1.74553 -7.93346  1.62589
 1.74597 -7.92963  1.62589
  1.7464 -7.92579  1.62633
 1.74683 -7.92197  1.62676
 1.74727 -7.91814  1.62719
  1.7477 -7.91431  1.62763
 1.74813 -7.91049  1.62806
 1.74857 -7.90667  1.62849
   1.749 -7.90286  1.62893
 1.74943 -7.89905  1.62893
 1.74987 -7.89523  1.62936
  1.7503 -7.89142  1.62979
 1.75073 -7.88762  1.63023
 1.75117 -7.88381  1.63066
  1.7516 -7.88001  1.63109
 1.75203 -7.87621  1.63153
 1.75247 -7.87242  1.63196
  1.7529 -7.86862  1.63239
 1.75333 -7.86483  1.63239
 1.75377 -7.86104  1.63283
  1.7542 -7.85725  1.63326
 1.75463 -7.85347  1.63369
 1.75507 -7.84969  1.63413
  1.7555 -7.84591  1.63456
 1.75594 -7.84213  1.63499
 1.75637 -7.83836  1.63543
  1.7568 -7.83459  1.63543
 1.75724 -7.83082  1.63586
 1.75767 -7.82705   1.6363
  1.7581 -7.82329  1.63673
 1.75854 -7.81952  1.63716
 1.75897 -7.81576   1.6376
  1.7594 -7.81201  1.63803
 1.75984 -7.80825  1.63846
 1.76027  -7.8045   1.6389
  1.7607 -7.80075   1.6389
 1.76114   -7.797  1.63933
 1.76157 -7.79326  1.63976
   1.762 -7.78952   1.6402
 1.76244 -7.78578  1.64063
 1.76287 -7.78204  1.64106
  1.7633  -7.7783   1.6415
 1.76374 -7.77457  1.64193
 1.76417 -7.77084  1.64193
  1.7646 -7.76711  1.64236
 1.76504 -7.76339   1.6428
 1.76547 -7.75966  1.64323
 1.76591 -7.75594  1.64366
 1.76634 -7.75222   1.6441
 1.76677 -7.74851  1.64453
 1.76721  -7.7448  1.64496
 1.76764 -7.74109   1.6454
 1.76807 -7.73738   1.6454
 1.76851 -7.73367  1.64583
 1.76894 -7.72997  1.64627
 1.76937 -7.72627   1.6467
 1.76981 -7.72257  1.64713
 1.77024 -7.71887  1.64757
 1.77067 -7.71518    1.648
 1.77111 -7.71149  1.64843
 1.77154  -7.7078  1.64843
 1.77197 -7.70411  1.64887
 1.77241 -7.70042   1.6493
 1.77284 -7.69674  1.64973
 1.77327 -7.69306  1.65017
 1.77371 -7.68938   1.6506
 1.77414 -7.68571  1.65103
 1.77457 -7.68204  1.65147
 1.77501 -7.67837   1.6519
 1.77544  -7.6747   1.6519
 1.77588 -7.67103  1.65233
 1.77631 -7.66737  1.65277
 1.77674 -7.66371   1.6532
 1.77718 -7.66005  1.65363
 1.77761  -7.6564  1.65407
 1.77804 -7.65274   1.6545
 1.77848 -7.64909  1.65493
 1.77891 -7.64544  1.65493
 1.77934  -7.6418  1.65537
 1.77978 -7.63815   1.6558
 1.78021 -7.63451  1.65624
 1.78064 -7.63087  1.65667
 1.78108 -7.62723   1.6571
 1.78151  -7.6236  1.65754
 1.78194 -7.61997  1.65797
 1.78238 -7.61634   1.6584
 1.78281 -7.61271   1.6584
 1.78324 -7.60908  1.65884
 1.78368 -7.60546  1.65927
 1.78411 -7.60184   1.6597
 1.78454 -7.59822  1.66014
 1.78498  -7.5946  1.66057
 1.78541 -7.59099    1.661
 1.78585 -7.58738  1.66144
 1.78628 -7.58377  1.66144
 1.78671 -7.58016  1.66187
 1.78715 -7.57656   1.6623
 1.78758 -7.57296  1.66274
 1.78801 -7.56936  1.66317
 1.78845 -7.56576   1.6636
 1.78888 -7.56216  1.66404
 1.78931 -7.55857  1.66447
 1.78975 -7.55498   1.6649
 1.79018 -7.55139   1.6649
 1.79061 -7.54781  1.66534
 1.79105 -7.54422  1.66577
 1.79148 -7.54064  1.66621
 1.79191 -7.53706  1.66664
 1.79235 -7.53349  1.66707
 1.79278 -7.52991  1.66751
 1.79321 -7.52634  1.66794
 1.79365 -7.52277  1.66794
 1.79408  -7.5192  1.66837
 1.79451 -7.51564  1.66881
 1.79495 -7.51207  1.66924
 1.79538 -7.50851  1.66967
 1.79582 -7.50496  1.67011
 1.79625  -7.5014  1.67054
 1.79668 -7.49785  1.67097
 1.79712  -7.4943  1.67097
 1.79755 -7.49075  1.67141
 1.79798  -7.4872  1.67184
 1.79842 -7.48365  1.67227
 1.79885 -7.48011  1.67271
 1.79928 -7.47657  1.67314
 1.79972 -7.47303  1.67357
 1.80015  -7.4695  1.67401
 1.80058 -7.46596  1.67444
 1.80102 -7.46243  1.67444
 1.80145  -7.4589  1.67487
 1.80188 -7.45538  1.67531
 1.80232 -7.45185  1.67574
 1.80275 -7.44833  1.67618
 1.80318 -7.44481  1.67661
 1.80362 -7.44129  1.67704
 1.80405 -7.43778  1.67748
 1.80448 -7.43427  1.67748
 1.80492 -7.43076  1.67791
 1.80535 -7.42725  1.67834
 1.80579 -7.42374  1.67878
 1.80622 -7.42024  1.67921
 1.80665 -7.41673  1.67964
 1.80709 -7.41323  1.68008
 1.80752 -7.40974  1.68051
 1.80795 -7.40624  1.68094
 1.80839 -7.40275  1.68094
 1.80882 -7.39926  1.68138
 1.80925 -7.39577  1.68181
 1.80969 -7.39228  1.68224
 1.81012  -7.3888  1.68268
 1.81055 -7.38532  1.68311
 1.81099 -7.38184  1.68354
 1.81142 -7.37836  1.68398
 1.81185 -7.37489  1.68398
 1.81229 -7.37141  1.68441
 1.81272 -7.36794  1.68484
 1.81315 -7.36447  1.68528
 1.81359 -7.36101  1.68571
 1.81402 -7.35754  1.68615
 1.81445 -7.35408  1.68658
 1.81489 -7.35062  1.68701
 1.81532 -7.34717  1.68745
 1.81576 -7.34371  1.68745
 1.81619 -7.34026  1.68788
 1.81662 -7.33681  1.68831
 1.81706 -7.33336  1.68875
 1.81749 -7.32991  1.68918
 1.81792 -7.32647  1.68961
 1.81836 -7.32303  1.69005
 1.81879 -7.31959  1.69048
 1.81922 -7.31615  1.69048
 1.81966 -7.31271  1.69091
 1.82009 -7.30928  1.69135
 1.82052 -7.30585  1.69178
 1.82096 -7.30242  1.69221
 1.82139 -7.29899  1.69265
 1.82182 -7.29557  1.69308
 1.82226 -7.29215  1.69351
 1.82269 -7.28873  1.69395
 1.82312 -7.28531  1.69395
 1.82356 -7.28189  1.69438
 1.82399 -7.27848  1.69481
 1.82442 -7.27507  1.69525
 1.82486 -7.27166  1.69568
 1.82529 -7.26825  1.69612
 1.82573 -7.26484  1.69655
 1.82616 -7.26144  1.69698
 1.82659 -7.25804  1.69698
 1.82703 -7.25464  1.69742
 1.82746 -7.25125  1.69785
 1.82789 -7.24785  1.69828
 1.82833 -7.24446  1.69872
 1.82876 -7.24107  1.69915
 1.82919 -7.23768  1.69958
 1.82963  -7.2343  1.70002
 1.83006 -7.23091  1.70045
 1.83049 -7.22753  1.70045
 1.83093 -7.22415  1.70088
 1.83136 -7.22077  1.70132
 1.83179  -7.2174  1.70175
 1.83223 -7.21403  1.70218
 1.83266 -7.21066  1.70262
 1.83309 -7.20729  1.70305
 1.83353 -7.20392  1.70348
 1.83396 -7.20056  1.70348
 1.83439 -7.19719  1.70392
 1.83483 -7.19383  1.70435
 1.83526 -7.19048  1.70478
  1.8357 -7.18712  1.70522
 1.83613 -7.18377  1.70565
 1.83656 -7.18041  1.70609
   1.837 -7.17707  1.70652
 1.83743 -7.17372  1.70652
 1.83786 -7.17037  1.70695
  1.8383 -7.16703  1.70739
 1.83873 -7.16369  1.70782
 1.83916 -7.16035  1.70825
  1.8396 -7.15701  1.70869
 1.84003 -7.15368  1.70912
 1.84046 -7.15034  1.70955
  1.8409 -7.14701  1.70999
 1.84133 -7.14369  1.70999
 1.84176 -7.14036  1.71042
  1.8422 -7.13704  1.71085
 1.84263 -7.13371  1.71129
 1.84306 -7.13039  1.71172
  1.8435 -7.12707  1.71215
 1.84393 -7.12376  1.71259
 1.84436 -7.12045  1.71302
  1.8448 -7.11713  1.71302
 1.84523 -7.11382  1.71345
 1.84567 -7.11052  1.71389
  1.8461 -7.10721  1.71432
 1.84653 -7.10391  1.71475
 1.84697 -7.10061  1.71519
  1.8474 -7.09731  1.71562
 1.84783 -7.09401  1.71606
 1.84827 -7.09072  1.71649
  1.8487 -7.08742  1.71649
 1.84913 -7.08413  1.71692
 1.84957 -7.08084  1.71736
    1.85 -7.07755  1.71779