 kgrid  ValNew  Policy 
    0.55 -27.1453 0.595082
0.550433 -27.1023 0.595515
0.550867 -27.0595 0.595949
  0.5513 -27.0167 0.596382
0.551734  -26.974 0.596382
0.552167 -26.9314 0.596816
0.552601 -26.8889 0.597249
0.553034 -26.8465 0.597683
0.553468 -26.8042 0.598116
0.553901  -26.762 0.598116
0.554335 -26.7199  0.59855
0.554768 -26.6779 0.598983
0.555202  -26.636 0.599416
0.555635 -26.5942  0.59985
0.556069 -26.5524  0.59985
0.556502 -26.5108 0.600283
0.556936 -26.4692 0.600717
0.557369 -26.4278  0.60115
0.557803 -26.3864 0.601584
0.558236 -26.3451 0.601584
 0.55867  -26.304 0.602017
0.559103 -26.2629 0.602451
0.559537 -26.2219 0.602884
 0.55997  -26.181 0.602884
0.560403 -26.1402 0.603318
0.560837 -26.0994 0.603751
 0.56127 -26.0588 0.604185
0.561704 -26.0183 0.604618
0.562137 -25.9778 0.605052
0.562571 -25.9374 0.605052
0.563004 -25.8972 0.605485
0.563438  -25.857 0.605919
0.563871 -25.8169 0.606352
0.564305 -25.7769 0.606352
0.564738 -25.7369 0.606786
0.565172 -25.6971 0.607219
0.565605 -25.6573 0.607653
0.566039 -25.6177 0.608086
0.566472 -25.5781  0.60852
0.566906 -25.5386  0.60852
0.567339 -25.4992 0.608953
0.567773 -25.4599 0.609386
0.568206 -25.4207  0.60982
 0.56864 -25.3815  0.60982
0.569073 -25.3425 0.610253
0.569507 -25.3035 0.610687
 0.56994 -25.2646  0.61112
0.570373 -25.2258 0.611554
0.570807 -25.1871 0.611554
 0.57124 -25.1484 0.611987
0.571674 -25.1098 0.612421
0.572107 -25.0713 0.612854
0.572541  -25.033 0.613288
0.572974 -24.9947 0.613721
0.573408 -24.9564 0.613721
0.573841 -24.9183 0.614155
0.574275 -24.8802 0.614588
0.574708 -24.8422 0.615022
0.575142 -24.8044 0.615455
0.575575 -24.7665 0.615455
0.576009 -24.7288 0.615889
0.576442 -24.6911 0.616322
0.576876 -24.6535 0.616756
0.577309  -24.616 0.617189
0.577743 -24.5786 0.617189
0.578176 -24.5413 0.617623
 0.57861  -24.504 0.618056
0.579043 -24.4668 0.618489
0.579476 -24.4298 0.618489
 0.57991 -24.3927 0.618923
0.580343 -24.3558 0.619356
0.580777 -24.3189  0.61979
 0.58121 -24.2821 0.620223
0.581644 -24.2454 0.620657
0.582077 -24.2088 0.620657
0.582511 -24.1722  0.62109
0.582944 -24.1357 0.621524
0.583378 -24.0993 0.621957
0.583811  -24.063 0.622391
0.584245 -24.0268 0.622391
0.584678 -23.9906 0.622824
0.585112 -23.9545 0.623258
0.585545 -23.9185 0.623691
0.585979 -23.8825 0.624125
0.586412 -23.8467 0.624125
0.586846 -23.8109 0.624558
0.587279 -23.7751 0.624992
0.587713 -23.7395 0.625425
0.588146 -23.7039 0.625859
 0.58858 -23.6684 0.625859
0.589013  -23.633 0.626292
0.589446 -23.5976 0.626726
 0.58988 -23.5624 0.627159
0.590313 -23.5272 0.627593
0.590747  -23.492 0.627593
 0.59118  -23.457 0.628026
0.591614  -23.422 0.628459
0.592047 -23.3871 0.628893
0.592481 -23.3522 0.629326
0.592914 -23.3175 0.629326
0.593348 -23.2828  0.62976
0.593781 -23.2481 0.630193
0.594215 -23.2136 0.630627
0.594648 -23.1791  0.63106
0.595082 -23.1447  0.63106
0.595515 -23.1103 0.631494
0.595949 -23.0761 0.631927
0.596382 -23.0419 0.632361
0.596816 -23.0077 0.632794
0.597249 -22.9737 0.633228
0.597683 -22.9397 0.633228
0.598116 -22.9057 0.633661
 0.59855 -22.8719 0.634095
0.598983 -22.8381 0.634528
0.599416 -22.8044 0.634528
 0.59985 -22.7708 0.634962
0.600283 -22.7372 0.635395
0.600717 -22.7037 0.635829
 0.60115 -22.6702 0.636262
0.601584 -22.6369 0.636696
0.602017 -22.6035 0.636696
0.602451 -22.5703 0.637129
0.602884 -22.5371 0.637563
0.603318  -22.504 0.637996
0.603751  -22.471 0.638429
0.604185  -22.438 0.638429
0.604618 -22.4051 0.638863
0.605052 -22.3722 0.639296
0.605485 -22.3395  0.63973
0.605919 -22.3068 0.640163
0.606352 -22.2741 0.640163
0.606786 -22.2415 0.640597
0.607219  -22.209  0.64103
0.607653 -22.1766 0.641464
0.608086 -22.1442 0.641897
 0.60852 -22.1119 0.641897
0.608953 -22.0796 0.642331
0.609386 -22.0474 0.642764
 0.60982 -22.0153 0.643198
0.610253 -21.9832 0.643631
0.610687 -21.9513 0.644065
 0.61112 -21.9193 0.644065
0.611554 -21.8874 0.644498
0.611987 -21.8556 0.644932
0.612421 -21.8239 0.645365
0.612854 -21.7922 0.645799
0.613288 -21.7606 0.645799
0.613721  -21.729 0.646232
0.614155 -21.6975 0.646666
0.614588 -21.6661 0.647099
0.615022 -21.6347 0.647533
0.615455 -21.6034 0.647533
0.615889 -21.5722 0.647966
0.616322  -21.541 0.648399
0.616756 -21.5099 0.648833
0.617189 -21.4788 0.649266
0.617623 -21.4478 0.649266
0.618056 -21.4169   0.6497
0.618489  -21.386 0.650133
0.618923 -21.3552 0.650567
0.619356 -21.3244    0.651
 0.61979 -21.2938    0.651
0.620223 -21.2631 0.651434
0.620657 -21.2325 0.651867
 0.62109  -21.202 0.652301
0.621524 -21.1716 0.652734
0.621957 -21.1412 0.652734
0.622391 -21.1108 0.653168
0.622824 -21.0806 0.653601
0.623258 -21.0503 0.654035
0.623691 -21.0202 0.654468
0.624125 -20.9901 0.654902
0.624558 -20.9601 0.654902
0.624992 -20.9301 0.655335
0.625425 -20.9001 0.655769
0.625859 -20.8703 0.656202
0.626292 -20.8405 0.656636
0.626726 -20.8107 0.656636
0.627159  -20.781 0.657069
0.627593 -20.7514 0.657503
0.628026 -20.7218 0.657936
0.628459 -20.6923 0.658369
0.628893 -20.6628 0.658369
0.629326 -20.6334 0.658803
 0.62976 -20.6041 0.659236
0.630193 -20.5748  0.65967
0.630627 -20.5455 0.660103
 0.63106 -20.5164 0.660103
0.631494 -20.4872 0.660537
0.631927 -20.4581  0.66097
0.632361 -20.4291 0.661404
0.632794 -20.4002 0.661837
0.633228 -20.3713 0.662271
0.633661 -20.3424 0.662271
0.634095 -20.3136 0.662704
0.634528 -20.2849 0.663138
0.634962 -20.2562 0.663571
0.635395 -20.2276 0.664005
0.635829  -20.199 0.664005
0.636262 -20.1705 0.664438
0.636696  -20.142 0.664872
0.637129 -20.1136 0.665305
0.637563 -20.0853 0.665739
0.637996  -20.057 0.665739
0.638429 -20.0287 0.666172
0.638863 -20.0005 0.666606
0.639296 -19.9724 0.667039
 0.63973 -19.9443 0.667472
0.640163 -19.9163 0.667472
0.640597 -19.8883 0.667906
 0.64103 -19.8603 0.668339
0.641464 -19.8325 0.668773
0.641897 -19.8046 0.669206
0.642331 -19.7769  0.66964
0.642764 -19.7492  0.66964
0.643198 -19.7215 0.670073
0.643631 -19.6939 0.670507
0.644065 -19.6663  0.67094
0.644498 -19.6388 0.671374
0.644932 -19.6114 0.671374
0.645365  -19.584 0.671807
0.645799 -19.5566 0.672241
0.646232 -19.5293 0.672674
0.646666 -19.5021 0.673108
0.647099 -19.4749 0.673108
0.647533 -19.4477 0.673541
0.647966 -19.4206 0.673975
0.648399 -19.3936 0.674408
0.648833 -19.3666 0.674842
0.649266 -19.3396 0.674842
  0.6497 -19.3127 0.675275
0.650133 -19.2859 0.675709
0.650567 -19.2591 0.676142
   0.651 -19.2324 0.676576
0.651434 -19.2057 0.676576
0.651867  -19.179 0.677009
0.652301 -19.1524 0.677442
0.652734 -19.1259 0.677876
0.653168 -19.0994 0.678309
0.653601  -19.073 0.678309
0.654035 -19.0466 0.678743
0.654468 -19.0202 0.679176
0.654902 -18.9939  0.67961
0.655335 -18.9677 0.680043
0.655769 -18.9415 0.680477
0.656202 -18.9153 0.680477
0.656636 -18.8892  0.68091
0.657069 -18.8632 0.681344
0.657503 -18.8372 0.681777
0.657936 -18.8112 0.682211
0.658369 -18.7853 0.682211
0.658803 -18.7595 0.682644
0.659236 -18.7337 0.683078
 0.65967 -18.7079 0.683511
0.660103 -18.6822 0.683945
0.660537 -18.6565 0.683945
 0.66097 -18.6309 0.684378
0.661404 -18.6053 0.684812
0.661837 -18.5798 0.685245
0.662271 -18.5543 0.685679
0.662704 -18.5289 0.685679
0.663138 -18.5035 0.686112
0.663571 -18.4782 0.686546
0.664005 -18.4529 0.686979
0.664438 -18.4277 0.687412
0.664872 -18.4025 0.687412
0.665305 -18.3773 0.687846
0.665739 -18.3522 0.688279
0.666172 -18.3272 0.688713
0.666606 -18.3022 0.689146
0.667039 -18.2772  0.68958
0.667472 -18.2523  0.68958
0.667906 -18.2274 0.690013
0.668339 -18.2026 0.690447
0.668773 -18.1778  0.69088
0.669206 -18.1531 0.691314
 0.66964 -18.1284 0.691314
0.670073 -18.1037 0.691747
0.670507 -18.0791 0.692181
 0.67094 -18.0546 0.692614
0.671374 -18.0301 0.693048
0.671807 -18.0056 0.693048
0.672241 -17.9812 0.693481
0.672674 -17.9568 0.693915
0.673108 -17.9325 0.694348
0.673541 -17.9082 0.694782
0.673975 -17.8839 0.694782
0.674408 -17.8597 0.695215
0.674842 -17.8356 0.695649
0.675275 -17.8115 0.696082
0.675709 -17.7874 0.696516
0.676142 -17.7634 0.696516
0.676576 -17.7394 0.696949
0.677009 -17.7155 0.697382
0.677442 -17.6916 0.697816
0.677876 -17.6677 0.698249
0.678309 -17.6439 0.698249
0.678743 -17.6202 0.698683
0.679176 -17.5964 0.699116
 0.67961 -17.5728  0.69955
0.680043 -17.5491 0.699983
0.680477 -17.5256 0.699983
 0.68091  -17.502 0.700417
0.681344 -17.4785  0.70085
0.681777  -17.455 0.701284
0.682211 -17.4316 0.701717
0.682644 -17.4082 0.702151
0.683078 -17.3849 0.702151
0.683511 -17.3616 0.702584
0.683945 -17.3384 0.703018
0.684378 -17.3151 0.703451
0.684812  -17.292 0.703885
0.685245 -17.2689 0.703885
0.685679 -17.2458 0.704318
0.686112 -17.2227 0.704752
0.686546 -17.1997 0.705185
0.686979 -17.1768 0.705619
0.687412 -17.1539 0.705619
0.687846  -17.131 0.706052
0.688279 -17.1081 0.706485
0.688713 -17.0853 0.706919
0.689146 -17.0626 0.707352
 0.68958 -17.0399 0.707352
0.690013 -17.0172 0.707786
0.690447 -16.9946 0.708219
 0.69088  -16.972 0.708653
0.691314 -16.9494 0.709086
0.691747 -16.9269 0.709086
0.692181 -16.9044  0.70952
0.692614  -16.882 0.709953
0.693048 -16.8596 0.710387
0.693481 -16.8373  0.71082
0.693915  -16.815  0.71082
0.694348 -16.7927 0.711254
0.694782 -16.7705 0.711687
0.695215 -16.7483 0.712121
0.695649 -16.7261 0.712554
0.696082  -16.704 0.712554
0.696516 -16.6819 0.712988
0.696949 -16.6599 0.713421
0.697382 -16.6379 0.713855
0.697816  -16.616 0.714288
0.698249  -16.594 0.714288
0.698683 -16.5722 0.714722
0.699116 -16.5503 0.715155
 0.69955 -16.5285 0.715589
0.699983 -16.5068 0.716022
0.700417  -16.485 0.716022
 0.70085 -16.4633 0.716455
0.701284 -16.4417 0.716889
0.701717 -16.4201 0.717322
0.702151 -16.3985 0.717756
0.702584  -16.377 0.717756
0.703018 -16.3555 0.718189
0.703451  -16.334 0.718623
0.703885 -16.3126 0.719056
0.704318 -16.2912  0.71949
0.704752 -16.2699 0.719923
0.705185 -16.2486 0.719923
0.705619 -16.2273 0.720357
0.706052 -16.2061  0.72079
0.706485 -16.1849 0.721224
0.706919 -16.1638 0.721657
0.707352 -16.1426 0.721657
0.707786 -16.1215 0.722091
0.708219 -16.1005 0.722524
0.708653 -16.0795 0.722958
0.709086 -16.0585 0.723391
 0.70952 -16.0376 0.723391
0.709953 -16.0167 0.723825
0.710387 -15.9958 0.724258
 0.71082  -15.975 0.724692
0.711254 -15.9542 0.725125
0.711687 -15.9335 0.725125
0.712121 -15.9128 0.725559
0.712554 -15.8921 0.725992
0.712988 -15.8714 0.726425
0.713421 -15.8508 0.726859
0.713855 -15.8303 0.726859
0.714288 -15.8097 0.727292
0.714722 -15.7892 0.727726
0.715155 -15.7688 0.728159
0.715589 -15.7483 0.728593
0.716022 -15.7279 0.728593
0.716455 -15.7076 0.729026
0.716889 -15.6873  0.72946
0.717322  -15.667 0.729893
0.717756 -15.6467 0.730327
0.718189 -15.6265 0.730327
0.718623 -15.6063  0.73076
0.719056 -15.5862 0.731194
 0.71949 -15.5661 0.731627
0.719923  -15.546 0.732061
0.720357  -15.526 0.732061
 0.72079 -15.5059 0.732494
0.721224  -15.486 0.732928
0.721657  -15.466 0.733361
0.722091 -15.4461 0.733795
0.722524 -15.4263 0.733795
0.722958 -15.4064 0.734228
0.723391 -15.3866 0.734662
0.723825 -15.3669 0.735095
0.724258 -15.3471 0.735529
0.724692 -15.3275 0.735529
0.725125 -15.3078 0.735962
0.725559 -15.2881 0.736395
0.725992 -15.2686 0.736829
0.726425  -15.249 0.737262
0.726859 -15.2295 0.737262
0.727292   -15.21 0.737696
0.727726 -15.1905 0.738129
0.728159 -15.1711 0.738563
0.728593 -15.1517 0.738996
0.729026 -15.1323 0.738996
 0.72946  -15.113  0.73943
0.729893 -15.0937 0.739863
0.730327 -15.0744 0.740297
 0.73076 -15.0552  0.74073
0.731194  -15.036  0.74073
0.731627 -15.0168 0.741164
0.732061 -14.9977 0.741597
0.732494 -14.9786 0.742031
0.732928 -14.9596 0.742464
0.733361 -14.9405 0.742464
0.733795 -14.9215 0.742898
0.734228 -14.9026 0.743331
0.734662 -14.8836 0.743765
0.735095 -14.8647 0.744198
0.735529 -14.8459 0.744198
0.735962  -14.827 0.744632
0.736395 -14.8082 0.745065
0.736829 -14.7894 0.745498
0.737262 -14.7707 0.745932
0.737696  -14.752 0.745932
0.738129 -14.7333 0.746365
0.738563 -14.7146 0.746799
0.738996  -14.696 0.747232
 0.73943 -14.6775 0.747666
0.739863 -14.6589 0.747666
0.740297 -14.6404 0.748099
 0.74073 -14.6219 0.748533
0.741164 -14.6034 0.748966
0.741597  -14.585   0.7494
0.742031 -14.5666   0.7494
0.742464 -14.5482 0.749833
0.742898 -14.5299 0.750267
0.743331 -14.5116   0.7507
0.743765 -14.4933 0.751134
0.744198 -14.4751 0.751134
0.744632 -14.4569 0.751567
0.745065 -14.4387 0.752001
0.745498 -14.4206 0.752434
0.745932 -14.4024 0.752868
0.746365 -14.3844 0.752868
0.746799 -14.3663 0.753301
0.747232 -14.3483 0.753735
0.747666 -14.3303 0.754168
0.748099 -14.3123 0.754602
0.748533 -14.2944 0.754602
0.748966 -14.2765 0.755035
  0.7494 -14.2586 0.755468
0.749833 -14.2407 0.755902
0.750267 -14.2229 0.756335
  0.7507 -14.2051 0.756335
0.751134 -14.1874 0.756769
0.751567 -14.1696 0.757202
0.752001  -14.152 0.757636
0.752434 -14.1343 0.758069
0.752868 -14.1167 0.758069
0.753301  -14.099 0.758503
0.753735 -14.0815 0.758936
0.754168 -14.0639  0.75937
0.754602 -14.0464 0.759803
0.755035 -14.0289 0.759803
0.755468 -14.0114 0.760237
0.755902  -13.994  0.76067
0.756335 -13.9766 0.761104
0.756769 -13.9592 0.761537
0.757202 -13.9419 0.761537
0.757636 -13.9246 0.761971
0.758069 -13.9073 0.762404
0.758503   -13.89 0.762838
0.758936 -13.8728 0.763271
 0.75937 -13.8556 0.763271
0.759803 -13.8384 0.763705
0.760237 -13.8213 0.764138
 0.76067 -13.8042 0.764572
0.761104 -13.7871 0.765005
0.761537   -13.77 0.765005
0.761971  -13.753 0.765438
0.762404  -13.736 0.765872
0.762838  -13.719 0.766305
0.763271 -13.7021 0.766739
0.763705 -13.6851 0.766739
0.764138 -13.6682 0.767172
0.764572 -13.6514 0.767606
0.765005 -13.6345 0.768039
0.765438 -13.6177 0.768473
0.765872  -13.601 0.768473
0.766305 -13.5842 0.768906
0.766739 -13.5675  0.76934
0.767172 -13.5508 0.769773
0.767606 -13.5341 0.770207
0.768039 -13.5175 0.770207
0.768473 -13.5009  0.77064
0.768906 -13.4843 0.771074
 0.76934 -13.4677 0.771507
0.769773 -13.4512 0.771941
0.770207 -13.4347 0.771941
 0.77064 -13.4182 0.772374
0.771074 -13.4017 0.772808
0.771507 -13.3853 0.773241
0.771941 -13.3689 0.773675
0.772374 -13.3526 0.773675
0.772808 -13.3362 0.774108
0.773241 -13.3199 0.774542
0.773675 -13.3036 0.774975
0.774108 -13.2874 0.775408
0.774542 -13.2711 0.775408
0.774975 -13.2549 0.775842
0.775408 -13.2387 0.776275
0.775842 -13.2226 0.776709
0.776275 -13.2064 0.777142
0.776709 -13.1903 0.777142
0.777142 -13.1742 0.777576
0.777576 -13.1582 0.778009
0.778009 -13.1422 0.778443
0.778443 -13.1262 0.778876
0.778876 -13.1102 0.778876
 0.77931 -13.0942  0.77931
0.779743 -13.0783 0.779743
0.780177 -13.0624 0.780177
 0.78061 -13.0466  0.78061
0.781044 -13.0307  0.78061
0.781477 -13.0149 0.781044
0.781911 -12.9991 0.781477
0.782344 -12.9833 0.781911
0.782778 -12.9676 0.782344
0.783211 -12.9519 0.782344
0.783645 -12.9362 0.782778
0.784078 -12.9205 0.783211
0.784512 -12.9049 0.783645
0.784945 -12.8893 0.784078
0.785378 -12.8737 0.784078
0.785812 -12.8581 0.784512
0.786245 -12.8426 0.784945
0.786679 -12.8271 0.785378
0.787112 -12.8116 0.785378
0.787546 -12.7961 0.785812
0.787979 -12.7807 0.786245
0.788413 -12.7653 0.786679
0.788846 -12.7499 0.787112
 0.78928 -12.7345 0.787112
0.789713 -12.7192 0.787546
0.790147 -12.7039 0.787979
 0.79058 -12.6886 0.788413
0.791014 -12.6733 0.788846
0.791447 -12.6581 0.788846
0.791881 -12.6428  0.78928
0.792314 -12.6277 0.789713
0.792748 -12.6125 0.790147
0.793181 -12.5973  0.79058
0.793615 -12.5822  0.79058
0.794048 -12.5671 0.791014
0.794481 -12.5521 0.791447
0.794915  -12.537 0.791881
0.795348  -12.522 0.792314
0.795782  -12.507 0.792314
0.796215  -12.492 0.792748
0.796649 -12.4771 0.793181
0.797082 -12.4621 0.793615
0.797516 -12.4473 0.794048
0.797949 -12.4324 0.794048
0.798383 -12.4175 0.794481
0.798816 -12.4027 0.794915
 0.79925 -12.3879 0.795348
0.799683 -12.3731 0.795782
0.800117 -12.3583 0.795782
 0.80055 -12.3436 0.796215
0.800984 -12.3289 0.796649
0.801417 -12.3142 0.797082
0.801851 -12.2995 0.797516
0.802284 -12.2849 0.797516
0.802718 -12.2703 0.797949
0.803151 -12.2557 0.798383
0.803585 -12.2411 0.798816
0.804018 -12.2266  0.79925
0.804451  -12.212  0.79925
0.804885 -12.1975 0.799683
0.805318  -12.183 0.800117
0.805752 -12.1686  0.80055
0.806185 -12.1542 0.800984
0.806619 -12.1397 0.800984
0.807052 -12.1253 0.801417
0.807486  -12.111 0.801851
0.807919 -12.0966 0.802284
0.808353 -12.0823 0.802718
0.808786  -12.068 0.802718
 0.80922 -12.0537 0.803151
0.809653 -12.0395 0.803585
0.810087 -12.0253 0.804018
 0.81052 -12.0111 0.804018
0.810954 -11.9969 0.804451
0.811387 -11.9827 0.804885
0.811821 -11.9686 0.805318
0.812254 -11.9544 0.805752
0.812688 -11.9404 0.805752
0.813121 -11.9263 0.806185
0.813555 -11.9122 0.806619
0.813988 -11.8982 0.807052
0.814421 -11.8842 0.807486
0.814855 -11.8702 0.807486
0.815288 -11.8562 0.807919
0.815722 -11.8423 0.808353
0.816155 -11.8284 0.808786
0.816589 -11.8145  0.80922
0.817022 -11.8006  0.80922
0.817456 -11.7867 0.809653
0.817889 -11.7729 0.810087
0.818323 -11.7591  0.81052
0.818756 -11.7453 0.810954
 0.81919 -11.7315 0.810954
0.819623 -11.7178 0.811387
0.820057 -11.7041 0.811821
 0.82049 -11.6904 0.812254
0.820924 -11.6767 0.812688
0.821357  -11.663 0.812688
0.821791 -11.6494 0.813121
0.822224 -11.6358 0.813555
0.822658 -11.6222 0.813988
0.823091 -11.6086 0.814421
0.823525  -11.595 0.814421
0.823958 -11.5815 0.814855
0.824391  -11.568 0.815288
0.824825 -11.5545 0.815722
0.825258  -11.541 0.816155
0.825692 -11.5276 0.816155
0.826125 -11.5141 0.816589
0.826559 -11.5007 0.817022
0.826992 -11.4874 0.817456
0.827426  -11.474 0.817456
0.827859 -11.4606 0.817889
0.828293 -11.4473 0.818323
0.828726  -11.434 0.818756
 0.82916 -11.4207  0.81919
0.829593 -11.4075  0.81919
0.830027 -11.3942 0.819623
 0.83046  -11.381 0.820057
0.830894 -11.3678  0.82049
0.831327 -11.3546 0.820924
0.831761 -11.3415 0.820924
0.832194 -11.3283 0.821357
0.832628 -11.3152 0.821791
0.833061 -11.3021 0.822224
0.833494  -11.289 0.822658
0.833928  -11.276 0.822658
0.834361 -11.2629 0.823091
0.834795 -11.2499 0.823525
0.835228 -11.2369 0.823958
0.835662 -11.2239 0.824391
0.836095  -11.211 0.824391
0.836529  -11.198 0.824825
0.836962 -11.1851 0.825258
0.837396 -11.1722 0.825692
0.837829 -11.1593 0.826125
0.838263 -11.1465 0.826125
0.838696 -11.1336 0.826559
 0.83913 -11.1208 0.826992
0.839563  -11.108 0.827426
0.839997 -11.0952 0.827859
 0.84043 -11.0825 0.827859
0.840864 -11.0697 0.828293
0.841297  -11.057 0.828726
0.841731 -11.0443  0.82916
0.842164 -11.0316  0.82916
0.842598  -11.019 0.829593
0.843031 -11.0063 0.830027
0.843464 -10.9937  0.83046
0.843898 -10.9811 0.830894
0.844331 -10.9685 0.830894
0.844765  -10.956 0.831327
0.845198 -10.9434 0.831761
0.845632 -10.9309 0.832194
0.846065 -10.9184 0.832628
0.846499 -10.9059 0.832628
0.846932 -10.8934 0.833061
0.847366 -10.8809 0.833494
0.847799 -10.8685 0.833928
0.848233 -10.8561 0.834361
0.848666 -10.8437 0.834361
  0.8491 -10.8313 0.834795
0.849533  -10.819 0.835228
0.849967 -10.8066 0.835662
  0.8504 -10.7943 0.836095
0.850834  -10.782 0.836095
0.851267 -10.7697 0.836529
0.851701 -10.7575 0.836962
0.852134 -10.7452 0.837396
0.852568  -10.733 0.837829
0.853001 -10.7208 0.837829
0.853434 -10.7086 0.838263
0.853868 -10.6964 0.838696
0.854301 -10.6843  0.83913
0.854735 -10.6721  0.83913
0.855168   -10.66 0.839563
0.855602 -10.6479 0.839997
0.856035 -10.6358  0.84043
0.856469 -10.6238 0.840864
0.856902 -10.6117 0.840864
0.857336 -10.5997 0.841297
0.857769 -10.5877 0.841731
0.858203 -10.5757 0.842164
0.858636 -10.5638 0.842598
 0.85907 -10.5518 0.842598
0.859503 -10.5399 0.843031
0.859937 -10.5279 0.843464
 0.86037  -10.516 0.843898
0.860804 -10.5042 0.844331
0.861237 -10.4923 0.844331
0.861671 -10.4805 0.844765
0.862104 -10.4686 0.845198
0.862538 -10.4568 0.845632
0.862971  -10.445 0.846065
0.863404 -10.4333 0.846065
0.863838 -10.4215 0.846499
0.864271 -10.4098 0.846932
0.864705  -10.398 0.847366
0.865138 -10.3863 0.847799
0.865572 -10.3747 0.847799
0.866005  -10.363 0.848233
0.866439 -10.3513 0.848666
0.866872 -10.3397   0.8491
0.867306 -10.3281   0.8491
0.867739 -10.3165 0.849533
0.868173 -10.3049 0.849967
0.868606 -10.2933   0.8504
 0.86904 -10.2818 0.850834
0.869473 -10.2703 0.850834
0.869907 -10.2588 0.851267
 0.87034 -10.2473 0.851701
0.870774 -10.2358 0.852134
0.871207 -10.2243 0.852568
0.871641 -10.2129 0.852568
0.872074 -10.2014 0.853001
0.872508   -10.19 0.853434
0.872941 -10.1786 0.853868
0.873374 -10.1673 0.854301
0.873808 -10.1559 0.854301
0.874241 -10.1446 0.854735
0.874675 -10.1332 0.855168
0.875108 -10.1219 0.855602
0.875542 -10.1107 0.856035
0.875975 -10.0994 0.856035
0.876409 -10.0881 0.856469
0.876842 -10.0769 0.856902
0.877276 -10.0657 0.857336
0.877709 -10.0544 0.857769
0.878143 -10.0433 0.857769
0.878576 -10.0321 0.858203
 0.87901 -10.0209 0.858636
0.879443 -10.0098  0.85907
0.879877 -9.99866  0.85907
 0.88031 -9.98754 0.859503
0.880744 -9.97645 0.859937
0.881177 -9.96538  0.86037
0.881611 -9.95432 0.860804
0.882044 -9.94328 0.860804
0.882477 -9.93225 0.861237
0.882911 -9.92123 0.861671
0.883344 -9.91024 0.862104
0.883778 -9.89927 0.862538
0.884211  -9.8883 0.862538
0.884645 -9.87736 0.862971
0.885078 -9.86642 0.863404
0.885512 -9.85551 0.863838
0.885945 -9.84462 0.864271
0.886379 -9.83374 0.864271
0.886812 -9.82287 0.864705
0.887246 -9.81202 0.865138
0.887679 -9.80119 0.865572
0.888113 -9.79037 0.866005
0.888546 -9.77957 0.866005
 0.88898 -9.76878 0.866439
0.889413 -9.75801 0.866872
0.889847 -9.74726 0.867306
 0.89028 -9.73652 0.867306
0.890714 -9.72579 0.867739
0.891147 -9.71509 0.868173
0.891581  -9.7044 0.868606
0.892014 -9.69372  0.86904
0.892447 -9.68306  0.86904
0.892881 -9.67242 0.869473
0.893314 -9.66179 0.869907
0.893748 -9.65117  0.87034
0.894181 -9.64058 0.870774
0.894615 -9.62999 0.870774
0.895048 -9.61943 0.871207
0.895482 -9.60887 0.871641
0.895915 -9.59834 0.872074
0.896349 -9.58782 0.872508
0.896782 -9.57731 0.872508
0.897216 -9.56682 0.872941
0.897649 -9.55635 0.873374
0.898083 -9.54589 0.873808
0.898516 -9.53545 0.873808
 0.89895 -9.52501 0.874241
0.899383  -9.5146 0.874675
0.899817  -9.5042 0.875108
 0.90025 -9.49382 0.875542
0.900684 -9.48345 0.875542
0.901117 -9.47309 0.875975
0.901551 -9.46276 0.876409
0.901984 -9.45243 0.876842
0.902417 -9.44213 0.877276
0.902851 -9.43183 0.877276
0.903284 -9.42155 0.877709
0.903718 -9.41129 0.878143
0.904151 -9.40104 0.878576
0.904585 -9.39081  0.87901
0.905018 -9.38059  0.87901
0.905452 -9.37038 0.879443
0.905885 -9.36019 0.879877
0.906319 -9.35001  0.88031
0.906752 -9.33986  0.88031
0.907186 -9.32971 0.880744
0.907619 -9.31958 0.881177
0.908053 -9.30946 0.881611
0.908486 -9.29936 0.882044
 0.90892 -9.28928 0.882044
0.909353  -9.2792 0.882477
0.909787 -9.26914 0.882911
 0.91022  -9.2591 0.883344
0.910654 -9.24907 0.883778
0.911087 -9.23906 0.883778
0.911521 -9.22905 0.884211
0.911954 -9.21906 0.884645
0.912387 -9.20909 0.885078
0.912821 -9.19914 0.885512
0.913254  -9.1892 0.885512
0.913688 -9.17926 0.885945
0.914121 -9.16935 0.886379
0.914555 -9.15945 0.886812
0.914988 -9.14957 0.887246
0.915422 -9.13969 0.887246
0.915855 -9.12983 0.887679
0.916289 -9.11999 0.888113
0.916722 -9.11016 0.888546
0.917156 -9.10035 0.888546
0.917589 -9.09054  0.88898
0.918023 -9.08075 0.889413
0.918456 -9.07098 0.889847
 0.91889 -9.06122  0.89028
0.919323 -9.05148  0.89028
0.919757 -9.04175 0.890714
 0.92019 -9.03203 0.891147
0.920624 -9.02232 0.891581
0.921057 -9.01264 0.892014
 0.92149 -9.00296 0.892014
0.921924 -8.99329 0.892447
0.922357 -8.98365 0.892881
0.922791 -8.97401 0.893314
0.923224 -8.96439 0.893748
0.923658 -8.95478 0.893748
0.924091 -8.94519 0.894181
0.924525 -8.93561 0.894615
0.924958 -8.92604 0.895048
0.925392 -8.91649 0.895048
0.925825 -8.90695 0.895482
0.926259 -8.89742 0.895915
0.926692 -8.88791 0.896349
0.927126 -8.87842 0.896782
0.927559 -8.86893 0.896782
0.927993 -8.85946 0.897216
0.928426    -8.85 0.897649
 0.92886 -8.84055 0.898083
0.929293 -8.83113 0.898516
0.929727 -8.82171 0.898516
 0.93016  -8.8123  0.89895
0.930594 -8.80291 0.899383
0.931027 -8.79353 0.899817
 0.93146 -8.78417  0.90025
0.931894 -8.77481  0.90025
0.932327 -8.76547 0.900684
0.932761 -8.75615 0.901117
0.933194 -8.74684 0.901551
0.933628 -8.73754 0.901551
0.934061 -8.72825 0.901984
0.934495 -8.71898 0.902417
0.934928 -8.70972 0.902851
0.935362 -8.70047 0.903284
0.935795 -8.69124 0.903284
0.936229 -8.68202 0.903718
0.936662 -8.67281 0.904151
0.937096 -8.66362 0.904585
0.937529 -8.65444 0.905018
0.937963 -8.64527 0.905018
0.938396 -8.63611 0.905452
 0.93883 -8.62696 0.905885
0.939263 -8.61784 0.906319
0.939697 -8.60872 0.906752
 0.94013 -8.59961 0.906752
0.940564 -8.59052 0.907186
0.940997 -8.58144 0.907619
 0.94143 -8.57238 0.908053
0.941864 -8.56333 0.908053
0.942297 -8.55428 0.908486
0.942731 -8.54525  0.90892
0.943164 -8.53624 0.909353
0.943598 -8.52724 0.909787
0.944031 -8.51825 0.909787
0.944465 -8.50927  0.91022
0.944898  -8.5003 0.910654
0.945332 -8.49135 0.911087
0.945765 -8.48241 0.911521
0.946199 -8.47348 0.911521
0.946632 -8.46456 0.911954
0.947066 -8.45566 0.912387
0.947499 -8.44677 0.912821
0.947933  -8.4379 0.913254
0.948366 -8.42903 0.913254
  0.9488 -8.42018 0.913688
0.949233 -8.41133 0.914121
0.949667 -8.40251 0.914555
  0.9501 -8.39369 0.914555
0.950534 -8.38489 0.914988
0.950967 -8.37609 0.915422
  0.9514 -8.36731 0.915855
0.951834 -8.35855 0.916289
0.952267 -8.34979 0.916289
0.952701 -8.34105 0.916722
0.953134 -8.33232 0.917156
0.953568  -8.3236 0.917589
0.954001  -8.3149 0.918023
0.954435  -8.3062 0.918023
0.954868 -8.29751 0.918456
0.955302 -8.28884  0.91889
0.955735 -8.28019 0.919323
0.956169 -8.27154 0.919323
0.956602 -8.26291 0.919757
0.957036 -8.25428  0.92019
0.957469 -8.24567 0.920624
0.957903 -8.23708 0.921057
0.958336 -8.22849 0.921057
 0.95877 -8.21991  0.92149
0.959203 -8.21135 0.921924
0.959637  -8.2028 0.922357
 0.96007 -8.19426 0.922791
0.960504 -8.18573 0.922791
0.960937 -8.17721 0.923224
 0.96137 -8.16871 0.923658
0.961804 -8.16022 0.924091
0.962237 -8.15174 0.924091
0.962671 -8.14327 0.924525
0.963104 -8.13481 0.924958
0.963538 -8.12636 0.925392
0.963971 -8.11793 0.925825
0.964405 -8.10951 0.925825
0.964838  -8.1011 0.926259
0.965272  -8.0927 0.926692
0.965705 -8.08431 0.927126
0.966139 -8.07594 0.927559
0.966572 -8.06757 0.927559
0.967006 -8.05921 0.927993
0.967439 -8.05087 0.928426
0.967873 -8.04254  0.92886
0.968306 -8.03423 0.929293
 0.96874 -8.02592 0.929293
0.969173 -8.01762 0.929727
0.969607 -8.00934  0.93016
 0.97004 -8.00106 0.930594
0.970473  -7.9928 0.930594
0.970907 -7.98455 0.931027
 0.97134 -7.97631  0.93146
0.971774 -7.96808 0.931894
0.972207 -7.95987 0.932327
0.972641 -7.95166 0.932327
0.973074 -7.94346 0.932761
0.973508 -7.93528 0.933194
0.973941 -7.92711 0.933628
0.974375 -7.91895 0.933628
0.974808  -7.9108 0.934061
0.975242 -7.90266 0.934495
0.975675 -7.89453 0.934928
0.976109 -7.88641 0.935362
0.976542 -7.87831 0.935362
0.976976 -7.87021 0.935795
0.977409 -7.86213 0.936229
0.977843 -7.85406 0.936662
0.978276   -7.846 0.937096
 0.97871 -7.83795 0.937096
0.979143  -7.8299 0.937529
0.979577 -7.82187 0.937963
 0.98001 -7.81386 0.938396
0.980443 -7.80585  0.93883
0.980877 -7.79786  0.93883
 0.98131 -7.78987 0.939263
0.981744  -7.7819 0.939697
0.982177 -7.77393  0.94013
0.982611 -7.76598 0.940564
0.983044 -7.75804 0.940564
0.983478 -7.75011 0.940997
0.983911 -7.74219  0.94143
0.984345 -7.73428 0.941864
0.984778 -7.72638 0.941864
0.985212 -7.71849 0.942297
0.985645 -7.71061 0.942731
0.986079 -7.70274 0.943164
0.986512 -7.69489 0.943598
0.986946 -7.68704 0.943598
0.987379 -7.67921 0.944031
0.987813 -7.67138 0.944465
0.988246 -7.66357 0.944898
 0.98868 -7.65577 0.944898
0.989113 -7.64797 0.945332
0.989547 -7.64019 0.945765
 0.98998 -7.63242 0.946199
0.990413 -7.62466 0.946632
0.990847 -7.61691 0.946632
 0.99128 -7.60916 0.947066
0.991714 -7.60143 0.947499
0.992147 -7.59371 0.947933
0.992581 -7.58601 0.948366
0.993014 -7.57831 0.948366
0.993448 -7.57062   0.9488
0.993881 -7.56294 0.949233
0.994315 -7.55527 0.949667
0.994748 -7.54761   0.9501
0.995182 -7.53996   0.9501
0.995615 -7.53233 0.950534
0.996049  -7.5247 0.950967
0.996482 -7.51708   0.9514
0.996916 -7.50948   0.9514
0.997349 -7.50188 0.951834
0.997783 -7.49429 0.952267
0.998216 -7.48672 0.952701
 0.99865 -7.47916 0.953134
0.999083  -7.4716 0.953134
0.999517 -7.46405 0.953568
 0.99995 -7.45651 0.954001
 1.00038 -7.44899 0.954435
 1.00082 -7.44148 0.954868
 1.00125 -7.43397 0.954868
 1.00168 -7.42647 0.955302
 1.00212 -7.41899 0.955735
 1.00255 -7.41151 0.956169
 1.00298 -7.40405 0.956169
 1.00342 -7.39659 0.956602
 1.00385 -7.38914 0.957036
 1.00428 -7.38171 0.957469
 1.00472 -7.37429 0.957903
 1.00515 -7.36687 0.957903
 1.00559 -7.35946 0.958336
 1.00602 -7.35207  0.95877
 1.00645 -7.34468 0.959203
 1.00689 -7.33731 0.959637
 1.00732 -7.32994 0.959637
 1.00775 -7.32258  0.96007
 1.00819 -7.31523 0.960504
 1.00862  -7.3079 0.960937
 1.00905 -7.30057 0.960937
 1.00949 -7.29325  0.96137
 1.00992 -7.28594 0.961804
 1.01035 -7.27864 0.962237
 1.01079 -7.27136 0.962671
 1.01122 -7.26408 0.962671
 1.01165  -7.2568 0.963104
 1.01209 -7.24954 0.963538
 1.01252  -7.2423 0.963971
 1.01295 -7.23506 0.964405
 1.01339 -7.22782 0.964405
 1.01382  -7.2206 0.964838
 1.01425 -7.21339 0.965272
 1.01469 -7.20619 0.965705
 1.01512   -7.199 0.965705
 1.01556 -7.19181 0.966139
 1.01599 -7.18464 0.966572
 1.01642 -7.17747 0.967006
 1.01686 -7.17032 0.967439
 1.01729 -7.16317 0.967439
 1.01772 -7.15603 0.967873
 1.01816 -7.14891 0.968306
 1.01859 -7.14179  0.96874
 1.01902 -7.13469 0.969173
 1.01946 -7.12759 0.969173
 1.01989 -7.12049 0.969607
 1.02032 -7.11341  0.97004
 1.02076 -7.10635 0.970473
 1.02119 -7.09929 0.970473
 1.02162 -7.09223 0.970907
 1.02206 -7.08519  0.97134
 1.02249 -7.07815 0.971774
 1.02292 -7.07113 0.972207
 1.02336 -7.06412 0.972207
 1.02379 -7.05711 0.972641
 1.02422 -7.05011 0.973074
 1.02466 -7.04312 0.973508
 1.02509 -7.03615 0.973941
 1.02553 -7.02918 0.973941
 1.02596 -7.02222 0.974375
 1.02639 -7.01527 0.974808
 1.02683 -7.00832 0.975242
 1.02726 -7.00139 0.975242
 1.02769 -6.99447 0.975675
 1.02813 -6.98755 0.976109
 1.02856 -6.98065 0.976542
 1.02899 -6.97375 0.976976
 1.02943 -6.96686 0.976976
 1.02986 -6.95998 0.977409
 1.03029 -6.95311 0.977843
 1.03073 -6.94625 0.978276
 1.03116  -6.9394 0.978276
 1.03159 -6.93256  0.97871
 1.03203 -6.92572 0.979143
 1.03246  -6.9189 0.979577
 1.03289 -6.91209  0.98001
 1.03333 -6.90528  0.98001
 1.03376 -6.89848 0.980443
 1.03419 -6.89169 0.980877
 1.03463 -6.88491  0.98131
 1.03506 -6.87814 0.981744
  1.0355 -6.87137 0.981744
 1.03593 -6.86462 0.982177
 1.03636 -6.85787 0.982611
  1.0368 -6.85114 0.983044
 1.03723 -6.84441 0.983478
 1.03766 -6.83769 0.983478
  1.0381 -6.83098 0.983911
 1.03853 -6.82428 0.984345
 1.03896 -6.81758 0.984778
  1.0394  -6.8109 0.984778
 1.03983 -6.80422 0.985212
 1.04026 -6.79756 0.985645
  1.0407  -6.7909 0.986079
 1.04113 -6.78425 0.986512
 1.04156 -6.77761 0.986512
   1.042 -6.77097 0.986946
 1.04243 -6.76435 0.987379
 1.04286 -6.75773 0.987813
  1.0433 -6.75113 0.987813
 1.04373 -6.74453 0.988246
 1.04416 -6.73794  0.98868
  1.0446 -6.73136 0.989113
 1.04503 -6.72479 0.989547
 1.04547 -6.71822 0.989547
  1.0459 -6.71166  0.98998
 1.04633 -6.70512 0.990413
 1.04677 -6.69858 0.990847
  1.0472 -6.69205  0.99128
 1.04763 -6.68552  0.99128
 1.04807 -6.67901 0.991714
  1.0485  -6.6725 0.992147
 1.04893 -6.66601 0.992581
 1.04937 -6.65952 0.992581
  1.0498 -6.65304 0.993014
 1.05023 -6.64657 0.993448
 1.05067  -6.6401 0.993881
  1.0511 -6.63365 0.994315
 1.05153  -6.6272 0.994315
 1.05197 -6.62076 0.994748
  1.0524 -6.61433 0.995182
 1.05283 -6.60791 0.995615
 1.05327  -6.6015 0.996049
  1.0537 -6.59509 0.996049
 1.05413 -6.58869 0.996482
 1.05457  -6.5823 0.996916
   1.055 -6.57592 0.997349
 1.05544 -6.56955 0.997349
 1.05587 -6.56318 0.997783
  1.0563 -6.55682 0.998216
 1.05674 -6.55048  0.99865
 1.05717 -6.54414 0.999083
  1.0576  -6.5378 0.999083
 1.05804 -6.53148 0.999517
 1.05847 -6.52516  0.99995
  1.0589 -6.51886  1.00038
 1.05934 -6.51256  1.00038
 1.05977 -6.50626  1.00082
  1.0602 -6.49998  1.00125
 1.06064  -6.4937  1.00168
 1.06107 -6.48744  1.00212
  1.0615 -6.48118  1.00212
 1.06194 -6.47492  1.00255
 1.06237 -6.46868  1.00298
  1.0628 -6.46244  1.00342
 1.06324 -6.45622  1.00385
 1.06367 -6.44999  1.00385
  1.0641 -6.44378  1.00428
 1.06454 -6.43758  1.00472
 1.06497 -6.43138  1.00515
 1.06541 -6.42519  1.00515
 1.06584 -6.41901  1.00559
 1.06627 -6.41284  1.00602
 1.06671 -6.40667  1.00645
 1.06714 -6.40052  1.00689
 1.06757 -6.39437  1.00689
 1.06801 -6.38822  1.00732
 1.06844 -6.38209  1.00775
 1.06887 -6.37596  1.00819
 1.06931 -6.36985  1.00862
 1.06974 -6.36373  1.00862
 1.07017 -6.35763  1.00905
 1.07061 -6.35154  1.00949
 1.07104 -6.34545  1.00992
 1.07147 -6.33937  1.00992
 1.07191  -6.3333  1.01035
 1.07234 -6.32723  1.01079
 1.07277 -6.32118  1.01122
 1.07321 -6.31513  1.01165
 1.07364 -6.30909  1.01165
 1.07407 -6.30305  1.01209
 1.07451 -6.29703  1.01252
 1.07494 -6.29101  1.01295
 1.07538   -6.285  1.01295
 1.07581 -6.27899  1.01339
 1.07624   -6.273  1.01382
 1.07668 -6.26701  1.01425
 1.07711 -6.26103  1.01469
 1.07754 -6.25506  1.01469
 1.07798 -6.24909  1.01512
 1.07841 -6.24313  1.01556
 1.07884 -6.23718  1.01599
 1.07928 -6.23124  1.01642
 1.07971  -6.2253  1.01642
 1.08014 -6.21937  1.01686
 1.08058 -6.21345  1.01729
 1.08101 -6.20754  1.01772
 1.08144 -6.20164  1.01772
 1.08188 -6.19573  1.01816
 1.08231 -6.18984  1.01859
 1.08274 -6.18396  1.01902
 1.08318 -6.17809  1.01946
 1.08361 -6.17222  1.01946
 1.08404 -6.16635  1.01989
 1.08448  -6.1605  1.02032
 1.08491 -6.15465  1.02076
 1.08535 -6.14881  1.02076
 1.08578 -6.14298  1.02119
 1.08621 -6.13715  1.02162
 1.08665 -6.13134  1.02206
 1.08708 -6.12553  1.02249
 1.08751 -6.11973  1.02249
 1.08795 -6.11393  1.02292
 1.08838 -6.10814  1.02336
 1.08881 -6.10236  1.02379
 1.08925 -6.09659  1.02422
 1.08968 -6.09082  1.02422
 1.09011 -6.08506  1.02466
 1.09055  -6.0793  1.02509
 1.09098 -6.07356  1.02553
 1.09141 -6.06782  1.02553
 1.09185 -6.06209  1.02596
 1.09228 -6.05637  1.02639
 1.09271 -6.05065  1.02683
 1.09315 -6.04494  1.02726
 1.09358 -6.03924  1.02726
 1.09401 -6.03354  1.02769
 1.09445 -6.02785  1.02813
 1.09488 -6.02217  1.02856
 1.09532  -6.0165  1.02899
 1.09575 -6.01083  1.02899
 1.09618 -6.00517  1.02943
 1.09662 -5.99952  1.02986
 1.09705 -5.99387  1.03029
 1.09748 -5.98823  1.03029
 1.09792  -5.9826  1.03073
 1.09835 -5.97697  1.03116
 1.09878 -5.97136  1.03159
 1.09922 -5.96575  1.03203
 1.09965 -5.96014  1.03203
 1.10008 -5.95454  1.03246
 1.10052 -5.94895  1.03289
 1.10095 -5.94337  1.03333
 1.10138 -5.93779  1.03333
 1.10182 -5.93222  1.03376
 1.10225 -5.92666  1.03419
 1.10268  -5.9211  1.03463
 1.10312 -5.91556  1.03506
 1.10355 -5.91001  1.03506
 1.10398 -5.90448   1.0355
 1.10442 -5.89895  1.03593
 1.10485 -5.89343  1.03636
 1.10529 -5.88792  1.03636
 1.10572 -5.88241   1.0368
 1.10615  -5.8769  1.03723
 1.10659 -5.87141  1.03766
 1.10702 -5.86592   1.0381
 1.10745 -5.86044   1.0381
 1.10789 -5.85497  1.03853
 1.10832  -5.8495  1.03896
 1.10875 -5.84404   1.0394
 1.10919 -5.83859   1.0394
 1.10962 -5.83314  1.03983
 1.11005  -5.8277  1.04026
 1.11049 -5.82226   1.0407
 1.11092 -5.81684  1.04113
 1.11135 -5.81142  1.04113
 1.11179   -5.806  1.04156
 1.11222 -5.80059    1.042
 1.11265 -5.79519  1.04243
 1.11309  -5.7898  1.04286
 1.11352 -5.78442  1.04286
 1.11395 -5.77903   1.0433
 1.11439 -5.77366  1.04373
 1.11482 -5.76829  1.04416
 1.11526 -5.76293   1.0446
 1.11569 -5.75758   1.0446
 1.11612 -5.75223  1.04503
 1.11656 -5.74689  1.04547
 1.11699 -5.74155   1.0459
 1.11742 -5.73622   1.0459
 1.11786  -5.7309  1.04633
 1.11829 -5.72559  1.04677
 1.11872 -5.72028   1.0472
 1.11916 -5.71498  1.04763
 1.11959 -5.70968  1.04763
 1.12002 -5.70439  1.04807
 1.12046 -5.69911   1.0485
 1.12089 -5.69383  1.04893
 1.12132 -5.68856  1.04893
 1.12176  -5.6833  1.04937
 1.12219 -5.67804   1.0498
 1.12262 -5.67279  1.05023
 1.12306 -5.66755  1.05067
 1.12349 -5.66231  1.05067
 1.12392 -5.65708   1.0511
 1.12436 -5.65185  1.05153
 1.12479 -5.64663  1.05197
 1.12523 -5.64142  1.05197
 1.12566 -5.63622   1.0524
 1.12609 -5.63102  1.05283
 1.12653 -5.62582  1.05327
 1.12696 -5.62064   1.0537
 1.12739 -5.61546   1.0537
 1.12783 -5.61028  1.05413
 1.12826 -5.60511  1.05457
 1.12869 -5.59995    1.055
 1.12913  -5.5948  1.05544
 1.12956 -5.58965  1.05544
 1.12999  -5.5845  1.05587
 1.13043 -5.57937   1.0563
 1.13086 -5.57424  1.05674
 1.13129 -5.56911  1.05674
 1.13173 -5.56399  1.05717
 1.13216 -5.55888   1.0576
 1.13259 -5.55377  1.05804
 1.13303 -5.54868  1.05847
 1.13346 -5.54358  1.05847
 1.13389 -5.53849   1.0589
 1.13433 -5.53341  1.05934
 1.13476 -5.52834  1.05977
  1.1352 -5.52327  1.05977
 1.13563 -5.51821   1.0602
 1.13606 -5.51315  1.06064
  1.1365  -5.5081  1.06107
 1.13693 -5.50306   1.0615
 1.13736 -5.49802   1.0615
  1.1378 -5.49298  1.06194
 1.13823 -5.48796  1.06237
 1.13866 -5.48294   1.0628
  1.1391 -5.47792   1.0628
 1.13953 -5.47292  1.06324
 1.13996 -5.46791  1.06367
  1.1404 -5.46292   1.0641
 1.14083 -5.45793  1.06454
 1.14126 -5.45294  1.06454
  1.1417 -5.44796  1.06497
 1.14213 -5.44299  1.06541
 1.14256 -5.43803  1.06584
   1.143 -5.43307  1.06627
 1.14343 -5.42811  1.06627
 1.14386 -5.42316  1.06671
  1.1443 -5.41822  1.06714
 1.14473 -5.41329  1.06757
 1.14517 -5.40836  1.06757
  1.1456 -5.40343  1.06801
 1.14603 -5.39851  1.06844
 1.14647  -5.3936  1.06887
  1.1469 -5.38869  1.06931
 1.14733 -5.38379  1.06931
 1.14777  -5.3789  1.06974
  1.1482 -5.37401  1.07017
 1.14863 -5.36912  1.07061
 1.14907 -5.36425  1.07061
  1.1495 -5.35937  1.07104
 1.14993 -5.35451  1.07147
 1.15037 -5.34965  1.07191
  1.1508  -5.3448  1.07234
 1.15123 -5.33995  1.07234
 1.15167  -5.3351  1.07277
  1.1521 -5.33027  1.07321
 1.15253 -5.32544  1.07364
 1.15297 -5.32061  1.07364
  1.1534 -5.31579  1.07407
 1.15383 -5.31098  1.07451
 1.15427 -5.30617  1.07494
  1.1547 -5.30137  1.07538
 1.15514 -5.29657  1.07538
 1.15557 -5.29178  1.07581
   1.156 -5.28699  1.07624
 1.15644 -5.28222  1.07668
 1.15687 -5.27744  1.07668
  1.1573 -5.27267  1.07711
 1.15774 -5.26791  1.07754
 1.15817 -5.26315  1.07798
  1.1586  -5.2584  1.07841
 1.15904 -5.25366  1.07841
 1.15947 -5.24892  1.07884
  1.1599 -5.24418  1.07928
 1.16034 -5.23945  1.07971
 1.16077 -5.23473  1.07971
  1.1612 -5.23001  1.08014
 1.16164  -5.2253  1.08058
 1.16207  -5.2206  1.08101
  1.1625  -5.2159  1.08144
 1.16294  -5.2112  1.08144
 1.16337 -5.20651  1.08188
  1.1638 -5.20183  1.08231
 1.16424 -5.19715  1.08274
 1.16467 -5.19248  1.08318
 1.16511 -5.18781  1.08318
 1.16554 -5.18315  1.08361
 1.16597 -5.17849  1.08404
 1.16641 -5.17384  1.08448
 1.16684  -5.1692  1.08448
 1.16727 -5.16456  1.08491
 1.16771 -5.15992  1.08535
 1.16814 -5.15529  1.08578
 1.16857 -5.15067  1.08621
 1.16901 -5.14605  1.08621
 1.16944 -5.14144  1.08665
 1.16987 -5.13683  1.08708
 1.17031 -5.13223  1.08751
 1.17074 -5.12764  1.08751
 1.17117 -5.12304  1.08795
 1.17161 -5.11846  1.08838
 1.17204 -5.11388  1.08881
 1.17247  -5.1093  1.08925
 1.17291 -5.10473  1.08925
 1.17334 -5.10017  1.08968
 1.17377 -5.09561  1.09011
 1.17421 -5.09106  1.09055
 1.17464 -5.08651  1.09055
 1.17508 -5.08197  1.09098
 1.17551 -5.07743  1.09141
 1.17594  -5.0729  1.09185
 1.17638 -5.06838  1.09228
 1.17681 -5.06385  1.09228
 1.17724 -5.05934  1.09271
 1.17768 -5.05483  1.09315
 1.17811 -5.05032  1.09358
 1.17854 -5.04582  1.09358
 1.17898 -5.04133  1.09401
 1.17941 -5.03684  1.09445
 1.17984 -5.03235  1.09488
 1.18028 -5.02788  1.09532
 1.18071  -5.0234  1.09532
 1.18114 -5.01893  1.09575
 1.18158 -5.01447  1.09618
 1.18201 -5.01001  1.09662
 1.18244 -5.00556  1.09705
 1.18288 -5.00111  1.09705
 1.18331 -4.99667  1.09748
 1.18374 -4.99223  1.09792
 1.18418  -4.9878  1.09835
 1.18461 -4.98337  1.09835
 1.18505 -4.97895  1.09878
 1.18548 -4.97454  1.09922
 1.18591 -4.97012  1.09965
 1.18635 -4.96572  1.10008
 1.18678 -4.96132  1.10008
 1.18721 -4.95692  1.10052
 1.18765 -4.95253  1.10095
 1.18808 -4.94815  1.10138
 1.18851 -4.94377  1.10138
 1.18895 -4.93939  1.10182
 1.18938 -4.93502  1.10225
 1.18981 -4.93065  1.10268
 1.19025  -4.9263  1.10312
 1.19068 -4.92194  1.10312
 1.19111 -4.91759  1.10355
 1.19155 -4.91324  1.10398
 1.19198 -4.90891  1.10442
 1.19241 -4.90457  1.10442
 1.19285 -4.90024  1.10485
 1.19328 -4.89591  1.10529
 1.19371  -4.8916  1.10572
 1.19415 -4.88728  1.10615
 1.19458 -4.88297  1.10615
 1.19502 -4.87867  1.10659
 1.19545 -4.87437  1.10702
 1.19588 -4.87007  1.10745
 1.19632 -4.86578  1.10745
 1.19675  -4.8615  1.10789
 1.19718 -4.85722  1.10832
 1.19762 -4.85294  1.10875
 1.19805 -4.84867  1.10919
 1.19848 -4.84441  1.10919
 1.19892 -4.84015  1.10962
 1.19935 -4.83589  1.11005
 1.19978 -4.83164  1.11049
 1.20022  -4.8274  1.11049
 1.20065 -4.82316  1.11092
 1.20108 -4.81892  1.11135
 1.20152 -4.81469  1.11179
 1.20195 -4.81047  1.11222
 1.20238 -4.80624  1.11222
 1.20282 -4.80203  1.11265
 1.20325 -4.79782  1.11309
 1.20368 -4.79361  1.11352
 1.20412 -4.78941  1.11352
 1.20455 -4.78521  1.11395
 1.20498 -4.78102  1.11439
 1.20542 -4.77683  1.11482
 1.20585 -4.77265  1.11526
 1.20629 -4.76848  1.11526
 1.20672  -4.7643  1.11569
 1.20715 -4.76013  1.11612
 1.20759 -4.75597  1.11656
 1.20802 -4.75182  1.11656
 1.20845 -4.74766  1.11699
 1.20889 -4.74351  1.11742
 1.20932 -4.73937  1.11786
 1.20975 -4.73523  1.11829
 1.21019  -4.7311  1.11829
 1.21062 -4.72696  1.11872
 1.21105 -4.72284  1.11916
 1.21149 -4.71872  1.11959
 1.21192 -4.71461  1.11959
 1.21235 -4.71049  1.12002
 1.21279 -4.70639  1.12046
 1.21322 -4.70229  1.12089
 1.21365 -4.69819  1.12132
 1.21409  -4.6941  1.12132
 1.21452 -4.69001  1.12176
 1.21495 -4.68593  1.12219
 1.21539 -4.68185  1.12262
 1.21582 -4.67778  1.12306
 1.21626 -4.67371  1.12306
 1.21669 -4.66965  1.12349
 1.21712 -4.66559  1.12392
 1.21756 -4.66153  1.12436
 1.21799 -4.65748  1.12436
 1.21842 -4.65344  1.12479
 1.21886  -4.6494  1.12523
 1.21929 -4.64536  1.12566
 1.21972 -4.64133  1.12609
 1.22016  -4.6373  1.12609
 1.22059 -4.63328  1.12653
 1.22102 -4.62926  1.12696
 1.22146 -4.62525  1.12739
 1.22189 -4.62124  1.12739
 1.22232 -4.61724  1.12783
 1.22276 -4.61324  1.12826
 1.22319 -4.60924  1.12869
 1.22362 -4.60525  1.12913
 1.22406 -4.60127  1.12913
 1.22449 -4.59729  1.12956
 1.22492 -4.59331  1.12999
 1.22536 -4.58934  1.13043
 1.22579 -4.58537  1.13043
 1.22623 -4.58141  1.13086
 1.22666 -4.57745  1.13129
 1.22709 -4.57349  1.13173
 1.22753 -4.56954  1.13216
 1.22796  -4.5656  1.13216
 1.22839 -4.56166  1.13259
 1.22883 -4.55772  1.13303
 1.22926 -4.55379  1.13346
 1.22969 -4.54986  1.13346
 1.23013 -4.54594  1.13389
 1.23056 -4.54202  1.13433
 1.23099 -4.53811  1.13476
 1.23143  -4.5342   1.1352
 1.23186 -4.53029   1.1352
 1.23229 -4.52639  1.13563
 1.23273 -4.52249  1.13606
 1.23316  -4.5186   1.1365
 1.23359 -4.51472   1.1365
 1.23403 -4.51083  1.13693
 1.23446 -4.50695  1.13736
 1.23489 -4.50308   1.1378
 1.23533 -4.49921  1.13823
 1.23576 -4.49534  1.13823
  1.2362 -4.49148  1.13866
 1.23663 -4.48763   1.1391
 1.23706 -4.48377  1.13953
  1.2375 -4.47993  1.13953
 1.23793 -4.47608  1.13996
 1.23836 -4.47224   1.1404
  1.2388 -4.46841  1.14083
 1.23923 -4.46458  1.14126
 1.23966 -4.46075  1.14126
  1.2401 -4.45693   1.1417
 1.24053 -4.45311  1.14213
 1.24096  -4.4493  1.14256
  1.2414 -4.44549  1.14256
 1.24183 -4.44168    1.143
 1.24226 -4.43788  1.14343
  1.2427 -4.43408  1.14386
 1.24313 -4.43029   1.1443
 1.24356  -4.4265   1.1443
   1.244 -4.42272  1.14473
 1.24443 -4.41894  1.14517
 1.24486 -4.41517   1.1456
  1.2453 -4.41139   1.1456
 1.24573 -4.40763  1.14603
 1.24617 -4.40386  1.14647
  1.2466 -4.40011   1.1469
 1.24703 -4.39635  1.14733
 1.24747  -4.3926  1.14733
  1.2479 -4.38886  1.14777
 1.24833 -4.38511   1.1482
 1.24877 -4.38138  1.14863
  1.2492 -4.37765  1.14863
 1.24963 -4.37391  1.14907
 1.25007 -4.37019   1.1495
  1.2505 -4.36647  1.14993
 1.25093 -4.36275  1.15037
 1.25137 -4.35904  1.15037
  1.2518 -4.35533   1.1508
 1.25223 -4.35163  1.15123
 1.25267 -4.34793  1.15167
  1.2531 -4.34423  1.15167
 1.25353 -4.34054   1.1521
 1.25397 -4.33685  1.15253
  1.2544 -4.33317  1.15297
 1.25483 -4.32949   1.1534
 1.25527 -4.32582   1.1534
  1.2557 -4.32214  1.15383
 1.25614 -4.31848  1.15427
 1.25657 -4.31481   1.1547
   1.257 -4.31116   1.1547
 1.25744  -4.3075  1.15514
 1.25787 -4.30385  1.15557
  1.2583  -4.3002    1.156
 1.25874 -4.29656  1.15644
 1.25917 -4.29292  1.15644
  1.2596 -4.28929  1.15687
 1.26004 -4.28566   1.1573
 1.26047 -4.28203  1.15774
  1.2609 -4.27841  1.15774
 1.26134 -4.27479  1.15817
 1.26177 -4.27118   1.1586
  1.2622 -4.26756  1.15904
 1.26264 -4.26396  1.15947
 1.26307 -4.26036  1.15947
  1.2635 -4.25676   1.1599
 1.26394 -4.25316  1.16034
 1.26437 -4.24957  1.16077
  1.2648 -4.24599  1.16077
 1.26524  -4.2424   1.1612
 1.26567 -4.23883  1.16164
 1.26611 -4.23525  1.16207
 1.26654 -4.23168  1.16207
 1.26697 -4.22811   1.1625
 1.26741 -4.22455  1.16294
 1.26784 -4.22099  1.16337
 1.26827 -4.21744   1.1638
 1.26871 -4.21389   1.1638
 1.26914 -4.21034  1.16424
 1.26957  -4.2068  1.16467
 1.27001 -4.20326  1.16511
 1.27044 -4.19972  1.16511
 1.27087 -4.19619  1.16554
 1.27131 -4.19266  1.16597
 1.27174 -4.18914  1.16641
 1.27217 -4.18562  1.16684
 1.27261 -4.18211  1.16727
 1.27304 -4.17859  1.16727
 1.27347 -4.17508  1.16771
 1.27391 -4.17158  1.16814
 1.27434 -4.16808  1.16857
 1.27477 -4.16458  1.16857
 1.27521 -4.16109  1.16901
 1.27564  -4.1576  1.16944
 1.27608 -4.15412  1.16987
 1.27651 -4.15064  1.16987
 1.27694 -4.14716  1.17031
 1.27738 -4.14369  1.17074
 1.27781 -4.14022  1.17117
 1.27824 -4.13675  1.17161
 1.27868 -4.13329  1.17161
 1.27911 -4.12983  1.17204
 1.27954 -4.12638  1.17247
 1.27998 -4.12293  1.17291
 1.28041 -4.11948  1.17291
 1.28084 -4.11604  1.17334
 1.28128  -4.1126  1.17377
 1.28171 -4.10916  1.17421
 1.28214 -4.10573  1.17421
 1.28258  -4.1023  1.17464
 1.28301 -4.09888  1.17508
 1.28344 -4.09546  1.17551
 1.28388 -4.09204  1.17594
 1.28431 -4.08863  1.17594
 1.28474 -4.08522  1.17638
 1.28518 -4.08181  1.17681
 1.28561 -4.07841  1.17724
 1.28605 -4.07501  1.17724
 1.28648 -4.07162  1.17768
 1.28691 -4.06823  1.17811
 1.28735 -4.06484  1.17854
 1.28778 -4.06146  1.17898
 1.28821 -4.05808  1.17898
 1.28865  -4.0547  1.17941
 1.28908 -4.05133  1.17984
 1.28951 -4.04796  1.18028
 1.28995  -4.0446  1.18071
 1.29038 -4.04124  1.18071
 1.29081 -4.03788  1.18114
 1.29125 -4.03452  1.18158
 1.29168 -4.03117  1.18201
 1.29211 -4.02783  1.18201
 1.29255 -4.02448  1.18244
 1.29298 -4.02115  1.18288
 1.29341 -4.01781  1.18331
 1.29385 -4.01448  1.18331
 1.29428 -4.01115  1.18374
 1.29471 -4.00783  1.18418
 1.29515  -4.0045  1.18461
 1.29558 -4.00119  1.18505
 1.29602 -3.99787  1.18505
 1.29645 -3.99456  1.18548
 1.29688 -3.99126  1.18591
 1.29732 -3.98795  1.18635
 1.29775 -3.98465  1.18635
 1.29818 -3.98136  1.18678
 1.29862 -3.97806  1.18721
 1.29905 -3.97478  1.18765
 1.29948 -3.97149  1.18808
 1.29992 -3.96821  1.18808
 1.30035 -3.96493  1.18851
 1.30078 -3.96166  1.18895
 1.30122 -3.95839  1.18938
 1.30165 -3.95512  1.18938
 1.30208 -3.95185  1.18981
 1.30252 -3.94859  1.19025
 1.30295 -3.94534  1.19068
 1.30338 -3.94208  1.19111
 1.30382 -3.93883  1.19111
 1.30425 -3.93559  1.19155
 1.30468 -3.93234  1.19198
 1.30512 -3.92911  1.19241
 1.30555 -3.92587  1.19241
 1.30599 -3.92264  1.19285
 1.30642 -3.91941  1.19328
 1.30685 -3.91618  1.19371
 1.30729 -3.91296  1.19415
 1.30772 -3.90974  1.19415
 1.30815 -3.90653  1.19458
 1.30859 -3.90332  1.19502
 1.30902 -3.90011  1.19545
 1.30945  -3.8969  1.19545
 1.30989  -3.8937  1.19588
 1.31032  -3.8905  1.19632
 1.31075 -3.88731  1.19675
 1.31119 -3.88412  1.19718
 1.31162 -3.88093  1.19718
 1.31205 -3.87775  1.19762
 1.31249 -3.87457  1.19805
 1.31292 -3.87139  1.19848
 1.31335 -3.86822  1.19848
 1.31379 -3.86505  1.19892
 1.31422 -3.86188  1.19935
 1.31465 -3.85872  1.19978
 1.31509 -3.85556  1.20022
 1.31552  -3.8524  1.20022
 1.31596 -3.84925  1.20065
 1.31639  -3.8461  1.20108
 1.31682 -3.84295  1.20152
 1.31726 -3.83981  1.20152
 1.31769 -3.83667  1.20195
 1.31812 -3.83353  1.20238
 1.31856  -3.8304  1.20282
 1.31899 -3.82727  1.20325
 1.31942 -3.82414  1.20325
 1.31986 -3.82102  1.20368
 1.32029  -3.8179  1.20412
 1.32072 -3.81478  1.20455
 1.32116 -3.81167  1.20455
 1.32159 -3.80856  1.20498
 1.32202 -3.80545  1.20542
 1.32246 -3.80235  1.20585
 1.32289 -3.79925  1.20629
 1.32332 -3.79616  1.20629
 1.32376 -3.79306  1.20672
 1.32419 -3.78997  1.20715
 1.32462 -3.78689  1.20759
 1.32506  -3.7838  1.20759
 1.32549 -3.78072  1.20802
 1.32593 -3.77765  1.20845
 1.32636 -3.77457  1.20889
 1.32679  -3.7715  1.20889
 1.32723 -3.76844  1.20932
 1.32766 -3.76537  1.20975
 1.32809 -3.76231  1.21019
 1.32853 -3.75926  1.21062
 1.32896  -3.7562  1.21062
 1.32939 -3.75315  1.21105
 1.32983  -3.7501  1.21149
 1.33026 -3.74706  1.21192
 1.33069 -3.74402  1.21192
 1.33113 -3.74098  1.21235
 1.33156 -3.73795  1.21279
 1.33199 -3.73492  1.21322
 1.33243 -3.73189  1.21365
 1.33286 -3.72886  1.21365
 1.33329 -3.72584  1.21409
 1.33373 -3.72282  1.21452
 1.33416 -3.71981  1.21495
 1.33459  -3.7168  1.21495
 1.33503 -3.71379  1.21539
 1.33546 -3.71078  1.21582
  1.3359 -3.70778  1.21626
 1.33633 -3.70478  1.21669
 1.33676 -3.70179  1.21669
  1.3372 -3.69879  1.21712
 1.33763  -3.6958  1.21756
 1.33806 -3.69282  1.21799
  1.3385 -3.68984  1.21799
 1.33893 -3.68686  1.21842
 1.33936 -3.68388  1.21886
  1.3398  -3.6809  1.21929
 1.34023 -3.67794  1.21972
 1.34066 -3.67497  1.21972
  1.3411   -3.672  1.22016
 1.34153 -3.66904  1.22059
 1.34196 -3.66608  1.22102
  1.3424 -3.66313  1.22102
 1.34283 -3.66018  1.22146
 1.34326 -3.65723  1.22189
  1.3437 -3.65428  1.22232
 1.34413 -3.65134  1.22276
 1.34456  -3.6484  1.22276
   1.345 -3.64546  1.22319
 1.34543 -3.64253  1.22362
 1.34587  -3.6396  1.22406
  1.3463 -3.63667  1.22406
 1.34673 -3.63375  1.22449
 1.34717 -3.63083  1.22492
  1.3476 -3.62791  1.22536
 1.34803   -3.625  1.22536
 1.34847 -3.62209  1.22579
  1.3489 -3.61918  1.22623
 1.34933 -3.61627  1.22666
 1.34977 -3.61337  1.22709
  1.3502 -3.61047  1.22709
 1.35063 -3.60757  1.22753
 1.35107 -3.60468  1.22796
  1.3515 -3.60179  1.22839
 1.35193  -3.5989  1.22883
 1.35237 -3.59602  1.22883
  1.3528 -3.59314  1.22926
 1.35323 -3.59026  1.22969
 1.35367 -3.58738  1.23013
  1.3541 -3.58451  1.23013
 1.35453 -3.58164  1.23056
 1.35497 -3.57878  1.23099
  1.3554 -3.57591  1.23143
 1.35584 -3.57305  1.23143
 1.35627  -3.5702  1.23186
  1.3567 -3.56734  1.23229
 1.35714 -3.56449  1.23273
 1.35757 -3.56164  1.23316
   1.358  -3.5588  1.23316
 1.35844 -3.55596  1.23359
 1.35887 -3.55312  1.23403
  1.3593 -3.55028  1.23446
 1.35974 -3.54745  1.23446
 1.36017 -3.54462  1.23489
  1.3606 -3.54179  1.23533
 1.36104 -3.53897  1.23576
 1.36147 -3.53614   1.2362
  1.3619 -3.53333   1.2362
 1.36234 -3.53051  1.23663
 1.36277  -3.5277  1.23706
  1.3632 -3.52489   1.2375
 1.36364 -3.52208   1.2375
 1.36407 -3.51928  1.23793
  1.3645 -3.51648  1.23836
 1.36494 -3.51368   1.2388
 1.36537 -3.51088  1.23923
 1.36581 -3.50809  1.23923
 1.36624  -3.5053  1.23966
 1.36667 -3.50251   1.2401
 1.36711 -3.49973  1.24053
 1.36754 -3.49695  1.24053
 1.36797 -3.49417  1.24096
 1.36841  -3.4914   1.2414
 1.36884 -3.48863  1.24183
 1.36927 -3.48586  1.24183
 1.36971 -3.48309  1.24226
 1.37014 -3.48033   1.2427
 1.37057 -3.47757  1.24313
 1.37101 -3.47481  1.24356
 1.37144 -3.47206  1.24356
 1.37187  -3.4693    1.244
 1.37231 -3.46655  1.24443
 1.37274 -3.46381  1.24486
 1.37317 -3.46107  1.24486
 1.37361 -3.45833   1.2453
 1.37404 -3.45559  1.24573
 1.37447 -3.45285  1.24617
 1.37491 -3.45012   1.2466
 1.37534 -3.44739   1.2466
 1.37578 -3.44467  1.24703
 1.37621 -3.44194  1.24747
 1.37664 -3.43922   1.2479
 1.37708  -3.4365   1.2479
 1.37751 -3.43379  1.24833
 1.37794 -3.43108  1.24877
 1.37838 -3.42837   1.2492
 1.37881 -3.42566  1.24963
 1.37924 -3.42296  1.24963
 1.37968 -3.42026  1.25007
 1.38011 -3.41756   1.2505
 1.38054 -3.41486  1.25093
 1.38098 -3.41217  1.25093
 1.38141 -3.40948  1.25137
 1.38184 -3.40679   1.2518
 1.38228 -3.40411  1.25223
 1.38271 -3.40143  1.25223
 1.38314 -3.39875  1.25267
 1.38358 -3.39607   1.2531
 1.38401  -3.3934  1.25353
 1.38444 -3.39073  1.25397
 1.38488 -3.38806  1.25397
 1.38531  -3.3854   1.2544
 1.38575 -3.38273  1.25483
 1.38618 -3.38007  1.25527
 1.38661 -3.37742  1.25527
 1.38705 -3.37476   1.2557
 1.38748 -3.37211  1.25614
 1.38791 -3.36946  1.25657
 1.38835 -3.36682    1.257
 1.38878 -3.36418    1.257
 1.38921 -3.36153  1.25744
 1.38965  -3.3589  1.25787
 1.39008 -3.35626   1.2583
 1.39051 -3.35363   1.2583
 1.39095   -3.351  1.25874
 1.39138 -3.34837  1.25917
 1.39181 -3.34575   1.2596
 1.39225 -3.34313  1.26004
 1.39268 -3.34051  1.26004
 1.39311 -3.33789  1.26047
 1.39355 -3.33528   1.2609
 1.39398 -3.33267  1.26134
 1.39441 -3.33006  1.26134
 1.39485 -3.32745  1.26177
 1.39528 -3.32485   1.2622
 1.39572 -3.32225  1.26264
 1.39615 -3.31966  1.26264
 1.39658 -3.31706  1.26307
 1.39702 -3.31447   1.2635
 1.39745 -3.31188  1.26394
 1.39788 -3.30929  1.26437
 1.39832 -3.30671  1.26437
 1.39875 -3.30413   1.2648
 1.39918 -3.30155  1.26524
 1.39962 -3.29897  1.26567
 1.40005  -3.2964  1.26567
 1.40048 -3.29383  1.26611
 1.40092 -3.29126  1.26654
 1.40135 -3.28869  1.26697
 1.40178 -3.28613  1.26741
 1.40222 -3.28357  1.26741
 1.40265 -3.28101  1.26784
 1.40308 -3.27845  1.26827
 1.40352  -3.2759  1.26871
 1.40395 -3.27335  1.26871
 1.40438  -3.2708  1.26914
 1.40482 -3.26826  1.26957
 1.40525 -3.26572  1.27001
 1.40569 -3.26318  1.27044
 1.40612 -3.26064  1.27044
 1.40655  -3.2581  1.27087
 1.40699 -3.25557  1.27131
 1.40742 -3.25304  1.27174
 1.40785 -3.25052  1.27174
 1.40829 -3.24799  1.27217
 1.40872 -3.24547  1.27261
 1.40915 -3.24295  1.27304
 1.40959 -3.24044  1.27347
 1.41002 -3.23792  1.27347
 1.41045 -3.23541  1.27391
 1.41089  -3.2329  1.27434
 1.41132 -3.23039  1.27477
 1.41175 -3.22789  1.27477
 1.41219 -3.22539  1.27521
 1.41262 -3.22289  1.27564
 1.41305 -3.22039  1.27608
 1.41349  -3.2179  1.27608
 1.41392 -3.21541  1.27651
 1.41435 -3.21292  1.27694
 1.41479 -3.21043  1.27738
 1.41522 -3.20795  1.27781
 1.41566 -3.20547  1.27781
 1.41609 -3.20299  1.27824
 1.41652 -3.20051  1.27868
 1.41696 -3.19804  1.27911
 1.41739 -3.19557  1.27911
 1.41782  -3.1931  1.27954
 1.41826 -3.19063  1.27998
 1.41869 -3.18817  1.28041
 1.41912 -3.18571  1.28084
 1.41956 -3.18325  1.28084
 1.41999 -3.18079  1.28128
 1.42042 -3.17834  1.28171
 1.42086 -3.17589  1.28214
 1.42129 -3.17344  1.28214
 1.42172 -3.17099  1.28258
 1.42216 -3.16855  1.28301
 1.42259 -3.16611  1.28344
 1.42302 -3.16367  1.28344
 1.42346 -3.16123  1.28388
 1.42389  -3.1588  1.28431
 1.42432 -3.15637  1.28474
 1.42476 -3.15394  1.28518
 1.42519 -3.15151  1.28518
 1.42563 -3.14909  1.28561
 1.42606 -3.14667  1.28605
 1.42649 -3.14425  1.28648
 1.42693 -3.14183  1.28648
 1.42736 -3.13942  1.28691
 1.42779   -3.137  1.28735
 1.42823 -3.13459  1.28778
 1.42866 -3.13219  1.28778
 1.42909 -3.12978  1.28821
 1.42953 -3.12738  1.28865
 1.42996 -3.12498  1.28908
 1.43039 -3.12258  1.28951
 1.43083 -3.12019  1.28951
 1.43126 -3.11779  1.28995
 1.43169  -3.1154  1.29038
 1.43213 -3.11302  1.29081
 1.43256 -3.11063  1.29081
 1.43299 -3.10825  1.29125
 1.43343 -3.10587  1.29168
 1.43386 -3.10349  1.29211
 1.43429 -3.10111  1.29255
 1.43473 -3.09874  1.29255
 1.43516 -3.09637  1.29298
  1.4356   -3.094  1.29341
 1.43603 -3.09163  1.29385
 1.43646 -3.08927  1.29428
  1.4369  -3.0869  1.29428
 1.43733 -3.08454  1.29471
 1.43776 -3.08219  1.29515
  1.4382 -3.07983  1.29558
 1.43863 -3.07748  1.29558
 1.43906 -3.07513  1.29602
  1.4395 -3.07278  1.29645
 1.43993 -3.07044  1.29688
 1.44036  -3.0681  1.29688
  1.4408 -3.06575  1.29732
 1.44123 -3.06342  1.29775
 1.44166 -3.06108  1.29818
  1.4421 -3.05875  1.29862
 1.44253 -3.05641  1.29862
 1.44296 -3.05409  1.29905
  1.4434 -3.05176  1.29948
 1.44383 -3.04943  1.29992
 1.44426 -3.04711  1.29992
  1.4447 -3.04479  1.30035
 1.44513 -3.04248  1.30078
 1.44557 -3.04016  1.30122
   1.446 -3.03785  1.30122
 1.44643 -3.03554  1.30165
 1.44687 -3.03323  1.30208
  1.4473 -3.03092  1.30252
 1.44773 -3.02862  1.30295
 1.44817 -3.02632  1.30295
  1.4486 -3.02402  1.30338
 1.44903 -3.02172  1.30382
 1.44947 -3.01943  1.30425
  1.4499 -3.01714  1.30425
 1.45033 -3.01484  1.30468
 1.45077 -3.01256  1.30512
  1.4512 -3.01027  1.30555
 1.45163 -3.00799  1.30599
 1.45207 -3.00571  1.30599
  1.4525 -3.00343  1.30642
 1.45293 -3.00115  1.30685
 1.45337 -2.99888  1.30729
  1.4538 -2.99661  1.30729
 1.45423 -2.99434  1.30772
 1.45467 -2.99207  1.30815
  1.4551  -2.9898  1.30859
 1.45554 -2.98754  1.30902
 1.45597 -2.98528  1.30902
  1.4564 -2.98302  1.30945
 1.45684 -2.98077  1.30989
 1.45727 -2.97851  1.31032
  1.4577 -2.97626  1.31032
 1.45814 -2.97401  1.31075
 1.45857 -2.97176  1.31119
   1.459 -2.96952  1.31162
 1.45944 -2.96728  1.31162
 1.45987 -2.96503  1.31205
  1.4603  -2.9628  1.31249
 1.46074 -2.96056  1.31292
 1.46117 -2.95833  1.31335
  1.4616 -2.95609  1.31335
 1.46204 -2.95386  1.31379
 1.46247 -2.95164  1.31422
  1.4629 -2.94941  1.31465
 1.46334 -2.94719  1.31465
 1.46377 -2.94497  1.31509
  1.4642 -2.94275  1.31552
 1.46464 -2.94053  1.31596
 1.46507 -2.93832  1.31596
 1.46551 -2.93611  1.31639
 1.46594  -2.9339  1.31682
 1.46637 -2.93169  1.31726
 1.46681 -2.92948  1.31769
 1.46724 -2.92728  1.31769
 1.46767 -2.92508  1.31812
 1.46811 -2.92288  1.31856
 1.46854 -2.92068  1.31899
 1.46897 -2.91849  1.31899
 1.46941 -2.91629  1.31942
 1.46984  -2.9141  1.31986
 1.47027 -2.91191  1.32029
 1.47071 -2.90973  1.32072
 1.47114 -2.90755  1.32072
 1.47157 -2.90536  1.32116
 1.47201 -2.90318  1.32159
 1.47244 -2.90101  1.32202
 1.47287 -2.89883  1.32202
 1.47331 -2.89666  1.32246
 1.47374 -2.89448  1.32289
 1.47417 -2.89232  1.32332
 1.47461 -2.89015  1.32376
 1.47504 -2.88798  1.32376
 1.47548 -2.88582  1.32419
 1.47591 -2.88366  1.32462
 1.47634  -2.8815  1.32506
 1.47678 -2.87935  1.32506
 1.47721 -2.87719  1.32549
 1.47764 -2.87504  1.32593
 1.47808 -2.87289  1.32636
 1.47851 -2.87074  1.32636
 1.47894  -2.8686  1.32679
 1.47938 -2.86645  1.32723
 1.47981 -2.86431  1.32766
 1.48024 -2.86217  1.32809
 1.48068 -2.86003  1.32809
 1.48111  -2.8579  1.32853
 1.48154 -2.85576  1.32896
 1.48198 -2.85363  1.32939
 1.48241  -2.8515  1.32939
 1.48284 -2.84938  1.32983
 1.48328 -2.84725  1.33026
 1.48371 -2.84513  1.33069
 1.48414 -2.84301  1.33113
 1.48458 -2.84089  1.33113
 1.48501 -2.83877  1.33156
 1.48545 -2.83666  1.33199
 1.48588 -2.83454  1.33243
 1.48631 -2.83243  1.33243
 1.48675 -2.83032  1.33286
 1.48718 -2.82822  1.33329
 1.48761 -2.82611  1.33373
 1.48805 -2.82401  1.33373
 1.48848 -2.82191  1.33416
 1.48891 -2.81981  1.33459
 1.48935 -2.81772  1.33503
 1.48978 -2.81562  1.33546
 1.49021 -2.81353  1.33546
 1.49065 -2.81144   1.3359
 1.49108 -2.80935  1.33633
 1.49151 -2.80726  1.33676
 1.49195 -2.80518  1.33676
 1.49238  -2.8031   1.3372
 1.49281 -2.80102  1.33763
 1.49325 -2.79894  1.33806
 1.49368 -2.79686  1.33806
 1.49411 -2.79479   1.3385
 1.49455 -2.79272  1.33893
 1.49498 -2.79065  1.33936
 1.49542 -2.78858   1.3398
 1.49585 -2.78651   1.3398
 1.49628 -2.78445  1.34023
 1.49672 -2.78239  1.34066
 1.49715 -2.78033   1.3411
 1.49758 -2.77827   1.3411
 1.49802 -2.77621  1.34153
 1.49845 -2.77416  1.34196
 1.49888 -2.77211   1.3424
 1.49932 -2.77006  1.34283
 1.49975 -2.76801  1.34283
 1.50018 -2.76596  1.34326
 1.50062 -2.76392   1.3437
 1.50105 -2.76188  1.34413
 1.50148 -2.75984  1.34413
 1.50192  -2.7578  1.34456
 1.50235 -2.75576    1.345
 1.50278 -2.75373  1.34543
 1.50322 -2.75169  1.34587
 1.50365 -2.74966  1.34587
 1.50408 -2.74763   1.3463
 1.50452 -2.74561  1.34673
 1.50495 -2.74358  1.34717
 1.50539 -2.74156  1.34717
 1.50582 -2.73954   1.3476
 1.50625 -2.73752  1.34803
 1.50669 -2.73551  1.34847
 1.50712 -2.73349  1.34847
 1.50755 -2.73148   1.3489
 1.50799 -2.72947  1.34933
 1.50842 -2.72746  1.34977
 1.50885 -2.72545   1.3502
 1.50929 -2.72344   1.3502
 1.50972 -2.72144  1.35063
 1.51015 -2.71944  1.35107
 1.51059 -2.71744   1.3515
 1.51102 -2.71544   1.3515
 1.51145 -2.71345  1.35193
 1.51189 -2.71145  1.35237
 1.51232 -2.70946   1.3528
 1.51275 -2.70747   1.3528
 1.51319 -2.70548  1.35323
 1.51362  -2.7035  1.35367
 1.51405 -2.70151   1.3541
 1.51449 -2.69953  1.35453
 1.51492 -2.69755  1.35453
 1.51536 -2.69557  1.35497
 1.51579  -2.6936   1.3554
 1.51622 -2.69162  1.35584
 1.51666 -2.68965  1.35584
 1.51709 -2.68768  1.35627
 1.51752 -2.68571   1.3567
 1.51796 -2.68374  1.35714
 1.51839 -2.68178  1.35757
 1.51882 -2.67981  1.35757
 1.51926 -2.67785    1.358
 1.51969 -2.67589  1.35844
 1.52012 -2.67393  1.35887
 1.52056 -2.67198  1.35887
 1.52099 -2.67002   1.3593
 1.52142 -2.66807  1.35974
 1.52186 -2.66612  1.36017
 1.52229 -2.66417  1.36017
 1.52272 -2.66223   1.3606
 1.52316 -2.66028  1.36104
 1.52359 -2.65834  1.36147
 1.52402  -2.6564   1.3619
 1.52446 -2.65446   1.3619
 1.52489 -2.65252  1.36234
 1.52533 -2.65059  1.36277
 1.52576 -2.64865   1.3632
 1.52619 -2.64672   1.3632
 1.52663 -2.64479  1.36364
 1.52706 -2.64286  1.36407
 1.52749 -2.64094   1.3645
 1.52793 -2.63901  1.36494
 1.52836 -2.63709  1.36494
 1.52879 -2.63517  1.36537
 1.52923 -2.63325  1.36581
 1.52966 -2.63133  1.36624
 1.53009 -2.62942  1.36624
 1.53053  -2.6275  1.36667
 1.53096 -2.62559  1.36711
 1.53139 -2.62368  1.36754
 1.53183 -2.62177  1.36754
 1.53226 -2.61987  1.36797
 1.53269 -2.61796  1.36841
 1.53313 -2.61606  1.36884
 1.53356 -2.61416  1.36927
 1.53399 -2.61226  1.36927
 1.53443 -2.61036  1.36971
 1.53486 -2.60847  1.37014
  1.5353 -2.60657  1.37057
 1.53573 -2.60468  1.37057
 1.53616 -2.60279  1.37101
  1.5366  -2.6009  1.37144
 1.53703 -2.59902  1.37187
 1.53746 -2.59713  1.37187
  1.5379 -2.59525  1.37231
 1.53833 -2.59337  1.37274
 1.53876 -2.59149  1.37317
  1.5392 -2.58961  1.37361
 1.53963 -2.58774  1.37361
 1.54006 -2.58586  1.37404
  1.5405 -2.58399  1.37447
 1.54093 -2.58212  1.37491
 1.54136 -2.58025  1.37491
  1.5418 -2.57838  1.37534
 1.54223 -2.57652  1.37578
 1.54266 -2.57466  1.37621
  1.5431 -2.57279  1.37621
 1.54353 -2.57093  1.37664
 1.54396 -2.56908  1.37708
  1.5444 -2.56722  1.37751
 1.54483 -2.56536  1.37794
 1.54527 -2.56351  1.37794
  1.5457 -2.56166  1.37838
 1.54613 -2.55981  1.37881
 1.54657 -2.55796  1.37924
   1.547 -2.55612  1.37924
 1.54743 -2.55427  1.37968
 1.54787 -2.55243  1.38011
  1.5483 -2.55059  1.38054
 1.54873 -2.54875  1.38098
 1.54917 -2.54691  1.38098
  1.5496 -2.54508  1.38141
 1.55003 -2.54324  1.38184
 1.55047 -2.54141  1.38228
  1.5509 -2.53958  1.38228
 1.55133 -2.53775  1.38271
 1.55177 -2.53593  1.38314
  1.5522  -2.5341  1.38358
 1.55263 -2.53228  1.38358
 1.55307 -2.53046  1.38401
  1.5535 -2.52863  1.38444
 1.55393 -2.52682  1.38488
 1.55437   -2.525  1.38531
  1.5548 -2.52319  1.38531
 1.55524 -2.52137  1.38575
 1.55567 -2.51956  1.38618
  1.5561 -2.51775  1.38661
 1.55654 -2.51594  1.38661
 1.55697 -2.51414  1.38705
  1.5574 -2.51233  1.38748
 1.55784 -2.51053  1.38791
 1.55827 -2.50873  1.38835
  1.5587 -2.50693  1.38835
 1.55914 -2.50513  1.38878
 1.55957 -2.50333  1.38921
    1.56 -2.50154  1.38965
 1.56044 -2.49974  1.38965
 1.56087 -2.49795  1.39008
  1.5613 -2.49616  1.39051
 1.56174 -2.49438  1.39095
 1.56217 -2.49259  1.39095
  1.5626  -2.4908  1.39138
 1.56304 -2.48902  1.39181
 1.56347 -2.48724  1.39225
  1.5639 -2.48546  1.39268
 1.56434 -2.48368  1.39268
 1.56477 -2.48191  1.39311
 1.56521 -2.48013  1.39355
 1.56564 -2.47836  1.39398
 1.56607 -2.47659  1.39398
 1.56651 -2.47482  1.39441
 1.56694 -2.47305  1.39485
 1.56737 -2.47128  1.39528
 1.56781 -2.46952  1.39528
 1.56824 -2.46775  1.39572
 1.56867 -2.46599  1.39615
 1.56911 -2.46423  1.39658
 1.56954 -2.46248  1.39702
 1.56997 -2.46072  1.39702
 1.57041 -2.45896  1.39745
 1.57084 -2.45721  1.39788
 1.57127 -2.45546  1.39832
 1.57171 -2.45371  1.39832
 1.57214 -2.45196  1.39875
 1.57257 -2.45021  1.39918
 1.57301 -2.44847  1.39962
 1.57344 -2.44672  1.39962
 1.57387 -2.44498  1.40005
 1.57431 -2.44324  1.40048
 1.57474  -2.4415  1.40092
 1.57518 -2.43977  1.40135
 1.57561 -2.43803  1.40135
 1.57604  -2.4363  1.40178
 1.57648 -2.43456  1.40222
 1.57691 -2.43283  1.40265
 1.57734  -2.4311  1.40265
 1.57778 -2.42938  1.40308
 1.57821 -2.42765  1.40352
 1.57864 -2.42593  1.40395
 1.57908  -2.4242  1.40395
 1.57951 -2.42248  1.40438
 1.57994 -2.42076  1.40482
 1.58038 -2.41905  1.40525
 1.58081 -2.41733  1.40569
 1.58124 -2.41561  1.40569
 1.58168  -2.4139  1.40612
 1.58211 -2.41219  1.40655
 1.58254 -2.41048  1.40699
 1.58298 -2.40877  1.40699
 1.58341 -2.40706  1.40742
 1.58384 -2.40536  1.40785
 1.58428 -2.40366  1.40829
 1.58471 -2.40195  1.40872
 1.58515 -2.40025  1.40872
 1.58558 -2.39855  1.40915
 1.58601 -2.39686  1.40959
 1.58645 -2.39516  1.41002
 1.58688 -2.39347  1.41002
 1.58731 -2.39177  1.41045
 1.58775 -2.39008  1.41089
 1.58818 -2.38839  1.41132
 1.58861 -2.38671  1.41132
 1.58905 -2.38502  1.41175
 1.58948 -2.38333  1.41219
 1.58991 -2.38165  1.41262
 1.59035 -2.37997  1.41305
 1.59078 -2.37829  1.41305
 1.59121 -2.37661  1.41349
 1.59165 -2.37493  1.41392
 1.59208 -2.37326  1.41435
 1.59251 -2.37158  1.41435
 1.59295 -2.36991  1.41479
 1.59338 -2.36824  1.41522
 1.59381 -2.36657  1.41566
 1.59425  -2.3649  1.41566
 1.59468 -2.36323  1.41609
 1.59512 -2.36157  1.41652
 1.59555 -2.35991  1.41696
 1.59598 -2.35825  1.41739
 1.59642 -2.35658  1.41739
 1.59685 -2.35493  1.41782
 1.59728 -2.35327  1.41826
 1.59772 -2.35161  1.41869
 1.59815 -2.34996  1.41869
 1.59858 -2.34831  1.41912
 1.59902 -2.34665  1.41956
 1.59945   -2.345  1.41999
 1.59988 -2.34336  1.42042
 1.60032 -2.34171  1.42042
 1.60075 -2.34006  1.42086
 1.60118 -2.33842  1.42129
 1.60162 -2.33678  1.42172
 1.60205 -2.33514  1.42172
 1.60248  -2.3335  1.42216
 1.60292 -2.33186  1.42259
 1.60335 -2.33023  1.42302
 1.60378 -2.32859  1.42302
 1.60422 -2.32696  1.42346
 1.60465 -2.32533  1.42389
 1.60509  -2.3237  1.42432
 1.60552 -2.32207  1.42476
 1.60595 -2.32044  1.42476
 1.60639 -2.31881  1.42519
 1.60682 -2.31719  1.42563
 1.60725 -2.31557  1.42606
 1.60769 -2.31395  1.42606
 1.60812 -2.31233  1.42649
 1.60855 -2.31071  1.42693
 1.60899 -2.30909  1.42736
 1.60942 -2.30748  1.42736
 1.60985 -2.30586  1.42779
 1.61029 -2.30425  1.42823
 1.61072 -2.30264  1.42866
 1.61115 -2.30103  1.42909
 1.61159 -2.29942  1.42909
 1.61202 -2.29781  1.42953
 1.61245 -2.29621  1.42996
 1.61289 -2.29461  1.43039
 1.61332   -2.293  1.43039
 1.61375  -2.2914  1.43083
 1.61419  -2.2898  1.43126
 1.61462 -2.28821  1.43169
 1.61506 -2.28661  1.43169
 1.61549 -2.28501  1.43213
 1.61592 -2.28342  1.43256
 1.61636 -2.28183  1.43299
 1.61679 -2.28024  1.43299
 1.61722 -2.27865  1.43343
 1.61766 -2.27706  1.43386
 1.61809 -2.27547  1.43429
 1.61852 -2.27389  1.43473
 1.61896 -2.27231  1.43473
 1.61939 -2.27072  1.43516
 1.61982 -2.26914   1.4356
 1.62026 -2.26757  1.43603
 1.62069 -2.26599  1.43603
 1.62112 -2.26441  1.43646
 1.62156 -2.26284   1.4369
 1.62199 -2.26126  1.43733
 1.62242 -2.25969  1.43776
 1.62286 -2.25812  1.43776
 1.62329 -2.25655   1.4382
 1.62372 -2.25498  1.43863
 1.62416 -2.25342  1.43906
 1.62459 -2.25185  1.43906
 1.62503 -2.25029   1.4395
 1.62546 -2.24873  1.43993
 1.62589 -2.24717  1.44036
 1.62633 -2.24561   1.4408
 1.62676 -2.24405   1.4408
 1.62719 -2.24249  1.44123
 1.62763 -2.24094  1.44166
 1.62806 -2.23939   1.4421
 1.62849 -2.23783   1.4421
 1.62893 -2.23628  1.44253
 1.62936 -2.23473  1.44296
 1.62979 -2.23319   1.4434
 1.63023 -2.23164   1.4434
 1.63066 -2.23009  1.44383
 1.63109 -2.22855  1.44426
 1.63153 -2.22701   1.4447
 1.63196 -2.22547  1.44513
 1.63239 -2.22393  1.44513
 1.63283 -2.22239  1.44557
 1.63326 -2.22085    1.446
 1.63369 -2.21932  1.44643
 1.63413 -2.21778  1.44643
 1.63456 -2.21625  1.44687
 1.63499 -2.21472   1.4473
 1.63543 -2.21319  1.44773
 1.63586 -2.21166  1.44773
  1.6363 -2.21013  1.44817
 1.63673 -2.20861   1.4486
 1.63716 -2.20708  1.44903
  1.6376 -2.20556  1.44903
 1.63803 -2.20404  1.44947
 1.63846 -2.20252   1.4499
  1.6389   -2.201  1.45033
 1.63933 -2.19948  1.45077
 1.63976 -2.19797  1.45077
  1.6402 -2.19645   1.4512
 1.64063 -2.19494  1.45163
 1.64106 -2.19342  1.45207
  1.6415 -2.19191  1.45207
 1.64193  -2.1904   1.4525
 1.64236  -2.1889  1.45293
  1.6428 -2.18739  1.45337
 1.64323 -2.18588   1.4538
 1.64366 -2.18438   1.4538
  1.6441 -2.18288  1.45423
 1.64453 -2.18138  1.45467
 1.64496 -2.17988   1.4551
  1.6454 -2.17838   1.4551
 1.64583 -2.17688  1.45554
 1.64627 -2.17538  1.45597
  1.6467 -2.17389   1.4564
 1.64713  -2.1724   1.4564
 1.64757  -2.1709  1.45684
   1.648 -2.16941  1.45727
 1.64843 -2.16792   1.4577
 1.64887 -2.16644  1.45814
  1.6493 -2.16495  1.45814
 1.64973 -2.16346  1.45857
 1.65017 -2.16198    1.459
  1.6506  -2.1605  1.45944
 1.65103 -2.15902  1.45944
 1.65147 -2.15754  1.45987
  1.6519 -2.15606   1.4603
 1.65233 -2.15458  1.46074
 1.65277 -2.15311  1.46074
  1.6532 -2.15163  1.46117
 1.65363 -2.15016   1.4616
 1.65407 -2.14868  1.46204
  1.6545 -2.14721  1.46247
 1.65493 -2.14574  1.46247
 1.65537 -2.14428   1.4629
  1.6558 -2.14281  1.46334
 1.65624 -2.14134  1.46377
 1.65667 -2.13988  1.46377
  1.6571 -2.13842   1.4642
 1.65754 -2.13695  1.46464
 1.65797 -2.13549  1.46507
  1.6584 -2.13404  1.46507
 1.65884 -2.13258  1.46551
 1.65927 -2.13112  1.46594
  1.6597 -2.12967  1.46637
 1.66014 -2.12821  1.46681
 1.66057 -2.12676  1.46681
   1.661 -2.12531  1.46724
 1.66144 -2.12386  1.46767
 1.66187 -2.12241  1.46811
  1.6623 -2.12096  1.46811
 1.66274 -2.11952  1.46854
 1.66317 -2.11807  1.46897
  1.6636 -2.11663  1.46941
 1.66404 -2.11519  1.46941
 1.66447 -2.11374  1.46984
  1.6649  -2.1123  1.47027
 1.66534 -2.11087  1.47071
 1.66577 -2.10943  1.47114
 1.66621 -2.10799  1.47114
 1.66664 -2.10656  1.47157
 1.66707 -2.10513  1.47201
 1.66751 -2.10369  1.47244
 1.66794 -2.10226  1.47244
 1.66837 -2.10083  1.47287
 1.66881  -2.0994  1.47331
 1.66924 -2.09798  1.47374
 1.66967 -2.09655  1.47374
 1.67011 -2.09513  1.47417
 1.67054  -2.0937  1.47461
 1.67097 -2.09228  1.47504
 1.67141 -2.09086  1.47548
 1.67184 -2.08944  1.47548
 1.67227 -2.08802  1.47591
 1.67271 -2.08661  1.47634
 1.67314 -2.08519  1.47678
 1.67357 -2.08378  1.47678
 1.67401 -2.08236  1.47721
 1.67444 -2.08095  1.47764
 1.67487 -2.07954  1.47808
 1.67531 -2.07813  1.47808
 1.67574 -2.07672  1.47851
 1.67618 -2.07532  1.47894
 1.67661 -2.07391  1.47938
 1.67704 -2.07251  1.47981
 1.67748  -2.0711  1.47981
 1.67791  -2.0697  1.48024
 1.67834  -2.0683  1.48068
 1.67878  -2.0669  1.48111
 1.67921  -2.0655  1.48111
 1.67964  -2.0641  1.48154
 1.68008 -2.06271  1.48198
 1.68051 -2.06131  1.48241
 1.68094 -2.05992  1.48241
 1.68138 -2.05853  1.48284
 1.68181 -2.05714  1.48328
 1.68224 -2.05575  1.48371
 1.68268 -2.05436  1.48414
 1.68311 -2.05297  1.48414
 1.68354 -2.05159  1.48458
 1.68398  -2.0502  1.48501
 1.68441 -2.04882  1.48545
 1.68484 -2.04744  1.48545
 1.68528 -2.04605  1.48588
 1.68571 -2.04467  1.48631
 1.68615 -2.04329  1.48675
 1.68658 -2.04192  1.48675
 1.68701 -2.04054  1.48718
 1.68745 -2.03917  1.48761
 1.68788 -2.03779  1.48805
 1.68831 -2.03642  1.48848
 1.68875 -2.03505  1.48848
 1.68918 -2.03368  1.48891
 1.68961 -2.03231  1.48935
 1.69005 -2.03094  1.48978
 1.69048 -2.02957  1.48978
 1.69091 -2.02821  1.49021
 1.69135 -2.02684  1.49065
 1.69178 -2.02548  1.49108
 1.69221 -2.02412  1.49108
 1.69265 -2.02276  1.49151
 1.69308  -2.0214  1.49195
 1.69351 -2.02004  1.49238
 1.69395 -2.01868  1.49281
 1.69438 -2.01733  1.49281
 1.69481 -2.01597  1.49325
 1.69525 -2.01462  1.49368
 1.69568 -2.01327  1.49411
 1.69612 -2.01191  1.49411
 1.69655 -2.01056  1.49455
 1.69698 -2.00921  1.49498
 1.69742 -2.00787  1.49542
 1.69785 -2.00652  1.49542
 1.69828 -2.00517  1.49585
 1.69872 -2.00383  1.49628
 1.69915 -2.00249  1.49672
 1.69958 -2.00115  1.49715
 1.70002  -1.9998  1.49715
 1.70045 -1.99846  1.49758
 1.70088 -1.99713  1.49802
 1.70132 -1.99579  1.49845
 1.70175 -1.99445  1.49845
 1.70218 -1.99312  1.49888
 1.70262 -1.99178  1.49932
 1.70305 -1.99045  1.49975
 1.70348 -1.98912  1.49975
 1.70392 -1.98779  1.50018
 1.70435 -1.98646  1.50062
 1.70478 -1.98513  1.50105
 1.70522 -1.98381  1.50105
 1.70565 -1.98248  1.50148
 1.70609 -1.98116  1.50192
 1.70652 -1.97983  1.50235
 1.70695 -1.97851  1.50278
 1.70739 -1.97719  1.50278
 1.70782 -1.97587  1.50322
 1.70825 -1.97455  1.50365
 1.70869 -1.97323  1.50408
 1.70912 -1.97192  1.50408
 1.70955  -1.9706  1.50452
 1.70999 -1.96929  1.50495
 1.71042 -1.96797  1.50539
 1.71085 -1.96666  1.50582
 1.71129 -1.96535  1.50582
 1.71172 -1.96404  1.50625
 1.71215 -1.96273  1.50669
 1.71259 -1.96143  1.50712
 1.71302 -1.96012  1.50712
 1.71345 -1.95881  1.50755
 1.71389 -1.95751  1.50799
 1.71432 -1.95621  1.50842
 1.71475 -1.95491  1.50842
 1.71519 -1.95361  1.50885
 1.71562 -1.95231  1.50929
 1.71606 -1.95101  1.50972
 1.71649 -1.94971  1.51015
 1.71692 -1.94841  1.51015
 1.71736 -1.94712  1.51059
 1.71779 -1.94583  1.51102
 1.71822 -1.94453  1.51145
 1.71866 -1.94324  1.51145
 1.71909 -1.94195  1.51189
 1.71952 -1.94066  1.51232
 1.71996 -1.93937  1.51275
 1.72039 -1.93809  1.51275
 1.72082  -1.9368  1.51319
 1.72126 -1.93552  1.51362
 1.72169 -1.93423  1.51405
 1.72212 -1.93295  1.51449
 1.72256 -1.93167  1.51449
 1.72299 -1.93039  1.51492
 1.72342 -1.92911  1.51536
 1.72386 -1.92783  1.51579
 1.72429 -1.92655  1.51579
 1.72472 -1.92528  1.51622
 1.72516   -1.924  1.51666
 1.72559 -1.92273  1.51709
 1.72603 -1.92145  1.51709
 1.72646 -1.92018  1.51752
 1.72689 -1.91891  1.51796
 1.72733 -1.91764  1.51839
 1.72776 -1.91637  1.51839
 1.72819 -1.91511  1.51882
 1.72863 -1.91384  1.51926
 1.72906 -1.91257  1.51969
 1.72949 -1.91131  1.52012
 1.72993 -1.91005  1.52012
 1.73036 -1.90879  1.52056
 1.73079 -1.90752  1.52099
 1.73123 -1.90627  1.52142
 1.73166 -1.90501  1.52142
 1.73209 -1.90375  1.52186
 1.73253 -1.90249  1.52229
 1.73296 -1.90124  1.52272
 1.73339 -1.89998  1.52272
 1.73383 -1.89873  1.52316
 1.73426 -1.89748  1.52359
 1.73469 -1.89623  1.52402
 1.73513 -1.89498  1.52446
 1.73556 -1.89373  1.52446
   1.736 -1.89248  1.52489
 1.73643 -1.89123  1.52533
 1.73686 -1.88999  1.52576
  1.7373 -1.88874  1.52576
 1.73773  -1.8875  1.52619
 1.73816 -1.88626  1.52663
  1.7386 -1.88501  1.52706
 1.73903 -1.88377  1.52706
 1.73946 -1.88253  1.52749
  1.7399  -1.8813  1.52793
 1.74033 -1.88006  1.52836
 1.74076 -1.87882  1.52879
  1.7412 -1.87759  1.52879
 1.74163 -1.87635  1.52923
 1.74206 -1.87512  1.52966
  1.7425 -1.87389  1.53009
 1.74293 -1.87266  1.53009
 1.74336 -1.87143  1.53053
  1.7438  -1.8702  1.53096
 1.74423 -1.86897  1.53139
 1.74466 -1.86774  1.53139
  1.7451 -1.86652  1.53183
 1.74553 -1.86529  1.53226
 1.74597 -1.86407  1.53269
  1.7464 -1.86285  1.53313
 1.74683 -1.86163  1.53313
 1.74727 -1.86041  1.53356
  1.7477 -1.85919  1.53399
 1.74813 -1.85797  1.53443
 1.74857 -1.85675  1.53443
   1.749 -1.85553  1.53486
 1.74943 -1.85432   1.5353
 1.74987  -1.8531  1.53573
  1.7503 -1.85189  1.53573
 1.75073 -1.85068  1.53616
 1.75117 -1.84947   1.5366
  1.7516 -1.84826  1.53703
 1.75203 -1.84705  1.53746
 1.75247 -1.84584  1.53746
  1.7529 -1.84463   1.5379
 1.75333 -1.84343  1.53833
 1.75377 -1.84222  1.53876
  1.7542 -1.84102  1.53876
 1.75463 -1.83982   1.5392
 1.75507 -1.83861  1.53963
  1.7555 -1.83741  1.54006
 1.75594 -1.83621  1.54006
 1.75637 -1.83501   1.5405
  1.7568 -1.83382  1.54093
 1.75724 -1.83262  1.54136
 1.75767 -1.83142   1.5418
  1.7581 -1.83023   1.5418
 1.75854 -1.82903  1.54223
 1.75897 -1.82784  1.54266
  1.7594 -1.82665   1.5431
 1.75984 -1.82546   1.5431
 1.76027 -1.82427  1.54353
  1.7607 -1.82308  1.54396
 1.76114 -1.82189   1.5444
 1.76157 -1.82071   1.5444
   1.762 -1.81952  1.54483
 1.76244 -1.81834  1.54527
 1.76287 -1.81715   1.5457
  1.7633 -1.81597   1.5457
 1.76374 -1.81479  1.54613
 1.76417 -1.81361  1.54657
  1.7646 -1.81243    1.547
 1.76504 -1.81125  1.54743
 1.76547 -1.81007  1.54743
 1.76591 -1.80889  1.54787
 1.76634 -1.80772   1.5483
 1.76677 -1.80654  1.54873
 1.76721 -1.80537  1.54873
 1.76764  -1.8042  1.54917
 1.76807 -1.80303   1.5496
 1.76851 -1.80185  1.55003
 1.76894 -1.80069  1.55003
 1.76937 -1.79952  1.55047
 1.76981 -1.79835   1.5509
 1.77024 -1.79718  1.55133
 1.77067 -1.79602  1.55177
 1.77111 -1.79485  1.55177
 1.77154 -1.79369   1.5522
 1.77197 -1.79252  1.55263
 1.77241 -1.79136  1.55307
 1.77284  -1.7902  1.55307
 1.77327 -1.78904   1.5535
 1.77371 -1.78788  1.55393
 1.77414 -1.78672  1.55437
 1.77457 -1.78557  1.55437
 1.77501 -1.78441   1.5548
 1.77544 -1.78326  1.55524
 1.77588  -1.7821  1.55567
 1.77631 -1.78095   1.5561
 1.77674  -1.7798   1.5561
 1.77718 -1.77865  1.55654
 1.77761 -1.77749  1.55697
 1.77804 -1.77635   1.5574
 1.77848  -1.7752   1.5574
 1.77891 -1.77405  1.55784
 1.77934  -1.7729  1.55827
 1.77978 -1.77176   1.5587
 1.78021 -1.77061   1.5587
 1.78064 -1.76947  1.55914
 1.78108 -1.76833  1.55957
 1.78151 -1.76719     1.56
 1.78194 -1.76605  1.56044
 1.78238 -1.76491  1.56044
 1.78281 -1.76377  1.56087
 1.78324 -1.76263   1.5613
 1.78368 -1.76149  1.56174
 1.78411 -1.76036  1.56174
 1.78454 -1.75922  1.56217
 1.78498 -1.75809   1.5626
 1.78541 -1.75695  1.56304
 1.78585 -1.75582  1.56304
 1.78628 -1.75469  1.56347
 1.78671 -1.75356   1.5639
 1.78715 -1.75243  1.56434
 1.78758  -1.7513  1.56434
 1.78801 -1.75018  1.56477
 1.78845 -1.74905  1.56521
 1.78888 -1.74792  1.56564
 1.78931  -1.7468  1.56607
 1.78975 -1.74568  1.56607
 1.79018 -1.74455  1.56651
 1.79061 -1.74343  1.56694
 1.79105 -1.74231  1.56737
 1.79148 -1.74119  1.56737
 1.79191 -1.74007  1.56781
 1.79235 -1.73895  1.56824
 1.79278 -1.73784  1.56867
 1.79321 -1.73672  1.56867
 1.79365 -1.73561  1.56911
 1.79408 -1.73449  1.56954
 1.79451 -1.73338  1.56997
 1.79495 -1.73227  1.57041
 1.79538 -1.73116  1.57041
 1.79582 -1.73004  1.57084
 1.79625 -1.72894  1.57127
 1.79668 -1.72783  1.57171
 1.79712 -1.72672  1.57171
 1.79755 -1.72561  1.57214
 1.79798 -1.72451  1.57257
 1.79842  -1.7234  1.57301
 1.79885  -1.7223  1.57301
 1.79928 -1.72119  1.57344
 1.79972 -1.72009  1.57387
 1.80015 -1.71899  1.57431
 1.80058 -1.71789  1.57431
 1.80102 -1.71679  1.57474
 1.80145 -1.71569  1.57518
 1.80188 -1.71459  1.57561
 1.80232  -1.7135  1.57604
 1.80275  -1.7124  1.57604
 1.80318 -1.71131  1.57648
 1.80362 -1.71021  1.57691
 1.80405 -1.70912  1.57734
 1.80448 -1.70803  1.57734
 1.80492 -1.70694  1.57778
 1.80535 -1.70585  1.57821
 1.80579 -1.70476  1.57864
 1.80622 -1.70367  1.57864
 1.80665 -1.70258  1.57908
 1.80709 -1.70149  1.57951
 1.80752 -1.70041  1.57994
 1.80795 -1.69932  1.57994
 1.80839 -1.69824  1.58038
 1.80882 -1.69715  1.58081
 1.80925 -1.69607  1.58124
 1.80969 -1.69499  1.58168
 1.81012 -1.69391  1.58168
 1.81055 -1.69283  1.58211
 1.81099 -1.69175  1.58254
 1.81142 -1.69068  1.58298
 1.81185  -1.6896  1.58341
 1.81229 -1.68852  1.58341
 1.81272 -1.68745  1.58384
 1.81315 -1.68637  1.58428
 1.81359  -1.6853  1.58471
 1.81402 -1.68423  1.58471
 1.81445 -1.68315  1.58515
 1.81489 -1.68208  1.58558
 1.81532 -1.68101  1.58601
 1.81576 -1.67995  1.58601
 1.81619 -1.67888  1.58645
 1.81662 -1.67781  1.58688
 1.81706 -1.67674  1.58731
 1.81749 -1.67568  1.58775
 1.81792 -1.67461  1.58775
 1.81836 -1.67355  1.58818
 1.81879 -1.67249  1.58861
 1.81922 -1.67143  1.58905
 1.81966 -1.67036  1.58905
 1.82009  -1.6693  1.58948
 1.82052 -1.66825  1.58991
 1.82096 -1.66719  1.59035
 1.82139 -1.66613  1.59035
 1.82182 -1.66507  1.59078
 1.82226 -1.66402  1.59121
 1.82269 -1.66296  1.59165
 1.82312 -1.66191  1.59165
 1.82356 -1.66085  1.59208
 1.82399  -1.6598  1.59251
 1.82442 -1.65875  1.59295
 1.82486  -1.6577  1.59338
 1.82529 -1.65665  1.59338
 1.82573  -1.6556  1.59381
 1.82616 -1.65455  1.59425
 1.82659 -1.65351  1.59468
 1.82703 -1.65246  1.59468
 1.82746 -1.65142  1.59512
 1.82789 -1.65037  1.59555
 1.82833 -1.64933  1.59598
 1.82876 -1.64828  1.59598
 1.82919 -1.64724  1.59642
 1.82963  -1.6462  1.59685
 1.83006 -1.64516  1.59728
 1.83049 -1.64412  1.59728
 1.83093 -1.64308  1.59772
 1.83136 -1.64205  1.59815
 1.83179 -1.64101  1.59858
 1.83223 -1.63997  1.59858
 1.83266 -1.63894  1.59902
 1.83309  -1.6379  1.59945
 1.83353 -1.63687  1.59988
 1.83396 -1.63584  1.60032
 1.83439 -1.63481  1.60032
 1.83483 -1.63377  1.60075
 1.83526 -1.63274  1.60118
  1.8357 -1.63171  1.60162
 1.83613 -1.63069  1.60162
 1.83656 -1.62966  1.60205
   1.837 -1.62863  1.60248
 1.83743 -1.62761  1.60292
 1.83786 -1.62658  1.60335
  1.8383 -1.62556  1.60335
 1.83873 -1.62453  1.60378
 1.83916 -1.62351  1.60422
  1.8396 -1.62249  1.60465
 1.84003 -1.62147  1.60465
 1.84046 -1.62045  1.60509
  1.8409 -1.61943  1.60552
 1.84133 -1.61841  1.60595
 1.84176 -1.61739  1.60595
  1.8422 -1.61638  1.60639
 1.84263 -1.61536  1.60682
 1.84306 -1.61435  1.60725
  1.8435 -1.61333  1.60769
 1.84393 -1.61232  1.60769
 1.84436 -1.61131  1.60812
  1.8448 -1.61029  1.60855
 1.84523 -1.60928  1.60899
 1.84567 -1.60827  1.60899
  1.8461 -1.60726  1.60942
 1.84653 -1.60626  1.60985
 1.84697 -1.60525  1.61029
  1.8474 -1.60424  1.61029
 1.84783 -1.60323  1.61072
 1.84827 -1.60223  1.61115
  1.8487 -1.60123  1.61159
 1.84913 -1.60022  1.61159
 1.84957 -1.59922  1.61202
    1.85 -1.59822  1.61245