 kgrid  ValNew  Policy 
    0.55 -55.0337 0.592914
0.550433 -54.9813 0.593348
0.550867 -54.9289 0.593348
  0.5513 -54.8766 0.593781
0.551734 -54.8245 0.594215
0.552167 -54.7724 0.594648
0.552601 -54.7204 0.595082
0.553034 -54.6685 0.595515
0.553468 -54.6167 0.595949
0.553901  -54.565 0.596382
0.554335 -54.5134 0.596816
0.554768 -54.4618 0.597249
0.555202 -54.4104 0.597249
0.555635  -54.359 0.597683
0.556069 -54.3077 0.598116
0.556502 -54.2565  0.59855
0.556936 -54.2054 0.598983
0.557369 -54.1544 0.599416
0.557803 -54.1034  0.59985
0.558236 -54.0526 0.600283
 0.55867 -54.0018 0.600717
0.559103 -53.9511  0.60115
0.559537 -53.9006 0.601584
 0.55997   -53.85 0.601584
0.560403 -53.7996 0.602017
0.560837 -53.7492 0.602451
 0.56127 -53.6989 0.602884
0.561704 -53.6487 0.603318
0.562137 -53.5986 0.603751
0.562571 -53.5486 0.604185
0.563004 -53.4986 0.604618
0.563438 -53.4488 0.605052
0.563871  -53.399 0.605485
0.564305 -53.3493 0.605919
0.564738 -53.2997 0.606352
0.565172 -53.2501 0.606352
0.565605 -53.2006 0.606786
0.566039 -53.1512 0.607219
0.566472 -53.1019 0.607653
0.566906 -53.0527 0.608086
0.567339 -53.0035  0.60852
0.567773 -52.9545 0.608953
0.568206 -52.9055 0.609386
 0.56864 -52.8566  0.60982
0.569073 -52.8077 0.610253
0.569507  -52.759 0.610687
 0.56994 -52.7103  0.61112
0.570373 -52.6617  0.61112
0.570807 -52.6131 0.611554
 0.57124 -52.5647 0.611987
0.571674 -52.5163 0.612421
0.572107  -52.468 0.612854
0.572541 -52.4197 0.613288
0.572974 -52.3716 0.613721
0.573408 -52.3235 0.614155
0.573841 -52.2755 0.614588
0.574275 -52.2276 0.615022
0.574708 -52.1797 0.615455
0.575142  -52.132 0.615889
0.575575 -52.0843 0.615889
0.576009 -52.0366 0.616322
0.576442 -51.9891 0.616756
0.576876 -51.9416 0.617189
0.577309 -51.8942 0.617623
0.577743 -51.8468 0.618056
0.578176 -51.7996 0.618489
 0.57861 -51.7524 0.618923
0.579043 -51.7053 0.619356
0.579476 -51.6582  0.61979
 0.57991 -51.6112 0.620223
0.580343 -51.5643 0.620657
0.580777 -51.5175  0.62109
 0.58121 -51.4707  0.62109
0.581644  -51.424 0.621524
0.582077 -51.3774 0.621957
0.582511 -51.3308 0.622391
0.582944 -51.2843 0.622824
0.583378 -51.2379 0.623258
0.583811 -51.1916 0.623691
0.584245 -51.1453 0.624125
0.584678 -51.0991 0.624558
0.585112 -51.0529 0.624992
0.585545 -51.0068 0.625425
0.585979 -50.9608 0.625859
0.586412 -50.9149 0.626292
0.586846 -50.8691 0.626726
0.587279 -50.8233 0.626726
0.587713 -50.7775 0.627159
0.588146 -50.7318 0.627593
 0.58858 -50.6862 0.628026
0.589013 -50.6407 0.628459
0.589446 -50.5952 0.628893
 0.58988 -50.5498 0.629326
0.590313 -50.5045  0.62976
0.590747 -50.4592 0.630193
 0.59118  -50.414 0.630627
0.591614 -50.3689  0.63106
0.592047 -50.3238 0.631494
0.592481 -50.2788 0.631927
0.592914 -50.2339 0.632361
0.593348  -50.189 0.632794
0.593781 -50.1442 0.632794
0.594215 -50.0994 0.633228
0.594648 -50.0548 0.633661
0.595082 -50.0101 0.634095
0.595515 -49.9656 0.634528
0.595949 -49.9211 0.634962
0.596382 -49.8767 0.635395
0.596816 -49.8323 0.635829
0.597249  -49.788 0.636262
0.597683 -49.7438 0.636696
0.598116 -49.6996 0.637129
 0.59855 -49.6555 0.637563
0.598983 -49.6115 0.637996
0.599416 -49.5675 0.638429
 0.59985 -49.5236 0.638429
0.600283 -49.4797 0.638863
0.600717 -49.4359 0.639296
 0.60115 -49.3922  0.63973
0.601584 -49.3485 0.640163
0.602017 -49.3049 0.640597
0.602451 -49.2614  0.64103
0.602884 -49.2179 0.641464
0.603318 -49.1745 0.641897
0.603751 -49.1311 0.642331
0.604185 -49.0879 0.642764
0.604618 -49.0446 0.643198
0.605052 -49.0015 0.643631
0.605485 -48.9584 0.644065
0.605919 -48.9153 0.644498
0.606352 -48.8723 0.644498
0.606786 -48.8294 0.644932
0.607219 -48.7865 0.645365
0.607653 -48.7437 0.645799
0.608086  -48.701 0.646232
 0.60852 -48.6583 0.646666
0.608953 -48.6156 0.647099
0.609386 -48.5731 0.647533
 0.60982 -48.5306 0.647966
0.610253 -48.4881 0.648399
0.610687 -48.4457 0.648833
 0.61112 -48.4034 0.649266
0.611554 -48.3612   0.6497
0.611987 -48.3189 0.650133
0.612421 -48.2768 0.650567
0.612854 -48.2347 0.650567
0.613288 -48.1927    0.651
0.613721 -48.1507 0.651434
0.614155 -48.1088 0.651867
0.614588 -48.0669 0.652301
0.615022 -48.0251 0.652734
0.615455 -47.9833 0.653168
0.615889 -47.9416 0.653601
0.616322    -47.9 0.654035
0.616756 -47.8585 0.654468
0.617189 -47.8169 0.654902
0.617623 -47.7755 0.655335
0.618056 -47.7341 0.655769
0.618489 -47.6927 0.656202
0.618923 -47.6515 0.656636
0.619356 -47.6102 0.657069
 0.61979 -47.5691 0.657069
0.620223 -47.5279 0.657503
0.620657 -47.4869 0.657936
 0.62109 -47.4459 0.658369
0.621524 -47.4049 0.658803
0.621957  -47.364 0.659236
0.622391 -47.3232  0.65967
0.622824 -47.2824 0.660103
0.623258 -47.2417 0.660537
0.623691  -47.201  0.66097
0.624125 -47.1604 0.661404
0.624558 -47.1198 0.661837
0.624992 -47.0793 0.662271
0.625425 -47.0389 0.662704
0.625859 -46.9985 0.663138
0.626292 -46.9581 0.663138
0.626726 -46.9179 0.663571
0.627159 -46.8776 0.664005
0.627593 -46.8374 0.664438
0.628026 -46.7973 0.664872
0.628459 -46.7572 0.665305
0.628893 -46.7172 0.665739
0.629326 -46.6773 0.666172
 0.62976 -46.6374 0.666606
0.630193 -46.5975 0.667039
0.630627 -46.5577 0.667472
 0.63106  -46.518 0.667906
0.631494 -46.4783 0.668339
0.631927 -46.4386 0.668773
0.632361 -46.3991 0.669206
0.632794 -46.3595  0.66964
0.633228   -46.32  0.66964
0.633661 -46.2806 0.670073
0.634095 -46.2412 0.670507
0.634528 -46.2019  0.67094
0.634962 -46.1626 0.671374
0.635395 -46.1234 0.671807
0.635829 -46.0842 0.672241
0.636262 -46.0451 0.672674
0.636696 -46.0061 0.673108
0.637129 -45.9671 0.673541
0.637563 -45.9281 0.673975
0.637996 -45.8892 0.674408
0.638429 -45.8504 0.674842
0.638863 -45.8116 0.675275
0.639296 -45.7728 0.675709
 0.63973 -45.7341 0.676142
0.640163 -45.6955 0.676142
0.640597 -45.6568 0.676576
 0.64103 -45.6183 0.677009
0.641464 -45.5798 0.677442
0.641897 -45.5413 0.677876
0.642331  -45.503 0.678309
0.642764 -45.4646 0.678743
0.643198 -45.4263 0.679176
0.643631 -45.3881  0.67961
0.644065 -45.3499 0.680043
0.644498 -45.3117 0.680477
0.644932 -45.2736  0.68091
0.645365 -45.2356 0.681344
0.645799 -45.1976 0.681777
0.646232 -45.1597 0.682211
0.646666 -45.1218 0.682211
0.647099 -45.0839 0.682644
0.647533 -45.0461 0.683078
0.647966 -45.0084 0.683511
0.648399 -44.9707 0.683945
0.648833  -44.933 0.684378
0.649266 -44.8954 0.684812
  0.6497 -44.8579 0.685245
0.650133 -44.8204 0.685679
0.650567 -44.7829 0.686112
   0.651 -44.7455 0.686546
0.651434 -44.7082 0.686979
0.651867 -44.6709 0.687412
0.652301 -44.6336 0.687846
0.652734 -44.5964 0.688279
0.653168 -44.5593 0.688713
0.653601 -44.5222 0.688713
0.654035 -44.4851 0.689146
0.654468 -44.4481  0.68958
0.654902 -44.4111 0.690013
0.655335 -44.3742 0.690447
0.655769 -44.3373  0.69088
0.656202 -44.3005 0.691314
0.656636 -44.2637 0.691747
0.657069  -44.227 0.692181
0.657503 -44.1903 0.692614
0.657936 -44.1536 0.693048
0.658369 -44.1171 0.693481
0.658803 -44.0805 0.693915
0.659236  -44.044 0.694348
 0.65967 -44.0076 0.694782
0.660103 -43.9712 0.695215
0.660537 -43.9348 0.695215
 0.66097 -43.8985 0.695649
0.661404 -43.8622 0.696082
0.661837  -43.826 0.696516
0.662271 -43.7899 0.696949
0.662704 -43.7537 0.697382
0.663138 -43.7177 0.697816
0.663571 -43.6816 0.698249
0.664005 -43.6456 0.698683
0.664438 -43.6097 0.699116
0.664872 -43.5738  0.69955
0.665305  -43.538 0.699983
0.665739 -43.5022 0.700417
0.666172 -43.4664  0.70085
0.666606 -43.4307 0.701284
0.667039  -43.395 0.701717
0.667472 -43.3594 0.701717
0.667906 -43.3238 0.702151
0.668339 -43.2883 0.702584
0.668773 -43.2528 0.703018
0.669206 -43.2174 0.703451
 0.66964  -43.182 0.703885
0.670073 -43.1466 0.704318
0.670507 -43.1113 0.704752
 0.67094 -43.0761 0.705185
0.671374 -43.0408 0.705619
0.671807 -43.0057 0.706052
0.672241 -42.9706 0.706485
0.672674 -42.9355 0.706919
0.673108 -42.9004 0.707352
0.673541 -42.8654 0.707786
0.673975 -42.8305 0.708219
0.674408 -42.7956 0.708219
0.674842 -42.7607 0.708653
0.675275 -42.7259 0.709086
0.675709 -42.6911  0.70952
0.676142 -42.6564 0.709953
0.676576 -42.6217 0.710387
0.677009  -42.587  0.71082
0.677442 -42.5524 0.711254
0.677876 -42.5179 0.711687
0.678309 -42.4834 0.712121
0.678743 -42.4489 0.712554
0.679176 -42.4145 0.712988
 0.67961 -42.3801 0.713421
0.680043 -42.3457 0.713855
0.680477 -42.3115 0.714288
 0.68091 -42.2772 0.714288
0.681344  -42.243 0.714722
0.681777 -42.2088 0.715155
0.682211 -42.1747 0.715589
0.682644 -42.1406 0.716022
0.683078 -42.1065 0.716455
0.683511 -42.0725 0.716889
0.683945 -42.0386 0.717322
0.684378 -42.0046 0.717756
0.684812 -41.9708 0.718189
0.685245 -41.9369 0.718623
0.685679 -41.9031 0.719056
0.686112 -41.8694  0.71949
0.686546 -41.8357 0.719923
0.686979  -41.802 0.720357
0.687412 -41.7684  0.72079
0.687846 -41.7348  0.72079
0.688279 -41.7013 0.721224
0.688713 -41.6678 0.721657
0.689146 -41.6343 0.722091
 0.68958 -41.6009 0.722524
0.690013 -41.5675 0.722958
0.690447 -41.5342 0.723391
 0.69088 -41.5009 0.723825
0.691314 -41.4676 0.724258
0.691747 -41.4344 0.724692
0.692181 -41.4012 0.725125
0.692614 -41.3681 0.725559
0.693048  -41.335 0.725992
0.693481  -41.302 0.726425
0.693915  -41.269 0.726859
0.694348  -41.236 0.727292
0.694782 -41.2031 0.727292
0.695215 -41.1702 0.727726
0.695649 -41.1373 0.728159
0.696082 -41.1045 0.728593
0.696516 -41.0717 0.729026
0.696949  -41.039  0.72946
0.697382 -41.0063 0.729893
0.697816 -40.9737 0.730327
0.698249 -40.9411  0.73076
0.698683 -40.9085 0.731194
0.699116  -40.876 0.731627
 0.69955 -40.8435 0.732061
0.699983  -40.811 0.732494
0.700417 -40.7786 0.732928
 0.70085 -40.7462 0.733361
0.701284 -40.7139 0.733361
0.701717 -40.6816 0.733795
0.702151 -40.6494 0.734228
0.702584 -40.6171 0.734662
0.703018  -40.585 0.735095
0.703451 -40.5528 0.735529
0.703885 -40.5207 0.735962
0.704318 -40.4887 0.736395
0.704752 -40.4566 0.736829
0.705185 -40.4247 0.737262
0.705619 -40.3927 0.737696
0.706052 -40.3608 0.738129
0.706485  -40.329 0.738563
0.706919 -40.2971 0.738996
0.707352 -40.2653  0.73943
0.707786 -40.2336 0.739863
0.708219 -40.2019 0.739863
0.708653 -40.1702 0.740297
0.709086 -40.1386  0.74073
 0.70952  -40.107 0.741164
0.709953 -40.0754 0.741597
0.710387 -40.0439 0.742031
 0.71082 -40.0124 0.742464
0.711254 -39.9809 0.742898
0.711687 -39.9495 0.743331
0.712121 -39.9182 0.743765
0.712554 -39.8868 0.744198
0.712988 -39.8555 0.744632
0.713421 -39.8243 0.745065
0.713855 -39.7931 0.745498
0.714288 -39.7619 0.745932
0.714722 -39.7307 0.746365
0.715155 -39.6996 0.746365
0.715589 -39.6685 0.746799
0.716022 -39.6375 0.747232
0.716455 -39.6065 0.747666
0.716889 -39.5755 0.748099
0.717322 -39.5446 0.748533
0.717756 -39.5137 0.748966
0.718189 -39.4829   0.7494
0.718623  -39.452 0.749833
0.719056 -39.4213 0.750267
 0.71949 -39.3905   0.7507
0.719923 -39.3598 0.751134
0.720357 -39.3292 0.751567
 0.72079 -39.2985 0.752001
0.721224 -39.2679 0.752434
0.721657 -39.2374 0.752434
0.722091 -39.2069 0.752868
0.722524 -39.1764 0.753301
0.722958 -39.1459 0.753735
0.723391 -39.1155 0.754168
0.723825 -39.0851 0.754602
0.724258 -39.0548 0.755035
0.724692 -39.0245 0.755468
0.725125 -38.9942 0.755902
0.725559 -38.9639 0.756335
0.725992 -38.9338 0.756769
0.726425 -38.9036 0.757202
0.726859 -38.8735 0.757636
0.727292 -38.8434 0.758069
0.727726 -38.8133 0.758503
0.728159 -38.7833 0.758936
0.728593 -38.7533 0.758936
0.729026 -38.7233  0.75937
 0.72946 -38.6934 0.759803
0.729893 -38.6635 0.760237
0.730327 -38.6337  0.76067
 0.73076 -38.6039 0.761104
0.731194 -38.5741 0.761537
0.731627 -38.5444 0.761971
0.732061 -38.5146 0.762404
0.732494  -38.485 0.762838
0.732928 -38.4553 0.763271
0.733361 -38.4257 0.763705
0.733795 -38.3962 0.764138
0.734228 -38.3666 0.764572
0.734662 -38.3371 0.765005
0.735095 -38.3077 0.765005
0.735529 -38.2782 0.765438
0.735962 -38.2488 0.765872
0.736395 -38.2195 0.766305
0.736829 -38.1901 0.766739
0.737262 -38.1608 0.767172
0.737696 -38.1316 0.767606
0.738129 -38.1024 0.768039
0.738563 -38.0732 0.768473
0.738996  -38.044 0.768906
 0.73943 -38.0149  0.76934
0.739863 -37.9858 0.769773
0.740297 -37.9567 0.770207
 0.74073 -37.9277  0.77064
0.741164 -37.8987 0.771074
0.741597 -37.8698 0.771507
0.742031 -37.8409 0.771507
0.742464  -37.812 0.771941
0.742898 -37.7831 0.772374
0.743331 -37.7543 0.772808
0.743765 -37.7255 0.773241
0.744198 -37.6967 0.773675
0.744632  -37.668 0.774108
0.745065 -37.6393 0.774542
0.745498 -37.6107 0.774975
0.745932  -37.582 0.775408
0.746365 -37.5534 0.775842
0.746799 -37.5249 0.776275
0.747232 -37.4964 0.776709
0.747666 -37.4679 0.777142
0.748099 -37.4394 0.777576
0.748533  -37.411 0.777576
0.748966 -37.3826 0.778009
  0.7494 -37.3542 0.778443
0.749833 -37.3259 0.778876
0.750267 -37.2976  0.77931
  0.7507 -37.2693 0.779743
0.751134 -37.2411 0.780177
0.751567 -37.2129  0.78061
0.752001 -37.1847 0.781044
0.752434 -37.1566 0.781477
0.752868 -37.1285 0.781911
0.753301 -37.1004 0.782344
0.753735 -37.0724 0.782778
0.754168 -37.0444 0.783211
0.754602 -37.0164 0.783645
0.755035 -36.9885 0.783645
0.755468 -36.9606 0.784078
0.755902 -36.9327 0.784512
0.756335 -36.9048 0.784945
0.756769  -36.877 0.785378
0.757202 -36.8492 0.785812
0.757636 -36.8215 0.786245
0.758069 -36.7938 0.786679
0.758503 -36.7661 0.787112
0.758936 -36.7384 0.787546
 0.75937 -36.7108 0.787979
0.759803 -36.6832 0.788413
0.760237 -36.6556 0.788846
 0.76067 -36.6281  0.78928
0.761104 -36.6006 0.789713
0.761537 -36.5731 0.789713
0.761971 -36.5457 0.790147
0.762404 -36.5183  0.79058
0.762838 -36.4909 0.791014
0.763271 -36.4636 0.791447
0.763705 -36.4362 0.791881
0.764138  -36.409 0.792314
0.764572 -36.3817 0.792748
0.765005 -36.3545 0.793181
0.765438 -36.3273 0.793615
0.765872 -36.3001 0.794048
0.766305  -36.273 0.794481
0.766739 -36.2459 0.794915
0.767172 -36.2188 0.795348
0.767606 -36.1918 0.795782
0.768039 -36.1648 0.795782
0.768473 -36.1378 0.796215
0.768906 -36.1109 0.796649
 0.76934 -36.0839 0.797082
0.769773 -36.0571 0.797516
0.770207 -36.0302 0.797949
 0.77064 -36.0034 0.798383
0.771074 -35.9766 0.798816
0.771507 -35.9498  0.79925
0.771941 -35.9231 0.799683
0.772374 -35.8964 0.800117
0.772808 -35.8697  0.80055
0.773241  -35.843 0.800984
0.773675 -35.8164 0.801417
0.774108 -35.7899 0.801851
0.774542 -35.7633 0.801851
0.774975 -35.7368 0.802284
0.775408 -35.7103 0.802718
0.775842 -35.6838 0.803151
0.776275 -35.6574 0.803585
0.776709 -35.6309 0.804018
0.777142 -35.6046 0.804451
0.777576 -35.5782 0.804885
0.778009 -35.5519 0.805318
0.778443 -35.5256 0.805752
0.778876 -35.4993 0.806185
 0.77931 -35.4731 0.806619
0.779743 -35.4469 0.807052
0.780177 -35.4207 0.807486
 0.78061 -35.3946 0.807919
0.781044 -35.3685 0.807919
0.781477 -35.3424 0.808353
0.781911 -35.3163 0.808786
0.782344 -35.2903  0.80922
0.782778 -35.2643 0.809653
0.783211 -35.2383 0.810087
0.783645 -35.2124  0.81052
0.784078 -35.1864 0.810954
0.784512 -35.1606 0.811387
0.784945 -35.1347 0.811821
0.785378 -35.1089 0.812254
0.785812 -35.0831 0.812688
0.786245 -35.0573 0.813121
0.786679 -35.0316 0.813555
0.787112 -35.0058 0.813988
0.787546 -34.9802 0.813988
0.787979 -34.9545 0.814421
0.788413 -34.9289 0.814855
0.788846 -34.9033 0.815288
 0.78928 -34.8777 0.815722
0.789713 -34.8521 0.816155
0.790147 -34.8266 0.816589
 0.79058 -34.8011 0.817022
0.791014 -34.7757 0.817456
0.791447 -34.7502 0.817889
0.791881 -34.7248 0.818323
0.792314 -34.6994 0.818756
0.792748 -34.6741  0.81919
0.793181 -34.6488 0.819623
0.793615 -34.6235 0.820057
0.794048 -34.5982 0.820057
0.794481  -34.573  0.82049
0.794915 -34.5478 0.820924
0.795348 -34.5226 0.821357
0.795782 -34.4974 0.821791
0.796215 -34.4723 0.822224
0.796649 -34.4472 0.822658
0.797082 -34.4221 0.823091
0.797516 -34.3971 0.823525
0.797949 -34.3721 0.823958
0.798383 -34.3471 0.824391
0.798816 -34.3221 0.824825
 0.79925 -34.2972 0.825258
0.799683 -34.2723 0.825692
0.800117 -34.2474 0.826125
 0.80055 -34.2225 0.826125
0.800984 -34.1977 0.826559
0.801417 -34.1729 0.826992
0.801851 -34.1481 0.827426
0.802284 -34.1233 0.827859
0.802718 -34.0986 0.828293
0.803151 -34.0739 0.828726
0.803585 -34.0493  0.82916
0.804018 -34.0246 0.829593
0.804451      -34 0.830027
0.804885 -33.9754  0.83046
0.805318 -33.9509 0.830894
0.805752 -33.9263 0.831327
0.806185 -33.9018 0.831761
0.806619 -33.8773 0.832194
0.807052 -33.8529 0.832194
0.807486 -33.8285 0.832628
0.807919 -33.8041 0.833061
0.808353 -33.7797 0.833494
0.808786 -33.7553 0.833928
 0.80922  -33.731 0.834361
0.809653 -33.7067 0.834795
0.810087 -33.6824 0.835228
 0.81052 -33.6582 0.835662
0.810954  -33.634 0.836095
0.811387 -33.6098 0.836529
0.811821 -33.5856 0.836962
0.812254 -33.5615 0.837396
0.812688 -33.5374 0.837829
0.813121 -33.5133 0.837829
0.813555 -33.4892 0.838263
0.813988 -33.4652 0.838696
0.814421 -33.4412  0.83913
0.814855 -33.4172 0.839563
0.815288 -33.3932 0.839997
0.815722 -33.3693  0.84043
0.816155 -33.3454 0.840864
0.816589 -33.3215 0.841297
0.817022 -33.2976 0.841731
0.817456 -33.2738 0.842164
0.817889   -33.25 0.842598
0.818323 -33.2262 0.843031
0.818756 -33.2025 0.843464
 0.81919 -33.1787 0.843898
0.819623  -33.155 0.843898
0.820057 -33.1313 0.844331
 0.82049 -33.1077 0.844765
0.820924 -33.0841 0.845198
0.821357 -33.0604 0.845632
0.821791 -33.0369 0.846065
0.822224 -33.0133 0.846499
0.822658 -32.9898 0.846932
0.823091 -32.9663 0.847366
0.823525 -32.9428 0.847799
0.823958 -32.9194 0.848233
0.824391 -32.8959 0.848666
0.824825 -32.8725   0.8491
0.825258 -32.8492 0.849533
0.825692 -32.8258 0.849967
0.826125 -32.8025 0.849967
0.826559 -32.7792   0.8504
0.826992 -32.7559 0.850834
0.827426 -32.7326 0.851267
0.827859 -32.7094 0.851701
0.828293 -32.6862 0.852134
0.828726  -32.663 0.852568
 0.82916 -32.6398 0.853001
0.829593 -32.6167 0.853434
0.830027 -32.5936 0.853868
 0.83046 -32.5705 0.854301
0.830894 -32.5475 0.854735
0.831327 -32.5244 0.855168
0.831761 -32.5014 0.855602
0.832194 -32.4785 0.855602
0.832628 -32.4555 0.856035
0.833061 -32.4325 0.856469
0.833494 -32.4096 0.856902
0.833928 -32.3867 0.857336
0.834361 -32.3639 0.857769
0.834795  -32.341 0.858203
0.835228 -32.3182 0.858636
0.835662 -32.2954  0.85907
0.836095 -32.2727 0.859503
0.836529 -32.2499 0.859937
0.836962 -32.2272  0.86037
0.837396 -32.2045 0.860804
0.837829 -32.1818 0.861237
0.838263 -32.1592 0.861671
0.838696 -32.1366 0.861671
 0.83913 -32.1139 0.862104
0.839563 -32.0914 0.862538
0.839997 -32.0688 0.862971
 0.84043 -32.0463 0.863404
0.840864 -32.0238 0.863838
0.841297 -32.0013 0.864271
0.841731 -31.9788 0.864705
0.842164 -31.9564 0.865138
0.842598  -31.934 0.865572
0.843031 -31.9116 0.866005
0.843464 -31.8892 0.866439
0.843898 -31.8669 0.866872
0.844331 -31.8446 0.867306
0.844765 -31.8223 0.867306
0.845198    -31.8 0.867739
0.845632 -31.7777 0.868173
0.846065 -31.7555 0.868606
0.846499 -31.7333  0.86904
0.846932 -31.7111 0.869473
0.847366  -31.689 0.869907
0.847799 -31.6668  0.87034
0.848233 -31.6447 0.870774
0.848666 -31.6226 0.871207
  0.8491 -31.6006 0.871641
0.849533 -31.5785 0.872074
0.849967 -31.5565 0.872508
  0.8504 -31.5345 0.872941
0.850834 -31.5125 0.873374
0.851267 -31.4906 0.873374
0.851701 -31.4687 0.873808
0.852134 -31.4467 0.874241
0.852568 -31.4249 0.874675
0.853001  -31.403 0.875108
0.853434 -31.3812 0.875542
0.853868 -31.3593 0.875975
0.854301 -31.3376 0.876409
0.854735 -31.3158 0.876842
0.855168  -31.294 0.877276
0.855602 -31.2723 0.877709
0.856035 -31.2506 0.878143
0.856469 -31.2289 0.878576
0.856902 -31.2073  0.87901
0.857336 -31.1856  0.87901
0.857769  -31.164 0.879443
0.858203 -31.1424 0.879877
0.858636 -31.1209  0.88031
 0.85907 -31.0993 0.880744
0.859503 -31.0778 0.881177
0.859937 -31.0563 0.881611
 0.86037 -31.0348 0.882044
0.860804 -31.0133 0.882477
0.861237 -30.9919 0.882911
0.861671 -30.9705 0.883344
0.862104 -30.9491 0.883778
0.862538 -30.9277 0.884211
0.862971 -30.9064 0.884645
0.863404 -30.8851 0.884645
0.863838 -30.8637 0.885078
0.864271 -30.8425 0.885512
0.864705 -30.8212 0.885945
0.865138    -30.8 0.886379
0.865572 -30.7787 0.886812
0.866005 -30.7575 0.887246
0.866439 -30.7364 0.887679
0.866872 -30.7152 0.888113
0.867306 -30.6941 0.888546
0.867739  -30.673  0.88898
0.868173 -30.6519 0.889413
0.868606 -30.6308 0.889847
 0.86904 -30.6098  0.89028
0.869473 -30.5888  0.89028
0.869907 -30.5678 0.890714
 0.87034 -30.5468 0.891147
0.870774 -30.5258 0.891581
0.871207 -30.5049 0.892014
0.871641  -30.484 0.892447
0.872074 -30.4631 0.892881
0.872508 -30.4422 0.893314
0.872941 -30.4213 0.893748
0.873374 -30.4005 0.894181
0.873808 -30.3797 0.894615
0.874241 -30.3589 0.895048
0.874675 -30.3381 0.895482
0.875108 -30.3174 0.895915
0.875542 -30.2967 0.896349
0.875975  -30.276 0.896349
0.876409 -30.2553 0.896782
0.876842 -30.2346 0.897216
0.877276  -30.214 0.897649
0.877709 -30.1933 0.898083
0.878143 -30.1727 0.898516
0.878576 -30.1522  0.89895
 0.87901 -30.1316 0.899383
0.879443 -30.1111 0.899817
0.879877 -30.0905  0.90025
 0.88031   -30.07 0.900684
0.880744 -30.0496 0.901117
0.881177 -30.0291 0.901551
0.881611 -30.0087 0.901984
0.882044 -29.9883 0.901984
0.882477 -29.9679 0.902417
0.882911 -29.9475 0.902851
0.883344 -29.9271 0.903284
0.883778 -29.9068 0.903718
0.884211 -29.8865 0.904151
0.884645 -29.8662 0.904585
0.885078 -29.8459 0.905018
0.885512 -29.8257 0.905452
0.885945 -29.8054 0.905885
0.886379 -29.7852 0.906319
0.886812 -29.7651 0.906752
0.887246 -29.7449 0.907186
0.887679 -29.7247 0.907619
0.888113 -29.7046 0.907619
0.888546 -29.6845 0.908053
 0.88898 -29.6644 0.908486
0.889413 -29.6443  0.90892
0.889847 -29.6243 0.909353
 0.89028 -29.6043 0.909787
0.890714 -29.5842  0.91022
0.891147 -29.5643 0.910654
0.891581 -29.5443 0.911087
0.892014 -29.5243 0.911521
0.892447 -29.5044 0.911954
0.892881 -29.4845 0.912387
0.893314 -29.4646 0.912821
0.893748 -29.4448 0.913254
0.894181 -29.4249 0.913254
0.894615 -29.4051 0.913688
0.895048 -29.3853 0.914121
0.895482 -29.3655 0.914555
0.895915 -29.3457 0.914988
0.896349 -29.3259 0.915422
0.896782 -29.3062 0.915855
0.897216 -29.2865 0.916289
0.897649 -29.2668 0.916722
0.898083 -29.2471 0.917156
0.898516 -29.2275 0.917589
 0.89895 -29.2079 0.918023
0.899383 -29.1882 0.918456
0.899817 -29.1687  0.91889
 0.90025 -29.1491  0.91889
0.900684 -29.1295 0.919323
0.901117   -29.11 0.919757
0.901551 -29.0905  0.92019
0.901984  -29.071 0.920624
0.902417 -29.0515 0.921057
0.902851  -29.032  0.92149
0.903284 -29.0126 0.921924
0.903718 -28.9932 0.922357
0.904151 -28.9738 0.922791
0.904585 -28.9544 0.923224
0.905018  -28.935 0.923658
0.905452 -28.9157 0.924091
0.905885 -28.8964 0.924525
0.906319 -28.8771 0.924525
0.906752 -28.8578 0.924958
0.907186 -28.8385 0.925392
0.907619 -28.8193 0.925825
0.908053    -28.8 0.926259
0.908486 -28.7808 0.926692
 0.90892 -28.7616 0.927126
0.909353 -28.7424 0.927559
0.909787 -28.7233 0.927993
 0.91022 -28.7042 0.928426
0.910654  -28.685  0.92886
0.911087 -28.6659 0.929293
0.911521 -28.6469 0.929727
0.911954 -28.6278  0.93016
0.912387 -28.6088  0.93016
0.912821 -28.5898 0.930594
0.913254 -28.5707 0.931027
0.913688 -28.5518  0.93146
0.914121 -28.5328 0.931894
0.914555 -28.5138 0.932327
0.914988 -28.4949 0.932761
0.915422  -28.476 0.933194
0.915855 -28.4571 0.933628
0.916289 -28.4382 0.934061
0.916722 -28.4194 0.934495
0.917156 -28.4005 0.934928
0.917589 -28.3817 0.935362
0.918023 -28.3629 0.935795
0.918456 -28.3441 0.935795
 0.91889 -28.3254 0.936229
0.919323 -28.3066 0.936662
0.919757 -28.2879 0.937096
 0.92019 -28.2692 0.937529
0.920624 -28.2505 0.937963
0.921057 -28.2318 0.938396
 0.92149 -28.2132  0.93883
0.921924 -28.1945 0.939263
0.922357 -28.1759 0.939697
0.922791 -28.1573  0.94013
0.923224 -28.1387 0.940564
0.923658 -28.1202 0.940997
0.924091 -28.1016  0.94143
0.924525 -28.0831  0.94143
0.924958 -28.0646 0.941864
0.925392 -28.0461 0.942297
0.925825 -28.0276 0.942731
0.926259 -28.0092 0.943164
0.926692 -27.9907 0.943598
0.927126 -27.9723 0.944031
0.927559 -27.9539 0.944465
0.927993 -27.9355 0.944898
0.928426 -27.9172 0.945332
 0.92886 -27.8988 0.945765
0.929293 -27.8805 0.946199
0.929727 -27.8622 0.946632
 0.93016 -27.8439 0.947066
0.930594 -27.8256 0.947066
0.931027 -27.8074 0.947499
 0.93146 -27.7891 0.947933
0.931894 -27.7709 0.948366
0.932327 -27.7527   0.9488
0.932761 -27.7345 0.949233
0.933194 -27.7163 0.949667
0.933628 -27.6982   0.9501
0.934061   -27.68 0.950534
0.934495 -27.6619 0.950967
0.934928 -27.6438   0.9514
0.935362 -27.6257 0.951834
0.935795 -27.6077 0.952267
0.936229 -27.5896 0.952701
0.936662 -27.5716 0.952701
0.937096 -27.5536 0.953134
0.937529 -27.5356 0.953568
0.937963 -27.5176 0.954001
0.938396 -27.4996 0.954435
 0.93883 -27.4817 0.954868
0.939263 -27.4637 0.955302
0.939697 -27.4458 0.955735
 0.94013 -27.4279 0.956169
0.940564 -27.4101 0.956602
0.940997 -27.3922 0.957036
 0.94143 -27.3744 0.957469
0.941864 -27.3565 0.957903
0.942297 -27.3387 0.958336
0.942731 -27.3209 0.958336
0.943164 -27.3031  0.95877
0.943598 -27.2854 0.959203
0.944031 -27.2676 0.959637
0.944465 -27.2499  0.96007
0.944898 -27.2322 0.960504
0.945332 -27.2145 0.960937
0.945765 -27.1969  0.96137
0.946199 -27.1792 0.961804
0.946632 -27.1616 0.962237
0.947066 -27.1439 0.962671
0.947499 -27.1263 0.963104
0.947933 -27.1087 0.963538
0.948366 -27.0912 0.963538
  0.9488 -27.0736 0.963971
0.949233 -27.0561 0.964405
0.949667 -27.0386 0.964838
  0.9501 -27.0211 0.965272
0.950534 -27.0036 0.965705
0.950967 -26.9861 0.966139
  0.9514 -26.9686 0.966572
0.951834 -26.9512 0.967006
0.952267 -26.9338 0.967439
0.952701 -26.9164 0.967873
0.953134  -26.899 0.968306
0.953568 -26.8816  0.96874
0.954001 -26.8643 0.969173
0.954435 -26.8469 0.969173
0.954868 -26.8296 0.969607
0.955302 -26.8123  0.97004
0.955735  -26.795 0.970473
0.956169 -26.7777 0.970907
0.956602 -26.7605  0.97134
0.957036 -26.7432 0.971774
0.957469  -26.726 0.972207
0.957903 -26.7088 0.972641
0.958336 -26.6916 0.973074
 0.95877 -26.6744 0.973508
0.959203 -26.6573 0.973941
0.959637 -26.6401 0.974375
 0.96007  -26.623 0.974808
0.960504 -26.6059 0.974808
0.960937 -26.5888 0.975242
 0.96137 -26.5717 0.975675
0.961804 -26.5546 0.976109
0.962237 -26.5376 0.976542
0.962671 -26.5205 0.976976
0.963104 -26.5035 0.977409
0.963538 -26.4865 0.977843
0.963971 -26.4695 0.978276
0.964405 -26.4526  0.97871
0.964838 -26.4356 0.979143
0.965272 -26.4187 0.979577
0.965705 -26.4018  0.98001
0.966139 -26.3849  0.98001
0.966572  -26.368 0.980443
0.967006 -26.3511 0.980877
0.967439 -26.3343  0.98131
0.967873 -26.3174 0.981744
0.968306 -26.3006 0.982177
 0.96874 -26.2838 0.982611
0.969173  -26.267 0.983044
0.969607 -26.2502 0.983478
 0.97004 -26.2335 0.983911
0.970473 -26.2167 0.984345
0.970907    -26.2 0.984778
 0.97134 -26.1833 0.985212
0.971774 -26.1666 0.985645
0.972207 -26.1499 0.985645
0.972641 -26.1332 0.986079
0.973074 -26.1166 0.986512
0.973508 -26.0999 0.986946
0.973941 -26.0833 0.987379
0.974375 -26.0667 0.987813
0.974808 -26.0501 0.988246
0.975242 -26.0335  0.98868
0.975675  -26.017 0.989113
0.976109 -26.0004 0.989547
0.976542 -25.9839  0.98998
0.976976 -25.9674 0.990413
0.977409 -25.9509 0.990847
0.977843 -25.9344 0.990847
0.978276 -25.9179  0.99128
 0.97871 -25.9015 0.991714
0.979143 -25.8851 0.992147
0.979577 -25.8686 0.992581
 0.98001 -25.8522 0.993014
0.980443 -25.8358 0.993448
0.980877 -25.8195 0.993881
 0.98131 -25.8031 0.994315
0.981744 -25.7868 0.994748
0.982177 -25.7704 0.995182
0.982611 -25.7541 0.995615
0.983044 -25.7378 0.996049
0.983478 -25.7215 0.996482
0.983911 -25.7053 0.996482
0.984345  -25.689 0.996916
0.984778 -25.6728 0.997349
0.985212 -25.6565 0.997783
0.985645 -25.6403 0.998216
0.986079 -25.6241  0.99865
0.986512  -25.608 0.999083
0.986946 -25.5918 0.999517
0.987379 -25.5756  0.99995
0.987813 -25.5595  1.00038
0.988246 -25.5434  1.00082
 0.98868 -25.5273  1.00125
0.989113 -25.5112  1.00168
0.989547 -25.4951  1.00168
 0.98998 -25.4791  1.00212
0.990413  -25.463  1.00255
0.990847  -25.447  1.00298
 0.99128  -25.431  1.00342
0.991714  -25.415  1.00385
0.992147  -25.399  1.00428
0.992581  -25.383  1.00472
0.993014  -25.367  1.00515
0.993448 -25.3511  1.00559
0.993881 -25.3352  1.00602
0.994315 -25.3193  1.00645
0.994748 -25.3034  1.00689
0.995182 -25.2875  1.00732
0.995615 -25.2716  1.00732
0.996049 -25.2558  1.00775
0.996482 -25.2399  1.00819
0.996916 -25.2241  1.00862
0.997349 -25.2083  1.00905
0.997783 -25.1925  1.00949
0.998216 -25.1767  1.00992
 0.99865 -25.1609  1.01035
0.999083 -25.1452  1.01079
0.999517 -25.1294  1.01122
 0.99995 -25.1137  1.01165
 1.00038  -25.098  1.01209
 1.00082 -25.0823  1.01252
 1.00125 -25.0666  1.01252
 1.00168  -25.051  1.01295
 1.00212 -25.0353  1.01339
 1.00255 -25.0197  1.01382
 1.00298  -25.004  1.01425
 1.00342 -24.9884  1.01469
 1.00385 -24.9728  1.01512
 1.00428 -24.9573  1.01556
 1.00472 -24.9417  1.01599
 1.00515 -24.9261  1.01642
 1.00559 -24.9106  1.01686
 1.00602 -24.8951  1.01729
 1.00645 -24.8796  1.01772
 1.00689 -24.8641  1.01772
 1.00732 -24.8486  1.01816
 1.00775 -24.8331  1.01859
 1.00819 -24.8177  1.01902
 1.00862 -24.8022  1.01946
 1.00905 -24.7868  1.01989
 1.00949 -24.7714  1.02032
 1.00992  -24.756  1.02076
 1.01035 -24.7406  1.02119
 1.01079 -24.7252  1.02162
 1.01122 -24.7099  1.02206
 1.01165 -24.6945  1.02249
 1.01209 -24.6792  1.02292
 1.01252 -24.6639  1.02336
 1.01295 -24.6486  1.02336
 1.01339 -24.6333  1.02379
 1.01382  -24.618  1.02422
 1.01425 -24.6028  1.02466
 1.01469 -24.5875  1.02509
 1.01512 -24.5723  1.02553
 1.01556 -24.5571  1.02596
 1.01599 -24.5419  1.02639
 1.01642 -24.5267  1.02683
 1.01686 -24.5115  1.02726
 1.01729 -24.4963  1.02769
 1.01772 -24.4812  1.02813
 1.01816  -24.466  1.02856
 1.01859 -24.4509  1.02856
 1.01902 -24.4358  1.02899
 1.01946 -24.4207  1.02943
 1.01989 -24.4056  1.02986
 1.02032 -24.3906  1.03029
 1.02076 -24.3755  1.03073
 1.02119 -24.3605  1.03116
 1.02162 -24.3454  1.03159
 1.02206 -24.3304  1.03203
 1.02249 -24.3154  1.03246
 1.02292 -24.3004  1.03289
 1.02336 -24.2855  1.03333
 1.02379 -24.2705  1.03376
 1.02422 -24.2556  1.03376
 1.02466 -24.2406  1.03419
 1.02509 -24.2257  1.03463
 1.02553 -24.2108  1.03506
 1.02596 -24.1959   1.0355
 1.02639  -24.181  1.03593
 1.02683 -24.1662  1.03636
 1.02726 -24.1513   1.0368
 1.02769 -24.1365  1.03723
 1.02813 -24.1216  1.03766
 1.02856 -24.1068   1.0381
 1.02899  -24.092  1.03853
 1.02943 -24.0772  1.03896
 1.02986 -24.0625   1.0394
 1.03029 -24.0477   1.0394
 1.03073  -24.033  1.03983
 1.03116 -24.0182  1.04026
 1.03159 -24.0035   1.0407
 1.03203 -23.9888  1.04113
 1.03246 -23.9741  1.04156
 1.03289 -23.9594    1.042
 1.03333 -23.9447  1.04243
 1.03376 -23.9301  1.04286
 1.03419 -23.9155   1.0433
 1.03463 -23.9008  1.04373
 1.03506 -23.8862  1.04416
  1.0355 -23.8716   1.0446
 1.03593  -23.857   1.0446
 1.03636 -23.8424  1.04503
  1.0368 -23.8279  1.04547
 1.03723 -23.8133   1.0459
 1.03766 -23.7988  1.04633
  1.0381 -23.7843  1.04677
 1.03853 -23.7697   1.0472
 1.03896 -23.7552  1.04763
  1.0394 -23.7408  1.04807
 1.03983 -23.7263   1.0485
 1.04026 -23.7118  1.04893
  1.0407 -23.6974  1.04937
 1.04113 -23.6829   1.0498
 1.04156 -23.6685   1.0498
   1.042 -23.6541  1.05023
 1.04243 -23.6397  1.05067
 1.04286 -23.6253   1.0511
  1.0433  -23.611  1.05153
 1.04373 -23.5966  1.05197
 1.04416 -23.5822   1.0524
  1.0446 -23.5679  1.05283
 1.04503 -23.5536  1.05327
 1.04547 -23.5393   1.0537
  1.0459  -23.525  1.05413
 1.04633 -23.5107  1.05457
 1.04677 -23.4964    1.055
  1.0472 -23.4822  1.05544
 1.04763 -23.4679  1.05544
 1.04807 -23.4537  1.05587
  1.0485 -23.4395   1.0563
 1.04893 -23.4253  1.05674
 1.04937 -23.4111  1.05717
  1.0498 -23.3969   1.0576
 1.05023 -23.3827  1.05804
 1.05067 -23.3686  1.05847
  1.0511 -23.3544   1.0589
 1.05153 -23.3403  1.05934
 1.05197 -23.3262  1.05977
  1.0524 -23.3121   1.0602
 1.05283  -23.298  1.06064
 1.05327 -23.2839  1.06064
  1.0537 -23.2698  1.06107
 1.05413 -23.2558   1.0615
 1.05457 -23.2417  1.06194
   1.055 -23.2277  1.06237
 1.05544 -23.2136   1.0628
 1.05587 -23.1996  1.06324
  1.0563 -23.1856  1.06367
 1.05674 -23.1717   1.0641
 1.05717 -23.1577  1.06454
  1.0576 -23.1437  1.06497
 1.05804 -23.1298  1.06541
 1.05847 -23.1158  1.06584
  1.0589 -23.1019  1.06584
 1.05934  -23.088  1.06627
 1.05977 -23.0741  1.06671
  1.0602 -23.0602  1.06714
 1.06064 -23.0463  1.06757
 1.06107 -23.0325  1.06801
  1.0615 -23.0186  1.06844
 1.06194 -23.0048  1.06887
 1.06237  -22.991  1.06931
  1.0628 -22.9772  1.06974
 1.06324 -22.9634  1.07017
 1.06367 -22.9496  1.07061
  1.0641 -22.9358  1.07104
 1.06454  -22.922  1.07104
 1.06497 -22.9083  1.07147
 1.06541 -22.8945  1.07191
 1.06584 -22.8808  1.07234
 1.06627 -22.8671  1.07277
 1.06671 -22.8534  1.07321
 1.06714 -22.8397  1.07364
 1.06757  -22.826  1.07407
 1.06801 -22.8123  1.07451
 1.06844 -22.7987  1.07494
 1.06887  -22.785  1.07538
 1.06931 -22.7714  1.07581
 1.06974 -22.7578  1.07624
 1.07017 -22.7441  1.07624
 1.07061 -22.7305  1.07668
 1.07104  -22.717  1.07711
 1.07147 -22.7034  1.07754
 1.07191 -22.6898  1.07798
 1.07234 -22.6763  1.07841
 1.07277 -22.6627  1.07884
 1.07321 -22.6492  1.07928
 1.07364 -22.6357  1.07971
 1.07407 -22.6222  1.08014
 1.07451 -22.6087  1.08058
 1.07494 -22.5952  1.08101
 1.07538 -22.5817  1.08144
 1.07581 -22.5683  1.08144
 1.07624 -22.5548  1.08188
 1.07668 -22.5414  1.08231
 1.07711  -22.528  1.08274
 1.07754 -22.5145  1.08318
 1.07798 -22.5011  1.08361
 1.07841 -22.4878  1.08404
 1.07884 -22.4744  1.08448
 1.07928  -22.461  1.08491
 1.07971 -22.4477  1.08535
 1.08014 -22.4343  1.08578
 1.08058  -22.421  1.08621
 1.08101 -22.4077  1.08665
 1.08144 -22.3944  1.08665
 1.08188 -22.3811  1.08708
 1.08231 -22.3678  1.08751
 1.08274 -22.3545  1.08795
 1.08318 -22.3412  1.08838
 1.08361  -22.328  1.08881
 1.08404 -22.3147  1.08925
 1.08448 -22.3015  1.08968
 1.08491 -22.2883  1.09011
 1.08535 -22.2751  1.09055
 1.08578 -22.2619  1.09098
 1.08621 -22.2487  1.09141
 1.08665 -22.2355  1.09185
 1.08708 -22.2224  1.09185
 1.08751 -22.2092  1.09228
 1.08795 -22.1961  1.09271
 1.08838  -22.183  1.09315
 1.08881 -22.1698  1.09358
 1.08925 -22.1567  1.09401
 1.08968 -22.1436  1.09445
 1.09011 -22.1306  1.09488
 1.09055 -22.1175  1.09532
 1.09098 -22.1044  1.09575
 1.09141 -22.0914  1.09618
 1.09185 -22.0783  1.09662
 1.09228 -22.0653  1.09705
 1.09271 -22.0523  1.09705
 1.09315 -22.0393  1.09748
 1.09358 -22.0263  1.09792
 1.09401 -22.0133  1.09835
 1.09445 -22.0003  1.09878
 1.09488 -21.9874  1.09922
 1.09532 -21.9744  1.09965
 1.09575 -21.9615  1.10008
 1.09618 -21.9486  1.10052
 1.09662 -21.9357  1.10095
 1.09705 -21.9228  1.10138
 1.09748 -21.9099  1.10182
 1.09792  -21.897  1.10225
 1.09835 -21.8841  1.10225
 1.09878 -21.8712  1.10268
 1.09922 -21.8584  1.10312
 1.09965 -21.8456  1.10355
 1.10008 -21.8327  1.10398
 1.10052 -21.8199  1.10442
 1.10095 -21.8071  1.10485
 1.10138 -21.7943  1.10529
 1.10182 -21.7815  1.10572
 1.10225 -21.7687  1.10615
 1.10268  -21.756  1.10659
 1.10312 -21.7432  1.10702
 1.10355 -21.7305  1.10745
 1.10398 -21.7178  1.10745
 1.10442  -21.705  1.10789
 1.10485 -21.6923  1.10832
 1.10529 -21.6796  1.10875
 1.10572 -21.6669  1.10919
 1.10615 -21.6543  1.10962
 1.10659 -21.6416  1.11005
 1.10702 -21.6289  1.11049
 1.10745 -21.6163  1.11092
 1.10789 -21.6037  1.11135
 1.10832  -21.591  1.11179
 1.10875 -21.5784  1.11222
 1.10919 -21.5658  1.11265
 1.10962 -21.5532  1.11265
 1.11005 -21.5407  1.11309
 1.11049 -21.5281  1.11352
 1.11092 -21.5155  1.11395
 1.11135  -21.503  1.11439
 1.11179 -21.4904  1.11482
 1.11222 -21.4779  1.11526
 1.11265 -21.4654  1.11569
 1.11309 -21.4529  1.11612
 1.11352 -21.4404  1.11656
 1.11395 -21.4279  1.11699
 1.11439 -21.4154  1.11742
 1.11482  -21.403  1.11786
 1.11526 -21.3905  1.11786
 1.11569 -21.3781  1.11829
 1.11612 -21.3656  1.11872
 1.11656 -21.3532  1.11916
 1.11699 -21.3408  1.11959
 1.11742 -21.3284  1.12002
 1.11786  -21.316  1.12046
 1.11829 -21.3036  1.12089
 1.11872 -21.2913  1.12132
 1.11916 -21.2789  1.12176
 1.11959 -21.2665  1.12219
 1.12002 -21.2542  1.12262
 1.12046 -21.2419  1.12306
 1.12089 -21.2296  1.12306
 1.12132 -21.2173  1.12349
 1.12176  -21.205  1.12392
 1.12219 -21.1927  1.12436
 1.12262 -21.1804  1.12479
 1.12306 -21.1681  1.12523
 1.12349 -21.1559  1.12566
 1.12392 -21.1436  1.12609
 1.12436 -21.1314  1.12653
 1.12479 -21.1191  1.12696
 1.12523 -21.1069  1.12739
 1.12566 -21.0947  1.12783
 1.12609 -21.0825  1.12826
 1.12653 -21.0703  1.12826
 1.12696 -21.0582  1.12869
 1.12739  -21.046  1.12913
 1.12783 -21.0338  1.12956
 1.12826 -21.0217  1.12999
 1.12869 -21.0096  1.13043
 1.12913 -20.9974  1.13086
 1.12956 -20.9853  1.13129
 1.12999 -20.9732  1.13173
 1.13043 -20.9611  1.13216
 1.13086  -20.949  1.13259
 1.13129  -20.937  1.13303
 1.13173 -20.9249  1.13346
 1.13216 -20.9129  1.13346
 1.13259 -20.9008  1.13389
 1.13303 -20.8888  1.13433
 1.13346 -20.8767  1.13476
 1.13389 -20.8647   1.1352
 1.13433 -20.8527  1.13563
 1.13476 -20.8407  1.13606
  1.1352 -20.8287   1.1365
 1.13563 -20.8168  1.13693
 1.13606 -20.8048  1.13736
  1.1365 -20.7929   1.1378
 1.13693 -20.7809  1.13823
 1.13736  -20.769  1.13823
  1.1378 -20.7571  1.13866
 1.13823 -20.7451   1.1391
 1.13866 -20.7332  1.13953
  1.1391 -20.7213  1.13996
 1.13953 -20.7094   1.1404
 1.13996 -20.6976  1.14083
  1.1404 -20.6857  1.14126
 1.14083 -20.6738   1.1417
 1.14126  -20.662  1.14213
  1.1417 -20.6502  1.14256
 1.14213 -20.6383    1.143
 1.14256 -20.6265  1.14343
   1.143 -20.6147  1.14343
 1.14343 -20.6029  1.14386
 1.14386 -20.5911   1.1443
  1.1443 -20.5793  1.14473
 1.14473 -20.5676  1.14517
 1.14517 -20.5558   1.1456
  1.1456 -20.5441  1.14603
 1.14603 -20.5323  1.14647
 1.14647 -20.5206   1.1469
  1.1469 -20.5089  1.14733
 1.14733 -20.4972  1.14777
 1.14777 -20.4855   1.1482
  1.1482 -20.4738  1.14863
 1.14863 -20.4621  1.14863
 1.14907 -20.4504  1.14907
  1.1495 -20.4388   1.1495
 1.14993 -20.4271  1.14993
 1.15037 -20.4155  1.15037
  1.1508 -20.4038   1.1508
 1.15123 -20.3922  1.15123
 1.15167 -20.3806  1.15167
  1.1521  -20.369   1.1521
 1.15253 -20.3574  1.15253
 1.15297 -20.3458  1.15297
  1.1534 -20.3342   1.1534
 1.15383 -20.3227  1.15383
 1.15427 -20.3111  1.15383
  1.1547 -20.2996  1.15427
 1.15514  -20.288   1.1547
 1.15557 -20.2765  1.15514
   1.156  -20.265  1.15557
 1.15644 -20.2535    1.156
 1.15687  -20.242  1.15644
  1.1573 -20.2305  1.15687
 1.15774  -20.219   1.1573
 1.15817 -20.2075  1.15774
  1.1586  -20.196  1.15817
 1.15904 -20.1846   1.1586
 1.15947 -20.1732   1.1586
  1.1599 -20.1617  1.15904
 1.16034 -20.1503  1.15947
 1.16077 -20.1389   1.1599
  1.1612 -20.1275  1.16034
 1.16164 -20.1161  1.16077
 1.16207 -20.1047   1.1612
  1.1625 -20.0933  1.16164
 1.16294 -20.0819  1.16207
 1.16337 -20.0706   1.1625
  1.1638 -20.0592  1.16294
 1.16424 -20.0479  1.16337
 1.16467 -20.0365   1.1638
 1.16511 -20.0252   1.1638
 1.16554 -20.0139  1.16424
 1.16597 -20.0026  1.16467
 1.16641 -19.9913  1.16511
 1.16684   -19.98  1.16554
 1.16727 -19.9687  1.16597
 1.16771 -19.9575  1.16641
 1.16814 -19.9462  1.16684
 1.16857 -19.9349  1.16727
 1.16901 -19.9237  1.16771
 1.16944 -19.9125  1.16814
 1.16987 -19.9012  1.16857
 1.17031   -19.89  1.16901
 1.17074 -19.8788  1.16901
 1.17117 -19.8676  1.16944
 1.17161 -19.8564  1.16987
 1.17204 -19.8453  1.17031
 1.17247 -19.8341  1.17074
 1.17291 -19.8229  1.17117
 1.17334 -19.8118  1.17161
 1.17377 -19.8006  1.17204
 1.17421 -19.7895  1.17247
 1.17464 -19.7784  1.17291
 1.17508 -19.7673  1.17334
 1.17551 -19.7562  1.17377
 1.17594 -19.7451  1.17377
 1.17638  -19.734  1.17421
 1.17681 -19.7229  1.17464
 1.17724 -19.7118  1.17508
 1.17768 -19.7008  1.17551
 1.17811 -19.6897  1.17594
 1.17854 -19.6787  1.17638
 1.17898 -19.6676  1.17681
 1.17941 -19.6566  1.17724
 1.17984 -19.6456  1.17768
 1.18028 -19.6346  1.17811
 1.18071 -19.6236  1.17854
 1.18114 -19.6126  1.17898
 1.18158 -19.6016  1.17898
 1.18201 -19.5906  1.17941
 1.18244 -19.5797  1.17984
 1.18288 -19.5687  1.18028
 1.18331 -19.5578  1.18071
 1.18374 -19.5468  1.18114
 1.18418 -19.5359  1.18158
 1.18461  -19.525  1.18201
 1.18505 -19.5141  1.18244
 1.18548 -19.5032  1.18288
 1.18591 -19.4923  1.18331
 1.18635 -19.4814  1.18374
 1.18678 -19.4705  1.18418
 1.18721 -19.4597  1.18418
 1.18765 -19.4488  1.18461
 1.18808 -19.4379  1.18505
 1.18851 -19.4271  1.18548
 1.18895 -19.4163  1.18591
 1.18938 -19.4054  1.18635
 1.18981 -19.3946  1.18678
 1.19025 -19.3838  1.18721
 1.19068  -19.373  1.18765
 1.19111 -19.3622  1.18808
 1.19155 -19.3515  1.18851
 1.19198 -19.3407  1.18895
 1.19241 -19.3299  1.18938
 1.19285 -19.3192  1.18938
 1.19328 -19.3084  1.18981
 1.19371 -19.2977  1.19025
 1.19415  -19.287  1.19068
 1.19458 -19.2762  1.19111
 1.19502 -19.2655  1.19155
 1.19545 -19.2548  1.19198
 1.19588 -19.2441  1.19241
 1.19632 -19.2334  1.19285
 1.19675 -19.2228  1.19328
 1.19718 -19.2121  1.19371
 1.19762 -19.2014  1.19415
 1.19805 -19.1908  1.19415
 1.19848 -19.1801  1.19458
 1.19892 -19.1695  1.19502
 1.19935 -19.1589  1.19545
 1.19978 -19.1483  1.19588
 1.20022 -19.1376  1.19632
 1.20065  -19.127  1.19675
 1.20108 -19.1164  1.19718
 1.20152 -19.1059  1.19762
 1.20195 -19.0953  1.19805
 1.20238 -19.0847  1.19848
 1.20282 -19.0742  1.19892
 1.20325 -19.0636  1.19935
 1.20368 -19.0531  1.19935
 1.20412 -19.0425  1.19978
 1.20455  -19.032  1.20022
 1.20498 -19.0215  1.20065
 1.20542  -19.011  1.20108
 1.20585 -19.0005  1.20152
 1.20629   -18.99  1.20195
 1.20672 -18.9795  1.20238
 1.20715  -18.969  1.20282
 1.20759 -18.9586  1.20325
 1.20802 -18.9481  1.20368
 1.20845 -18.9376  1.20412
 1.20889 -18.9272  1.20412
 1.20932 -18.9168  1.20455
 1.20975 -18.9063  1.20498
 1.21019 -18.8959  1.20542
 1.21062 -18.8855  1.20585
 1.21105 -18.8751  1.20629
 1.21149 -18.8647  1.20672
 1.21192 -18.8543  1.20715
 1.21235  -18.844  1.20759
 1.21279 -18.8336  1.20802
 1.21322 -18.8232  1.20845
 1.21365 -18.8129  1.20889
 1.21409 -18.8025  1.20932
 1.21452 -18.7922  1.20932
 1.21495 -18.7819  1.20975
 1.21539 -18.7715  1.21019
 1.21582 -18.7612  1.21062
 1.21626 -18.7509  1.21105
 1.21669 -18.7406  1.21149
 1.21712 -18.7303  1.21192
 1.21756 -18.7201  1.21235
 1.21799 -18.7098  1.21279
 1.21842 -18.6995  1.21322
 1.21886 -18.6893  1.21365
 1.21929  -18.679  1.21409
 1.21972 -18.6688  1.21409
 1.22016 -18.6586  1.21452
 1.22059 -18.6483  1.21495
 1.22102 -18.6381  1.21539
 1.22146 -18.6279  1.21582
 1.22189 -18.6177  1.21626
 1.22232 -18.6075  1.21669
 1.22276 -18.5973  1.21712
 1.22319 -18.5872  1.21756
 1.22362  -18.577  1.21799
 1.22406 -18.5668  1.21842
 1.22449 -18.5567  1.21886
 1.22492 -18.5465  1.21929
 1.22536 -18.5364  1.21929
 1.22579 -18.5263  1.21972
 1.22623 -18.5161  1.22016
 1.22666  -18.506  1.22059
 1.22709 -18.4959  1.22102
 1.22753 -18.4858  1.22146
 1.22796 -18.4757  1.22189
 1.22839 -18.4657  1.22232
 1.22883 -18.4556  1.22276
 1.22926 -18.4455  1.22319
 1.22969 -18.4355  1.22362
 1.23013 -18.4254  1.22406
 1.23056 -18.4154  1.22406
 1.23099 -18.4054  1.22449
 1.23143 -18.3953  1.22492
 1.23186 -18.3853  1.22536
 1.23229 -18.3753  1.22579
 1.23273 -18.3653  1.22623
 1.23316 -18.3553  1.22666
 1.23359 -18.3453  1.22709
 1.23403 -18.3353  1.22753
 1.23446 -18.3254  1.22796
 1.23489 -18.3154  1.22839
 1.23533 -18.3055  1.22883
 1.23576 -18.2955  1.22926
  1.2362 -18.2856  1.22926
 1.23663 -18.2756  1.22969
 1.23706 -18.2657  1.23013
  1.2375 -18.2558  1.23056
 1.23793 -18.2459  1.23099
 1.23836  -18.236  1.23143
  1.2388 -18.2261  1.23186
 1.23923 -18.2162  1.23229
 1.23966 -18.2063  1.23273
  1.2401 -18.1965  1.23316
 1.24053 -18.1866  1.23359
 1.24096 -18.1767  1.23403
  1.2414 -18.1669  1.23403
 1.24183  -18.157  1.23446
 1.24226 -18.1472  1.23489
  1.2427 -18.1374  1.23533
 1.24313 -18.1276  1.23576
 1.24356 -18.1178   1.2362
   1.244  -18.108  1.23663
 1.24443 -18.0982  1.23706
 1.24486 -18.0884   1.2375
  1.2453 -18.0786  1.23793
 1.24573 -18.0688  1.23836
 1.24617 -18.0591   1.2388
  1.2466 -18.0493  1.23923
 1.24703 -18.0396  1.23923
 1.24747 -18.0298  1.23966
  1.2479 -18.0201   1.2401
 1.24833 -18.0104  1.24053
 1.24877 -18.0006  1.24096
  1.2492 -17.9909   1.2414
 1.24963 -17.9812  1.24183
 1.25007 -17.9715  1.24226
  1.2505 -17.9618   1.2427
 1.25093 -17.9522  1.24313
 1.25137 -17.9425  1.24356
  1.2518 -17.9328    1.244
 1.25223 -17.9232    1.244
 1.25267 -17.9135  1.24443
  1.2531 -17.9039  1.24486
 1.25353 -17.8942   1.2453
 1.25397 -17.8846  1.24573
  1.2544  -17.875  1.24617
 1.25483 -17.8653   1.2466
 1.25527 -17.8557  1.24703
  1.2557 -17.8461  1.24747
 1.25614 -17.8365   1.2479
 1.25657  -17.827  1.24833
   1.257 -17.8174  1.24877
 1.25744 -17.8078   1.2492
 1.25787 -17.7983   1.2492
  1.2583 -17.7887  1.24963
 1.25874 -17.7791  1.25007
 1.25917 -17.7696   1.2505
  1.2596 -17.7601  1.25093
 1.26004 -17.7505  1.25137
 1.26047  -17.741   1.2518
  1.2609 -17.7315  1.25223
 1.26134  -17.722  1.25267
 1.26177 -17.7125   1.2531
  1.2622  -17.703  1.25353
 1.26264 -17.6935  1.25397
 1.26307 -17.6841  1.25397
  1.2635 -17.6746   1.2544
 1.26394 -17.6651  1.25483
 1.26437 -17.6557  1.25527
  1.2648 -17.6462   1.2557
 1.26524 -17.6368  1.25614
 1.26567 -17.6274  1.25657
 1.26611 -17.6179    1.257
 1.26654 -17.6085  1.25744
 1.26697 -17.5991  1.25787
 1.26741 -17.5897   1.2583
 1.26784 -17.5803  1.25874
 1.26827 -17.5709  1.25874
 1.26871 -17.5615  1.25917
 1.26914 -17.5522   1.2596
 1.26957 -17.5428  1.26004
 1.27001 -17.5334  1.26047
 1.27044 -17.5241   1.2609
 1.27087 -17.5147  1.26134
 1.27131 -17.5054  1.26177
 1.27174 -17.4961   1.2622
 1.27217 -17.4867  1.26264
 1.27261 -17.4774  1.26307
 1.27304 -17.4681   1.2635
 1.27347 -17.4588  1.26394
 1.27391 -17.4495  1.26394
 1.27434 -17.4402  1.26437
 1.27477 -17.4309   1.2648
 1.27521 -17.4217  1.26524
 1.27564 -17.4124  1.26567
 1.27608 -17.4031  1.26611
 1.27651 -17.3939  1.26654
 1.27694 -17.3846  1.26697
 1.27738 -17.3754  1.26741
 1.27781 -17.3661  1.26784
 1.27824 -17.3569  1.26827
 1.27868 -17.3477  1.26871
 1.27911 -17.3385  1.26871
 1.27954 -17.3293  1.26914
 1.27998 -17.3201  1.26957
 1.28041 -17.3109  1.27001
 1.28084 -17.3017  1.27044
 1.28128 -17.2925  1.27087
 1.28171 -17.2834  1.27131
 1.28214 -17.2742  1.27174
 1.28258  -17.265  1.27217
 1.28301 -17.2559  1.27261
 1.28344 -17.2467  1.27304
 1.28388 -17.2376  1.27347
 1.28431 -17.2285  1.27347
 1.28474 -17.2194  1.27391
 1.28518 -17.2102  1.27434
 1.28561 -17.2011  1.27477
 1.28605  -17.192  1.27521
 1.28648 -17.1829  1.27564
 1.28691 -17.1738  1.27608
 1.28735 -17.1648  1.27651
 1.28778 -17.1557  1.27694
 1.28821 -17.1466  1.27738
 1.28865 -17.1376  1.27781
 1.28908 -17.1285  1.27824
 1.28951 -17.1195  1.27868
 1.28995 -17.1104  1.27868
 1.29038 -17.1014  1.27911
 1.29081 -17.0924  1.27954
 1.29125 -17.0833  1.27998
 1.29168 -17.0743  1.28041
 1.29211 -17.0653  1.28084
 1.29255 -17.0563  1.28128
 1.29298 -17.0473  1.28171
 1.29341 -17.0383  1.28214
 1.29385 -17.0294  1.28258
 1.29428 -17.0204  1.28301
 1.29471 -17.0114  1.28344
 1.29515 -17.0025  1.28344
 1.29558 -16.9935  1.28388
 1.29602 -16.9846  1.28431
 1.29645 -16.9756  1.28474
 1.29688 -16.9667  1.28518
 1.29732 -16.9578  1.28561
 1.29775 -16.9488  1.28605
 1.29818 -16.9399  1.28648
 1.29862  -16.931  1.28691
 1.29905 -16.9221  1.28735
 1.29948 -16.9132  1.28778
 1.29992 -16.9044  1.28821
 1.30035 -16.8955  1.28821
 1.30078 -16.8866  1.28865
 1.30122 -16.8777  1.28908
 1.30165 -16.8689  1.28951
 1.30208   -16.86  1.28995
 1.30252 -16.8512  1.29038
 1.30295 -16.8423  1.29081
 1.30338 -16.8335  1.29125
 1.30382 -16.8247  1.29168
 1.30425 -16.8159  1.29211
 1.30468 -16.8071  1.29255
 1.30512 -16.7982  1.29298
 1.30555 -16.7894  1.29341
 1.30599 -16.7807  1.29341
 1.30642 -16.7719  1.29385
 1.30685 -16.7631  1.29428
 1.30729 -16.7543  1.29471
 1.30772 -16.7455  1.29515
 1.30815 -16.7368  1.29558
 1.30859  -16.728  1.29602
 1.30902 -16.7193  1.29645
 1.30945 -16.7105  1.29688
 1.30989 -16.7018  1.29732
 1.31032 -16.6931  1.29775
 1.31075 -16.6844  1.29818
 1.31119 -16.6756  1.29818
 1.31162 -16.6669  1.29862
 1.31205 -16.6582  1.29905
 1.31249 -16.6495  1.29948
 1.31292 -16.6408  1.29992
 1.31335 -16.6322  1.30035
 1.31379 -16.6235  1.30078
 1.31422 -16.6148  1.30122
 1.31465 -16.6062  1.30165
 1.31509 -16.5975  1.30208
 1.31552 -16.5888  1.30252
 1.31596 -16.5802  1.30295
 1.31639 -16.5716  1.30295
 1.31682 -16.5629  1.30338
 1.31726 -16.5543  1.30382
 1.31769 -16.5457  1.30425
 1.31812 -16.5371  1.30468
 1.31856 -16.5285  1.30512
 1.31899 -16.5199  1.30555
 1.31942 -16.5113  1.30599
 1.31986 -16.5027  1.30642
 1.32029 -16.4941  1.30685
 1.32072 -16.4855  1.30729
 1.32116  -16.477  1.30772
 1.32159 -16.4684  1.30772
 1.32202 -16.4599  1.30815
 1.32246 -16.4513  1.30859
 1.32289 -16.4428  1.30902
 1.32332 -16.4342  1.30945
 1.32376 -16.4257  1.30989
 1.32419 -16.4172  1.31032
 1.32462 -16.4087  1.31075
 1.32506 -16.4001  1.31119
 1.32549 -16.3916  1.31162
 1.32593 -16.3831  1.31205
 1.32636 -16.3747  1.31249
 1.32679 -16.3662  1.31292
 1.32723 -16.3577  1.31292
 1.32766 -16.3492  1.31335
 1.32809 -16.3407  1.31379
 1.32853 -16.3323  1.31422
 1.32896 -16.3238  1.31465
 1.32939 -16.3154  1.31509
 1.32983 -16.3069  1.31552
 1.33026 -16.2985  1.31596
 1.33069 -16.2901  1.31639
 1.33113 -16.2816  1.31682
 1.33156 -16.2732  1.31726
 1.33199 -16.2648  1.31769
 1.33243 -16.2564  1.31769
 1.33286  -16.248  1.31812
 1.33329 -16.2396  1.31856
 1.33373 -16.2312  1.31899
 1.33416 -16.2229  1.31942
 1.33459 -16.2145  1.31986
 1.33503 -16.2061  1.32029
 1.33546 -16.1978  1.32072
  1.3359 -16.1894  1.32116
 1.33633  -16.181  1.32159
 1.33676 -16.1727  1.32202
  1.3372 -16.1644  1.32246
 1.33763  -16.156  1.32246
 1.33806 -16.1477  1.32289
  1.3385 -16.1394  1.32332
 1.33893 -16.1311  1.32376
 1.33936 -16.1228  1.32419
  1.3398 -16.1145  1.32462
 1.34023 -16.1062  1.32506
 1.34066 -16.0979  1.32549
  1.3411 -16.0896  1.32593
 1.34153 -16.0813  1.32636
 1.34196 -16.0731  1.32679
  1.3424 -16.0648  1.32723
 1.34283 -16.0565  1.32723
 1.34326 -16.0483  1.32766
  1.3437   -16.04  1.32809
 1.34413 -16.0318  1.32853
 1.34456 -16.0236  1.32896
   1.345 -16.0153  1.32939
 1.34543 -16.0071  1.32983
 1.34587 -15.9989  1.33026
  1.3463 -15.9907  1.33069
 1.34673 -15.9825  1.33113
 1.34717 -15.9743  1.33156
  1.3476 -15.9661  1.33199
 1.34803 -15.9579  1.33199
 1.34847 -15.9497  1.33243
  1.3489 -15.9415  1.33286
 1.34933 -15.9334  1.33329
 1.34977 -15.9252  1.33373
  1.3502  -15.917  1.33416
 1.35063 -15.9089  1.33459
 1.35107 -15.9008  1.33503
  1.3515 -15.8926  1.33546
 1.35193 -15.8845   1.3359
 1.35237 -15.8764  1.33633
  1.3528 -15.8682  1.33676
 1.35323 -15.8601  1.33676
 1.35367  -15.852   1.3372
  1.3541 -15.8439  1.33763
 1.35453 -15.8358  1.33806
 1.35497 -15.8277   1.3385
  1.3554 -15.8196  1.33893
 1.35584 -15.8115  1.33936
 1.35627 -15.8035   1.3398
  1.3567 -15.7954  1.34023
 1.35714 -15.7873  1.34066
 1.35757 -15.7793   1.3411
   1.358 -15.7712  1.34153
 1.35844 -15.7632  1.34153
 1.35887 -15.7551  1.34196
  1.3593 -15.7471   1.3424
 1.35974 -15.7391  1.34283
 1.36017 -15.7311  1.34326
  1.3606  -15.723   1.3437
 1.36104  -15.715  1.34413
 1.36147  -15.707  1.34456
  1.3619  -15.699    1.345
 1.36234  -15.691  1.34543
 1.36277 -15.6831  1.34587
  1.3632 -15.6751   1.3463
 1.36364 -15.6671   1.3463
 1.36407 -15.6591  1.34673
  1.3645 -15.6512  1.34717
 1.36494 -15.6432   1.3476
 1.36537 -15.6352  1.34803
 1.36581 -15.6273  1.34847
 1.36624 -15.6194   1.3489
 1.36667 -15.6114  1.34933
 1.36711 -15.6035  1.34977
 1.36754 -15.5956   1.3502
 1.36797 -15.5877  1.35063
 1.36841 -15.5797  1.35107
 1.36884 -15.5718   1.3515
 1.36927 -15.5639   1.3515
 1.36971  -15.556  1.35193
 1.37014 -15.5481  1.35237
 1.37057 -15.5403   1.3528
 1.37101 -15.5324  1.35323
 1.37144 -15.5245  1.35367
 1.37187 -15.5166   1.3541
 1.37231 -15.5088  1.35453
 1.37274 -15.5009  1.35497
 1.37317 -15.4931   1.3554
 1.37361 -15.4852  1.35584
 1.37404 -15.4774  1.35627
 1.37447 -15.4696  1.35627
 1.37491 -15.4617   1.3567
 1.37534 -15.4539  1.35714
 1.37578 -15.4461  1.35757
 1.37621 -15.4383    1.358
 1.37664 -15.4305  1.35844
 1.37708 -15.4227  1.35887
 1.37751 -15.4149   1.3593
 1.37794 -15.4071  1.35974
 1.37838 -15.3993  1.36017
 1.37881 -15.3915   1.3606
 1.37924 -15.3838  1.36104
 1.37968  -15.376  1.36104
 1.38011 -15.3682  1.36147
 1.38054 -15.3605   1.3619
 1.38098 -15.3527  1.36234
 1.38141  -15.345  1.36277
 1.38184 -15.3372   1.3632
 1.38228 -15.3295  1.36364
 1.38271 -15.3218  1.36407
 1.38314  -15.314   1.3645
 1.38358 -15.3063  1.36494
 1.38401 -15.2986  1.36537
 1.38444 -15.2909  1.36581
 1.38488 -15.2832  1.36581
 1.38531 -15.2755  1.36624
 1.38575 -15.2678  1.36667
 1.38618 -15.2601  1.36711
 1.38661 -15.2525  1.36754
 1.38705 -15.2448  1.36797
 1.38748 -15.2371  1.36841
 1.38791 -15.2295  1.36884
 1.38835 -15.2218  1.36927
 1.38878 -15.2142  1.36971
 1.38921 -15.2065  1.37014
 1.38965 -15.1989  1.37057
 1.39008 -15.1912  1.37057
 1.39051 -15.1836  1.37101
 1.39095  -15.176  1.37144
 1.39138 -15.1684  1.37187
 1.39181 -15.1608  1.37231
 1.39225 -15.1531  1.37274
 1.39268 -15.1455  1.37317
 1.39311 -15.1379  1.37361
 1.39355 -15.1304  1.37404
 1.39398 -15.1228  1.37447
 1.39441 -15.1152  1.37491
 1.39485 -15.1076  1.37534
 1.39528    -15.1  1.37534
 1.39572 -15.0925  1.37578
 1.39615 -15.0849  1.37621
 1.39658 -15.0774  1.37664
 1.39702 -15.0698  1.37708
 1.39745 -15.0623  1.37751
 1.39788 -15.0547  1.37794
 1.39832 -15.0472  1.37838
 1.39875 -15.0397  1.37881
 1.39918 -15.0322  1.37924
 1.39962 -15.0246  1.37968
 1.40005 -15.0171  1.38011
 1.40048 -15.0096  1.38011
 1.40092 -15.0021  1.38054
 1.40135 -14.9946  1.38098
 1.40178 -14.9871  1.38141
 1.40222 -14.9796  1.38184
 1.40265 -14.9722  1.38228
 1.40308 -14.9647  1.38271
 1.40352 -14.9572  1.38314
 1.40395 -14.9498  1.38358
 1.40438 -14.9423  1.38401
 1.40482 -14.9348  1.38444
 1.40525 -14.9274  1.38488
 1.40569   -14.92  1.38488
 1.40612 -14.9125  1.38531
 1.40655 -14.9051  1.38575
 1.40699 -14.8977  1.38618
 1.40742 -14.8902  1.38661
 1.40785 -14.8828  1.38705
 1.40829 -14.8754  1.38748
 1.40872  -14.868  1.38791
 1.40915 -14.8606  1.38835
 1.40959 -14.8532  1.38878
 1.41002 -14.8458  1.38921
 1.41045 -14.8384  1.38965
 1.41089 -14.8311  1.38965
 1.41132 -14.8237  1.39008
 1.41175 -14.8163  1.39051
 1.41219 -14.8089  1.39095
 1.41262 -14.8016  1.39138
 1.41305 -14.7942  1.39181
 1.41349 -14.7869  1.39225
 1.41392 -14.7795  1.39268
 1.41435 -14.7722  1.39311
 1.41479 -14.7649  1.39355
 1.41522 -14.7575  1.39398
 1.41566 -14.7502  1.39441
 1.41609 -14.7429  1.39441
 1.41652 -14.7356  1.39485
 1.41696 -14.7283  1.39528
 1.41739  -14.721  1.39572
 1.41782 -14.7137  1.39615
 1.41826 -14.7064  1.39658
 1.41869 -14.6991  1.39702
 1.41912 -14.6918  1.39745
 1.41956 -14.6845  1.39788
 1.41999 -14.6773  1.39832
 1.42042   -14.67  1.39875
 1.42086 -14.6627  1.39918
 1.42129 -14.6555  1.39918
 1.42172 -14.6482  1.39962
 1.42216  -14.641  1.40005
 1.42259 -14.6337  1.40048
 1.42302 -14.6265  1.40092
 1.42346 -14.6193  1.40135
 1.42389  -14.612  1.40178
 1.42432 -14.6048  1.40222
 1.42476 -14.5976  1.40265
 1.42519 -14.5904  1.40308
 1.42563 -14.5832  1.40352
 1.42606  -14.576  1.40395
 1.42649 -14.5688  1.40395
 1.42693 -14.5616  1.40438
 1.42736 -14.5544  1.40482
 1.42779 -14.5472  1.40525
 1.42823 -14.5401  1.40569
 1.42866 -14.5329  1.40612
 1.42909 -14.5257  1.40655
 1.42953 -14.5186  1.40699
 1.42996 -14.5114  1.40742
 1.43039 -14.5043  1.40785
 1.43083 -14.4971  1.40829
 1.43126   -14.49  1.40872
 1.43169 -14.4828  1.40872
 1.43213 -14.4757  1.40915
 1.43256 -14.4686  1.40959
 1.43299 -14.4614  1.41002
 1.43343 -14.4543  1.41045
 1.43386 -14.4472  1.41089
 1.43429 -14.4401  1.41132
 1.43473  -14.433  1.41175
 1.43516 -14.4259  1.41219
  1.4356 -14.4188  1.41262
 1.43603 -14.4117  1.41305
 1.43646 -14.4047  1.41349
  1.4369 -14.3976  1.41349
 1.43733 -14.3905  1.41392
 1.43776 -14.3834  1.41435
  1.4382 -14.3764  1.41479
 1.43863 -14.3693  1.41522
 1.43906 -14.3623  1.41566
  1.4395 -14.3552  1.41609
 1.43993 -14.3482  1.41652
 1.44036 -14.3411  1.41696
  1.4408 -14.3341  1.41739
 1.44123 -14.3271  1.41782
 1.44166 -14.3201  1.41826
  1.4421  -14.313  1.41826
 1.44253  -14.306  1.41869
 1.44296  -14.299  1.41912
  1.4434  -14.292  1.41956
 1.44383  -14.285  1.41999
 1.44426  -14.278  1.42042
  1.4447  -14.271  1.42086
 1.44513  -14.264  1.42129
 1.44557 -14.2571  1.42172
   1.446 -14.2501  1.42216
 1.44643 -14.2431  1.42259
 1.44687 -14.2361  1.42302
  1.4473 -14.2292  1.42302
 1.44773 -14.2222  1.42346
 1.44817 -14.2153  1.42389
  1.4486 -14.2083  1.42432
 1.44903 -14.2014  1.42476
 1.44947 -14.1945  1.42519
  1.4499 -14.1875  1.42563
 1.45033 -14.1806  1.42606
 1.45077 -14.1737  1.42649
  1.4512 -14.1668  1.42693
 1.45163 -14.1598  1.42736
 1.45207 -14.1529  1.42779
  1.4525  -14.146  1.42779
 1.45293 -14.1391  1.42823
 1.45337 -14.1322  1.42866
  1.4538 -14.1253  1.42909
 1.45423 -14.1185  1.42953
 1.45467 -14.1116  1.42996
  1.4551 -14.1047  1.43039
 1.45554 -14.0978  1.43083
 1.45597  -14.091  1.43126
  1.4564 -14.0841  1.43169
 1.45684 -14.0773  1.43213
 1.45727 -14.0704  1.43256
  1.4577 -14.0636  1.43256
 1.45814 -14.0567  1.43299
 1.45857 -14.0499  1.43343
   1.459  -14.043  1.43386
 1.45944 -14.0362  1.43429
 1.45987 -14.0294  1.43473
  1.4603 -14.0226  1.43516
 1.46074 -14.0158   1.4356
 1.46117  -14.009  1.43603
  1.4616 -14.0022  1.43646
 1.46204 -13.9954   1.4369
 1.46247 -13.9886  1.43733
  1.4629 -13.9818  1.43733
 1.46334  -13.975  1.43776
 1.46377 -13.9682   1.4382
  1.4642 -13.9614  1.43863
 1.46464 -13.9546  1.43906
 1.46507 -13.9479   1.4395
 1.46551 -13.9411  1.43993
 1.46594 -13.9344  1.44036
 1.46637 -13.9276   1.4408
 1.46681 -13.9209  1.44123
 1.46724 -13.9141  1.44166
 1.46767 -13.9074  1.44166
 1.46811 -13.9006   1.4421
 1.46854 -13.8939  1.44253
 1.46897 -13.8872  1.44296
 1.46941 -13.8805   1.4434
 1.46984 -13.8737  1.44383
 1.47027  -13.867  1.44426
 1.47071 -13.8603   1.4447
 1.47114 -13.8536  1.44513
 1.47157 -13.8469  1.44557
 1.47201 -13.8402    1.446
 1.47244 -13.8335  1.44643
 1.47287 -13.8269  1.44643
 1.47331 -13.8202  1.44687
 1.47374 -13.8135   1.4473
 1.47417 -13.8068  1.44773
 1.47461 -13.8002  1.44817
 1.47504 -13.7935   1.4486
 1.47548 -13.7868  1.44903
 1.47591 -13.7802  1.44947
 1.47634 -13.7735   1.4499
 1.47678 -13.7669  1.45033
 1.47721 -13.7603  1.45077
 1.47764 -13.7536   1.4512
 1.47808  -13.747   1.4512
 1.47851 -13.7404  1.45163
 1.47894 -13.7337  1.45207
 1.47938 -13.7271   1.4525
 1.47981 -13.7205  1.45293
 1.48024 -13.7139  1.45337
 1.48068 -13.7073   1.4538
 1.48111 -13.7007  1.45423
 1.48154 -13.6941  1.45467
 1.48198 -13.6875   1.4551
 1.48241 -13.6809  1.45554
 1.48284 -13.6744  1.45597
 1.48328 -13.6678  1.45597
 1.48371 -13.6612   1.4564
 1.48414 -13.6546  1.45684
 1.48458 -13.6481  1.45727
 1.48501 -13.6415   1.4577
 1.48545  -13.635  1.45814
 1.48588 -13.6284  1.45857
 1.48631 -13.6219    1.459
 1.48675 -13.6153  1.45944
 1.48718 -13.6088  1.45987
 1.48761 -13.6023   1.4603
 1.48805 -13.5957  1.46074
 1.48848 -13.5892  1.46074
 1.48891 -13.5827  1.46117
 1.48935 -13.5762   1.4616
 1.48978 -13.5697  1.46204
 1.49021 -13.5631  1.46247
 1.49065 -13.5566   1.4629
 1.49108 -13.5502  1.46334
 1.49151 -13.5437  1.46377
 1.49195 -13.5372   1.4642
 1.49238 -13.5307  1.46464
 1.49281 -13.5242  1.46507
 1.49325 -13.5177  1.46551
 1.49368 -13.5113  1.46551
 1.49411 -13.5048  1.46594
 1.49455 -13.4983  1.46637
 1.49498 -13.4919  1.46681
 1.49542 -13.4854  1.46724
 1.49585  -13.479  1.46767
 1.49628 -13.4725  1.46811
 1.49672 -13.4661  1.46854
 1.49715 -13.4596  1.46897
 1.49758 -13.4532  1.46941
 1.49802 -13.4468  1.46984
 1.49845 -13.4404  1.46984
 1.49888 -13.4339  1.47027
 1.49932 -13.4275  1.47071
 1.49975 -13.4211  1.47114
 1.50018 -13.4147  1.47157
 1.50062 -13.4083  1.47201
 1.50105 -13.4019  1.47244
 1.50148 -13.3955  1.47287
 1.50192 -13.3891  1.47331
 1.50235 -13.3827  1.47374
 1.50278 -13.3764  1.47417
 1.50322   -13.37  1.47461
 1.50365 -13.3636  1.47461
 1.50408 -13.3573  1.47504
 1.50452 -13.3509  1.47548
 1.50495 -13.3445  1.47591
 1.50539 -13.3382  1.47634
 1.50582 -13.3318  1.47678
 1.50625 -13.3255  1.47721
 1.50669 -13.3191  1.47764
 1.50712 -13.3128  1.47808
 1.50755 -13.3065  1.47851
 1.50799 -13.3001  1.47894
 1.50842 -13.2938  1.47938
 1.50885 -13.2875  1.47938
 1.50929 -13.2812  1.47981
 1.50972 -13.2749  1.48024
 1.51015 -13.2686  1.48068
 1.51059 -13.2622  1.48111
 1.51102 -13.2559  1.48154
 1.51145 -13.2497  1.48198
 1.51189 -13.2434  1.48241
 1.51232 -13.2371  1.48284
 1.51275 -13.2308  1.48328
 1.51319 -13.2245  1.48371
 1.51362 -13.2182  1.48414
 1.51405  -13.212  1.48414
 1.51449 -13.2057  1.48458
 1.51492 -13.1994  1.48501
 1.51536 -13.1932  1.48545
 1.51579 -13.1869  1.48588
 1.51622 -13.1807  1.48631
 1.51666 -13.1744  1.48675
 1.51709 -13.1682  1.48718
 1.51752  -13.162  1.48761
 1.51796 -13.1557  1.48805
 1.51839 -13.1495  1.48848
 1.51882 -13.1433  1.48891
 1.51926 -13.1371  1.48891
 1.51969 -13.1308  1.48935
 1.52012 -13.1246  1.48978
 1.52056 -13.1184  1.49021
 1.52099 -13.1122  1.49065
 1.52142  -13.106  1.49108
 1.52186 -13.0998  1.49151
 1.52229 -13.0936  1.49195
 1.52272 -13.0874  1.49238
 1.52316 -13.0813  1.49281
 1.52359 -13.0751  1.49325
 1.52402 -13.0689  1.49325
 1.52446 -13.0627  1.49368
 1.52489 -13.0566  1.49411
 1.52533 -13.0504  1.49455
 1.52576 -13.0442  1.49498
 1.52619 -13.0381  1.49542
 1.52663 -13.0319  1.49585
 1.52706 -13.0258  1.49628
 1.52749 -13.0196  1.49672
 1.52793 -13.0135  1.49715
 1.52836 -13.0074  1.49758
 1.52879 -13.0012  1.49802
 1.52923 -12.9951  1.49802
 1.52966  -12.989  1.49845
 1.53009 -12.9829  1.49888
 1.53053 -12.9768  1.49932
 1.53096 -12.9706  1.49975
 1.53139 -12.9645  1.50018
 1.53183 -12.9584  1.50062
 1.53226 -12.9523  1.50105
 1.53269 -12.9462  1.50148
 1.53313 -12.9402  1.50192
 1.53356 -12.9341  1.50235
 1.53399  -12.928  1.50278
 1.53443 -12.9219  1.50278
 1.53486 -12.9158  1.50322
  1.5353 -12.9098  1.50365
 1.53573 -12.9037  1.50408
 1.53616 -12.8976  1.50452
  1.5366 -12.8916  1.50495
 1.53703 -12.8855  1.50539
 1.53746 -12.8795  1.50582
  1.5379 -12.8734  1.50625
 1.53833 -12.8674  1.50669
 1.53876 -12.8614  1.50712
  1.5392 -12.8553  1.50755
 1.53963 -12.8493  1.50755
 1.54006 -12.8433  1.50799
  1.5405 -12.8372  1.50842
 1.54093 -12.8312  1.50885
 1.54136 -12.8252  1.50929
  1.5418 -12.8192  1.50972
 1.54223 -12.8132  1.51015
 1.54266 -12.8072  1.51059
  1.5431 -12.8012  1.51102
 1.54353 -12.7952  1.51145
 1.54396 -12.7892  1.51189
  1.5444 -12.7832  1.51189
 1.54483 -12.7772  1.51232
 1.54527 -12.7713  1.51275
  1.5457 -12.7653  1.51319
 1.54613 -12.7593  1.51362
 1.54657 -12.7533  1.51405
   1.547 -12.7474  1.51449
 1.54743 -12.7414  1.51492
 1.54787 -12.7355  1.51536
  1.5483 -12.7295  1.51579
 1.54873 -12.7236  1.51622
 1.54917 -12.7176  1.51666
  1.5496 -12.7117  1.51666
 1.55003 -12.7058  1.51709
 1.55047 -12.6998  1.51752
  1.5509 -12.6939  1.51796
 1.55133  -12.688  1.51839
 1.55177  -12.682  1.51882
  1.5522 -12.6761  1.51926
 1.55263 -12.6702  1.51969
 1.55307 -12.6643  1.52012
  1.5535 -12.6584  1.52056
 1.55393 -12.6525  1.52099
 1.55437 -12.6466  1.52142
  1.5548 -12.6407  1.52142
 1.55524 -12.6348  1.52186
 1.55567 -12.6289  1.52229
  1.5561 -12.6231  1.52272
 1.55654 -12.6172  1.52316
 1.55697 -12.6113  1.52359
  1.5574 -12.6054  1.52402
 1.55784 -12.5996  1.52446
 1.55827 -12.5937  1.52489
  1.5587 -12.5879  1.52533
 1.55914  -12.582  1.52576
 1.55957 -12.5761  1.52619
    1.56 -12.5703  1.52619
 1.56044 -12.5645  1.52663
 1.56087 -12.5586  1.52706
  1.5613 -12.5528  1.52749
 1.56174 -12.5469  1.52793
 1.56217 -12.5411  1.52836
  1.5626 -12.5353  1.52879
 1.56304 -12.5295  1.52923
 1.56347 -12.5237  1.52966
  1.5639 -12.5178  1.53009
 1.56434  -12.512  1.53053
 1.56477 -12.5062  1.53053
 1.56521 -12.5004  1.53096
 1.56564 -12.4946  1.53139
 1.56607 -12.4888  1.53183
 1.56651  -12.483  1.53226
 1.56694 -12.4773  1.53269
 1.56737 -12.4715  1.53313
 1.56781 -12.4657  1.53356
 1.56824 -12.4599  1.53399
 1.56867 -12.4542  1.53443
 1.56911 -12.4484  1.53486
 1.56954 -12.4426   1.5353
 1.56997 -12.4369   1.5353
 1.57041 -12.4311  1.53573
 1.57084 -12.4253  1.53616
 1.57127 -12.4196   1.5366
 1.57171 -12.4139  1.53703
 1.57214 -12.4081  1.53746
 1.57257 -12.4024   1.5379
 1.57301 -12.3966  1.53833
 1.57344 -12.3909  1.53876
 1.57387 -12.3852   1.5392
 1.57431 -12.3795  1.53963
 1.57474 -12.3737  1.54006
 1.57518  -12.368  1.54006
 1.57561 -12.3623   1.5405
 1.57604 -12.3566  1.54093
 1.57648 -12.3509  1.54136
 1.57691 -12.3452   1.5418
 1.57734 -12.3395  1.54223
 1.57778 -12.3338  1.54266
 1.57821 -12.3281   1.5431
 1.57864 -12.3224  1.54353
 1.57908 -12.3167  1.54396
 1.57951 -12.3111   1.5444
 1.57994 -12.3054   1.5444
 1.58038 -12.2997  1.54483
 1.58081 -12.2941  1.54527
 1.58124 -12.2884   1.5457
 1.58168 -12.2827  1.54613
 1.58211 -12.2771  1.54657
 1.58254 -12.2714    1.547
 1.58298 -12.2658  1.54743
 1.58341 -12.2601  1.54787
 1.58384 -12.2545   1.5483
 1.58428 -12.2488  1.54873
 1.58471 -12.2432  1.54917
 1.58515 -12.2376  1.54917
 1.58558 -12.2319   1.5496
 1.58601 -12.2263  1.55003
 1.58645 -12.2207  1.55047
 1.58688 -12.2151   1.5509
 1.58731 -12.2095  1.55133
 1.58775 -12.2039  1.55177
 1.58818 -12.1983   1.5522
 1.58861 -12.1927  1.55263
 1.58905 -12.1871  1.55307
 1.58948 -12.1815   1.5535
 1.58991 -12.1759  1.55393
 1.59035 -12.1703  1.55393
 1.59078 -12.1647  1.55437
 1.59121 -12.1591   1.5548
 1.59165 -12.1535  1.55524
 1.59208  -12.148  1.55567
 1.59251 -12.1424   1.5561
 1.59295 -12.1368  1.55654
 1.59338 -12.1313  1.55697
 1.59381 -12.1257   1.5574
 1.59425 -12.1201  1.55784
 1.59468 -12.1146  1.55827
 1.59512  -12.109  1.55827
 1.59555 -12.1035   1.5587
 1.59598  -12.098  1.55914
 1.59642 -12.0924  1.55957
 1.59685 -12.0869     1.56
 1.59728 -12.0814  1.56044
 1.59772 -12.0758  1.56087
 1.59815 -12.0703   1.5613
 1.59858 -12.0648  1.56174
 1.59902 -12.0593  1.56217
 1.59945 -12.0538   1.5626
 1.59988 -12.0482  1.56304
 1.60032 -12.0427  1.56304
 1.60075 -12.0372  1.56347
 1.60118 -12.0317   1.5639
 1.60162 -12.0262  1.56434
 1.60205 -12.0207  1.56477
 1.60248 -12.0153  1.56521
 1.60292 -12.0098  1.56564
 1.60335 -12.0043  1.56607
 1.60378 -11.9988  1.56651
 1.60422 -11.9933  1.56694
 1.60465 -11.9879  1.56737
 1.60509 -11.9824  1.56737
 1.60552 -11.9769  1.56781
 1.60595 -11.9715  1.56824
 1.60639  -11.966  1.56867
 1.60682 -11.9606  1.56911
 1.60725 -11.9551  1.56954
 1.60769 -11.9497  1.56997
 1.60812 -11.9442  1.57041
 1.60855 -11.9388  1.57084
 1.60899 -11.9333  1.57127
 1.60942 -11.9279  1.57171
 1.60985 -11.9225  1.57214
 1.61029 -11.9171  1.57214
 1.61072 -11.9116  1.57257
 1.61115 -11.9062  1.57301
 1.61159 -11.9008  1.57344
 1.61202 -11.8954  1.57387
 1.61245   -11.89  1.57431
 1.61289 -11.8846  1.57474
 1.61332 -11.8792  1.57518
 1.61375 -11.8738  1.57561
 1.61419 -11.8684  1.57604
 1.61462  -11.863  1.57648
 1.61506 -11.8576  1.57691
 1.61549 -11.8522  1.57691
 1.61592 -11.8468  1.57734
 1.61636 -11.8414  1.57778
 1.61679 -11.8361  1.57821
 1.61722 -11.8307  1.57864
 1.61766 -11.8253  1.57908
 1.61809   -11.82  1.57951
 1.61852 -11.8146  1.57994
 1.61896 -11.8093  1.58038
 1.61939 -11.8039  1.58081
 1.61982 -11.7985  1.58124
 1.62026 -11.7932  1.58124
 1.62069 -11.7879  1.58168
 1.62112 -11.7825  1.58211
 1.62156 -11.7772  1.58254
 1.62199 -11.7718  1.58298
 1.62242 -11.7665  1.58341
 1.62286 -11.7612  1.58384
 1.62329 -11.7559  1.58428
 1.62372 -11.7505  1.58471
 1.62416 -11.7452  1.58515
 1.62459 -11.7399  1.58558
 1.62503 -11.7346  1.58601
 1.62546 -11.7293  1.58601
 1.62589  -11.724  1.58645
 1.62633 -11.7187  1.58688
 1.62676 -11.7134  1.58731
 1.62719 -11.7081  1.58775
 1.62763 -11.7028  1.58818
 1.62806 -11.6975  1.58861
 1.62849 -11.6922  1.58905
 1.62893  -11.687  1.58948
 1.62936 -11.6817  1.58991
 1.62979 -11.6764  1.59035
 1.63023 -11.6711  1.59078
 1.63066 -11.6659  1.59078
 1.63109 -11.6606  1.59121
 1.63153 -11.6553  1.59165
 1.63196 -11.6501  1.59208
 1.63239 -11.6448  1.59251
 1.63283 -11.6396  1.59295
 1.63326 -11.6343  1.59338
 1.63369 -11.6291  1.59381
 1.63413 -11.6239  1.59425
 1.63456 -11.6186  1.59468
 1.63499 -11.6134  1.59512
 1.63543 -11.6081  1.59512
 1.63586 -11.6029  1.59555
  1.6363 -11.5977  1.59598
 1.63673 -11.5925  1.59642
 1.63716 -11.5873  1.59685
  1.6376  -11.582  1.59728
 1.63803 -11.5768  1.59772
 1.63846 -11.5716  1.59815
  1.6389 -11.5664  1.59858
 1.63933 -11.5612  1.59902
 1.63976  -11.556  1.59945
  1.6402 -11.5508  1.59988
 1.64063 -11.5456  1.59988
 1.64106 -11.5404  1.60032
  1.6415 -11.5353  1.60075
 1.64193 -11.5301  1.60118
 1.64236 -11.5249  1.60162
  1.6428 -11.5197  1.60205
 1.64323 -11.5146  1.60248
 1.64366 -11.5094  1.60292
  1.6441 -11.5042  1.60335
 1.64453 -11.4991  1.60378
 1.64496 -11.4939  1.60422
  1.6454 -11.4887  1.60422
 1.64583 -11.4836  1.60465
 1.64627 -11.4784  1.60509
  1.6467 -11.4733  1.60552
 1.64713 -11.4682  1.60595
 1.64757  -11.463  1.60639
   1.648 -11.4579  1.60682
 1.64843 -11.4527  1.60725
 1.64887 -11.4476  1.60769
  1.6493 -11.4425  1.60812
 1.64973 -11.4374  1.60855
 1.65017 -11.4322  1.60899
  1.6506 -11.4271  1.60899
 1.65103  -11.422  1.60942
 1.65147 -11.4169  1.60985
  1.6519 -11.4118  1.61029
 1.65233 -11.4067  1.61072
 1.65277 -11.4016  1.61115
  1.6532 -11.3965  1.61159
 1.65363 -11.3914  1.61202
 1.65407 -11.3863  1.61245
  1.6545 -11.3812  1.61289
 1.65493 -11.3761  1.61332
 1.65537 -11.3711  1.61332
  1.6558  -11.366  1.61375
 1.65624 -11.3609  1.61419
 1.65667 -11.3558  1.61462
  1.6571 -11.3508  1.61506
 1.65754 -11.3457  1.61549
 1.65797 -11.3406  1.61592
  1.6584 -11.3356  1.61636
 1.65884 -11.3305  1.61679
 1.65927 -11.3255  1.61722
  1.6597 -11.3204  1.61766
 1.66014 -11.3154  1.61809
 1.66057 -11.3103  1.61809
   1.661 -11.3053  1.61852
 1.66144 -11.3002  1.61896
 1.66187 -11.2952  1.61939
  1.6623 -11.2902  1.61982
 1.66274 -11.2851  1.62026
 1.66317 -11.2801  1.62069
  1.6636 -11.2751  1.62112
 1.66404 -11.2701  1.62156
 1.66447 -11.2651  1.62199
  1.6649   -11.26  1.62242
 1.66534  -11.255  1.62242
 1.66577   -11.25  1.62286
 1.66621  -11.245  1.62329
 1.66664   -11.24  1.62372
 1.66707  -11.235  1.62416
 1.66751   -11.23  1.62459
 1.66794  -11.225  1.62503
 1.66837   -11.22  1.62546
 1.66881 -11.2151  1.62589
 1.66924 -11.2101  1.62633
 1.66967 -11.2051  1.62676
 1.67011 -11.2001  1.62719
 1.67054 -11.1952  1.62719
 1.67097 -11.1902  1.62763
 1.67141 -11.1852  1.62806
 1.67184 -11.1802  1.62849
 1.67227 -11.1753  1.62893
 1.67271 -11.1703  1.62936
 1.67314 -11.1654  1.62979
 1.67357 -11.1604  1.63023
 1.67401 -11.1555  1.63066
 1.67444 -11.1505  1.63109
 1.67487 -11.1456  1.63153
 1.67531 -11.1407  1.63196
 1.67574 -11.1357  1.63196
 1.67618 -11.1308  1.63239
 1.67661 -11.1259  1.63283
 1.67704 -11.1209  1.63326
 1.67748  -11.116  1.63369
 1.67791 -11.1111  1.63413
 1.67834 -11.1062  1.63456
 1.67878 -11.1012  1.63499
 1.67921 -11.0963  1.63543
 1.67964 -11.0914  1.63586
 1.68008 -11.0865   1.6363
 1.68051 -11.0816   1.6363
 1.68094 -11.0767  1.63673
 1.68138 -11.0718  1.63716
 1.68181 -11.0669   1.6376
 1.68224  -11.062  1.63803
 1.68268 -11.0572  1.63846
 1.68311 -11.0523   1.6389
 1.68354 -11.0474  1.63933
 1.68398 -11.0425  1.63976
 1.68441 -11.0376   1.6402
 1.68484 -11.0328  1.64063
 1.68528 -11.0279  1.64063
 1.68571  -11.023  1.64106
 1.68615 -11.0182   1.6415
 1.68658 -11.0133  1.64193
 1.68701 -11.0084  1.64236
 1.68745 -11.0036   1.6428
 1.68788 -10.9987  1.64323
 1.68831 -10.9939  1.64366
 1.68875  -10.989   1.6441
 1.68918 -10.9842  1.64453
 1.68961 -10.9794  1.64496
 1.69005 -10.9745   1.6454
 1.69048 -10.9697   1.6454
 1.69091 -10.9649  1.64583
 1.69135   -10.96  1.64627
 1.69178 -10.9552   1.6467
 1.69221 -10.9504  1.64713
 1.69265 -10.9456  1.64757
 1.69308 -10.9407    1.648
 1.69351 -10.9359  1.64843
 1.69395 -10.9311  1.64887
 1.69438 -10.9263   1.6493
 1.69481 -10.9215  1.64973
 1.69525 -10.9167  1.64973
 1.69568 -10.9119  1.65017
 1.69612 -10.9071   1.6506
 1.69655 -10.9023  1.65103
 1.69698 -10.8975  1.65147
 1.69742 -10.8927   1.6519
 1.69785  -10.888  1.65233
 1.69828 -10.8832  1.65277
 1.69872 -10.8784   1.6532
 1.69915 -10.8736  1.65363
 1.69958 -10.8689  1.65407
 1.70002 -10.8641   1.6545
 1.70045 -10.8593   1.6545
 1.70088 -10.8546  1.65493
 1.70132 -10.8498  1.65537
 1.70175  -10.845   1.6558
 1.70218 -10.8403  1.65624
 1.70262 -10.8355  1.65667
 1.70305 -10.8308   1.6571
 1.70348  -10.826  1.65754
 1.70392 -10.8213  1.65797
 1.70435 -10.8166   1.6584
 1.70478 -10.8118  1.65884
 1.70522 -10.8071  1.65884
 1.70565 -10.8024  1.65927
 1.70609 -10.7976   1.6597
 1.70652 -10.7929  1.66014
 1.70695 -10.7882  1.66057
 1.70739 -10.7835    1.661
 1.70782 -10.7787  1.66144
 1.70825  -10.774  1.66187
 1.70869 -10.7693   1.6623
 1.70912 -10.7646  1.66274
 1.70955 -10.7599  1.66317
 1.70999 -10.7552   1.6636
 1.71042 -10.7505   1.6636
 1.71085 -10.7458  1.66404
 1.71129 -10.7411  1.66447
 1.71172 -10.7364   1.6649
 1.71215 -10.7317  1.66534
 1.71259  -10.727  1.66577
 1.71302 -10.7224  1.66621
 1.71345 -10.7177  1.66664
 1.71389  -10.713  1.66707
 1.71432 -10.7083  1.66751
 1.71475 -10.7037  1.66794
 1.71519  -10.699  1.66794
 1.71562 -10.6943  1.66837
 1.71606 -10.6897  1.66881
 1.71649  -10.685  1.66924
 1.71692 -10.6803  1.66967
 1.71736 -10.6757  1.67011
 1.71779  -10.671  1.67054
 1.71822 -10.6664  1.67097
 1.71866 -10.6617  1.67141
 1.71909 -10.6571  1.67184
 1.71952 -10.6525  1.67227
 1.71996 -10.6478  1.67271
 1.72039 -10.6432  1.67271
 1.72082 -10.6386  1.67314
 1.72126 -10.6339  1.67357
 1.72169 -10.6293  1.67401
 1.72212 -10.6247  1.67444
 1.72256 -10.6201  1.67487
 1.72299 -10.6154  1.67531
 1.72342 -10.6108  1.67574
 1.72386 -10.6062  1.67618
 1.72429 -10.6016  1.67661
 1.72472  -10.597  1.67704
 1.72516 -10.5924  1.67704
 1.72559 -10.5878  1.67748
 1.72603 -10.5832  1.67791
 1.72646 -10.5786  1.67834
 1.72689  -10.574  1.67878
 1.72733 -10.5694  1.67921
 1.72776 -10.5648  1.67964
 1.72819 -10.5602  1.68008
 1.72863 -10.5557  1.68051
 1.72906 -10.5511  1.68094
 1.72949 -10.5465  1.68138
 1.72993 -10.5419  1.68181
 1.73036 -10.5374  1.68181
 1.73079 -10.5328  1.68224
 1.73123 -10.5282  1.68268
 1.73166 -10.5237  1.68311
 1.73209 -10.5191  1.68354
 1.73253 -10.5145  1.68398
 1.73296   -10.51  1.68441
 1.73339 -10.5054  1.68484
 1.73383 -10.5009  1.68528
 1.73426 -10.4963  1.68571
 1.73469 -10.4918  1.68615
 1.73513 -10.4873  1.68615
 1.73556 -10.4827  1.68658
   1.736 -10.4782  1.68701
 1.73643 -10.4737  1.68745
 1.73686 -10.4691  1.68788
  1.7373 -10.4646  1.68831
 1.73773 -10.4601  1.68875
 1.73816 -10.4555  1.68918
  1.7386  -10.451  1.68961
 1.73903 -10.4465  1.69005
 1.73946  -10.442  1.69048
  1.7399 -10.4375  1.69048
 1.74033  -10.433  1.69091
 1.74076 -10.4285  1.69135
  1.7412  -10.424  1.69178
 1.74163 -10.4195  1.69221
 1.74206  -10.415  1.69265
  1.7425 -10.4105  1.69308
 1.74293  -10.406  1.69351
 1.74336 -10.4015  1.69395
  1.7438  -10.397  1.69438
 1.74423 -10.3925  1.69481
 1.74466 -10.3881  1.69525
  1.7451 -10.3836  1.69525
 1.74553 -10.3791  1.69568
 1.74597 -10.3746  1.69612
  1.7464 -10.3702  1.69655
 1.74683 -10.3657  1.69698
 1.74727 -10.3612  1.69742
  1.7477 -10.3568  1.69785
 1.74813 -10.3523  1.69828
 1.74857 -10.3478  1.69872
   1.749 -10.3434  1.69915
 1.74943 -10.3389  1.69958
 1.74987 -10.3345  1.69958
  1.7503   -10.33  1.70002
 1.75073 -10.3256  1.70045
 1.75117 -10.3212  1.70088
  1.7516 -10.3167  1.70132
 1.75203 -10.3123  1.70175
 1.75247 -10.3078  1.70218
  1.7529 -10.3034  1.70262
 1.75333  -10.299  1.70305
 1.75377 -10.2946  1.70348
  1.7542 -10.2901  1.70392
 1.75463 -10.2857  1.70392
 1.75507 -10.2813  1.70435
  1.7555 -10.2769  1.70478
 1.75594 -10.2725  1.70522
 1.75637 -10.2681  1.70565
  1.7568 -10.2637  1.70609
 1.75724 -10.2593  1.70652
 1.75767 -10.2549  1.70695
  1.7581 -10.2505  1.70739
 1.75854 -10.2461  1.70782
 1.75897 -10.2417  1.70825
  1.7594 -10.2373  1.70869
 1.75984 -10.2329  1.70869
 1.76027 -10.2285  1.70912
  1.7607 -10.2241  1.70955
 1.76114 -10.2197  1.70999
 1.76157 -10.2154  1.71042
   1.762  -10.211  1.71085
 1.76244 -10.2066  1.71129
 1.76287 -10.2022  1.71172
  1.7633 -10.1979  1.71215
 1.76374 -10.1935  1.71259
 1.76417 -10.1892  1.71302
  1.7646 -10.1848  1.71302
 1.76504 -10.1804  1.71345
 1.76547 -10.1761  1.71389
 1.76591 -10.1717  1.71432
 1.76634 -10.1674  1.71475
 1.76677  -10.163  1.71519
 1.76721 -10.1587  1.71562
 1.76764 -10.1543  1.71606
 1.76807   -10.15  1.71649
 1.76851 -10.1457  1.71692
 1.76894 -10.1413  1.71736
 1.76937  -10.137  1.71779
 1.76981 -10.1327  1.71779
 1.77024 -10.1284  1.71822
 1.77067  -10.124  1.71866
 1.77111 -10.1197  1.71909
 1.77154 -10.1154  1.71952
 1.77197 -10.1111  1.71996
 1.77241 -10.1068  1.72039
 1.77284 -10.1024  1.72082
 1.77327 -10.0981  1.72126
 1.77371 -10.0938  1.72169
 1.77414 -10.0895  1.72212
 1.77457 -10.0852  1.72212
 1.77501 -10.0809  1.72256
 1.77544 -10.0766  1.72299
 1.77588 -10.0723  1.72342
 1.77631 -10.0681  1.72386
 1.77674 -10.0638  1.72429
 1.77718 -10.0595  1.72472
 1.77761 -10.0552  1.72516
 1.77804 -10.0509  1.72559
 1.77848 -10.0466  1.72603
 1.77891 -10.0424  1.72646
 1.77934 -10.0381  1.72646
 1.77978 -10.0338  1.72689
 1.78021 -10.0296  1.72733
 1.78064 -10.0253  1.72776
 1.78108  -10.021  1.72819
 1.78151 -10.0168  1.72863
 1.78194 -10.0125  1.72906
 1.78238 -10.0083  1.72949
 1.78281  -10.004  1.72993
 1.78324 -9.99975  1.73036
 1.78368  -9.9955  1.73079
 1.78411 -9.99126  1.73123
 1.78454 -9.98701  1.73123
 1.78498 -9.98277  1.73166
 1.78541 -9.97854  1.73209
 1.78585  -9.9743  1.73253
 1.78628 -9.97007  1.73296
 1.78671 -9.96584  1.73339
 1.78715 -9.96161  1.73383
 1.78758 -9.95738  1.73426
 1.78801 -9.95316  1.73469
 1.78845 -9.94894  1.73513
 1.78888 -9.94472  1.73556
 1.78931 -9.94051  1.73556
 1.78975  -9.9363    1.736
 1.79018 -9.93208  1.73643
 1.79061 -9.92788  1.73686
 1.79105 -9.92367   1.7373
 1.79148 -9.91947  1.73773
 1.79191 -9.91527  1.73816
 1.79235 -9.91107   1.7386
 1.79278 -9.90688  1.73903
 1.79321 -9.90268  1.73946
 1.79365 -9.89849   1.7399
 1.79408  -9.8943  1.74033
 1.79451 -9.89012  1.74033
 1.79495 -9.88593  1.74076
 1.79538 -9.88175   1.7412
 1.79582 -9.87757  1.74163
 1.79625  -9.8734  1.74206
 1.79668 -9.86923   1.7425
 1.79712 -9.86506  1.74293
 1.79755 -9.86089  1.74336
 1.79798 -9.85672   1.7438
 1.79842 -9.85256  1.74423
 1.79885  -9.8484  1.74466
 1.79928 -9.84424  1.74466
 1.79972 -9.84008   1.7451
 1.80015 -9.83593  1.74553
 1.80058 -9.83177  1.74597
 1.80102 -9.82763   1.7464
 1.80145 -9.82348  1.74683
 1.80188 -9.81934  1.74727
 1.80232 -9.81519   1.7477
 1.80275 -9.81105  1.74813
 1.80318 -9.80692  1.74857
 1.80362 -9.80278    1.749
 1.80405 -9.79865    1.749
 1.80448 -9.79452  1.74943
 1.80492 -9.79039  1.74987
 1.80535 -9.78627   1.7503
 1.80579 -9.78215  1.75073
 1.80622 -9.77803  1.75117
 1.80665 -9.77391   1.7516
 1.80709 -9.76979  1.75203
 1.80752 -9.76568  1.75247
 1.80795 -9.76157   1.7529
 1.80839 -9.75746  1.75333
 1.80882 -9.75336  1.75333
 1.80925 -9.74925  1.75377
 1.80969 -9.74515   1.7542
 1.81012 -9.74105  1.75463
 1.81055 -9.73696  1.75507
 1.81099 -9.73286   1.7555
 1.81142 -9.72877  1.75594
 1.81185 -9.72468  1.75637
 1.81229  -9.7206   1.7568
 1.81272 -9.71651  1.75724
 1.81315 -9.71243  1.75767
 1.81359 -9.70835   1.7581
 1.81402 -9.70427   1.7581
 1.81445  -9.7002  1.75854
 1.81489 -9.69613  1.75897
 1.81532 -9.69206   1.7594
 1.81576 -9.68799  1.75984
 1.81619 -9.68392  1.76027
 1.81662 -9.67986   1.7607
 1.81706  -9.6758  1.76114
 1.81749 -9.67174  1.76157
 1.81792 -9.66769    1.762
 1.81836 -9.66363  1.76244
 1.81879 -9.65958  1.76244
 1.81922 -9.65553  1.76287
 1.81966 -9.65149   1.7633
 1.82009 -9.64744  1.76374
 1.82052  -9.6434  1.76417
 1.82096 -9.63936   1.7646
 1.82139 -9.63532  1.76504
 1.82182 -9.63129  1.76547
 1.82226 -9.62726  1.76591
 1.82269 -9.62323  1.76634
 1.82312  -9.6192  1.76677
 1.82356 -9.61518  1.76721
 1.82399 -9.61115  1.76721
 1.82442 -9.60713  1.76764
 1.82486 -9.60311  1.76807
 1.82529  -9.5991  1.76851
 1.82573 -9.59508  1.76894
 1.82616 -9.59107  1.76937
 1.82659 -9.58706  1.76981
 1.82703 -9.58306  1.77024
 1.82746 -9.57905  1.77067
 1.82789 -9.57505  1.77111
 1.82833 -9.57105  1.77154
 1.82876 -9.56705  1.77154
 1.82919 -9.56306  1.77197
 1.82963 -9.55907  1.77241
 1.83006 -9.55507  1.77284
 1.83049 -9.55109  1.77327
 1.83093  -9.5471  1.77371
 1.83136 -9.54312  1.77414
 1.83179 -9.53914  1.77457
 1.83223 -9.53516  1.77501
 1.83266 -9.53118  1.77544
 1.83309 -9.52721  1.77588
 1.83353 -9.52323  1.77588
 1.83396 -9.51926  1.77631
 1.83439  -9.5153  1.77674
 1.83483 -9.51133  1.77718
 1.83526 -9.50737  1.77761
  1.8357 -9.50341  1.77804
 1.83613 -9.49945  1.77848
 1.83656 -9.49549  1.77891
   1.837 -9.49154  1.77934
 1.83743 -9.48759  1.77978
 1.83786 -9.48364  1.78021
  1.8383 -9.47969  1.78021
 1.83873 -9.47575  1.78064
 1.83916  -9.4718  1.78108
  1.8396 -9.46786  1.78151
 1.84003 -9.46393  1.78194
 1.84046 -9.45999  1.78238
  1.8409 -9.45606  1.78281
 1.84133 -9.45213  1.78324
 1.84176  -9.4482  1.78368
  1.8422 -9.44427  1.78411
 1.84263 -9.44035  1.78454
 1.84306 -9.43643  1.78454
  1.8435 -9.43251  1.78498
 1.84393 -9.42859  1.78541
 1.84436 -9.42467  1.78585
  1.8448 -9.42076  1.78628
 1.84523 -9.41685  1.78671
 1.84567 -9.41294  1.78715
  1.8461 -9.40903  1.78758
 1.84653 -9.40513  1.78801
 1.84697 -9.40123  1.78845
  1.8474 -9.39733  1.78888
 1.84783 -9.39343  1.78931
 1.84827 -9.38954  1.78931
  1.8487 -9.38564  1.78975
 1.84913 -9.38175  1.79018
 1.84957 -9.37786  1.79061
    1.85 -9.37398  1.79105