 kgrid  ValNew  Policy 
     0.55  -16.5711  0.562571
 0.550433  -16.5257  0.563004
 0.550867  -16.4804  0.563004
   0.5513  -16.4354  0.563438
 0.551734  -16.3905  0.563438
 0.552167  -16.3457  0.563871
 0.552601  -16.3011  0.563871
 0.553034  -16.2566  0.564305
 0.553468  -16.2124  0.564738
 0.553901  -16.1682  0.564738
 0.554335  -16.1243  0.565172
 0.554768  -16.0804  0.565172
 0.555202  -16.0368  0.565605
 0.555635  -15.9933  0.565605
 0.556069  -15.9499  0.566039
 0.556502  -15.9067  0.566039
 0.556936  -15.8637  0.566472
 0.557369  -15.8208  0.566472
 0.557803   -15.778  0.566906
 0.558236  -15.7354  0.566906
  0.55867   -15.693  0.567339
 0.559103  -15.6507  0.567773
 0.559537  -15.6085  0.567773
  0.55997  -15.5665  0.568206
 0.560403  -15.5246  0.568206
 0.560837  -15.4829   0.56864
  0.56127  -15.4413   0.56864
 0.561704  -15.3999  0.569073
 0.562137  -15.3586  0.569073
 0.562571  -15.3175  0.569507
 0.563004  -15.2765  0.569507
 0.563438  -15.2356   0.56994
 0.563871  -15.1949   0.56994
 0.564305  -15.1543  0.570373
 0.564738   -15.114  0.570807
 0.565172  -15.0736  0.570807
 0.565605  -15.0335   0.57124
 0.566039  -14.9934   0.57124
 0.566472  -14.9536  0.571674
 0.566906  -14.9138  0.571674
 0.567339  -14.8742  0.572107
 0.567773  -14.8348  0.572107
 0.568206  -14.7954  0.572541
  0.56864  -14.7562  0.572541
 0.569073  -14.7172  0.572974
 0.569507  -14.6783  0.572974
  0.56994  -14.6394  0.573408
 0.570373  -14.6008  0.573408
 0.570807  -14.5622  0.573841
  0.57124  -14.5239  0.574275
 0.571674  -14.4856  0.574275
 0.572107  -14.4475  0.574708
 0.572541  -14.4094  0.574708
 0.572974  -14.3716  0.575142
 0.573408  -14.3338  0.575142
 0.573841  -14.2962  0.575575
 0.574275  -14.2587  0.575575
 0.574708  -14.2213  0.576009
 0.575142  -14.1841  0.576009
 0.575575   -14.147  0.576442
 0.576009    -14.11  0.576442
 0.576442  -14.0731  0.576876
 0.576876  -14.0364  0.577309
 0.577309  -13.9998  0.577309
 0.577743  -13.9633  0.577743
 0.578176  -13.9269  0.577743
  0.57861  -13.8907  0.578176
 0.579043  -13.8545  0.578176
 0.579476  -13.8185   0.57861
  0.57991  -13.7827   0.57861
 0.580343  -13.7469  0.579043
 0.580777  -13.7113  0.579043
  0.58121  -13.6757  0.579476
 0.581644  -13.6404  0.579476
 0.582077  -13.6051   0.57991
 0.582511  -13.5699  0.580343
 0.582944  -13.5348  0.580343
 0.583378  -13.4999  0.580777
 0.583811  -13.4651  0.580777
 0.584245  -13.4304   0.58121
 0.584678  -13.3958   0.58121
 0.585112  -13.3614  0.581644
 0.585545   -13.327  0.581644
 0.585979  -13.2928  0.582077
 0.586412  -13.2587  0.582077
 0.586846  -13.2246  0.582511
 0.587279  -13.1908  0.582511
 0.587713   -13.157  0.582944
 0.588146  -13.1233  0.583378
  0.58858  -13.0897  0.583378
 0.589013  -13.0563  0.583811
 0.589446  -13.0229  0.583811
  0.58988  -12.9897  0.584245
 0.590313  -12.9566  0.584245
 0.590747  -12.9236  0.584678
  0.59118  -12.8907  0.584678
 0.591614  -12.8579  0.585112
 0.592047  -12.8252  0.585112
 0.592481  -12.7926  0.585545
 0.592914  -12.7602  0.585545
 0.593348  -12.7278  0.585979
 0.593781  -12.6956  0.585979
 0.594215  -12.6634  0.586412
 0.594648  -12.6314  0.586846
 0.595082  -12.5994  0.586846
 0.595515  -12.5676  0.587279
 0.595949  -12.5358  0.587279
 0.596382  -12.5042  0.587713
 0.596816  -12.4727  0.587713
 0.597249  -12.4413  0.588146
 0.597683  -12.4099  0.588146
 0.598116  -12.3787   0.58858
  0.59855  -12.3476   0.58858
 0.598983  -12.3166  0.589013
 0.599416  -12.2857  0.589013
  0.59985  -12.2548  0.589446
 0.600283  -12.2242   0.58988
 0.600717  -12.1935   0.58988
  0.60115   -12.163  0.590313
 0.601584  -12.1326  0.590313
 0.602017  -12.1023  0.590747
 0.602451   -12.072  0.590747
 0.602884  -12.0419   0.59118
 0.603318  -12.0119   0.59118
 0.603751   -11.982  0.591614
 0.604185  -11.9521  0.591614
 0.604618  -11.9224  0.592047
 0.605052  -11.8928  0.592047
 0.605485  -11.8632  0.592481
 0.605919  -11.8338  0.592481
 0.606352  -11.8044  0.592914
 0.606786  -11.7751  0.593348
 0.607219   -11.746  0.593348
 0.607653  -11.7169  0.593781
 0.608086  -11.6879  0.593781
  0.60852   -11.659  0.594215
 0.608953  -11.6302  0.594215
 0.609386  -11.6015  0.594648
  0.60982  -11.5729  0.594648
 0.610253  -11.5444  0.595082
 0.610687  -11.5159  0.595082
  0.61112  -11.4876  0.595515
 0.611554  -11.4594  0.595515
 0.611987  -11.4312  0.595949
 0.612421  -11.4031  0.595949
 0.612854  -11.3751  0.596382
 0.613288  -11.3473  0.596816
 0.613721  -11.3194  0.596816
 0.614155  -11.2917  0.597249
 0.614588  -11.2641  0.597249
 0.615022  -11.2365  0.597683
 0.615455  -11.2091  0.597683
 0.615889  -11.1817  0.598116
 0.616322  -11.1544  0.598116
 0.616756  -11.1272   0.59855
 0.617189  -11.1001   0.59855
 0.617623  -11.0731  0.598983
 0.618056  -11.0462  0.598983
 0.618489  -11.0193  0.599416
 0.618923  -10.9926   0.59985
 0.619356  -10.9658   0.59985
  0.61979  -10.9393  0.600283
 0.620223  -10.9127  0.600283
 0.620657  -10.8863  0.600717
  0.62109  -10.8599  0.600717
 0.621524  -10.8337   0.60115
 0.621957  -10.8075   0.60115
 0.622391  -10.7814  0.601584
 0.622824  -10.7553  0.601584
 0.623258  -10.7294  0.602017
 0.623691  -10.7035  0.602017
 0.624125  -10.6777  0.602451
 0.624558  -10.6521  0.602451
 0.624992  -10.6264  0.602884
 0.625425  -10.6009  0.603318
 0.625859  -10.5754  0.603318
 0.626292    -10.55  0.603751
 0.626726  -10.5247  0.603751
 0.627159  -10.4995  0.604185
 0.627593  -10.4743  0.604185
 0.628026  -10.4493  0.604618
 0.628459  -10.4243  0.604618
 0.628893  -10.3994  0.605052
 0.629326  -10.3745  0.605052
  0.62976  -10.3497  0.605485
 0.630193  -10.3251  0.605485
 0.630627  -10.3004  0.605919
  0.63106  -10.2759  0.605919
 0.631494  -10.2515  0.606352
 0.631927  -10.2271  0.606786
 0.632361  -10.2028  0.606786
 0.632794  -10.1785  0.607219
 0.633228  -10.1544  0.607219
 0.633661  -10.1303  0.607653
 0.634095  -10.1063  0.607653
 0.634528  -10.0823  0.608086
 0.634962  -10.0585  0.608086
 0.635395  -10.0347   0.60852
 0.635829   -10.011   0.60852
 0.636262   -9.9873  0.608953
 0.636696  -9.96374  0.608953
 0.637129  -9.94022  0.609386
 0.637563  -9.91681  0.609386
 0.637996  -9.89343   0.60982
 0.638429  -9.87016  0.610253
 0.638863  -9.84692  0.610253
 0.639296  -9.82379  0.610687
  0.63973  -9.80069  0.610687
 0.640163   -9.7777   0.61112
 0.640597  -9.75475   0.61112
  0.64103  -9.73188  0.611554
 0.641464  -9.70908  0.611554
 0.641897  -9.68635  0.611987
 0.642331   -9.6637  0.611987
 0.642764  -9.64109  0.612421
 0.643198  -9.61858  0.612421
 0.643631  -9.59611  0.612854
 0.644065  -9.57374  0.612854
 0.644498   -9.5514  0.613288
 0.644932  -9.52917  0.613721
 0.645365  -9.50696  0.613721
 0.645799  -9.48485  0.614155
 0.646232  -9.46278  0.614155
 0.646666   -9.4408  0.614588
 0.647099  -9.41887  0.614588
 0.647533  -9.39702  0.615022
 0.647966  -9.37523  0.615022
 0.648399   -9.3535  0.615455
 0.648833  -9.33185  0.615455
 0.649266  -9.31024  0.615889
   0.6497  -9.28872  0.615889
 0.650133  -9.26724  0.616322
 0.650567  -9.24586  0.616322
    0.651   -9.2245  0.616756
 0.651434  -9.20325  0.617189
 0.651867  -9.18201  0.617189
 0.652301  -9.16088  0.617623
 0.652734  -9.13978  0.617623
 0.653168  -9.11877  0.618056
 0.653601   -9.0978  0.618056
 0.654035   -9.0769  0.618489
 0.654468  -9.05606  0.618489
 0.654902  -9.03529  0.618923
 0.655335  -9.01458  0.618923
 0.655769  -8.99392  0.619356
 0.656202  -8.97334  0.619356
 0.656636   -8.9528   0.61979
 0.657069  -8.93234   0.61979
 0.657503  -8.91192  0.620223
 0.657936  -8.89159  0.620223
 0.658369  -8.87128  0.620657
 0.658803  -8.85106   0.62109
 0.659236  -8.83088   0.62109
  0.65967  -8.81078  0.621524
 0.660103  -8.79072  0.621524
 0.660537  -8.77073  0.621957
  0.66097   -8.7508  0.621957
 0.661404  -8.73092  0.622391
 0.661837  -8.71111  0.622391
 0.662271  -8.69134  0.622824
 0.662704  -8.67165  0.622824
 0.663138    -8.652  0.623258
 0.663571  -8.63242  0.623258
 0.664005  -8.61288  0.623691
 0.664438  -8.59343  0.623691
 0.664872    -8.574  0.624125
 0.665305  -8.55465  0.624558
 0.665739  -8.53534  0.624558
 0.666172   -8.5161  0.624992
 0.666606   -8.4969  0.624992
 0.667039  -8.47778  0.625425
 0.667472  -8.45869  0.625425
 0.667906  -8.43967  0.625859
 0.668339   -8.4207  0.625859
 0.668773  -8.40179  0.626292
 0.669206  -8.38294  0.626292
  0.66964  -8.36413  0.626726
 0.670073  -8.34539  0.626726
 0.670507  -8.32668  0.627159
  0.67094  -8.30806  0.627159
 0.671374  -8.28946  0.627593
 0.671807  -8.27094  0.628026
 0.672241  -8.25245  0.628026
 0.672674  -8.23403  0.628459
 0.673108  -8.21565  0.628459
 0.673541  -8.19734  0.628893
 0.673975  -8.17906  0.628893
 0.674408  -8.16085  0.629326
 0.674842  -8.14269  0.629326
 0.675275  -8.12458   0.62976
 0.675709  -8.10652   0.62976
 0.676142  -8.08851  0.630193
 0.676576  -8.07056  0.630193
 0.677009  -8.05265  0.630627
 0.677442  -8.03481  0.630627
 0.677876    -8.017   0.63106
 0.678309  -7.99926   0.63106
 0.678743  -7.98155  0.631494
 0.679176  -7.96391  0.631927
  0.67961   -7.9463  0.631927
 0.680043  -7.92876  0.632361
 0.680477  -7.91125  0.632361
  0.68091  -7.89381  0.632794
 0.681344  -7.87641  0.632794
 0.681777  -7.85906  0.633228
 0.682211  -7.84176  0.633228
 0.682644  -7.82451  0.633661
 0.683078  -7.80731  0.633661
 0.683511  -7.79015  0.634095
 0.683945  -7.77306  0.634095
 0.684378  -7.75599  0.634528
 0.684812    -7.739  0.634528
 0.685245  -7.72202  0.634962
 0.685679  -7.70513  0.635395
 0.686112  -7.68825  0.635395
 0.686546  -7.67144  0.635829
 0.686979  -7.65466  0.635829
 0.687412  -7.63795  0.636262
 0.687846  -7.62127  0.636262
 0.688279  -7.60465  0.636696
 0.688713  -7.58806  0.636696
 0.689146  -7.57153  0.637129
  0.68958  -7.55504  0.637129
 0.690013   -7.5386  0.637563
 0.690447  -7.52221  0.637563
  0.69088  -7.50585  0.637996
 0.691314  -7.48956  0.637996
 0.691747  -7.47329  0.638429
 0.692181  -7.45709  0.638429
 0.692614  -7.44091  0.638863
 0.693048  -7.42481  0.639296
 0.693481  -7.40871  0.639296
 0.693915  -7.39269   0.63973
 0.694348   -7.3767   0.63973
 0.694782  -7.36076  0.640163
 0.695215  -7.34486  0.640163
 0.695649  -7.32901  0.640597
 0.696082   -7.3132  0.640597
 0.696516  -7.29743   0.64103
 0.696949  -7.28171   0.64103
 0.697382  -7.26603  0.641464
 0.697816   -7.2504  0.641464
 0.698249   -7.2348  0.641897
 0.698683  -7.21927  0.641897
 0.699116  -7.20375  0.642331
  0.69955   -7.1883  0.642331
 0.699983  -7.17287  0.642764
 0.700417  -7.15751  0.643198
  0.70085  -7.14216  0.643198
 0.701284  -7.12688  0.643631
 0.701717  -7.11162  0.643631
 0.702151  -7.09642  0.644065
 0.702584  -7.08125  0.644065
 0.703018  -7.06613  0.644498
 0.703451  -7.05105  0.644498
 0.703885  -7.03601  0.644932
 0.704318  -7.02101  0.644932
 0.704752  -7.00605  0.645365
 0.705185  -6.99114  0.645365
 0.705619  -6.97626  0.645799
 0.706052  -6.96143  0.645799
 0.706485  -6.94663  0.646232
 0.706919  -6.93189  0.646232
 0.707352  -6.91716  0.646666
 0.707786   -6.9025  0.647099
 0.708219  -6.88786  0.647099
 0.708653  -6.87327  0.647533
 0.709086  -6.85871  0.647533
  0.70952  -6.84421  0.647966
 0.709953  -6.82973  0.647966
 0.710387   -6.8153  0.648399
  0.71082   -6.8009  0.648399
 0.711254  -6.78655  0.648833
 0.711687  -6.77223  0.648833
 0.712121  -6.75795  0.649266
 0.712554  -6.74372  0.649266
 0.712988  -6.72951    0.6497
 0.713421  -6.71536    0.6497
 0.713855  -6.70123  0.650133
 0.714288  -6.68715  0.650133
 0.714722   -6.6731  0.650567
 0.715155   -6.6591     0.651
 0.715589  -6.64512     0.651
 0.716022  -6.63119  0.651434
 0.716455  -6.61729  0.651434
 0.716889  -6.60344  0.651867
 0.717322  -6.58961  0.651867
 0.717756  -6.57583  0.652301
 0.718189  -6.56209  0.652301
 0.718623  -6.54838  0.652734
 0.719056  -6.53471  0.652734
  0.71949  -6.52107  0.653168
 0.719923  -6.50748  0.653168
 0.720357  -6.49391  0.653601
  0.72079  -6.48039  0.653601
 0.721224  -6.46689  0.654035
 0.721657  -6.45345  0.654035
 0.722091  -6.44003  0.654468
 0.722524  -6.42666  0.654902
 0.722958   -6.4133  0.654902
 0.723391      -6.4  0.655335
 0.723825  -6.38672  0.655335
 0.724258  -6.37349  0.655769
 0.724692  -6.36028  0.655769
 0.725125  -6.34711  0.656202
 0.725559  -6.33398  0.656202
 0.725992  -6.32088  0.656636
 0.726425  -6.30782  0.656636
 0.726859  -6.29479  0.657069
 0.727292   -6.2818  0.657069
 0.727726  -6.26884  0.657503
 0.728159  -6.25592  0.657503
 0.728593  -6.24303  0.657936
 0.729026  -6.23018  0.657936
  0.72946  -6.21735  0.658369
 0.729893  -6.20457  0.658803
 0.730327  -6.19181  0.658803
  0.73076   -6.1791  0.659236
 0.731194   -6.1664  0.659236
 0.731627  -6.15376   0.65967
 0.732061  -6.14113   0.65967
 0.732494  -6.12855  0.660103
 0.732928    -6.116  0.660103
 0.733361  -6.10348  0.660537
 0.733795  -6.09099  0.660537
 0.734228  -6.07854   0.66097
 0.734662  -6.06612   0.66097
 0.735095  -6.05373  0.661404
 0.735529  -6.04138  0.661404
 0.735962  -6.02905  0.661837
 0.736395  -6.01677  0.661837
 0.736829   -6.0045  0.662271
 0.737262  -5.99229  0.662271
 0.737696  -5.98009  0.662704
 0.738129  -5.96793  0.663138
 0.738563  -5.95579  0.663138
 0.738996   -5.9437  0.663571
  0.73943  -5.93163  0.663571
 0.739863   -5.9196  0.664005
 0.740297  -5.90759  0.664005
  0.74073  -5.89562  0.664438
 0.741164  -5.88368  0.664438
 0.741597  -5.87177  0.664872
 0.742031   -5.8599  0.664872
 0.742464  -5.84805  0.665305
 0.742898  -5.83623  0.665305
 0.743331  -5.82444  0.665739
 0.743765  -5.81269  0.665739
 0.744198  -5.80096  0.666172
 0.744632  -5.78928  0.666172
 0.745065   -5.7776  0.666606
 0.745498  -5.76598  0.667039
 0.745932  -5.75437  0.667039
 0.746365   -5.7428  0.667472
 0.746799  -5.73125  0.667472
 0.747232  -5.71974  0.667906
 0.747666  -5.70826  0.667906
 0.748099   -5.6968  0.668339
 0.748533  -5.68538  0.668339
 0.748966  -5.67398  0.668773
   0.7494  -5.66262  0.668773
 0.749833  -5.65128  0.669206
 0.750267  -5.63998  0.669206
   0.7507   -5.6287   0.66964
 0.751134  -5.61745   0.66964
 0.751567  -5.60623  0.670073
 0.752001  -5.59505  0.670073
 0.752434  -5.58388  0.670507
 0.752868  -5.57275  0.670507
 0.753301  -5.56164   0.67094
 0.753735  -5.55057  0.671374
 0.754168  -5.53951  0.671374
 0.754602   -5.5285  0.671807
 0.755035   -5.5175  0.671807
 0.755468  -5.50655  0.672241
 0.755902  -5.49561  0.672241
 0.756335   -5.4847  0.672674
 0.756769  -5.47382  0.672674
 0.757202  -5.46297  0.673108
 0.757636  -5.45215  0.673108
 0.758069  -5.44135  0.673541
 0.758503  -5.43059  0.673541
 0.758936  -5.41984  0.673975
  0.75937  -5.40913  0.673975
 0.759803  -5.39844  0.674408
 0.760237  -5.38779  0.674408
  0.76067  -5.37715  0.674842
 0.761104  -5.36655  0.675275
 0.761537  -5.35597  0.675275
 0.761971  -5.34542  0.675709
 0.762404  -5.33489  0.675709
 0.762838   -5.3244  0.676142
 0.763271  -5.31392  0.676142
 0.763705  -5.30348  0.676576
 0.764138  -5.29306  0.676576
 0.764572  -5.28267  0.677009
 0.765005   -5.2723  0.677009
 0.765438  -5.26196  0.677442
 0.765872  -5.25165  0.677442
 0.766305  -5.24136  0.677876
 0.766739   -5.2311  0.677876
 0.767172  -5.22086  0.678309
 0.767606  -5.21066  0.678309
 0.768039  -5.20047  0.678743
 0.768473  -5.19032  0.678743
 0.768906  -5.18018  0.679176
  0.76934  -5.17008   0.67961
 0.769773  -5.15999   0.67961
 0.770207  -5.14994  0.680043
  0.77064   -5.1399  0.680043
 0.771074   -5.1299  0.680477
 0.771507  -5.11992  0.680477
 0.771941  -5.10996   0.68091
 0.772374  -5.10003   0.68091
 0.772808  -5.09012  0.681344
 0.773241  -5.08024  0.681344
 0.773675  -5.07039  0.681777
 0.774108  -5.06056  0.681777
 0.774542  -5.05075  0.682211
 0.774975  -5.04097  0.682211
 0.775408   -5.0312  0.682644
 0.775842  -5.02147  0.682644
 0.776275  -5.01176  0.683078
 0.776709  -5.00208  0.683078
 0.777142  -4.99241  0.683511
 0.777576  -4.98278  0.683945
 0.778009  -4.97316  0.683945
 0.778443  -4.96357  0.684378
 0.778876    -4.954  0.684378
  0.77931  -4.94446  0.684812
 0.779743  -4.93494  0.684812
 0.780177  -4.92545  0.685245
  0.78061  -4.91598  0.685245
 0.781044  -4.90653  0.685679
 0.781477   -4.8971  0.685679
 0.781911   -4.8877  0.686112
 0.782344  -4.87832  0.686112
 0.782778  -4.86897  0.686546
 0.783211  -4.85964  0.686546
 0.783645  -4.85033  0.686979
 0.784078  -4.84104  0.686979
 0.784512  -4.83178  0.687412
 0.784945  -4.82254  0.687412
 0.785378  -4.81332  0.687846
 0.785812  -4.80413  0.688279
 0.786245  -4.79495  0.688279
 0.786679  -4.78581  0.688713
 0.787112  -4.77667  0.688713
 0.787546  -4.76757  0.689146
 0.787979  -4.75849  0.689146
 0.788413  -4.74943   0.68958
 0.788846  -4.74039   0.68958
  0.78928  -4.73137  0.690013
 0.789713  -4.72238  0.690013
 0.790147  -4.71341  0.690447
  0.79058  -4.70446  0.690447
 0.791014  -4.69553   0.69088
 0.791447  -4.68663   0.69088
 0.791881  -4.67774  0.691314
 0.792314  -4.66888  0.691314
 0.792748  -4.66003  0.691747
 0.793181  -4.65122  0.691747
 0.793615  -4.64241  0.692181
 0.794048  -4.63365  0.692614
 0.794481  -4.62488  0.692614
 0.794915  -4.61615  0.693048
 0.795348  -4.60744  0.693048
 0.795782  -4.59875  0.693481
 0.796215  -4.59007  0.693481
 0.796649  -4.58143  0.693915
 0.797082   -4.5728  0.693915
 0.797516  -4.56419  0.694348
 0.797949   -4.5556  0.694348
 0.798383  -4.54704  0.694782
 0.798816  -4.53849  0.694782
  0.79925  -4.52997  0.695215
 0.799683  -4.52146  0.695215
 0.800117  -4.51298  0.695649
  0.80055  -4.50452  0.695649
 0.800984  -4.49607  0.696082
 0.801417  -4.48766  0.696082
 0.801851  -4.47925  0.696516
 0.802284  -4.47087  0.696949
 0.802718   -4.4625  0.696949
 0.803151  -4.45417  0.697382
 0.803585  -4.44584  0.697382
 0.804018  -4.43754  0.697816
 0.804451  -4.42926  0.697816
 0.804885    -4.421  0.698249
 0.805318  -4.41276  0.698249
 0.805752  -4.40454  0.698683
 0.806185  -4.39633  0.698683
 0.806619  -4.38815  0.699116
 0.807052  -4.37999  0.699116
 0.807486  -4.37184   0.69955
 0.807919  -4.36372   0.69955
 0.808353  -4.35562  0.699983
 0.808786  -4.34753  0.699983
  0.80922  -4.33946  0.700417
 0.809653  -4.33142  0.700417
 0.810087  -4.32339   0.70085
  0.81052  -4.31539   0.70085
 0.810954  -4.30739  0.701284
 0.811387  -4.29943  0.701717
 0.811821  -4.29147  0.701717
 0.812254  -4.28354  0.702151
 0.812688  -4.27563  0.702151
 0.813121  -4.26774  0.702584
 0.813555  -4.25986  0.702584
 0.813988    -4.252  0.703018
 0.814421  -4.24416  0.703018
 0.814855  -4.23634  0.703451
 0.815288  -4.22854  0.703451
 0.815722  -4.22076  0.703885
 0.816155    -4.213  0.703885
 0.816589  -4.20525  0.704318
 0.817022  -4.19752  0.704318
 0.817456  -4.18981  0.704752
 0.817889  -4.18212  0.704752
 0.818323  -4.17445  0.705185
 0.818756   -4.1668  0.705185
  0.81919  -4.15915  0.705619
 0.819623  -4.15154  0.706052
 0.820057  -4.14393  0.706052
  0.82049  -4.13636  0.706485
 0.820924  -4.12879  0.706485
 0.821357  -4.12124  0.706919
 0.821791  -4.11371  0.706919
 0.822224   -4.1062  0.707352
 0.822658   -4.0987  0.707352
 0.823091  -4.09123  0.707786
 0.823525  -4.08377  0.707786
 0.823958  -4.07633  0.708219
 0.824391   -4.0689  0.708219
 0.824825  -4.06149  0.708653
 0.825258  -4.05411  0.708653
 0.825692  -4.04673  0.709086
 0.826125  -4.03938  0.709086
 0.826559  -4.03204   0.70952
 0.826992  -4.02472   0.70952
 0.827426  -4.01742  0.709953
 0.827859  -4.01014  0.709953
 0.828293  -4.00286  0.710387
 0.828726  -3.99561   0.71082
  0.82916  -3.98837   0.71082
 0.829593  -3.98116  0.711254
 0.830027  -3.97395  0.711254
  0.83046  -3.96677  0.711687
 0.830894   -3.9596  0.711687
 0.831327  -3.95245  0.712121
 0.831761  -3.94531  0.712121
 0.832194  -3.93819  0.712554
 0.832628  -3.93109  0.712554
 0.833061  -3.92401  0.712988
 0.833494  -3.91694  0.712988
 0.833928  -3.90988  0.713421
 0.834361  -3.90285  0.713421
 0.834795  -3.89583  0.713855
 0.835228  -3.88883  0.713855
 0.835662  -3.88183  0.714288
 0.836095  -3.87487  0.714288
 0.836529  -3.86791  0.714722
 0.836962  -3.86097  0.714722
 0.837396  -3.85404  0.715155
 0.837829  -3.84714  0.715589
 0.838263  -3.84024  0.715589
 0.838696  -3.83337  0.716022
  0.83913  -3.82651  0.716022
 0.839563  -3.81967  0.716455
 0.839997  -3.81284  0.716455
  0.84043  -3.80603  0.716889
 0.840864  -3.79923  0.716889
 0.841297  -3.79245  0.717322
 0.841731  -3.78568  0.717322
 0.842164  -3.77893  0.717756
 0.842598   -3.7722  0.717756
 0.843031  -3.76548  0.718189
 0.843464  -3.75877  0.718189
 0.843898  -3.75208  0.718623
 0.844331  -3.74541  0.718623
 0.844765  -3.73875  0.719056
 0.845198  -3.73211  0.719056
 0.845632  -3.72548   0.71949
 0.846065  -3.71887  0.719923
 0.846499  -3.71227  0.719923
 0.846932  -3.70569  0.720357
 0.847366  -3.69912  0.720357
 0.847799  -3.69257   0.72079
 0.848233  -3.68603   0.72079
 0.848666  -3.67951  0.721224
   0.8491    -3.673  0.721224
 0.849533  -3.66651  0.721657
 0.849967  -3.66003  0.721657
   0.8504  -3.65357  0.722091
 0.850834  -3.64712  0.722091
 0.851267  -3.64068  0.722524
 0.851701  -3.63427  0.722524
 0.852134  -3.62786  0.722958
 0.852568  -3.62147  0.722958
 0.853001  -3.61509  0.723391
 0.853434  -3.60873  0.723391
 0.853868  -3.60238  0.723825
 0.854301  -3.59605  0.723825
 0.854735  -3.58973  0.724258
 0.855168  -3.58343  0.724692
 0.855602  -3.57714  0.724692
 0.856035  -3.57087  0.725125
 0.856469   -3.5646  0.725125
 0.856902  -3.55835  0.725559
 0.857336  -3.55212  0.725559
 0.857769   -3.5459  0.725992
 0.858203  -3.53969  0.725992
 0.858636   -3.5335  0.726425
  0.85907  -3.52732  0.726425
 0.859503  -3.52116  0.726859
 0.859937  -3.51501  0.726859
  0.86037  -3.50887  0.727292
 0.860804  -3.50275  0.727292
 0.861237  -3.49664  0.727726
 0.861671  -3.49055  0.727726
 0.862104  -3.48447  0.728159
 0.862538   -3.4784  0.728159
 0.862971  -3.47235  0.728593
 0.863404  -3.46631  0.728593
 0.863838  -3.46028  0.729026
 0.864271  -3.45427  0.729026
 0.864705  -3.44826   0.72946
 0.865138  -3.44228  0.729893
 0.865572   -3.4363  0.729893
 0.866005  -3.43035  0.730327
 0.866439   -3.4244  0.730327
 0.866872  -3.41847   0.73076
 0.867306  -3.41254   0.73076
 0.867739  -3.40664  0.731194
 0.868173  -3.40074  0.731194
 0.868606  -3.39486  0.731627
  0.86904    -3.389  0.731627
 0.869473  -3.38314  0.732061
 0.869907   -3.3773  0.732061
  0.87034  -3.37147  0.732494
 0.870774  -3.36566  0.732494
 0.871207  -3.35985  0.732928
 0.871641  -3.35406  0.732928
 0.872074  -3.34828  0.733361
 0.872508  -3.34252  0.733361
 0.872941  -3.33677  0.733795
 0.873374  -3.33103  0.733795
 0.873808   -3.3253  0.734228
 0.874241  -3.31959  0.734662
 0.874675  -3.31389  0.734662
 0.875108   -3.3082  0.735095
 0.875542  -3.30252  0.735095
 0.875975  -3.29686  0.735529
 0.876409  -3.29121  0.735529
 0.876842  -3.28557  0.735962
 0.877276  -3.27994  0.735962
 0.877709  -3.27433  0.736395
 0.878143  -3.26873  0.736395
 0.878576  -3.26314  0.736829
  0.87901  -3.25756  0.736829
 0.879443    -3.252  0.737262
 0.879877  -3.24645  0.737262
  0.88031  -3.24091  0.737696
 0.880744  -3.23538  0.737696
 0.881177  -3.22986  0.738129
 0.881611  -3.22436  0.738129
 0.882044  -3.21887  0.738563
 0.882477  -3.21339  0.738563
 0.882911  -3.20792  0.738996
 0.883344  -3.20247   0.73943
 0.883778  -3.19702   0.73943
 0.884211  -3.19159  0.739863
 0.884645  -3.18617  0.739863
 0.885078  -3.18076  0.740297
 0.885512  -3.17536  0.740297
 0.885945  -3.16998   0.74073
 0.886379  -3.16461   0.74073
 0.886812  -3.15925  0.741164
 0.887246   -3.1539  0.741164
 0.887679  -3.14856  0.741597
 0.888113  -3.14323  0.741597
 0.888546  -3.13792  0.742031
  0.88898  -3.13261  0.742031
 0.889413  -3.12732  0.742464
 0.889847  -3.12204  0.742464
  0.89028  -3.11677  0.742898
 0.890714  -3.11152  0.742898
 0.891147  -3.10627  0.743331
 0.891581  -3.10104  0.743331
 0.892014  -3.09581  0.743765
 0.892447   -3.0906  0.743765
 0.892881   -3.0854  0.744198
 0.893314  -3.08021  0.744632
 0.893748  -3.07503  0.744632
 0.894181  -3.06987  0.745065
 0.894615  -3.06471  0.745065
 0.895048  -3.05957  0.745498
 0.895482  -3.05443  0.745498
 0.895915  -3.04931  0.745932
 0.896349   -3.0442  0.745932
 0.896782   -3.0391  0.746365
 0.897216  -3.03401  0.746365
 0.897649  -3.02893  0.746799
 0.898083  -3.02386  0.746799
 0.898516   -3.0188  0.747232
  0.89895  -3.01376  0.747232
 0.899383  -3.00872  0.747666
 0.899817   -3.0037  0.747666
  0.90025  -2.99868  0.748099
 0.900684  -2.99368  0.748099
 0.901117  -2.98869  0.748533
 0.901551  -2.98371  0.748533
 0.901984  -2.97874  0.748966
 0.902417  -2.97378  0.748966
 0.902851  -2.96883    0.7494
 0.903284  -2.96389  0.749833
 0.903718  -2.95896  0.749833
 0.904151  -2.95404  0.750267
 0.904585  -2.94913  0.750267
 0.905018  -2.94424    0.7507
 0.905452  -2.93935    0.7507
 0.905885  -2.93448  0.751134
 0.906319  -2.92961  0.751134
 0.906752  -2.92476  0.751567
 0.907186  -2.91991  0.751567
 0.907619  -2.91508  0.752001
 0.908053  -2.91025  0.752001
 0.908486  -2.90544  0.752434
  0.90892  -2.90063  0.752434
 0.909353  -2.89584  0.752868
 0.909787  -2.89106  0.752868
  0.91022  -2.88628  0.753301
 0.910654  -2.88152  0.753301
 0.911087  -2.87677  0.753735
 0.911521  -2.87203  0.753735
 0.911954  -2.86729  0.754168
 0.912387  -2.86257  0.754168
 0.912821  -2.85785  0.754602
 0.913254  -2.85316  0.755035
 0.913688  -2.84846  0.755035
 0.914121  -2.84378  0.755468
 0.914555   -2.8391  0.755468
 0.914988  -2.83444  0.755902
 0.915422  -2.82979  0.755902
 0.915855  -2.82514  0.756335
 0.916289  -2.82051  0.756335
 0.916722  -2.81589  0.756769
 0.917156  -2.81127  0.756769
 0.917589  -2.80667  0.757202
 0.918023  -2.80207  0.757202
 0.918456  -2.79748  0.757636
  0.91889  -2.79291  0.757636
 0.919323  -2.78834  0.758069
 0.919757  -2.78379  0.758069
  0.92019  -2.77924  0.758503
 0.920624   -2.7747  0.758503
 0.921057  -2.77017  0.758936
  0.92149  -2.76566  0.758936
 0.921924  -2.76115   0.75937
 0.922357  -2.75665   0.75937
 0.922791  -2.75216  0.759803
 0.923224  -2.74768  0.760237
 0.923658   -2.7432  0.760237
 0.924091  -2.73874   0.76067
 0.924525  -2.73429   0.76067
 0.924958  -2.72985  0.761104
 0.925392  -2.72541  0.761104
 0.925825  -2.72099  0.761537
 0.926259  -2.71657  0.761537
 0.926692  -2.71217  0.761971
 0.927126  -2.70777  0.761971
 0.927559  -2.70338  0.762404
 0.927993    -2.699  0.762404
 0.928426  -2.69463  0.762838
  0.92886  -2.69027  0.762838
 0.929293  -2.68592  0.763271
 0.929727  -2.68158  0.763271
  0.93016  -2.67724  0.763705
 0.930594  -2.67292  0.763705
 0.931027   -2.6686  0.764138
  0.93146   -2.6643  0.764138
 0.931894     -2.66  0.764572
 0.932327  -2.65571  0.764572
 0.932761  -2.65143  0.765005
 0.933194  -2.64716  0.765438
 0.933628  -2.64289  0.765438
 0.934061  -2.63864  0.765872
 0.934495   -2.6344  0.765872
 0.934928  -2.63016  0.766305
 0.935362  -2.62593  0.766305
 0.935795  -2.62172  0.766739
 0.936229   -2.6175  0.766739
 0.936662   -2.6133  0.767172
 0.937096  -2.60911  0.767172
 0.937529  -2.60493  0.767606
 0.937963  -2.60075  0.767606
 0.938396  -2.59658  0.768039
  0.93883  -2.59243  0.768039
 0.939263  -2.58828  0.768473
 0.939697  -2.58414  0.768473
  0.94013     -2.58  0.768906
 0.940564  -2.57588  0.768906
 0.940997  -2.57176   0.76934
  0.94143  -2.56766   0.76934
 0.941864  -2.56356  0.769773
 0.942297  -2.55947  0.769773
 0.942731  -2.55539  0.770207
 0.943164  -2.55131   0.77064
 0.943598  -2.54725   0.77064
 0.944031  -2.54319  0.771074
 0.944465  -2.53914  0.771074
 0.944898   -2.5351  0.771507
 0.945332  -2.53107  0.771507
 0.945765  -2.52705  0.771941
 0.946199  -2.52303  0.771941
 0.946632  -2.51902  0.772374
 0.947066  -2.51502  0.772374
 0.947499  -2.51103  0.772808
 0.947933  -2.50705  0.772808
 0.948366  -2.50307  0.773241
   0.9488  -2.49911  0.773241
 0.949233  -2.49515  0.773675
 0.949667   -2.4912  0.773675
   0.9501  -2.48725  0.774108
 0.950534  -2.48332  0.774108
 0.950967  -2.47939  0.774542
   0.9514  -2.47548  0.774542
 0.951834  -2.47156  0.774975
 0.952267  -2.46766  0.774975
 0.952701  -2.46376  0.775408
 0.953134  -2.45988  0.775408
 0.953568    -2.456  0.775842
 0.954001  -2.45213  0.776275
 0.954435  -2.44826  0.776275
 0.954868  -2.44441  0.776709
 0.955302  -2.44056  0.776709
 0.955735  -2.43672  0.777142
 0.956169  -2.43289  0.777142
 0.956602  -2.42906  0.777576
 0.957036  -2.42525  0.777576
 0.957469  -2.42144  0.778009
 0.957903  -2.41764  0.778009
 0.958336  -2.41384  0.778443
  0.95877  -2.41006  0.778443
 0.959203  -2.40628  0.778876
 0.959637  -2.40251  0.778876
  0.96007  -2.39874   0.77931
 0.960504  -2.39499   0.77931
 0.960937  -2.39124  0.779743
  0.96137   -2.3875  0.779743
 0.961804  -2.38376  0.780177
 0.962237  -2.38004  0.780177
 0.962671  -2.37632   0.78061
 0.963104  -2.37261   0.78061
 0.963538  -2.36891  0.781044
 0.963971  -2.36521  0.781477
 0.964405  -2.36152  0.781477
 0.964838  -2.35784  0.781911
 0.965272  -2.35417  0.781911
 0.965705   -2.3505  0.782344
 0.966139  -2.34684  0.782344
 0.966572  -2.34319  0.782778
 0.967006  -2.33954  0.782778
 0.967439  -2.33591  0.783211
 0.967873  -2.33228  0.783211
 0.968306  -2.32865  0.783645
  0.96874  -2.32504  0.783645
 0.969173  -2.32143  0.784078
 0.969607  -2.31783  0.784078
  0.97004  -2.31423  0.784512
 0.970473  -2.31065  0.784512
 0.970907  -2.30707  0.784945
  0.97134   -2.3035  0.784945
 0.971774  -2.29993  0.785378
 0.972207  -2.29637  0.785378
 0.972641  -2.29282  0.785812
 0.973074  -2.28928  0.785812
 0.973508  -2.28574  0.786245
 0.973941  -2.28221  0.786245
 0.974375  -2.27868  0.786679
 0.974808  -2.27517  0.787112
 0.975242  -2.27166  0.787112
 0.975675  -2.26816  0.787546
 0.976109  -2.26466  0.787546
 0.976542  -2.26117  0.787979
 0.976976  -2.25769  0.787979
 0.977409  -2.25422  0.788413
 0.977843  -2.25075  0.788413
 0.978276  -2.24729  0.788846
  0.97871  -2.24383  0.788846
 0.979143  -2.24039   0.78928
 0.979577  -2.23694   0.78928
  0.98001  -2.23351  0.789713
 0.980443  -2.23008  0.789713
 0.980877  -2.22666  0.790147
  0.98131  -2.22325  0.790147
 0.981744  -2.21984   0.79058
 0.982177  -2.21644   0.79058
 0.982611  -2.21305  0.791014
 0.983044  -2.20966  0.791014
 0.983478  -2.20628  0.791447
 0.983911  -2.20291  0.791447
 0.984345  -2.19954  0.791881
 0.984778  -2.19618  0.791881
 0.985212  -2.19283  0.792314
 0.985645  -2.18948  0.792748
 0.986079  -2.18614  0.792748
 0.986512  -2.18281  0.793181
 0.986946  -2.17948  0.793181
 0.987379  -2.17616  0.793615
 0.987813  -2.17284  0.793615
 0.988246  -2.16953  0.794048
  0.98868  -2.16623  0.794048
 0.989113  -2.16294  0.794481
 0.989547  -2.15965  0.794481
  0.98998  -2.15637  0.794915
 0.990413  -2.15309  0.794915
 0.990847  -2.14982  0.795348
  0.99128  -2.14656  0.795348
 0.991714   -2.1433  0.795782
 0.992147  -2.14005  0.795782
 0.992581   -2.1368  0.796215
 0.993014  -2.13357  0.796215
 0.993448  -2.13034  0.796649
 0.993881  -2.12711  0.796649
 0.994315  -2.12389  0.797082
 0.994748  -2.12068  0.797082
 0.995182  -2.11747  0.797516
 0.995615  -2.11427  0.797516
 0.996049  -2.11108  0.797949
 0.996482  -2.10789  0.797949
 0.996916  -2.10471  0.798383
 0.997349  -2.10153  0.798816
 0.997783  -2.09836  0.798816
 0.998216   -2.0952   0.79925
  0.99865  -2.09204   0.79925
 0.999083  -2.08889  0.799683
 0.999517  -2.08574  0.799683
  0.99995  -2.08261  0.800117
  1.00038  -2.07947  0.800117
  1.00082  -2.07635   0.80055
  1.00125  -2.07323   0.80055
  1.00168  -2.07011  0.800984
  1.00212    -2.067  0.800984
  1.00255   -2.0639  0.801417
  1.00298   -2.0608  0.801417
  1.00342  -2.05771  0.801851
  1.00385  -2.05463  0.801851
  1.00428  -2.05155  0.802284
  1.00472  -2.04847  0.802284
  1.00515  -2.04541  0.802718
  1.00559  -2.04235  0.802718
  1.00602  -2.03929  0.803151
  1.00645  -2.03624  0.803151
  1.00689   -2.0332  0.803585
  1.00732  -2.03016  0.803585
  1.00775  -2.02713  0.804018
  1.00819   -2.0241  0.804451
  1.00862  -2.02108  0.804451
  1.00905  -2.01807  0.804885
  1.00949  -2.01506  0.804885
  1.00992  -2.01205  0.805318
  1.01035  -2.00906  0.805318
  1.01079  -2.00606  0.805752
  1.01122  -2.00308  0.805752
  1.01165   -2.0001  0.806185
  1.01209  -1.99712  0.806185
  1.01252  -1.99415  0.806619
  1.01295  -1.99119  0.806619
  1.01339  -1.98823  0.807052
  1.01382  -1.98528  0.807052
  1.01425  -1.98233  0.807486
  1.01469  -1.97939  0.807486
  1.01512  -1.97646  0.807919
  1.01556  -1.97353  0.807919
  1.01599   -1.9706  0.808353
  1.01642  -1.96769  0.808353
  1.01686  -1.96477  0.808786
  1.01729  -1.96187  0.808786
  1.01772  -1.95896   0.80922
  1.01816  -1.95607   0.80922
  1.01859  -1.95318  0.809653
  1.01902  -1.95029  0.809653
  1.01946  -1.94741  0.810087
  1.01989  -1.94454   0.81052
  1.02032  -1.94167   0.81052
  1.02076  -1.93881  0.810954
  1.02119  -1.93595  0.810954
  1.02162  -1.93309  0.811387
  1.02206  -1.93025  0.811387
  1.02249   -1.9274  0.811821
  1.02292  -1.92457  0.811821
  1.02336  -1.92174  0.812254
  1.02379  -1.91891  0.812254
  1.02422  -1.91609  0.812688
  1.02466  -1.91327  0.812688
  1.02509  -1.91046  0.813121
  1.02553  -1.90766  0.813121
  1.02596  -1.90486  0.813555
  1.02639  -1.90207  0.813555
  1.02683  -1.89928  0.813988
  1.02726  -1.89649  0.813988
  1.02769  -1.89371  0.814421
  1.02813  -1.89094  0.814421
  1.02856  -1.88817  0.814855
  1.02899  -1.88541  0.814855
  1.02943  -1.88265  0.815288
  1.02986   -1.8799  0.815288
  1.03029  -1.87715  0.815722
  1.03073  -1.87441  0.816155
  1.03116  -1.87167  0.816155
  1.03159  -1.86894  0.816589
  1.03203  -1.86621  0.816589
  1.03246  -1.86349  0.817022
  1.03289  -1.86078  0.817022
  1.03333  -1.85806  0.817456
  1.03376  -1.85536  0.817456
  1.03419  -1.85266  0.817889
  1.03463  -1.84996  0.817889
  1.03506  -1.84727  0.818323
   1.0355  -1.84458  0.818323
  1.03593   -1.8419  0.818756
  1.03636  -1.83922  0.818756
   1.0368  -1.83655   0.81919
  1.03723  -1.83389   0.81919
  1.03766  -1.83123  0.819623
   1.0381  -1.82857  0.819623
  1.03853  -1.82592  0.820057
  1.03896  -1.82327  0.820057
   1.0394  -1.82063   0.82049
  1.03983  -1.81799   0.82049
  1.04026  -1.81536  0.820924
   1.0407  -1.81273  0.820924
  1.04113  -1.81011  0.821357
  1.04156  -1.80749  0.821357
    1.042  -1.80488  0.821791
  1.04243  -1.80228  0.822224
  1.04286  -1.79967  0.822224
   1.0433  -1.79707  0.822658
  1.04373  -1.79448  0.822658
  1.04416  -1.79189  0.823091
   1.0446  -1.78931  0.823091
  1.04503  -1.78673  0.823525
  1.04547  -1.78415  0.823525
   1.0459  -1.78159  0.823958
  1.04633  -1.77902  0.823958
  1.04677  -1.77646  0.824391
   1.0472  -1.77391  0.824391
  1.04763  -1.77136  0.824825
  1.04807  -1.76881  0.824825
   1.0485  -1.76627  0.825258
  1.04893  -1.76373  0.825258
  1.04937   -1.7612  0.825692
   1.0498  -1.75868  0.825692
  1.05023  -1.75615  0.826125
  1.05067  -1.75364  0.826125
   1.0511  -1.75112  0.826559
  1.05153  -1.74861  0.826559
  1.05197  -1.74611  0.826992
   1.0524  -1.74361  0.826992
  1.05283  -1.74112  0.827426
  1.05327  -1.73863  0.827426
   1.0537  -1.73614  0.827859
  1.05413  -1.73366  0.827859
  1.05457  -1.73118  0.828293
    1.055  -1.72871  0.828726
  1.05544  -1.72624  0.828726
  1.05587  -1.72378   0.82916
   1.0563  -1.72132   0.82916
  1.05674  -1.71887  0.829593
  1.05717  -1.71642  0.829593
   1.0576  -1.71397  0.830027
  1.05804  -1.71153  0.830027
  1.05847   -1.7091   0.83046
   1.0589  -1.70667   0.83046
  1.05934  -1.70424  0.830894
  1.05977  -1.70182  0.830894
   1.0602   -1.6994  0.831327
  1.06064  -1.69698  0.831327
  1.06107  -1.69457  0.831761
   1.0615  -1.69217  0.831761
  1.06194  -1.68977  0.832194
  1.06237  -1.68737  0.832194
   1.0628  -1.68498  0.832628
  1.06324  -1.68259  0.832628
  1.06367  -1.68021  0.833061
   1.0641  -1.67783  0.833061
  1.06454  -1.67546  0.833494
  1.06497  -1.67309  0.833494
  1.06541  -1.67072  0.833928
  1.06584  -1.66836  0.833928
  1.06627    -1.666  0.834361
  1.06671  -1.66365  0.834795
  1.06714   -1.6613  0.834795
  1.06757  -1.65895  0.835228
  1.06801  -1.65661  0.835228
  1.06844  -1.65428  0.835662
  1.06887  -1.65194  0.835662
  1.06931  -1.64962  0.836095
  1.06974  -1.64729  0.836095
  1.07017  -1.64497  0.836529
  1.07061  -1.64266  0.836529
  1.07104  -1.64035  0.836962
  1.07147  -1.63804  0.836962
  1.07191  -1.63574  0.837396
  1.07234  -1.63344  0.837396
  1.07277  -1.63114  0.837829
  1.07321  -1.62885  0.837829
  1.07364  -1.62657  0.838263
  1.07407  -1.62429  0.838263
  1.07451  -1.62201  0.838696
  1.07494  -1.61973  0.838696
  1.07538  -1.61746   0.83913
  1.07581   -1.6152   0.83913
  1.07624  -1.61294  0.839563
  1.07668  -1.61068  0.839563
  1.07711  -1.60843  0.839997
  1.07754  -1.60618  0.839997
  1.07798  -1.60393   0.84043
  1.07841  -1.60169   0.84043
  1.07884  -1.59945  0.840864
  1.07928  -1.59722  0.841297
  1.07971  -1.59499  0.841297
  1.08014  -1.59276  0.841731
  1.08058  -1.59054  0.841731
  1.08101  -1.58833  0.842164
  1.08144  -1.58611  0.842164
  1.08188   -1.5839  0.842598
  1.08231   -1.5817  0.842598
  1.08274  -1.57949  0.843031
  1.08318   -1.5773  0.843031
  1.08361   -1.5751  0.843464
  1.08404  -1.57291  0.843464
  1.08448  -1.57073  0.843898
  1.08491  -1.56854  0.843898
  1.08535  -1.56637  0.844331
  1.08578  -1.56419  0.844331
  1.08621  -1.56202  0.844765
  1.08665  -1.55985  0.844765
  1.08708  -1.55769  0.845198
  1.08751  -1.55553  0.845198
  1.08795  -1.55338  0.845632
  1.08838  -1.55123  0.845632
  1.08881  -1.54908  0.846065
  1.08925  -1.54694  0.846065
  1.08968  -1.54479  0.846499
  1.09011  -1.54266  0.846499
  1.09055  -1.54053  0.846932
  1.09098   -1.5384  0.847366
  1.09141  -1.53627  0.847366
  1.09185  -1.53415  0.847799
  1.09228  -1.53203  0.847799
  1.09271  -1.52992  0.848233
  1.09315  -1.52781  0.848233
  1.09358  -1.52571  0.848666
  1.09401   -1.5236  0.848666
  1.09445   -1.5215    0.8491
  1.09488  -1.51941    0.8491
  1.09532  -1.51732  0.849533
  1.09575  -1.51523  0.849533
  1.09618  -1.51315  0.849967
  1.09662  -1.51107  0.849967
  1.09705  -1.50899    0.8504
  1.09748  -1.50692    0.8504
  1.09792  -1.50485  0.850834
  1.09835  -1.50278  0.850834
  1.09878  -1.50072  0.851267
  1.09922  -1.49866  0.851267
  1.09965  -1.49661  0.851701
  1.10008  -1.49456  0.851701
  1.10052  -1.49251  0.852134
  1.10095  -1.49046  0.852134
  1.10138  -1.48842  0.852568
  1.10182  -1.48639  0.852568
  1.10225  -1.48435  0.853001
  1.10268  -1.48232  0.853001
  1.10312   -1.4803  0.853434
  1.10355  -1.47828  0.853868
  1.10398  -1.47626  0.853868
  1.10442  -1.47424  0.854301
  1.10485  -1.47223  0.854301
  1.10529  -1.47022  0.854735
  1.10572  -1.46821  0.854735
  1.10615  -1.46621  0.855168
  1.10659  -1.46422  0.855168
  1.10702  -1.46222  0.855602
  1.10745  -1.46023  0.855602
  1.10789  -1.45824  0.856035
  1.10832  -1.45626  0.856035
  1.10875  -1.45428  0.856469
  1.10919   -1.4523  0.856469
  1.10962  -1.45033  0.856902
  1.11005  -1.44836  0.856902
  1.11049  -1.44639  0.857336
  1.11092  -1.44443  0.857336
  1.11135  -1.44247  0.857769
  1.11179  -1.44051  0.857769
  1.11222  -1.43856  0.858203
  1.11265  -1.43661  0.858203
  1.11309  -1.43466  0.858636
  1.11352  -1.43272  0.858636
  1.11395  -1.43078   0.85907
  1.11439  -1.42884   0.85907
  1.11482  -1.42691  0.859503
  1.11526  -1.42498  0.859503
  1.11569  -1.42305  0.859937
  1.11612  -1.42113  0.859937
  1.11656  -1.41921   0.86037
  1.11699  -1.41729  0.860804
  1.11742  -1.41538  0.860804
  1.11786  -1.41347  0.861237
  1.11829  -1.41156  0.861237
  1.11872  -1.40966  0.861671
  1.11916  -1.40776  0.861671
  1.11959  -1.40587  0.862104
  1.12002  -1.40397  0.862104
  1.12046  -1.40208  0.862538
  1.12089   -1.4002  0.862538
  1.12132  -1.39831  0.862971
  1.12176  -1.39643  0.862971
  1.12219  -1.39456  0.863404
  1.12262  -1.39268  0.863404
  1.12306  -1.39081  0.863838
  1.12349  -1.38894  0.863838
  1.12392  -1.38708  0.864271
  1.12436  -1.38522  0.864271
  1.12479  -1.38336  0.864705
  1.12523  -1.38151  0.864705
  1.12566  -1.37965  0.865138
  1.12609  -1.37781  0.865138
  1.12653  -1.37596  0.865572
  1.12696  -1.37412  0.865572
  1.12739  -1.37228  0.866005
  1.12783  -1.37045  0.866005
  1.12826  -1.36861  0.866439
  1.12869  -1.36679  0.866439
  1.12913  -1.36496  0.866872
  1.12956  -1.36314  0.867306
  1.12999  -1.36132  0.867306
  1.13043   -1.3595  0.867739
  1.13086  -1.35768  0.867739
  1.13129  -1.35588  0.868173
  1.13173  -1.35407  0.868173
  1.13216  -1.35226  0.868606
  1.13259  -1.35046  0.868606
  1.13303  -1.34866   0.86904
  1.13346  -1.34687   0.86904
  1.13389  -1.34508  0.869473
  1.13433  -1.34329  0.869473
  1.13476   -1.3415  0.869907
   1.1352  -1.33972  0.869907
  1.13563  -1.33794   0.87034
  1.13606  -1.33616   0.87034
   1.1365  -1.33439  0.870774
  1.13693  -1.33262  0.870774
  1.13736  -1.33085  0.871207
   1.1378  -1.32908  0.871207
  1.13823  -1.32732  0.871641
  1.13866  -1.32556  0.871641
   1.1391  -1.32381  0.872074
  1.13953  -1.32205  0.872074
  1.13996   -1.3203  0.872508
   1.1404  -1.31856  0.872508
  1.14083  -1.31681  0.872941
  1.14126  -1.31507  0.872941
   1.1417  -1.31333  0.873374
  1.14213   -1.3116  0.873374
  1.14256  -1.30987  0.873808
    1.143  -1.30814  0.874241
  1.14343  -1.30641  0.874241
  1.14386  -1.30469  0.874675
   1.1443  -1.30297  0.874675
  1.14473  -1.30125  0.875108
  1.14517  -1.29953  0.875108
   1.1456  -1.29782  0.875542
  1.14603  -1.29611  0.875542
  1.14647  -1.29441  0.875975
   1.1469   -1.2927  0.875975
  1.14733    -1.291  0.876409
  1.14777  -1.28931  0.876409
   1.1482  -1.28761  0.876842
  1.14863  -1.28592  0.876842
  1.14907  -1.28423  0.877276
   1.1495  -1.28255  0.877276
  1.14993  -1.28086  0.877709
  1.15037  -1.27918  0.877709
   1.1508   -1.2775  0.878143
  1.15123  -1.27583  0.878143
  1.15167  -1.27416  0.878576
   1.1521  -1.27249  0.878576
  1.15253  -1.27082   0.87901
  1.15297  -1.26916   0.87901
   1.1534   -1.2675  0.879443
  1.15383  -1.26584  0.879443
  1.15427  -1.26418  0.879877
   1.1547  -1.26253  0.879877
  1.15514  -1.26088   0.88031
  1.15557  -1.25924   0.88031
    1.156  -1.25759  0.880744
  1.15644  -1.25595  0.881177
  1.15687  -1.25431  0.881177
   1.1573  -1.25268  0.881611
  1.15774  -1.25104  0.881611
  1.15817  -1.24941  0.882044
   1.1586  -1.24778  0.882044
  1.15904  -1.24616  0.882477
  1.15947  -1.24454  0.882477
   1.1599  -1.24292  0.882911
  1.16034   -1.2413  0.882911
  1.16077  -1.23969  0.883344
   1.1612  -1.23807  0.883344
  1.16164  -1.23646  0.883778
  1.16207  -1.23486  0.883778
   1.1625  -1.23326  0.884211
  1.16294  -1.23165  0.884211
  1.16337  -1.23006  0.884645
   1.1638  -1.22846  0.884645
  1.16424  -1.22687  0.885078
  1.16467  -1.22528  0.885078
  1.16511  -1.22369  0.885512
  1.16554   -1.2221  0.885512
  1.16597  -1.22052  0.885945
  1.16641  -1.21894  0.885945
  1.16684  -1.21736  0.886379
  1.16727  -1.21579  0.886379
  1.16771  -1.21422  0.886812
  1.16814  -1.21265  0.886812
  1.16857  -1.21108  0.887246
  1.16901  -1.20952  0.887246
  1.16944  -1.20796  0.887679
  1.16987   -1.2064  0.888113
  1.17031  -1.20484  0.888113
  1.17074  -1.20329  0.888546
  1.17117  -1.20174  0.888546
  1.17161  -1.20019   0.88898
  1.17204  -1.19864   0.88898
  1.17247   -1.1971  0.889413
  1.17291  -1.19556  0.889413
  1.17334  -1.19402  0.889847
  1.17377  -1.19248  0.889847
  1.17421  -1.19095   0.89028
  1.17464  -1.18942   0.89028
  1.17508  -1.18789  0.890714
  1.17551  -1.18636  0.890714
  1.17594  -1.18484  0.891147
  1.17638  -1.18332  0.891147
  1.17681   -1.1818  0.891581
  1.17724  -1.18029  0.891581
  1.17768  -1.17877  0.892014
  1.17811  -1.17726  0.892014
  1.17854  -1.17575  0.892447
  1.17898  -1.17425  0.892447
  1.17941  -1.17274  0.892881
  1.17984  -1.17124  0.892881
  1.18028  -1.16974  0.893314
  1.18071  -1.16825  0.893314
  1.18114  -1.16675  0.893748
  1.18158  -1.16526  0.893748
  1.18201  -1.16377  0.894181
  1.18244  -1.16229  0.894181
  1.18288   -1.1608  0.894615
  1.18331  -1.15932  0.894615
  1.18374  -1.15784  0.895048
  1.18418  -1.15637  0.895482
  1.18461  -1.15489  0.895482
  1.18505  -1.15342  0.895915
  1.18548  -1.15195  0.895915
  1.18591  -1.15048  0.896349
  1.18635  -1.14902  0.896349
  1.18678  -1.14756  0.896782
  1.18721   -1.1461  0.896782
  1.18765  -1.14464  0.897216
  1.18808  -1.14318  0.897216
  1.18851  -1.14173  0.897649
  1.18895  -1.14028  0.897649
  1.18938  -1.13883  0.898083
  1.18981  -1.13739  0.898083
  1.19025  -1.13594  0.898516
  1.19068   -1.1345  0.898516
  1.19111  -1.13306   0.89895
  1.19155  -1.13163   0.89895
  1.19198  -1.13019  0.899383
  1.19241  -1.12876  0.899383
  1.19285  -1.12733  0.899817
  1.19328   -1.1259  0.899817
  1.19371  -1.12448   0.90025
  1.19415  -1.12306   0.90025
  1.19458  -1.12164  0.900684
  1.19502  -1.12022  0.900684
  1.19545   -1.1188  0.901117
  1.19588  -1.11739  0.901117
  1.19632  -1.11598  0.901551
  1.19675  -1.11457  0.901551
  1.19718  -1.11316  0.901984
  1.19762  -1.11176  0.902417
  1.19805  -1.11036  0.902417
  1.19848  -1.10896  0.902851
  1.19892  -1.10756  0.902851
  1.19935  -1.10617  0.903284
  1.19978  -1.10477  0.903284
  1.20022  -1.10338  0.903718
  1.20065  -1.10199  0.903718
  1.20108  -1.10061  0.904151
  1.20152  -1.09922  0.904151
  1.20195  -1.09784  0.904585
  1.20238  -1.09646  0.904585
  1.20282  -1.09509  0.905018
  1.20325  -1.09371  0.905018
  1.20368  -1.09234  0.905452
  1.20412  -1.09097  0.905452
  1.20455   -1.0896  0.905885
  1.20498  -1.08823  0.905885
  1.20542  -1.08687  0.906319
  1.20585  -1.08551  0.906319
  1.20629  -1.08415  0.906752
  1.20672  -1.08279  0.906752
  1.20715  -1.08143  0.907186
  1.20759  -1.08008  0.907186
  1.20802  -1.07873  0.907619
  1.20845  -1.07738  0.907619
  1.20889  -1.07603  0.908053
  1.20932  -1.07469  0.908053
  1.20975  -1.07335  0.908486
  1.21019  -1.07201  0.908486
  1.21062  -1.07067   0.90892
  1.21105  -1.06933   0.90892
  1.21149    -1.068  0.909353
  1.21192  -1.06667  0.909787
  1.21235  -1.06534  0.909787
  1.21279  -1.06401   0.91022
  1.21322  -1.06269   0.91022
  1.21365  -1.06136  0.910654
  1.21409  -1.06004  0.910654
  1.21452  -1.05872  0.911087
  1.21495  -1.05741  0.911087
  1.21539  -1.05609  0.911521
  1.21582  -1.05478  0.911521
  1.21626  -1.05347  0.911954
  1.21669  -1.05216  0.911954
  1.21712  -1.05085  0.912387
  1.21756  -1.04955  0.912387
  1.21799  -1.04825  0.912821
  1.21842  -1.04694  0.912821
  1.21886  -1.04565  0.913254
  1.21929  -1.04435  0.913254
  1.21972  -1.04306  0.913688
  1.22016  -1.04176  0.913688
  1.22059  -1.04047  0.914121
  1.22102  -1.03919  0.914121
  1.22146   -1.0379  0.914555
  1.22189  -1.03662  0.914555
  1.22232  -1.03533  0.914988
  1.22276  -1.03406  0.914988
  1.22319  -1.03278  0.915422
  1.22362   -1.0315  0.915422
  1.22406  -1.03023  0.915855
  1.22449  -1.02896  0.915855
  1.22492  -1.02769  0.916289
  1.22536  -1.02642  0.916289
  1.22579  -1.02515  0.916722
  1.22623  -1.02389  0.916722
  1.22666  -1.02263  0.917156
  1.22709  -1.02137  0.917589
  1.22753  -1.02011  0.917589
  1.22796  -1.01885  0.918023
  1.22839   -1.0176  0.918023
  1.22883  -1.01635  0.918456
  1.22926   -1.0151  0.918456
  1.22969  -1.01385   0.91889
  1.23013   -1.0126   0.91889
  1.23056  -1.01136  0.919323
  1.23099  -1.01012  0.919323
  1.23143  -1.00888  0.919757
  1.23186  -1.00764  0.919757
  1.23229   -1.0064   0.92019
  1.23273  -1.00517   0.92019
  1.23316  -1.00394  0.920624
  1.23359  -1.00271  0.920624
  1.23403  -1.00148  0.921057
  1.23446  -1.00025  0.921057
  1.23489 -0.999028   0.92149
  1.23533 -0.997805   0.92149
  1.23576 -0.996584  0.921924
   1.2362 -0.995366  0.921924
  1.23663 -0.994148  0.922357
  1.23706 -0.992934  0.922357
   1.2375  -0.99172  0.922791
  1.23793 -0.990509  0.922791
  1.23836   -0.9893  0.923224
   1.2388 -0.988093  0.923224
  1.23923 -0.986886  0.923658
  1.23966 -0.985683  0.923658
   1.2401 -0.984481  0.924091
  1.24053 -0.983282  0.924091
  1.24096 -0.982083  0.924525
   1.2414 -0.980887  0.924958
  1.24183 -0.979692  0.924958
  1.24226   -0.9785  0.925392
   1.2427 -0.977309  0.925392
  1.24313 -0.976121  0.925825
  1.24356 -0.974933  0.925825
    1.244 -0.973749  0.926259
  1.24443 -0.972565  0.926259
  1.24486 -0.971384  0.926692
   1.2453 -0.970204  0.926692
  1.24573 -0.969027  0.927126
  1.24617  -0.96785  0.927126
   1.2466 -0.966676  0.927559
  1.24703 -0.965504  0.927559
  1.24747 -0.964334  0.927993
   1.2479 -0.963165  0.927993
  1.24833 -0.961998  0.928426
  1.24877 -0.960833  0.928426
   1.2492  -0.95967   0.92886
  1.24963 -0.958508   0.92886
  1.25007 -0.957349  0.929293
   1.2505 -0.956191  0.929293
  1.25093 -0.955035  0.929727
  1.25137 -0.953881  0.929727
   1.2518 -0.952728   0.93016
  1.25223 -0.951578   0.93016
  1.25267 -0.950428  0.930594
   1.2531 -0.949282  0.930594
  1.25353 -0.948136  0.931027
  1.25397 -0.946993  0.931027
   1.2544  -0.94585   0.93146
  1.25483 -0.944711   0.93146
  1.25527 -0.943572  0.931894
   1.2557 -0.942436  0.931894
  1.25614 -0.941301  0.932327
  1.25657 -0.940168  0.932761
    1.257 -0.939036  0.932761
  1.25744 -0.937907  0.933194
  1.25787 -0.936779  0.933194
   1.2583 -0.935653  0.933628
  1.25874 -0.934528  0.933628
  1.25917 -0.933406  0.934061
   1.2596 -0.932285  0.934061
  1.26004 -0.931166  0.934495
  1.26047 -0.930048  0.934495
   1.2609 -0.928932  0.934928
  1.26134 -0.927818  0.934928
  1.26177 -0.926706  0.935362
   1.2622 -0.925595  0.935362
  1.26264 -0.924486  0.935795
  1.26307 -0.923379  0.935795
   1.2635 -0.922273  0.936229
  1.26394  -0.92117  0.936229
  1.26437 -0.920067  0.936662
   1.2648 -0.918967  0.936662
  1.26524 -0.917868  0.937096
  1.26567 -0.916771  0.937096
  1.26611 -0.915675  0.937529
  1.26654 -0.914582  0.937529
  1.26697 -0.913489  0.937963
  1.26741 -0.912399  0.937963
  1.26784  -0.91131  0.938396
  1.26827 -0.910223  0.938396
  1.26871 -0.909138   0.93883
  1.26914 -0.908054   0.93883
  1.26957 -0.906972  0.939263
  1.27001 -0.905892  0.939263
  1.27044 -0.904812  0.939697
  1.27087 -0.903736  0.939697
  1.27131 -0.902659   0.94013
  1.27174 -0.901586  0.940564
  1.27217 -0.900513  0.940564
  1.27261 -0.899443  0.940997
  1.27304 -0.898373  0.940997
  1.27347 -0.897306   0.94143
  1.27391  -0.89624   0.94143
  1.27434 -0.895176  0.941864
  1.27477 -0.894113  0.941864
  1.27521 -0.893053  0.942297
  1.27564 -0.891993  0.942297
  1.27608 -0.890936  0.942731
  1.27651 -0.889879  0.942731
  1.27694 -0.888825  0.943164
  1.27738 -0.887772  0.943164
  1.27781 -0.886721  0.943598
  1.27824 -0.885671  0.943598
  1.27868 -0.884623  0.944031
  1.27911 -0.883576  0.944031
  1.27954 -0.882531  0.944465
  1.27998 -0.881488  0.944465
  1.28041 -0.880446  0.944898
  1.28084 -0.879406  0.944898
  1.28128 -0.878367  0.945332
  1.28171  -0.87733  0.945332
  1.28214 -0.876294  0.945765
  1.28258  -0.87526  0.945765
  1.28301 -0.874227  0.946199
  1.28344 -0.873197  0.946199
  1.28388 -0.872167  0.946632
  1.28431  -0.87114  0.946632
  1.28474 -0.870113  0.947066
  1.28518 -0.869089  0.947066
  1.28561 -0.868065  0.947499
  1.28605 -0.867044  0.947499
  1.28648 -0.866024  0.947933
  1.28691 -0.865006  0.948366
  1.28735 -0.863988  0.948366
  1.28778 -0.862973    0.9488
  1.28821 -0.861959    0.9488
  1.28865 -0.860947  0.949233
  1.28908 -0.859935  0.949233
  1.28951 -0.858926  0.949667
  1.28995 -0.857918  0.949667
  1.29038 -0.856912    0.9501
  1.29081 -0.855907    0.9501
  1.29125 -0.854904  0.950534
  1.29168 -0.853902  0.950534
  1.29211 -0.852901  0.950967
  1.29255 -0.851902  0.950967
  1.29298 -0.850905    0.9514
  1.29341 -0.849909    0.9514
  1.29385 -0.848915  0.951834
  1.29428 -0.847922  0.951834
  1.29471 -0.846931  0.952267
  1.29515 -0.845941  0.952267
  1.29558 -0.844952  0.952701
  1.29602 -0.843965  0.952701
  1.29645  -0.84298  0.953134
  1.29688 -0.841996  0.953134
  1.29732 -0.841013  0.953568
  1.29775 -0.840032  0.953568
  1.29818 -0.839052  0.954001
  1.29862 -0.838074  0.954001
  1.29905 -0.837097  0.954435
  1.29948 -0.836123  0.954435
  1.29992 -0.835148  0.954868
  1.30035 -0.834176  0.954868
  1.30078 -0.833205  0.955302
  1.30122 -0.832236  0.955302
  1.30165 -0.831268  0.955735
  1.30208 -0.830302  0.955735
  1.30252 -0.829336  0.956169
  1.30295 -0.828373  0.956602
  1.30338  -0.82741  0.956602
  1.30382 -0.826449  0.957036
  1.30425  -0.82549  0.957036
  1.30468 -0.824532  0.957469
  1.30512 -0.823575  0.957469
  1.30555  -0.82262  0.957903
  1.30599 -0.821666  0.957903
  1.30642 -0.820714  0.958336
  1.30685 -0.819763  0.958336
  1.30729 -0.818814   0.95877
  1.30772 -0.817865   0.95877
  1.30815 -0.816919  0.959203
  1.30859 -0.815973  0.959203
  1.30902 -0.815029  0.959637
  1.30945 -0.814087  0.959637
  1.30989 -0.813146   0.96007
  1.31032 -0.812206   0.96007
  1.31075 -0.811268  0.960504
  1.31119 -0.810331  0.960504
  1.31162 -0.809395  0.960937
  1.31205 -0.808461  0.960937
  1.31249 -0.807528   0.96137
  1.31292 -0.806597   0.96137
  1.31335 -0.805666  0.961804
  1.31379 -0.804738  0.961804
  1.31422  -0.80381  0.962237
  1.31465 -0.802885  0.962237
  1.31509  -0.80196  0.962671
  1.31552 -0.801037  0.962671
  1.31596 -0.800115  0.963104
  1.31639 -0.799194  0.963104
  1.31682 -0.798275  0.963538
  1.31726 -0.797357  0.963538
  1.31769 -0.796441  0.963971
  1.31812 -0.795526  0.963971
  1.31856 -0.794612  0.964405
  1.31899   -0.7937  0.964838
  1.31942 -0.792788  0.964838
  1.31986 -0.791879  0.965272
  1.32029  -0.79097  0.965272
  1.32072 -0.790063  0.965705
  1.32116 -0.789157  0.965705
  1.32159 -0.788253  0.966139
  1.32202 -0.787349  0.966139
  1.32246 -0.786448  0.966572
  1.32289 -0.785547  0.966572
  1.32332 -0.784648  0.967006
  1.32376  -0.78375  0.967006
  1.32419 -0.782854  0.967439
  1.32462 -0.781958  0.967439
  1.32506 -0.781064  0.967873
  1.32549 -0.780172  0.967873
  1.32593 -0.779281  0.968306
  1.32636  -0.77839  0.968306
  1.32679 -0.777502   0.96874
  1.32723 -0.776614   0.96874
  1.32766 -0.775728  0.969173
  1.32809 -0.774843  0.969173
  1.32853  -0.77396  0.969607
  1.32896 -0.773078  0.969607
  1.32939 -0.772197   0.97004
  1.32983 -0.771317   0.97004
  1.33026 -0.770438  0.970473
  1.33069 -0.769561  0.970473
  1.33113 -0.768685  0.970907
  1.33156 -0.767811  0.970907
  1.33199 -0.766937   0.97134
  1.33243 -0.766066   0.97134
  1.33286 -0.765195  0.971774
  1.33329 -0.764326  0.971774
  1.33373 -0.763457  0.972207
  1.33416  -0.76259  0.972207
  1.33459 -0.761724  0.972641
  1.33503  -0.76086  0.972641
  1.33546 -0.759996  0.973074
   1.3359 -0.759135  0.973508
  1.33633 -0.758274  0.973508
  1.33676 -0.757415  0.973941
   1.3372 -0.756556  0.973941
  1.33763 -0.755699  0.974375
  1.33806 -0.754843  0.974375
   1.3385 -0.753989  0.974808
  1.33893 -0.753136  0.974808
  1.33936 -0.752284  0.975242
   1.3398 -0.751433  0.975242
  1.34023 -0.750583  0.975675
  1.34066 -0.749735  0.975675
   1.3411 -0.748888  0.976109
  1.34153 -0.748042  0.976109
  1.34196 -0.747197  0.976542
   1.3424 -0.746354  0.976542
  1.34283 -0.745511  0.976976
  1.34326  -0.74467  0.976976
   1.3437 -0.743831  0.977409
  1.34413 -0.742992  0.977409
  1.34456 -0.742154  0.977843
    1.345 -0.741318  0.977843
  1.34543 -0.740483  0.978276
  1.34587  -0.73965  0.978276
   1.3463 -0.738817   0.97871
  1.34673 -0.737986   0.97871
  1.34717 -0.737155  0.979143
   1.3476 -0.736326  0.979143
  1.34803 -0.735498  0.979577
  1.34847 -0.734672  0.979577
   1.3489 -0.733846   0.98001
  1.34933 -0.733022   0.98001
  1.34977 -0.732199  0.980443
   1.3502 -0.731377  0.980443
  1.35063 -0.730556  0.980877
  1.35107 -0.729737  0.980877
   1.3515 -0.728918   0.98131
  1.35193 -0.728102  0.981744
  1.35237 -0.727285  0.981744
   1.3528 -0.726471  0.982177
  1.35323 -0.725657  0.982177
  1.35367 -0.724844  0.982611
   1.3541 -0.724033  0.982611
  1.35453 -0.723223  0.983044
  1.35497 -0.722413  0.983044
   1.3554 -0.721606  0.983478
  1.35584 -0.720799  0.983478
  1.35627 -0.719993  0.983911
   1.3567 -0.719189  0.983911
  1.35714 -0.718386  0.984345
  1.35757 -0.717583  0.984345
    1.358 -0.716783  0.984778
  1.35844 -0.715983  0.984778
  1.35887 -0.715184  0.985212
   1.3593 -0.714386  0.985212
  1.35974  -0.71359  0.985645
  1.36017 -0.712795  0.985645
   1.3606    -0.712  0.986079
  1.36104 -0.711207  0.986079
  1.36147 -0.710415  0.986512
   1.3619 -0.709625  0.986512
  1.36234 -0.708835  0.986946
  1.36277 -0.708046  0.986946
   1.3632 -0.707259  0.987379
  1.36364 -0.706473  0.987379
  1.36407 -0.705687  0.987813
   1.3645 -0.704904  0.987813
  1.36494  -0.70412  0.988246
  1.36537 -0.703339  0.988246
  1.36581 -0.702558   0.98868
  1.36624 -0.701778   0.98868
  1.36667    -0.701  0.989113
  1.36711 -0.700222  0.989113
  1.36754 -0.699446  0.989547
  1.36797 -0.698671  0.989547
  1.36841 -0.697896   0.98998
  1.36884 -0.697124  0.990413
  1.36927 -0.696351  0.990413
  1.36971 -0.695581  0.990847
  1.37014 -0.694811  0.990847
  1.37057 -0.694042   0.99128
  1.37101 -0.693275   0.99128
  1.37144 -0.692508  0.991714
  1.37187 -0.691743  0.991714
  1.37231 -0.690979  0.992147
  1.37274 -0.690215  0.992147
  1.37317 -0.689453  0.992581
  1.37361 -0.688692  0.992581
  1.37404 -0.687932  0.993014
  1.37447 -0.687173  0.993014
  1.37491 -0.686415  0.993448
  1.37534 -0.685658  0.993448
  1.37578 -0.684902  0.993881
  1.37621 -0.684148  0.993881
  1.37664 -0.683394  0.994315
  1.37708 -0.682641  0.994315
  1.37751  -0.68189  0.994748
  1.37794 -0.681139  0.994748
  1.37838  -0.68039  0.995182
  1.37881 -0.679642  0.995182
  1.37924 -0.678894  0.995615
  1.37968 -0.678148  0.995615
  1.38011 -0.677403  0.996049
  1.38054 -0.676659  0.996049
  1.38098 -0.675915  0.996482
  1.38141 -0.675174  0.996482
  1.38184 -0.674432  0.996916
  1.38228 -0.673693  0.996916
  1.38271 -0.672953  0.997349
  1.38314 -0.672216  0.997349
  1.38358 -0.671479  0.997783
  1.38401 -0.670743  0.997783
  1.38444 -0.670008  0.998216
  1.38488 -0.669274  0.998216
  1.38531 -0.668541   0.99865
  1.38575  -0.66781   0.99865
  1.38618 -0.667079  0.999083
  1.38661 -0.666349  0.999517
  1.38705  -0.66562  0.999517
  1.38748 -0.664893   0.99995
  1.38791 -0.664166   0.99995
  1.38835 -0.663441   1.00038
  1.38878 -0.662716   1.00038
  1.38921 -0.661992   1.00082
  1.38965  -0.66127   1.00082
  1.39008 -0.660548   1.00125
  1.39051 -0.659827   1.00125
  1.39095 -0.659108   1.00168
  1.39138 -0.658389   1.00168
  1.39181 -0.657672   1.00212
  1.39225 -0.656955   1.00212
  1.39268  -0.65624   1.00255
  1.39311 -0.655525   1.00255
  1.39355 -0.654811   1.00298
  1.39398 -0.654099   1.00298
  1.39441 -0.653387   1.00342
  1.39485 -0.652676   1.00342
  1.39528 -0.651967   1.00385
  1.39572 -0.651258   1.00385
  1.39615  -0.65055   1.00428
  1.39658 -0.649844   1.00428
  1.39702 -0.649138   1.00472
  1.39745 -0.648433   1.00472
  1.39788 -0.647729   1.00515
  1.39832 -0.647027   1.00515
  1.39875 -0.646325   1.00559
  1.39918 -0.645624   1.00559
  1.39962 -0.644924   1.00602
  1.40005 -0.644225   1.00602
  1.40048 -0.643527   1.00645
  1.40092  -0.64283   1.00645
  1.40135 -0.642134   1.00689
  1.40178 -0.641439   1.00689
  1.40222 -0.640745   1.00732
  1.40265 -0.640052   1.00732
  1.40308  -0.63936   1.00775
  1.40352 -0.638669   1.00775
  1.40395 -0.637978   1.00819
  1.40438 -0.637289   1.00862
  1.40482 -0.636601   1.00862
  1.40525 -0.635914   1.00905
  1.40569 -0.635227   1.00905
  1.40612 -0.634542   1.00949
  1.40655 -0.633857   1.00949
  1.40699 -0.633173   1.00992
  1.40742  -0.63249   1.00992
  1.40785 -0.631809   1.01035
  1.40829 -0.631128   1.01035
  1.40872 -0.630448   1.01079
  1.40915 -0.629769   1.01079
  1.40959 -0.629091   1.01122
  1.41002 -0.628414   1.01122
  1.41045 -0.627738   1.01165
  1.41089 -0.627063   1.01165
  1.41132 -0.626388   1.01209
  1.41175 -0.625715   1.01209
  1.41219 -0.625043   1.01252
  1.41262 -0.624371   1.01252
  1.41305   -0.6237   1.01295
  1.41349 -0.623031   1.01295
  1.41392 -0.622362   1.01339
  1.41435 -0.621694   1.01339
  1.41479 -0.621027   1.01382
  1.41522 -0.620361   1.01382
  1.41566 -0.619696   1.01425
  1.41609 -0.619032   1.01425
  1.41652 -0.618369   1.01469
  1.41696 -0.617706   1.01469
  1.41739 -0.617045   1.01512
  1.41782 -0.616384   1.01512
  1.41826 -0.615725   1.01556
  1.41869 -0.615066   1.01556
  1.41912 -0.614408   1.01599
  1.41956 -0.613751   1.01599
  1.41999 -0.613095   1.01642
  1.42042  -0.61244   1.01642
  1.42086 -0.611785   1.01686
  1.42129 -0.611132   1.01686
  1.42172  -0.61048   1.01729
  1.42216 -0.609828   1.01772
  1.42259 -0.609177   1.01772
  1.42302 -0.608528   1.01816
  1.42346 -0.607878   1.01816
  1.42389 -0.607231   1.01859
  1.42432 -0.606583   1.01859
  1.42476 -0.605937   1.01902
  1.42519 -0.605292   1.01902
  1.42563 -0.604647   1.01946
  1.42606 -0.604003   1.01946
  1.42649 -0.603361   1.01989
  1.42693 -0.602719   1.01989
  1.42736 -0.602078   1.02032
  1.42779 -0.601437   1.02032
  1.42823 -0.600798   1.02076
  1.42866  -0.60016   1.02076
  1.42909 -0.599522   1.02119
  1.42953 -0.598885   1.02119
  1.42996  -0.59825   1.02162
  1.43039 -0.597615   1.02162
  1.43083  -0.59698   1.02206
  1.43126 -0.596347   1.02206
  1.43169 -0.595715   1.02249
  1.43213 -0.595083   1.02249
  1.43256 -0.594452   1.02292
  1.43299 -0.593823   1.02292
  1.43343 -0.593194   1.02336
  1.43386 -0.592566   1.02336
  1.43429 -0.591938   1.02379
  1.43473 -0.591312   1.02379
  1.43516 -0.590686   1.02422
   1.4356 -0.590062   1.02422
  1.43603 -0.589437   1.02466
  1.43646 -0.588815   1.02466
   1.4369 -0.588192   1.02509
  1.43733 -0.587571   1.02509
  1.43776  -0.58695   1.02553
   1.4382 -0.586331   1.02553
  1.43863 -0.585712   1.02596
  1.43906 -0.585094   1.02596
   1.4395 -0.584476   1.02639
  1.43993  -0.58386   1.02683
  1.44036 -0.583244   1.02683
   1.4408  -0.58263   1.02726
  1.44123 -0.582016   1.02726
  1.44166 -0.581403   1.02769
   1.4421  -0.58079   1.02769
  1.44253 -0.580179   1.02813
  1.44296 -0.579568   1.02813
   1.4434 -0.578959   1.02856
  1.44383  -0.57835   1.02856
  1.44426 -0.577742   1.02899
   1.4447 -0.577134   1.02899
  1.44513 -0.576528   1.02943
  1.44557 -0.575922   1.02943
    1.446 -0.575317   1.02986
  1.44643 -0.574713   1.02986
  1.44687  -0.57411   1.03029
   1.4473 -0.573507   1.03029
  1.44773 -0.572906   1.03073
  1.44817 -0.572305   1.03073
   1.4486 -0.571705   1.03116
  1.44903 -0.571106   1.03116
  1.44947 -0.570507   1.03159
   1.4499 -0.569909   1.03159
  1.45033 -0.569313   1.03203
  1.45077 -0.568717   1.03203
   1.4512 -0.568121   1.03246
  1.45163 -0.567527   1.03246
  1.45207 -0.566933   1.03289
   1.4525  -0.56634   1.03289
  1.45293 -0.565748   1.03333
  1.45337 -0.565157   1.03333
   1.4538 -0.564566   1.03376
  1.45423 -0.563977   1.03376
  1.45467 -0.563388   1.03419
   1.4551   -0.5628   1.03419
  1.45554 -0.562212   1.03463
  1.45597 -0.561626   1.03463
   1.4564  -0.56104   1.03506
  1.45684 -0.560455   1.03506
  1.45727 -0.559871    1.0355
   1.4577 -0.559287    1.0355
  1.45814 -0.558704   1.03593
  1.45857 -0.558123   1.03636
    1.459 -0.557541   1.03636
  1.45944 -0.556961    1.0368
  1.45987 -0.556382    1.0368
   1.4603 -0.555803   1.03723
  1.46074 -0.555225   1.03723
  1.46117 -0.554648   1.03766
   1.4616 -0.554071   1.03766
  1.46204 -0.553495    1.0381
  1.46247  -0.55292    1.0381
   1.4629 -0.552346   1.03853
  1.46334 -0.551772   1.03853
  1.46377   -0.5512   1.03896
   1.4642 -0.550628   1.03896
  1.46464 -0.550057    1.0394
  1.46507 -0.549486    1.0394
  1.46551 -0.548917   1.03983
  1.46594 -0.548348   1.03983
  1.46637 -0.547779   1.04026
  1.46681 -0.547212   1.04026
  1.46724 -0.546645    1.0407
  1.46767 -0.546079    1.0407
  1.46811 -0.545514   1.04113
  1.46854  -0.54495   1.04113
  1.46897 -0.544386   1.04156
  1.46941 -0.543823   1.04156
  1.46984 -0.543261     1.042
  1.47027 -0.542699     1.042
  1.47071 -0.542139   1.04243
  1.47114 -0.541579   1.04243
  1.47157 -0.541019   1.04286
  1.47201 -0.540461   1.04286
  1.47244 -0.539903    1.0433
  1.47287 -0.539346    1.0433
  1.47331  -0.53879   1.04373
  1.47374 -0.538234   1.04373
  1.47417 -0.537679   1.04416
  1.47461 -0.537126   1.04416
  1.47504 -0.536572    1.0446
  1.47548  -0.53602    1.0446
  1.47591 -0.535467   1.04503
  1.47634 -0.534916   1.04503
  1.47678 -0.534366   1.04547
  1.47721 -0.533816   1.04547
  1.47764 -0.533267    1.0459
  1.47808 -0.532719   1.04633
  1.47851 -0.532171   1.04633
  1.47894 -0.531624   1.04677
  1.47938 -0.531078   1.04677
  1.47981 -0.530533    1.0472
  1.48024 -0.529988    1.0472
  1.48068 -0.529444   1.04763
  1.48111   -0.5289   1.04763
  1.48154 -0.528358   1.04807
  1.48198 -0.527816   1.04807
  1.48241 -0.527275    1.0485
  1.48284 -0.526734    1.0485
  1.48328 -0.526195   1.04893
  1.48371 -0.525656   1.04893
  1.48414 -0.525117   1.04937
  1.48458  -0.52458   1.04937
  1.48501 -0.524043    1.0498
  1.48545 -0.523506    1.0498
  1.48588 -0.522971   1.05023
  1.48631 -0.522436   1.05023
  1.48675 -0.521902   1.05067
  1.48718 -0.521368   1.05067
  1.48761 -0.520836    1.0511
  1.48805 -0.520304    1.0511
  1.48848 -0.519772   1.05153
  1.48891 -0.519242   1.05153
  1.48935 -0.518712   1.05197
  1.48978 -0.518182   1.05197
  1.49021 -0.517654    1.0524
  1.49065 -0.517126    1.0524
  1.49108 -0.516599   1.05283
  1.49151 -0.516072   1.05283
  1.49195 -0.515546   1.05327
  1.49238 -0.515021   1.05327
  1.49281 -0.514497    1.0537
  1.49325 -0.513973    1.0537
  1.49368  -0.51345   1.05413
  1.49411 -0.512927   1.05413
  1.49455 -0.512405   1.05457
  1.49498 -0.511885   1.05457
  1.49542 -0.511364     1.055
  1.49585 -0.510844     1.055
  1.49628 -0.510325   1.05544
  1.49672 -0.509807   1.05544
  1.49715 -0.509289   1.05587
  1.49758 -0.508772    1.0563
  1.49802 -0.508255    1.0563
  1.49845  -0.50774   1.05674
  1.49888 -0.507225   1.05674
  1.49932 -0.506711   1.05717
  1.49975 -0.506197   1.05717
  1.50018 -0.505684    1.0576
  1.50062 -0.505171    1.0576
  1.50105  -0.50466   1.05804
  1.50148 -0.504148   1.05804
  1.50192 -0.503638   1.05847
  1.50235 -0.503128   1.05847
  1.50278 -0.502619    1.0589
  1.50322 -0.502111    1.0589
  1.50365 -0.501603   1.05934
  1.50408 -0.501096   1.05934
  1.50452  -0.50059   1.05977
  1.50495 -0.500084   1.05977
  1.50539 -0.499579    1.0602
  1.50582 -0.499074    1.0602
  1.50625  -0.49857   1.06064
  1.50669 -0.498067   1.06064
  1.50712 -0.497564   1.06107
  1.50755 -0.497062   1.06107
  1.50799 -0.496561    1.0615
  1.50842 -0.496061    1.0615
  1.50885 -0.495561   1.06194
  1.50929 -0.495061   1.06194
  1.50972 -0.494563   1.06237
  1.51015 -0.494065   1.06237
  1.51059 -0.493567    1.0628
  1.51102  -0.49307    1.0628
  1.51145 -0.492574   1.06324
  1.51189 -0.492079   1.06324
  1.51232 -0.491584   1.06367
  1.51275  -0.49109   1.06367
  1.51319 -0.490596    1.0641
  1.51362 -0.490103    1.0641
  1.51405 -0.489611   1.06454
  1.51449 -0.489119   1.06454
  1.51492 -0.488628   1.06497
  1.51536 -0.488138   1.06497
  1.51579 -0.487648   1.06541
  1.51622 -0.487159   1.06541
  1.51666  -0.48667   1.06584
  1.51709 -0.486182   1.06627
  1.51752 -0.485695   1.06627
  1.51796 -0.485208   1.06671
  1.51839 -0.484722   1.06671
  1.51882 -0.484237   1.06714
  1.51926 -0.483752   1.06714
  1.51969 -0.483268   1.06757
  1.52012 -0.482784   1.06757
  1.52056 -0.482301   1.06801
  1.52099 -0.481818   1.06801
  1.52142 -0.481337   1.06844
  1.52186 -0.480856   1.06844
  1.52229 -0.480375   1.06887
  1.52272 -0.479895   1.06887
  1.52316 -0.479416   1.06931
  1.52359 -0.478937   1.06931
  1.52402 -0.478459   1.06974
  1.52446 -0.477982   1.06974
  1.52489 -0.477505   1.07017
  1.52533 -0.477029   1.07017
  1.52576 -0.476553   1.07061
  1.52619 -0.476078   1.07061
  1.52663 -0.475603   1.07104
  1.52706  -0.47513   1.07104
  1.52749 -0.474656   1.07147
  1.52793 -0.474184   1.07147
  1.52836 -0.473712   1.07191
  1.52879  -0.47324   1.07191
  1.52923 -0.472769   1.07234
  1.52966 -0.472299   1.07234
  1.53009  -0.47183   1.07277
  1.53053 -0.471361   1.07277
  1.53096 -0.470892   1.07321
  1.53139 -0.470424   1.07321
  1.53183 -0.469957   1.07364
  1.53226  -0.46949   1.07364
  1.53269 -0.469024   1.07407
  1.53313 -0.468559   1.07407
  1.53356 -0.468094   1.07451
  1.53399  -0.46763   1.07451
  1.53443 -0.467166   1.07494
  1.53486 -0.466703   1.07494
   1.5353  -0.46624   1.07538
  1.53573 -0.465778   1.07538
  1.53616 -0.465317   1.07581
   1.5366 -0.464856   1.07581
  1.53703 -0.464396   1.07624
  1.53746 -0.463936   1.07668
   1.5379 -0.463477   1.07668
  1.53833 -0.463019   1.07711
  1.53876 -0.462561   1.07711
   1.5392 -0.462104   1.07754
  1.53963 -0.461647   1.07754
  1.54006 -0.461191   1.07798
   1.5405 -0.460735   1.07798
  1.54093  -0.46028   1.07841
  1.54136 -0.459825   1.07841
   1.5418 -0.459372   1.07884
  1.54223 -0.458918   1.07884
  1.54266 -0.458466   1.07928
   1.5431 -0.458013   1.07928
  1.54353 -0.457562   1.07971
  1.54396 -0.457111   1.07971
   1.5444  -0.45666   1.08014
  1.54483  -0.45621   1.08014
  1.54527 -0.455761   1.08058
   1.5457 -0.455312   1.08058
  1.54613 -0.454864   1.08101
  1.54657 -0.454417   1.08101
    1.547  -0.45397   1.08144
  1.54743 -0.453523   1.08144
  1.54787 -0.453077   1.08188
   1.5483 -0.452632   1.08188
  1.54873 -0.452187   1.08231
  1.54917 -0.451743   1.08231
   1.5496 -0.451299   1.08274
  1.55003 -0.450856   1.08274
  1.55047 -0.450413   1.08318
   1.5509 -0.449971   1.08318
  1.55133 -0.449529   1.08361
  1.55177 -0.449089   1.08361
   1.5522 -0.448648   1.08404
  1.55263 -0.448208   1.08404
  1.55307 -0.447769   1.08448
   1.5535  -0.44733   1.08448
  1.55393 -0.446892   1.08491
  1.55437 -0.446454   1.08491
   1.5548 -0.446017   1.08535
  1.55524 -0.445581   1.08535
  1.55567 -0.445145   1.08578
   1.5561 -0.444709   1.08578
  1.55654 -0.444274   1.08621
  1.55697  -0.44384   1.08621
   1.5574 -0.443406   1.08665
  1.55784 -0.442973   1.08708
  1.55827  -0.44254   1.08708
   1.5587 -0.442108   1.08751
  1.55914 -0.441676   1.08751
  1.55957 -0.441245   1.08795
     1.56 -0.440814   1.08795
  1.56044 -0.440384   1.08838
  1.56087 -0.439955   1.08838
   1.5613 -0.439526   1.08881
  1.56174 -0.439097   1.08881
  1.56217 -0.438669   1.08925
   1.5626 -0.438242   1.08925
  1.56304 -0.437815   1.08968
  1.56347 -0.437389   1.08968
   1.5639 -0.436963   1.09011
  1.56434 -0.436537   1.09011
  1.56477 -0.436113   1.09055
  1.56521 -0.435688   1.09055
  1.56564 -0.435265   1.09098
  1.56607 -0.434842   1.09098
  1.56651 -0.434419   1.09141
  1.56694 -0.433997   1.09141
  1.56737 -0.433575   1.09185
  1.56781 -0.433154   1.09185
  1.56824 -0.432733   1.09228
  1.56867 -0.432313   1.09228
  1.56911 -0.431894   1.09271
  1.56954 -0.431475   1.09271
  1.56997 -0.431056   1.09315
  1.57041 -0.430638   1.09315
  1.57084 -0.430221   1.09358
  1.57127 -0.429804   1.09358
  1.57171 -0.429388   1.09401
  1.57214 -0.428972   1.09401
  1.57257 -0.428556   1.09445
  1.57301 -0.428141   1.09445
  1.57344 -0.427727   1.09488
  1.57387 -0.427313   1.09488
  1.57431   -0.4269   1.09532
  1.57474 -0.426487   1.09532
  1.57518 -0.426075   1.09575
  1.57561 -0.425663   1.09575
  1.57604 -0.425251   1.09618
  1.57648 -0.424841   1.09618
  1.57691  -0.42443   1.09662
  1.57734 -0.424021   1.09662
  1.57778 -0.423611   1.09705
  1.57821 -0.423203   1.09705
  1.57864 -0.422794   1.09748
  1.57908 -0.422387   1.09792
  1.57951 -0.421979   1.09792
  1.57994 -0.421572   1.09835
  1.58038 -0.421166   1.09835
  1.58081  -0.42076   1.09878
  1.58124 -0.420355   1.09878
  1.58168  -0.41995   1.09922
  1.58211 -0.419546   1.09922
  1.58254 -0.419142   1.09965
  1.58298 -0.418739   1.09965
  1.58341 -0.418336   1.10008
  1.58384 -0.417934   1.10008
  1.58428 -0.417532   1.10052
  1.58471  -0.41713   1.10052
  1.58515  -0.41673   1.10095
  1.58558 -0.416329   1.10095
  1.58601 -0.415929   1.10138
  1.58645  -0.41553   1.10138
  1.58688 -0.415131   1.10182
  1.58731 -0.414733   1.10182
  1.58775 -0.414335   1.10225
  1.58818 -0.413937   1.10225
  1.58861 -0.413541   1.10268
  1.58905 -0.413144   1.10268
  1.58948 -0.412748   1.10312
  1.58991 -0.412353   1.10312
  1.59035 -0.411958   1.10355
  1.59078 -0.411563   1.10355
  1.59121 -0.411169   1.10398
  1.59165 -0.410776   1.10398
  1.59208 -0.410383   1.10442
  1.59251  -0.40999   1.10442
  1.59295 -0.409598   1.10485
  1.59338 -0.409206   1.10485
  1.59381 -0.408815   1.10529
  1.59425 -0.408424   1.10529
  1.59468 -0.408034   1.10572
  1.59512 -0.407645   1.10572
  1.59555 -0.407255   1.10615
  1.59598 -0.406867   1.10615
  1.59642 -0.406478   1.10659
  1.59685  -0.40609   1.10659
  1.59728 -0.405703   1.10702
  1.59772 -0.405316   1.10702
  1.59815  -0.40493   1.10745
  1.59858 -0.404544   1.10745
  1.59902 -0.404158   1.10789
  1.59945 -0.403773   1.10789
  1.59988 -0.403389   1.10832
  1.60032 -0.403005   1.10875
  1.60075 -0.402621   1.10875
  1.60118 -0.402238   1.10919
  1.60162 -0.401855   1.10919
  1.60205 -0.401473   1.10962
  1.60248 -0.401091   1.10962
  1.60292  -0.40071   1.11005
  1.60335 -0.400329   1.11005
  1.60378 -0.399949   1.11049
  1.60422 -0.399569   1.11049
  1.60465 -0.399189   1.11092
  1.60509  -0.39881   1.11092
  1.60552 -0.398432   1.11135
  1.60595 -0.398054   1.11135
  1.60639 -0.397676   1.11179
  1.60682 -0.397299   1.11179
  1.60725 -0.396922   1.11222
  1.60769 -0.396546   1.11222
  1.60812  -0.39617   1.11265
  1.60855 -0.395795   1.11265
  1.60899  -0.39542   1.11309
  1.60942 -0.395046   1.11309
  1.60985 -0.394672   1.11352
  1.61029 -0.394298   1.11352
  1.61072 -0.393925   1.11395
  1.61115 -0.393552   1.11395
  1.61159  -0.39318   1.11439
  1.61202 -0.392808   1.11439
  1.61245 -0.392437   1.11482
  1.61289 -0.392066   1.11482
  1.61332 -0.391696   1.11526
  1.61375 -0.391326   1.11526
  1.61419 -0.390956   1.11569
  1.61462 -0.390587   1.11569
  1.61506 -0.390219   1.11612
  1.61549 -0.389851   1.11612
  1.61592 -0.389483   1.11656
  1.61636 -0.389116   1.11656
  1.61679 -0.388749   1.11699
  1.61722 -0.388382   1.11699
  1.61766 -0.388016   1.11742
  1.61809 -0.387651   1.11742
  1.61852 -0.387286   1.11786
  1.61896 -0.386921   1.11786
  1.61939 -0.386557   1.11829
  1.61982 -0.386193   1.11829
  1.62026  -0.38583   1.11872
  1.62069 -0.385467   1.11872
  1.62112 -0.385104   1.11916
  1.62156 -0.384743   1.11916
  1.62199 -0.384381   1.11959
  1.62242  -0.38402   1.12002
  1.62286 -0.383659   1.12002
  1.62329 -0.383299   1.12046
  1.62372 -0.382939   1.12046
  1.62416  -0.38258   1.12089
  1.62459  -0.38222   1.12089
  1.62503 -0.381862   1.12132
  1.62546 -0.381504   1.12132
  1.62589 -0.381146   1.12176
  1.62633 -0.380789   1.12176
  1.62676 -0.380432   1.12219
  1.62719 -0.380075   1.12219
  1.62763 -0.379719   1.12262
  1.62806 -0.379364   1.12262
  1.62849 -0.379009   1.12306
  1.62893 -0.378654   1.12306
  1.62936   -0.3783   1.12349
  1.62979 -0.377946   1.12349
  1.63023 -0.377592   1.12392
  1.63066 -0.377239   1.12392
  1.63109 -0.376887   1.12436
  1.63153 -0.376534   1.12436
  1.63196 -0.376183   1.12479
  1.63239 -0.375831   1.12479
  1.63283  -0.37548   1.12523
  1.63326  -0.37513   1.12523
  1.63369  -0.37478   1.12566
  1.63413  -0.37443   1.12566
  1.63456 -0.374081   1.12609
  1.63499 -0.373732   1.12609
  1.63543 -0.373383   1.12653
  1.63586 -0.373035   1.12653
   1.6363 -0.372688   1.12696
  1.63673  -0.37234   1.12696
  1.63716 -0.371994   1.12739
   1.6376 -0.371647   1.12739
  1.63803 -0.371301   1.12783
  1.63846 -0.370956   1.12783
   1.6389  -0.37061   1.12826
  1.63933 -0.370266   1.12826
  1.63976 -0.369921   1.12869
   1.6402 -0.369578   1.12869
  1.64063 -0.369234   1.12913
  1.64106 -0.368891   1.12913
   1.6415 -0.368548   1.12956
  1.64193 -0.368206   1.12956
  1.64236 -0.367864   1.12999
   1.6428 -0.367522   1.12999
  1.64323 -0.367181   1.13043
  1.64366 -0.366841   1.13043
   1.6441   -0.3665   1.13086
  1.64453 -0.366161   1.13129
  1.64496 -0.365821   1.13129
   1.6454 -0.365482   1.13173
  1.64583 -0.365143   1.13173
  1.64627 -0.364805   1.13216
   1.6467 -0.364467   1.13216
  1.64713  -0.36413   1.13259
  1.64757 -0.363792   1.13259
    1.648 -0.363456   1.13303
  1.64843 -0.363119   1.13303
  1.64887 -0.362784   1.13346
   1.6493 -0.362448   1.13346
  1.64973 -0.362113   1.13389
  1.65017 -0.361778   1.13389
   1.6506 -0.361444   1.13433
  1.65103  -0.36111   1.13433
  1.65147 -0.360777   1.13476
   1.6519 -0.360443   1.13476
  1.65233 -0.360111    1.1352
  1.65277 -0.359778    1.1352
   1.6532 -0.359446   1.13563
  1.65363 -0.359115   1.13563
  1.65407 -0.358784   1.13606
   1.6545 -0.358453   1.13606
  1.65493 -0.358122    1.1365
  1.65537 -0.357792    1.1365
   1.6558 -0.357463   1.13693
  1.65624 -0.357133   1.13693
  1.65667 -0.356805   1.13736
   1.6571 -0.356476   1.13736
  1.65754 -0.356148    1.1378
  1.65797  -0.35582    1.1378
   1.6584 -0.355493   1.13823
  1.65884 -0.355166   1.13823
  1.65927  -0.35484   1.13866
   1.6597 -0.354513   1.13866
  1.66014 -0.354188    1.1391
  1.66057 -0.353862    1.1391
    1.661 -0.353537   1.13953
  1.66144 -0.353213   1.13953
  1.66187 -0.352888   1.13996
   1.6623 -0.352564   1.13996
  1.66274 -0.352241    1.1404
  1.66317 -0.351918    1.1404
   1.6636 -0.351595   1.14083
  1.66404 -0.351273   1.14083
  1.66447 -0.350951   1.14126
   1.6649 -0.350629   1.14126
  1.66534 -0.350308    1.1417
  1.66577 -0.349987    1.1417
  1.66621 -0.349666   1.14213
  1.66664 -0.349346   1.14213
  1.66707 -0.349027   1.14256
  1.66751 -0.348707     1.143
  1.66794 -0.348388     1.143
  1.66837  -0.34807   1.14343
  1.66881 -0.347751   1.14343
  1.66924 -0.347434   1.14386
  1.66967 -0.347116   1.14386
  1.67011 -0.346799    1.1443
  1.67054 -0.346482    1.1443
  1.67097 -0.346166   1.14473
  1.67141  -0.34585   1.14473
  1.67184 -0.345534   1.14517
  1.67227 -0.345219   1.14517
  1.67271 -0.344904    1.1456
  1.67314 -0.344589    1.1456
  1.67357 -0.344275   1.14603
  1.67401 -0.343961   1.14603
  1.67444 -0.343648   1.14647
  1.67487 -0.343334   1.14647
  1.67531 -0.343022    1.1469
  1.67574 -0.342709    1.1469
  1.67618 -0.342397   1.14733
  1.67661 -0.342086   1.14733
  1.67704 -0.341774   1.14777
  1.67748 -0.341463   1.14777
  1.67791 -0.341153    1.1482
  1.67834 -0.340843    1.1482
  1.67878 -0.340533   1.14863
  1.67921 -0.340223   1.14863
  1.67964 -0.339914   1.14907
  1.68008 -0.339605   1.14907
  1.68051 -0.339297    1.1495
  1.68094 -0.338989    1.1495
  1.68138 -0.338681   1.14993
  1.68181 -0.338374   1.14993
  1.68224 -0.338067   1.15037
  1.68268  -0.33776   1.15037
  1.68311 -0.337454    1.1508
  1.68354 -0.337148    1.1508
  1.68398 -0.336842   1.15123
  1.68441 -0.336537   1.15123
  1.68484 -0.336232   1.15167
  1.68528 -0.335928   1.15167
  1.68571 -0.335623    1.1521
  1.68615  -0.33532    1.1521
  1.68658 -0.335016   1.15253
  1.68701 -0.334713   1.15253
  1.68745  -0.33441   1.15297
  1.68788 -0.334108   1.15297
  1.68831 -0.333806    1.1534
  1.68875 -0.333504    1.1534
  1.68918 -0.333202   1.15383
  1.68961 -0.332902   1.15383
  1.69005 -0.332601   1.15427
  1.69048 -0.332301    1.1547
  1.69091    -0.332    1.1547
  1.69135 -0.331701   1.15514
  1.69178 -0.331401   1.15514
  1.69221 -0.331103   1.15557
  1.69265 -0.330804   1.15557
  1.69308 -0.330506     1.156
  1.69351 -0.330208     1.156
  1.69395  -0.32991   1.15644
  1.69438 -0.329613   1.15644
  1.69481 -0.329316   1.15687
  1.69525 -0.329019   1.15687
  1.69568 -0.328723    1.1573
  1.69612 -0.328427    1.1573
  1.69655 -0.328132   1.15774
  1.69698 -0.327836   1.15774
  1.69742 -0.327542   1.15817
  1.69785 -0.327247   1.15817
  1.69828 -0.326953    1.1586
  1.69872 -0.326659    1.1586
  1.69915 -0.326365   1.15904
  1.69958 -0.326072   1.15904
  1.70002 -0.325779   1.15947
  1.70045 -0.325487   1.15947
  1.70088 -0.325195    1.1599
  1.70132 -0.324903    1.1599
  1.70175 -0.324611   1.16034
  1.70218  -0.32432   1.16034
  1.70262 -0.324029   1.16077
  1.70305 -0.323739   1.16077
  1.70348 -0.323448    1.1612
  1.70392 -0.323159    1.1612
  1.70435 -0.322869   1.16164
  1.70478  -0.32258   1.16164
  1.70522 -0.322291   1.16207
  1.70565 -0.322003   1.16207
  1.70609 -0.321714    1.1625
  1.70652 -0.321426    1.1625
  1.70695 -0.321139   1.16294
  1.70739 -0.320852   1.16294
  1.70782 -0.320565   1.16337
  1.70825 -0.320278   1.16337
  1.70869 -0.319992    1.1638
  1.70912 -0.319706    1.1638
  1.70955  -0.31942   1.16424
  1.70999 -0.319135   1.16424
  1.71042  -0.31885   1.16467
  1.71085 -0.318566   1.16467
  1.71129 -0.318281   1.16511
  1.71172 -0.317997   1.16511
  1.71215 -0.317714   1.16554
  1.71259  -0.31743   1.16554
  1.71302 -0.317147   1.16597
  1.71345 -0.316865   1.16597
  1.71389 -0.316582   1.16641
  1.71432   -0.3163   1.16684
  1.71475 -0.316018   1.16684
  1.71519 -0.315737   1.16727
  1.71562 -0.315456   1.16727
  1.71606 -0.315175   1.16771
  1.71649 -0.314895   1.16771
  1.71692 -0.314615   1.16814
  1.71736 -0.314335   1.16814
  1.71779 -0.314055   1.16857
  1.71822 -0.313776   1.16857
  1.71866 -0.313497   1.16901
  1.71909 -0.313219   1.16901
  1.71952 -0.312941   1.16944
  1.71996 -0.312663   1.16944
  1.72039 -0.312385   1.16987
  1.72082 -0.312108   1.16987
  1.72126 -0.311831   1.17031
  1.72169 -0.311554   1.17031
  1.72212 -0.311278   1.17074
  1.72256 -0.311002   1.17074
  1.72299 -0.310726   1.17117
  1.72342 -0.310451   1.17117
  1.72386 -0.310175   1.17161
  1.72429 -0.309901   1.17161
  1.72472 -0.309626   1.17204
  1.72516 -0.309352   1.17204
  1.72559 -0.309078   1.17247
  1.72603 -0.308805   1.17247
  1.72646 -0.308531   1.17291
  1.72689 -0.308258   1.17291
  1.72733 -0.307986   1.17334
  1.72776 -0.307713   1.17334
  1.72819 -0.307441   1.17377
  1.72863  -0.30717   1.17377
  1.72906 -0.306898   1.17421
  1.72949 -0.306627   1.17421
  1.72993 -0.306356   1.17464
  1.73036 -0.306086   1.17464
  1.73079 -0.305816   1.17508
  1.73123 -0.305546   1.17508
  1.73166 -0.305276   1.17551
  1.73209 -0.305007   1.17551
  1.73253 -0.304738   1.17594
  1.73296 -0.304469   1.17594
  1.73339 -0.304201   1.17638
  1.73383 -0.303933   1.17638
  1.73426 -0.303665   1.17681
  1.73469 -0.303398   1.17681
  1.73513  -0.30313   1.17724
  1.73556 -0.302864   1.17724
    1.736 -0.302597   1.17768
  1.73643 -0.302331   1.17768
  1.73686 -0.302065   1.17811
   1.7373 -0.301799   1.17811
  1.73773 -0.301534   1.17854
  1.73816 -0.301269   1.17854
   1.7386 -0.301004   1.17898
  1.73903  -0.30074   1.17941
  1.73946 -0.300475   1.17941
   1.7399 -0.300211   1.17984
  1.74033 -0.299948   1.17984
  1.74076 -0.299685   1.18028
   1.7412 -0.299421   1.18028
  1.74163 -0.299159   1.18071
  1.74206 -0.298896   1.18071
   1.7425 -0.298634   1.18114
  1.74293 -0.298372   1.18114
  1.74336 -0.298111   1.18158
   1.7438  -0.29785   1.18158
  1.74423 -0.297589   1.18201
  1.74466 -0.297328   1.18201
   1.7451 -0.297068   1.18244
  1.74553 -0.296807   1.18244
  1.74597 -0.296548   1.18288
   1.7464 -0.296288   1.18288
  1.74683 -0.296029   1.18331
  1.74727  -0.29577   1.18331
   1.7477 -0.295511   1.18374
  1.74813 -0.295253   1.18374
  1.74857 -0.294995   1.18418
    1.749 -0.294737   1.18418
  1.74943  -0.29448   1.18461
  1.74987 -0.294222   1.18461
   1.7503 -0.293965   1.18505
  1.75073 -0.293709   1.18505
  1.75117 -0.293453   1.18548
   1.7516 -0.293196   1.18548
  1.75203 -0.292941   1.18591
  1.75247 -0.292685   1.18591
   1.7529  -0.29243   1.18635
  1.75333 -0.292175   1.18635
  1.75377  -0.29192   1.18678
   1.7542 -0.291666   1.18678
  1.75463 -0.291412   1.18721
  1.75507 -0.291158   1.18721
   1.7555 -0.290905   1.18765
  1.75594 -0.290651   1.18765
  1.75637 -0.290398   1.18808
   1.7568 -0.290146   1.18808
  1.75724 -0.289893   1.18851
  1.75767 -0.289641   1.18851
   1.7581 -0.289389   1.18895
  1.75854 -0.289138   1.18895
  1.75897 -0.288887   1.18938
   1.7594 -0.288636   1.18938
  1.75984 -0.288385   1.18981
  1.76027 -0.288134   1.18981
   1.7607 -0.287884   1.19025
  1.76114 -0.287634   1.19025
  1.76157 -0.287385   1.19068
    1.762 -0.287135   1.19068
  1.76244 -0.286886   1.19111
  1.76287 -0.286638   1.19111
   1.7633 -0.286389   1.19155
  1.76374 -0.286141   1.19198
  1.76417 -0.285893   1.19198
   1.7646 -0.285645   1.19241
  1.76504 -0.285398   1.19241
  1.76547 -0.285151   1.19285
  1.76591 -0.284904   1.19285
  1.76634 -0.284657   1.19328
  1.76677 -0.284411   1.19328
  1.76721 -0.284165   1.19371
  1.76764 -0.283919   1.19371
  1.76807 -0.283673   1.19415
  1.76851 -0.283428   1.19415
  1.76894 -0.283183   1.19458
  1.76937 -0.282938   1.19458
  1.76981 -0.282694   1.19502
  1.77024  -0.28245   1.19502
  1.77067 -0.282206   1.19545
  1.77111 -0.281962   1.19545
  1.77154 -0.281719   1.19588
  1.77197 -0.281476   1.19588
  1.77241 -0.281233   1.19632
  1.77284  -0.28099   1.19632
  1.77327 -0.280748   1.19675
  1.77371 -0.280506   1.19675
  1.77414 -0.280264   1.19718
  1.77457 -0.280023   1.19718
  1.77501 -0.279782   1.19762
  1.77544 -0.279541   1.19762
  1.77588   -0.2793   1.19805
  1.77631 -0.279059   1.19805
  1.77674 -0.278819   1.19848
  1.77718 -0.278579   1.19848
  1.77761  -0.27834   1.19892
  1.77804   -0.2781   1.19892
  1.77848 -0.277861   1.19935
  1.77891 -0.277622   1.19935
  1.77934 -0.277384   1.19978
  1.77978 -0.277145   1.19978
  1.78021 -0.276907   1.20022
  1.78064 -0.276669   1.20022
  1.78108 -0.276432   1.20065
  1.78151 -0.276195   1.20065
  1.78194 -0.275957   1.20108
  1.78238 -0.275721   1.20108
  1.78281 -0.275484   1.20152
  1.78324 -0.275248   1.20152
  1.78368 -0.275012   1.20195
  1.78411 -0.274776   1.20195
  1.78454 -0.274541   1.20238
  1.78498 -0.274305   1.20238
  1.78541  -0.27407   1.20282
  1.78585 -0.273836   1.20282
  1.78628 -0.273601   1.20325
  1.78671 -0.273367   1.20325
  1.78715 -0.273133   1.20368
  1.78758 -0.272899   1.20368
  1.78801 -0.272666   1.20412
  1.78845 -0.272433   1.20412
  1.78888   -0.2722   1.20455
  1.78931 -0.271967   1.20498
  1.78975 -0.271735   1.20498
  1.79018 -0.271502   1.20542
  1.79061  -0.27127   1.20542
  1.79105 -0.271039   1.20585
  1.79148 -0.270807   1.20585
  1.79191 -0.270576   1.20629
  1.79235 -0.270345   1.20629
  1.79278 -0.270115   1.20672
  1.79321 -0.269884   1.20672
  1.79365 -0.269654   1.20715
  1.79408 -0.269424   1.20715
  1.79451 -0.269194   1.20759
  1.79495 -0.268965   1.20759
  1.79538 -0.268736   1.20802
  1.79582 -0.268507   1.20802
  1.79625 -0.268278   1.20845
  1.79668  -0.26805   1.20845
  1.79712 -0.267822   1.20889
  1.79755 -0.267594   1.20889
  1.79798 -0.267366   1.20932
  1.79842 -0.267139   1.20932
  1.79885 -0.266911   1.20975
  1.79928 -0.266684   1.20975
  1.79972 -0.266458   1.21019
  1.80015 -0.266231   1.21019
  1.80058 -0.266005   1.21062
  1.80102 -0.265779   1.21062
  1.80145 -0.265553   1.21105
  1.80188 -0.265328   1.21105
  1.80232 -0.265103   1.21149
  1.80275 -0.264878   1.21149
  1.80318 -0.264653   1.21192
  1.80362 -0.264428   1.21192
  1.80405 -0.264204   1.21235
  1.80448  -0.26398   1.21235
  1.80492 -0.263756   1.21279
  1.80535 -0.263533   1.21279
  1.80579 -0.263309   1.21322
  1.80622 -0.263086   1.21322
  1.80665 -0.262864   1.21365
  1.80709 -0.262641   1.21365
  1.80752 -0.262419   1.21409
  1.80795 -0.262197   1.21409
  1.80839 -0.261975   1.21452
  1.80882 -0.261753   1.21452
  1.80925 -0.261532   1.21495
  1.80969 -0.261311   1.21495
  1.81012  -0.26109   1.21539
  1.81055 -0.260869   1.21539
  1.81099 -0.260649   1.21582
  1.81142 -0.260428   1.21582
  1.81185 -0.260208   1.21626
  1.81229 -0.259989   1.21626
  1.81272 -0.259769   1.21669
  1.81315  -0.25955   1.21669
  1.81359 -0.259331   1.21712
  1.81402 -0.259112   1.21712
  1.81445 -0.258894   1.21756
  1.81489 -0.258675   1.21756
  1.81532 -0.258457   1.21799
  1.81576 -0.258239   1.21842
  1.81619 -0.258022   1.21842
  1.81662 -0.257805   1.21886
  1.81706 -0.257587   1.21886
  1.81749  -0.25737   1.21929
  1.81792 -0.257154   1.21929
  1.81836 -0.256937   1.21972
  1.81879 -0.256721   1.21972
  1.81922 -0.256505   1.22016
  1.81966 -0.256289   1.22016
  1.82009 -0.256074   1.22059
  1.82052 -0.255859   1.22059
  1.82096 -0.255644   1.22102
  1.82139 -0.255429   1.22102
  1.82182 -0.255214   1.22146
  1.82226    -0.255   1.22146
  1.82269 -0.254786   1.22189
  1.82312 -0.254572   1.22189
  1.82356 -0.254358   1.22232
  1.82399 -0.254145   1.22232
  1.82442 -0.253931   1.22276
  1.82486 -0.253718   1.22276
  1.82529 -0.253506   1.22319
  1.82573 -0.253293   1.22319
  1.82616 -0.253081   1.22362
  1.82659 -0.252869   1.22362
  1.82703 -0.252657   1.22406
  1.82746 -0.252445   1.22406
  1.82789 -0.252234   1.22449
  1.82833 -0.252023   1.22449
  1.82876 -0.251812   1.22492
  1.82919 -0.251601   1.22492
  1.82963  -0.25139   1.22536
  1.83006  -0.25118   1.22536
  1.83049  -0.25097   1.22579
  1.83093  -0.25076   1.22579
  1.83136 -0.250551   1.22623
  1.83179 -0.250341   1.22623
  1.83223 -0.250132   1.22666
  1.83266 -0.249923   1.22666
  1.83309 -0.249714   1.22709
  1.83353 -0.249506   1.22709
  1.83396 -0.249298   1.22753
  1.83439 -0.249089   1.22753
  1.83483 -0.248882   1.22796
  1.83526 -0.248674   1.22796
   1.8357 -0.248467   1.22839
  1.83613 -0.248259   1.22839
  1.83656 -0.248052   1.22883
    1.837 -0.247846   1.22883
  1.83743 -0.247639   1.22926
  1.83786 -0.247433   1.22926
   1.8383 -0.247227   1.22969
  1.83873 -0.247021   1.22969
  1.83916 -0.246815   1.23013
   1.8396  -0.24661   1.23013
  1.84003 -0.246405   1.23056
  1.84046   -0.2462   1.23056
   1.8409 -0.245995   1.23099
  1.84133  -0.24579   1.23099
  1.84176 -0.245586   1.23143
   1.8422 -0.245382   1.23143
  1.84263 -0.245178   1.23186
  1.84306 -0.244974   1.23229
   1.8435 -0.244771   1.23229
  1.84393 -0.244568   1.23273
  1.84436 -0.244364   1.23273
   1.8448 -0.244162   1.23316
  1.84523 -0.243959   1.23316
  1.84567 -0.243757   1.23359
   1.8461 -0.243554   1.23359
  1.84653 -0.243353   1.23403
  1.84697 -0.243151   1.23403
   1.8474 -0.242949   1.23446
  1.84783 -0.242748   1.23446
  1.84827 -0.242547   1.23489
   1.8487 -0.242346   1.23489
  1.84913 -0.242145   1.23533
  1.84957 -0.241945   1.23533
     1.85 -0.241744   1.23576