 kgrid  ValNew  Policy 
      0.55   -14.3025       0.55
  0.550433   -14.2233       0.55
  0.550867   -14.1447       0.55
    0.5513   -14.0666       0.55
  0.551734    -13.989       0.55
  0.552167    -13.912       0.55
  0.552601   -13.8356       0.55
  0.553034   -13.7596       0.55
  0.553468   -13.6842       0.55
  0.553901   -13.6093       0.55
  0.554335   -13.5349       0.55
  0.554768   -13.4611       0.55
  0.555202   -13.3877       0.55
  0.555635   -13.3149       0.55
  0.556069   -13.2425       0.55
  0.556502   -13.1707       0.55
  0.556936   -13.0993       0.55
  0.557369   -13.0284       0.55
  0.557803   -12.9581       0.55
  0.558236   -12.8881       0.55
   0.55867   -12.8187       0.55
  0.559103   -12.7498       0.55
  0.559537   -12.6813       0.55
   0.55997   -12.6133       0.55
  0.560403   -12.5457       0.55
  0.560837   -12.4786       0.55
   0.56127   -12.4119       0.55
  0.561704   -12.3457       0.55
  0.562137     -12.28       0.55
  0.562571   -12.2147       0.55
  0.563004   -12.1498       0.55
  0.563438   -12.0853       0.55
  0.563871   -12.0213       0.55
  0.564305   -11.9578       0.55
  0.564738   -11.8946       0.55
  0.565172   -11.8319       0.55
  0.565605   -11.7696       0.55
  0.566039   -11.7077       0.55
  0.566472   -11.6462       0.55
  0.566906   -11.5851       0.55
  0.567339   -11.5244       0.55
  0.567773   -11.4641       0.55
  0.568206   -11.4043       0.55
   0.56864   -11.3448       0.55
  0.569073   -11.2857       0.55
  0.569507    -11.227       0.55
   0.56994   -11.1687       0.55
  0.570373   -11.1107       0.55
  0.570807   -11.0532       0.55
   0.57124    -10.996       0.55
  0.571674   -10.9392       0.55
  0.572107   -10.8828       0.55
  0.572541   -10.8267       0.55
  0.572974    -10.771       0.55
  0.573408   -10.7157       0.55
  0.573841   -10.6607       0.55
  0.574275   -10.6061       0.55
  0.574708   -10.5518       0.55
  0.575142   -10.4979       0.55
  0.575575   -10.4443       0.55
  0.576009   -10.3911       0.55
  0.576442   -10.3382       0.55
  0.576876   -10.2857       0.55
  0.577309   -10.2335       0.55
  0.577743   -10.1816       0.55
  0.578176   -10.1301       0.55
   0.57861   -10.0789       0.55
  0.579043    -10.028       0.55
  0.579476   -9.97745       0.55
   0.57991   -9.92721       0.55
  0.580343    -9.8773       0.55
  0.580777    -9.8277       0.55
   0.58121   -9.77842       0.55
  0.581644   -9.72945       0.55
  0.582077   -9.68079       0.55
  0.582511   -9.63244       0.55
  0.582944    -9.5844       0.55
  0.583378   -9.53665       0.55
  0.583811   -9.48921       0.55
  0.584245   -9.44206       0.55
  0.584678   -9.39521       0.55
  0.585112   -9.34866       0.55
  0.585545    -9.3024       0.55
  0.585979   -9.25642       0.55
  0.586412   -9.21073       0.55
  0.586846   -9.16533       0.55
  0.587279   -9.12021       0.55
  0.587713   -9.07537       0.55
  0.588146   -9.03081       0.55
   0.58858   -8.98653       0.55
  0.589013   -8.94252       0.55
  0.589446   -8.89878       0.55
   0.58988   -8.85531       0.55
  0.590313   -8.81212       0.55
  0.590747   -8.76918       0.55
   0.59118   -8.72651       0.55
  0.591614   -8.68411       0.55
  0.592047   -8.64196       0.55
  0.592481   -8.60008       0.55
  0.592914   -8.55845       0.55
  0.593348   -8.51707       0.55
  0.593781   -8.47595       0.55
  0.594215   -8.43508       0.55
  0.594648   -8.39445       0.55
  0.595082   -8.35408       0.55
  0.595515   -8.31395       0.55
  0.595949   -8.27406       0.55
  0.596382   -8.23442       0.55
  0.596816   -8.19501       0.55
  0.597249   -8.15584       0.55
  0.597683   -8.11691       0.55
  0.598116   -8.07822       0.55
   0.59855   -8.03976       0.55
  0.598983   -8.00153       0.55
  0.599416   -7.96353       0.55
   0.59985   -7.92575       0.55
  0.600283   -7.88821       0.55
  0.600717   -7.85088       0.55
   0.60115   -7.81379       0.55
  0.601584   -7.77691       0.55
  0.602017   -7.74025       0.55
  0.602451   -7.70381       0.55
  0.602884   -7.66759       0.55
  0.603318   -7.63158       0.55
  0.603751   -7.59579       0.55
  0.604185   -7.56021       0.55
  0.604618   -7.52484       0.55
  0.605052   -7.48968       0.55
  0.605485   -7.45473       0.55
  0.605919   -7.41998       0.55
  0.606352   -7.38544       0.55
  0.606786    -7.3511       0.55
  0.607219   -7.31696       0.55
  0.607653   -7.28302       0.55
  0.608086   -7.24928       0.55
   0.60852   -7.21574       0.55
  0.608953    -7.1824       0.55
  0.609386   -7.14925       0.55
   0.60982   -7.11629       0.55
  0.610253   -7.08353       0.55
  0.610687   -7.05095       0.55
   0.61112   -7.01857       0.55
  0.611554   -6.98637       0.55
  0.611987   -6.95436       0.55
  0.612421   -6.92254       0.55
  0.612854   -6.89089       0.55
  0.613288   -6.85944       0.55
  0.613721   -6.82816       0.55
  0.614155   -6.79706       0.55
  0.614588   -6.76615       0.55
  0.615022   -6.73541       0.55
  0.615455   -6.70484       0.55
  0.615889   -6.67446       0.55
  0.616322   -6.64424       0.55
  0.616756    -6.6142       0.55
  0.617189   -6.58433       0.55
  0.617623   -6.55463       0.55
  0.618056    -6.5251       0.55
  0.618489   -6.49574       0.55
  0.618923   -6.46655       0.55
  0.619356   -6.43752       0.55
   0.61979   -6.40866       0.55
  0.620223   -6.37996       0.55
  0.620657   -6.35142       0.55
   0.62109   -6.32304       0.55
  0.621524   -6.29483       0.55
  0.621957   -6.26677       0.55
  0.622391   -6.23887       0.55
  0.622824   -6.21113       0.55
  0.623258   -6.18354       0.55
  0.623691   -6.15611       0.55
  0.624125   -6.12883       0.55
  0.624558   -6.10171       0.55
  0.624992   -6.07474       0.55
  0.625425   -6.04791       0.55
  0.625859   -6.02124       0.55
  0.626292   -5.99472       0.55
  0.626726   -5.96834       0.55
  0.627159   -5.94211       0.55
  0.627593   -5.91603       0.55
  0.628026   -5.89009       0.55
  0.628459   -5.86429       0.55
  0.628893   -5.83864       0.55
  0.629326   -5.81313       0.55
   0.62976   -5.78776       0.55
  0.630193   -5.76253       0.55
  0.630627   -5.73744       0.55
   0.63106   -5.71248       0.55
  0.631494   -5.68767       0.55
  0.631927   -5.66299       0.55
  0.632361   -5.63844       0.55
  0.632794   -5.61403       0.55
  0.633228   -5.58976       0.55
  0.633661   -5.56562       0.55
  0.634095    -5.5416       0.55
  0.634528   -5.51772       0.55
  0.634962   -5.49397       0.55
  0.635395   -5.47035       0.55
  0.635829   -5.44686       0.55
  0.636262   -5.42349       0.55
  0.636696   -5.40025       0.55
  0.637129   -5.37714       0.55
  0.637563   -5.35415       0.55
  0.637996   -5.33129       0.55
  0.638429   -5.30855       0.55
  0.638863   -5.28593       0.55
  0.639296   -5.26343       0.55
   0.63973   -5.24106       0.55
  0.640163    -5.2188       0.55
  0.640597   -5.19667       0.55
   0.64103   -5.17465       0.55
  0.641464   -5.15275       0.55
  0.641897   -5.13097       0.55
  0.642331   -5.10931       0.55
  0.642764   -5.08776       0.55
  0.643198   -5.06632       0.55
  0.643631     -5.045       0.55
  0.644065   -5.02379       0.55
  0.644498    -5.0027       0.55
  0.644932   -4.98172       0.55
  0.645365   -4.96084       0.55
  0.645799   -4.94008       0.55
  0.646232   -4.91943       0.55
  0.646666   -4.89889       0.55
  0.647099   -4.87846       0.55
  0.647533   -4.85813       0.55
  0.647966   -4.83791       0.55
  0.648399    -4.8178       0.55
  0.648833   -4.79779       0.55
  0.649266   -4.77789       0.55
    0.6497   -4.75809       0.55
  0.650133    -4.7384       0.55
  0.650567   -4.71881       0.55
     0.651   -4.69932       0.55
  0.651434   -4.67994       0.55
  0.651867   -4.66065       0.55
  0.652301   -4.64146       0.55
  0.652734   -4.62238       0.55
  0.653168   -4.60339       0.55
  0.653601   -4.58451       0.55
  0.654035   -4.56572       0.55
  0.654468   -4.54702       0.55
  0.654902   -4.52843       0.55
  0.655335   -4.50993       0.55
  0.655769   -4.49153       0.55
  0.656202   -4.47322       0.55
  0.656636     -4.455       0.55
  0.657069   -4.43688       0.55
  0.657503   -4.41885       0.55
  0.657936   -4.40092       0.55
  0.658369   -4.38308       0.55
  0.658803   -4.36532       0.55
  0.659236   -4.34766       0.55
   0.65967   -4.33009       0.55
  0.660103   -4.31261       0.55
  0.660537   -4.29522       0.55
   0.66097   -4.27792       0.55
  0.661404    -4.2607       0.55
  0.661837   -4.24358       0.55
  0.662271   -4.22654       0.55
  0.662704   -4.20958       0.55
  0.663138   -4.19272       0.55
  0.663571   -4.17593       0.55
  0.664005   -4.15924       0.55
  0.664438   -4.14262       0.55
  0.664872   -4.12609       0.55
  0.665305   -4.10965       0.55
  0.665739   -4.09329       0.55
  0.666172   -4.07701       0.55
  0.666606   -4.06081       0.55
  0.667039   -4.04469       0.55
  0.667472   -4.02865       0.55
  0.667906    -4.0127       0.55
  0.668339   -3.99682       0.55
  0.668773   -3.98102       0.55
  0.669206   -3.96531       0.55
   0.66964   -3.94967       0.55
  0.670073   -3.93411       0.55
  0.670507   -3.91862       0.55
   0.67094   -3.90321       0.55
  0.671374   -3.88788       0.55
  0.671807   -3.87263       0.55
  0.672241   -3.85745       0.55
  0.672674   -3.84235       0.55
  0.673108   -3.82732       0.55
  0.673541   -3.81237       0.55
  0.673975   -3.79748       0.55
  0.674408   -3.78268       0.55
  0.674842   -3.76794       0.55
  0.675275   -3.75328       0.55
  0.675709   -3.73869       0.55
  0.676142   -3.72417       0.55
  0.676576   -3.70973       0.55
  0.677009   -3.69535       0.55
  0.677442   -3.68105       0.55
  0.677876   -3.66681       0.55
  0.678309   -3.65265       0.55
  0.678743   -3.63855       0.55
  0.679176   -3.62452       0.55
   0.67961   -3.61056       0.55
  0.680043   -3.59667       0.55
  0.680477   -3.58285       0.55
   0.68091   -3.56909       0.55
  0.681344    -3.5554       0.55
  0.681777   -3.54178       0.55
  0.682211   -3.52822       0.55
  0.682644   -3.51473       0.55
  0.683078    -3.5013       0.55
  0.683511   -3.48794       0.55
  0.683945   -3.47464       0.55
  0.684378   -3.46141       0.55
  0.684812   -3.44824       0.55
  0.685245   -3.43513       0.55
  0.685679   -3.42209       0.55
  0.686112   -3.40911       0.55
  0.686546   -3.39619       0.55
  0.686979   -3.38333       0.55
  0.687412   -3.37054       0.55
  0.687846    -3.3578       0.55
  0.688279   -3.34513       0.55
  0.688713   -3.33252       0.55
  0.689146   -3.31997       0.55
   0.68958   -3.30747       0.55
  0.690013   -3.29504       0.55
  0.690447   -3.28267       0.55
   0.69088   -3.27035       0.55
  0.691314   -3.25809       0.55
  0.691747   -3.24589       0.55
  0.692181   -3.23375       0.55
  0.692614   -3.22167       0.55
  0.693048   -3.20964       0.55
  0.693481   -3.19767       0.55
  0.693915   -3.18576       0.55
  0.694348    -3.1739       0.55
  0.694782    -3.1621       0.55
  0.695215   -3.15035       0.55
  0.695649   -3.13866       0.55
  0.696082   -3.12703       0.55
  0.696516   -3.11544       0.55
  0.696949   -3.10392       0.55
  0.697382   -3.09244       0.55
  0.697816   -3.08102       0.55
  0.698249   -3.06966       0.55
  0.698683   -3.05834       0.55
  0.699116   -3.04708       0.55
   0.69955   -3.03587       0.55
  0.699983   -3.02472       0.55
  0.700417   -3.01361       0.55
   0.70085   -3.00256       0.55
  0.701284   -2.99156       0.55
  0.701717   -2.98061       0.55
  0.702151   -2.96971       0.55
  0.702584   -2.95886       0.55
  0.703018   -2.94806       0.55
  0.703451   -2.93731       0.55
  0.703885   -2.92661       0.55
  0.704318   -2.91595       0.55
  0.704752   -2.90535       0.55
  0.705185    -2.8948       0.55
  0.705619   -2.88429       0.55
  0.706052   -2.87384       0.55
  0.706485   -2.86343       0.55
  0.706919   -2.85307       0.55
  0.707352   -2.84275       0.55
  0.707786   -2.83249       0.55
  0.708219   -2.82227       0.55
  0.708653   -2.81209       0.55
  0.709086   -2.80197       0.55
   0.70952   -2.79189       0.55
  0.709953   -2.78185       0.55
  0.710387   -2.77186       0.55
   0.71082   -2.76192       0.55
  0.711254   -2.75202       0.55
  0.711687   -2.74217       0.55
  0.712121   -2.73236       0.55
  0.712554   -2.72259       0.55
  0.712988   -2.71287       0.55
  0.713421   -2.70319       0.55
  0.713855   -2.69356       0.55
  0.714288   -2.68397       0.55
  0.714722   -2.67442       0.55
  0.715155   -2.66492       0.55
  0.715589   -2.65546       0.55
  0.716022   -2.64604       0.55
  0.716455   -2.63666       0.55
  0.716889   -2.62733       0.55
  0.717322   -2.61804       0.55
  0.717756   -2.60879       0.55
  0.718189   -2.59958       0.55
  0.718623   -2.59041       0.55
  0.719056   -2.58128       0.55
   0.71949   -2.57219       0.55
  0.719923   -2.56315       0.55
  0.720357   -2.55414       0.55
   0.72079   -2.54517       0.55
  0.721224   -2.53625       0.55
  0.721657   -2.52736       0.55
  0.722091   -2.51851       0.55
  0.722524    -2.5097       0.55
  0.722958   -2.50093       0.55
  0.723391    -2.4922       0.55
  0.723825   -2.48351       0.55
  0.724258   -2.47485       0.55
  0.724692   -2.46624       0.55
  0.725125   -2.45766       0.55
  0.725559   -2.44912       0.55
  0.725992   -2.44062       0.55
  0.726425   -2.43215       0.55
  0.726859   -2.42372       0.55
  0.727292   -2.41533       0.55
  0.727726   -2.40698       0.55
  0.728159   -2.39866       0.55
  0.728593   -2.39038       0.55
  0.729026   -2.38213       0.55
   0.72946   -2.37392       0.55
  0.729893   -2.36575       0.55
  0.730327   -2.35761       0.55
   0.73076   -2.34951       0.55
  0.731194   -2.34144       0.55
  0.731627    -2.3334       0.55
  0.732061   -2.32541       0.55
  0.732494   -2.31744       0.55
  0.732928   -2.30951       0.55
  0.733361   -2.30162       0.55
  0.733795   -2.29376       0.55
  0.734228   -2.28593       0.55
  0.734662   -2.27814       0.55
  0.735095   -2.27038       0.55
  0.735529   -2.26265       0.55
  0.735962   -2.25496       0.55
  0.736395    -2.2473       0.55
  0.736829   -2.23968       0.55
  0.737262   -2.23208       0.55
  0.737696   -2.22452       0.55
  0.738129   -2.21699       0.55
  0.738563    -2.2095       0.55
  0.738996   -2.20203       0.55
   0.73943    -2.1946       0.55
  0.739863    -2.1872       0.55
  0.740297   -2.17983       0.55
   0.74073   -2.17249       0.55
  0.741164   -2.16518       0.55
  0.741597   -2.15791       0.55
  0.742031   -2.15066       0.55
  0.742464   -2.14345       0.55
  0.742898   -2.13626       0.55
  0.743331   -2.12911       0.55
  0.743765   -2.12199       0.55
  0.744198   -2.11489       0.55
  0.744632   -2.10783       0.55
  0.745065    -2.1008       0.55
  0.745498   -2.09379       0.55
  0.745932   -2.08682       0.55
  0.746365   -2.07988       0.55
  0.746799   -2.07296       0.55
  0.747232   -2.06607       0.55
  0.747666   -2.05922       0.55
  0.748099   -2.05239       0.55
  0.748533   -2.04559       0.55
  0.748966   -2.03882       0.55
    0.7494   -2.03207       0.55
  0.749833   -2.02536       0.55
  0.750267   -2.01867       0.55
    0.7507   -2.01201       0.55
  0.751134   -2.00538       0.55
  0.751567   -1.99878       0.55
  0.752001    -1.9922       0.55
  0.752434   -1.98565       0.55
  0.752868   -1.97913       0.55
  0.753301   -1.97264       0.55
  0.753735   -1.96617       0.55
  0.754168   -1.95973       0.55
  0.754602   -1.95332       0.55
  0.755035   -1.94693       0.55
  0.755468   -1.94057       0.55
  0.755902   -1.93423       0.55
  0.756335   -1.92792       0.55
  0.756769   -1.92164       0.55
  0.757202   -1.91538       0.55
  0.757636   -1.90915       0.55
  0.758069   -1.90295       0.55
  0.758503   -1.89677       0.55
  0.758936   -1.89061       0.55
   0.75937   -1.88448       0.55
  0.759803   -1.87838       0.55
  0.760237    -1.8723       0.55
   0.76067   -1.86625       0.55
  0.761104   -1.86022       0.55
  0.761537   -1.85421       0.55
  0.761971   -1.84823       0.55
  0.762404   -1.84228       0.55
  0.762838   -1.83634       0.55
  0.763271   -1.83044       0.55
  0.763705   -1.82455       0.55
  0.764138   -1.81869       0.55
  0.764572   -1.81286       0.55
  0.765005   -1.80704       0.55
  0.765438   -1.80126       0.55
  0.765872   -1.79549       0.55
  0.766305   -1.78975       0.55
  0.766739   -1.78403       0.55
  0.767172   -1.77833       0.55
  0.767606   -1.77266       0.55
  0.768039   -1.76701       0.55
  0.768473   -1.76138       0.55
  0.768906   -1.75578       0.55
   0.76934    -1.7502       0.55
  0.769773   -1.74464       0.55
  0.770207    -1.7391       0.55
   0.77064   -1.73359       0.55
  0.771074   -1.72809       0.55
  0.771507   -1.72262       0.55
  0.771941   -1.71717       0.55
  0.772374   -1.71175       0.55
  0.772808   -1.70634       0.55
  0.773241   -1.70096       0.55
  0.773675    -1.6956       0.55
  0.774108   -1.69026       0.55
  0.774542   -1.68494       0.55
  0.774975   -1.67964       0.55
  0.775408   -1.67436       0.55
  0.775842    -1.6691       0.55
  0.776275   -1.66387       0.55
  0.776709   -1.65865       0.55
  0.777142   -1.65346       0.55
  0.777576   -1.64828       0.55
  0.778009   -1.64313       0.55
  0.778443     -1.638       0.55
  0.778876   -1.63289       0.55
   0.77931   -1.62779       0.55
  0.779743   -1.62272       0.55
  0.780177   -1.61767       0.55
   0.78061   -1.61264       0.55
  0.781044   -1.60762       0.55
  0.781477   -1.60263       0.55
  0.781911   -1.59766       0.55
  0.782344    -1.5927       0.55
  0.782778   -1.58777       0.55
  0.783211   -1.58285       0.55
  0.783645   -1.57796       0.55
  0.784078   -1.57308       0.55
  0.784512   -1.56822       0.55
  0.784945   -1.56338       0.55
  0.785378   -1.55856       0.55
  0.785812   -1.55376       0.55
  0.786245   -1.54898       0.55
  0.786679   -1.54422       0.55
  0.787112   -1.53947       0.55
  0.787546   -1.53475       0.55
  0.787979   -1.53004       0.55
  0.788413   -1.52535       0.55
  0.788846   -1.52067       0.55
   0.78928   -1.51602       0.55
  0.789713   -1.51138       0.55
  0.790147   -1.50677       0.55
   0.79058   -1.50217       0.55
  0.791014   -1.49758       0.55
  0.791447   -1.49302       0.55
  0.791881   -1.48847       0.55
  0.792314   -1.48394       0.55
  0.792748   -1.47943       0.55
  0.793181   -1.47493       0.55
  0.793615   -1.47046       0.55
  0.794048     -1.466       0.55
  0.794481   -1.46155       0.55
  0.794915   -1.45713       0.55
  0.795348   -1.45272       0.55
  0.795782   -1.44832       0.55
  0.796215   -1.44395       0.55
  0.796649   -1.43959       0.55
  0.797082   -1.43525       0.55
  0.797516   -1.43092       0.55
  0.797949   -1.42661       0.55
  0.798383   -1.42232       0.55
  0.798816   -1.41804       0.55
   0.79925   -1.41378       0.55
  0.799683   -1.40954       0.55
  0.800117   -1.40531       0.55
   0.80055    -1.4011       0.55
  0.800984    -1.3969       0.55
  0.801417   -1.39272       0.55
  0.801851   -1.38856       0.55
  0.802284   -1.38441       0.55
  0.802718   -1.38028       0.55
  0.803151   -1.37616       0.55
  0.803585   -1.37206       0.55
  0.804018   -1.36797       0.55
  0.804451    -1.3639       0.55
  0.804885   -1.35984       0.55
  0.805318    -1.3558       0.55
  0.805752   -1.35178       0.55
  0.806185   -1.34777       0.55
  0.806619   -1.34377       0.55
  0.807052   -1.33979       0.55
  0.807486   -1.33583       0.55
  0.807919   -1.33188       0.55
  0.808353   -1.32794       0.55
  0.808786   -1.32402       0.55
   0.80922   -1.32011       0.55
  0.809653   -1.31622       0.55
  0.810087   -1.31234       0.55
   0.81052   -1.30848       0.55
  0.810954   -1.30463       0.55
  0.811387    -1.3008       0.55
  0.811821   -1.29698       0.55
  0.812254   -1.29317       0.55
  0.812688   -1.28938       0.55
  0.813121    -1.2856       0.55
  0.813555   -1.28184       0.55
  0.813988   -1.27809       0.55
  0.814421   -1.27435       0.55
  0.814855   -1.27063       0.55
  0.815288   -1.26692       0.55
  0.815722   -1.26323       0.55
  0.816155   -1.25955       0.55
  0.816589   -1.25588       0.55
  0.817022   -1.25223       0.55
  0.817456   -1.24859       0.55
  0.817889   -1.24496       0.55
  0.818323   -1.24134       0.55
  0.818756   -1.23774       0.55
   0.81919   -1.23416       0.55
  0.819623   -1.23058       0.55
  0.820057   -1.22702       0.55
   0.82049   -1.22347       0.55
  0.820924   -1.21994       0.55
  0.821357   -1.21642       0.55
  0.821791   -1.21291       0.55
  0.822224   -1.20941       0.55
  0.822658   -1.20593       0.55
  0.823091   -1.20246       0.55
  0.823525     -1.199       0.55
  0.823958   -1.19555       0.55
  0.824391   -1.19212       0.55
  0.824825    -1.1887       0.55
  0.825258   -1.18529       0.55
  0.825692   -1.18189       0.55
  0.826125   -1.17851       0.55
  0.826559   -1.17514       0.55
  0.826992   -1.17178       0.55
  0.827426   -1.16843       0.55
  0.827859   -1.16509       0.55
  0.828293   -1.16177       0.55
  0.828726   -1.15846       0.55
   0.82916   -1.15516       0.55
  0.829593   -1.15187       0.55
  0.830027    -1.1486       0.55
   0.83046   -1.14533       0.55
  0.830894   -1.14208       0.55
  0.831327   -1.13884       0.55
  0.831761   -1.13561       0.55
  0.832194    -1.1324       0.55
  0.832628   -1.12919       0.55
  0.833061     -1.126       0.55
  0.833494   -1.12281       0.55
  0.833928   -1.11964       0.55
  0.834361   -1.11648       0.55
  0.834795   -1.11333       0.55
  0.835228   -1.11019       0.55
  0.835662   -1.10707       0.55
  0.836095   -1.10395       0.55
  0.836529   -1.10085       0.55
  0.836962   -1.09776       0.55
  0.837396   -1.09467       0.55
  0.837829    -1.0916       0.55
  0.838263   -1.08854       0.55
  0.838696   -1.08549       0.55
   0.83913   -1.08245       0.55
  0.839563   -1.07943       0.55
  0.839997   -1.07641       0.55
   0.84043    -1.0734       0.55
  0.840864   -1.07041       0.55
  0.841297   -1.06742       0.55
  0.841731   -1.06444       0.55
  0.842164   -1.06148       0.55
  0.842598   -1.05853       0.55
  0.843031   -1.05558       0.55
  0.843464   -1.05265       0.55
  0.843898   -1.04973       0.55
  0.844331   -1.04681       0.55
  0.844765   -1.04391       0.55
  0.845198   -1.04102       0.55
  0.845632   -1.03814       0.55
  0.846065   -1.03526       0.55
  0.846499    -1.0324       0.55
  0.846932   -1.02955       0.55
  0.847366   -1.02671       0.55
  0.847799   -1.02388       0.55
  0.848233   -1.02105       0.55
  0.848666   -1.01824       0.55
    0.8491   -1.01544       0.55
  0.849533   -1.01265       0.55
  0.849967   -1.00986       0.55
    0.8504   -1.00709       0.55
  0.850834   -1.00433       0.55
  0.851267   -1.00157       0.55
  0.851701  -0.998826       0.55
  0.852134  -0.996091       0.55
  0.852568  -0.993365       0.55
  0.853001  -0.990649       0.55
  0.853434  -0.987942       0.55
  0.853868  -0.985244       0.55
  0.854301  -0.982555       0.55
  0.854735  -0.979876       0.55
  0.855168  -0.977207       0.55
  0.855602  -0.974546       0.55
  0.856035  -0.971894       0.55
  0.856469  -0.969252       0.55
  0.856902  -0.966619       0.55
  0.857336  -0.963994       0.55
  0.857769  -0.961379       0.55
  0.858203  -0.958773       0.55
  0.858636  -0.956176       0.55
   0.85907  -0.953587       0.55
  0.859503  -0.951007       0.55
  0.859937  -0.948437       0.55
   0.86037  -0.945875       0.55
  0.860804  -0.943321       0.55
  0.861237  -0.940777       0.55
  0.861671  -0.938241       0.55
  0.862104  -0.935714       0.55
  0.862538  -0.933195       0.55
  0.862971  -0.930685       0.55
  0.863404  -0.928184       0.55
  0.863838   -0.92569       0.55
  0.864271  -0.923206       0.55
  0.864705   -0.92073       0.55
  0.865138  -0.918262       0.55
  0.865572  -0.915803       0.55
  0.866005  -0.913352       0.55
  0.866439  -0.910909       0.55
  0.866872  -0.908474       0.55
  0.867306  -0.906048       0.55
  0.867739   -0.90363       0.55
  0.868173   -0.90122       0.55
  0.868606  -0.898818       0.55
   0.86904  -0.896424       0.55
  0.869473  -0.894039       0.55
  0.869907  -0.891661       0.55
   0.87034  -0.889291       0.55
  0.870774   -0.88693       0.55
  0.871207  -0.884576       0.55
  0.871641   -0.88223       0.55
  0.872074  -0.879892       0.55
  0.872508  -0.877562       0.55
  0.872941  -0.875239       0.55
  0.873374  -0.872925       0.55
  0.873808  -0.870618       0.55
  0.874241  -0.868319       0.55
  0.874675  -0.866027       0.55
  0.875108  -0.863743       0.55
  0.875542  -0.861467       0.55
  0.875975  -0.859198       0.55
  0.876409  -0.856937       0.55
  0.876842  -0.854684       0.55
  0.877276  -0.852438       0.55
  0.877709  -0.850199       0.55
  0.878143  -0.847968       0.55
  0.878576  -0.845744       0.55
   0.87901  -0.843527       0.55
  0.879443  -0.841318       0.55
  0.879877  -0.839117       0.55
   0.88031  -0.836922       0.55
  0.880744  -0.834735       0.55
  0.881177  -0.832555       0.55
  0.881611  -0.830382       0.55
  0.882044  -0.828216       0.55
  0.882477  -0.826058       0.55
  0.882911  -0.823906       0.55
  0.883344  -0.821762       0.55
  0.883778  -0.819625       0.55
  0.884211  -0.817494       0.55
  0.884645  -0.815371       0.55
  0.885078  -0.813255       0.55
  0.885512  -0.811145       0.55
  0.885945  -0.809043       0.55
  0.886379  -0.806947       0.55
  0.886812  -0.804859       0.55
  0.887246  -0.802777       0.55
  0.887679  -0.800702       0.55
  0.888113  -0.798634       0.55
  0.888546  -0.796572       0.55
   0.88898  -0.794517       0.55
  0.889413  -0.792469       0.55
  0.889847  -0.790428       0.55
   0.89028  -0.788393       0.55
  0.890714  -0.786365       0.55
  0.891147  -0.784343       0.55
  0.891581  -0.782328       0.55
  0.892014   -0.78032       0.55
  0.892447  -0.778318       0.55
  0.892881  -0.776322       0.55
  0.893314  -0.774333       0.55
  0.893748  -0.772351       0.55
  0.894181  -0.770375       0.55
  0.894615  -0.768405       0.55
  0.895048  -0.766441       0.55
  0.895482  -0.764484       0.55
  0.895915  -0.762534       0.55
  0.896349  -0.760589       0.55
  0.896782  -0.758651       0.55
  0.897216  -0.756719       0.55
  0.897649  -0.754793       0.55
  0.898083  -0.752874       0.55
  0.898516  -0.750961       0.55
   0.89895  -0.749053       0.55
  0.899383  -0.747152       0.55
  0.899817  -0.745257       0.55
   0.90025  -0.743368       0.55
  0.900684  -0.741486       0.55
  0.901117  -0.739609       0.55
  0.901551  -0.737738       0.55
  0.901984  -0.735873       0.55
  0.902417  -0.734014       0.55
  0.902851  -0.732161       0.55
  0.903284  -0.730314       0.55
  0.903718  -0.728473       0.55
  0.904151  -0.726638       0.55
  0.904585  -0.724808       0.55
  0.905018  -0.722985       0.55
  0.905452  -0.721167       0.55
  0.905885  -0.719355       0.55
  0.906319  -0.717548       0.55
  0.906752  -0.715748       0.55
  0.907186  -0.713953       0.55
  0.907619  -0.712164       0.55
  0.908053   -0.71038       0.55
  0.908486  -0.708602       0.55
   0.90892   -0.70683       0.55
  0.909353  -0.705064       0.55
  0.909787  -0.703303       0.55
   0.91022  -0.701547       0.55
  0.910654  -0.699797       0.55
  0.911087  -0.698053       0.55
  0.911521  -0.696314       0.55
  0.911954   -0.69458       0.55
  0.912387  -0.692852       0.55
  0.912821   -0.69113       0.55
  0.913254  -0.689412       0.55
  0.913688  -0.687701       0.55
  0.914121  -0.685994       0.55
  0.914555  -0.684293       0.55
  0.914988  -0.682597       0.55
  0.915422  -0.680907       0.55
  0.915855  -0.679222       0.55
  0.916289  -0.677542       0.55
  0.916722  -0.675867       0.55
  0.917156  -0.674198       0.55
  0.917589  -0.672534       0.55
  0.918023  -0.670875       0.55
  0.918456  -0.669221       0.55
   0.91889  -0.667572       0.55
  0.919323  -0.665929       0.55
  0.919757   -0.66429       0.55
   0.92019  -0.662657       0.55
  0.920624  -0.661029       0.55
  0.921057  -0.659406       0.55
   0.92149  -0.657788       0.55
  0.921924  -0.656174       0.55
  0.922357  -0.654566       0.55
  0.922791  -0.652963       0.55
  0.923224  -0.651365       0.55
  0.923658  -0.649772       0.55
  0.924091  -0.648183       0.55
  0.924525    -0.6466       0.55
  0.924958  -0.645021       0.55
  0.925392  -0.643448       0.55
  0.925825  -0.641879       0.55
  0.926259  -0.640315       0.55
  0.926692  -0.638756       0.55
  0.927126  -0.637201       0.55
  0.927559  -0.635652       0.55
  0.927993  -0.634107       0.55
  0.928426  -0.632567       0.55
   0.92886  -0.631032       0.55
  0.929293  -0.629501       0.55
  0.929727  -0.627975       0.55
   0.93016  -0.626454       0.55
  0.930594  -0.624937       0.55
  0.931027  -0.623425       0.55
   0.93146  -0.621918       0.55
  0.931894  -0.620415       0.55
  0.932327  -0.618917       0.55
  0.932761  -0.617423       0.55
  0.933194  -0.615934       0.55
  0.933628   -0.61445       0.55
  0.934061   -0.61297       0.55
  0.934495  -0.611494       0.55
  0.934928  -0.610023       0.55
  0.935362  -0.608557       0.55
  0.935795  -0.607095       0.55
  0.936229  -0.605637       0.55
  0.936662  -0.604184       0.55
  0.937096  -0.602735       0.55
  0.937529  -0.601291       0.55
  0.937963  -0.599851       0.55
  0.938396  -0.598415       0.55
   0.93883  -0.596984       0.55
  0.939263  -0.595557       0.55
  0.939697  -0.594134       0.55
   0.94013  -0.592716       0.55
  0.940564  -0.591302       0.55
  0.940997  -0.589892       0.55
   0.94143  -0.588486       0.55
  0.941864  -0.587085       0.55
  0.942297  -0.585688       0.55
  0.942731  -0.584295       0.55
  0.943164  -0.582906       0.55
  0.943598  -0.581521       0.55
  0.944031  -0.580141       0.55
  0.944465  -0.578764       0.55
  0.944898  -0.577392       0.55
  0.945332  -0.576024       0.55
  0.945765   -0.57466       0.55
  0.946199    -0.5733       0.55
  0.946632  -0.571945       0.55
  0.947066  -0.570593       0.55
  0.947499  -0.569245       0.55
  0.947933  -0.567901       0.55
  0.948366  -0.566562       0.55
    0.9488  -0.565226       0.55
  0.949233  -0.563894       0.55
  0.949667  -0.562566       0.55
    0.9501  -0.561243       0.55
  0.950534  -0.559923       0.55
  0.950967  -0.558607       0.55
    0.9514  -0.557295       0.55
  0.951834  -0.555987       0.55
  0.952267  -0.554682       0.55
  0.952701  -0.553382       0.55
  0.953134  -0.552085       0.55
  0.953568  -0.550793       0.55
  0.954001  -0.549504       0.55
  0.954435  -0.548219       0.55
  0.954868  -0.546937       0.55
  0.955302   -0.54566       0.55
  0.955735  -0.544386       0.55
  0.956169  -0.543116       0.55
  0.956602   -0.54185       0.55
  0.957036  -0.540587       0.55
  0.957469  -0.539329       0.55
  0.957903  -0.538074       0.55
  0.958336  -0.536822       0.55
   0.95877  -0.535574       0.55
  0.959203   -0.53433       0.55
  0.959637   -0.53309       0.55
   0.96007  -0.531853       0.55
  0.960504   -0.53062       0.55
  0.960937  -0.529391       0.55
   0.96137  -0.528165       0.55
  0.961804  -0.526942       0.55
  0.962237  -0.525724       0.55
  0.962671  -0.524508       0.55
  0.963104  -0.523297       0.55
  0.963538  -0.522089       0.55
  0.963971  -0.520884       0.55
  0.964405  -0.519683       0.55
  0.964838  -0.518485       0.55
  0.965272  -0.517291       0.55
  0.965705  -0.516101       0.55
  0.966139  -0.514914       0.55
  0.966572   -0.51373       0.55
  0.967006   -0.51255       0.55
  0.967439  -0.511373       0.55
  0.967873  -0.510199       0.55
  0.968306  -0.509029       0.55
   0.96874  -0.507863       0.55
  0.969173  -0.506699       0.55
  0.969607   -0.50554       0.55
   0.97004  -0.504383       0.55
  0.970473   -0.50323       0.55
  0.970907   -0.50208       0.55
   0.97134  -0.500933       0.55
  0.971774   -0.49979       0.55
  0.972207   -0.49865       0.55
  0.972641  -0.497514       0.55
  0.973074   -0.49638       0.55
  0.973508   -0.49525       0.55
  0.973941  -0.494123       0.55
  0.974375     -0.493       0.55
  0.974808  -0.491879       0.55
  0.975242  -0.490762       0.55
  0.975675  -0.489648       0.55
  0.976109  -0.488537       0.55
  0.976542   -0.48743       0.55
  0.976976  -0.486325       0.55
  0.977409  -0.485224       0.55
  0.977843  -0.484126       0.55
  0.978276  -0.483031       0.55
   0.97871  -0.481939       0.55
  0.979143   -0.48085       0.55
  0.979577  -0.479765       0.55
   0.98001  -0.478682       0.55
  0.980443  -0.477603       0.55
  0.980877  -0.476526       0.55
   0.98131  -0.475453       0.55
  0.981744  -0.474383       0.55
  0.982177  -0.473316       0.55
  0.982611  -0.472252       0.55
  0.983044   -0.47119       0.55
  0.983478  -0.470132       0.55
  0.983911  -0.469077       0.55
  0.984345  -0.468025       0.55
  0.984778  -0.466976       0.55
  0.985212   -0.46593       0.55
  0.985645  -0.464887       0.55
  0.986079  -0.463846       0.55
  0.986512  -0.462809       0.55
  0.986946  -0.461775       0.55
  0.987379  -0.460743       0.55
  0.987813  -0.459715       0.55
  0.988246  -0.458689       0.55
   0.98868  -0.457666       0.55
  0.989113  -0.456646       0.55
  0.989547  -0.455629       0.55
   0.98998  -0.454615       0.55
  0.990413  -0.453604       0.55
  0.990847  -0.452595       0.55
   0.99128   -0.45159       0.55
  0.991714  -0.450587       0.55
  0.992147  -0.449587       0.55
  0.992581   -0.44859       0.55
  0.993014  -0.447595       0.55
  0.993448  -0.446604       0.55
  0.993881  -0.445615       0.55
  0.994315  -0.444629       0.55
  0.994748  -0.443646       0.55
  0.995182  -0.442665       0.55
  0.995615  -0.441687       0.55
  0.996049  -0.440712       0.55
  0.996482   -0.43974       0.55
  0.996916   -0.43877       0.55
  0.997349  -0.437803       0.55
  0.997783  -0.436839       0.55
  0.998216  -0.435877       0.55
   0.99865  -0.434918       0.55
  0.999083  -0.433962       0.55
  0.999517  -0.433008       0.55
   0.99995  -0.432058       0.55
   1.00038  -0.431109       0.55
   1.00082  -0.430164       0.55
   1.00125   -0.42922       0.55
   1.00168   -0.42828       0.55
   1.00212  -0.427342       0.55
   1.00255  -0.426407       0.55
   1.00298  -0.425474       0.55
   1.00342  -0.424544       0.55
   1.00385  -0.423617       0.55
   1.00428  -0.422692       0.55
   1.00472  -0.421769       0.55
   1.00515  -0.420849       0.55
   1.00559  -0.419932       0.55
   1.00602  -0.419017       0.55
   1.00645  -0.418105       0.55
   1.00689  -0.417195       0.55
   1.00732  -0.416288       0.55
   1.00775  -0.415383       0.55
   1.00819  -0.414481       0.55
   1.00862  -0.413581       0.55
   1.00905  -0.412684       0.55
   1.00949  -0.411789       0.55
   1.00992  -0.410896       0.55
   1.01035  -0.410006       0.55
   1.01079  -0.409119       0.55
   1.01122  -0.408234       0.55
   1.01165  -0.407351       0.55
   1.01209  -0.406471       0.55
   1.01252  -0.405593       0.55
   1.01295  -0.404717       0.55
   1.01339  -0.403844       0.55
   1.01382  -0.402974       0.55
   1.01425  -0.402105       0.55
   1.01469  -0.401239       0.55
   1.01512  -0.400376       0.55
   1.01556  -0.399514       0.55
   1.01599  -0.398655       0.55
   1.01642  -0.397799       0.55
   1.01686  -0.396944       0.55
   1.01729  -0.396092       0.55
   1.01772  -0.395243       0.55
   1.01816  -0.394395       0.55
   1.01859   -0.39355       0.55
   1.01902  -0.392708       0.55
   1.01946  -0.391867       0.55
   1.01989  -0.391029       0.55
   1.02032  -0.390193       0.55
   1.02076  -0.389359       0.55
   1.02119  -0.388528       0.55
   1.02162  -0.387698       0.55
   1.02206  -0.386871       0.55
   1.02249  -0.386047       0.55
   1.02292  -0.385224       0.55
   1.02336  -0.384404       0.55
   1.02379  -0.383586       0.55
   1.02422   -0.38277       0.55
   1.02466  -0.381956       0.55
   1.02509  -0.381145       0.55
   1.02553  -0.380335       0.55
   1.02596  -0.379528       0.55
   1.02639  -0.378723       0.55
   1.02683   -0.37792       0.55
   1.02726   -0.37712       0.55
   1.02769  -0.376321       0.55
   1.02813  -0.375525       0.55
   1.02856   -0.37473       0.55
   1.02899  -0.373938       0.55
   1.02943  -0.373148       0.55
   1.02986   -0.37236       0.55
   1.03029  -0.371574       0.55
   1.03073   -0.37079       0.55
   1.03116  -0.370009       0.55
   1.03159  -0.369229       0.55
   1.03203  -0.368452       0.55
   1.03246  -0.367676       0.55
   1.03289  -0.366903       0.55
   1.03333  -0.366131       0.55
   1.03376  -0.365362       0.55
   1.03419  -0.364595       0.55
   1.03463   -0.36383       0.55
   1.03506  -0.363067       0.55
    1.0355  -0.362305       0.55
   1.03593  -0.361546       0.55
   1.03636  -0.360789       0.55
    1.0368  -0.360034       0.55
   1.03723  -0.359281       0.55
   1.03766   -0.35853       0.55
    1.0381  -0.357781       0.55
   1.03853  -0.357033       0.55
   1.03896  -0.356288       0.55
    1.0394  -0.355545       0.55
   1.03983  -0.354804       0.55
   1.04026  -0.354064       0.55
    1.0407  -0.353327       0.55
   1.04113  -0.352592       0.55
   1.04156  -0.351858       0.55
     1.042  -0.351127       0.55
   1.04243  -0.350397       0.55
   1.04286  -0.349669       0.55
    1.0433  -0.348943       0.55
   1.04373  -0.348219       0.55
   1.04416  -0.347497       0.55
    1.0446  -0.346777       0.55
   1.04503  -0.346059       0.55
   1.04547  -0.345343       0.55
    1.0459  -0.344628       0.55
   1.04633  -0.343915       0.55
   1.04677  -0.343205       0.55
    1.0472  -0.342496       0.55
   1.04763  -0.341789       0.55
   1.04807  -0.341083       0.55
    1.0485   -0.34038       0.55
   1.04893  -0.339678       0.55
   1.04937  -0.338979       0.55
    1.0498  -0.338281       0.55
   1.05023  -0.337585       0.55
   1.05067   -0.33689       0.55
    1.0511  -0.336198       0.55
   1.05153  -0.335507       0.55
   1.05197  -0.334818       0.55
    1.0524  -0.334131       0.55
   1.05283  -0.333446       0.55
   1.05327  -0.332762       0.55
    1.0537  -0.332081       0.55
   1.05413  -0.331401       0.55
   1.05457  -0.330722       0.55
     1.055  -0.330046       0.55
   1.05544  -0.329371       0.55
   1.05587  -0.328698       0.55
    1.0563  -0.328027       0.55
   1.05674  -0.327357       0.55
   1.05717   -0.32669       0.55
    1.0576  -0.326023       0.55
   1.05804  -0.325359       0.55
   1.05847  -0.324696       0.55
    1.0589  -0.324035       0.55
   1.05934  -0.323376       0.55
   1.05977  -0.322719       0.55
    1.0602  -0.322063       0.55
   1.06064  -0.321409       0.55
   1.06107  -0.320756       0.55
    1.0615  -0.320105       0.55
   1.06194  -0.319456       0.55
   1.06237  -0.318808       0.55
    1.0628  -0.318163       0.55
   1.06324  -0.317518       0.55
   1.06367  -0.316876       0.55
    1.0641  -0.316235       0.55
   1.06454  -0.315596       0.55
   1.06497  -0.314958       0.55
   1.06541  -0.314322       0.55
   1.06584  -0.313688       0.55
   1.06627  -0.313055       0.55
   1.06671  -0.312424       0.55
   1.06714  -0.311794       0.55
   1.06757  -0.311166       0.55
   1.06801   -0.31054       0.55
   1.06844  -0.309915       0.55
   1.06887  -0.309292       0.55
   1.06931   -0.30867       0.55
   1.06974   -0.30805       0.55
   1.07017  -0.307432       0.55
   1.07061  -0.306815       0.55
   1.07104    -0.3062       0.55
   1.07147  -0.305586       0.55
   1.07191  -0.304974       0.55
   1.07234  -0.304363       0.55
   1.07277  -0.303754       0.55
   1.07321  -0.303146       0.55
   1.07364   -0.30254       0.55
   1.07407  -0.301936       0.55
   1.07451  -0.301333       0.55
   1.07494  -0.300731       0.55
   1.07538  -0.300131       0.55
   1.07581  -0.299533       0.55
   1.07624  -0.298936       0.55
   1.07668  -0.298341       0.55
   1.07711  -0.297747       0.55
   1.07754  -0.297154       0.55
   1.07798  -0.296563       0.55
   1.07841  -0.295974       0.55
   1.07884  -0.295386       0.55
   1.07928    -0.2948       0.55
   1.07971  -0.294215       0.55
   1.08014  -0.293631       0.55
   1.08058  -0.293049       0.55
   1.08101  -0.292468       0.55
   1.08144  -0.291889       0.55
   1.08188  -0.291311       0.55
   1.08231  -0.290735       0.55
   1.08274   -0.29016       0.55
   1.08318  -0.289587       0.55
   1.08361  -0.289015       0.55
   1.08404  -0.288444       0.55
   1.08448  -0.287875       0.55
   1.08491  -0.287307       0.55
   1.08535  -0.286741       0.55
   1.08578  -0.286176       0.55
   1.08621  -0.285613       0.55
   1.08665  -0.285051       0.55
   1.08708   -0.28449       0.55
   1.08751  -0.283931       0.55
   1.08795  -0.283373       0.55
   1.08838  -0.282816       0.55
   1.08881  -0.282261       0.55
   1.08925  -0.281707       0.55
   1.08968  -0.281155       0.55
   1.09011  -0.280604       0.55
   1.09055  -0.280054       0.55
   1.09098  -0.279506       0.55
   1.09141  -0.278959       0.55
   1.09185  -0.278413       0.55
   1.09228  -0.277869       0.55
   1.09271  -0.277326       0.55
   1.09315  -0.276785       0.55
   1.09358  -0.276244       0.55
   1.09401  -0.275706       0.55
   1.09445  -0.275168       0.55
   1.09488  -0.274632       0.55
   1.09532  -0.274097       0.55
   1.09575  -0.273563       0.55
   1.09618  -0.273031       0.55
   1.09662    -0.2725       0.55
   1.09705   -0.27197       0.55
   1.09748  -0.271442       0.55
   1.09792  -0.270915       0.55
   1.09835  -0.270389       0.55
   1.09878  -0.269864       0.55
   1.09922  -0.269341       0.55
   1.09965  -0.268819       0.55
   1.10008  -0.268299       0.55
   1.10052  -0.267779       0.55
   1.10095  -0.267261       0.55
   1.10138  -0.266744       0.55
   1.10182  -0.266229       0.55
   1.10225  -0.265714       0.55
   1.10268  -0.265201       0.55
   1.10312  -0.264689       0.55
   1.10355  -0.264179       0.55
   1.10398   -0.26367       0.55
   1.10442  -0.263161       0.55
   1.10485  -0.262655       0.55
   1.10529  -0.262149       0.55
   1.10572  -0.261645       0.55
   1.10615  -0.261141       0.55
   1.10659  -0.260639       0.55
   1.10702  -0.260139       0.55
   1.10745  -0.259639       0.55
   1.10789  -0.259141       0.55
   1.10832  -0.258644       0.55
   1.10875  -0.258148       0.55
   1.10919  -0.257653       0.55
   1.10962   -0.25716       0.55
   1.11005  -0.256667       0.55
   1.11049  -0.256176       0.55
   1.11092  -0.255686       0.55
   1.11135  -0.255198       0.55
   1.11179   -0.25471       0.55
   1.11222  -0.254224       0.55
   1.11265  -0.253739       0.55
   1.11309  -0.253254       0.55
   1.11352  -0.252772       0.55
   1.11395   -0.25229       0.55
   1.11439  -0.251809       0.55
   1.11482   -0.25133       0.55
   1.11526  -0.250852       0.55
   1.11569  -0.250375       0.55
   1.11612  -0.249899       0.55
   1.11656  -0.249424       0.55
   1.11699   -0.24895       0.55
   1.11742  -0.248478       0.55
   1.11786  -0.248006       0.55
   1.11829  -0.247536       0.55
   1.11872  -0.247067       0.55
   1.11916  -0.246599       0.55
   1.11959  -0.246132       0.55
   1.12002  -0.245666       0.55
   1.12046  -0.245202       0.55
   1.12089  -0.244738       0.55
   1.12132  -0.244276       0.55
   1.12176  -0.243814       0.55
   1.12219  -0.243354       0.55
   1.12262  -0.242895       0.55
   1.12306  -0.242437       0.55
   1.12349   -0.24198       0.55
   1.12392  -0.241524       0.55
   1.12436  -0.241069       0.55
   1.12479  -0.240615       0.55
   1.12523  -0.240163       0.55
   1.12566  -0.239711       0.55
   1.12609  -0.239261       0.55
   1.12653  -0.238811       0.55
   1.12696  -0.238363       0.55
   1.12739  -0.237916       0.55
   1.12783  -0.237469       0.55
   1.12826  -0.237024       0.55
   1.12869   -0.23658       0.55
   1.12913  -0.236137       0.55
   1.12956  -0.235695       0.55
   1.12999  -0.235254       0.55
   1.13043  -0.234814       0.55
   1.13086  -0.234375       0.55
   1.13129  -0.233937       0.55
   1.13173  -0.233501       0.55
   1.13216  -0.233065       0.55
   1.13259   -0.23263       0.55
   1.13303  -0.232196       0.55
   1.13346  -0.231764       0.55
   1.13389  -0.231332       0.55
   1.13433  -0.230901       0.55
   1.13476  -0.230472       0.55
    1.1352  -0.230043       0.55
   1.13563  -0.229615       0.55
   1.13606  -0.229189       0.55
    1.1365  -0.228763       0.55
   1.13693  -0.228338       0.55
   1.13736  -0.227915       0.55
    1.1378  -0.227492       0.55
   1.13823   -0.22707       0.55
   1.13866   -0.22665       0.55
    1.1391   -0.22623       0.55
   1.13953  -0.225811       0.55
   1.13996  -0.225393       0.55
    1.1404  -0.224977       0.55
   1.14083  -0.224561       0.55
   1.14126  -0.224146       0.55
    1.1417  -0.223732       0.55
   1.14213  -0.223319       0.55
   1.14256  -0.222907       0.55
     1.143  -0.222496       0.55
   1.14343  -0.222086       0.55
   1.14386  -0.221677       0.55
    1.1443  -0.221269       0.55
   1.14473  -0.220862       0.55
   1.14517  -0.220456       0.55
    1.1456  -0.220051       0.55
   1.14603  -0.219646       0.55
   1.14647  -0.219243       0.55
    1.1469   -0.21884       0.55
   1.14733  -0.218439       0.55
   1.14777  -0.218038       0.55
    1.1482  -0.217639       0.55
   1.14863   -0.21724       0.55
   1.14907  -0.216842       0.55
    1.1495  -0.216445       0.55
   1.14993  -0.216049       0.55
   1.15037  -0.215654       0.55
    1.1508   -0.21526       0.55
   1.15123  -0.214867       0.55
   1.15167  -0.214474       0.55
    1.1521  -0.214083       0.55
   1.15253  -0.213692       0.55
   1.15297  -0.213303       0.55
    1.1534  -0.212914       0.55
   1.15383  -0.212526       0.55
   1.15427  -0.212139       0.55
    1.1547  -0.211753       0.55
   1.15514  -0.211368       0.55
   1.15557  -0.210984       0.55
     1.156    -0.2106       0.55
   1.15644  -0.210218       0.55
   1.15687  -0.209836       0.55
    1.1573  -0.209455       0.55
   1.15774  -0.209076       0.55
   1.15817  -0.208697       0.55
    1.1586  -0.208318       0.55
   1.15904  -0.207941       0.55
   1.15947  -0.207565       0.55
    1.1599  -0.207189       0.55
   1.16034  -0.206814       0.55
   1.16077  -0.206441       0.55
    1.1612  -0.206068       0.55
   1.16164  -0.205695       0.55
   1.16207  -0.205324       0.55
    1.1625  -0.204954       0.55
   1.16294  -0.204584       0.55
   1.16337  -0.204215       0.55
    1.1638  -0.203847       0.55
   1.16424   -0.20348       0.55
   1.16467  -0.203114       0.55
   1.16511  -0.202749       0.55
   1.16554  -0.202384       0.55
   1.16597   -0.20202       0.55
   1.16641  -0.201657       0.55
   1.16684  -0.201295       0.55
   1.16727  -0.200934       0.55
   1.16771  -0.200573       0.55
   1.16814  -0.200214       0.55
   1.16857  -0.199855       0.55
   1.16901  -0.199497       0.55
   1.16944   -0.19914       0.55
   1.16987  -0.198783       0.55
   1.17031  -0.198427       0.55
   1.17074  -0.198073       0.55
   1.17117  -0.197719       0.55
   1.17161  -0.197365       0.55
   1.17204  -0.197013       0.55
   1.17247  -0.196661       0.55
   1.17291  -0.196311       0.55
   1.17334  -0.195961       0.55
   1.17377  -0.195611       0.55
   1.17421  -0.195263       0.55
   1.17464  -0.194915       0.55
   1.17508  -0.194568       0.55
   1.17551  -0.194222       0.55
   1.17594  -0.193877       0.55
   1.17638  -0.193532       0.55
   1.17681  -0.193188       0.55
   1.17724  -0.192845       0.55
   1.17768  -0.192503       0.55
   1.17811  -0.192162       0.55
   1.17854  -0.191821       0.55
   1.17898  -0.191481       0.55
   1.17941  -0.191142       0.55
   1.17984  -0.190803       0.55
   1.18028  -0.190466       0.55
   1.18071  -0.190129       0.55
   1.18114  -0.189793       0.55
   1.18158  -0.189457       0.55
   1.18201  -0.189123       0.55
   1.18244  -0.188789       0.55
   1.18288  -0.188455       0.55
   1.18331  -0.188123       0.55
   1.18374  -0.187791       0.55
   1.18418   -0.18746       0.55
   1.18461   -0.18713       0.55
   1.18505  -0.186801       0.55
   1.18548  -0.186472       0.55
   1.18591  -0.186144       0.55
   1.18635  -0.185817       0.55
   1.18678   -0.18549       0.55
   1.18721  -0.185164       0.55
   1.18765  -0.184839       0.55
   1.18808  -0.184515       0.55
   1.18851  -0.184191       0.55
   1.18895  -0.183868       0.55
   1.18938  -0.183546       0.55
   1.18981  -0.183224       0.55
   1.19025  -0.182903       0.55
   1.19068  -0.182583       0.55
   1.19111  -0.182264       0.55
   1.19155  -0.181945       0.55
   1.19198  -0.181627       0.55
   1.19241   -0.18131       0.55
   1.19285  -0.180993       0.55
   1.19328  -0.180677       0.55
   1.19371  -0.180362       0.55
   1.19415  -0.180048       0.55
   1.19458  -0.179734       0.55
   1.19502  -0.179421       0.55
   1.19545  -0.179108       0.55
   1.19588  -0.178796       0.55
   1.19632  -0.178485       0.55
   1.19675  -0.178175       0.55
   1.19718  -0.177865       0.55
   1.19762  -0.177556       0.55
   1.19805  -0.177248       0.55
   1.19848   -0.17694       0.55
   1.19892  -0.176633       0.55
   1.19935  -0.176327       0.55
   1.19978  -0.176021       0.55
   1.20022  -0.175716       0.55
   1.20065  -0.175412       0.55
   1.20108  -0.175108       0.55
   1.20152  -0.174805       0.55
   1.20195  -0.174503       0.55
   1.20238  -0.174201       0.55
   1.20282    -0.1739       0.55
   1.20325    -0.1736       0.55
   1.20368    -0.1733       0.55
   1.20412  -0.173001       0.55
   1.20455  -0.172703       0.55
   1.20498  -0.172405       0.55
   1.20542  -0.172108       0.55
   1.20585  -0.171812       0.55
   1.20629  -0.171516       0.55
   1.20672  -0.171221       0.55
   1.20715  -0.170926       0.55
   1.20759  -0.170632       0.55
   1.20802  -0.170339       0.55
   1.20845  -0.170046       0.55
   1.20889  -0.169754       0.55
   1.20932  -0.169463       0.55
   1.20975  -0.169172       0.55
   1.21019  -0.168882       0.55
   1.21062  -0.168593       0.55
   1.21105  -0.168304       0.55
   1.21149  -0.168016       0.55
   1.21192  -0.167728       0.55
   1.21235  -0.167441       0.55
   1.21279  -0.167155       0.55
   1.21322  -0.166869       0.55
   1.21365  -0.166584       0.55
   1.21409    -0.1663       0.55
   1.21452  -0.166016       0.55
   1.21495  -0.165733       0.55
   1.21539   -0.16545       0.55
   1.21582  -0.165168       0.55
   1.21626  -0.164886       0.55
   1.21669  -0.164606       0.55
   1.21712  -0.164325       0.55
   1.21756  -0.164046       0.55
   1.21799  -0.163767       0.55
   1.21842  -0.163488       0.55
   1.21886  -0.163211       0.55
   1.21929  -0.162933       0.55
   1.21972  -0.162657       0.55
   1.22016  -0.162381       0.55
   1.22059  -0.162105       0.55
   1.22102   -0.16183       0.55
   1.22146  -0.161556       0.55
   1.22189  -0.161282       0.55
   1.22232  -0.161009       0.55
   1.22276  -0.160737       0.55
   1.22319  -0.160465       0.55
   1.22362  -0.160193       0.55
   1.22406  -0.159923       0.55
   1.22449  -0.159653       0.55
   1.22492  -0.159383       0.55
   1.22536  -0.159114       0.55
   1.22579  -0.158845       0.55
   1.22623  -0.158577       0.55
   1.22666   -0.15831       0.55
   1.22709  -0.158043       0.55
   1.22753  -0.157777       0.55
   1.22796  -0.157512       0.55
   1.22839  -0.157247       0.55
   1.22883  -0.156982       0.55
   1.22926  -0.156718       0.55
   1.22969  -0.156455       0.55
   1.23013  -0.156192       0.55
   1.23056   -0.15593       0.55
   1.23099  -0.155668       0.55
   1.23143  -0.155407       0.55
   1.23186  -0.155146       0.55
   1.23229  -0.154886       0.55
   1.23273  -0.154627       0.55
   1.23316  -0.154368       0.55
   1.23359  -0.154109       0.55
   1.23403  -0.153851       0.55
   1.23446  -0.153594       0.55
   1.23489  -0.153337       0.55
   1.23533  -0.153081       0.55
   1.23576  -0.152826       0.55
    1.2362   -0.15257       0.55
   1.23663  -0.152316       0.55
   1.23706  -0.152062       0.55
    1.2375  -0.151808       0.55
   1.23793  -0.151555       0.55
   1.23836  -0.151303       0.55
    1.2388  -0.151051       0.55
   1.23923  -0.150799       0.55
   1.23966  -0.150549       0.55
    1.2401  -0.150298       0.55
   1.24053  -0.150048       0.55
   1.24096  -0.149799       0.55
    1.2414   -0.14955       0.55
   1.24183  -0.149302       0.55
   1.24226  -0.149054       0.55
    1.2427  -0.148807       0.55
   1.24313   -0.14856       0.55
   1.24356  -0.148314       0.55
     1.244  -0.148069       0.55
   1.24443  -0.147823       0.55
   1.24486  -0.147579       0.55
    1.2453  -0.147335       0.55
   1.24573  -0.147091       0.55
   1.24617  -0.146848       0.55
    1.2466  -0.146605       0.55
   1.24703  -0.146363       0.55
   1.24747  -0.146122       0.55
    1.2479   -0.14588       0.55
   1.24833   -0.14564       0.55
   1.24877    -0.1454       0.55
    1.2492   -0.14516       0.55
   1.24963  -0.144921       0.55
   1.25007  -0.144683       0.55
    1.2505  -0.144444       0.55
   1.25093  -0.144207       0.55
   1.25137   -0.14397       0.55
    1.2518  -0.143733       0.55
   1.25223  -0.143497       0.55
   1.25267  -0.143261       0.55
    1.2531  -0.143026       0.55
   1.25353  -0.142792       0.55
   1.25397  -0.142557       0.55
    1.2544  -0.142324       0.55
   1.25483   -0.14209       0.55
   1.25527  -0.141858       0.55
    1.2557  -0.141626       0.55
   1.25614  -0.141394       0.55
   1.25657  -0.141162       0.55
     1.257  -0.140932       0.55
   1.25744  -0.140701       0.55
   1.25787  -0.140471       0.55
    1.2583  -0.140242       0.55
   1.25874  -0.140013       0.55
   1.25917  -0.139785       0.55
    1.2596  -0.139557       0.55
   1.26004  -0.139329       0.55
   1.26047  -0.139102       0.55
    1.2609  -0.138876       0.55
   1.26134   -0.13865       0.55
   1.26177  -0.138424       0.55
    1.2622  -0.138199       0.55
   1.26264  -0.137974       0.55
   1.26307   -0.13775       0.55
    1.2635  -0.137526       0.55
   1.26394  -0.137303       0.55
   1.26437   -0.13708       0.55
    1.2648  -0.136857       0.55
   1.26524  -0.136636       0.55
   1.26567  -0.136414       0.55
   1.26611  -0.136193       0.55
   1.26654  -0.135972       0.55
   1.26697  -0.135752       0.55
   1.26741  -0.135533       0.55
   1.26784  -0.135313       0.55
   1.26827  -0.135095       0.55
   1.26871  -0.134876       0.55
   1.26914  -0.134658       0.55
   1.26957  -0.134441       0.55
   1.27001  -0.134224       0.55
   1.27044  -0.134007       0.55
   1.27087  -0.133791       0.55
   1.27131  -0.133575       0.55
   1.27174   -0.13336       0.55
   1.27217  -0.133145       0.55
   1.27261  -0.132931       0.55
   1.27304  -0.132717       0.55
   1.27347  -0.132503       0.55
   1.27391   -0.13229       0.55
   1.27434  -0.132078       0.55
   1.27477  -0.131866       0.55
   1.27521  -0.131654       0.55
   1.27564  -0.131442       0.55
   1.27608  -0.131231       0.55
   1.27651  -0.131021       0.55
   1.27694  -0.130811       0.55
   1.27738  -0.130601       0.55
   1.27781  -0.130392       0.55
   1.27824  -0.130183       0.55
   1.27868  -0.129975       0.55
   1.27911  -0.129767       0.55
   1.27954  -0.129559       0.55
   1.27998  -0.129352       0.55
   1.28041  -0.129146       0.55
   1.28084  -0.128939       0.55
   1.28128  -0.128733       0.55
   1.28171  -0.128528       0.55
   1.28214  -0.128323       0.55
   1.28258  -0.128118       0.55
   1.28301  -0.127914       0.55
   1.28344   -0.12771       0.55
   1.28388  -0.127507       0.55
   1.28431  -0.127304       0.55
   1.28474  -0.127101       0.55
   1.28518  -0.126899       0.55
   1.28561  -0.126697       0.55
   1.28605  -0.126496       0.55
   1.28648  -0.126295       0.55
   1.28691  -0.126095       0.55
   1.28735  -0.125894       0.55
   1.28778  -0.125695       0.55
   1.28821  -0.125495       0.55
   1.28865  -0.125296       0.55
   1.28908  -0.125098       0.55
   1.28951    -0.1249       0.55
   1.28995  -0.124702       0.55
   1.29038  -0.124505       0.55
   1.29081  -0.124308       0.55
   1.29125  -0.124111       0.55
   1.29168  -0.123915       0.55
   1.29211  -0.123719       0.55
   1.29255  -0.123524       0.55
   1.29298  -0.123329       0.55
   1.29341  -0.123134       0.55
   1.29385   -0.12294       0.55
   1.29428  -0.122746       0.55
   1.29471  -0.122552       0.55
   1.29515  -0.122359       0.55
   1.29558  -0.122167       0.55
   1.29602  -0.121974       0.55
   1.29645  -0.121782       0.55
   1.29688  -0.121591       0.55
   1.29732    -0.1214       0.55
   1.29775  -0.121209       0.55
   1.29818  -0.121019       0.55
   1.29862  -0.120829       0.55
   1.29905  -0.120639       0.55
   1.29948   -0.12045       0.55
   1.29992  -0.120261       0.55
   1.30035  -0.120072       0.55
   1.30078  -0.119884       0.55
   1.30122  -0.119696       0.55
   1.30165  -0.119509       0.55
   1.30208  -0.119322       0.55
   1.30252  -0.119135       0.55
   1.30295  -0.118949       0.55
   1.30338  -0.118763       0.55
   1.30382  -0.118577       0.55
   1.30425  -0.118392       0.55
   1.30468  -0.118207       0.55
   1.30512  -0.118023       0.55
   1.30555  -0.117839       0.55
   1.30599  -0.117655       0.55
   1.30642  -0.117472       0.55
   1.30685  -0.117289       0.55
   1.30729  -0.117106       0.55
   1.30772  -0.116924       0.55
   1.30815  -0.116742       0.55
   1.30859   -0.11656       0.55
   1.30902  -0.116379       0.55
   1.30945  -0.116198       0.55
   1.30989  -0.116017       0.55
   1.31032  -0.115837       0.55
   1.31075  -0.115657       0.55
   1.31119  -0.115478       0.55
   1.31162  -0.115299       0.55
   1.31205   -0.11512       0.55
   1.31249  -0.114942       0.55
   1.31292  -0.114764       0.55
   1.31335  -0.114586       0.55
   1.31379  -0.114408       0.55
   1.31422  -0.114231       0.55
   1.31465  -0.114055       0.55
   1.31509  -0.113878       0.55
   1.31552  -0.113702       0.55
   1.31596  -0.113527       0.55
   1.31639  -0.113352       0.55
   1.31682  -0.113177       0.55
   1.31726  -0.113002       0.55
   1.31769  -0.112828       0.55
   1.31812  -0.112654       0.55
   1.31856   -0.11248       0.55
   1.31899  -0.112307       0.55
   1.31942  -0.112134       0.55
   1.31986  -0.111961       0.55
   1.32029  -0.111789       0.55
   1.32072  -0.111617       0.55
   1.32116  -0.111446       0.55
   1.32159  -0.111274       0.55
   1.32202  -0.111103       0.55
   1.32246  -0.110933       0.55
   1.32289  -0.110763       0.55
   1.32332  -0.110593       0.55
   1.32376  -0.110423       0.55
   1.32419  -0.110254       0.55
   1.32462  -0.110085       0.55
   1.32506  -0.109916       0.55
   1.32549  -0.109748       0.55
   1.32593   -0.10958       0.55
   1.32636  -0.109412       0.55
   1.32679  -0.109245       0.55
   1.32723  -0.109078       0.55
   1.32766  -0.108911       0.55
   1.32809  -0.108745       0.55
   1.32853  -0.108579       0.55
   1.32896  -0.108413       0.55
   1.32939  -0.108248       0.55
   1.32983  -0.108083       0.55
   1.33026  -0.107918       0.55
   1.33069  -0.107754       0.55
   1.33113  -0.107589       0.55
   1.33156  -0.107426       0.55
   1.33199  -0.107262       0.55
   1.33243  -0.107099       0.55
   1.33286  -0.106936       0.55
   1.33329  -0.106773       0.55
   1.33373  -0.106611       0.55
   1.33416  -0.106449       0.55
   1.33459  -0.106288       0.55
   1.33503  -0.106126       0.55
   1.33546  -0.105965       0.55
    1.3359  -0.105805       0.55
   1.33633  -0.105644       0.55
   1.33676  -0.105484       0.55
    1.3372  -0.105324       0.55
   1.33763  -0.105165       0.55
   1.33806  -0.105006       0.55
    1.3385  -0.104847       0.55
   1.33893  -0.104688       0.55
   1.33936   -0.10453       0.55
    1.3398  -0.104372       0.55
   1.34023  -0.104215       0.55
   1.34066  -0.104057       0.55
    1.3411    -0.1039       0.55
   1.34153  -0.103743       0.55
   1.34196  -0.103587       0.55
    1.3424  -0.103431       0.55
   1.34283  -0.103275       0.55
   1.34326  -0.103119       0.55
    1.3437  -0.102964       0.55
   1.34413  -0.102809       0.55
   1.34456  -0.102654       0.55
     1.345    -0.1025       0.55
   1.34543  -0.102346       0.55
   1.34587  -0.102192       0.55
    1.3463  -0.102039       0.55
   1.34673  -0.101885       0.55
   1.34717  -0.101733       0.55
    1.3476   -0.10158       0.55
   1.34803  -0.101428       0.55
   1.34847  -0.101276       0.55
    1.3489  -0.101124       0.55
   1.34933  -0.100972       0.55
   1.34977  -0.100821       0.55
    1.3502   -0.10067       0.55
   1.35063   -0.10052       0.55
   1.35107  -0.100369       0.55
    1.3515  -0.100219       0.55
   1.35193  -0.100069       0.55
   1.35237 -0.0999199       0.55
    1.3528 -0.0997707       0.55
   1.35323 -0.0996218       0.55
   1.35367 -0.0994731       0.55
    1.3541 -0.0993247       0.55
   1.35453 -0.0991766       0.55
   1.35497 -0.0990288       0.55
    1.3554 -0.0988813       0.55
   1.35584 -0.0987341       0.55
   1.35627 -0.0985871       0.55
    1.3567 -0.0984404       0.55
   1.35714 -0.0982939       0.55
   1.35757 -0.0981478       0.55
     1.358 -0.0980019       0.55
   1.35844 -0.0978563       0.55
   1.35887  -0.097711       0.55
    1.3593 -0.0975659       0.55
   1.35974 -0.0974211       0.55
   1.36017 -0.0972766       0.55
    1.3606 -0.0971324       0.55
   1.36104 -0.0969884       0.55
   1.36147 -0.0968447       0.55
    1.3619 -0.0967013       0.55
   1.36234 -0.0965581       0.55
   1.36277 -0.0964152       0.55
    1.3632 -0.0962726       0.55
   1.36364 -0.0961302       0.55
   1.36407 -0.0959881       0.55
    1.3645 -0.0958463       0.55
   1.36494 -0.0957047       0.55
   1.36537 -0.0955634       0.55
   1.36581 -0.0954223       0.55
   1.36624 -0.0952816       0.55
   1.36667  -0.095141       0.55
   1.36711 -0.0950008       0.55
   1.36754 -0.0948608       0.55
   1.36797  -0.094721       0.55
   1.36841 -0.0945816       0.55
   1.36884 -0.0944423       0.55
   1.36927 -0.0943034       0.55
   1.36971 -0.0941647       0.55
   1.37014 -0.0940262       0.55
   1.37057 -0.0938881       0.55
   1.37101 -0.0937501       0.55
   1.37144 -0.0936124       0.55
   1.37187  -0.093475       0.55
   1.37231 -0.0933379       0.55
   1.37274 -0.0932009       0.55
   1.37317 -0.0930643       0.55
   1.37361 -0.0929279       0.55
   1.37404 -0.0927917       0.55
   1.37447 -0.0926558       0.55
   1.37491 -0.0925202       0.55
   1.37534 -0.0923848       0.55
   1.37578 -0.0922496       0.55
   1.37621 -0.0921147       0.55
   1.37664 -0.0919801       0.55
   1.37708 -0.0918457       0.55
   1.37751 -0.0917115       0.55
   1.37794 -0.0915776       0.55
   1.37838 -0.0914439       0.55
   1.37881 -0.0913105       0.55
   1.37924 -0.0911774       0.55
   1.37968 -0.0910444       0.55
   1.38011 -0.0909118       0.55
   1.38054 -0.0907793       0.55
   1.38098 -0.0906471       0.55
   1.38141 -0.0905152       0.55
   1.38184 -0.0903835       0.55
   1.38228  -0.090252       0.55
   1.38271 -0.0901208       0.55
   1.38314 -0.0899898       0.55
   1.38358 -0.0898591       0.55
   1.38401 -0.0897286       0.55
   1.38444 -0.0895983       0.55
   1.38488 -0.0894683       0.55
   1.38531 -0.0893385       0.55
   1.38575 -0.0892089       0.55
   1.38618 -0.0890796       0.55
   1.38661 -0.0889505       0.55
   1.38705 -0.0888217       0.55
   1.38748 -0.0886931       0.55
   1.38791 -0.0885647       0.55
   1.38835 -0.0884366       0.55
   1.38878 -0.0883087       0.55
   1.38921  -0.088181       0.55
   1.38965 -0.0880536       0.55
   1.39008 -0.0879264       0.55
   1.39051 -0.0877994       0.55
   1.39095 -0.0876727       0.55
   1.39138 -0.0875462       0.55
   1.39181 -0.0874199       0.55
   1.39225 -0.0872938       0.55
   1.39268  -0.087168       0.55
   1.39311 -0.0870424       0.55
   1.39355 -0.0869171       0.55
   1.39398 -0.0867919       0.55
   1.39441  -0.086667       0.55
   1.39485 -0.0865424       0.55
   1.39528 -0.0864179       0.55
   1.39572 -0.0862937       0.55
   1.39615 -0.0861697       0.55
   1.39658 -0.0860459       0.55
   1.39702 -0.0859223       0.55
   1.39745  -0.085799       0.55
   1.39788 -0.0856759       0.55
   1.39832  -0.085553       0.55
   1.39875 -0.0854304       0.55
   1.39918 -0.0853079       0.55
   1.39962 -0.0851857       0.55
   1.40005 -0.0850637       0.55
   1.40048 -0.0849419       0.55
   1.40092 -0.0848204       0.55
   1.40135  -0.084699       0.55
   1.40178 -0.0845779       0.55
   1.40222  -0.084457       0.55
   1.40265 -0.0843363       0.55
   1.40308 -0.0842159       0.55
   1.40352 -0.0840956       0.55
   1.40395 -0.0839756       0.55
   1.40438 -0.0838558       0.55
   1.40482 -0.0837362       0.55
   1.40525 -0.0836168       0.55
   1.40569 -0.0834976       0.55
   1.40612 -0.0833787       0.55
   1.40655 -0.0832599       0.55
   1.40699 -0.0831414       0.55
   1.40742 -0.0830231       0.55
   1.40785  -0.082905       0.55
   1.40829 -0.0827871       0.55
   1.40872 -0.0826694       0.55
   1.40915  -0.082552       0.55
   1.40959 -0.0824347       0.55
   1.41002 -0.0823177       0.55
   1.41045 -0.0822008       0.55
   1.41089 -0.0820842       0.55
   1.41132 -0.0819678       0.55
   1.41175 -0.0818516       0.55
   1.41219 -0.0817356       0.55
   1.41262 -0.0816198       0.55
   1.41305 -0.0815042       0.55
   1.41349 -0.0813888       0.55
   1.41392 -0.0812736       0.55
   1.41435 -0.0811587       0.55
   1.41479 -0.0810439       0.55
   1.41522 -0.0809294       0.55
   1.41566  -0.080815       0.55
   1.41609 -0.0807008       0.55
   1.41652 -0.0805869       0.55
   1.41696 -0.0804732       0.55
   1.41739 -0.0803596       0.55
   1.41782 -0.0802463       0.55
   1.41826 -0.0801331       0.55
   1.41869 -0.0800202       0.55
   1.41912 -0.0799075       0.55
   1.41956 -0.0797949       0.55
   1.41999 -0.0796826       0.55
   1.42042 -0.0795705       0.55
   1.42086 -0.0794585       0.55
   1.42129 -0.0793468       0.55
   1.42172 -0.0792352       0.55
   1.42216 -0.0791239       0.55
   1.42259 -0.0790128       0.55
   1.42302 -0.0789018       0.55
   1.42346 -0.0787911       0.55
   1.42389 -0.0786805       0.55
   1.42432 -0.0785701       0.55
   1.42476   -0.07846       0.55
   1.42519   -0.07835       0.55
   1.42563 -0.0782402       0.55
   1.42606 -0.0781307       0.55
   1.42649 -0.0780213       0.55
   1.42693 -0.0779121       0.55
   1.42736 -0.0778031       0.55
   1.42779 -0.0776943       0.55
   1.42823 -0.0775857       0.55
   1.42866 -0.0774772       0.55
   1.42909  -0.077369       0.55
   1.42953  -0.077261       0.55
   1.42996 -0.0771531       0.55
   1.43039 -0.0770454       0.55
   1.43083  -0.076938       0.55
   1.43126 -0.0768307       0.55
   1.43169 -0.0767236       0.55
   1.43213 -0.0766167       0.55
   1.43256   -0.07651       0.55
   1.43299 -0.0764034       0.55
   1.43343 -0.0762971       0.55
   1.43386 -0.0761909       0.55
   1.43429  -0.076085       0.55
   1.43473 -0.0759792       0.55
   1.43516 -0.0758736       0.55
    1.4356 -0.0757682       0.55
   1.43603 -0.0756629       0.55
   1.43646 -0.0755579       0.55
    1.4369  -0.075453       0.55
   1.43733 -0.0753483       0.55
   1.43776 -0.0752438       0.55
    1.4382 -0.0751395       0.55
   1.43863 -0.0750354       0.55
   1.43906 -0.0749315       0.55
    1.4395 -0.0748277       0.55
   1.43993 -0.0747241       0.55
   1.44036 -0.0746207       0.55
    1.4408 -0.0745175       0.55
   1.44123 -0.0744144       0.55
   1.44166 -0.0743116       0.55
    1.4421 -0.0742089       0.55
   1.44253 -0.0741064       0.55
   1.44296 -0.0740041       0.55
    1.4434 -0.0739019       0.55
   1.44383    -0.0738       0.55
   1.44426 -0.0736982       0.55
    1.4447 -0.0735965       0.55
   1.44513 -0.0734951       0.55
   1.44557 -0.0733938       0.55
     1.446 -0.0732928       0.55
   1.44643 -0.0731918       0.55
   1.44687 -0.0730911       0.55
    1.4473 -0.0729906       0.55
   1.44773 -0.0728902       0.55
   1.44817   -0.07279       0.55
    1.4486 -0.0726899       0.55
   1.44903 -0.0725901       0.55
   1.44947 -0.0724904       0.55
    1.4499 -0.0723908       0.55
   1.45033 -0.0722915       0.55
   1.45077 -0.0721923       0.55
    1.4512 -0.0720933       0.55
   1.45163 -0.0719945       0.55
   1.45207 -0.0718958       0.55
    1.4525 -0.0717973       0.55
   1.45293  -0.071699       0.55
   1.45337 -0.0716009       0.55
    1.4538 -0.0715029       0.55
   1.45423 -0.0714051       0.55
   1.45467 -0.0713074       0.55
    1.4551   -0.07121       0.55
   1.45554 -0.0711127       0.55
   1.45597 -0.0710155       0.55
    1.4564 -0.0709186       0.55
   1.45684 -0.0708218       0.55
   1.45727 -0.0707251       0.55
    1.4577 -0.0706287       0.55
   1.45814 -0.0705323       0.55
   1.45857 -0.0704362       0.55
     1.459 -0.0703402       0.55
   1.45944 -0.0702444       0.55
   1.45987 -0.0701488       0.55
    1.4603 -0.0700533       0.55
   1.46074  -0.069958       0.55
   1.46117 -0.0698628       0.55
    1.4616 -0.0697679       0.55
   1.46204  -0.069673       0.55
   1.46247 -0.0695784       0.55
    1.4629 -0.0694839       0.55
   1.46334 -0.0693895       0.55
   1.46377 -0.0692954       0.55
    1.4642 -0.0692013       0.55
   1.46464 -0.0691075       0.55
   1.46507 -0.0690138       0.55
   1.46551 -0.0689203       0.55
   1.46594 -0.0688269       0.55
   1.46637 -0.0687337       0.55
   1.46681 -0.0686406       0.55
   1.46724 -0.0685477       0.55
   1.46767  -0.068455       0.55
   1.46811 -0.0683624       0.55
   1.46854   -0.06827       0.55
   1.46897 -0.0681777       0.55
   1.46941 -0.0680856       0.55
   1.46984 -0.0679937       0.55
   1.47027 -0.0679019       0.55
   1.47071 -0.0678102       0.55
   1.47114 -0.0677187       0.55
   1.47157 -0.0676274       0.55
   1.47201 -0.0675363       0.55
   1.47244 -0.0674452       0.55
   1.47287 -0.0673544       0.55
   1.47331 -0.0672637       0.55
   1.47374 -0.0671731       0.55
   1.47417 -0.0670827       0.55
   1.47461 -0.0669925       0.55
   1.47504 -0.0669024       0.55
   1.47548 -0.0668125       0.55
   1.47591 -0.0667227       0.55
   1.47634  -0.066633       0.55
   1.47678 -0.0665436       0.55
   1.47721 -0.0664542       0.55
   1.47764  -0.066365       0.55
   1.47808  -0.066276       0.55
   1.47851 -0.0661871       0.55
   1.47894 -0.0660984       0.55
   1.47938 -0.0660098       0.55
   1.47981 -0.0659214       0.55
   1.48024 -0.0658331       0.55
   1.48068  -0.065745       0.55
   1.48111  -0.065657       0.55
   1.48154 -0.0655692       0.55
   1.48198 -0.0654815       0.55
   1.48241  -0.065394       0.55
   1.48284 -0.0653066       0.55
   1.48328 -0.0652194       0.55
   1.48371 -0.0651323       0.55
   1.48414 -0.0650453       0.55
   1.48458 -0.0649585       0.55
   1.48501 -0.0648719       0.55
   1.48545 -0.0647854       0.55
   1.48588  -0.064699       0.55
   1.48631 -0.0646128       0.55
   1.48675 -0.0645267       0.55
   1.48718 -0.0644408       0.55
   1.48761  -0.064355       0.55
   1.48805 -0.0642694       0.55
   1.48848 -0.0641839       0.55
   1.48891 -0.0640985       0.55
   1.48935 -0.0640133       0.55
   1.48978 -0.0639282       0.55
   1.49021 -0.0638433       0.55
   1.49065 -0.0637585       0.55
   1.49108 -0.0636739       0.55
   1.49151 -0.0635894       0.55
   1.49195  -0.063505       0.55
   1.49238 -0.0634208       0.55
   1.49281 -0.0633368       0.55
   1.49325 -0.0632528       0.55
   1.49368  -0.063169       0.55
   1.49411 -0.0630854       0.55
   1.49455 -0.0630019       0.55
   1.49498 -0.0629185       0.55
   1.49542 -0.0628353       0.55
   1.49585 -0.0627522       0.55
   1.49628 -0.0626692       0.55
   1.49672 -0.0625864       0.55
   1.49715 -0.0625037       0.55
   1.49758 -0.0624212       0.55
   1.49802 -0.0623388       0.55
   1.49845 -0.0622565       0.55
   1.49888 -0.0621744       0.55
   1.49932 -0.0620924       0.55
   1.49975 -0.0620105       0.55
   1.50018 -0.0619288       0.55
   1.50062 -0.0618472       0.55
   1.50105 -0.0617658       0.55
   1.50148 -0.0616844       0.55
   1.50192 -0.0616033       0.55
   1.50235 -0.0615222       0.55
   1.50278 -0.0614413       0.55
   1.50322 -0.0613605       0.55
   1.50365 -0.0612799       0.55
   1.50408 -0.0611994       0.55
   1.50452  -0.061119       0.55
   1.50495 -0.0610388       0.55
   1.50539 -0.0609587       0.55
   1.50582 -0.0608787       0.55
   1.50625 -0.0607988       0.55
   1.50669 -0.0607191       0.55
   1.50712 -0.0606395       0.55
   1.50755 -0.0605601       0.55
   1.50799 -0.0604808       0.55
   1.50842 -0.0604016       0.55
   1.50885 -0.0603225       0.55
   1.50929 -0.0602436       0.55
   1.50972 -0.0601648       0.55
   1.51015 -0.0600862       0.55
   1.51059 -0.0600076       0.55
   1.51102 -0.0599292       0.55
   1.51145 -0.0598509       0.55
   1.51189 -0.0597728       0.55
   1.51232 -0.0596948       0.55
   1.51275 -0.0596169       0.55
   1.51319 -0.0595391       0.55
   1.51362 -0.0594615       0.55
   1.51405  -0.059384       0.55
   1.51449 -0.0593066       0.55
   1.51492 -0.0592293       0.55
   1.51536 -0.0591522       0.55
   1.51579 -0.0590752       0.55
   1.51622 -0.0589984       0.55
   1.51666 -0.0589216       0.55
   1.51709  -0.058845       0.55
   1.51752 -0.0587685       0.55
   1.51796 -0.0586921       0.55
   1.51839 -0.0586159       0.55
   1.51882 -0.0585398       0.55
   1.51926 -0.0584638       0.55
   1.51969 -0.0583879       0.55
   1.52012 -0.0583122       0.55
   1.52056 -0.0582365       0.55
   1.52099  -0.058161       0.55
   1.52142 -0.0580857       0.55
   1.52186 -0.0580104       0.55
   1.52229 -0.0579353       0.55
   1.52272 -0.0578603       0.55
   1.52316 -0.0577854       0.55
   1.52359 -0.0577106       0.55
   1.52402  -0.057636       0.55
   1.52446 -0.0575615       0.55
   1.52489 -0.0574871       0.55
   1.52533 -0.0574128       0.55
   1.52576 -0.0573387       0.55
   1.52619 -0.0572646       0.55
   1.52663 -0.0571907       0.55
   1.52706 -0.0571169       0.55
   1.52749 -0.0570433       0.55
   1.52793 -0.0569697       0.55
   1.52836 -0.0568963       0.55
   1.52879  -0.056823       0.55
   1.52923 -0.0567498       0.55
   1.52966 -0.0566767       0.55
   1.53009 -0.0566037       0.55
   1.53053 -0.0565309       0.55
   1.53096 -0.0564582       0.55
   1.53139 -0.0563856       0.55
   1.53183 -0.0563131       0.55
   1.53226 -0.0562407       0.55
   1.53269 -0.0561685       0.55
   1.53313 -0.0560964       0.55
   1.53356 -0.0560243       0.55
   1.53399 -0.0559524       0.55
   1.53443 -0.0558807       0.55
   1.53486  -0.055809       0.55
    1.5353 -0.0557375       0.55
   1.53573  -0.055666       0.55
   1.53616 -0.0555947       0.55
    1.5366 -0.0555235       0.55
   1.53703 -0.0554524       0.55
   1.53746 -0.0553814       0.55
    1.5379 -0.0553106       0.55
   1.53833 -0.0552398       0.55
   1.53876 -0.0551692       0.55
    1.5392 -0.0550987       0.55
   1.53963 -0.0550283       0.55
   1.54006  -0.054958       0.55
    1.5405 -0.0548878       0.55
   1.54093 -0.0548178       0.55
   1.54136 -0.0547478       0.55
    1.5418  -0.054678       0.55
   1.54223 -0.0546083       0.55
   1.54266 -0.0545386       0.55
    1.5431 -0.0544691       0.55
   1.54353 -0.0543997       0.55
   1.54396 -0.0543305       0.55
    1.5444 -0.0542613       0.55
   1.54483 -0.0541922       0.55
   1.54527 -0.0541233       0.55
    1.5457 -0.0540545       0.55
   1.54613 -0.0539857       0.55
   1.54657 -0.0539171       0.55
     1.547 -0.0538486       0.55
   1.54743 -0.0537802       0.55
   1.54787  -0.053712       0.55
    1.5483 -0.0536438       0.55
   1.54873 -0.0535757       0.55
   1.54917 -0.0535078       0.55
    1.5496 -0.0534399       0.55
   1.55003 -0.0533722       0.55
   1.55047 -0.0533045       0.55
    1.5509  -0.053237       0.55
   1.55133 -0.0531696       0.55
   1.55177 -0.0531023       0.55
    1.5522 -0.0530351       0.55
   1.55263  -0.052968       0.55
   1.55307  -0.052901       0.55
    1.5535 -0.0528341       0.55
   1.55393 -0.0527674       0.55
   1.55437 -0.0527007       0.55
    1.5548 -0.0526341       0.55
   1.55524 -0.0525677       0.55
   1.55567 -0.0525013       0.55
    1.5561 -0.0524351       0.55
   1.55654  -0.052369       0.55
   1.55697 -0.0523029       0.55
    1.5574  -0.052237       0.55
   1.55784 -0.0521712       0.55
   1.55827 -0.0521055       0.55
    1.5587 -0.0520399       0.55
   1.55914 -0.0519744       0.55
   1.55957 -0.0519089       0.55
      1.56 -0.0518436       0.55
   1.56044 -0.0517785       0.55
   1.56087 -0.0517134       0.55
    1.5613 -0.0516484       0.55
   1.56174 -0.0515835       0.55
   1.56217 -0.0515187       0.55
    1.5626  -0.051454       0.55
   1.56304 -0.0513894       0.55
   1.56347  -0.051325       0.55
    1.5639 -0.0512606       0.55
   1.56434 -0.0511963       0.55
   1.56477 -0.0511321       0.55
   1.56521 -0.0510681       0.55
   1.56564 -0.0510041       0.55
   1.56607 -0.0509402       0.55
   1.56651 -0.0508765       0.55
   1.56694 -0.0508128       0.55
   1.56737 -0.0507492       0.55
   1.56781 -0.0506858       0.55
   1.56824 -0.0506224       0.55
   1.56867 -0.0505591       0.55
   1.56911  -0.050496       0.55
   1.56954 -0.0504329       0.55
   1.56997 -0.0503699       0.55
   1.57041 -0.0503071       0.55
   1.57084 -0.0502443       0.55
   1.57127 -0.0501816       0.55
   1.57171 -0.0501191       0.55
   1.57214 -0.0500566       0.55
   1.57257 -0.0499942       0.55
   1.57301 -0.0499319       0.55
   1.57344 -0.0498698       0.55
   1.57387 -0.0498077       0.55
   1.57431 -0.0497457       0.55
   1.57474 -0.0496838       0.55
   1.57518  -0.049622       0.55
   1.57561 -0.0495603       0.55
   1.57604 -0.0494987       0.55
   1.57648 -0.0494372       0.55
   1.57691 -0.0493758       0.55
   1.57734 -0.0493145       0.55
   1.57778 -0.0492533       0.55
   1.57821 -0.0491922       0.55
   1.57864 -0.0491312       0.55
   1.57908 -0.0490703       0.55
   1.57951 -0.0490094       0.55
   1.57994 -0.0489487       0.55
   1.58038 -0.0488881       0.55
   1.58081 -0.0488275       0.55
   1.58124 -0.0487671       0.55
   1.58168 -0.0487067       0.55
   1.58211 -0.0486464       0.55
   1.58254 -0.0485863       0.55
   1.58298 -0.0485262       0.55
   1.58341 -0.0484662       0.55
   1.58384 -0.0484063       0.55
   1.58428 -0.0483465       0.55
   1.58471 -0.0482868       0.55
   1.58515 -0.0482272       0.55
   1.58558 -0.0481677       0.55
   1.58601 -0.0481083       0.55
   1.58645  -0.048049       0.55
   1.58688 -0.0479897       0.55
   1.58731 -0.0479306       0.55
   1.58775 -0.0478715       0.55
   1.58818 -0.0478126       0.55
   1.58861 -0.0477537       0.55
   1.58905 -0.0476949       0.55
   1.58948 -0.0476363       0.55
   1.58991 -0.0475777       0.55
   1.59035 -0.0475192       0.55
   1.59078 -0.0474607       0.55
   1.59121 -0.0474024       0.55
   1.59165 -0.0473442       0.55
   1.59208  -0.047286       0.55
   1.59251  -0.047228       0.55
   1.59295   -0.04717       0.55
   1.59338 -0.0471122       0.55
   1.59381 -0.0470544       0.55
   1.59425 -0.0469967       0.55
   1.59468 -0.0469391       0.55
   1.59512 -0.0468816       0.55
   1.59555 -0.0468241       0.55
   1.59598 -0.0467668       0.55
   1.59642 -0.0467096       0.55
   1.59685 -0.0466524       0.55
   1.59728 -0.0465953       0.55
   1.59772 -0.0465383       0.55
   1.59815 -0.0464814       0.55
   1.59858 -0.0464246       0.55
   1.59902 -0.0463679       0.55
   1.59945 -0.0463113       0.55
   1.59988 -0.0462547       0.55
   1.60032 -0.0461983       0.55
   1.60075 -0.0461419       0.55
   1.60118 -0.0460856       0.55
   1.60162 -0.0460294       0.55
   1.60205 -0.0459733       0.55
   1.60248 -0.0459173       0.55
   1.60292 -0.0458613       0.55
   1.60335 -0.0458055       0.55
   1.60378 -0.0457497       0.55
   1.60422  -0.045694       0.55
   1.60465 -0.0456384       0.55
   1.60509 -0.0455829       0.55
   1.60552 -0.0455275       0.55
   1.60595 -0.0454721       0.55
   1.60639 -0.0454169       0.55
   1.60682 -0.0453617       0.55
   1.60725 -0.0453066       0.55
   1.60769 -0.0452516       0.55
   1.60812 -0.0451967       0.55
   1.60855 -0.0451419       0.55
   1.60899 -0.0450871       0.55
   1.60942 -0.0450324       0.55
   1.60985 -0.0449779       0.55
   1.61029 -0.0449234       0.55
   1.61072 -0.0448689       0.55
   1.61115 -0.0448146       0.55
   1.61159 -0.0447604       0.55
   1.61202 -0.0447062       0.55
   1.61245 -0.0446521       0.55
   1.61289 -0.0445981       0.55
   1.61332 -0.0445442       0.55
   1.61375 -0.0444903       0.55
   1.61419 -0.0444366       0.55
   1.61462 -0.0443829       0.55
   1.61506 -0.0443293       0.55
   1.61549 -0.0442758       0.55
   1.61592 -0.0442224       0.55
   1.61636  -0.044169       0.55
   1.61679 -0.0441157       0.55
   1.61722 -0.0440626       0.55
   1.61766 -0.0440095       0.55
   1.61809 -0.0439564       0.55
   1.61852 -0.0439035       0.55
   1.61896 -0.0438506       0.55
   1.61939 -0.0437978       0.55
   1.61982 -0.0437451       0.55
   1.62026 -0.0436925       0.55
   1.62069   -0.04364       0.55
   1.62112 -0.0435875       0.55
   1.62156 -0.0435351       0.55
   1.62199 -0.0434828       0.55
   1.62242 -0.0434306       0.55
   1.62286 -0.0433784       0.55
   1.62329 -0.0433264       0.55
   1.62372 -0.0432744       0.55
   1.62416 -0.0432225       0.55
   1.62459 -0.0431706       0.55
   1.62503 -0.0431189       0.55
   1.62546 -0.0430672       0.55
   1.62589 -0.0430156       0.55
   1.62633 -0.0429641       0.55
   1.62676 -0.0429127       0.55
   1.62719 -0.0428613       0.55
   1.62763   -0.04281       0.55
   1.62806 -0.0427588       0.55
   1.62849 -0.0427077       0.55
   1.62893 -0.0426566       0.55
   1.62936 -0.0426056       0.55
   1.62979 -0.0425547       0.55
   1.63023 -0.0425039       0.55
   1.63066 -0.0424532       0.55
   1.63109 -0.0424025       0.55
   1.63153 -0.0423519       0.55
   1.63196 -0.0423014       0.55
   1.63239 -0.0422509       0.55
   1.63283 -0.0422006       0.55
   1.63326 -0.0421503       0.55
   1.63369 -0.0421001       0.55
   1.63413 -0.0420499       0.55
   1.63456 -0.0419998       0.55
   1.63499 -0.0419499       0.55
   1.63543 -0.0418999       0.55
   1.63586 -0.0418501       0.55
    1.6363 -0.0418003       0.55
   1.63673 -0.0417506       0.55
   1.63716  -0.041701       0.55
    1.6376 -0.0416515       0.55
   1.63803  -0.041602       0.55
   1.63846 -0.0415526       0.55
    1.6389 -0.0415033       0.55
   1.63933 -0.0414541       0.55
   1.63976 -0.0414049       0.55
    1.6402 -0.0413558       0.55
   1.64063 -0.0413068       0.55
   1.64106 -0.0412578       0.55
    1.6415 -0.0412089       0.55
   1.64193 -0.0411601       0.55
   1.64236 -0.0411114       0.55
    1.6428 -0.0410627       0.55
   1.64323 -0.0410141       0.55
   1.64366 -0.0409656       0.55
    1.6441 -0.0409172       0.55
   1.64453 -0.0408688       0.55
   1.64496 -0.0408205       0.55
    1.6454 -0.0407723       0.55
   1.64583 -0.0407241       0.55
   1.64627 -0.0406761       0.55
    1.6467  -0.040628       0.55
   1.64713 -0.0405801       0.55
   1.64757 -0.0405322       0.55
     1.648 -0.0404844       0.55
   1.64843 -0.0404367       0.55
   1.64887 -0.0403891       0.55
    1.6493 -0.0403415       0.55
   1.64973  -0.040294       0.55
   1.65017 -0.0402465       0.55
    1.6506 -0.0401991       0.55
   1.65103 -0.0401518       0.55
   1.65147 -0.0401046       0.55
    1.6519 -0.0400575       0.55
   1.65233 -0.0400104       0.55
   1.65277 -0.0399633       0.55
    1.6532 -0.0399164       0.55
   1.65363 -0.0398695       0.55
   1.65407 -0.0398227       0.55
    1.6545 -0.0397759       0.55
   1.65493 -0.0397293       0.55
   1.65537 -0.0396827       0.55
    1.6558 -0.0396361       0.55
   1.65624 -0.0395897       0.55
   1.65667 -0.0395433       0.55
    1.6571 -0.0394969       0.55
   1.65754 -0.0394507       0.55
   1.65797 -0.0394045       0.55
    1.6584 -0.0393583       0.55
   1.65884 -0.0393123       0.55
   1.65927 -0.0392663       0.55
    1.6597 -0.0392204       0.55
   1.66014 -0.0391745       0.55
   1.66057 -0.0391287       0.55
     1.661  -0.039083       0.55
   1.66144 -0.0390374       0.55
   1.66187 -0.0389918       0.55
    1.6623 -0.0389463       0.55
   1.66274 -0.0389008       0.55
   1.66317 -0.0388554       0.55
    1.6636 -0.0388101       0.55
   1.66404 -0.0387649       0.55
   1.66447 -0.0387197       0.55
    1.6649 -0.0386746       0.55
   1.66534 -0.0386295       0.55
   1.66577 -0.0385845       0.55
   1.66621 -0.0385396       0.55
   1.66664 -0.0384947       0.55
   1.66707   -0.03845       0.55
   1.66751 -0.0384052       0.55
   1.66794 -0.0383606       0.55
   1.66837  -0.038316       0.55
   1.66881 -0.0382715       0.55
   1.66924  -0.038227       0.55
   1.66967 -0.0381826       0.55
   1.67011 -0.0381383       0.55
   1.67054  -0.038094       0.55
   1.67097 -0.0380498       0.55
   1.67141 -0.0380057       0.55
   1.67184 -0.0379616       0.55
   1.67227 -0.0379176       0.55
   1.67271 -0.0378737       0.55
   1.67314 -0.0378298       0.55
   1.67357  -0.037786       0.55
   1.67401 -0.0377422       0.55
   1.67444 -0.0376985       0.55
   1.67487 -0.0376549       0.55
   1.67531 -0.0376114       0.55
   1.67574 -0.0375679       0.55
   1.67618 -0.0375244       0.55
   1.67661 -0.0374811       0.55
   1.67704 -0.0374378       0.55
   1.67748 -0.0373945       0.55
   1.67791 -0.0373513       0.55
   1.67834 -0.0373082       0.55
   1.67878 -0.0372652       0.55
   1.67921 -0.0372222       0.55
   1.67964 -0.0371792       0.55
   1.68008 -0.0371364       0.55
   1.68051 -0.0370936       0.55
   1.68094 -0.0370508       0.55
   1.68138 -0.0370082       0.55
   1.68181 -0.0369655       0.55
   1.68224  -0.036923       0.55
   1.68268 -0.0368805       0.55
   1.68311 -0.0368381       0.55
   1.68354 -0.0367957       0.55
   1.68398 -0.0367534       0.55
   1.68441 -0.0367111       0.55
   1.68484 -0.0366689       0.55
   1.68528 -0.0366268       0.55
   1.68571 -0.0365848       0.55
   1.68615 -0.0365428       0.55
   1.68658 -0.0365008       0.55
   1.68701 -0.0364589       0.55
   1.68745 -0.0364171       0.55
   1.68788 -0.0363753       0.55
   1.68831 -0.0363336       0.55
   1.68875  -0.036292       0.55
   1.68918 -0.0362504       0.55
   1.68961 -0.0362089       0.55
   1.69005 -0.0361674       0.55
   1.69048  -0.036126       0.55
   1.69091 -0.0360847       0.55
   1.69135 -0.0360434       0.55
   1.69178 -0.0360022       0.55
   1.69221  -0.035961       0.55
   1.69265 -0.0359199       0.55
   1.69308 -0.0358789       0.55
   1.69351 -0.0358379       0.55
   1.69395  -0.035797       0.55
   1.69438 -0.0357561       0.55
   1.69481 -0.0357153       0.55
   1.69525 -0.0356746       0.55
   1.69568 -0.0356339       0.55
   1.69612 -0.0355932       0.55
   1.69655 -0.0355527       0.55
   1.69698 -0.0355122       0.55
   1.69742 -0.0354717       0.55
   1.69785 -0.0354313       0.55
   1.69828  -0.035391       0.55
   1.69872 -0.0353507       0.55
   1.69915 -0.0353105       0.55
   1.69958 -0.0352703       0.55
   1.70002 -0.0352302       0.55
   1.70045 -0.0351901       0.55
   1.70088 -0.0351501       0.55
   1.70132 -0.0351102       0.55
   1.70175 -0.0350703       0.55
   1.70218 -0.0350305       0.55
   1.70262 -0.0349907       0.55
   1.70305  -0.034951       0.55
   1.70348 -0.0349114       0.55
   1.70392 -0.0348718       0.55
   1.70435 -0.0348322       0.55
   1.70478 -0.0347927       0.55
   1.70522 -0.0347533       0.55
   1.70565  -0.034714       0.55
   1.70609 -0.0346746       0.55
   1.70652 -0.0346354       0.55
   1.70695 -0.0345962       0.55
   1.70739  -0.034557       0.55
   1.70782 -0.0345179       0.55
   1.70825 -0.0344789       0.55
   1.70869 -0.0344399       0.55
   1.70912  -0.034401       0.55
   1.70955 -0.0343621       0.55
   1.70999 -0.0343233       0.55
   1.71042 -0.0342846       0.55
   1.71085 -0.0342459       0.55
   1.71129 -0.0342072       0.55
   1.71172 -0.0341686       0.55
   1.71215 -0.0341301       0.55
   1.71259 -0.0340916       0.55
   1.71302 -0.0340532       0.55
   1.71345 -0.0340148       0.55
   1.71389 -0.0339765       0.55
   1.71432 -0.0339382       0.55
   1.71475    -0.0339       0.55
   1.71519 -0.0338619       0.55
   1.71562 -0.0338238       0.55
   1.71606 -0.0337857       0.55
   1.71649 -0.0337477       0.55
   1.71692 -0.0337098       0.55
   1.71736 -0.0336719       0.55
   1.71779 -0.0336341       0.55
   1.71822 -0.0335963       0.55
   1.71866 -0.0335586       0.55
   1.71909 -0.0335209       0.55
   1.71952 -0.0334833       0.55
   1.71996 -0.0334457       0.55
   1.72039 -0.0334082       0.55
   1.72082 -0.0333708       0.55
   1.72126 -0.0333334       0.55
   1.72169  -0.033296       0.55
   1.72212 -0.0332587       0.55
   1.72256 -0.0332215       0.55
   1.72299 -0.0331843       0.55
   1.72342 -0.0331471       0.55
   1.72386   -0.03311       0.55
   1.72429  -0.033073       0.55
   1.72472  -0.033036       0.55
   1.72516 -0.0329991       0.55
   1.72559 -0.0329622       0.55
   1.72603 -0.0329254       0.55
   1.72646 -0.0328886       0.55
   1.72689 -0.0328519       0.55
   1.72733 -0.0328152       0.55
   1.72776 -0.0327786       0.55
   1.72819  -0.032742       0.55
   1.72863 -0.0327055       0.55
   1.72906  -0.032669       0.55
   1.72949 -0.0326326       0.55
   1.72993 -0.0325962       0.55
   1.73036 -0.0325599       0.55
   1.73079 -0.0325237       0.55
   1.73123 -0.0324875       0.55
   1.73166 -0.0324513       0.55
   1.73209 -0.0324152       0.55
   1.73253 -0.0323791       0.55
   1.73296 -0.0323431       0.55
   1.73339 -0.0323072       0.55
   1.73383 -0.0322712       0.55
   1.73426 -0.0322354       0.55
   1.73469 -0.0321996       0.55
   1.73513 -0.0321638       0.55
   1.73556 -0.0321281       0.55
     1.736 -0.0320925       0.55
   1.73643 -0.0320568       0.55
   1.73686 -0.0320213       0.55
    1.7373 -0.0319858       0.55
   1.73773 -0.0319503       0.55
   1.73816 -0.0319149       0.55
    1.7386 -0.0318796       0.55
   1.73903 -0.0318442       0.55
   1.73946  -0.031809       0.55
    1.7399 -0.0317738       0.55
   1.74033 -0.0317386       0.55
   1.74076 -0.0317035       0.55
    1.7412 -0.0316684       0.55
   1.74163 -0.0316334       0.55
   1.74206 -0.0315985       0.55
    1.7425 -0.0315635       0.55
   1.74293 -0.0315287       0.55
   1.74336 -0.0314938       0.55
    1.7438 -0.0314591       0.55
   1.74423 -0.0314243       0.55
   1.74466 -0.0313897       0.55
    1.7451  -0.031355       0.55
   1.74553 -0.0313205       0.55
   1.74597 -0.0312859       0.55
    1.7464 -0.0312515       0.55
   1.74683  -0.031217       0.55
   1.74727 -0.0311826       0.55
    1.7477 -0.0311483       0.55
   1.74813  -0.031114       0.55
   1.74857 -0.0310798       0.55
     1.749 -0.0310456       0.55
   1.74943 -0.0310114       0.55
   1.74987 -0.0309773       0.55
    1.7503 -0.0309433       0.55
   1.75073 -0.0309092       0.55
   1.75117 -0.0308753       0.55
    1.7516 -0.0308414       0.55
   1.75203 -0.0308075       0.55
   1.75247 -0.0307737       0.55
    1.7529 -0.0307399       0.55
   1.75333 -0.0307062       0.55
   1.75377 -0.0306725       0.55
    1.7542 -0.0306389       0.55
   1.75463 -0.0306053       0.55
   1.75507 -0.0305717       0.55
    1.7555 -0.0305383       0.55
   1.75594 -0.0305048       0.55
   1.75637 -0.0304714       0.55
    1.7568 -0.0304381       0.55
   1.75724 -0.0304047       0.55
   1.75767 -0.0303715       0.55
    1.7581 -0.0303383       0.55
   1.75854 -0.0303051       0.55
   1.75897  -0.030272       0.55
    1.7594 -0.0302389       0.55
   1.75984 -0.0302059       0.55
   1.76027 -0.0301729       0.55
    1.7607 -0.0301399       0.55
   1.76114  -0.030107       0.55
   1.76157 -0.0300742       0.55
     1.762 -0.0300414       0.55
   1.76244 -0.0300086       0.55
   1.76287 -0.0299759       0.55
    1.7633 -0.0299432       0.55
   1.76374 -0.0299106       0.55
   1.76417  -0.029878       0.55
    1.7646 -0.0298455       0.55
   1.76504  -0.029813       0.55
   1.76547 -0.0297805       0.55
   1.76591 -0.0297481       0.55
   1.76634 -0.0297158       0.55
   1.76677 -0.0296834       0.55
   1.76721 -0.0296512       0.55
   1.76764 -0.0296189       0.55
   1.76807 -0.0295868       0.55
   1.76851 -0.0295546       0.55
   1.76894 -0.0295225       0.55
   1.76937 -0.0294905       0.55
   1.76981 -0.0294585       0.55
   1.77024 -0.0294265       0.55
   1.77067 -0.0293946       0.55
   1.77111 -0.0293627       0.55
   1.77154 -0.0293309       0.55
   1.77197 -0.0292991       0.55
   1.77241 -0.0292673       0.55
   1.77284 -0.0292356       0.55
   1.77327  -0.029204       0.55
   1.77371 -0.0291724       0.55
   1.77414 -0.0291408       0.55
   1.77457 -0.0291093       0.55
   1.77501 -0.0290778       0.55
   1.77544 -0.0290463       0.55
   1.77588 -0.0290149       0.55
   1.77631 -0.0289836       0.55
   1.77674 -0.0289523       0.55
   1.77718  -0.028921       0.55
   1.77761 -0.0288898       0.55
   1.77804 -0.0288586       0.55
   1.77848 -0.0288274       0.55
   1.77891 -0.0287963       0.55
   1.77934 -0.0287653       0.55
   1.77978 -0.0287342       0.55
   1.78021 -0.0287033       0.55
   1.78064 -0.0286723       0.55
   1.78108 -0.0286414       0.55
   1.78151 -0.0286106       0.55
   1.78194 -0.0285798       0.55
   1.78238  -0.028549       0.55
   1.78281 -0.0285183       0.55
   1.78324 -0.0284876       0.55
   1.78368  -0.028457       0.55
   1.78411 -0.0284264       0.55
   1.78454 -0.0283958       0.55
   1.78498 -0.0283653       0.55
   1.78541 -0.0283348       0.55
   1.78585 -0.0283044       0.55
   1.78628  -0.028274       0.55
   1.78671 -0.0282436       0.55
   1.78715 -0.0282133       0.55
   1.78758 -0.0281831       0.55
   1.78801 -0.0281528       0.55
   1.78845 -0.0281226       0.55
   1.78888 -0.0280925       0.55
   1.78931 -0.0280624       0.55
   1.78975 -0.0280323       0.55
   1.79018 -0.0280023       0.55
   1.79061 -0.0279723       0.55
   1.79105 -0.0279424       0.55
   1.79148 -0.0279125       0.55
   1.79191 -0.0278826       0.55
   1.79235 -0.0278528       0.55
   1.79278  -0.027823       0.55
   1.79321 -0.0277933       0.55
   1.79365 -0.0277636       0.55
   1.79408 -0.0277339       0.55
   1.79451 -0.0277043       0.55
   1.79495 -0.0276747       0.55
   1.79538 -0.0276451       0.55
   1.79582 -0.0276156       0.55
   1.79625 -0.0275862       0.55
   1.79668 -0.0275568       0.55
   1.79712 -0.0275274       0.55
   1.79755  -0.027498       0.55
   1.79798 -0.0274687       0.55
   1.79842 -0.0274395       0.55
   1.79885 -0.0274102       0.55
   1.79928  -0.027381       0.55
   1.79972 -0.0273519       0.55
   1.80015 -0.0273228       0.55
   1.80058 -0.0272937       0.55
   1.80102 -0.0272647       0.55
   1.80145 -0.0272357       0.55
   1.80188 -0.0272067       0.55
   1.80232 -0.0271778       0.55
   1.80275 -0.0271489       0.55
   1.80318 -0.0271201       0.55
   1.80362 -0.0270913       0.55
   1.80405 -0.0270626       0.55
   1.80448 -0.0270338       0.55
   1.80492 -0.0270051       0.55
   1.80535 -0.0269765       0.55
   1.80579 -0.0269479       0.55
   1.80622 -0.0269193       0.55
   1.80665 -0.0268908       0.55
   1.80709 -0.0268623       0.55
   1.80752 -0.0268339       0.55
   1.80795 -0.0268054       0.55
   1.80839 -0.0267771       0.55
   1.80882 -0.0267487       0.55
   1.80925 -0.0267204       0.55
   1.80969 -0.0266922       0.55
   1.81012 -0.0266639       0.55
   1.81055 -0.0266357       0.55
   1.81099 -0.0266076       0.55
   1.81142 -0.0265795       0.55
   1.81185 -0.0265514       0.55
   1.81229 -0.0265234       0.55
   1.81272 -0.0264954       0.55
   1.81315 -0.0264674       0.55
   1.81359 -0.0264395       0.55
   1.81402 -0.0264116       0.55
   1.81445 -0.0263837       0.55
   1.81489 -0.0263559       0.55
   1.81532 -0.0263281       0.55
   1.81576 -0.0263004       0.55
   1.81619 -0.0262727       0.55
   1.81662  -0.026245       0.55
   1.81706 -0.0262174       0.55
   1.81749 -0.0261898       0.55
   1.81792 -0.0261622       0.55
   1.81836 -0.0261347       0.55
   1.81879 -0.0261072       0.55
   1.81922 -0.0260798       0.55
   1.81966 -0.0260524       0.55
   1.82009  -0.026025       0.55
   1.82052 -0.0259976       0.55
   1.82096 -0.0259703       0.55
   1.82139 -0.0259431       0.55
   1.82182 -0.0259158       0.55
   1.82226 -0.0258886       0.55
   1.82269 -0.0258615       0.55
   1.82312 -0.0258343       0.55
   1.82356 -0.0258073       0.55
   1.82399 -0.0257802       0.55
   1.82442 -0.0257532       0.55
   1.82486 -0.0257262       0.55
   1.82529 -0.0256993       0.55
   1.82573 -0.0256724       0.55
   1.82616 -0.0256455       0.55
   1.82659 -0.0256186       0.55
   1.82703 -0.0255918       0.55
   1.82746 -0.0255651       0.55
   1.82789 -0.0255383       0.55
   1.82833 -0.0255116       0.55
   1.82876  -0.025485       0.55
   1.82919 -0.0254584       0.55
   1.82963 -0.0254318       0.55
   1.83006 -0.0254052       0.55
   1.83049 -0.0253787       0.55
   1.83093 -0.0253522       0.55
   1.83136 -0.0253257       0.55
   1.83179 -0.0252993       0.55
   1.83223 -0.0252729       0.55
   1.83266 -0.0252466       0.55
   1.83309 -0.0252203       0.55
   1.83353  -0.025194       0.55
   1.83396 -0.0251678       0.55
   1.83439 -0.0251415       0.55
   1.83483 -0.0251154       0.55
   1.83526 -0.0250892       0.55
    1.8357 -0.0250631       0.55
   1.83613  -0.025037       0.55
   1.83656  -0.025011       0.55
     1.837  -0.024985       0.55
   1.83743  -0.024959       0.55
   1.83786 -0.0249331       0.55
    1.8383 -0.0249072       0.55
   1.83873 -0.0248813       0.55
   1.83916 -0.0248555       0.55
    1.8396 -0.0248297       0.55
   1.84003 -0.0248039       0.55
   1.84046 -0.0247782       0.55
    1.8409 -0.0247525       0.55
   1.84133 -0.0247268       0.55
   1.84176 -0.0247012       0.55
    1.8422 -0.0246756       0.55
   1.84263   -0.02465       0.55
   1.84306 -0.0246245       0.55
    1.8435  -0.024599       0.55
   1.84393 -0.0245735       0.55
   1.84436 -0.0245481       0.55
    1.8448 -0.0245227       0.55
   1.84523 -0.0244973       0.55
   1.84567  -0.024472       0.55
    1.8461 -0.0244467       0.55
   1.84653 -0.0244214       0.55
   1.84697 -0.0243962       0.55
    1.8474  -0.024371       0.55
   1.84783 -0.0243458       0.55
   1.84827 -0.0243207       0.55
    1.8487 -0.0242956       0.55
   1.84913 -0.0242705       0.55
   1.84957 -0.0242455       0.55
      1.85 -0.0242205       0.55