 kgrid  ValNew  Policy 
    0.55   -64.17     0.55
0.550433 -64.0908     0.55
0.550867 -64.0122     0.55
  0.5513 -63.9341     0.55
0.551734 -63.8565     0.55
0.552167 -63.7795     0.55
0.552601 -63.7031     0.55
0.553034 -63.6271     0.55
0.553468 -63.5517     0.55
0.553901 -63.4768     0.55
0.554335 -63.4024     0.55
0.554768 -63.3286     0.55
0.555202 -63.2552     0.55
0.555635 -63.1824     0.55
0.556069   -63.11     0.55
0.556502 -63.0382     0.55
0.556936 -62.9668     0.55
0.557369 -62.8959     0.55
0.557803 -62.8256     0.55
0.558236 -62.7556     0.55
 0.55867 -62.6862     0.55
0.559103 -62.6173     0.55
0.559537 -62.5488     0.55
 0.55997 -62.4807     0.55
0.560403 -62.4132     0.55
0.560837 -62.3461     0.55
 0.56127 -62.2794     0.55
0.561704 -62.2129 0.550433
0.562137 -62.1466 0.550867
0.562571 -62.0805   0.5513
0.563004 -62.0145   0.5513
0.563438 -61.9487 0.551734
0.563871 -61.8831 0.552167
0.564305 -61.8177 0.552167
0.564738 -61.7525 0.552601
0.565172 -61.6874 0.553034
0.565605 -61.6226 0.553034
0.566039 -61.5579 0.553468
0.566472 -61.4933 0.553901
0.566906 -61.4291 0.553901
0.567339 -61.3648 0.554335
0.567773 -61.3009 0.554768
0.568206 -61.2371 0.555202
 0.56864 -61.1734 0.555202
0.569073 -61.1099 0.555635
0.569507 -61.0467 0.556069
 0.56994 -60.9835 0.556069
0.570373 -60.9206 0.556502
0.570807 -60.8578 0.556936
 0.57124 -60.7952 0.556936
0.571674 -60.7327 0.557369
0.572107 -60.6704 0.557803
0.572541 -60.6083 0.558236
0.572974 -60.5464 0.558236
0.573408 -60.4846  0.55867
0.573841  -60.423 0.559103
0.574275 -60.3615 0.559103
0.574708 -60.3002 0.559537
0.575142  -60.239  0.55997
0.575575 -60.1781 0.560403
0.576009 -60.1173 0.560403
0.576442 -60.0566 0.560837
0.576876 -59.9962  0.56127
0.577309 -59.9358  0.56127
0.577743 -59.8756 0.561704
0.578176 -59.8156 0.562137
 0.57861 -59.7557 0.562571
0.579043  -59.696 0.562571
0.579476 -59.6363 0.563004
 0.57991 -59.5768 0.563438
0.580343 -59.5175 0.563871
0.580777 -59.4583 0.563871
 0.58121 -59.3992 0.564305
0.581644 -59.3403 0.564738
0.582077 -59.2815 0.565172
0.582511 -59.2229 0.565172
0.582944 -59.1643 0.565605
0.583378 -59.1059 0.566039
0.583811 -59.0477 0.566472
0.584245 -58.9896 0.566906
0.584678 -58.9316 0.566906
0.585112 -58.8737 0.567339
0.585545  -58.816 0.567773
0.585979 -58.7584 0.568206
0.586412 -58.7009 0.568206
0.586846 -58.6436  0.56864
0.587279 -58.5864 0.569073
0.587713 -58.5293 0.569507
0.588146 -58.4724 0.569507
 0.58858 -58.4155  0.56994
0.589013 -58.3588 0.570373
0.589446 -58.3022 0.570807
 0.58988 -58.2458  0.57124
0.590313 -58.1895  0.57124
0.590747 -58.1332 0.571674
 0.59118 -58.0772 0.572107
0.591614 -58.0212 0.572541
0.592047 -57.9654 0.572541
0.592481 -57.9097 0.572974
0.592914 -57.8541 0.573408
0.593348 -57.7986 0.573841
0.593781 -57.7433 0.573841
0.594215 -57.6881 0.574275
0.594648  -57.633 0.574708
0.595082  -57.578 0.575142
0.595515 -57.5231 0.575575
0.595949 -57.4684 0.575575
0.596382 -57.4137 0.576009
0.596816 -57.3592 0.576442
0.597249 -57.3049 0.576876
0.597683 -57.2506 0.576876
0.598116 -57.1964 0.577309
 0.59855 -57.1424 0.577743
0.598983 -57.0884 0.578176
0.599416 -57.0346  0.57861
 0.59985 -56.9809 0.579043
0.600283 -56.9273 0.579043
0.600717 -56.8737 0.579476
 0.60115 -56.8203  0.57991
0.601584  -56.767 0.580343
0.602017 -56.7137 0.580777
0.602451 -56.6606  0.58121
0.602884 -56.6075  0.58121
0.603318 -56.5545 0.581644
0.603751 -56.5016 0.582077
0.604185 -56.4488 0.582511
0.604618 -56.3961 0.582944
0.605052 -56.3435 0.583378
0.605485  -56.291 0.583811
0.605919 -56.2386 0.583811
0.606352 -56.1862 0.584245
0.606786 -56.1339 0.584678
0.607219 -56.0818 0.585112
0.607653 -56.0297 0.585545
0.608086 -55.9777 0.585979
 0.60852 -55.9259 0.586412
0.608953  -55.874 0.586412
0.609386 -55.8223 0.586846
 0.60982 -55.7707 0.587279
0.610253 -55.7191 0.587713
0.610687 -55.6676 0.588146
 0.61112 -55.6163  0.58858
0.611554  -55.565 0.589013
0.611987 -55.5138 0.589013
0.612421 -55.4626 0.589446
0.612854 -55.4116  0.58988
0.613288 -55.3606 0.590313
0.613721 -55.3098 0.590747
0.614155  -55.259  0.59118
0.614588 -55.2083 0.591614
0.615022 -55.1577 0.592047
0.615455 -55.1071 0.592047
0.615889 -55.0567 0.592481
0.616322 -55.0063 0.592914
0.616756  -54.956 0.593348
0.617189 -54.9058 0.593781
0.617623 -54.8557 0.594215
0.618056 -54.8057 0.594648
0.618489 -54.7557 0.594648
0.618923 -54.7058 0.595082
0.619356  -54.656 0.595515
 0.61979 -54.6063 0.595949
0.620223 -54.5567 0.596382
0.620657 -54.5071 0.596816
 0.62109 -54.4577 0.597249
0.621524 -54.4083 0.597249
0.621957  -54.359 0.597683
0.622391 -54.3097 0.598116
0.622824 -54.2606  0.59855
0.623258 -54.2115 0.598983
0.623691 -54.1625 0.599416
0.624125 -54.1135  0.59985
0.624558 -54.0647 0.600283
0.624992 -54.0159 0.600283
0.625425 -53.9672 0.600717
0.625859 -53.9186  0.60115
0.626292   -53.87 0.601584
0.626726 -53.8216 0.602017
0.627159 -53.7732 0.602451
0.627593 -53.7249 0.602884
0.628026 -53.6766 0.603318
0.628459 -53.6285 0.603318
0.628893 -53.5804 0.603751
0.629326 -53.5323 0.604185
 0.62976 -53.4844 0.604618
0.630193 -53.4365 0.605052
0.630627 -53.3887 0.605485
 0.63106 -53.3409 0.605919
0.631494 -53.2933 0.606352
0.631927 -53.2457 0.606786
0.632361 -53.1982 0.606786
0.632794 -53.1507 0.607219
0.633228 -53.1034 0.607653
0.633661 -53.0561 0.608086
0.634095 -53.0088  0.60852
0.634528 -52.9617 0.608953
0.634962 -52.9146 0.609386
0.635395 -52.8676  0.60982
0.635829 -52.8206  0.60982
0.636262 -52.7737 0.610253
0.636696 -52.7269 0.610687
0.637129 -52.6802  0.61112
0.637563 -52.6335 0.611554
0.637996 -52.5869 0.611987
0.638429 -52.5404 0.612421
0.638863  -52.494 0.612854
0.639296 -52.4476 0.612854
 0.63973 -52.4013 0.613288
0.640163  -52.355 0.613721
0.640597 -52.3088 0.614155
 0.64103 -52.2627 0.614588
0.641464 -52.2166 0.615022
0.641897 -52.1707 0.615455
0.642331 -52.1248 0.615889
0.642764 -52.0789 0.616322
0.643198 -52.0332 0.616322
0.643631 -51.9874 0.616756
0.644065 -51.9418 0.617189
0.644498 -51.8962 0.617623
0.644932 -51.8507 0.618056
0.645365 -51.8053 0.618489
0.645799 -51.7599 0.618923
0.646232 -51.7146 0.619356
0.646666 -51.6693  0.61979
0.647099 -51.6242  0.61979
0.647533  -51.579 0.620223
0.647966  -51.534 0.620657
0.648399  -51.489  0.62109
0.648833  -51.444 0.621524
0.649266 -51.3992 0.621957
  0.6497 -51.3544 0.622391
0.650133 -51.3097 0.622824
0.650567  -51.265 0.623258
   0.651 -51.2204 0.623258
0.651434 -51.1758 0.623691
0.651867 -51.1313 0.624125
0.652301 -51.0869 0.624558
0.652734 -51.0425 0.624992
0.653168 -50.9982 0.625425
0.653601  -50.954 0.625859
0.654035 -50.9098 0.626292
0.654468 -50.8657 0.626726
0.654902 -50.8217 0.627159
0.655335 -50.7777 0.627159
0.655769 -50.7338 0.627593
0.656202 -50.6899 0.628026
0.656636 -50.6461 0.628459
0.657069 -50.6023 0.628893
0.657503 -50.5587 0.629326
0.657936  -50.515  0.62976
0.658369 -50.4715 0.630193
0.658803  -50.428 0.630627
0.659236 -50.3845 0.630627
 0.65967 -50.3412  0.63106
0.660103 -50.2978 0.631494
0.660537 -50.2545 0.631927
 0.66097 -50.2113 0.632361
0.661404 -50.1682 0.632794
0.661837 -50.1251 0.633228
0.662271 -50.0821 0.633661
0.662704 -50.0391 0.634095
0.663138 -49.9962 0.634528
0.663571 -49.9534 0.634528
0.664005 -49.9106 0.634962
0.664438 -49.8678 0.635395
0.664872 -49.8252 0.635829
0.665305 -49.7825 0.636262
0.665739   -49.74 0.636696
0.666172 -49.6975 0.637129
0.666606 -49.6551 0.637563
0.667039 -49.6127 0.637996
0.667472 -49.5704 0.638429
0.667906 -49.5281 0.638429
0.668339 -49.4859 0.638863
0.668773 -49.4437 0.639296
0.669206 -49.4016  0.63973
 0.66964 -49.3596 0.640163
0.670073 -49.3176 0.640597
0.670507 -49.2757  0.64103
 0.67094 -49.2338 0.641464
0.671374  -49.192 0.641897
0.671807 -49.1502 0.641897
0.672241 -49.1085 0.642331
0.672674 -49.0669 0.642764
0.673108 -49.0253 0.643198
0.673541 -48.9837 0.643631
0.673975 -48.9422 0.644065
0.674408 -48.9008 0.644498
0.674842 -48.8595 0.644932
0.675275 -48.8182 0.645365
0.675709 -48.7769 0.645799
0.676142 -48.7357 0.645799
0.676576 -48.6945 0.646232
0.677009 -48.6534 0.646666
0.677442 -48.6124 0.647099
0.677876 -48.5714 0.647533
0.678309 -48.5305 0.647966
0.678743 -48.4896 0.648399
0.679176 -48.4488 0.648833
 0.67961  -48.408 0.649266
0.680043 -48.3673   0.6497
0.680477 -48.3267   0.6497
 0.68091 -48.2861 0.650133
0.681344 -48.2455 0.650567
0.681777  -48.205    0.651
0.682211 -48.1646 0.651434
0.682644 -48.1242 0.651867
0.683078 -48.0838 0.652301
0.683511 -48.0435 0.652734
0.683945 -48.0033 0.653168
0.684378 -47.9631 0.653601
0.684812  -47.923 0.653601
0.685245 -47.8829 0.654035
0.685679 -47.8429 0.654468
0.686112 -47.8029 0.654902
0.686546  -47.763 0.655335
0.686979 -47.7231 0.655769
0.687412 -47.6833 0.656202
0.687846 -47.6436 0.656636
0.688279 -47.6038 0.657069
0.688713 -47.5642 0.657503
0.689146 -47.5246 0.657503
 0.68958  -47.485 0.657936
0.690013 -47.4455 0.658369
0.690447 -47.4061 0.658803
 0.69088 -47.3667 0.659236
0.691314 -47.3273  0.65967
0.691747  -47.288 0.660103
0.692181 -47.2488 0.660537
0.692614 -47.2096  0.66097
0.693048 -47.1704 0.661404
0.693481 -47.1313 0.661404
0.693915 -47.0923 0.661837
0.694348 -47.0533 0.662271
0.694782 -47.0143 0.662704
0.695215 -46.9754 0.663138
0.695649 -46.9366 0.663571
0.696082 -46.8978 0.664005
0.696516  -46.859 0.664438
0.696949 -46.8203 0.664872
0.697382 -46.7817 0.665305
0.697816 -46.7431 0.665305
0.698249 -46.7045 0.665739
0.698683  -46.666 0.666172
0.699116 -46.6276 0.666606
 0.69955 -46.5892 0.667039
0.699983 -46.5508 0.667472
0.700417 -46.5125 0.667906
 0.70085 -46.4743 0.668339
0.701284 -46.4361 0.668773
0.701717 -46.3979 0.669206
0.702151 -46.3598  0.66964
0.702584 -46.3217  0.66964
0.703018 -46.2837 0.670073
0.703451 -46.2458 0.670507
0.703885 -46.2078  0.67094
0.704318   -46.17 0.671374
0.704752 -46.1321 0.671807
0.705185 -46.0944 0.672241
0.705619 -46.0567 0.672674
0.706052  -46.019 0.673108
0.706485 -45.9814 0.673541
0.706919 -45.9438 0.673541
0.707352 -45.9062 0.673975
0.707786 -45.8687 0.674408
0.708219 -45.8313 0.674842
0.708653 -45.7939 0.675275
0.709086 -45.7566 0.675709
 0.70952 -45.7193 0.676142
0.709953  -45.682 0.676576
0.710387 -45.6448 0.677009
 0.71082 -45.6077 0.677442
0.711254 -45.5706 0.677442
0.711687 -45.5335 0.677876
0.712121 -45.4965 0.678309
0.712554 -45.4595 0.678743
0.712988 -45.4225 0.679176
0.713421 -45.3857  0.67961
0.713855 -45.3488 0.680043
0.714288  -45.312 0.680477
0.714722 -45.2753  0.68091
0.715155 -45.2386 0.681344
0.715589  -45.202 0.681777
0.716022 -45.1654 0.681777
0.716455 -45.1288 0.682211
0.716889 -45.0923 0.682644
0.717322 -45.0558 0.683078
0.717756 -45.0194 0.683511
0.718189  -44.983 0.683945
0.718623 -44.9467 0.684378
0.719056 -44.9104 0.684812
 0.71949 -44.8741 0.685245
0.719923 -44.8379 0.685679
0.720357 -44.8018 0.685679
 0.72079 -44.7657 0.686112
0.721224 -44.7296 0.686546
0.721657 -44.6936 0.686979
0.722091 -44.6576 0.687412
0.722524 -44.6217 0.687846
0.722958 -44.5858 0.688279
0.723391 -44.5499 0.688713
0.723825 -44.5141 0.689146
0.724258 -44.4784  0.68958
0.724692 -44.4427 0.690013
0.725125  -44.407 0.690013
0.725559 -44.3714 0.690447
0.725992 -44.3358  0.69088
0.726425 -44.3003 0.691314
0.726859 -44.2648 0.691747
0.727292 -44.2293 0.692181
0.727726 -44.1939 0.692614
0.728159 -44.1586 0.693048
0.728593 -44.1233 0.693481
0.729026  -44.088 0.693915
 0.72946 -44.0527 0.693915
0.729893 -44.0175 0.694348
0.730327 -43.9824 0.694782
 0.73076 -43.9473 0.695215
0.731194 -43.9122 0.695649
0.731627 -43.8772 0.696082
0.732061 -43.8422 0.696516
0.732494 -43.8073 0.696949
0.732928 -43.7724 0.697382
0.733361 -43.7376 0.697816
0.733795 -43.7028 0.697816
0.734228  -43.668 0.698249
0.734662 -43.6333 0.698683
0.735095 -43.5986 0.699116
0.735529 -43.5639  0.69955
0.735962 -43.5294 0.699983
0.736395 -43.4948 0.700417
0.736829 -43.4603  0.70085
0.737262 -43.4258 0.701284
0.737696 -43.3914 0.701717
0.738129  -43.357 0.702151
0.738563 -43.3227 0.702151
0.738996 -43.2884 0.702584
 0.73943 -43.2541 0.703018
0.739863 -43.2199 0.703451
0.740297 -43.1857 0.703885
 0.74073 -43.1515 0.704318
0.741164 -43.1174 0.704752
0.741597 -43.0834 0.705185
0.742031 -43.0494 0.705619
0.742464 -43.0154 0.706052
0.742898 -42.9815 0.706052
0.743331 -42.9476 0.706485
0.743765 -42.9137 0.706919
0.744198 -42.8799 0.707352
0.744632 -42.8461 0.707786
0.745065 -42.8124 0.708219
0.745498 -42.7787 0.708653
0.745932 -42.7451 0.709086
0.746365 -42.7115  0.70952
0.746799 -42.6779 0.709953
0.747232 -42.6444 0.710387
0.747666 -42.6109 0.710387
0.748099 -42.5774  0.71082
0.748533  -42.544 0.711254
0.748966 -42.5106 0.711687
  0.7494 -42.4773 0.712121
0.749833  -42.444 0.712554
0.750267 -42.4108 0.712988
  0.7507 -42.3775 0.713421
0.751134 -42.3444 0.713855
0.751567 -42.3112 0.714288
0.752001 -42.2782 0.714288
0.752434 -42.2451 0.714722
0.752868 -42.2121 0.715155
0.753301 -42.1791 0.715589
0.753735 -42.1462 0.716022
0.754168 -42.1133 0.716455
0.754602 -42.0804 0.716889
0.755035 -42.0476 0.717322
0.755468 -42.0148 0.717756
0.755902 -41.9821 0.718189
0.756335 -41.9494 0.718623
0.756769 -41.9167 0.718623
0.757202 -41.8841 0.719056
0.757636 -41.8515  0.71949
0.758069 -41.8189 0.719923
0.758503 -41.7864 0.720357
0.758936 -41.7539  0.72079
 0.75937 -41.7215 0.721224
0.759803 -41.6891 0.721657
0.760237 -41.6567 0.722091
 0.76067 -41.6244 0.722524
0.761104 -41.5921 0.722524
0.761537 -41.5599 0.722958
0.761971 -41.5277 0.723391
0.762404 -41.4955 0.723825
0.762838 -41.4634 0.724258
0.763271 -41.4313 0.724692
0.763705 -41.3992 0.725125
0.764138 -41.3672 0.725559
0.764572 -41.3352 0.725992
0.765005 -41.3033 0.726425
0.765438 -41.2714 0.726859
0.765872 -41.2395 0.726859
0.766305 -41.2077 0.727292
0.766739 -41.1759 0.727726
0.767172 -41.1441 0.728159
0.767606 -41.1124 0.728593
0.768039 -41.0807 0.729026
0.768473  -41.049  0.72946
0.768906 -41.0174 0.729893
 0.76934 -40.9859 0.730327
0.769773 -40.9543  0.73076
0.770207 -40.9228  0.73076
 0.77064 -40.8914 0.731194
0.771074 -40.8599 0.731627
0.771507 -40.8285 0.732061
0.771941 -40.7972 0.732494
0.772374 -40.7659 0.732928
0.772808 -40.7346 0.733361
0.773241 -40.7033 0.733795
0.773675 -40.6721 0.734228
0.774108  -40.641 0.734662
0.774542 -40.6098 0.735095
0.774975 -40.5787 0.735095
0.775408 -40.5476 0.735529
0.775842 -40.5166 0.735962
0.776275 -40.4856 0.736395
0.776709 -40.4546 0.736829
0.777142 -40.4237 0.737262
0.777576 -40.3928 0.737696
0.778009  -40.362 0.738129
0.778443 -40.3312 0.738563
0.778876 -40.3004 0.738996
 0.77931 -40.2697 0.738996
0.779743 -40.2389  0.73943
0.780177 -40.2083 0.739863
 0.78061 -40.1776 0.740297
0.781044  -40.147  0.74073
0.781477 -40.1164 0.741164
0.781911 -40.0859 0.741597
0.782344 -40.0554 0.742031
0.782778 -40.0249 0.742464
0.783211 -39.9945 0.742898
0.783645 -39.9641 0.743331
0.784078 -39.9338 0.743331
0.784512 -39.9034 0.743765
0.784945 -39.8731 0.744198
0.785378 -39.8429 0.744632
0.785812 -39.8126 0.745065
0.786245 -39.7825 0.745498
0.786679 -39.7523 0.745932
0.787112 -39.7222 0.746365
0.787546 -39.6921 0.746799
0.787979 -39.6621 0.747232
0.788413 -39.6321 0.747232
0.788846 -39.6021 0.747666
 0.78928 -39.5721 0.748099
0.789713 -39.5422 0.748533
0.790147 -39.5123 0.748966
 0.79058 -39.4825   0.7494
0.791014 -39.4527 0.749833
0.791447 -39.4229 0.750267
0.791881 -39.3931   0.7507
0.792314 -39.3634 0.751134
0.792748 -39.3338 0.751567
0.793181 -39.3041 0.751567
0.793615 -39.2745 0.752001
0.794048 -39.2449 0.752434
0.794481 -39.2154 0.752868
0.794915 -39.1859 0.753301
0.795348 -39.1564 0.753735
0.795782 -39.1269 0.754168
0.796215 -39.0975 0.754602
0.796649 -39.0682 0.755035
0.797082 -39.0388 0.755468
0.797516 -39.0095 0.755468
0.797949 -38.9802 0.755902
0.798383  -38.951 0.756335
0.798816 -38.9218 0.756769
 0.79925 -38.8926 0.757202
0.799683 -38.8634 0.757636
0.800117 -38.8343 0.758069
 0.80055 -38.8052 0.758503
0.800984 -38.7762 0.758936
0.801417 -38.7472  0.75937
0.801851 -38.7182 0.759803
0.802284 -38.6893 0.759803
0.802718 -38.6603 0.760237
0.803151 -38.6315  0.76067
0.803585 -38.6026 0.761104
0.804018 -38.5738 0.761537
0.804451  -38.545 0.761971
0.804885 -38.5162 0.762404
0.805318 -38.4875 0.762838
0.805752 -38.4588 0.763271
0.806185 -38.4302 0.763705
0.806619 -38.4015 0.764138
0.807052 -38.3729 0.764138
0.807486 -38.3444 0.764572
0.807919 -38.3158 0.765005
0.808353 -38.2873 0.765438
0.808786 -38.2589 0.765872
 0.80922 -38.2304 0.766305
0.809653  -38.202 0.766739
0.810087 -38.1736 0.767172
 0.81052 -38.1453 0.767606
0.810954  -38.117 0.768039
0.811387 -38.0887 0.768039
0.811821 -38.0605 0.768473
0.812254 -38.0322 0.768906
0.812688 -38.0041  0.76934
0.813121 -37.9759 0.769773
0.813555 -37.9478 0.770207
0.813988 -37.9197  0.77064
0.814421 -37.8916 0.771074
0.814855 -37.8636 0.771507
0.815288 -37.8356 0.771941
0.815722 -37.8076 0.772374
0.816155 -37.7797 0.772374
0.816589 -37.7518 0.772808
0.817022 -37.7239 0.773241
0.817456 -37.6961 0.773675
0.817889 -37.6682 0.774108
0.818323 -37.6405 0.774542
0.818756 -37.6127 0.774975
 0.81919  -37.585 0.775408
0.819623 -37.5573 0.775842
0.820057 -37.5296 0.776275
 0.82049  -37.502 0.776275
0.820924 -37.4744 0.776709
0.821357 -37.4468 0.777142
0.821791 -37.4193 0.777576
0.822224 -37.3918 0.778009
0.822658 -37.3643 0.778443
0.823091 -37.3369 0.778876
0.823525 -37.3094  0.77931
0.823958 -37.2821 0.779743
0.824391 -37.2547 0.780177
0.824825 -37.2274  0.78061
0.825258 -37.2001  0.78061
0.825692 -37.1728 0.781044
0.826125 -37.1456 0.781477
0.826559 -37.1183 0.781911
0.826992 -37.0912 0.782344
0.827426  -37.064 0.782778
0.827859 -37.0369 0.783211
0.828293 -37.0098 0.783645
0.828726 -36.9827 0.784078
 0.82916 -36.9557 0.784512
0.829593 -36.9287 0.784512
0.830027 -36.9017 0.784945
 0.83046 -36.8748 0.785378
0.830894 -36.8479 0.785812
0.831327  -36.821 0.786245
0.831761 -36.7941 0.786679
0.832194 -36.7673 0.787112
0.832628 -36.7405 0.787546
0.833061 -36.7137 0.787979
0.833494  -36.687 0.788413
0.833928 -36.6603 0.788846
0.834361 -36.6336 0.788846
0.834795  -36.607  0.78928
0.835228 -36.5803 0.789713
0.835662 -36.5537 0.790147
0.836095 -36.5272  0.79058
0.836529 -36.5006 0.791014
0.836962 -36.4741 0.791447
0.837396 -36.4477 0.791881
0.837829 -36.4212 0.792314
0.838263 -36.3948 0.792748
0.838696 -36.3684 0.792748
 0.83913  -36.342 0.793181
0.839563 -36.3157 0.793615
0.839997 -36.2894 0.794048
 0.84043 -36.2631 0.794481
0.840864 -36.2368 0.794915
0.841297 -36.2106 0.795348
0.841731 -36.1844 0.795782
0.842164 -36.1583 0.796215
0.842598 -36.1321 0.796649
0.843031  -36.106 0.797082
0.843464 -36.0799 0.797082
0.843898 -36.0539 0.797516
0.844331 -36.0278 0.797949
0.844765 -36.0018 0.798383
0.845198 -35.9759 0.798816
0.845632 -35.9499  0.79925
0.846065  -35.924 0.799683
0.846499 -35.8981 0.800117
0.846932 -35.8723  0.80055
0.847366 -35.8464 0.800984
0.847799 -35.8206 0.800984
0.848233 -35.7949 0.801417
0.848666 -35.7691 0.801851
  0.8491 -35.7434 0.802284
0.849533 -35.7177 0.802718
0.849967  -35.692 0.803151
  0.8504 -35.6664 0.803585
0.850834 -35.6408 0.804018
0.851267 -35.6152 0.804451
0.851701 -35.5896 0.804885
0.852134 -35.5641 0.805318
0.852568 -35.5386 0.805318
0.853001 -35.5131 0.805752
0.853434 -35.4877 0.806185
0.853868 -35.4623 0.806619
0.854301 -35.4369 0.807052
0.854735 -35.4115 0.807486
0.855168 -35.3861 0.807919
0.855602 -35.3608 0.808353
0.856035 -35.3356 0.808786
0.856469 -35.3103  0.80922
0.856902 -35.2851  0.80922
0.857336 -35.2599 0.809653
0.857769 -35.2347 0.810087
0.858203 -35.2095  0.81052
0.858636 -35.1844 0.810954
 0.85907 -35.1593 0.811387
0.859503 -35.1342 0.811821
0.859937 -35.1092 0.812254
 0.86037 -35.0842 0.812688
0.860804 -35.0592 0.813121
0.861237 -35.0342 0.813555
0.861671 -35.0093 0.813555
0.862104 -34.9843 0.813988
0.862538 -34.9595 0.814421
0.862971 -34.9346 0.814855
0.863404 -34.9098 0.815288
0.863838  -34.885 0.815722
0.864271 -34.8602 0.816155
0.864705 -34.8354 0.816589
0.865138 -34.8107 0.817022
0.865572  -34.786 0.817456
0.866005 -34.7613 0.817456
0.866439 -34.7366 0.817889
0.866872  -34.712 0.818323
0.867306 -34.6874 0.818756
0.867739 -34.6628  0.81919
0.868173 -34.6383 0.819623
0.868606 -34.6138 0.820057
 0.86904 -34.5893  0.82049
0.869473 -34.5648 0.820924
0.869907 -34.5404 0.821357
 0.87034 -34.5159 0.821791
0.870774 -34.4915 0.821791
0.871207 -34.4672 0.822224
0.871641 -34.4428 0.822658
0.872074 -34.4185 0.823091
0.872508 -34.3942 0.823525
0.872941 -34.3699 0.823958
0.873374 -34.3457 0.824391
0.873808 -34.3215 0.824825
0.874241 -34.2973 0.825258
0.874675 -34.2731 0.825692
0.875108  -34.249 0.825692
0.875542 -34.2249 0.826125
0.875975 -34.2008 0.826559
0.876409 -34.1767 0.826992
0.876842 -34.1527 0.827426
0.877276 -34.1286 0.827859
0.877709 -34.1047 0.828293
0.878143 -34.0807 0.828726
0.878576 -34.0568  0.82916
 0.87901 -34.0328 0.829593
0.879443  -34.009 0.830027
0.879877 -33.9851 0.830027
 0.88031 -33.9612  0.83046
0.880744 -33.9374 0.830894
0.881177 -33.9136 0.831327
0.881611 -33.8899 0.831761
0.882044 -33.8661 0.832194
0.882477 -33.8424 0.832628
0.882911 -33.8187 0.833061
0.883344  -33.795 0.833494
0.883778 -33.7714 0.833928
0.884211 -33.7478 0.833928
0.884645 -33.7242 0.834361
0.885078 -33.7006 0.834795
0.885512 -33.6771 0.835228
0.885945 -33.6535 0.835662
0.886379   -33.63 0.836095
0.886812 -33.6066 0.836529
0.887246 -33.5831 0.836962
0.887679 -33.5597 0.837396
0.888113 -33.5363 0.837829
0.888546 -33.5129 0.838263
 0.88898 -33.4896 0.838263
0.889413 -33.4662 0.838696
0.889847 -33.4429  0.83913
 0.89028 -33.4196 0.839563
0.890714 -33.3964 0.839997
0.891147 -33.3731  0.84043
0.891581 -33.3499 0.840864
0.892014 -33.3267 0.841297
0.892447 -33.3036 0.841731
0.892881 -33.2805 0.842164
0.893314 -33.2573 0.842164
0.893748 -33.2342 0.842598
0.894181 -33.2112 0.843031
0.894615 -33.1881 0.843464
0.895048 -33.1651 0.843898
0.895482 -33.1421 0.844331
0.895915 -33.1191 0.844765
0.896349 -33.0962 0.845198
0.896782 -33.0733 0.845632
0.897216 -33.0504 0.846065
0.897649 -33.0275 0.846499
0.898083 -33.0046 0.846499
0.898516 -32.9818 0.846932
 0.89895  -32.959 0.847366
0.899383 -32.9362 0.847799
0.899817 -32.9134 0.848233
 0.90025 -32.8907 0.848666
0.900684  -32.868   0.8491
0.901117 -32.8453 0.849533
0.901551 -32.8226 0.849967
0.901984    -32.8   0.8504
0.902417 -32.7774   0.8504
0.902851 -32.7548 0.850834
0.903284 -32.7322 0.851267
0.903718 -32.7096 0.851701
0.904151 -32.6871 0.852134
0.904585 -32.6646 0.852568
0.905018 -32.6421 0.853001
0.905452 -32.6196 0.853434
0.905885 -32.5972 0.853868
0.906319 -32.5748 0.854301
0.906752 -32.5524 0.854301
0.907186   -32.53 0.854735
0.907619 -32.5077 0.855168
0.908053 -32.4853 0.855602
0.908486  -32.463 0.856035
 0.90892 -32.4407 0.856469
0.909353 -32.4185 0.856902
0.909787 -32.3962 0.857336
 0.91022  -32.374 0.857769
0.910654 -32.3518 0.858203
0.911087 -32.3297 0.858636
0.911521 -32.3075 0.858636
0.911954 -32.2854  0.85907
0.912387 -32.2633 0.859503
0.912821 -32.2412 0.859937
0.913254 -32.2192  0.86037
0.913688 -32.1971 0.860804
0.914121 -32.1751 0.861237
0.914555 -32.1531 0.861671
0.914988 -32.1312 0.862104
0.915422 -32.1092 0.862538
0.915855 -32.0873 0.862538
0.916289 -32.0654 0.862971
0.916722 -32.0435 0.863404
0.917156 -32.0216 0.863838
0.917589 -31.9998 0.864271
0.918023  -31.978 0.864705
0.918456 -31.9562 0.865138
 0.91889 -31.9344 0.865572
0.919323 -31.9127 0.866005
0.919757 -31.8909 0.866439
 0.92019 -31.8692 0.866872
0.920624 -31.8476 0.866872
0.921057 -31.8259 0.867306
 0.92149 -31.8042 0.867739
0.921924 -31.7826 0.868173
0.922357  -31.761 0.868606
0.922791 -31.7395  0.86904
0.923224 -31.7179 0.869473
0.923658 -31.6964 0.869907
0.924091 -31.6749  0.87034
0.924525 -31.6534 0.870774
0.924958 -31.6319 0.870774
0.925392 -31.6105 0.871207
0.925825  -31.589 0.871641
0.926259 -31.5676 0.872074
0.926692 -31.5462 0.872508
0.927126 -31.5249 0.872941
0.927559 -31.5035 0.873374
0.927993 -31.4822 0.873808
0.928426 -31.4609 0.874241
 0.92886 -31.4397 0.874675
0.929293 -31.4184 0.875108
0.929727 -31.3972 0.875108
 0.93016 -31.3759 0.875542
0.930594 -31.3548 0.875975
0.931027 -31.3336 0.876409
 0.93146 -31.3124 0.876842
0.931894 -31.2913 0.877276
0.932327 -31.2702 0.877709
0.932761 -31.2491 0.878143
0.933194  -31.228 0.878576
0.933628  -31.207  0.87901
0.934061  -31.186  0.87901
0.934495  -31.165 0.879443
0.934928  -31.144 0.879877
0.935362  -31.123  0.88031
0.935795 -31.1021 0.880744
0.936229 -31.0812 0.881177
0.936662 -31.0603 0.881611
0.937096 -31.0394 0.882044
0.937529 -31.0185 0.882477
0.937963 -30.9977 0.882911
0.938396 -30.9769 0.883344
 0.93883 -30.9561 0.883344
0.939263 -30.9353 0.883778
0.939697 -30.9145 0.884211
 0.94013 -30.8938 0.884645
0.940564 -30.8731 0.885078
0.940997 -30.8524 0.885512
 0.94143 -30.8317 0.885945
0.941864 -30.8111 0.886379
0.942297 -30.7904 0.886812
0.942731 -30.7698 0.887246
0.943164 -30.7492 0.887246
0.943598 -30.7287 0.887679
0.944031 -30.7081 0.888113
0.944465 -30.6876 0.888546
0.944898  -30.667  0.88898
0.945332 -30.6466 0.889413
0.945765 -30.6261 0.889847
0.946199 -30.6056  0.89028
0.946632 -30.5852 0.890714
0.947066 -30.5648 0.891147
0.947499 -30.5444 0.891147
0.947933  -30.524 0.891581
0.948366 -30.5037 0.892014
  0.9488 -30.4833 0.892447
0.949233  -30.463 0.892881
0.949667 -30.4427 0.893314
  0.9501 -30.4225 0.893748
0.950534 -30.4022 0.894181
0.950967  -30.382 0.894615
  0.9514 -30.3618 0.895048
0.951834 -30.3416 0.895482
0.952267 -30.3214 0.895482
0.952701 -30.3012 0.895915
0.953134 -30.2811 0.896349
0.953568  -30.261 0.896782
0.954001 -30.2409 0.897216
0.954435 -30.2208 0.897649
0.954868 -30.2008 0.898083
0.955302 -30.1807 0.898516
0.955735 -30.1607  0.89895
0.956169 -30.1407 0.899383
0.956602 -30.1207 0.899383
0.957036 -30.1008 0.899817
0.957469 -30.0808  0.90025
0.957903 -30.0609 0.900684
0.958336  -30.041 0.901117
 0.95877 -30.0211 0.901551
0.959203 -30.0013 0.901984
0.959637 -29.9814 0.902417
 0.96007 -29.9616 0.902851
0.960504 -29.9418 0.903284
0.960937  -29.922 0.903284
 0.96137 -29.9022 0.903718
0.961804 -29.8825 0.904151
0.962237 -29.8628 0.904585
0.962671  -29.843 0.905018
0.963104 -29.8234 0.905452
0.963538 -29.8037 0.905885
0.963971  -29.784 0.906319
0.964405 -29.7644 0.906752
0.964838 -29.7448 0.907186
0.965272 -29.7252 0.907619
0.965705 -29.7056 0.907619
0.966139 -29.6861 0.908053
0.966572 -29.6665 0.908486
0.967006  -29.647  0.90892
0.967439 -29.6275 0.909353
0.967873  -29.608 0.909787
0.968306 -29.5885  0.91022
 0.96874 -29.5691 0.910654
0.969173 -29.5497 0.911087
0.969607 -29.5303 0.911521
 0.97004 -29.5109 0.911521
0.970473 -29.4915 0.911954
0.970907 -29.4722 0.912387
 0.97134 -29.4528 0.912821
0.971774 -29.4335 0.913254
0.972207 -29.4142 0.913688
0.972641 -29.3949 0.914121
0.973074 -29.3757 0.914555
0.973508 -29.3564 0.914988
0.973941 -29.3372 0.915422
0.974375  -29.318 0.915422
0.974808 -29.2988 0.915855
0.975242 -29.2797 0.916289
0.975675 -29.2605 0.916722
0.976109 -29.2414 0.917156
0.976542 -29.2223 0.917589
0.976976 -29.2032 0.918023
0.977409 -29.1841 0.918456
0.977843  -29.165  0.91889
0.978276  -29.146 0.919323
 0.97871  -29.127 0.919757
0.979143  -29.108 0.919757
0.979577  -29.089  0.92019
 0.98001   -29.07 0.920624
0.980443 -29.0511 0.921057
0.980877 -29.0321  0.92149
 0.98131 -29.0132 0.921924
0.981744 -28.9943 0.922357
0.982177 -28.9755 0.922791
0.982611 -28.9566 0.923224
0.983044 -28.9378 0.923658
0.983478 -28.9189 0.923658
0.983911 -28.9001 0.924091
0.984345 -28.8813 0.924525
0.984778 -28.8626 0.924958
0.985212 -28.8438 0.925392
0.985645 -28.8251 0.925825
0.986079 -28.8064 0.926259
0.986512 -28.7877 0.926692
0.986946  -28.769 0.927126
0.987379 -28.7503 0.927559
0.987813 -28.7317 0.927993
0.988246 -28.7131 0.927993
 0.98868 -28.6945 0.928426
0.989113 -28.6759  0.92886
0.989547 -28.6573 0.929293
 0.98998 -28.6387 0.929727
0.990413 -28.6202  0.93016
0.990847 -28.6017 0.930594
 0.99128 -28.5832 0.931027
0.991714 -28.5647  0.93146
0.992147 -28.5462 0.931894
0.992581 -28.5278 0.931894
0.993014 -28.5093 0.932327
0.993448 -28.4909 0.932761
0.993881 -28.4725 0.933194
0.994315 -28.4541 0.933628
0.994748 -28.4358 0.934061
0.995182 -28.4174 0.934495
0.995615 -28.3991 0.934928
0.996049 -28.3808 0.935362
0.996482 -28.3625 0.935795
0.996916 -28.3442 0.935795
0.997349 -28.3259 0.936229
0.997783 -28.3077 0.936662
0.998216 -28.2895 0.937096
 0.99865 -28.2712 0.937529
0.999083  -28.253 0.937963
0.999517 -28.2349 0.938396
 0.99995 -28.2167  0.93883
 1.00038 -28.1986 0.939263
 1.00082 -28.1805 0.939697
 1.00125 -28.1623 0.939697
 1.00168 -28.1443  0.94013
 1.00212 -28.1262 0.940564
 1.00255 -28.1081 0.940997
 1.00298 -28.0901  0.94143
 1.00342  -28.072 0.941864
 1.00385  -28.054 0.942297
 1.00428 -28.0361 0.942731
 1.00472 -28.0181 0.943164
 1.00515 -28.0001 0.943598
 1.00559 -27.9822 0.944031
 1.00602 -27.9643 0.944031
 1.00645 -27.9464 0.944465
 1.00689 -27.9285 0.944898
 1.00732 -27.9106 0.945332
 1.00775 -27.8927 0.945765
 1.00819 -27.8749 0.946199
 1.00862 -27.8571 0.946632
 1.00905 -27.8393 0.947066
 1.00949 -27.8215 0.947499
 1.00992 -27.8037 0.947933
 1.01035  -27.786 0.947933
 1.01079 -27.7682 0.948366
 1.01122 -27.7505   0.9488
 1.01165 -27.7328 0.949233
 1.01209 -27.7151 0.949667
 1.01252 -27.6974   0.9501
 1.01295 -27.6798 0.950534
 1.01339 -27.6621 0.950967
 1.01382 -27.6445   0.9514
 1.01425 -27.6269 0.951834
 1.01469 -27.6093 0.952267
 1.01512 -27.5917 0.952267
 1.01556 -27.5742 0.952701
 1.01599 -27.5566 0.953134
 1.01642 -27.5391 0.953568
 1.01686 -27.5216 0.954001
 1.01729 -27.5041 0.954435
 1.01772 -27.4866 0.954868
 1.01816 -27.4691 0.955302
 1.01859 -27.4517 0.955735
 1.01902 -27.4343 0.956169
 1.01946 -27.4169 0.956169
 1.01989 -27.3995 0.956602
 1.02032 -27.3821 0.957036
 1.02076 -27.3647 0.957469
 1.02119 -27.3474 0.957903
 1.02162   -27.33 0.958336
 1.02206 -27.3127  0.95877
 1.02249 -27.2954 0.959203
 1.02292 -27.2781 0.959637
 1.02336 -27.2609  0.96007
 1.02379 -27.2436  0.96007
 1.02422 -27.2264 0.960504
 1.02466 -27.2091 0.960937
 1.02509 -27.1919  0.96137
 1.02553 -27.1747 0.961804
 1.02596 -27.1576 0.962237
 1.02639 -27.1404 0.962671
 1.02683 -27.1233 0.963104
 1.02726 -27.1061 0.963538
 1.02769  -27.089 0.963971
 1.02813 -27.0719 0.963971
 1.02856 -27.0548 0.964405
 1.02899 -27.0378 0.964838
 1.02943 -27.0207 0.965272
 1.02986 -27.0037 0.965705
 1.03029 -26.9867 0.966139
 1.03073 -26.9697 0.966572
 1.03116 -26.9527 0.967006
 1.03159 -26.9357 0.967439
 1.03203 -26.9188 0.967873
 1.03246 -26.9018 0.968306
 1.03289 -26.8849 0.968306
 1.03333  -26.868  0.96874
 1.03376 -26.8511 0.969173
 1.03419 -26.8342 0.969607
 1.03463 -26.8174  0.97004
 1.03506 -26.8005 0.970473
  1.0355 -26.7837 0.970907
 1.03593 -26.7669  0.97134
 1.03636 -26.7501 0.971774
  1.0368 -26.7333 0.972207
 1.03723 -26.7165 0.972207
 1.03766 -26.6997 0.972641
  1.0381  -26.683 0.973074
 1.03853 -26.6663 0.973508
 1.03896 -26.6496 0.973941
  1.0394 -26.6329 0.974375
 1.03983 -26.6162 0.974808
 1.04026 -26.5995 0.975242
  1.0407 -26.5829 0.975675
 1.04113 -26.5663 0.976109
 1.04156 -26.5496 0.976109
   1.042  -26.533 0.976542
 1.04243 -26.5164 0.976976
 1.04286 -26.4999 0.977409
  1.0433 -26.4833 0.977843
 1.04373 -26.4668 0.978276
 1.04416 -26.4502  0.97871
  1.0446 -26.4337 0.979143
 1.04503 -26.4172 0.979577
 1.04547 -26.4007  0.98001
  1.0459 -26.3843  0.98001
 1.04633 -26.3678 0.980443
 1.04677 -26.3514 0.980877
  1.0472  -26.335  0.98131
 1.04763 -26.3185 0.981744
 1.04807 -26.3022 0.982177
  1.0485 -26.2858 0.982611
 1.04893 -26.2694 0.983044
 1.04937 -26.2531 0.983478
  1.0498 -26.2367 0.983911
 1.05023 -26.2204 0.984345
 1.05067 -26.2041 0.984345
  1.0511 -26.1878 0.984778
 1.05153 -26.1715 0.985212
 1.05197 -26.1553 0.985645
  1.0524  -26.139 0.986079
 1.05283 -26.1228 0.986512
 1.05327 -26.1066 0.986946
  1.0537 -26.0904 0.987379
 1.05413 -26.0742 0.987813
 1.05457  -26.058 0.988246
   1.055 -26.0419 0.988246
 1.05544 -26.0257  0.98868
 1.05587 -26.0096 0.989113
  1.0563 -25.9935 0.989547
 1.05674 -25.9774  0.98998
 1.05717 -25.9613 0.990413
  1.0576 -25.9452 0.990847
 1.05804 -25.9291  0.99128
 1.05847 -25.9131 0.991714
  1.0589 -25.8971 0.992147
 1.05934 -25.8811 0.992147
 1.05977 -25.8651 0.992581
  1.0602 -25.8491 0.993014
 1.06064 -25.8331 0.993448
 1.06107 -25.8171 0.993881
  1.0615 -25.8012 0.994315
 1.06194 -25.7853 0.994748
 1.06237 -25.7694 0.995182
  1.0628 -25.7535 0.995615
 1.06324 -25.7376 0.996049
 1.06367 -25.7217 0.996482
  1.0641 -25.7058 0.996482
 1.06454   -25.69 0.996916
 1.06497 -25.6742 0.997349
 1.06541 -25.6583 0.997783
 1.06584 -25.6425 0.998216
 1.06627 -25.6268  0.99865
 1.06671  -25.611 0.999083
 1.06714 -25.5952 0.999517
 1.06757 -25.5795  0.99995
 1.06801 -25.5638  1.00038
 1.06844  -25.548  1.00038
 1.06887 -25.5323  1.00082
 1.06931 -25.5166  1.00125
 1.06974  -25.501  1.00168
 1.07017 -25.4853  1.00212
 1.07061 -25.4697  1.00255
 1.07104  -25.454  1.00298
 1.07147 -25.4384  1.00342
 1.07191 -25.4228  1.00385
 1.07234 -25.4072  1.00428
 1.07277 -25.3916  1.00428
 1.07321 -25.3761  1.00472
 1.07364 -25.3605  1.00515
 1.07407  -25.345  1.00559
 1.07451 -25.3295  1.00602
 1.07494 -25.3139  1.00645
 1.07538 -25.2985  1.00689
 1.07581  -25.283  1.00732
 1.07624 -25.2675  1.00775
 1.07668 -25.2521  1.00819
 1.07711 -25.2366  1.00819
 1.07754 -25.2212  1.00862
 1.07798 -25.2058  1.00905
 1.07841 -25.1904  1.00949
 1.07884  -25.175  1.00992
 1.07928 -25.1596  1.01035
 1.07971 -25.1443  1.01079
 1.08014 -25.1289  1.01122
 1.08058 -25.1136  1.01165
 1.08101 -25.0983  1.01209
 1.08144  -25.083  1.01252
 1.08188 -25.0677  1.01252
 1.08231 -25.0524  1.01295
 1.08274 -25.0371  1.01339
 1.08318 -25.0219  1.01382
 1.08361 -25.0066  1.01425
 1.08404 -24.9914  1.01469
 1.08448 -24.9762  1.01512
 1.08491  -24.961  1.01556
 1.08535 -24.9458  1.01599
 1.08578 -24.9307  1.01642
 1.08621 -24.9155  1.01642
 1.08665 -24.9004  1.01686
 1.08708 -24.8852  1.01729
 1.08751 -24.8701  1.01772
 1.08795  -24.855  1.01816
 1.08838 -24.8399  1.01859
 1.08881 -24.8248  1.01902
 1.08925 -24.8098  1.01946
 1.08968 -24.7947  1.01989
 1.09011 -24.7797  1.02032
 1.09055 -24.7647  1.02032
 1.09098 -24.7497  1.02076
 1.09141 -24.7347  1.02119
 1.09185 -24.7197  1.02162
 1.09228 -24.7047  1.02206
 1.09271 -24.6897  1.02249
 1.09315 -24.6748  1.02292
 1.09358 -24.6599  1.02336
 1.09401 -24.6449  1.02379
 1.09445   -24.63  1.02422
 1.09488 -24.6151  1.02422
 1.09532 -24.6003  1.02466
 1.09575 -24.5854  1.02509
 1.09618 -24.5705  1.02553
 1.09662 -24.5557  1.02596
 1.09705 -24.5409  1.02639
 1.09748 -24.5261  1.02683
 1.09792 -24.5113  1.02726
 1.09835 -24.4965  1.02769
 1.09878 -24.4817  1.02813
 1.09922 -24.4669  1.02856
 1.09965 -24.4522  1.02856
 1.10008 -24.4374  1.02899
 1.10052 -24.4227  1.02943
 1.10095  -24.408  1.02986
 1.10138 -24.3933  1.03029
 1.10182 -24.3786  1.03073
 1.10225 -24.3639  1.03116
 1.10268 -24.3493  1.03159
 1.10312 -24.3346  1.03203
 1.10355   -24.32  1.03246
 1.10398 -24.3054  1.03246
 1.10442 -24.2908  1.03289
 1.10485 -24.2762  1.03333
 1.10529 -24.2616  1.03376
 1.10572  -24.247  1.03419
 1.10615 -24.2324  1.03463
 1.10659 -24.2179  1.03506
 1.10702 -24.2034   1.0355
 1.10745 -24.1888  1.03593
 1.10789 -24.1743  1.03636
 1.10832 -24.1598  1.03636
 1.10875 -24.1453   1.0368
 1.10919 -24.1309  1.03723
 1.10962 -24.1164  1.03766
 1.11005  -24.102   1.0381
 1.11049 -24.0875  1.03853
 1.11092 -24.0731  1.03896
 1.11135 -24.0587   1.0394
 1.11179 -24.0443  1.03983
 1.11222 -24.0299  1.04026
 1.11265 -24.0156  1.04026
 1.11309 -24.0012   1.0407
 1.11352 -23.9868  1.04113
 1.11395 -23.9725  1.04156
 1.11439 -23.9582    1.042
 1.11482 -23.9439  1.04243
 1.11526 -23.9296  1.04286
 1.11569 -23.9153   1.0433
 1.11612  -23.901  1.04373
 1.11656 -23.8868  1.04416
 1.11699 -23.8725  1.04416
 1.11742 -23.8583   1.0446
 1.11786  -23.844  1.04503
 1.11829 -23.8298  1.04547
 1.11872 -23.8156   1.0459
 1.11916 -23.8014  1.04633
 1.11959 -23.7873  1.04677
 1.12002 -23.7731   1.0472
 1.12046  -23.759  1.04763
 1.12089 -23.7448  1.04807
 1.12132 -23.7307   1.0485
 1.12176 -23.7166   1.0485
 1.12219 -23.7025  1.04893
 1.12262 -23.6884  1.04937
 1.12306 -23.6743   1.0498
 1.12349 -23.6602  1.05023
 1.12392 -23.6462  1.05067
 1.12436 -23.6321   1.0511
 1.12479 -23.6181  1.05153
 1.12523 -23.6041  1.05197
 1.12566 -23.5901   1.0524
 1.12609 -23.5761   1.0524
 1.12653 -23.5621  1.05283
 1.12696 -23.5481  1.05327
 1.12739 -23.5342   1.0537
 1.12783 -23.5202  1.05413
 1.12826 -23.5063  1.05457
 1.12869 -23.4924    1.055
 1.12913 -23.4785  1.05544
 1.12956 -23.4646  1.05587
 1.12999 -23.4507   1.0563
 1.13043 -23.4368   1.0563
 1.13086 -23.4229  1.05674
 1.13129 -23.4091  1.05717
 1.13173 -23.3952   1.0576
 1.13216 -23.3814  1.05804
 1.13259 -23.3676  1.05847
 1.13303 -23.3538   1.0589
 1.13346   -23.34  1.05934
 1.13389 -23.3262  1.05977
 1.13433 -23.3125   1.0602
 1.13476 -23.2987   1.0602
  1.1352 -23.2849  1.06064
 1.13563 -23.2712  1.06107
 1.13606 -23.2575   1.0615
  1.1365 -23.2438  1.06194
 1.13693 -23.2301  1.06237
 1.13736 -23.2164   1.0628
  1.1378 -23.2027  1.06324
 1.13823  -23.189  1.06367
 1.13866 -23.1754   1.0641
  1.1391 -23.1618   1.0641
 1.13953 -23.1481  1.06454
 1.13996 -23.1345  1.06497
  1.1404 -23.1209  1.06541
 1.14083 -23.1073  1.06584
 1.14126 -23.0937  1.06627
  1.1417 -23.0801  1.06671
 1.14213 -23.0666  1.06714
 1.14256  -23.053  1.06757
   1.143 -23.0395  1.06801
 1.14343  -23.026  1.06844
 1.14386 -23.0125  1.06844
  1.1443  -22.999  1.06887
 1.14473 -22.9855  1.06931
 1.14517  -22.972  1.06974
  1.1456 -22.9585  1.07017
 1.14603  -22.945  1.07061
 1.14647 -22.9316  1.07104
  1.1469 -22.9182  1.07147
 1.14733 -22.9047  1.07191
 1.14777 -22.8913  1.07234
  1.1482 -22.8779  1.07234
 1.14863 -22.8645  1.07277
 1.14907 -22.8512  1.07321
  1.1495 -22.8378  1.07364
 1.14993 -22.8244  1.07407
 1.15037 -22.8111  1.07451
  1.1508 -22.7978  1.07494
 1.15123 -22.7844  1.07538
 1.15167 -22.7711  1.07581
  1.1521 -22.7578  1.07624
 1.15253 -22.7445  1.07624
 1.15297 -22.7313  1.07668
  1.1534  -22.718  1.07711
 1.15383 -22.7047  1.07754
 1.15427 -22.6915  1.07798
  1.1547 -22.6782  1.07841
 1.15514  -22.665  1.07884
 1.15557 -22.6518  1.07928
   1.156 -22.6386  1.07971
 1.15644 -22.6254  1.08014
 1.15687 -22.6123  1.08014
  1.1573 -22.5991  1.08058
 1.15774 -22.5859  1.08101
 1.15817 -22.5728  1.08144
  1.1586 -22.5596  1.08188
 1.15904 -22.5465  1.08231
 1.15947 -22.5334  1.08274
  1.1599 -22.5203  1.08318
 1.16034 -22.5072  1.08361
 1.16077 -22.4941  1.08404
  1.1612 -22.4811  1.08404
 1.16164  -22.468  1.08448
 1.16207  -22.455  1.08491
  1.1625 -22.4419  1.08535
 1.16294 -22.4289  1.08578
 1.16337 -22.4159  1.08621
  1.1638 -22.4029  1.08665
 1.16424 -22.3899  1.08708
 1.16467 -22.3769  1.08751
 1.16511 -22.3639  1.08795
 1.16554  -22.351  1.08795
 1.16597  -22.338  1.08838
 1.16641 -22.3251  1.08881
 1.16684 -22.3122  1.08925
 1.16727 -22.2992  1.08968
 1.16771 -22.2863  1.09011
 1.16814 -22.2734  1.09055
 1.16857 -22.2606  1.09098
 1.16901 -22.2477  1.09141
 1.16944 -22.2348  1.09185
 1.16987  -22.222  1.09228
 1.17031 -22.2091  1.09228
 1.17074 -22.1963  1.09271
 1.17117 -22.1835  1.09315
 1.17161 -22.1707  1.09358
 1.17204 -22.1579  1.09401
 1.17247 -22.1451  1.09445
 1.17291 -22.1323  1.09488
 1.17334 -22.1195  1.09532
 1.17377 -22.1068  1.09575
 1.17421  -22.094  1.09618
 1.17464 -22.0813  1.09618
 1.17508 -22.0686  1.09662
 1.17551 -22.0558  1.09705
 1.17594 -22.0431  1.09748
 1.17638 -22.0304  1.09792
 1.17681 -22.0178  1.09835
 1.17724 -22.0051  1.09878
 1.17768 -21.9924  1.09922
 1.17811 -21.9798  1.09965
 1.17854 -21.9671  1.10008
 1.17898 -21.9545  1.10008
 1.17941 -21.9419  1.10052
 1.17984 -21.9293  1.10095
 1.18028 -21.9167  1.10138
 1.18071 -21.9041  1.10182
 1.18114 -21.8915  1.10225
 1.18158 -21.8789  1.10268
 1.18201 -21.8664  1.10312
 1.18244 -21.8538  1.10355
 1.18288 -21.8413  1.10398
 1.18331 -21.8288  1.10398
 1.18374 -21.8162  1.10442
 1.18418 -21.8037  1.10485
 1.18461 -21.7912  1.10529
 1.18505 -21.7788  1.10572
 1.18548 -21.7663  1.10615
 1.18591 -21.7538  1.10659
 1.18635 -21.7414  1.10702
 1.18678 -21.7289  1.10745
 1.18721 -21.7165  1.10789
 1.18765 -21.7041  1.10789
 1.18808 -21.6916  1.10832
 1.18851 -21.6792  1.10875
 1.18895 -21.6668  1.10919
 1.18938 -21.6544  1.10962
 1.18981 -21.6421  1.11005
 1.19025 -21.6297  1.11049
 1.19068 -21.6174  1.11092
 1.19111  -21.605  1.11135
 1.19155 -21.5927  1.11179
 1.19198 -21.5804  1.11179
 1.19241  -21.568  1.11222
 1.19285 -21.5557  1.11265
 1.19328 -21.5434  1.11309
 1.19371 -21.5312  1.11352
 1.19415 -21.5189  1.11395
 1.19458 -21.5066  1.11439
 1.19502 -21.4944  1.11482
 1.19545 -21.4821  1.11526
 1.19588 -21.4699  1.11569
 1.19632 -21.4577  1.11612
 1.19675 -21.4455  1.11612
 1.19718 -21.4333  1.11656
 1.19762 -21.4211  1.11699
 1.19805 -21.4089  1.11742
 1.19848 -21.3967  1.11786
 1.19892 -21.3845  1.11829
 1.19935 -21.3724  1.11872
 1.19978 -21.3602  1.11916
 1.20022 -21.3481  1.11959
 1.20065  -21.336  1.12002
 1.20108 -21.3239  1.12002
 1.20152 -21.3118  1.12046
 1.20195 -21.2997  1.12089
 1.20238 -21.2876  1.12132
 1.20282 -21.2755  1.12176
 1.20325 -21.2634  1.12219
 1.20368 -21.2514  1.12262
 1.20412 -21.2393  1.12306
 1.20455 -21.2273  1.12349
 1.20498 -21.2153  1.12349
 1.20542 -21.2033  1.12392
 1.20585 -21.1913  1.12436
 1.20629 -21.1793  1.12479
 1.20672 -21.1673  1.12523
 1.20715 -21.1553  1.12566
 1.20759 -21.1433  1.12609
 1.20802 -21.1314  1.12653
 1.20845 -21.1194  1.12696
 1.20889 -21.1075  1.12739
 1.20932 -21.0956  1.12783
 1.20975 -21.0836  1.12783
 1.21019 -21.0717  1.12826
 1.21062 -21.0598  1.12869
 1.21105 -21.0479  1.12913
 1.21149  -21.036  1.12956
 1.21192 -21.0242  1.12999
 1.21235 -21.0123  1.13043
 1.21279 -21.0005  1.13086
 1.21322 -20.9886  1.13129
 1.21365 -20.9768  1.13173
 1.21409  -20.965  1.13173
 1.21452 -20.9531  1.13216
 1.21495 -20.9413  1.13259
 1.21539 -20.9295  1.13303
 1.21582 -20.9178  1.13346
 1.21626  -20.906  1.13389
 1.21669 -20.8942  1.13433
 1.21712 -20.8825  1.13476
 1.21756 -20.8707   1.1352
 1.21799  -20.859  1.13563
 1.21842 -20.8473  1.13563
 1.21886 -20.8355  1.13606
 1.21929 -20.8238   1.1365
 1.21972 -20.8121  1.13693
 1.22016 -20.8004  1.13736
 1.22059 -20.7887   1.1378
 1.22102 -20.7771  1.13823
 1.22146 -20.7654  1.13866
 1.22189 -20.7538   1.1391
 1.22232 -20.7421  1.13953
 1.22276 -20.7305  1.13953
 1.22319 -20.7189  1.13996
 1.22362 -20.7072   1.1404
 1.22406 -20.6956  1.14083
 1.22449  -20.684  1.14126
 1.22492 -20.6724   1.1417
 1.22536 -20.6609  1.14213
 1.22579 -20.6493  1.14256
 1.22623 -20.6377    1.143
 1.22666 -20.6262  1.14343
 1.22709 -20.6146  1.14343
 1.22753 -20.6031  1.14386
 1.22796 -20.5916   1.1443
 1.22839 -20.5801  1.14473
 1.22883 -20.5686  1.14517
 1.22926 -20.5571   1.1456
 1.22969 -20.5456  1.14603
 1.23013 -20.5341  1.14647
 1.23056 -20.5226   1.1469
 1.23099 -20.5112  1.14733
 1.23143 -20.4997  1.14733
 1.23186 -20.4883  1.14777
 1.23229 -20.4768   1.1482
 1.23273 -20.4654  1.14863
 1.23316  -20.454  1.14907
 1.23359 -20.4426   1.1495
 1.23403 -20.4312  1.14993
 1.23446 -20.4198  1.15037
 1.23489 -20.4084   1.1508
 1.23533 -20.3971  1.15123
 1.23576 -20.3857  1.15167
  1.2362 -20.3744  1.15167
 1.23663  -20.363   1.1521
 1.23706 -20.3517  1.15253
  1.2375 -20.3404  1.15297
 1.23793 -20.3291   1.1534
 1.23836 -20.3178  1.15383
  1.2388 -20.3065  1.15427
 1.23923 -20.2952   1.1547
 1.23966 -20.2839  1.15514
  1.2401 -20.2726  1.15557
 1.24053 -20.2614  1.15557
 1.24096 -20.2501    1.156
  1.2414 -20.2389  1.15644
 1.24183 -20.2276  1.15687
 1.24226 -20.2164   1.1573
  1.2427 -20.2052  1.15774
 1.24313  -20.194  1.15817
 1.24356 -20.1828   1.1586
   1.244 -20.1716  1.15904
 1.24443 -20.1604  1.15947
 1.24486 -20.1492  1.15947
  1.2453 -20.1381   1.1599
 1.24573 -20.1269  1.16034
 1.24617 -20.1158  1.16077
  1.2466 -20.1046   1.1612
 1.24703 -20.0935  1.16164
 1.24747 -20.0824  1.16207
  1.2479 -20.0713   1.1625
 1.24833 -20.0602  1.16294
 1.24877 -20.0491  1.16337
  1.2492  -20.038  1.16337
 1.24963 -20.0269   1.1638
 1.25007 -20.0159  1.16424
  1.2505 -20.0048  1.16467
 1.25093 -19.9938  1.16511
 1.25137 -19.9827  1.16554
  1.2518 -19.9717  1.16597
 1.25223 -19.9607  1.16641
 1.25267 -19.9497  1.16684
  1.2531 -19.9387  1.16727
 1.25353 -19.9277  1.16727
 1.25397 -19.9167  1.16771
  1.2544 -19.9057  1.16814
 1.25483 -19.8947  1.16857
 1.25527 -19.8837  1.16901
  1.2557 -19.8728  1.16944
 1.25614 -19.8619  1.16987
 1.25657 -19.8509  1.17031
   1.257   -19.84  1.17074
 1.25744 -19.8291  1.17117
 1.25787 -19.8182  1.17117
  1.2583 -19.8073  1.17161
 1.25874 -19.7964  1.17204
 1.25917 -19.7855  1.17247
  1.2596 -19.7746  1.17291
 1.26004 -19.7637  1.17334
 1.26047 -19.7529  1.17377
  1.2609  -19.742  1.17421
 1.26134 -19.7312  1.17464
 1.26177 -19.7203  1.17508
  1.2622 -19.7095  1.17508
 1.26264 -19.6987  1.17551
 1.26307 -19.6879  1.17594
  1.2635 -19.6771  1.17638
 1.26394 -19.6663  1.17681
 1.26437 -19.6555  1.17724
  1.2648 -19.6447  1.17768
 1.26524  -19.634  1.17811
 1.26567 -19.6232  1.17854
 1.26611 -19.6125  1.17898
 1.26654 -19.6017  1.17898
 1.26697  -19.591  1.17941
 1.26741 -19.5803  1.17984
 1.26784 -19.5696  1.18028
 1.26827 -19.5588  1.18071
 1.26871 -19.5481  1.18114
 1.26914 -19.5375  1.18158
 1.26957 -19.5268  1.18201
 1.27001 -19.5161  1.18244
 1.27044 -19.5054  1.18288
 1.27087 -19.4948  1.18288
 1.27131 -19.4841  1.18331
 1.27174 -19.4735  1.18374
 1.27217 -19.4629  1.18418
 1.27261 -19.4522  1.18461
 1.27304 -19.4416  1.18505
 1.27347  -19.431  1.18548
 1.27391 -19.4204  1.18591
 1.27434 -19.4098  1.18635
 1.27477 -19.3992  1.18678
 1.27521 -19.3887  1.18678
 1.27564 -19.3781  1.18721
 1.27608 -19.3675  1.18765
 1.27651  -19.357  1.18808
 1.27694 -19.3464  1.18851
 1.27738 -19.3359  1.18895
 1.27781 -19.3254  1.18938
 1.27824 -19.3149  1.18981
 1.27868 -19.3043  1.19025
 1.27911 -19.2938  1.19068
 1.27954 -19.2834  1.19068
 1.27998 -19.2729  1.19111
 1.28041 -19.2624  1.19155
 1.28084 -19.2519  1.19198
 1.28128 -19.2415  1.19241
 1.28171  -19.231  1.19285
 1.28214 -19.2206  1.19328
 1.28258 -19.2101  1.19371
 1.28301 -19.1997  1.19415
 1.28344 -19.1893  1.19458
 1.28388 -19.1789  1.19502
 1.28431 -19.1685  1.19502
 1.28474 -19.1581  1.19545
 1.28518 -19.1477  1.19588
 1.28561 -19.1373  1.19632
 1.28605 -19.1269  1.19675
 1.28648 -19.1166  1.19718
 1.28691 -19.1062  1.19762
 1.28735 -19.0958  1.19805
 1.28778 -19.0855  1.19848
 1.28821 -19.0752  1.19892
 1.28865 -19.0649  1.19892
 1.28908 -19.0545  1.19935
 1.28951 -19.0442  1.19978
 1.28995 -19.0339  1.20022
 1.29038 -19.0236  1.20065
 1.29081 -19.0133  1.20108
 1.29125 -19.0031  1.20152
 1.29168 -18.9928  1.20195
 1.29211 -18.9825  1.20238
 1.29255 -18.9723  1.20238
 1.29298  -18.962  1.20282
 1.29341 -18.9518  1.20325
 1.29385 -18.9416  1.20368
 1.29428 -18.9313  1.20412
 1.29471 -18.9211  1.20455
 1.29515 -18.9109  1.20498
 1.29558 -18.9007  1.20542
 1.29602 -18.8905  1.20585
 1.29645 -18.8804  1.20629
 1.29688 -18.8702  1.20672
 1.29732   -18.86  1.20672
 1.29775 -18.8499  1.20715
 1.29818 -18.8397  1.20759
 1.29862 -18.8296  1.20802
 1.29905 -18.8194  1.20845
 1.29948 -18.8093  1.20889
 1.29992 -18.7992  1.20932
 1.30035 -18.7891  1.20975
 1.30078  -18.779  1.21019
 1.30122 -18.7689  1.21062
 1.30165 -18.7588  1.21062
 1.30208 -18.7487  1.21105
 1.30252 -18.7386  1.21149
 1.30295 -18.7285  1.21192
 1.30338 -18.7185  1.21235
 1.30382 -18.7084  1.21279
 1.30425 -18.6984  1.21322
 1.30468 -18.6884  1.21365
 1.30512 -18.6783  1.21409
 1.30555 -18.6683  1.21452
 1.30599 -18.6583  1.21452
 1.30642 -18.6483  1.21495
 1.30685 -18.6383  1.21539
 1.30729 -18.6283  1.21582
 1.30772 -18.6183  1.21626
 1.30815 -18.6083  1.21669
 1.30859 -18.5984  1.21712
 1.30902 -18.5884  1.21756
 1.30945 -18.5785  1.21799
 1.30989 -18.5685  1.21842
 1.31032 -18.5586  1.21842
 1.31075 -18.5487  1.21886
 1.31119 -18.5387  1.21929
 1.31162 -18.5288  1.21972
 1.31205 -18.5189  1.22016
 1.31249  -18.509  1.22059
 1.31292 -18.4991  1.22102
 1.31335 -18.4892  1.22146
 1.31379 -18.4794  1.22189
 1.31422 -18.4695  1.22232
 1.31465 -18.4596  1.22232
 1.31509 -18.4498  1.22276
 1.31552 -18.4399  1.22319
 1.31596 -18.4301  1.22362
 1.31639 -18.4203  1.22406
 1.31682 -18.4104  1.22449
 1.31726 -18.4006  1.22492
 1.31769 -18.3908  1.22536
 1.31812  -18.381  1.22579
 1.31856 -18.3712  1.22623
 1.31899 -18.3614  1.22623
 1.31942 -18.3516  1.22666
 1.31986 -18.3419  1.22709
 1.32029 -18.3321  1.22753
 1.32072 -18.3223  1.22796
 1.32116 -18.3126  1.22839
 1.32159 -18.3028  1.22883
 1.32202 -18.2931  1.22926
 1.32246 -18.2834  1.22969
 1.32289 -18.2737  1.23013
 1.32332  -18.264  1.23013
 1.32376 -18.2542  1.23056
 1.32419 -18.2445  1.23099
 1.32462 -18.2348  1.23143
 1.32506 -18.2252  1.23186
 1.32549 -18.2155  1.23229
 1.32593 -18.2058  1.23273
 1.32636 -18.1962  1.23316
 1.32679 -18.1865  1.23359
 1.32723 -18.1769  1.23403
 1.32766 -18.1672  1.23403
 1.32809 -18.1576  1.23446
 1.32853  -18.148  1.23489
 1.32896 -18.1383  1.23533
 1.32939 -18.1287  1.23576
 1.32983 -18.1191   1.2362
 1.33026 -18.1095  1.23663
 1.33069 -18.0999  1.23706
 1.33113 -18.0903   1.2375
 1.33156 -18.0808  1.23793
 1.33199 -18.0712  1.23793
 1.33243 -18.0616  1.23836
 1.33286 -18.0521   1.2388
 1.33329 -18.0425  1.23923
 1.33373  -18.033  1.23966
 1.33416 -18.0235   1.2401
 1.33459 -18.0139  1.24053
 1.33503 -18.0044  1.24096
 1.33546 -17.9949   1.2414
  1.3359 -17.9854  1.24183
 1.33633 -17.9759  1.24183
 1.33676 -17.9664  1.24226
  1.3372 -17.9569   1.2427
 1.33763 -17.9475  1.24313
 1.33806  -17.938  1.24356
  1.3385 -17.9285    1.244
 1.33893 -17.9191  1.24443
 1.33936 -17.9096  1.24486
  1.3398 -17.9002   1.2453
 1.34023 -17.8908  1.24573
 1.34066 -17.8813  1.24573
  1.3411 -17.8719  1.24617
 1.34153 -17.8625   1.2466
 1.34196 -17.8531  1.24703
  1.3424 -17.8437  1.24747
 1.34283 -17.8343   1.2479
 1.34326 -17.8249  1.24833
  1.3437 -17.8155  1.24877
 1.34413 -17.8062   1.2492
 1.34456 -17.7968  1.24963
   1.345 -17.7875  1.24963
 1.34543 -17.7781  1.25007
 1.34587 -17.7688   1.2505
  1.3463 -17.7594  1.25093
 1.34673 -17.7501  1.25137
 1.34717 -17.7408   1.2518
  1.3476 -17.7315  1.25223
 1.34803 -17.7222  1.25267
 1.34847 -17.7129   1.2531
  1.3489 -17.7036  1.25353
 1.34933 -17.6943  1.25353
 1.34977  -17.685  1.25397
  1.3502 -17.6757   1.2544
 1.35063 -17.6665  1.25483
 1.35107 -17.6572  1.25527
  1.3515 -17.6479   1.2557
 1.35193 -17.6387  1.25614
 1.35237 -17.6295  1.25657
  1.3528 -17.6202    1.257
 1.35323  -17.611  1.25744
 1.35367 -17.6018  1.25744
  1.3541 -17.5926  1.25787
 1.35453 -17.5834   1.2583
 1.35497 -17.5742  1.25874
  1.3554  -17.565  1.25917
 1.35584 -17.5558   1.2596
 1.35627 -17.5466  1.26004
  1.3567 -17.5374  1.26047
 1.35714 -17.5283   1.2609
 1.35757 -17.5191  1.26134
   1.358   -17.51  1.26134
 1.35844 -17.5008  1.26177
 1.35887 -17.4917   1.2622
  1.3593 -17.4826  1.26264
 1.35974 -17.4734  1.26307
 1.36017 -17.4643   1.2635
  1.3606 -17.4552  1.26394
 1.36104 -17.4461  1.26437
 1.36147  -17.437   1.2648
  1.3619 -17.4279  1.26524
 1.36234 -17.4188  1.26524
 1.36277 -17.4098  1.26567
  1.3632 -17.4007  1.26611
 1.36364 -17.3916  1.26654
 1.36407 -17.3826  1.26697
  1.3645 -17.3735  1.26741
 1.36494 -17.3645  1.26784
 1.36537 -17.3555  1.26827
 1.36581 -17.3464  1.26871
 1.36624 -17.3374  1.26914
 1.36667 -17.3284  1.26914
 1.36711 -17.3194  1.26957
 1.36754 -17.3104  1.27001
 1.36797 -17.3014  1.27044
 1.36841 -17.2924  1.27087
 1.36884 -17.2834  1.27131
 1.36927 -17.2744  1.27174
 1.36971 -17.2655  1.27217
 1.37014 -17.2565  1.27261
 1.37057 -17.2475  1.27304
 1.37101 -17.2386  1.27304
 1.37144 -17.2296  1.27347
 1.37187 -17.2207  1.27391
 1.37231 -17.2118  1.27434
 1.37274 -17.2029  1.27477
 1.37317 -17.1939  1.27521
 1.37361  -17.185  1.27564
 1.37404 -17.1761  1.27608
 1.37447 -17.1672  1.27651
 1.37491 -17.1583  1.27694
 1.37534 -17.1495  1.27694
 1.37578 -17.1406  1.27738
 1.37621 -17.1317  1.27781
 1.37664 -17.1228  1.27824
 1.37708  -17.114  1.27868
 1.37751 -17.1051  1.27911
 1.37794 -17.0963  1.27954
 1.37838 -17.0874  1.27998
 1.37881 -17.0786  1.28041
 1.37924 -17.0698  1.28084
 1.37968  -17.061  1.28084
 1.38011 -17.0521  1.28128
 1.38054 -17.0433  1.28171
 1.38098 -17.0345  1.28214
 1.38141 -17.0257  1.28258
 1.38184  -17.017  1.28301
 1.38228 -17.0082  1.28344
 1.38271 -16.9994  1.28388
 1.38314 -16.9906  1.28431
 1.38358 -16.9819  1.28474
 1.38401 -16.9731  1.28474
 1.38444 -16.9644  1.28518
 1.38488 -16.9556  1.28561
 1.38531 -16.9469  1.28605
 1.38575 -16.9382  1.28648
 1.38618 -16.9294  1.28691
 1.38661 -16.9207  1.28735
 1.38705  -16.912  1.28778
 1.38748 -16.9033  1.28821
 1.38791 -16.8946  1.28865
 1.38835 -16.8859  1.28865
 1.38878 -16.8772  1.28908
 1.38921 -16.8685  1.28951
 1.38965 -16.8599  1.28995
 1.39008 -16.8512  1.29038
 1.39051 -16.8425  1.29081
 1.39095 -16.8339  1.29125
 1.39138 -16.8252  1.29168
 1.39181 -16.8166  1.29211
 1.39225  -16.808  1.29255
 1.39268 -16.7993  1.29255
 1.39311 -16.7907  1.29298
 1.39355 -16.7821  1.29341
 1.39398 -16.7735  1.29385
 1.39441 -16.7649  1.29428
 1.39485 -16.7563  1.29471
 1.39528 -16.7477  1.29515
 1.39572 -16.7391  1.29558
 1.39615 -16.7305  1.29602
 1.39658  -16.722  1.29645
 1.39702 -16.7134  1.29645
 1.39745 -16.7048  1.29688
 1.39788 -16.6963  1.29732
 1.39832 -16.6877  1.29775
 1.39875 -16.6792  1.29818
 1.39918 -16.6706  1.29862
 1.39962 -16.6621  1.29905
 1.40005 -16.6536  1.29948
 1.40048 -16.6451  1.29992
 1.40092 -16.6366  1.30035
 1.40135 -16.6281  1.30035
 1.40178 -16.6196  1.30078
 1.40222 -16.6111  1.30122
 1.40265 -16.6026  1.30165
 1.40308 -16.5941  1.30208
 1.40352 -16.5856  1.30252
 1.40395 -16.5772  1.30295
 1.40438 -16.5687  1.30338
 1.40482 -16.5602  1.30382
 1.40525 -16.5518  1.30425
 1.40569 -16.5433  1.30425
 1.40612 -16.5349  1.30468
 1.40655 -16.5265  1.30512
 1.40699  -16.518  1.30555
 1.40742 -16.5096  1.30599
 1.40785 -16.5012  1.30642
 1.40829 -16.4928  1.30685
 1.40872 -16.4844  1.30729
 1.40915  -16.476  1.30772
 1.40959 -16.4676  1.30815
 1.41002 -16.4592  1.30815
 1.41045 -16.4509  1.30859
 1.41089 -16.4425  1.30902
 1.41132 -16.4341  1.30945
 1.41175 -16.4258  1.30989
 1.41219 -16.4174  1.31032
 1.41262 -16.4091  1.31075
 1.41305 -16.4007  1.31119
 1.41349 -16.3924  1.31162
 1.41392 -16.3841  1.31205
 1.41435 -16.3757  1.31205
 1.41479 -16.3674  1.31249
 1.41522 -16.3591  1.31292
 1.41566 -16.3508  1.31335
 1.41609 -16.3425  1.31379
 1.41652 -16.3342  1.31422
 1.41696 -16.3259  1.31465
 1.41739 -16.3176  1.31509
 1.41782 -16.3094  1.31552
 1.41826 -16.3011  1.31596
 1.41869 -16.2928  1.31596
 1.41912 -16.2846  1.31639
 1.41956 -16.2763  1.31682
 1.41999 -16.2681  1.31726
 1.42042 -16.2598  1.31769
 1.42086 -16.2516  1.31812
 1.42129 -16.2434  1.31856
 1.42172 -16.2351  1.31899
 1.42216 -16.2269  1.31942
 1.42259 -16.2187  1.31986
 1.42302 -16.2105  1.31986
 1.42346 -16.2023  1.32029
 1.42389 -16.1941  1.32072
 1.42432 -16.1859  1.32116
 1.42476 -16.1777  1.32159
 1.42519 -16.1696  1.32202
 1.42563 -16.1614  1.32246
 1.42606 -16.1532  1.32289
 1.42649 -16.1451  1.32332
 1.42693 -16.1369  1.32376
 1.42736 -16.1288  1.32376
 1.42779 -16.1206  1.32419
 1.42823 -16.1125  1.32462
 1.42866 -16.1044  1.32506
 1.42909 -16.0962  1.32549
 1.42953 -16.0881  1.32593
 1.42996   -16.08  1.32636
 1.43039 -16.0719  1.32679
 1.43083 -16.0638  1.32723
 1.43126 -16.0557  1.32766
 1.43169 -16.0476  1.32766
 1.43213 -16.0395  1.32809
 1.43256 -16.0315  1.32853
 1.43299 -16.0234  1.32896
 1.43343 -16.0153  1.32939
 1.43386 -16.0073  1.32983
 1.43429 -15.9992  1.33026
 1.43473 -15.9912  1.33069
 1.43516 -15.9831  1.33113
  1.4356 -15.9751  1.33156
 1.43603  -15.967  1.33156
 1.43646  -15.959  1.33199
  1.4369  -15.951  1.33243
 1.43733  -15.943  1.33286
 1.43776  -15.935  1.33329
  1.4382  -15.927  1.33373
 1.43863  -15.919  1.33416
 1.43906  -15.911  1.33459
  1.4395  -15.903  1.33503
 1.43993  -15.895  1.33546
 1.44036  -15.887  1.33546
  1.4408 -15.8791   1.3359
 1.44123 -15.8711  1.33633
 1.44166 -15.8631  1.33676
  1.4421 -15.8552   1.3372
 1.44253 -15.8472  1.33763
 1.44296 -15.8393  1.33806
  1.4434 -15.8314   1.3385
 1.44383 -15.8234  1.33893
 1.44426 -15.8155  1.33936
  1.4447 -15.8076  1.33936
 1.44513 -15.7997   1.3398
 1.44557 -15.7918  1.34023
   1.446 -15.7839  1.34066
 1.44643  -15.776   1.3411
 1.44687 -15.7681  1.34153
  1.4473 -15.7602  1.34196
 1.44773 -15.7523   1.3424
 1.44817 -15.7444  1.34283
  1.4486 -15.7366  1.34326
 1.44903 -15.7287  1.34326
 1.44947 -15.7209   1.3437
  1.4499  -15.713  1.34413
 1.45033 -15.7051  1.34456
 1.45077 -15.6973    1.345
  1.4512 -15.6895  1.34543
 1.45163 -15.6816  1.34587
 1.45207 -15.6738   1.3463
  1.4525  -15.666  1.34673
 1.45293 -15.6582  1.34717
 1.45337 -15.6504  1.34717
  1.4538 -15.6426   1.3476
 1.45423 -15.6348  1.34803
 1.45467  -15.627  1.34847
  1.4551 -15.6192   1.3489
 1.45554 -15.6114  1.34933
 1.45597 -15.6036  1.34977
  1.4564 -15.5959   1.3502
 1.45684 -15.5881  1.35063
 1.45727 -15.5803  1.35107
  1.4577 -15.5726  1.35107
 1.45814 -15.5648   1.3515
 1.45857 -15.5571  1.35193
   1.459 -15.5494  1.35237
 1.45944 -15.5416   1.3528
 1.45987 -15.5339  1.35323
  1.4603 -15.5262  1.35367
 1.46074 -15.5185   1.3541
 1.46117 -15.5108  1.35453
  1.4616 -15.5031  1.35497
 1.46204 -15.4953  1.35497
 1.46247 -15.4877   1.3554
  1.4629   -15.48  1.35584
 1.46334 -15.4723  1.35627
 1.46377 -15.4646   1.3567
  1.4642 -15.4569  1.35714
 1.46464 -15.4493  1.35757
 1.46507 -15.4416    1.358
 1.46551 -15.4339  1.35844
 1.46594 -15.4263  1.35887
 1.46637 -15.4186  1.35887
 1.46681  -15.411   1.3593
 1.46724 -15.4034  1.35974
 1.46767 -15.3957  1.36017
 1.46811 -15.3881   1.3606
 1.46854 -15.3805  1.36104
 1.46897 -15.3729  1.36147
 1.46941 -15.3653   1.3619
 1.46984 -15.3577  1.36234
 1.47027 -15.3501  1.36277
 1.47071 -15.3425  1.36277
 1.47114 -15.3349   1.3632
 1.47157 -15.3273  1.36364
 1.47201 -15.3197  1.36407
 1.47244 -15.3122   1.3645
 1.47287 -15.3046  1.36494
 1.47331  -15.297  1.36537
 1.47374 -15.2895  1.36581
 1.47417 -15.2819  1.36624
 1.47461 -15.2744  1.36667
 1.47504 -15.2668  1.36667
 1.47548 -15.2593  1.36711
 1.47591 -15.2518  1.36754
 1.47634 -15.2442  1.36797
 1.47678 -15.2367  1.36841
 1.47721 -15.2292  1.36884
 1.47764 -15.2217  1.36927
 1.47808 -15.2142  1.36971
 1.47851 -15.2067  1.37014
 1.47894 -15.1992  1.37057
 1.47938 -15.1917  1.37057
 1.47981 -15.1842  1.37101
 1.48024 -15.1768  1.37144
 1.48068 -15.1693  1.37187
 1.48111 -15.1618  1.37231
 1.48154 -15.1543  1.37274
 1.48198 -15.1469  1.37317
 1.48241 -15.1394  1.37361
 1.48284  -15.132  1.37404
 1.48328 -15.1246  1.37447
 1.48371 -15.1171  1.37447
 1.48414 -15.1097  1.37491
 1.48458 -15.1023  1.37534
 1.48501 -15.0948  1.37578
 1.48545 -15.0874  1.37621
 1.48588   -15.08  1.37664
 1.48631 -15.0726  1.37708
 1.48675 -15.0652  1.37751
 1.48718 -15.0578  1.37794
 1.48761 -15.0504  1.37794
 1.48805  -15.043  1.37838
 1.48848 -15.0356  1.37881
 1.48891 -15.0283  1.37924
 1.48935 -15.0209  1.37968
 1.48978 -15.0135  1.38011
 1.49021 -15.0062  1.38054
 1.49065 -14.9988  1.38098
 1.49108 -14.9915  1.38141
 1.49151 -14.9841  1.38184
 1.49195 -14.9768  1.38184
 1.49238 -14.9694  1.38228
 1.49281 -14.9621  1.38271
 1.49325 -14.9548  1.38314
 1.49368 -14.9475  1.38358
 1.49411 -14.9402  1.38401
 1.49455 -14.9328  1.38444
 1.49498 -14.9255  1.38488
 1.49542 -14.9182  1.38531
 1.49585  -14.911  1.38575
 1.49628 -14.9037  1.38575
 1.49672 -14.8964  1.38618
 1.49715 -14.8891  1.38661
 1.49758 -14.8818  1.38705
 1.49802 -14.8746  1.38748
 1.49845 -14.8673  1.38791
 1.49888   -14.86  1.38835
 1.49932 -14.8528  1.38878
 1.49975 -14.8455  1.38921
 1.50018 -14.8383  1.38965
 1.50062  -14.831  1.38965
 1.50105 -14.8238  1.39008
 1.50148 -14.8166  1.39051
 1.50192 -14.8093  1.39095
 1.50235 -14.8021  1.39138
 1.50278 -14.7949  1.39181
 1.50322 -14.7877  1.39225
 1.50365 -14.7805  1.39268
 1.50408 -14.7733  1.39311
 1.50452 -14.7661  1.39355
 1.50495 -14.7589  1.39355
 1.50539 -14.7517  1.39398
 1.50582 -14.7445  1.39441
 1.50625 -14.7374  1.39485
 1.50669 -14.7302  1.39528
 1.50712  -14.723  1.39572
 1.50755 -14.7159  1.39615
 1.50799 -14.7087  1.39658
 1.50842 -14.7016  1.39702
 1.50885 -14.6944  1.39745
 1.50929 -14.6873  1.39745
 1.50972 -14.6801  1.39788
 1.51015  -14.673  1.39832
 1.51059 -14.6659  1.39875
 1.51102 -14.6588  1.39918
 1.51145 -14.6516  1.39962
 1.51189 -14.6445  1.40005
 1.51232 -14.6374  1.40048
 1.51275 -14.6303  1.40092
 1.51319 -14.6232  1.40135
 1.51362 -14.6161  1.40135
 1.51405  -14.609  1.40178
 1.51449  -14.602  1.40222
 1.51492 -14.5949  1.40265
 1.51536 -14.5878  1.40308
 1.51579 -14.5807  1.40352
 1.51622 -14.5737  1.40395
 1.51666 -14.5666  1.40438
 1.51709 -14.5596  1.40482
 1.51752 -14.5525  1.40525
 1.51796 -14.5455  1.40525
 1.51839 -14.5384  1.40569
 1.51882 -14.5314  1.40612
 1.51926 -14.5244  1.40655
 1.51969 -14.5173  1.40699
 1.52012 -14.5103  1.40742
 1.52056 -14.5033  1.40785
 1.52099 -14.4963  1.40829
 1.52142 -14.4893  1.40872
 1.52186 -14.4823  1.40915
 1.52229 -14.4753  1.40915
 1.52272 -14.4683  1.40959
 1.52316 -14.4613  1.41002
 1.52359 -14.4543  1.41045
 1.52402 -14.4473  1.41089
 1.52446 -14.4404  1.41132
 1.52489 -14.4334  1.41175
 1.52533 -14.4264  1.41219
 1.52576 -14.4195  1.41262
 1.52619 -14.4125  1.41305
 1.52663 -14.4056  1.41305
 1.52706 -14.3986  1.41349
 1.52749 -14.3917  1.41392
 1.52793 -14.3847  1.41435
 1.52836 -14.3778  1.41479
 1.52879 -14.3709  1.41522
 1.52923  -14.364  1.41566
 1.52966  -14.357  1.41609
 1.53009 -14.3501  1.41652
 1.53053 -14.3432  1.41696
 1.53096 -14.3363  1.41696
 1.53139 -14.3294  1.41739
 1.53183 -14.3225  1.41782
 1.53226 -14.3156  1.41826
 1.53269 -14.3087  1.41869
 1.53313 -14.3019  1.41912
 1.53356  -14.295  1.41956
 1.53399 -14.2881  1.41999
 1.53443 -14.2813  1.42042
 1.53486 -14.2744  1.42086
  1.5353 -14.2675  1.42086
 1.53573 -14.2607  1.42129
 1.53616 -14.2538  1.42172
  1.5366  -14.247  1.42216
 1.53703 -14.2402  1.42259
 1.53746 -14.2333  1.42302
  1.5379 -14.2265  1.42346
 1.53833 -14.2197  1.42389
 1.53876 -14.2128  1.42432
  1.5392  -14.206  1.42476
 1.53963 -14.1992  1.42476
 1.54006 -14.1924  1.42519
  1.5405 -14.1856  1.42563
 1.54093 -14.1788  1.42606
 1.54136  -14.172  1.42649
  1.5418 -14.1652  1.42693
 1.54223 -14.1585  1.42736
 1.54266 -14.1517  1.42779
  1.5431 -14.1449  1.42823
 1.54353 -14.1381  1.42823
 1.54396 -14.1314  1.42866
  1.5444 -14.1246  1.42909
 1.54483 -14.1178  1.42953
 1.54527 -14.1111  1.42996
  1.5457 -14.1043  1.43039
 1.54613 -14.0976  1.43083
 1.54657 -14.0909  1.43126
   1.547 -14.0841  1.43169
 1.54743 -14.0774  1.43213
 1.54787 -14.0707  1.43213
  1.5483  -14.064  1.43256
 1.54873 -14.0572  1.43299
 1.54917 -14.0505  1.43343
  1.5496 -14.0438  1.43386
 1.55003 -14.0371  1.43429
 1.55047 -14.0304  1.43473
  1.5509 -14.0237  1.43516
 1.55133  -14.017   1.4356
 1.55177 -14.0104  1.43603
  1.5522 -14.0037  1.43603
 1.55263  -13.997  1.43646
 1.55307 -13.9903   1.4369
  1.5535 -13.9837  1.43733
 1.55393  -13.977  1.43776
 1.55437 -13.9703   1.4382
  1.5548 -13.9637  1.43863
 1.55524  -13.957  1.43906
 1.55567 -13.9504   1.4395
  1.5561 -13.9438  1.43993
 1.55654 -13.9371  1.43993
 1.55697 -13.9305  1.44036
  1.5574 -13.9239   1.4408
 1.55784 -13.9172  1.44123
 1.55827 -13.9106  1.44166
  1.5587  -13.904   1.4421
 1.55914 -13.8974  1.44253
 1.55957 -13.8908  1.44296
    1.56 -13.8842   1.4434
 1.56044 -13.8776  1.44383
 1.56087  -13.871  1.44383
  1.5613 -13.8644  1.44426
 1.56174 -13.8578   1.4447
 1.56217 -13.8513  1.44513
  1.5626 -13.8447  1.44557
 1.56304 -13.8381    1.446
 1.56347 -13.8316  1.44643
  1.5639  -13.825  1.44687
 1.56434 -13.8184   1.4473
 1.56477 -13.8119  1.44773
 1.56521 -13.8053  1.44773
 1.56564 -13.7988  1.44817
 1.56607 -13.7923   1.4486
 1.56651 -13.7857  1.44903
 1.56694 -13.7792  1.44947
 1.56737 -13.7727   1.4499
 1.56781 -13.7661  1.45033
 1.56824 -13.7596  1.45077
 1.56867 -13.7531   1.4512
 1.56911 -13.7466  1.45163
 1.56954 -13.7401  1.45163
 1.56997 -13.7336  1.45207
 1.57041 -13.7271   1.4525
 1.57084 -13.7206  1.45293
 1.57127 -13.7141  1.45337
 1.57171 -13.7076   1.4538
 1.57214 -13.7012  1.45423
 1.57257 -13.6947  1.45467
 1.57301 -13.6882   1.4551
 1.57344 -13.6817  1.45554
 1.57387 -13.6753  1.45554
 1.57431 -13.6688  1.45597
 1.57474 -13.6624   1.4564
 1.57518 -13.6559  1.45684
 1.57561 -13.6495  1.45727
 1.57604  -13.643   1.4577
 1.57648 -13.6366  1.45814
 1.57691 -13.6302  1.45857
 1.57734 -13.6237    1.459
 1.57778 -13.6173  1.45944
 1.57821 -13.6109  1.45944
 1.57864 -13.6045  1.45987
 1.57908 -13.5981   1.4603
 1.57951 -13.5917  1.46074
 1.57994 -13.5853  1.46117
 1.58038 -13.5789   1.4616
 1.58081 -13.5725  1.46204
 1.58124 -13.5661  1.46247
 1.58168 -13.5597   1.4629
 1.58211 -13.5533   1.4629
 1.58254 -13.5469  1.46334
 1.58298 -13.5406  1.46377
 1.58341 -13.5342   1.4642
 1.58384 -13.5278  1.46464
 1.58428 -13.5215  1.46507
 1.58471 -13.5151  1.46551
 1.58515 -13.5088  1.46594
 1.58558 -13.5024  1.46637
 1.58601 -13.4961  1.46681
 1.58645 -13.4897  1.46681
 1.58688 -13.4834  1.46724
 1.58731 -13.4771  1.46767
 1.58775 -13.4707  1.46811
 1.58818 -13.4644  1.46854
 1.58861 -13.4581  1.46897
 1.58905 -13.4518  1.46941
 1.58948 -13.4455  1.46984
 1.58991 -13.4392  1.47027
 1.59035 -13.4329  1.47071
 1.59078 -13.4266  1.47071
 1.59121 -13.4203  1.47114
 1.59165  -13.414  1.47157
 1.59208 -13.4077  1.47201
 1.59251 -13.4014  1.47244
 1.59295 -13.3951  1.47287
 1.59338 -13.3889  1.47331
 1.59381 -13.3826  1.47374
 1.59425 -13.3763  1.47417
 1.59468 -13.3701  1.47461
 1.59512 -13.3638  1.47461
 1.59555 -13.3576  1.47504
 1.59598 -13.3513  1.47548
 1.59642 -13.3451  1.47591
 1.59685 -13.3388  1.47634
 1.59728 -13.3326  1.47678
 1.59772 -13.3264  1.47721
 1.59815 -13.3201  1.47764
 1.59858 -13.3139  1.47808
 1.59902 -13.3077  1.47851
 1.59945 -13.3015  1.47851
 1.59988 -13.2953  1.47894
 1.60032  -13.289  1.47938
 1.60075 -13.2828  1.47981
 1.60118 -13.2766  1.48024
 1.60162 -13.2704  1.48068
 1.60205 -13.2643  1.48111
 1.60248 -13.2581  1.48154
 1.60292 -13.2519  1.48198
 1.60335 -13.2457  1.48241
 1.60378 -13.2395  1.48241
 1.60422 -13.2334  1.48284
 1.60465 -13.2272  1.48328
 1.60509  -13.221  1.48371
 1.60552 -13.2149  1.48414
 1.60595 -13.2087  1.48458
 1.60639 -13.2026  1.48501
 1.60682 -13.1964  1.48545
 1.60725 -13.1903  1.48588
 1.60769 -13.1841  1.48631
 1.60812  -13.178  1.48631
 1.60855 -13.1719  1.48675
 1.60899 -13.1657  1.48718
 1.60942 -13.1596  1.48761
 1.60985 -13.1535  1.48805
 1.61029 -13.1474  1.48848
 1.61072 -13.1413  1.48891
 1.61115 -13.1352  1.48935
 1.61159 -13.1291  1.48978
 1.61202  -13.123  1.49021
 1.61245 -13.1169  1.49021
 1.61289 -13.1108  1.49065
 1.61332 -13.1047  1.49108
 1.61375 -13.0986  1.49151
 1.61419 -13.0925  1.49195
 1.61462 -13.0864  1.49238
 1.61506 -13.0804  1.49281
 1.61549 -13.0743  1.49325
 1.61592 -13.0682  1.49368
 1.61636 -13.0622  1.49368
 1.61679 -13.0561  1.49411
 1.61722 -13.0501  1.49455
 1.61766  -13.044  1.49498
 1.61809  -13.038  1.49542
 1.61852 -13.0319  1.49585
 1.61896 -13.0259  1.49628
 1.61939 -13.0199  1.49672
 1.61982 -13.0138  1.49715
 1.62026 -13.0078  1.49758
 1.62069 -13.0018  1.49758
 1.62112 -12.9958  1.49802
 1.62156 -12.9897  1.49845
 1.62199 -12.9837  1.49888
 1.62242 -12.9777  1.49932
 1.62286 -12.9717  1.49975
 1.62329 -12.9657  1.50018
 1.62372 -12.9597  1.50062
 1.62416 -12.9537  1.50105
 1.62459 -12.9478  1.50148
 1.62503 -12.9418  1.50148
 1.62546 -12.9358  1.50192
 1.62589 -12.9298  1.50235
 1.62633 -12.9238  1.50278
 1.62676 -12.9179  1.50322
 1.62719 -12.9119  1.50365
 1.62763  -12.906  1.50408
 1.62806    -12.9  1.50452
 1.62849 -12.8941  1.50495
 1.62893 -12.8881  1.50539
 1.62936 -12.8822  1.50539
 1.62979 -12.8762  1.50582
 1.63023 -12.8703  1.50625
 1.63066 -12.8643  1.50669
 1.63109 -12.8584  1.50712
 1.63153 -12.8525  1.50755
 1.63196 -12.8466  1.50799
 1.63239 -12.8407  1.50842
 1.63283 -12.8347  1.50885
 1.63326 -12.8288  1.50929
 1.63369 -12.8229  1.50929
 1.63413  -12.817  1.50972
 1.63456 -12.8111  1.51015
 1.63499 -12.8052  1.51059
 1.63543 -12.7993  1.51102
 1.63586 -12.7934  1.51145
  1.6363 -12.7876  1.51189
 1.63673 -12.7817  1.51232
 1.63716 -12.7758  1.51275
  1.6376 -12.7699  1.51275
 1.63803 -12.7641  1.51319
 1.63846 -12.7582  1.51362
  1.6389 -12.7523  1.51405
 1.63933 -12.7465  1.51449
 1.63976 -12.7406  1.51492
  1.6402 -12.7348  1.51536
 1.64063 -12.7289  1.51579
 1.64106 -12.7231  1.51622
  1.6415 -12.7173  1.51666
 1.64193 -12.7114  1.51666
 1.64236 -12.7056  1.51709
  1.6428 -12.6998  1.51752
 1.64323 -12.6939  1.51796
 1.64366 -12.6881  1.51839
  1.6441 -12.6823  1.51882
 1.64453 -12.6765  1.51926
 1.64496 -12.6707  1.51969
  1.6454 -12.6649  1.52012
 1.64583 -12.6591  1.52056
 1.64627 -12.6533  1.52056
  1.6467 -12.6475  1.52099
 1.64713 -12.6417  1.52142
 1.64757 -12.6359  1.52186
   1.648 -12.6301  1.52229
 1.64843 -12.6243  1.52272
 1.64887 -12.6186  1.52316
  1.6493 -12.6128  1.52359
 1.64973  -12.607  1.52402
 1.65017 -12.6013  1.52446
  1.6506 -12.5955  1.52446
 1.65103 -12.5897  1.52489
 1.65147  -12.584  1.52533
  1.6519 -12.5782  1.52576
 1.65233 -12.5725  1.52619
 1.65277 -12.5668  1.52663
  1.6532  -12.561  1.52706
 1.65363 -12.5553  1.52749
 1.65407 -12.5496  1.52793
  1.6545 -12.5438  1.52836
 1.65493 -12.5381  1.52836
 1.65537 -12.5324  1.52879
  1.6558 -12.5267  1.52923
 1.65624 -12.5209  1.52966
 1.65667 -12.5152  1.53009
  1.6571 -12.5095  1.53053
 1.65754 -12.5038  1.53096
 1.65797 -12.4981  1.53139
  1.6584 -12.4924  1.53183
 1.65884 -12.4867  1.53226
 1.65927 -12.4811  1.53226
  1.6597 -12.4754  1.53269
 1.66014 -12.4697  1.53313
 1.66057  -12.464  1.53356
   1.661 -12.4583  1.53399
 1.66144 -12.4527  1.53443
 1.66187  -12.447  1.53486
  1.6623 -12.4413   1.5353
 1.66274 -12.4357  1.53573
 1.66317   -12.43  1.53616
  1.6636 -12.4244  1.53616
 1.66404 -12.4187   1.5366
 1.66447 -12.4131  1.53703
  1.6649 -12.4074  1.53746
 1.66534 -12.4018   1.5379
 1.66577 -12.3962  1.53833
 1.66621 -12.3905  1.53876
 1.66664 -12.3849   1.5392
 1.66707 -12.3793  1.53963
 1.66751 -12.3737  1.54006
 1.66794 -12.3681  1.54006
 1.66837 -12.3624   1.5405
 1.66881 -12.3568  1.54093
 1.66924 -12.3512  1.54136
 1.66967 -12.3456   1.5418
 1.67011   -12.34  1.54223
 1.67054 -12.3344  1.54266
 1.67097 -12.3288   1.5431
 1.67141 -12.3232  1.54353
 1.67184 -12.3177  1.54353
 1.67227 -12.3121  1.54396
 1.67271 -12.3065   1.5444
 1.67314 -12.3009  1.54483
 1.67357 -12.2954  1.54527
 1.67401 -12.2898   1.5457
 1.67444 -12.2842  1.54613
 1.67487 -12.2787  1.54657
 1.67531 -12.2731    1.547
 1.67574 -12.2676  1.54743
 1.67618  -12.262  1.54743
 1.67661 -12.2565  1.54787
 1.67704 -12.2509   1.5483
 1.67748 -12.2454  1.54873
 1.67791 -12.2398  1.54917
 1.67834 -12.2343   1.5496
 1.67878 -12.2288  1.55003
 1.67921 -12.2233  1.55047
 1.67964 -12.2177   1.5509
 1.68008 -12.2122  1.55133
 1.68051 -12.2067  1.55133
 1.68094 -12.2012  1.55177
 1.68138 -12.1957   1.5522
 1.68181 -12.1902  1.55263
 1.68224 -12.1847  1.55307
 1.68268 -12.1792   1.5535
 1.68311 -12.1737  1.55393
 1.68354 -12.1682  1.55437
 1.68398 -12.1627   1.5548
 1.68441 -12.1572  1.55524
 1.68484 -12.1518  1.55524
 1.68528 -12.1463  1.55567
 1.68571 -12.1408   1.5561
 1.68615 -12.1353  1.55654
 1.68658 -12.1299  1.55697
 1.68701 -12.1244   1.5574
 1.68745 -12.1189  1.55784
 1.68788 -12.1135  1.55827
 1.68831  -12.108   1.5587
 1.68875 -12.1026  1.55914
 1.68918 -12.0971  1.55914
 1.68961 -12.0917  1.55957
 1.69005 -12.0863     1.56
 1.69048 -12.0808  1.56044
 1.69091 -12.0754  1.56087
 1.69135   -12.07   1.5613
 1.69178 -12.0645  1.56174
 1.69221 -12.0591  1.56217
 1.69265 -12.0537   1.5626
 1.69308 -12.0483  1.56304
 1.69351 -12.0429  1.56304
 1.69395 -12.0375  1.56347
 1.69438 -12.0321   1.5639
 1.69481 -12.0266  1.56434
 1.69525 -12.0213  1.56477
 1.69568 -12.0159  1.56521
 1.69612 -12.0105  1.56564
 1.69655 -12.0051  1.56607
 1.69698 -11.9997  1.56651
 1.69742 -11.9943  1.56694
 1.69785 -11.9889  1.56694
 1.69828 -11.9836  1.56737
 1.69872 -11.9782  1.56781
 1.69915 -11.9728  1.56824
 1.69958 -11.9675  1.56867
 1.70002 -11.9621  1.56911
 1.70045 -11.9567  1.56954
 1.70088 -11.9514  1.56997
 1.70132  -11.946  1.57041
 1.70175 -11.9407  1.57084
 1.70218 -11.9353  1.57084
 1.70262   -11.93  1.57127
 1.70305 -11.9247  1.57171
 1.70348 -11.9193  1.57214
 1.70392  -11.914  1.57257
 1.70435 -11.9087  1.57301
 1.70478 -11.9033  1.57344
 1.70522  -11.898  1.57387
 1.70565 -11.8927  1.57431
 1.70609 -11.8874  1.57431
 1.70652 -11.8821  1.57474
 1.70695 -11.8768  1.57518
 1.70739 -11.8715  1.57561
 1.70782 -11.8661  1.57604
 1.70825 -11.8609  1.57648
 1.70869 -11.8556  1.57691
 1.70912 -11.8503  1.57734
 1.70955  -11.845  1.57778
 1.70999 -11.8397  1.57821
 1.71042 -11.8344  1.57821
 1.71085 -11.8291  1.57864
 1.71129 -11.8239  1.57908
 1.71172 -11.8186  1.57951
 1.71215 -11.8133  1.57994
 1.71259  -11.808  1.58038
 1.71302 -11.8028  1.58081
 1.71345 -11.7975  1.58124
 1.71389 -11.7923  1.58168
 1.71432  -11.787  1.58211
 1.71475 -11.7818  1.58211
 1.71519 -11.7765  1.58254
 1.71562 -11.7713  1.58298
 1.71606  -11.766  1.58341
 1.71649 -11.7608  1.58384
 1.71692 -11.7556  1.58428
 1.71736 -11.7503  1.58471
 1.71779 -11.7451  1.58515
 1.71822 -11.7399  1.58558
 1.71866 -11.7347  1.58601
 1.71909 -11.7294  1.58601
 1.71952 -11.7242  1.58645
 1.71996  -11.719  1.58688
 1.72039 -11.7138  1.58731
 1.72082 -11.7086  1.58775
 1.72126 -11.7034  1.58818
 1.72169 -11.6982  1.58861
 1.72212  -11.693  1.58905
 1.72256 -11.6878  1.58948
 1.72299 -11.6826  1.58991
 1.72342 -11.6775  1.58991
 1.72386 -11.6723  1.59035
 1.72429 -11.6671  1.59078
 1.72472 -11.6619  1.59121
 1.72516 -11.6567  1.59165
 1.72559 -11.6516  1.59208
 1.72603 -11.6464  1.59251
 1.72646 -11.6412  1.59295
 1.72689 -11.6361  1.59338
 1.72733 -11.6309  1.59338
 1.72776 -11.6258  1.59381
 1.72819 -11.6206  1.59425
 1.72863 -11.6155  1.59468
 1.72906 -11.6103  1.59512
 1.72949 -11.6052  1.59555
 1.72993 -11.6001  1.59598
 1.73036 -11.5949  1.59642
 1.73079 -11.5898  1.59685
 1.73123 -11.5847  1.59728
 1.73166 -11.5795  1.59728
 1.73209 -11.5744  1.59772
 1.73253 -11.5693  1.59815
 1.73296 -11.5642  1.59858
 1.73339 -11.5591  1.59902
 1.73383  -11.554  1.59945
 1.73426 -11.5489  1.59988
 1.73469 -11.5438  1.60032
 1.73513 -11.5387  1.60075
 1.73556 -11.5336  1.60118
   1.736 -11.5285  1.60118
 1.73643 -11.5234  1.60162
 1.73686 -11.5183  1.60205
  1.7373 -11.5132  1.60248
 1.73773 -11.5081  1.60292
 1.73816  -11.503  1.60335
  1.7386  -11.498  1.60378
 1.73903 -11.4929  1.60422
 1.73946 -11.4878  1.60465
  1.7399 -11.4828  1.60509
 1.74033 -11.4777  1.60509
 1.74076 -11.4726  1.60552
  1.7412 -11.4676  1.60595
 1.74163 -11.4625  1.60639
 1.74206 -11.4575  1.60682
  1.7425 -11.4524  1.60725
 1.74293 -11.4474  1.60769
 1.74336 -11.4424  1.60812
  1.7438 -11.4373  1.60855
 1.74423 -11.4323  1.60899
 1.74466 -11.4272  1.60899
  1.7451 -11.4222  1.60942
 1.74553 -11.4172  1.60985
 1.74597 -11.4122  1.61029
  1.7464 -11.4072  1.61072
 1.74683 -11.4021  1.61115
 1.74727 -11.3971  1.61159
  1.7477 -11.3921  1.61202
 1.74813 -11.3871  1.61245
 1.74857 -11.3821  1.61245
   1.749 -11.3771  1.61289
 1.74943 -11.3721  1.61332
 1.74987 -11.3671  1.61375
  1.7503 -11.3621  1.61419
 1.75073 -11.3571  1.61462
 1.75117 -11.3521  1.61506
  1.7516 -11.3472  1.61549
 1.75203 -11.3422  1.61592
 1.75247 -11.3372  1.61636
  1.7529 -11.3322  1.61636
 1.75333 -11.3273  1.61679
 1.75377 -11.3223  1.61722
  1.7542 -11.3173  1.61766
 1.75463 -11.3124  1.61809
 1.75507 -11.3074  1.61852
  1.7555 -11.3025  1.61896
 1.75594 -11.2975  1.61939
 1.75637 -11.2925  1.61982
  1.7568 -11.2876  1.62026
 1.75724 -11.2827  1.62026
 1.75767 -11.2777  1.62069
  1.7581 -11.2728  1.62112
 1.75854 -11.2678  1.62156
 1.75897 -11.2629  1.62199
  1.7594  -11.258  1.62242
 1.75984 -11.2531  1.62286
 1.76027 -11.2481  1.62329
  1.7607 -11.2432  1.62372
 1.76114 -11.2383  1.62416
 1.76157 -11.2334  1.62416
   1.762 -11.2285  1.62459
 1.76244 -11.2236  1.62503
 1.76287 -11.2187  1.62546
  1.7633 -11.2138  1.62589
 1.76374 -11.2089  1.62633
 1.76417  -11.204  1.62676
  1.7646 -11.1991  1.62719
 1.76504 -11.1942  1.62763
 1.76547 -11.1893  1.62806
 1.76591 -11.1844  1.62806
 1.76634 -11.1795  1.62849
 1.76677 -11.1747  1.62893
 1.76721 -11.1698  1.62936
 1.76764 -11.1649  1.62979
 1.76807   -11.16  1.63023
 1.76851 -11.1552  1.63066
 1.76894 -11.1503  1.63109
 1.76937 -11.1455  1.63153
 1.76981 -11.1406  1.63196
 1.77024 -11.1357  1.63196
 1.77067 -11.1309  1.63239
 1.77111  -11.126  1.63283
 1.77154 -11.1212  1.63326
 1.77197 -11.1164  1.63369
 1.77241 -11.1115  1.63413
 1.77284 -11.1067  1.63456
 1.77327 -11.1018  1.63499
 1.77371  -11.097  1.63543
 1.77414 -11.0922  1.63543
 1.77457 -11.0874  1.63586
 1.77501 -11.0825   1.6363
 1.77544 -11.0777  1.63673
 1.77588 -11.0729  1.63716
 1.77631 -11.0681   1.6376
 1.77674 -11.0633  1.63803
 1.77718 -11.0585  1.63846
 1.77761 -11.0537   1.6389
 1.77804 -11.0489  1.63933
 1.77848 -11.0441  1.63933
 1.77891 -11.0393  1.63976
 1.77934 -11.0345   1.6402
 1.77978 -11.0297  1.64063
 1.78021 -11.0249  1.64106
 1.78064 -11.0201   1.6415
 1.78108 -11.0153  1.64193
 1.78151 -11.0106  1.64236
 1.78194 -11.0058   1.6428
 1.78238  -11.001  1.64323
 1.78281 -10.9962  1.64323
 1.78324 -10.9915  1.64366
 1.78368 -10.9867   1.6441
 1.78411 -10.9819  1.64453
 1.78454 -10.9772  1.64496
 1.78498 -10.9724   1.6454
 1.78541 -10.9677  1.64583
 1.78585 -10.9629  1.64627
 1.78628 -10.9582   1.6467
 1.78671 -10.9534  1.64713
 1.78715 -10.9487  1.64713
 1.78758 -10.9439  1.64757
 1.78801 -10.9392    1.648
 1.78845 -10.9345  1.64843
 1.78888 -10.9297  1.64887
 1.78931  -10.925   1.6493
 1.78975 -10.9203  1.64973
 1.79018 -10.9156  1.65017
 1.79061 -10.9109   1.6506
 1.79105 -10.9061  1.65103
 1.79148 -10.9014  1.65103
 1.79191 -10.8967  1.65147
 1.79235  -10.892   1.6519
 1.79278 -10.8873  1.65233
 1.79321 -10.8826  1.65277
 1.79365 -10.8779   1.6532
 1.79408 -10.8732  1.65363
 1.79451 -10.8685  1.65407
 1.79495 -10.8638   1.6545
 1.79538 -10.8591   1.6545
 1.79582 -10.8544  1.65493
 1.79625 -10.8498  1.65537
 1.79668 -10.8451   1.6558
 1.79712 -10.8404  1.65624
 1.79755 -10.8357  1.65667
 1.79798 -10.8311   1.6571
 1.79842 -10.8264  1.65754
 1.79885 -10.8217  1.65797
 1.79928 -10.8171   1.6584
 1.79972 -10.8124   1.6584
 1.80015 -10.8077  1.65884
 1.80058 -10.8031  1.65927
 1.80102 -10.7984   1.6597
 1.80145 -10.7938  1.66014
 1.80188 -10.7891  1.66057
 1.80232 -10.7845    1.661
 1.80275 -10.7799  1.66144
 1.80318 -10.7752  1.66187
 1.80362 -10.7706   1.6623
 1.80405  -10.766   1.6623
 1.80448 -10.7613  1.66274
 1.80492 -10.7567  1.66317
 1.80535 -10.7521   1.6636
 1.80579 -10.7474  1.66404
 1.80622 -10.7428  1.66447
 1.80665 -10.7382   1.6649
 1.80709 -10.7336  1.66534
 1.80752  -10.729  1.66577
 1.80795 -10.7244  1.66621
 1.80839 -10.7198  1.66621
 1.80882 -10.7152  1.66664
 1.80925 -10.7106  1.66707
 1.80969  -10.706  1.66751
 1.81012 -10.7014  1.66794
 1.81055 -10.6968  1.66837
 1.81099 -10.6922  1.66881
 1.81142 -10.6876  1.66924
 1.81185  -10.683  1.66967
 1.81229 -10.6785  1.67011
 1.81272 -10.6739  1.67011
 1.81315 -10.6693  1.67054
 1.81359 -10.6647  1.67097
 1.81402 -10.6602  1.67141
 1.81445 -10.6556  1.67184
 1.81489  -10.651  1.67227
 1.81532 -10.6465  1.67271
 1.81576 -10.6419  1.67314
 1.81619 -10.6373  1.67357
 1.81662 -10.6328  1.67357
 1.81706 -10.6282  1.67401
 1.81749 -10.6237  1.67444
 1.81792 -10.6192  1.67487
 1.81836 -10.6146  1.67531
 1.81879 -10.6101  1.67574
 1.81922 -10.6055  1.67618
 1.81966  -10.601  1.67661
 1.82009 -10.5965  1.67704
 1.82052 -10.5919  1.67748
 1.82096 -10.5874  1.67748
 1.82139 -10.5829  1.67791
 1.82182 -10.5784  1.67834
 1.82226 -10.5738  1.67878
 1.82269 -10.5693  1.67921
 1.82312 -10.5648  1.67964
 1.82356 -10.5603  1.68008
 1.82399 -10.5558  1.68051
 1.82442 -10.5513  1.68094
 1.82486 -10.5468  1.68138
 1.82529 -10.5423  1.68138
 1.82573 -10.5378  1.68181
 1.82616 -10.5333  1.68224
 1.82659 -10.5288  1.68268
 1.82703 -10.5243  1.68311
 1.82746 -10.5198  1.68354
 1.82789 -10.5153  1.68398
 1.82833 -10.5109  1.68441
 1.82876 -10.5064  1.68484
 1.82919 -10.5019  1.68528
 1.82963 -10.4974  1.68528
 1.83006  -10.493  1.68571
 1.83049 -10.4885  1.68615
 1.83093  -10.484  1.68658
 1.83136 -10.4796  1.68701
 1.83179 -10.4751  1.68745
 1.83223 -10.4706  1.68788
 1.83266 -10.4662  1.68831
 1.83309 -10.4617  1.68875
 1.83353 -10.4573  1.68875
 1.83396 -10.4528  1.68918
 1.83439 -10.4484  1.68961
 1.83483  -10.444  1.69005
 1.83526 -10.4395  1.69048
  1.8357 -10.4351  1.69091
 1.83613 -10.4306  1.69135
 1.83656 -10.4262  1.69178
   1.837 -10.4218  1.69221
 1.83743 -10.4174  1.69265
 1.83786 -10.4129  1.69265
  1.8383 -10.4085  1.69308
 1.83873 -10.4041  1.69351
 1.83916 -10.3997  1.69395
  1.8396 -10.3953  1.69438
 1.84003 -10.3909  1.69481
 1.84046 -10.3864  1.69525
  1.8409  -10.382  1.69568
 1.84133 -10.3776  1.69612
 1.84176 -10.3732  1.69655
  1.8422 -10.3688  1.69655
 1.84263 -10.3644  1.69698
 1.84306 -10.3601  1.69742
  1.8435 -10.3557  1.69785
 1.84393 -10.3513  1.69828
 1.84436 -10.3469  1.69872
  1.8448 -10.3425  1.69915
 1.84523 -10.3381  1.69958
 1.84567 -10.3338  1.70002
  1.8461 -10.3294  1.70045
 1.84653  -10.325  1.70045
 1.84697 -10.3206  1.70088
  1.8474 -10.3163  1.70132
 1.84783 -10.3119  1.70175
 1.84827 -10.3075  1.70218
  1.8487 -10.3032  1.70262
 1.84913 -10.2988  1.70305
 1.84957 -10.2945  1.70348
    1.85 -10.2901  1.70392