 kgrid  ValNew  Policy 
    0.55 -53.7985 0.577743
0.550433 -53.7436 0.578176
0.550867 -53.6888  0.57861
  0.5513 -53.6341 0.579043
0.551734 -53.5795 0.579476
0.552167  -53.525 0.579476
0.552601 -53.4706  0.57991
0.553034 -53.4164 0.580343
0.553468 -53.3622 0.580777
0.553901 -53.3081  0.58121
0.554335 -53.2541 0.581644
0.554768 -53.2003 0.582077
0.555202 -53.1465 0.582511
0.555635 -53.0928 0.582511
0.556069 -53.0392 0.582944
0.556502 -52.9857 0.583378
0.556936 -52.9324 0.583811
0.557369 -52.8791 0.584245
0.557803 -52.8259 0.584678
0.558236 -52.7728 0.585112
 0.55867 -52.7198 0.585545
0.559103 -52.6669 0.585545
0.559537 -52.6141 0.585979
 0.55997 -52.5614 0.586412
0.560403 -52.5088 0.586846
0.560837 -52.4563 0.587279
 0.56127 -52.4038 0.587713
0.561704 -52.3515 0.588146
0.562137 -52.2993  0.58858
0.562571 -52.2472  0.58858
0.563004 -52.1951 0.589013
0.563438 -52.1431 0.589446
0.563871 -52.0913  0.58988
0.564305 -52.0395 0.590313
0.564738 -51.9878 0.590747
0.565172 -51.9362  0.59118
0.565605 -51.8847 0.591614
0.566039 -51.8333 0.592047
0.566472  -51.782 0.592047
0.566906 -51.7307 0.592481
0.567339 -51.6796 0.592914
0.567773 -51.6285 0.593348
0.568206 -51.5775 0.593781
 0.56864 -51.5267 0.594215
0.569073 -51.4759 0.594648
0.569507 -51.4252 0.595082
 0.56994 -51.3746 0.595082
0.570373 -51.3241 0.595515
0.570807 -51.2736 0.595949
 0.57124 -51.2232 0.596382
0.571674  -51.173 0.596816
0.572107 -51.1228 0.597249
0.572541 -51.0727 0.597683
0.572974 -51.0227 0.598116
0.573408 -50.9728  0.59855
0.573841  -50.923  0.59855
0.574275 -50.8732 0.598983
0.574708 -50.8235 0.599416
0.575142  -50.774  0.59985
0.575575 -50.7245 0.600283
0.576009  -50.675 0.600717
0.576442 -50.6257  0.60115
0.576876 -50.5765 0.601584
0.577309 -50.5273 0.602017
0.577743 -50.4782 0.602017
0.578176 -50.4292 0.602451
 0.57861 -50.3803 0.602884
0.579043 -50.3314 0.603318
0.579476 -50.2827 0.603751
 0.57991  -50.234 0.604185
0.580343 -50.1854 0.604618
0.580777 -50.1369 0.605052
 0.58121 -50.0884 0.605485
0.581644 -50.0401 0.605919
0.582077 -49.9918 0.605919
0.582511 -49.9435 0.606352
0.582944 -49.8954 0.606786
0.583378 -49.8473 0.607219
0.583811 -49.7993 0.607653
0.584245 -49.7514 0.608086
0.584678 -49.7036  0.60852
0.585112 -49.6559 0.608953
0.585545 -49.6082 0.609386
0.585979 -49.5607 0.609386
0.586412 -49.5131  0.60982
0.586846 -49.4657 0.610253
0.587279 -49.4183 0.610687
0.587713  -49.371  0.61112
0.588146 -49.3238 0.611554
 0.58858 -49.2766 0.611987
0.589013 -49.2296 0.612421
0.589446 -49.1826 0.612854
 0.58988 -49.1357 0.613288
0.590313 -49.0889 0.613288
0.590747 -49.0421 0.613721
 0.59118 -48.9954 0.614155
0.591614 -48.9488 0.614588
0.592047 -48.9022 0.615022
0.592481 -48.8557 0.615455
0.592914 -48.8093 0.615889
0.593348  -48.763 0.616322
0.593781 -48.7168 0.616756
0.594215 -48.6706 0.617189
0.594648 -48.6245 0.617189
0.595082 -48.5785 0.617623
0.595515 -48.5325 0.618056
0.595949 -48.4866 0.618489
0.596382 -48.4408 0.618923
0.596816  -48.395 0.619356
0.597249 -48.3493  0.61979
0.597683 -48.3037 0.620223
0.598116 -48.2582 0.620657
 0.59855 -48.2127  0.62109
0.598983 -48.1673 0.621524
0.599416  -48.122 0.621524
 0.59985 -48.0767 0.621957
0.600283 -48.0315 0.622391
0.600717 -47.9864 0.622824
 0.60115 -47.9413 0.623258
0.601584 -47.8963 0.623691
0.602017 -47.8514 0.624125
0.602451 -47.8066 0.624558
0.602884 -47.7618 0.624992
0.603318 -47.7171 0.625425
0.603751 -47.6724 0.625859
0.604185 -47.6278 0.625859
0.604618 -47.5833 0.626292
0.605052 -47.5388 0.626726
0.605485 -47.4944 0.627159
0.605919 -47.4501 0.627593
0.606352 -47.4059 0.628026
0.606786 -47.3617 0.628459
0.607219 -47.3176 0.628893
0.607653 -47.2735 0.629326
0.608086 -47.2295  0.62976
 0.60852 -47.1856 0.630193
0.608953 -47.1417 0.630627
0.609386 -47.0979 0.630627
 0.60982 -47.0542  0.63106
0.610253 -47.0105 0.631494
0.610687 -46.9669 0.631927
 0.61112 -46.9234 0.632361
0.611554 -46.8799 0.632794
0.611987 -46.8365 0.633228
0.612421 -46.7931 0.633661
0.612854 -46.7498 0.634095
0.613288 -46.7066 0.634528
0.613721 -46.6635 0.634962
0.614155 -46.6204 0.634962
0.614588 -46.5773 0.635395
0.615022 -46.5344 0.635829
0.615455 -46.4915 0.636262
0.615889 -46.4486 0.636696
0.616322 -46.4058 0.637129
0.616756 -46.3631 0.637563
0.617189 -46.3204 0.637996
0.617623 -46.2778 0.638429
0.618056 -46.2353 0.638863
0.618489 -46.1928 0.639296
0.618923 -46.1504  0.63973
0.619356 -46.1081  0.63973
 0.61979 -46.0658 0.640163
0.620223 -46.0236 0.640597
0.620657 -45.9814  0.64103
 0.62109 -45.9393 0.641464
0.621524 -45.8972 0.641897
0.621957 -45.8552 0.642331
0.622391 -45.8133 0.642764
0.622824 -45.7715 0.643198
0.623258 -45.7297 0.643631
0.623691 -45.6879 0.644065
0.624125 -45.6462 0.644498
0.624558 -45.6046 0.644498
0.624992  -45.563 0.644932
0.625425 -45.5215 0.645365
0.625859 -45.4801 0.645799
0.626292 -45.4387 0.646232
0.626726 -45.3973 0.646666
0.627159 -45.3561 0.647099
0.627593 -45.3148 0.647533
0.628026 -45.2737 0.647966
0.628459 -45.2326 0.648399
0.628893 -45.1916 0.648833
0.629326 -45.1506 0.648833
 0.62976 -45.1097 0.649266
0.630193 -45.0688   0.6497
0.630627  -45.028 0.650133
 0.63106 -44.9872 0.650567
0.631494 -44.9465    0.651
0.631927 -44.9059 0.651434
0.632361 -44.8653 0.651867
0.632794 -44.8248 0.652301
0.633228 -44.7844 0.652734
0.633661  -44.744 0.653168
0.634095 -44.7036 0.653601
0.634528 -44.6633 0.653601
0.634962 -44.6231 0.654035
0.635395 -44.5829 0.654468
0.635829 -44.5428 0.654902
0.636262 -44.5027 0.655335
0.636696 -44.4627 0.655769
0.637129 -44.4227 0.656202
0.637563 -44.3828 0.656636
0.637996  -44.343 0.657069
0.638429 -44.3032 0.657503
0.638863 -44.2634 0.657936
0.639296 -44.2238 0.658369
 0.63973 -44.1842 0.658803
0.640163 -44.1446 0.658803
0.640597 -44.1051 0.659236
 0.64103 -44.0656  0.65967
0.641464 -44.0262 0.660103
0.641897 -43.9868 0.660537
0.642331 -43.9475  0.66097
0.642764 -43.9083 0.661404
0.643198 -43.8691 0.661837
0.643631   -43.83 0.662271
0.644065 -43.7909 0.662704
0.644498 -43.7519 0.663138
0.644932 -43.7129 0.663571
0.645365  -43.674 0.663571
0.645799 -43.6351 0.664005
0.646232 -43.5963 0.664438
0.646666 -43.5575 0.664872
0.647099 -43.5188 0.665305
0.647533 -43.4801 0.665739
0.647966 -43.4415 0.666172
0.648399  -43.403 0.666606
0.648833 -43.3645 0.667039
0.649266  -43.326 0.667472
  0.6497 -43.2877 0.667906
0.650133 -43.2493 0.668339
0.650567  -43.211 0.668339
   0.651 -43.1728 0.668773
0.651434 -43.1346 0.669206
0.651867 -43.0965  0.66964
0.652301 -43.0584 0.670073
0.652734 -43.0204 0.670507
0.653168 -42.9824  0.67094
0.653601 -42.9444 0.671374
0.654035 -42.9066 0.671807
0.654468 -42.8688 0.672241
0.654902  -42.831 0.672674
0.655335 -42.7933 0.673108
0.655769 -42.7556 0.673108
0.656202  -42.718 0.673541
0.656636 -42.6804 0.673975
0.657069 -42.6429 0.674408
0.657503 -42.6054 0.674842
0.657936  -42.568 0.675275
0.658369 -42.5306 0.675709
0.658803 -42.4933 0.676142
0.659236  -42.456 0.676576
 0.65967 -42.4188 0.677009
0.660103 -42.3817 0.677442
0.660537 -42.3445 0.677876
 0.66097 -42.3075 0.678309
0.661404 -42.2705 0.678309
0.661837 -42.2335 0.678743
0.662271 -42.1966 0.679176
0.662704 -42.1597  0.67961
0.663138 -42.1228 0.680043
0.663571 -42.0861 0.680477
0.664005 -42.0494  0.68091
0.664438 -42.0127 0.681344
0.664872 -41.9761 0.681777
0.665305 -41.9395 0.682211
0.665739  -41.903 0.682644
0.666172 -41.8665 0.683078
0.666606   -41.83 0.683078
0.667039 -41.7937 0.683511
0.667472 -41.7573 0.683945
0.667906  -41.721 0.684378
0.668339 -41.6848 0.684812
0.668773 -41.6486 0.685245
0.669206 -41.6124 0.685679
 0.66964 -41.5763 0.686112
0.670073 -41.5403 0.686546
0.670507 -41.5043 0.686979
 0.67094 -41.4683 0.687412
0.671374 -41.4324 0.687846
0.671807 -41.3966 0.687846
0.672241 -41.3608 0.688279
0.672674  -41.325 0.688713
0.673108 -41.2893 0.689146
0.673541 -41.2536  0.68958
0.673975  -41.218 0.690013
0.674408 -41.1824 0.690447
0.674842 -41.1469  0.69088
0.675275 -41.1114 0.691314
0.675709 -41.0759 0.691747
0.676142 -41.0405 0.692181
0.676576 -41.0052 0.692614
0.677009 -40.9699 0.693048
0.677442 -40.9347 0.693048
0.677876 -40.8994 0.693481
0.678309 -40.8643 0.693915
0.678743 -40.8291 0.694348
0.679176 -40.7941 0.694782
 0.67961  -40.759 0.695215
0.680043 -40.7241 0.695649
0.680477 -40.6891 0.696082
 0.68091 -40.6542 0.696516
0.681344 -40.6194 0.696949
0.681777 -40.5846 0.697382
0.682211 -40.5499 0.697816
0.682644 -40.5152 0.697816
0.683078 -40.4805 0.698249
0.683511 -40.4459 0.698683
0.683945 -40.4113 0.699116
0.684378 -40.3768  0.69955
0.684812 -40.3423 0.699983
0.685245 -40.3078 0.700417
0.685679 -40.2734  0.70085
0.686112 -40.2391 0.701284
0.686546 -40.2048 0.701717
0.686979 -40.1705 0.702151
0.687412 -40.1363 0.702584
0.687846 -40.1021 0.703018
0.688279  -40.068 0.703018
0.688713 -40.0339 0.703451
0.689146 -39.9999 0.703885
 0.68958 -39.9658 0.704318
0.690013 -39.9319 0.704752
0.690447  -39.898 0.705185
 0.69088 -39.8641 0.705619
0.691314 -39.8303 0.706052
0.691747 -39.7965 0.706485
0.692181 -39.7628 0.706919
0.692614 -39.7291 0.707352
0.693048 -39.6954 0.707786
0.693481 -39.6618 0.707786
0.693915 -39.6282 0.708219
0.694348 -39.5947 0.708653
0.694782 -39.5612 0.709086
0.695215 -39.5278  0.70952
0.695649 -39.4944 0.709953
0.696082  -39.461 0.710387
0.696516 -39.4277  0.71082
0.696949 -39.3944 0.711254
0.697382 -39.3612 0.711687
0.697816  -39.328 0.712121
0.698249 -39.2949 0.712554
0.698683 -39.2618 0.712988
0.699116 -39.2287 0.712988
 0.69955 -39.1957 0.713421
0.699983 -39.1627 0.713855
0.700417 -39.1298 0.714288
 0.70085 -39.0969 0.714722
0.701284 -39.0641 0.715155
0.701717 -39.0312 0.715589
0.702151 -38.9985 0.716022
0.702584 -38.9658 0.716455
0.703018 -38.9331 0.716889
0.703451 -38.9004 0.717322
0.703885 -38.8678 0.717756
0.704318 -38.8353 0.717756
0.704752 -38.8028 0.718189
0.705185 -38.7703 0.718623
0.705619 -38.7378 0.719056
0.706052 -38.7054  0.71949
0.706485 -38.6731 0.719923
0.706919 -38.6407 0.720357
0.707352 -38.6085  0.72079
0.707786 -38.5762 0.721224
0.708219  -38.544 0.721657
0.708653 -38.5119 0.722091
0.709086 -38.4798 0.722524
 0.70952 -38.4477 0.722958
0.709953 -38.4157 0.722958
0.710387 -38.3837 0.723391
 0.71082 -38.3517 0.723825
0.711254 -38.3198 0.724258
0.711687 -38.2879 0.724692
0.712121 -38.2561 0.725125
0.712554 -38.2243 0.725559
0.712988 -38.1925 0.725992
0.713421 -38.1608 0.726425
0.713855 -38.1291 0.726859
0.714288 -38.0975 0.727292
0.714722 -38.0659 0.727726
0.715155 -38.0343 0.727726
0.715589 -38.0028 0.728159
0.716022 -37.9713 0.728593
0.716455 -37.9399 0.729026
0.716889 -37.9085  0.72946
0.717322 -37.8771 0.729893
0.717756 -37.8458 0.730327
0.718189 -37.8145  0.73076
0.718623 -37.7833 0.731194
0.719056  -37.752 0.731627
 0.71949 -37.7209 0.732061
0.719923 -37.6898 0.732494
0.720357 -37.6587 0.732494
 0.72079 -37.6276 0.732928
0.721224 -37.5966 0.733361
0.721657 -37.5656 0.733795
0.722091 -37.5347 0.734228
0.722524 -37.5037 0.734662
0.722958 -37.4729 0.735095
0.723391 -37.4421 0.735529
0.723825 -37.4113 0.735962
0.724258 -37.3805 0.736395
0.724692 -37.3498 0.736829
0.725125 -37.3191 0.737262
0.725559 -37.2885 0.737696
0.725992 -37.2579 0.737696
0.726425 -37.2273 0.738129
0.726859 -37.1968 0.738563
0.727292 -37.1663 0.738996
0.727726 -37.1359  0.73943
0.728159 -37.1054 0.739863
0.728593 -37.0751 0.740297
0.729026 -37.0447  0.74073
 0.72946 -37.0144 0.741164
0.729893 -36.9842 0.741597
0.730327 -36.9539 0.742031
 0.73076 -36.9237 0.742464
0.731194 -36.8936 0.742464
0.731627 -36.8635 0.742898
0.732061 -36.8334 0.743331
0.732494 -36.8033 0.743765
0.732928 -36.7733 0.744198
0.733361 -36.7434 0.744632
0.733795 -36.7134 0.745065
0.734228 -36.6835 0.745498
0.734662 -36.6537 0.745932
0.735095 -36.6238 0.746365
0.735529  -36.594 0.746799
0.735962 -36.5643 0.747232
0.736395 -36.5346 0.747232
0.736829 -36.5049 0.747666
0.737262 -36.4752 0.748099
0.737696 -36.4456 0.748533
0.738129  -36.416 0.748966
0.738563 -36.3865   0.7494
0.738996  -36.357 0.749833
 0.73943 -36.3275 0.750267
0.739863 -36.2981   0.7507
0.740297 -36.2687 0.751134
 0.74073 -36.2393 0.751567
0.741164   -36.21 0.752001
0.741597 -36.1807 0.752434
0.742031 -36.1515 0.752434
0.742464 -36.1223 0.752868
0.742898 -36.0931 0.753301
0.743331 -36.0639 0.753735
0.743765 -36.0348 0.754168
0.744198 -36.0057 0.754602
0.744632 -35.9767 0.755035
0.745065 -35.9477 0.755468
0.745498 -35.9187 0.755902
0.745932 -35.8897 0.756335
0.746365 -35.8608 0.756769
0.746799  -35.832 0.757202
0.747232 -35.8031 0.757202
0.747666 -35.7743 0.757636
0.748099 -35.7456 0.758069
0.748533 -35.7168 0.758503
0.748966 -35.6881 0.758936
  0.7494 -35.6595  0.75937
0.749833 -35.6308 0.759803
0.750267 -35.6022 0.760237
  0.7507 -35.5737  0.76067
0.751134 -35.5451 0.761104
0.751567 -35.5166 0.761537
0.752001 -35.4882 0.761971
0.752434 -35.4598 0.761971
0.752868 -35.4314 0.762404
0.753301  -35.403 0.762838
0.753735 -35.3747 0.763271
0.754168 -35.3464 0.763705
0.754602 -35.3181 0.764138
0.755035 -35.2899 0.764572
0.755468 -35.2617 0.765005
0.755902 -35.2335 0.765438
0.756335 -35.2054 0.765872
0.756769 -35.1773 0.766305
0.757202 -35.1493 0.766739
0.757636 -35.1213 0.766739
0.758069 -35.0933 0.767172
0.758503 -35.0653 0.767606
0.758936 -35.0374 0.768039
 0.75937 -35.0095 0.768473
0.759803 -34.9816 0.768906
0.760237 -34.9538  0.76934
 0.76067  -34.926 0.769773
0.761104 -34.8982 0.770207
0.761537 -34.8705  0.77064
0.761971 -34.8428 0.771074
0.762404 -34.8151 0.771507
0.762838 -34.7875 0.771941
0.763271 -34.7599 0.771941
0.763705 -34.7323 0.772374
0.764138 -34.7048 0.772808
0.764572 -34.6773 0.773241
0.765005 -34.6498 0.773675
0.765438 -34.6224 0.774108
0.765872  -34.595 0.774542
0.766305 -34.5676 0.774975
0.766739 -34.5403 0.775408
0.767172  -34.513 0.775842
0.767606 -34.4857 0.776275
0.768039 -34.4585 0.776709
0.768473 -34.4312 0.776709
0.768906 -34.4041 0.777142
 0.76934 -34.3769 0.777576
0.769773 -34.3498 0.778009
0.770207 -34.3227 0.778443
 0.77064 -34.2956 0.778876
0.771074 -34.2686  0.77931
0.771507 -34.2416 0.779743
0.771941 -34.2147 0.780177
0.772374 -34.1877  0.78061
0.772808 -34.1608 0.781044
0.773241  -34.134 0.781477
0.773675 -34.1072 0.781477
0.774108 -34.0803 0.781911
0.774542 -34.0536 0.782344
0.774975 -34.0268 0.782778
0.775408 -34.0001 0.783211
0.775842 -33.9734 0.783645
0.776275 -33.9468 0.784078
0.776709 -33.9202 0.784512
0.777142 -33.8936 0.784945
0.777576  -33.867 0.785378
0.778009 -33.8405 0.785812
0.778443  -33.814 0.786245
0.778876 -33.7876 0.786245
 0.77931 -33.7611 0.786679
0.779743 -33.7347 0.787112
0.780177 -33.7083 0.787546
 0.78061  -33.682 0.787979
0.781044 -33.6557 0.788413
0.781477 -33.6294 0.788846
0.781911 -33.6031  0.78928
0.782344 -33.5769 0.789713
0.782778 -33.5507 0.790147
0.783211 -33.5246  0.79058
0.783645 -33.4985 0.791014
0.784078 -33.4724 0.791014
0.784512 -33.4463 0.791447
0.784945 -33.4202 0.791881
0.785378 -33.3942 0.792314
0.785812 -33.3682 0.792748
0.786245 -33.3423 0.793181
0.786679 -33.3164 0.793615
0.787112 -33.2905 0.794048
0.787546 -33.2646 0.794481
0.787979 -33.2388 0.794915
0.788413  -33.213 0.795348
0.788846 -33.1872 0.795782
 0.78928 -33.1615 0.795782
0.789713 -33.1358 0.796215
0.790147 -33.1101 0.796649
 0.79058 -33.0844 0.797082
0.791014 -33.0588 0.797516
0.791447 -33.0332 0.797949
0.791881 -33.0076 0.798383
0.792314 -32.9821 0.798816
0.792748 -32.9566  0.79925
0.793181 -32.9311 0.799683
0.793615 -32.9057 0.800117
0.794048 -32.8802  0.80055
0.794481 -32.8549  0.80055
0.794915 -32.8295 0.800984
0.795348 -32.8041 0.801417
0.795782 -32.7788 0.801851
0.796215 -32.7536 0.802284
0.796649 -32.7283 0.802718
0.797082 -32.7031 0.803151
0.797516 -32.6779 0.803585
0.797949 -32.6527 0.804018
0.798383 -32.6276 0.804451
0.798816 -32.6025 0.804885
 0.79925 -32.5774 0.805318
0.799683 -32.5524 0.805752
0.800117 -32.5274 0.805752
 0.80055 -32.5024 0.806185
0.800984 -32.4774 0.806619
0.801417 -32.4524 0.807052
0.801851 -32.4275 0.807486
0.802284 -32.4027 0.807919
0.802718 -32.3778 0.808353
0.803151  -32.353 0.808786
0.803585 -32.3282  0.80922
0.804018 -32.3034 0.809653
0.804451 -32.2787 0.810087
0.804885  -32.254 0.810087
0.805318 -32.2293  0.81052
0.805752 -32.2046 0.810954
0.806185   -32.18 0.811387
0.806619 -32.1554 0.811821
0.807052 -32.1308 0.812254
0.807486 -32.1063 0.812688
0.807919 -32.0818 0.813121
0.808353 -32.0573 0.813555
0.808786 -32.0328 0.813988
 0.80922 -32.0084 0.814421
0.809653  -31.984 0.814855
0.810087 -31.9596 0.814855
 0.81052 -31.9352 0.815288
0.810954 -31.9109 0.815722
0.811387 -31.8866 0.816155
0.811821 -31.8623 0.816589
0.812254 -31.8381 0.817022
0.812688 -31.8139 0.817456
0.813121 -31.7897 0.817889
0.813555 -31.7655 0.818323
0.813988 -31.7414 0.818756
0.814421 -31.7173  0.81919
0.814855 -31.6932 0.819623
0.815288 -31.6692 0.819623
0.815722 -31.6451 0.820057
0.816155 -31.6211  0.82049
0.816589 -31.5971 0.820924
0.817022 -31.5732 0.821357
0.817456 -31.5493 0.821791
0.817889 -31.5254 0.822224
0.818323 -31.5015 0.822658
0.818756 -31.4777 0.823091
 0.81919 -31.4538 0.823525
0.819623 -31.4301 0.823958
0.820057 -31.4063 0.824391
 0.82049 -31.3826 0.824391
0.820924 -31.3588 0.824825
0.821357 -31.3352 0.825258
0.821791 -31.3115 0.825692
0.822224 -31.2879 0.826125
0.822658 -31.2643 0.826559
0.823091 -31.2407 0.826992
0.823525 -31.2171 0.827426
0.823958 -31.1936 0.827859
0.824391 -31.1701 0.828293
0.824825 -31.1466 0.828726
0.825258 -31.1232  0.82916
0.825692 -31.0998  0.82916
0.826125 -31.0764 0.829593
0.826559  -31.053 0.830027
0.826992 -31.0296  0.83046
0.827426 -31.0063 0.830894
0.827859  -30.983 0.831327
0.828293 -30.9598 0.831761
0.828726 -30.9365 0.832194
 0.82916 -30.9133 0.832628
0.829593 -30.8901 0.833061
0.830027 -30.8669 0.833494
 0.83046 -30.8438 0.833928
0.830894 -30.8207 0.833928
0.831327 -30.7976 0.834361
0.831761 -30.7745 0.834795
0.832194 -30.7515 0.835228
0.832628 -30.7285 0.835662
0.833061 -30.7055 0.836095
0.833494 -30.6825 0.836529
0.833928 -30.6596 0.836962
0.834361 -30.6367 0.837396
0.834795 -30.6138 0.837829
0.835228 -30.5909 0.838263
0.835662 -30.5681 0.838696
0.836095 -30.5453 0.838696
0.836529 -30.5225  0.83913
0.836962 -30.4997 0.839563
0.837396  -30.477 0.839997
0.837829 -30.4542  0.84043
0.838263 -30.4316 0.840864
0.838696 -30.4089 0.841297
 0.83913 -30.3863 0.841731
0.839563 -30.3636 0.842164
0.839997 -30.3411 0.842598
 0.84043 -30.3185 0.843031
0.840864 -30.2959 0.843464
0.841297 -30.2734 0.843464
0.841731 -30.2509 0.843898
0.842164 -30.2285 0.844331
0.842598  -30.206 0.844765
0.843031 -30.1836 0.845198
0.843464 -30.1612 0.845632
0.843898 -30.1388 0.846065
0.844331 -30.1165 0.846499
0.844765 -30.0942 0.846932
0.845198 -30.0719 0.847366
0.845632 -30.0496 0.847799
0.846065 -30.0273 0.848233
0.846499 -30.0051 0.848233
0.846932 -29.9829 0.848666
0.847366 -29.9607   0.8491
0.847799 -29.9386 0.849533
0.848233 -29.9165 0.849967
0.848666 -29.8943   0.8504
  0.8491 -29.8723 0.850834
0.849533 -29.8502 0.851267
0.849967 -29.8282 0.851701
  0.8504 -29.8062 0.852134
0.850834 -29.7842 0.852568
0.851267 -29.7622 0.852568
0.851701 -29.7403 0.853001
0.852134 -29.7184 0.853434
0.852568 -29.6965 0.853868
0.853001 -29.6746 0.854301
0.853434 -29.6528 0.854735
0.853868 -29.6309 0.855168
0.854301 -29.6091 0.855602
0.854735 -29.5874 0.856035
0.855168 -29.5656 0.856469
0.855602 -29.5439 0.856902
0.856035 -29.5222 0.857336
0.856469 -29.5005 0.857336
0.856902 -29.4788 0.857769
0.857336 -29.4572 0.858203
0.857769 -29.4356 0.858636
0.858203  -29.414  0.85907
0.858636 -29.3924 0.859503
 0.85907 -29.3709 0.859937
0.859503 -29.3494  0.86037
0.859937 -29.3279 0.860804
 0.86037 -29.3064 0.861237
0.860804  -29.285 0.861671
0.861237 -29.2635 0.862104
0.861671 -29.2421 0.862104
0.862104 -29.2207 0.862538
0.862538 -29.1994 0.862971
0.862971  -29.178 0.863404
0.863404 -29.1567 0.863838
0.863838 -29.1354 0.864271
0.864271 -29.1142 0.864705
0.864705 -29.0929 0.865138
0.865138 -29.0717 0.865572
0.865572 -29.0505 0.866005
0.866005 -29.0293 0.866439
0.866439 -29.0082 0.866872
0.866872  -28.987 0.866872
0.867306 -28.9659 0.867306
0.867739 -28.9448 0.867739
0.868173 -28.9238 0.868173
0.868606 -28.9027 0.868606
 0.86904 -28.8817  0.86904
0.869473 -28.8607 0.869473
0.869907 -28.8397 0.869907
 0.87034 -28.8188  0.87034
0.870774 -28.7978 0.870774
0.871207 -28.7769 0.871207
0.871641 -28.7561 0.871207
0.872074 -28.7352 0.871641
0.872508 -28.7143 0.872074
0.872941 -28.6935 0.872508
0.873374 -28.6727 0.872941
0.873808 -28.6519 0.873374
0.874241 -28.6312 0.873808
0.874675 -28.6104 0.874241
0.875108 -28.5897 0.874675
0.875542 -28.5691 0.875108
0.875975 -28.5484 0.875542
0.876409 -28.5277 0.875975
0.876842 -28.5071 0.875975
0.877276 -28.4865 0.876409
0.877709 -28.4659 0.876842
0.878143 -28.4454 0.877276
0.878576 -28.4248 0.877709
 0.87901 -28.4043 0.878143
0.879443 -28.3838 0.878576
0.879877 -28.3633  0.87901
 0.88031 -28.3429 0.879443
0.880744 -28.3225 0.879877
0.881177 -28.3021  0.88031
0.881611 -28.2817 0.880744
0.882044 -28.2613 0.880744
0.882477  -28.241 0.881177
0.882911 -28.2206 0.881611
0.883344 -28.2003 0.882044
0.883778   -28.18 0.882477
0.884211 -28.1598 0.882911
0.884645 -28.1395 0.883344
0.885078 -28.1193 0.883778
0.885512 -28.0991 0.884211
0.885945  -28.079 0.884645
0.886379 -28.0588 0.885078
0.886812 -28.0387 0.885078
0.887246 -28.0186 0.885512
0.887679 -27.9985 0.885945
0.888113 -27.9784 0.886379
0.888546 -27.9584 0.886812
 0.88898 -27.9383 0.887246
0.889413 -27.9183 0.887679
0.889847 -27.8983 0.888113
 0.89028 -27.8784 0.888546
0.890714 -27.8584  0.88898
0.891147 -27.8385 0.889413
0.891581 -27.8186 0.889847
0.892014 -27.7987 0.889847
0.892447 -27.7789  0.89028
0.892881  -27.759 0.890714
0.893314 -27.7392 0.891147
0.893748 -27.7194 0.891581
0.894181 -27.6996 0.892014
0.894615 -27.6798 0.892447
0.895048 -27.6601 0.892881
0.895482 -27.6404 0.893314
0.895915 -27.6207 0.893748
0.896349  -27.601 0.894181
0.896782 -27.5814 0.894615
0.897216 -27.5617 0.894615
0.897649 -27.5421 0.895048
0.898083 -27.5225 0.895482
0.898516 -27.5029 0.895915
 0.89895 -27.4834 0.896349
0.899383 -27.4638 0.896782
0.899817 -27.4443 0.897216
 0.90025 -27.4248 0.897649
0.900684 -27.4054 0.898083
0.901117 -27.3859 0.898516
0.901551 -27.3665  0.89895
0.901984 -27.3471  0.89895
0.902417 -27.3277 0.899383
0.902851 -27.3083 0.899817
0.903284 -27.2889  0.90025
0.903718 -27.2696 0.900684
0.904151 -27.2503 0.901117
0.904585  -27.231 0.901551
0.905018 -27.2117 0.901984
0.905452 -27.1924 0.902417
0.905885 -27.1732 0.902851
0.906319  -27.154 0.903284
0.906752 -27.1348 0.903718
0.907186 -27.1156 0.903718
0.907619 -27.0965 0.904151
0.908053 -27.0773 0.904585
0.908486 -27.0582 0.905018
 0.90892 -27.0391 0.905452
0.909353   -27.02 0.905885
0.909787  -27.001 0.906319
 0.91022 -26.9819 0.906752
0.910654 -26.9629 0.907186
0.911087 -26.9439 0.907619
0.911521 -26.9249 0.908053
0.911954  -26.906 0.908053
0.912387  -26.887 0.908486
0.912821 -26.8681  0.90892
0.913254 -26.8492 0.909353
0.913688 -26.8303 0.909787
0.914121 -26.8114  0.91022
0.914555 -26.7926 0.910654
0.914988 -26.7738 0.911087
0.915422  -26.755 0.911521
0.915855 -26.7362 0.911954
0.916289 -26.7174 0.912387
0.916722 -26.6987 0.912821
0.917156 -26.6799 0.912821
0.917589 -26.6612 0.913254
0.918023 -26.6425 0.913688
0.918456 -26.6238 0.914121
 0.91889 -26.6052 0.914555
0.919323 -26.5866 0.914988
0.919757 -26.5679 0.915422
 0.92019 -26.5493 0.915855
0.920624 -26.5308 0.916289
0.921057 -26.5122 0.916722
 0.92149 -26.4937 0.917156
0.921924 -26.4751 0.917156
0.922357 -26.4566 0.917589
0.922791 -26.4381 0.918023
0.923224 -26.4197 0.918456
0.923658 -26.4012  0.91889
0.924091 -26.3828 0.919323
0.924525 -26.3644 0.919757
0.924958  -26.346  0.92019
0.925392 -26.3276 0.920624
0.925825 -26.3093 0.921057
0.926259 -26.2909  0.92149
0.926692 -26.2726 0.921924
0.927126 -26.2543 0.921924
0.927559  -26.236 0.922357
0.927993 -26.2178 0.922791
0.928426 -26.1995 0.923224
 0.92886 -26.1813 0.923658
0.929293 -26.1631 0.924091
0.929727 -26.1449 0.924525
 0.93016 -26.1267 0.924958
0.930594 -26.1086 0.925392
0.931027 -26.0904 0.925825
 0.93146 -26.0723 0.926259
0.931894 -26.0542 0.926259
0.932327 -26.0361 0.926692
0.932761 -26.0181 0.927126
0.933194      -26 0.927559
0.933628  -25.982 0.927993
0.934061  -25.964 0.928426
0.934495  -25.946  0.92886
0.934928  -25.928 0.929293
0.935362 -25.9101 0.929727
0.935795 -25.8922  0.93016
0.936229 -25.8742 0.930594
0.936662 -25.8563 0.931027
0.937096 -25.8385 0.931027
0.937529 -25.8206  0.93146
0.937963 -25.8027 0.931894
0.938396 -25.7849 0.932327
 0.93883 -25.7671 0.932761
0.939263 -25.7493 0.933194
0.939697 -25.7315 0.933628
 0.94013 -25.7138 0.934061
0.940564  -25.696 0.934495
0.940997 -25.6783 0.934928
 0.94143 -25.6606 0.935362
0.941864 -25.6429 0.935362
0.942297 -25.6253 0.935795
0.942731 -25.6076 0.936229
0.943164   -25.59 0.936662
0.943598 -25.5724 0.937096
0.944031 -25.5548 0.937529
0.944465 -25.5372 0.937963
0.944898 -25.5196 0.938396
0.945332 -25.5021  0.93883
0.945765 -25.4845 0.939263
0.946199  -25.467 0.939697
0.946632 -25.4495 0.939697
0.947066 -25.4321  0.94013
0.947499 -25.4146 0.940564
0.947933 -25.3972 0.940997
0.948366 -25.3797  0.94143
  0.9488 -25.3623 0.941864
0.949233 -25.3449 0.942297
0.949667 -25.3276 0.942731
  0.9501 -25.3102 0.943164
0.950534 -25.2929 0.943598
0.950967 -25.2756 0.944031
  0.9514 -25.2583 0.944465
0.951834  -25.241 0.944465
0.952267 -25.2237 0.944898
0.952701 -25.2064 0.945332
0.953134 -25.1892 0.945765
0.953568  -25.172 0.946199
0.954001 -25.1548 0.946632
0.954435 -25.1376 0.947066
0.954868 -25.1204 0.947499
0.955302 -25.1033 0.947933
0.955735 -25.0861 0.948366
0.956169  -25.069   0.9488
0.956602 -25.0519   0.9488
0.957036 -25.0348 0.949233
0.957469 -25.0178 0.949667
0.957903 -25.0007   0.9501
0.958336 -24.9837 0.950534
 0.95877 -24.9667 0.950967
0.959203 -24.9497   0.9514
0.959637 -24.9327 0.951834
 0.96007 -24.9157 0.952267
0.960504 -24.8988 0.952701
0.960937 -24.8818 0.953134
 0.96137 -24.8649 0.953134
0.961804  -24.848 0.953568
0.962237 -24.8311 0.954001
0.962671 -24.8143 0.954435
0.963104 -24.7974 0.954868
0.963538 -24.7806 0.955302
0.963971 -24.7638 0.955735
0.964405  -24.747 0.956169
0.964838 -24.7302 0.956602
0.965272 -24.7134 0.957036
0.965705 -24.6967 0.957469
0.966139 -24.6799 0.957903
0.966572 -24.6632 0.957903
0.967006 -24.6465 0.958336
0.967439 -24.6298  0.95877
0.967873 -24.6132 0.959203
0.968306 -24.5965 0.959637
 0.96874 -24.5799  0.96007
0.969173 -24.5632 0.960504
0.969607 -24.5466 0.960937
 0.97004   -24.53  0.96137
0.970473 -24.5135 0.961804
0.970907 -24.4969 0.962237
 0.97134 -24.4804 0.962237
0.971774 -24.4639 0.962671
0.972207 -24.4473 0.963104
0.972641 -24.4309 0.963538
0.973074 -24.4144 0.963971
0.973508 -24.3979 0.964405
0.973941 -24.3815 0.964838
0.974375  -24.365 0.965272
0.974808 -24.3486 0.965705
0.975242 -24.3322 0.966139
0.975675 -24.3159 0.966572
0.976109 -24.2995 0.966572
0.976542 -24.2831 0.967006
0.976976 -24.2668 0.967439
0.977409 -24.2505 0.967873
0.977843 -24.2342 0.968306
0.978276 -24.2179  0.96874
 0.97871 -24.2016 0.969173
0.979143 -24.1854 0.969607
0.979577 -24.1691  0.97004
 0.98001 -24.1529 0.970473
0.980443 -24.1367 0.970907
0.980877 -24.1205 0.970907
 0.98131 -24.1044  0.97134
0.981744 -24.0882 0.971774
0.982177  -24.072 0.972207
0.982611 -24.0559 0.972641
0.983044 -24.0398 0.973074
0.983478 -24.0237 0.973508
0.983911 -24.0076 0.973941
0.984345 -23.9916 0.974375
0.984778 -23.9755 0.974808
0.985212 -23.9595 0.975242
0.985645 -23.9435 0.975675
0.986079 -23.9274 0.975675
0.986512 -23.9115 0.976109
0.986946 -23.8955 0.976542
0.987379 -23.8795 0.976976
0.987813 -23.8636 0.977409
0.988246 -23.8476 0.977843
 0.98868 -23.8317 0.978276
0.989113 -23.8158  0.97871
0.989547    -23.8 0.979143
 0.98998 -23.7841 0.979577
0.990413 -23.7682  0.98001
0.990847 -23.7524  0.98001
 0.99128 -23.7366 0.980443
0.991714 -23.7208 0.980877
0.992147  -23.705  0.98131
0.992581 -23.6892 0.981744
0.993014 -23.6734 0.982177
0.993448 -23.6577 0.982611
0.993881  -23.642 0.983044
0.994315 -23.6262 0.983478
0.994748 -23.6105 0.983911
0.995182 -23.5949 0.984345
0.995615 -23.5792 0.984345
0.996049 -23.5635 0.984778
0.996482 -23.5479 0.985212
0.996916 -23.5323 0.985645
0.997349 -23.5167 0.986079
0.997783 -23.5011 0.986512
0.998216 -23.4855 0.986946
 0.99865 -23.4699 0.987379
0.999083 -23.4544 0.987813
0.999517 -23.4388 0.988246
 0.99995 -23.4233  0.98868
 1.00038 -23.4078  0.98868
 1.00082 -23.3923 0.989113
 1.00125 -23.3768 0.989547
 1.00168 -23.3614  0.98998
 1.00212 -23.3459 0.990413
 1.00255 -23.3305 0.990847
 1.00298 -23.3151  0.99128
 1.00342 -23.2997 0.991714
 1.00385 -23.2843 0.992147
 1.00428 -23.2689 0.992581
 1.00472 -23.2535 0.993014
 1.00515 -23.2382 0.993448
 1.00559 -23.2229 0.993448
 1.00602 -23.2075 0.993881
 1.00645 -23.1922 0.994315
 1.00689 -23.1769 0.994748
 1.00732 -23.1617 0.995182
 1.00775 -23.1464 0.995615
 1.00819 -23.1312 0.996049
 1.00862 -23.1159 0.996482
 1.00905 -23.1007 0.996916
 1.00949 -23.0855 0.997349
 1.00992 -23.0703 0.997783
 1.01035 -23.0552 0.997783
 1.01079   -23.04 0.998216
 1.01122 -23.0249  0.99865
 1.01165 -23.0097 0.999083
 1.01209 -22.9946 0.999517
 1.01252 -22.9795  0.99995
 1.01295 -22.9644  1.00038
 1.01339 -22.9493  1.00082
 1.01382 -22.9343  1.00125
 1.01425 -22.9192  1.00168
 1.01469 -22.9042  1.00212
 1.01512 -22.8892  1.00212
 1.01556 -22.8742  1.00255
 1.01599 -22.8592  1.00298
 1.01642 -22.8442  1.00342
 1.01686 -22.8293  1.00385
 1.01729 -22.8143  1.00428
 1.01772 -22.7994  1.00472
 1.01816 -22.7845  1.00515
 1.01859 -22.7696  1.00559
 1.01902 -22.7547  1.00602
 1.01946 -22.7398  1.00645
 1.01989  -22.725  1.00645
 1.02032 -22.7101  1.00689
 1.02076 -22.6953  1.00732
 1.02119 -22.6804  1.00775
 1.02162 -22.6656  1.00819
 1.02206 -22.6508  1.00862
 1.02249 -22.6361  1.00905
 1.02292 -22.6213  1.00949
 1.02336 -22.6066  1.00992
 1.02379 -22.5918  1.01035
 1.02422 -22.5771  1.01079
 1.02466 -22.5624  1.01079
 1.02509 -22.5477  1.01122
 1.02553  -22.533  1.01165
 1.02596 -22.5183  1.01209
 1.02639 -22.5037  1.01252
 1.02683  -22.489  1.01295
 1.02726 -22.4744  1.01339
 1.02769 -22.4598  1.01382
 1.02813 -22.4452  1.01425
 1.02856 -22.4306  1.01469
 1.02899  -22.416  1.01512
 1.02943 -22.4015  1.01512
 1.02986 -22.3869  1.01556
 1.03029 -22.3724  1.01599
 1.03073 -22.3579  1.01642
 1.03116 -22.3434  1.01686
 1.03159 -22.3289  1.01729
 1.03203 -22.3144  1.01772
 1.03246 -22.2999  1.01816
 1.03289 -22.2855  1.01859
 1.03333 -22.2711  1.01902
 1.03376 -22.2566  1.01946
 1.03419 -22.2422  1.01946
 1.03463 -22.2278  1.01989
 1.03506 -22.2134  1.02032
  1.0355 -22.1991  1.02076
 1.03593 -22.1847  1.02119
 1.03636 -22.1704  1.02162
  1.0368  -22.156  1.02206
 1.03723 -22.1417  1.02249
 1.03766 -22.1274  1.02292
  1.0381 -22.1131  1.02336
 1.03853 -22.0988  1.02379
 1.03896 -22.0846  1.02379
  1.0394 -22.0703  1.02422
 1.03983 -22.0561  1.02466
 1.04026 -22.0419  1.02509
  1.0407 -22.0276  1.02553
 1.04113 -22.0134  1.02596
 1.04156 -21.9993  1.02639
   1.042 -21.9851  1.02683
 1.04243 -21.9709  1.02726
 1.04286 -21.9568  1.02769
  1.0433 -21.9427  1.02813
 1.04373 -21.9285  1.02813
 1.04416 -21.9144  1.02856
  1.0446 -21.9003  1.02899
 1.04503 -21.8862  1.02943
 1.04547 -21.8722  1.02986
  1.0459 -21.8581  1.03029
 1.04633 -21.8441  1.03073
 1.04677   -21.83  1.03116
  1.0472  -21.816  1.03159
 1.04763  -21.802  1.03203
 1.04807  -21.788  1.03246
  1.0485 -21.7741  1.03246
 1.04893 -21.7601  1.03289
 1.04937 -21.7461  1.03333
  1.0498 -21.7322  1.03376
 1.05023 -21.7183  1.03419
 1.05067 -21.7043  1.03463
  1.0511 -21.6904  1.03506
 1.05153 -21.6766   1.0355
 1.05197 -21.6627  1.03593
  1.0524 -21.6488  1.03636
 1.05283  -21.635   1.0368
 1.05327 -21.6211  1.03723
  1.0537 -21.6073  1.03723
 1.05413 -21.5935  1.03766
 1.05457 -21.5797   1.0381
   1.055 -21.5659  1.03853
 1.05544 -21.5521  1.03896
 1.05587 -21.5384   1.0394
  1.0563 -21.5246  1.03983
 1.05674 -21.5109  1.04026
 1.05717 -21.4971   1.0407
  1.0576 -21.4834  1.04113
 1.05804 -21.4697  1.04113
 1.05847 -21.4561  1.04156
  1.0589 -21.4424    1.042
 1.05934 -21.4287  1.04243
 1.05977 -21.4151  1.04286
  1.0602 -21.4014   1.0433
 1.06064 -21.3878  1.04373
 1.06107 -21.3742  1.04416
  1.0615 -21.3606   1.0446
 1.06194  -21.347  1.04503
 1.06237 -21.3334  1.04547
  1.0628 -21.3199   1.0459
 1.06324 -21.3063   1.0459
 1.06367 -21.2928  1.04633
  1.0641 -21.2792  1.04677
 1.06454 -21.2657   1.0472
 1.06497 -21.2522  1.04763
 1.06541 -21.2387  1.04807
 1.06584 -21.2252   1.0485
 1.06627 -21.2118  1.04893
 1.06671 -21.1983  1.04937
 1.06714 -21.1849   1.0498
 1.06757 -21.1715  1.05023
 1.06801  -21.158  1.05023
 1.06844 -21.1446  1.05067
 1.06887 -21.1312   1.0511
 1.06931 -21.1179  1.05153
 1.06974 -21.1045  1.05197
 1.07017 -21.0911   1.0524
 1.07061 -21.0778  1.05283
 1.07104 -21.0645  1.05327
 1.07147 -21.0511   1.0537
 1.07191 -21.0378  1.05413
 1.07234 -21.0245  1.05413
 1.07277 -21.0113  1.05457
 1.07321  -20.998    1.055
 1.07364 -20.9847  1.05544
 1.07407 -20.9715  1.05587
 1.07451 -20.9582   1.0563
 1.07494  -20.945  1.05674
 1.07538 -20.9318  1.05717
 1.07581 -20.9186   1.0576
 1.07624 -20.9054  1.05804
 1.07668 -20.8922  1.05847
 1.07711 -20.8791  1.05847
 1.07754 -20.8659   1.0589
 1.07798 -20.8528  1.05934
 1.07841 -20.8396  1.05977
 1.07884 -20.8265   1.0602
 1.07928 -20.8134  1.06064
 1.07971 -20.8003  1.06107
 1.08014 -20.7872   1.0615
 1.08058 -20.7742  1.06194
 1.08101 -20.7611  1.06237
 1.08144 -20.7481   1.0628
 1.08188  -20.735   1.0628
 1.08231  -20.722  1.06324
 1.08274  -20.709  1.06367
 1.08318  -20.696   1.0641
 1.08361  -20.683  1.06454
 1.08404   -20.67  1.06497
 1.08448 -20.6571  1.06541
 1.08491 -20.6441  1.06584
 1.08535 -20.6312  1.06627
 1.08578 -20.6182  1.06671
 1.08621 -20.6053  1.06714
 1.08665 -20.5924  1.06714
 1.08708 -20.5795  1.06757
 1.08751 -20.5666  1.06801
 1.08795 -20.5538  1.06844
 1.08838 -20.5409  1.06887
 1.08881  -20.528  1.06931
 1.08925 -20.5152  1.06974
 1.08968 -20.5024  1.07017
 1.09011 -20.4896  1.07061
 1.09055 -20.4768  1.07104
 1.09098  -20.464  1.07147
 1.09141 -20.4512  1.07147
 1.09185 -20.4384  1.07191
 1.09228 -20.4257  1.07234
 1.09271 -20.4129  1.07277
 1.09315 -20.4002  1.07321
 1.09358 -20.3874  1.07364
 1.09401 -20.3747  1.07407
 1.09445  -20.362  1.07451
 1.09488 -20.3493  1.07494
 1.09532 -20.3367  1.07538
 1.09575  -20.324  1.07581
 1.09618 -20.3113  1.07581
 1.09662 -20.2987  1.07624
 1.09705 -20.2861  1.07668
 1.09748 -20.2734  1.07711
 1.09792 -20.2608  1.07754
 1.09835 -20.2482  1.07798
 1.09878 -20.2356  1.07841
 1.09922  -20.223  1.07884
 1.09965 -20.2105  1.07928
 1.10008 -20.1979  1.07971
 1.10052 -20.1854  1.08014
 1.10095 -20.1728  1.08014
 1.10138 -20.1603  1.08058
 1.10182 -20.1478  1.08101
 1.10225 -20.1353  1.08144
 1.10268 -20.1228  1.08188
 1.10312 -20.1103  1.08231
 1.10355 -20.0979  1.08274
 1.10398 -20.0854  1.08318
 1.10442  -20.073  1.08361
 1.10485 -20.0605  1.08404
 1.10529 -20.0481  1.08448
 1.10572 -20.0357  1.08448
 1.10615 -20.0233  1.08491
 1.10659 -20.0109  1.08535
 1.10702 -19.9985  1.08578
 1.10745 -19.9861  1.08621
 1.10789 -19.9738  1.08665
 1.10832 -19.9614  1.08708
 1.10875 -19.9491  1.08751
 1.10919 -19.9368  1.08795
 1.10962 -19.9245  1.08838
 1.11005 -19.9122  1.08881
 1.11049 -19.8999  1.08881
 1.11092 -19.8876  1.08925
 1.11135 -19.8753  1.08968
 1.11179  -19.863  1.09011
 1.11222 -19.8508  1.09055
 1.11265 -19.8386  1.09098
 1.11309 -19.8263  1.09141
 1.11352 -19.8141  1.09185
 1.11395 -19.8019  1.09228
 1.11439 -19.7897  1.09271
 1.11482 -19.7775  1.09315
 1.11526 -19.7653  1.09315
 1.11569 -19.7532  1.09358
 1.11612  -19.741  1.09401
 1.11656 -19.7289  1.09445
 1.11699 -19.7167  1.09488
 1.11742 -19.7046  1.09532
 1.11786 -19.6925  1.09575
 1.11829 -19.6804  1.09618
 1.11872 -19.6683  1.09662
 1.11916 -19.6562  1.09705
 1.11959 -19.6442  1.09748
 1.12002 -19.6321  1.09748
 1.12046 -19.6201  1.09792
 1.12089  -19.608  1.09835
 1.12132  -19.596  1.09878
 1.12176  -19.584  1.09922
 1.12219  -19.572  1.09965
 1.12262   -19.56  1.10008
 1.12306  -19.548  1.10052
 1.12349  -19.536  1.10095
 1.12392 -19.5241  1.10138
 1.12436 -19.5121  1.10138
 1.12479 -19.5002  1.10182
 1.12523 -19.4882  1.10225
 1.12566 -19.4763  1.10268
 1.12609 -19.4644  1.10312
 1.12653 -19.4525  1.10355
 1.12696 -19.4406  1.10398
 1.12739 -19.4287  1.10442
 1.12783 -19.4168  1.10485
 1.12826  -19.405  1.10529
 1.12869 -19.3931  1.10572
 1.12913 -19.3813  1.10572
 1.12956 -19.3695  1.10615
 1.12999 -19.3576  1.10659
 1.13043 -19.3458  1.10702
 1.13086  -19.334  1.10745
 1.13129 -19.3222  1.10789
 1.13173 -19.3105  1.10832
 1.13216 -19.2987  1.10875
 1.13259 -19.2869  1.10919
 1.13303 -19.2752  1.10962
 1.13346 -19.2634  1.11005
 1.13389 -19.2517  1.11005
 1.13433   -19.24  1.11049
 1.13476 -19.2283  1.11092
  1.1352 -19.2166  1.11135
 1.13563 -19.2049  1.11179
 1.13606 -19.1932  1.11222
  1.1365 -19.1816  1.11265
 1.13693 -19.1699  1.11309
 1.13736 -19.1583  1.11352
  1.1378 -19.1466  1.11395
 1.13823  -19.135  1.11439
 1.13866 -19.1234  1.11439
  1.1391 -19.1118  1.11482
 1.13953 -19.1002  1.11526
 1.13996 -19.0886  1.11569
  1.1404  -19.077  1.11612
 1.14083 -19.0654  1.11656
 1.14126 -19.0539  1.11699
  1.1417 -19.0423  1.11742
 1.14213 -19.0308  1.11786
 1.14256 -19.0193  1.11829
   1.143 -19.0078  1.11829
 1.14343 -18.9962  1.11872
 1.14386 -18.9847  1.11916
  1.1443 -18.9733  1.11959
 1.14473 -18.9618  1.12002
 1.14517 -18.9503  1.12046
  1.1456 -18.9388  1.12089
 1.14603 -18.9274  1.12132
 1.14647  -18.916  1.12176
  1.1469 -18.9045  1.12219
 1.14733 -18.8931  1.12262
 1.14777 -18.8817  1.12262
  1.1482 -18.8703  1.12306
 1.14863 -18.8589  1.12349
 1.14907 -18.8475  1.12392
  1.1495 -18.8362  1.12436
 1.14993 -18.8248  1.12479
 1.15037 -18.8134  1.12523
  1.1508 -18.8021  1.12566
 1.15123 -18.7908  1.12609
 1.15167 -18.7795  1.12653
  1.1521 -18.7681  1.12696
 1.15253 -18.7568  1.12696
 1.15297 -18.7456  1.12739
  1.1534 -18.7343  1.12783
 1.15383  -18.723  1.12826
 1.15427 -18.7117  1.12869
  1.1547 -18.7005  1.12913
 1.15514 -18.6892  1.12956
 1.15557  -18.678  1.12999
   1.156 -18.6668  1.13043
 1.15644 -18.6556  1.13086
 1.15687 -18.6443  1.13129
  1.1573 -18.6332  1.13129
 1.15774  -18.622  1.13173
 1.15817 -18.6108  1.13216
  1.1586 -18.5996  1.13259
 1.15904 -18.5885  1.13303
 1.15947 -18.5773  1.13346
  1.1599 -18.5662  1.13389
 1.16034  -18.555  1.13433
 1.16077 -18.5439  1.13476
  1.1612 -18.5328   1.1352
 1.16164 -18.5217  1.13563
 1.16207 -18.5106  1.13563
  1.1625 -18.4995  1.13606
 1.16294 -18.4885   1.1365
 1.16337 -18.4774  1.13693
  1.1638 -18.4663  1.13736
 1.16424 -18.4553   1.1378
 1.16467 -18.4442  1.13823
 1.16511 -18.4332  1.13866
 1.16554 -18.4222   1.1391
 1.16597 -18.4112  1.13953
 1.16641 -18.4002  1.13953
 1.16684 -18.3892  1.13996
 1.16727 -18.3782   1.1404
 1.16771 -18.3673  1.14083
 1.16814 -18.3563  1.14126
 1.16857 -18.3453   1.1417
 1.16901 -18.3344  1.14213
 1.16944 -18.3235  1.14256
 1.16987 -18.3125    1.143
 1.17031 -18.3016  1.14343
 1.17074 -18.2907  1.14386
 1.17117 -18.2798  1.14386
 1.17161 -18.2689   1.1443
 1.17204 -18.2581  1.14473
 1.17247 -18.2472  1.14517
 1.17291 -18.2363   1.1456
 1.17334 -18.2255  1.14603
 1.17377 -18.2146  1.14647
 1.17421 -18.2038   1.1469
 1.17464  -18.193  1.14733
 1.17508 -18.1822  1.14777
 1.17551 -18.1714   1.1482
 1.17594 -18.1606   1.1482
 1.17638 -18.1498  1.14863
 1.17681  -18.139  1.14907
 1.17724 -18.1282   1.1495
 1.17768 -18.1175  1.14993
 1.17811 -18.1067  1.15037
 1.17854  -18.096   1.1508
 1.17898 -18.0852  1.15123
 1.17941 -18.0745  1.15167
 1.17984 -18.0638   1.1521
 1.18028 -18.0531   1.1521
 1.18071 -18.0424  1.15253
 1.18114 -18.0317  1.15297
 1.18158  -18.021   1.1534
 1.18201 -18.0104  1.15383
 1.18244 -17.9997  1.15427
 1.18288  -17.989   1.1547
 1.18331 -17.9784  1.15514
 1.18374 -17.9678  1.15557
 1.18418 -17.9571    1.156
 1.18461 -17.9465  1.15644
 1.18505 -17.9359  1.15644
 1.18548 -17.9253  1.15687
 1.18591 -17.9147   1.1573
 1.18635 -17.9041  1.15774
 1.18678 -17.8936  1.15817
 1.18721  -17.883   1.1586
 1.18765 -17.8724  1.15904
 1.18808 -17.8619  1.15947
 1.18851 -17.8514   1.1599
 1.18895 -17.8408  1.16034
 1.18938 -17.8303  1.16077
 1.18981 -17.8198  1.16077
 1.19025 -17.8093   1.1612
 1.19068 -17.7988  1.16164
 1.19111 -17.7883  1.16207
 1.19155 -17.7778   1.1625
 1.19198 -17.7674  1.16294
 1.19241 -17.7569  1.16337
 1.19285 -17.7465   1.1638
 1.19328  -17.736  1.16424
 1.19371 -17.7256  1.16467
 1.19415 -17.7152  1.16511
 1.19458 -17.7048  1.16511
 1.19502 -17.6944  1.16554
 1.19545  -17.684  1.16597
 1.19588 -17.6736  1.16641
 1.19632 -17.6632  1.16684
 1.19675 -17.6528  1.16727
 1.19718 -17.6425  1.16771
 1.19762 -17.6321  1.16814
 1.19805 -17.6218  1.16857
 1.19848 -17.6114  1.16901
 1.19892 -17.6011  1.16901
 1.19935 -17.5908  1.16944
 1.19978 -17.5805  1.16987
 1.20022 -17.5701  1.17031
 1.20065 -17.5599  1.17074
 1.20108 -17.5496  1.17117
 1.20152 -17.5393  1.17161
 1.20195  -17.529  1.17204
 1.20238 -17.5188  1.17247
 1.20282 -17.5085  1.17291
 1.20325 -17.4983  1.17334
 1.20368  -17.488  1.17334
 1.20412 -17.4778  1.17377
 1.20455 -17.4676  1.17421
 1.20498 -17.4574  1.17464
 1.20542 -17.4472  1.17508
 1.20585  -17.437  1.17551
 1.20629 -17.4268  1.17594
 1.20672 -17.4166  1.17638
 1.20715 -17.4065  1.17681
 1.20759 -17.3963  1.17724
 1.20802 -17.3861  1.17724
 1.20845  -17.376  1.17768
 1.20889 -17.3659  1.17811
 1.20932 -17.3557  1.17854
 1.20975 -17.3456  1.17898
 1.21019 -17.3355  1.17941
 1.21062 -17.3254  1.17984
 1.21105 -17.3153  1.18028
 1.21149 -17.3052  1.18071
 1.21192 -17.2952  1.18114
 1.21235 -17.2851  1.18158
 1.21279  -17.275  1.18158
 1.21322  -17.265  1.18201
 1.21365 -17.2549  1.18244
 1.21409 -17.2449  1.18288
 1.21452 -17.2349  1.18331
 1.21495 -17.2249  1.18374
 1.21539 -17.2148  1.18418
 1.21582 -17.2048  1.18461
 1.21626 -17.1948  1.18505
 1.21669 -17.1849  1.18548
 1.21712 -17.1749  1.18591
 1.21756 -17.1649  1.18591
 1.21799  -17.155  1.18635
 1.21842  -17.145  1.18678
 1.21886 -17.1351  1.18721
 1.21929 -17.1251  1.18765
 1.21972 -17.1152  1.18808
 1.22016 -17.1053  1.18851
 1.22059 -17.0954  1.18895
 1.22102 -17.0855  1.18938
 1.22146 -17.0756  1.18981
 1.22189 -17.0657  1.18981
 1.22232 -17.0558  1.19025
 1.22276 -17.0459  1.19068
 1.22319 -17.0361  1.19111
 1.22362 -17.0262  1.19155
 1.22406 -17.0163  1.19198
 1.22449 -17.0065  1.19241
 1.22492 -16.9967  1.19285
 1.22536 -16.9869  1.19328
 1.22579  -16.977  1.19371
 1.22623 -16.9672  1.19415
 1.22666 -16.9574  1.19415
 1.22709 -16.9476  1.19458
 1.22753 -16.9379  1.19502
 1.22796 -16.9281  1.19545
 1.22839 -16.9183  1.19588
 1.22883 -16.9086  1.19632
 1.22926 -16.8988  1.19675
 1.22969 -16.8891  1.19718
 1.23013 -16.8793  1.19762
 1.23056 -16.8696  1.19805
 1.23099 -16.8599  1.19848
 1.23143 -16.8502  1.19848
 1.23186 -16.8405  1.19892
 1.23229 -16.8308  1.19935
 1.23273 -16.8211  1.19978
 1.23316 -16.8114  1.20022
 1.23359 -16.8017  1.20065
 1.23403 -16.7921  1.20108
 1.23446 -16.7824  1.20152
 1.23489 -16.7728  1.20195
 1.23533 -16.7631  1.20238
 1.23576 -16.7535  1.20238
  1.2362 -16.7439  1.20282
 1.23663 -16.7342  1.20325
 1.23706 -16.7246  1.20368
  1.2375  -16.715  1.20412
 1.23793 -16.7054  1.20455
 1.23836 -16.6958  1.20498
  1.2388 -16.6863  1.20542
 1.23923 -16.6767  1.20585
 1.23966 -16.6671  1.20629
  1.2401 -16.6576  1.20672
 1.24053  -16.648  1.20672
 1.24096 -16.6385  1.20715
  1.2414 -16.6289  1.20759
 1.24183 -16.6194  1.20802
 1.24226 -16.6099  1.20845
  1.2427 -16.6004  1.20889
 1.24313 -16.5909  1.20932
 1.24356 -16.5814  1.20975
   1.244 -16.5719  1.21019
 1.24443 -16.5624  1.21062
 1.24486  -16.553  1.21062
  1.2453 -16.5435  1.21105
 1.24573  -16.534  1.21149
 1.24617 -16.5246  1.21192
  1.2466 -16.5151  1.21235
 1.24703 -16.5057  1.21279
 1.24747 -16.4963  1.21322
  1.2479 -16.4869  1.21365
 1.24833 -16.4775  1.21409
 1.24877 -16.4681  1.21452
  1.2492 -16.4587  1.21495
 1.24963 -16.4493  1.21495
 1.25007 -16.4399  1.21539
  1.2505 -16.4305  1.21582
 1.25093 -16.4212  1.21626
 1.25137 -16.4118  1.21669
  1.2518 -16.4024  1.21712
 1.25223 -16.3931  1.21756
 1.25267 -16.3838  1.21799
  1.2531 -16.3744  1.21842
 1.25353 -16.3651  1.21886
 1.25397 -16.3558  1.21886
  1.2544 -16.3465  1.21929
 1.25483 -16.3372  1.21972
 1.25527 -16.3279  1.22016
  1.2557 -16.3186  1.22059
 1.25614 -16.3093  1.22102
 1.25657 -16.3001  1.22146
   1.257 -16.2908  1.22189
 1.25744 -16.2816  1.22232
 1.25787 -16.2723  1.22276
  1.2583 -16.2631  1.22319
 1.25874 -16.2539  1.22319
 1.25917 -16.2446  1.22362
  1.2596 -16.2354  1.22406
 1.26004 -16.2262  1.22449
 1.26047  -16.217  1.22492
  1.2609 -16.2078  1.22536
 1.26134 -16.1986  1.22579
 1.26177 -16.1894  1.22623
  1.2622 -16.1803  1.22666
 1.26264 -16.1711  1.22709
 1.26307 -16.1619  1.22709
  1.2635 -16.1528  1.22753
 1.26394 -16.1436  1.22796
 1.26437 -16.1345  1.22839
  1.2648 -16.1254  1.22883
 1.26524 -16.1163  1.22926
 1.26567 -16.1071  1.22969
 1.26611  -16.098  1.23013
 1.26654 -16.0889  1.23056
 1.26697 -16.0798  1.23099
 1.26741 -16.0708  1.23143
 1.26784 -16.0617  1.23143
 1.26827 -16.0526  1.23186
 1.26871 -16.0436  1.23229
 1.26914 -16.0345  1.23273
 1.26957 -16.0254  1.23316
 1.27001 -16.0164  1.23359
 1.27044 -16.0074  1.23403
 1.27087 -15.9983  1.23446
 1.27131 -15.9893  1.23489
 1.27174 -15.9803  1.23533
 1.27217 -15.9713  1.23533
 1.27261 -15.9623  1.23576
 1.27304 -15.9533   1.2362
 1.27347 -15.9443  1.23663
 1.27391 -15.9353  1.23706
 1.27434 -15.9264   1.2375
 1.27477 -15.9174  1.23793
 1.27521 -15.9085  1.23836
 1.27564 -15.8995   1.2388
 1.27608 -15.8906  1.23923
 1.27651 -15.8816  1.23966
 1.27694 -15.8727  1.23966
 1.27738 -15.8638   1.2401
 1.27781 -15.8549  1.24053
 1.27824  -15.846  1.24096
 1.27868 -15.8371   1.2414
 1.27911 -15.8282  1.24183
 1.27954 -15.8193  1.24226
 1.27998 -15.8104   1.2427
 1.28041 -15.8015  1.24313
 1.28084 -15.7927  1.24356
 1.28128 -15.7838  1.24356
 1.28171  -15.775    1.244
 1.28214 -15.7661  1.24443
 1.28258 -15.7573  1.24486
 1.28301 -15.7484   1.2453
 1.28344 -15.7396  1.24573
 1.28388 -15.7308  1.24617
 1.28431  -15.722   1.2466
 1.28474 -15.7132  1.24703
 1.28518 -15.7044  1.24747
 1.28561 -15.6956   1.2479
 1.28605 -15.6868   1.2479
 1.28648 -15.6781  1.24833
 1.28691 -15.6693  1.24877
 1.28735 -15.6605   1.2492
 1.28778 -15.6518  1.24963
 1.28821  -15.643  1.25007
 1.28865 -15.6343   1.2505
 1.28908 -15.6255  1.25093
 1.28951 -15.6168  1.25137
 1.28995 -15.6081   1.2518
 1.29038 -15.5994   1.2518
 1.29081 -15.5907  1.25223
 1.29125  -15.582  1.25267
 1.29168 -15.5733   1.2531
 1.29211 -15.5646  1.25353
 1.29255 -15.5559  1.25397
 1.29298 -15.5473   1.2544
 1.29341 -15.5386  1.25483
 1.29385 -15.5299  1.25527
 1.29428 -15.5213   1.2557
 1.29471 -15.5126  1.25614
 1.29515  -15.504  1.25614
 1.29558 -15.4954  1.25657
 1.29602 -15.4867    1.257
 1.29645 -15.4781  1.25744
 1.29688 -15.4695  1.25787
 1.29732 -15.4609   1.2583
 1.29775 -15.4523  1.25874
 1.29818 -15.4437  1.25917
 1.29862 -15.4351   1.2596
 1.29905 -15.4266  1.26004
 1.29948  -15.418  1.26004
 1.29992 -15.4094  1.26047
 1.30035 -15.4009   1.2609
 1.30078 -15.3923  1.26134
 1.30122 -15.3838  1.26177
 1.30165 -15.3752   1.2622
 1.30208 -15.3667  1.26264
 1.30252 -15.3582  1.26307
 1.30295 -15.3497   1.2635
 1.30338 -15.3411  1.26394
 1.30382 -15.3326  1.26437
 1.30425 -15.3241  1.26437
 1.30468 -15.3157   1.2648
 1.30512 -15.3072  1.26524
 1.30555 -15.2987  1.26567
 1.30599 -15.2902  1.26611
 1.30642 -15.2818  1.26654
 1.30685 -15.2733  1.26697
 1.30729 -15.2648  1.26741
 1.30772 -15.2564  1.26784
 1.30815  -15.248  1.26827
 1.30859 -15.2395  1.26827
 1.30902 -15.2311  1.26871
 1.30945 -15.2227  1.26914
 1.30989 -15.2143  1.26957
 1.31032 -15.2059  1.27001
 1.31075 -15.1975  1.27044
 1.31119 -15.1891  1.27087
 1.31162 -15.1807  1.27131
 1.31205 -15.1723  1.27174
 1.31249 -15.1639  1.27217
 1.31292 -15.1556  1.27261
 1.31335 -15.1472  1.27261
 1.31379 -15.1389  1.27304
 1.31422 -15.1305  1.27347
 1.31465 -15.1222  1.27391
 1.31509 -15.1138  1.27434
 1.31552 -15.1055  1.27477
 1.31596 -15.0972  1.27521
 1.31639 -15.0889  1.27564
 1.31682 -15.0806  1.27608
 1.31726 -15.0723  1.27651
 1.31769  -15.064  1.27651
 1.31812 -15.0557  1.27694
 1.31856 -15.0474  1.27738
 1.31899 -15.0391  1.27781
 1.31942 -15.0308  1.27824
 1.31986 -15.0226  1.27868
 1.32029 -15.0143  1.27911
 1.32072 -15.0061  1.27954
 1.32116 -14.9978  1.27998
 1.32159 -14.9896  1.28041
 1.32202 -14.9814  1.28041
 1.32246 -14.9731  1.28084
 1.32289 -14.9649  1.28128
 1.32332 -14.9567  1.28171
 1.32376 -14.9485  1.28214
 1.32419 -14.9403  1.28258
 1.32462 -14.9321  1.28301
 1.32506 -14.9239  1.28344
 1.32549 -14.9157  1.28388
 1.32593 -14.9075  1.28431
 1.32636 -14.8994  1.28474
 1.32679 -14.8912  1.28474
 1.32723 -14.8831  1.28518
 1.32766 -14.8749  1.28561
 1.32809 -14.8668  1.28605
 1.32853 -14.8586  1.28648
 1.32896 -14.8505  1.28691
 1.32939 -14.8424  1.28735
 1.32983 -14.8342  1.28778
 1.33026 -14.8261  1.28821
 1.33069  -14.818  1.28865
 1.33113 -14.8099  1.28865
 1.33156 -14.8018  1.28908
 1.33199 -14.7937  1.28951
 1.33243 -14.7857  1.28995
 1.33286 -14.7776  1.29038
 1.33329 -14.7695  1.29081
 1.33373 -14.7615  1.29125
 1.33416 -14.7534  1.29168
 1.33459 -14.7453  1.29211
 1.33503 -14.7373  1.29255
 1.33546 -14.7293  1.29298
  1.3359 -14.7212  1.29298
 1.33633 -14.7132  1.29341
 1.33676 -14.7052  1.29385
  1.3372 -14.6972  1.29428
 1.33763 -14.6892  1.29471
 1.33806 -14.6812  1.29515
  1.3385 -14.6732  1.29558
 1.33893 -14.6652  1.29602
 1.33936 -14.6572  1.29645
  1.3398 -14.6492  1.29688
 1.34023 -14.6412  1.29688
 1.34066 -14.6333  1.29732
  1.3411 -14.6253  1.29775
 1.34153 -14.6174  1.29818
 1.34196 -14.6094  1.29862
  1.3424 -14.6015  1.29905
 1.34283 -14.5935  1.29948
 1.34326 -14.5856  1.29992
  1.3437 -14.5777  1.30035
 1.34413 -14.5698  1.30078
 1.34456 -14.5619  1.30078
   1.345  -14.554  1.30122
 1.34543 -14.5461  1.30165
 1.34587 -14.5382  1.30208
  1.3463 -14.5303  1.30252
 1.34673 -14.5224  1.30295
 1.34717 -14.5145  1.30338
  1.3476 -14.5066  1.30382
 1.34803 -14.4988  1.30425
 1.34847 -14.4909  1.30468
  1.3489 -14.4831  1.30512
 1.34933 -14.4752  1.30512
 1.34977 -14.4674  1.30555
  1.3502 -14.4596  1.30599
 1.35063 -14.4517  1.30642
 1.35107 -14.4439  1.30685
  1.3515 -14.4361  1.30729
 1.35193 -14.4283  1.30772
 1.35237 -14.4205  1.30815
  1.3528 -14.4127  1.30859
 1.35323 -14.4049  1.30902
 1.35367 -14.3971  1.30902
  1.3541 -14.3893  1.30945
 1.35453 -14.3815  1.30989
 1.35497 -14.3738  1.31032
  1.3554  -14.366  1.31075
 1.35584 -14.3583  1.31119
 1.35627 -14.3505  1.31162
  1.3567 -14.3428  1.31205
 1.35714  -14.335  1.31249
 1.35757 -14.3273  1.31292
   1.358 -14.3196  1.31292
 1.35844 -14.3118  1.31335
 1.35887 -14.3041  1.31379
  1.3593 -14.2964  1.31422
 1.35974 -14.2887  1.31465
 1.36017  -14.281  1.31509
  1.3606 -14.2733  1.31552
 1.36104 -14.2656  1.31596
 1.36147  -14.258  1.31639
  1.3619 -14.2503  1.31682
 1.36234 -14.2426  1.31726
 1.36277 -14.2349  1.31726
  1.3632 -14.2273  1.31769
 1.36364 -14.2196  1.31812
 1.36407  -14.212  1.31856
  1.3645 -14.2043  1.31899
 1.36494 -14.1967  1.31942
 1.36537 -14.1891  1.31986
 1.36581 -14.1815  1.32029
 1.36624 -14.1738  1.32072
 1.36667 -14.1662  1.32116
 1.36711 -14.1586  1.32116
 1.36754  -14.151  1.32159
 1.36797 -14.1434  1.32202
 1.36841 -14.1358  1.32246
 1.36884 -14.1283  1.32289
 1.36927 -14.1207  1.32332
 1.36971 -14.1131  1.32376
 1.37014 -14.1055  1.32419
 1.37057  -14.098  1.32462
 1.37101 -14.0904  1.32506
 1.37144 -14.0829  1.32506
 1.37187 -14.0753  1.32549
 1.37231 -14.0678  1.32593
 1.37274 -14.0603  1.32636
 1.37317 -14.0527  1.32679
 1.37361 -14.0452  1.32723
 1.37404 -14.0377  1.32766
 1.37447 -14.0302  1.32809
 1.37491 -14.0227  1.32853
 1.37534 -14.0152  1.32896
 1.37578 -14.0077  1.32939
 1.37621 -14.0002  1.32939
 1.37664 -13.9927  1.32983
 1.37708 -13.9852  1.33026
 1.37751 -13.9778  1.33069
 1.37794 -13.9703  1.33113
 1.37838 -13.9628  1.33156
 1.37881 -13.9554  1.33199
 1.37924 -13.9479  1.33243
 1.37968 -13.9405  1.33286
 1.38011 -13.9331  1.33329
 1.38054 -13.9256  1.33329
 1.38098 -13.9182  1.33373
 1.38141 -13.9108  1.33416
 1.38184 -13.9034  1.33459
 1.38228  -13.896  1.33503
 1.38271 -13.8886  1.33546
 1.38314 -13.8812   1.3359
 1.38358 -13.8738  1.33633
 1.38401 -13.8664  1.33676
 1.38444  -13.859   1.3372
 1.38488 -13.8516   1.3372
 1.38531 -13.8442  1.33763
 1.38575 -13.8369  1.33806
 1.38618 -13.8295   1.3385
 1.38661 -13.8222  1.33893
 1.38705 -13.8148  1.33936
 1.38748 -13.8075   1.3398
 1.38791 -13.8001  1.34023
 1.38835 -13.7928  1.34066
 1.38878 -13.7855   1.3411
 1.38921 -13.7782  1.34153
 1.38965 -13.7708  1.34153
 1.39008 -13.7635  1.34196
 1.39051 -13.7562   1.3424
 1.39095 -13.7489  1.34283
 1.39138 -13.7416  1.34326
 1.39181 -13.7343   1.3437
 1.39225  -13.727  1.34413
 1.39268 -13.7198  1.34456
 1.39311 -13.7125    1.345
 1.39355 -13.7052  1.34543
 1.39398  -13.698  1.34543
 1.39441 -13.6907  1.34587
 1.39485 -13.6835   1.3463
 1.39528 -13.6762  1.34673
 1.39572  -13.669  1.34717
 1.39615 -13.6617   1.3476
 1.39658 -13.6545  1.34803
 1.39702 -13.6473  1.34847
 1.39745 -13.6401   1.3489
 1.39788 -13.6328  1.34933
 1.39832 -13.6256  1.34933
 1.39875 -13.6184  1.34977
 1.39918 -13.6112   1.3502
 1.39962  -13.604  1.35063
 1.40005 -13.5968  1.35107
 1.40048 -13.5897   1.3515
 1.40092 -13.5825  1.35193
 1.40135 -13.5753  1.35237
 1.40178 -13.5682   1.3528
 1.40222  -13.561  1.35323
 1.40265 -13.5538  1.35367
 1.40308 -13.5467  1.35367
 1.40352 -13.5395   1.3541
 1.40395 -13.5324  1.35453
 1.40438 -13.5253  1.35497
 1.40482 -13.5181   1.3554
 1.40525  -13.511  1.35584
 1.40569 -13.5039  1.35627
 1.40612 -13.4968   1.3567
 1.40655 -13.4897  1.35714
 1.40699 -13.4826  1.35757
 1.40742 -13.4755  1.35757
 1.40785 -13.4684    1.358
 1.40829 -13.4613  1.35844
 1.40872 -13.4542  1.35887
 1.40915 -13.4471   1.3593
 1.40959   -13.44  1.35974
 1.41002  -13.433  1.36017
 1.41045 -13.4259   1.3606
 1.41089 -13.4189  1.36104
 1.41132 -13.4118  1.36147
 1.41175 -13.4048  1.36147
 1.41219 -13.3977   1.3619
 1.41262 -13.3907  1.36234
 1.41305 -13.3837  1.36277
 1.41349 -13.3766   1.3632
 1.41392 -13.3696  1.36364
 1.41435 -13.3626  1.36407
 1.41479 -13.3556   1.3645
 1.41522 -13.3486  1.36494
 1.41566 -13.3416  1.36537
 1.41609 -13.3346  1.36581
 1.41652 -13.3276  1.36581
 1.41696 -13.3206  1.36624
 1.41739 -13.3136  1.36667
 1.41782 -13.3066  1.36711
 1.41826 -13.2997  1.36754
 1.41869 -13.2927  1.36797
 1.41912 -13.2858  1.36841
 1.41956 -13.2788  1.36884
 1.41999 -13.2719  1.36927
 1.42042 -13.2649  1.36971
 1.42086  -13.258  1.36971
 1.42129  -13.251  1.37014
 1.42172 -13.2441  1.37057
 1.42216 -13.2372  1.37101
 1.42259 -13.2303  1.37144
 1.42302 -13.2233  1.37187
 1.42346 -13.2164  1.37231
 1.42389 -13.2095  1.37274
 1.42432 -13.2026  1.37317
 1.42476 -13.1957  1.37361
 1.42519 -13.1889  1.37361
 1.42563  -13.182  1.37404
 1.42606 -13.1751  1.37447
 1.42649 -13.1682  1.37491
 1.42693 -13.1613  1.37534
 1.42736 -13.1545  1.37578
 1.42779 -13.1476  1.37621
 1.42823 -13.1408  1.37664
 1.42866 -13.1339  1.37708
 1.42909 -13.1271  1.37751
 1.42953 -13.1202  1.37751
 1.42996 -13.1134  1.37794
 1.43039 -13.1066  1.37838
 1.43083 -13.0997  1.37881
 1.43126 -13.0929  1.37924
 1.43169 -13.0861  1.37968
 1.43213 -13.0793  1.38011
 1.43256 -13.0725  1.38054
 1.43299 -13.0657  1.38098
 1.43343 -13.0589  1.38141
 1.43386 -13.0521  1.38141
 1.43429 -13.0453  1.38184
 1.43473 -13.0386  1.38228
 1.43516 -13.0318  1.38271
  1.4356  -13.025  1.38314
 1.43603 -13.0182  1.38358
 1.43646 -13.0115  1.38401
  1.4369 -13.0047  1.38444
 1.43733  -12.998  1.38488
 1.43776 -12.9912  1.38531
  1.4382 -12.9845  1.38531
 1.43863 -12.9778  1.38575
 1.43906  -12.971  1.38618
  1.4395 -12.9643  1.38661
 1.43993 -12.9576  1.38705
 1.44036 -12.9509  1.38748
  1.4408 -12.9441  1.38791
 1.44123 -12.9374  1.38835
 1.44166 -12.9307  1.38878
  1.4421  -12.924  1.38921
 1.44253 -12.9174  1.38965
 1.44296 -12.9107  1.38965
  1.4434  -12.904  1.39008
 1.44383 -12.8973  1.39051
 1.44426 -12.8906  1.39095
  1.4447  -12.884  1.39138
 1.44513 -12.8773  1.39181
 1.44557 -12.8706  1.39225
   1.446  -12.864  1.39268
 1.44643 -12.8573  1.39311
 1.44687 -12.8507  1.39355
  1.4473 -12.8441  1.39355
 1.44773 -12.8374  1.39398
 1.44817 -12.8308  1.39441
  1.4486 -12.8242  1.39485
 1.44903 -12.8175  1.39528
 1.44947 -12.8109  1.39572
  1.4499 -12.8043  1.39615
 1.45033 -12.7977  1.39658
 1.45077 -12.7911  1.39702
  1.4512 -12.7845  1.39745
 1.45163 -12.7779  1.39745
 1.45207 -12.7713  1.39788
  1.4525 -12.7648  1.39832
 1.45293 -12.7582  1.39875
 1.45337 -12.7516  1.39918
  1.4538  -12.745  1.39962
 1.45423 -12.7385  1.40005
 1.45467 -12.7319  1.40048
  1.4551 -12.7254  1.40092
 1.45554 -12.7188  1.40135
 1.45597 -12.7123  1.40135
  1.4564 -12.7057  1.40178
 1.45684 -12.6992  1.40222
 1.45727 -12.6927  1.40265
  1.4577 -12.6861  1.40308
 1.45814 -12.6796  1.40352
 1.45857 -12.6731  1.40395
   1.459 -12.6666  1.40438
 1.45944 -12.6601  1.40482
 1.45987 -12.6536  1.40525
  1.4603 -12.6471  1.40569
 1.46074 -12.6406  1.40569
 1.46117 -12.6341  1.40612
  1.4616 -12.6276  1.40655
 1.46204 -12.6211  1.40699
 1.46247 -12.6147  1.40742
  1.4629 -12.6082  1.40785
 1.46334 -12.6017  1.40829
 1.46377 -12.5953  1.40872
  1.4642 -12.5888  1.40915
 1.46464 -12.5824  1.40959
 1.46507 -12.5759  1.40959
 1.46551 -12.5695  1.41002
 1.46594  -12.563  1.41045
 1.46637 -12.5566  1.41089
 1.46681 -12.5502  1.41132
 1.46724 -12.5437  1.41175
 1.46767 -12.5373  1.41219
 1.46811 -12.5309  1.41262
 1.46854 -12.5245  1.41305
 1.46897 -12.5181  1.41349
 1.46941 -12.5117  1.41349
 1.46984 -12.5053  1.41392
 1.47027 -12.4989  1.41435
 1.47071 -12.4925  1.41479
 1.47114 -12.4861  1.41522
 1.47157 -12.4797  1.41566
 1.47201 -12.4734  1.41609
 1.47244  -12.467  1.41652
 1.47287 -12.4606  1.41696
 1.47331 -12.4543  1.41739
 1.47374 -12.4479  1.41739
 1.47417 -12.4416  1.41782
 1.47461 -12.4352  1.41826
 1.47504 -12.4289  1.41869
 1.47548 -12.4225  1.41912
 1.47591 -12.4162  1.41956
 1.47634 -12.4099  1.41999
 1.47678 -12.4035  1.42042
 1.47721 -12.3972  1.42086
 1.47764 -12.3909  1.42129
 1.47808 -12.3846  1.42129
 1.47851 -12.3783  1.42172
 1.47894  -12.372  1.42216
 1.47938 -12.3657  1.42259
 1.47981 -12.3594  1.42302
 1.48024 -12.3531  1.42346
 1.48068 -12.3468  1.42389
 1.48111 -12.3405  1.42432
 1.48154 -12.3343  1.42476
 1.48198  -12.328  1.42519
 1.48241 -12.3217  1.42563
 1.48284 -12.3155  1.42563
 1.48328 -12.3092  1.42606
 1.48371  -12.303  1.42649
 1.48414 -12.2967  1.42693
 1.48458 -12.2905  1.42736
 1.48501 -12.2842  1.42779
 1.48545  -12.278  1.42823
 1.48588 -12.2718  1.42866
 1.48631 -12.2655  1.42909
 1.48675 -12.2593  1.42953
 1.48718 -12.2531  1.42953
 1.48761 -12.2469  1.42996
 1.48805 -12.2407  1.43039
 1.48848 -12.2345  1.43083
 1.48891 -12.2283  1.43126
 1.48935 -12.2221  1.43169
 1.48978 -12.2159  1.43213
 1.49021 -12.2097  1.43256
 1.49065 -12.2035  1.43299
 1.49108 -12.1973  1.43343
 1.49151 -12.1911  1.43343
 1.49195  -12.185  1.43386
 1.49238 -12.1788  1.43429
 1.49281 -12.1726  1.43473
 1.49325 -12.1665  1.43516
 1.49368 -12.1603   1.4356
 1.49411 -12.1542  1.43603
 1.49455  -12.148  1.43646
 1.49498 -12.1419   1.4369
 1.49542 -12.1358  1.43733
 1.49585 -12.1296  1.43733
 1.49628 -12.1235  1.43776
 1.49672 -12.1174   1.4382
 1.49715 -12.1113  1.43863
 1.49758 -12.1052  1.43906
 1.49802  -12.099   1.4395
 1.49845 -12.0929  1.43993
 1.49888 -12.0868  1.44036
 1.49932 -12.0807   1.4408
 1.49975 -12.0746  1.44123
 1.50018 -12.0686  1.44123
 1.50062 -12.0625  1.44166
 1.50105 -12.0564   1.4421
 1.50148 -12.0503  1.44253
 1.50192 -12.0442  1.44296
 1.50235 -12.0382   1.4434
 1.50278 -12.0321  1.44383
 1.50322 -12.0261  1.44426
 1.50365   -12.02   1.4447
 1.50408 -12.0139  1.44513
 1.50452 -12.0079  1.44513
 1.50495 -12.0019  1.44557
 1.50539 -11.9958    1.446
 1.50582 -11.9898  1.44643
 1.50625 -11.9838  1.44687
 1.50669 -11.9777   1.4473
 1.50712 -11.9717  1.44773
 1.50755 -11.9657  1.44817
 1.50799 -11.9597   1.4486
 1.50842 -11.9537  1.44903
 1.50885 -11.9477  1.44903
 1.50929 -11.9417  1.44947
 1.50972 -11.9357   1.4499
 1.51015 -11.9297  1.45033
 1.51059 -11.9237  1.45077
 1.51102 -11.9177   1.4512
 1.51145 -11.9117  1.45163
 1.51189 -11.9058  1.45207
 1.51232 -11.8998   1.4525
 1.51275 -11.8938  1.45293
 1.51319 -11.8879  1.45293
 1.51362 -11.8819  1.45337
 1.51405 -11.8759   1.4538
 1.51449   -11.87  1.45423
 1.51492  -11.864  1.45467
 1.51536 -11.8581   1.4551
 1.51579 -11.8522  1.45554
 1.51622 -11.8462  1.45597
 1.51666 -11.8403   1.4564
 1.51709 -11.8344  1.45684
 1.51752 -11.8285  1.45684
 1.51796 -11.8225  1.45727
 1.51839 -11.8166   1.4577
 1.51882 -11.8107  1.45814
 1.51926 -11.8048  1.45857
 1.51969 -11.7989    1.459
 1.52012  -11.793  1.45944
 1.52056 -11.7871  1.45987
 1.52099 -11.7812   1.4603
 1.52142 -11.7754  1.46074
 1.52186 -11.7695  1.46117
 1.52229 -11.7636  1.46117
 1.52272 -11.7577   1.4616
 1.52316 -11.7519  1.46204
 1.52359  -11.746  1.46247
 1.52402 -11.7401   1.4629
 1.52446 -11.7343  1.46334
 1.52489 -11.7284  1.46377
 1.52533 -11.7226   1.4642
 1.52576 -11.7167  1.46464
 1.52619 -11.7109  1.46507
 1.52663 -11.7051  1.46507
 1.52706 -11.6992  1.46551
 1.52749 -11.6934  1.46594
 1.52793 -11.6876  1.46637
 1.52836 -11.6818  1.46681
 1.52879 -11.6759  1.46724
 1.52923 -11.6701  1.46767
 1.52966 -11.6643  1.46811
 1.53009 -11.6585  1.46854
 1.53053 -11.6527  1.46897
 1.53096 -11.6469  1.46897
 1.53139 -11.6411  1.46941
 1.53183 -11.6353  1.46984
 1.53226 -11.6296  1.47027
 1.53269 -11.6238  1.47071
 1.53313  -11.618  1.47114
 1.53356 -11.6122  1.47157
 1.53399 -11.6065  1.47201
 1.53443 -11.6007  1.47244
 1.53486 -11.5949  1.47287
  1.5353 -11.5892  1.47287
 1.53573 -11.5834  1.47331
 1.53616 -11.5777  1.47374
  1.5366 -11.5719  1.47417
 1.53703 -11.5662  1.47461
 1.53746 -11.5605  1.47504
  1.5379 -11.5547  1.47548
 1.53833  -11.549  1.47591
 1.53876 -11.5433  1.47634
  1.5392 -11.5376  1.47678
 1.53963 -11.5318  1.47678
 1.54006 -11.5261  1.47721
  1.5405 -11.5204  1.47764
 1.54093 -11.5147  1.47808
 1.54136  -11.509  1.47851
  1.5418 -11.5033  1.47894
 1.54223 -11.4976  1.47938
 1.54266 -11.4919  1.47981
  1.5431 -11.4863  1.48024
 1.54353 -11.4806  1.48068
 1.54396 -11.4749  1.48068
  1.5444 -11.4692  1.48111
 1.54483 -11.4636  1.48154
 1.54527 -11.4579  1.48198
  1.5457 -11.4522  1.48241
 1.54613 -11.4466  1.48284
 1.54657 -11.4409  1.48328
   1.547 -11.4353  1.48371
 1.54743 -11.4296  1.48414
 1.54787  -11.424  1.48458
  1.5483 -11.4183  1.48458
 1.54873 -11.4127  1.48501
 1.54917 -11.4071  1.48545
  1.5496 -11.4014  1.48588
 1.55003 -11.3958  1.48631
 1.55047 -11.3902  1.48675
  1.5509 -11.3846  1.48718
 1.55133  -11.379  1.48761
 1.55177 -11.3734  1.48805
  1.5522 -11.3678  1.48848
 1.55263 -11.3622  1.48848
 1.55307 -11.3566  1.48891
  1.5535  -11.351  1.48935
 1.55393 -11.3454  1.48978
 1.55437 -11.3398  1.49021
  1.5548 -11.3342  1.49065
 1.55524 -11.3286  1.49108
 1.55567 -11.3231  1.49151
  1.5561 -11.3175  1.49195
 1.55654 -11.3119  1.49238
 1.55697 -11.3064  1.49281
  1.5574 -11.3008  1.49281
 1.55784 -11.2953  1.49325
 1.55827 -11.2897  1.49368
  1.5587 -11.2842  1.49411
 1.55914 -11.2786  1.49455
 1.55957 -11.2731  1.49498
    1.56 -11.2675  1.49542
 1.56044  -11.262  1.49585
 1.56087 -11.2565  1.49628
  1.5613  -11.251  1.49672
 1.56174 -11.2454  1.49672
 1.56217 -11.2399  1.49715
  1.5626 -11.2344  1.49758
 1.56304 -11.2289  1.49802
 1.56347 -11.2234  1.49845
  1.5639 -11.2179  1.49888
 1.56434 -11.2124  1.49932
 1.56477 -11.2069  1.49975
 1.56521 -11.2014  1.50018
 1.56564 -11.1959  1.50062
 1.56607 -11.1904  1.50062
 1.56651  -11.185  1.50105
 1.56694 -11.1795  1.50148
 1.56737  -11.174  1.50192
 1.56781 -11.1685  1.50235
 1.56824 -11.1631  1.50278
 1.56867 -11.1576  1.50322
 1.56911 -11.1522  1.50365
 1.56954 -11.1467  1.50408
 1.56997 -11.1412  1.50452
 1.57041 -11.1358  1.50452
 1.57084 -11.1304  1.50495
 1.57127 -11.1249  1.50539
 1.57171 -11.1195  1.50582
 1.57214 -11.1141  1.50625
 1.57257 -11.1086  1.50669
 1.57301 -11.1032  1.50712
 1.57344 -11.0978  1.50755
 1.57387 -11.0924  1.50799
 1.57431 -11.0869  1.50842
 1.57474 -11.0815  1.50842
 1.57518 -11.0761  1.50885
 1.57561 -11.0707  1.50929
 1.57604 -11.0653  1.50972
 1.57648 -11.0599  1.51015
 1.57691 -11.0545  1.51059
 1.57734 -11.0492  1.51102
 1.57778 -11.0438  1.51145
 1.57821 -11.0384  1.51189
 1.57864  -11.033  1.51232
 1.57908 -11.0276  1.51232
 1.57951 -11.0223  1.51275
 1.57994 -11.0169  1.51319
 1.58038 -11.0115  1.51362
 1.58081 -11.0062  1.51405
 1.58124 -11.0008  1.51449
 1.58168 -10.9955  1.51492
 1.58211 -10.9901  1.51536
 1.58254 -10.9848  1.51579
 1.58298 -10.9794  1.51622
 1.58341 -10.9741  1.51622
 1.58384 -10.9688  1.51666
 1.58428 -10.9634  1.51709
 1.58471 -10.9581  1.51752
 1.58515 -10.9528  1.51796
 1.58558 -10.9475  1.51839
 1.58601 -10.9422  1.51882
 1.58645 -10.9368  1.51926
 1.58688 -10.9315  1.51969
 1.58731 -10.9262  1.52012
 1.58775 -10.9209  1.52012
 1.58818 -10.9156  1.52056
 1.58861 -10.9103  1.52099
 1.58905  -10.905  1.52142
 1.58948 -10.8998  1.52186
 1.58991 -10.8945  1.52229
 1.59035 -10.8892  1.52272
 1.59078 -10.8839  1.52316
 1.59121 -10.8786  1.52359
 1.59165 -10.8734  1.52402
 1.59208 -10.8681  1.52402
 1.59251 -10.8628  1.52446
 1.59295 -10.8576  1.52489
 1.59338 -10.8523  1.52533
 1.59381 -10.8471  1.52576
 1.59425 -10.8418  1.52619
 1.59468 -10.8366  1.52663
 1.59512 -10.8313  1.52706
 1.59555 -10.8261  1.52749
 1.59598 -10.8209  1.52793
 1.59642 -10.8156  1.52793
 1.59685 -10.8104  1.52836
 1.59728 -10.8052  1.52879
 1.59772    -10.8  1.52923
 1.59815 -10.7948  1.52966
 1.59858 -10.7895  1.53009
 1.59902 -10.7843  1.53053
 1.59945 -10.7791  1.53096
 1.59988 -10.7739  1.53139
 1.60032 -10.7687  1.53183
 1.60075 -10.7635  1.53183
 1.60118 -10.7583  1.53226
 1.60162 -10.7531  1.53269
 1.60205  -10.748  1.53313
 1.60248 -10.7428  1.53356
 1.60292 -10.7376  1.53399
 1.60335 -10.7324  1.53443
 1.60378 -10.7272  1.53486
 1.60422 -10.7221   1.5353
 1.60465 -10.7169  1.53573
 1.60509 -10.7118  1.53573
 1.60552 -10.7066  1.53616
 1.60595 -10.7014   1.5366
 1.60639 -10.6963  1.53703
 1.60682 -10.6911  1.53746
 1.60725  -10.686   1.5379
 1.60769 -10.6809  1.53833
 1.60812 -10.6757  1.53876
 1.60855 -10.6706   1.5392
 1.60899 -10.6654  1.53963
 1.60942 -10.6603  1.53963
 1.60985 -10.6552  1.54006
 1.61029 -10.6501   1.5405
 1.61072  -10.645  1.54093
 1.61115 -10.6398  1.54136
 1.61159 -10.6347   1.5418
 1.61202 -10.6296  1.54223
 1.61245 -10.6245  1.54266
 1.61289 -10.6194   1.5431
 1.61332 -10.6143  1.54353
 1.61375 -10.6092  1.54353
 1.61419 -10.6041  1.54396
 1.61462 -10.5991   1.5444
 1.61506  -10.594  1.54483
 1.61549 -10.5889  1.54527
 1.61592 -10.5838   1.5457
 1.61636 -10.5787  1.54613
 1.61679 -10.5737  1.54657
 1.61722 -10.5686    1.547
 1.61766 -10.5635  1.54743
 1.61809 -10.5585  1.54743
 1.61852 -10.5534  1.54787
 1.61896 -10.5484   1.5483
 1.61939 -10.5433  1.54873
 1.61982 -10.5383  1.54917
 1.62026 -10.5332   1.5496
 1.62069 -10.5282  1.55003
 1.62112 -10.5232  1.55047
 1.62156 -10.5181   1.5509
 1.62199 -10.5131  1.55133
 1.62242 -10.5081  1.55133
 1.62286  -10.503  1.55177
 1.62329  -10.498   1.5522
 1.62372  -10.493  1.55263
 1.62416  -10.488  1.55307
 1.62459  -10.483   1.5535
 1.62503  -10.478  1.55393
 1.62546  -10.473  1.55437
 1.62589  -10.468   1.5548
 1.62633  -10.463  1.55524
 1.62676  -10.458  1.55524
 1.62719  -10.453  1.55567
 1.62763  -10.448   1.5561
 1.62806  -10.443  1.55654
 1.62849  -10.438  1.55697
 1.62893 -10.4331   1.5574
 1.62936 -10.4281  1.55784
 1.62979 -10.4231  1.55827
 1.63023 -10.4181   1.5587
 1.63066 -10.4132  1.55914
 1.63109 -10.4082  1.55914
 1.63153 -10.4033  1.55957
 1.63196 -10.3983     1.56
 1.63239 -10.3934  1.56044
 1.63283 -10.3884  1.56087
 1.63326 -10.3835   1.5613
 1.63369 -10.3785  1.56174
 1.63413 -10.3736  1.56217
 1.63456 -10.3687   1.5626
 1.63499 -10.3637  1.56304
 1.63543 -10.3588  1.56304
 1.63586 -10.3539  1.56347
  1.6363 -10.3489   1.5639
 1.63673  -10.344  1.56434
 1.63716 -10.3391  1.56477
  1.6376 -10.3342  1.56521
 1.63803 -10.3293  1.56564
 1.63846 -10.3244  1.56607
  1.6389 -10.3195  1.56651
 1.63933 -10.3146  1.56694
 1.63976 -10.3097  1.56694
  1.6402 -10.3048  1.56737
 1.64063 -10.2999  1.56781
 1.64106  -10.295  1.56824
  1.6415 -10.2901  1.56867
 1.64193 -10.2852  1.56911
 1.64236 -10.2804  1.56954
  1.6428 -10.2755  1.56997
 1.64323 -10.2706  1.57041
 1.64366 -10.2658  1.57084
  1.6441 -10.2609  1.57084
 1.64453  -10.256  1.57127
 1.64496 -10.2512  1.57171
  1.6454 -10.2463  1.57214
 1.64583 -10.2415  1.57257
 1.64627 -10.2366  1.57301
  1.6467 -10.2318  1.57344
 1.64713 -10.2269  1.57387
 1.64757 -10.2221  1.57431
   1.648 -10.2173  1.57474
 1.64843 -10.2124  1.57474
 1.64887 -10.2076  1.57518
  1.6493 -10.2028  1.57561
 1.64973 -10.1979  1.57604
 1.65017 -10.1931  1.57648
  1.6506 -10.1883  1.57691
 1.65103 -10.1835  1.57734
 1.65147 -10.1787  1.57778
  1.6519 -10.1739  1.57821
 1.65233 -10.1691  1.57864
 1.65277 -10.1643  1.57864
  1.6532 -10.1595  1.57908
 1.65363 -10.1547  1.57951
 1.65407 -10.1499  1.57994
  1.6545 -10.1451  1.58038
 1.65493 -10.1403  1.58081
 1.65537 -10.1355  1.58124
  1.6558 -10.1308  1.58168
 1.65624  -10.126  1.58211
 1.65667 -10.1212  1.58211
  1.6571 -10.1164  1.58254
 1.65754 -10.1117  1.58298
 1.65797 -10.1069  1.58341
  1.6584 -10.1021  1.58384
 1.65884 -10.0974  1.58428
 1.65927 -10.0926  1.58471
  1.6597 -10.0879  1.58515
 1.66014 -10.0831  1.58558
 1.66057 -10.0784  1.58601
   1.661 -10.0736  1.58601
 1.66144 -10.0689  1.58645
 1.66187 -10.0642  1.58688
  1.6623 -10.0594  1.58731
 1.66274 -10.0547  1.58775
 1.66317   -10.05  1.58818
  1.6636 -10.0452  1.58861
 1.66404 -10.0405  1.58905
 1.66447 -10.0358  1.58948
  1.6649 -10.0311  1.58991
 1.66534 -10.0264  1.58991
 1.66577 -10.0217  1.59035
 1.66621  -10.017  1.59078
 1.66664 -10.0123  1.59121
 1.66707 -10.0076  1.59165
 1.66751 -10.0029  1.59208
 1.66794 -9.99818  1.59251
 1.66837 -9.99349  1.59295
 1.66881  -9.9888  1.59338
 1.66924 -9.98412  1.59381
 1.66967 -9.97944  1.59425
 1.67011 -9.97476  1.59425
 1.67054 -9.97008  1.59468
 1.67097 -9.96541  1.59512
 1.67141 -9.96074  1.59555
 1.67184 -9.95607  1.59598
 1.67227 -9.95141  1.59642
 1.67271 -9.94675  1.59685
 1.67314 -9.94209  1.59728
 1.67357 -9.93744  1.59772
 1.67401 -9.93279  1.59815
 1.67444 -9.92814  1.59815
 1.67487 -9.92349  1.59858
 1.67531 -9.91885  1.59902
 1.67574 -9.91421  1.59945
 1.67618 -9.90957  1.59988
 1.67661 -9.90494  1.60032
 1.67704 -9.90031  1.60075
 1.67748 -9.89569  1.60118
 1.67791 -9.89106  1.60162
 1.67834 -9.88644  1.60205
 1.67878 -9.88182  1.60205
 1.67921  -9.8772  1.60248
 1.67964 -9.87259  1.60292
 1.68008 -9.86798  1.60335
 1.68051 -9.86338  1.60378
 1.68094 -9.85877  1.60422
 1.68138 -9.85417  1.60465
 1.68181 -9.84957  1.60509
 1.68224 -9.84498  1.60552
 1.68268 -9.84039  1.60552
 1.68311  -9.8358  1.60595
 1.68354 -9.83121  1.60639
 1.68398 -9.82663  1.60682
 1.68441 -9.82205  1.60725
 1.68484 -9.81747  1.60769
 1.68528  -9.8129  1.60812
 1.68571 -9.80833  1.60855
 1.68615 -9.80376  1.60899
 1.68658 -9.79919  1.60942
 1.68701 -9.79463  1.60942
 1.68745 -9.79007  1.60985
 1.68788 -9.78552  1.61029
 1.68831 -9.78096  1.61072
 1.68875 -9.77641  1.61115
 1.68918 -9.77186  1.61159
 1.68961 -9.76732  1.61202
 1.69005 -9.76278  1.61245
 1.69048 -9.75824  1.61289
 1.69091  -9.7537  1.61332
 1.69135 -9.74917  1.61332
 1.69178 -9.74464  1.61375
 1.69221 -9.74011  1.61419
 1.69265 -9.73558  1.61462
 1.69308 -9.73106  1.61506
 1.69351 -9.72654  1.61549
 1.69395 -9.72203  1.61592
 1.69438 -9.71752  1.61636
 1.69481 -9.71301  1.61679
 1.69525  -9.7085  1.61722
 1.69568 -9.70399  1.61722
 1.69612 -9.69949  1.61766
 1.69655 -9.69499  1.61809
 1.69698  -9.6905  1.61852
 1.69742   -9.686  1.61896
 1.69785 -9.68151  1.61939
 1.69828 -9.67703  1.61982
 1.69872 -9.67254  1.62026
 1.69915 -9.66806  1.62069
 1.69958 -9.66358  1.62112
 1.70002 -9.65911  1.62112
 1.70045 -9.65463  1.62156
 1.70088 -9.65016  1.62199
 1.70132  -9.6457  1.62242
 1.70175 -9.64123  1.62286
 1.70218 -9.63677  1.62329
 1.70262 -9.63231  1.62372
 1.70305 -9.62786  1.62416
 1.70348  -9.6234  1.62459
 1.70392 -9.61895  1.62503
 1.70435 -9.61451  1.62503
 1.70478 -9.61006  1.62546
 1.70522 -9.60562  1.62589
 1.70565 -9.60118  1.62633
 1.70609 -9.59674  1.62676
 1.70652 -9.59231  1.62719
 1.70695 -9.58788  1.62763
 1.70739 -9.58345  1.62806
 1.70782 -9.57903  1.62849
 1.70825 -9.57461  1.62893
 1.70869 -9.57019  1.62893
 1.70912 -9.56577  1.62936
 1.70955 -9.56136  1.62979
 1.70999 -9.55695  1.63023
 1.71042 -9.55254  1.63066
 1.71085 -9.54813  1.63109
 1.71129 -9.54373  1.63153
 1.71172 -9.53933  1.63196
 1.71215 -9.53494  1.63239
 1.71259 -9.53054  1.63283
 1.71302 -9.52615  1.63283
 1.71345 -9.52176  1.63326
 1.71389 -9.51737  1.63369
 1.71432 -9.51299  1.63413
 1.71475 -9.50861  1.63456
 1.71519 -9.50423  1.63499
 1.71562 -9.49986  1.63543
 1.71606 -9.49549  1.63586
 1.71649 -9.49112   1.6363
 1.71692 -9.48675  1.63673
 1.71736 -9.48239  1.63673
 1.71779 -9.47803  1.63716
 1.71822 -9.47367   1.6376
 1.71866 -9.46931  1.63803
 1.71909 -9.46496  1.63846
 1.71952 -9.46061   1.6389
 1.71996 -9.45627  1.63933
 1.72039 -9.45192  1.63976
 1.72082 -9.44758   1.6402
 1.72126 -9.44324   1.6402
 1.72169 -9.43891  1.64063
 1.72212 -9.43457  1.64106
 1.72256 -9.43024   1.6415
 1.72299 -9.42591  1.64193
 1.72342 -9.42159  1.64236
 1.72386 -9.41727   1.6428
 1.72429 -9.41295  1.64323
 1.72472 -9.40863  1.64366
 1.72516 -9.40432   1.6441
 1.72559     -9.4   1.6441
 1.72603 -9.39569  1.64453
 1.72646 -9.39139  1.64496
 1.72689 -9.38708   1.6454
 1.72733 -9.38278  1.64583
 1.72776 -9.37849  1.64627
 1.72819 -9.37419   1.6467
 1.72863  -9.3699  1.64713
 1.72906 -9.36561  1.64757
 1.72949 -9.36132    1.648
 1.72993 -9.35704    1.648
 1.73036 -9.35276  1.64843
 1.73079 -9.34848  1.64887
 1.73123  -9.3442   1.6493
 1.73166 -9.33993  1.64973
 1.73209 -9.33565  1.65017
 1.73253 -9.33139   1.6506
 1.73296 -9.32712  1.65103
 1.73339 -9.32286  1.65147
 1.73383  -9.3186   1.6519
 1.73426 -9.31434   1.6519
 1.73469 -9.31009  1.65233
 1.73513 -9.30583  1.65277
 1.73556 -9.30158   1.6532
   1.736 -9.29734  1.65363
 1.73643 -9.29309  1.65407
 1.73686 -9.28885   1.6545
  1.7373 -9.28461  1.65493
 1.73773 -9.28038  1.65537
 1.73816 -9.27614   1.6558
  1.7386 -9.27191   1.6558
 1.73903 -9.26768  1.65624
 1.73946 -9.26346  1.65667
  1.7399 -9.25923   1.6571
 1.74033 -9.25501  1.65754
 1.74076 -9.25079  1.65797
  1.7412 -9.24658   1.6584
 1.74163 -9.24237  1.65884
 1.74206 -9.23816  1.65927
  1.7425 -9.23395   1.6597
 1.74293 -9.22975   1.6597
 1.74336 -9.22554  1.66014
  1.7438 -9.22134  1.66057
 1.74423 -9.21715    1.661
 1.74466 -9.21295  1.66144
  1.7451 -9.20876  1.66187
 1.74553 -9.20457   1.6623
 1.74597 -9.20039  1.66274
  1.7464  -9.1962  1.66317
 1.74683 -9.19202   1.6636
 1.74727 -9.18784   1.6636
  1.7477 -9.18367  1.66404
 1.74813 -9.17949  1.66447
 1.74857 -9.17532   1.6649
   1.749 -9.17116  1.66534
 1.74943 -9.16699  1.66577
 1.74987 -9.16283  1.66621
  1.7503 -9.15867  1.66664
 1.75073 -9.15451  1.66707
 1.75117 -9.15036  1.66751
  1.7516  -9.1462  1.66751
 1.75203 -9.14205  1.66794
 1.75247 -9.13791  1.66837
  1.7529 -9.13376  1.66881
 1.75333 -9.12962  1.66924
 1.75377 -9.12548  1.66967
  1.7542 -9.12134  1.67011
 1.75463 -9.11721  1.67054
 1.75507 -9.11308  1.67097
  1.7555 -9.10895  1.67097
 1.75594 -9.10482  1.67141
 1.75637  -9.1007  1.67184
  1.7568 -9.09657  1.67227
 1.75724 -9.09246  1.67271
 1.75767 -9.08834  1.67314
  1.7581 -9.08423  1.67357
 1.75854 -9.08011  1.67401
 1.75897 -9.07601  1.67444
  1.7594  -9.0719  1.67487
 1.75984  -9.0678  1.67487
 1.76027  -9.0637  1.67531
  1.7607  -9.0596  1.67574
 1.76114  -9.0555  1.67618
 1.76157 -9.05141  1.67661
   1.762 -9.04732  1.67704
 1.76244 -9.04323  1.67748
 1.76287 -9.03914  1.67791
  1.7633 -9.03506  1.67834
 1.76374 -9.03098  1.67878
 1.76417  -9.0269  1.67878
  1.7646 -9.02282  1.67921
 1.76504 -9.01875  1.67964
 1.76547 -9.01468  1.68008
 1.76591 -9.01061  1.68051
 1.76634 -9.00655  1.68094
 1.76677 -9.00248  1.68138
 1.76721 -8.99842  1.68181
 1.76764 -8.99436  1.68224
 1.76807 -8.99031  1.68268
 1.76851 -8.98626  1.68268
 1.76894  -8.9822  1.68311
 1.76937 -8.97816  1.68354
 1.76981 -8.97411  1.68398
 1.77024 -8.97007  1.68441
 1.77067 -8.96603  1.68484
 1.77111 -8.96199  1.68528
 1.77154 -8.95795  1.68571
 1.77197 -8.95392  1.68615
 1.77241 -8.94989  1.68658
 1.77284 -8.94586  1.68658
 1.77327 -8.94184  1.68701
 1.77371 -8.93781  1.68745
 1.77414 -8.93379  1.68788
 1.77457 -8.92977  1.68831
 1.77501 -8.92576  1.68875
 1.77544 -8.92175  1.68918
 1.77588 -8.91773  1.68961
 1.77631 -8.91373  1.69005
 1.77674 -8.90972  1.69048
 1.77718 -8.90572  1.69048
 1.77761 -8.90172  1.69091
 1.77804 -8.89772  1.69135
 1.77848 -8.89372  1.69178
 1.77891 -8.88973  1.69221
 1.77934 -8.88574  1.69265
 1.77978 -8.88175  1.69308
 1.78021 -8.87776  1.69351
 1.78064 -8.87378  1.69395
 1.78108  -8.8698  1.69438
 1.78151 -8.86582  1.69438
 1.78194 -8.86184  1.69481
 1.78238 -8.85787  1.69525
 1.78281  -8.8539  1.69568
 1.78324 -8.84993  1.69612
 1.78368 -8.84596  1.69655
 1.78411   -8.842  1.69698
 1.78454 -8.83804  1.69742
 1.78498 -8.83408  1.69785
 1.78541 -8.83012  1.69785
 1.78585 -8.82617  1.69828
 1.78628 -8.82221  1.69872
 1.78671 -8.81826  1.69915
 1.78715 -8.81432  1.69958
 1.78758 -8.81037  1.70002
 1.78801 -8.80643  1.70045
 1.78845 -8.80249  1.70088
 1.78888 -8.79855  1.70132
 1.78931 -8.79462  1.70175
 1.78975 -8.79069  1.70175
 1.79018 -8.78676  1.70218
 1.79061 -8.78283  1.70262
 1.79105  -8.7789  1.70305
 1.79148 -8.77498  1.70348
 1.79191 -8.77106  1.70392
 1.79235 -8.76714  1.70435
 1.79278 -8.76322  1.70478
 1.79321 -8.75931  1.70522
 1.79365  -8.7554  1.70565
 1.79408 -8.75149  1.70565
 1.79451 -8.74759  1.70609
 1.79495 -8.74368  1.70652
 1.79538 -8.73978  1.70695
 1.79582 -8.73588  1.70739
 1.79625 -8.73198  1.70782
 1.79668 -8.72809  1.70825
 1.79712  -8.7242  1.70869
 1.79755 -8.72031  1.70912
 1.79798 -8.71642  1.70955
 1.79842 -8.71254  1.70955
 1.79885 -8.70865  1.70999
 1.79928 -8.70477  1.71042
 1.79972  -8.7009  1.71085
 1.80015 -8.69702  1.71129
 1.80058 -8.69315  1.71172
 1.80102 -8.68928  1.71215
 1.80145 -8.68541  1.71259
 1.80188 -8.68154  1.71302
 1.80232 -8.67768  1.71345
 1.80275 -8.67382  1.71345
 1.80318 -8.66996  1.71389
 1.80362  -8.6661  1.71432
 1.80405 -8.66225  1.71475
 1.80448  -8.6584  1.71519
 1.80492 -8.65455  1.71562
 1.80535  -8.6507  1.71606
 1.80579 -8.64686  1.71649
 1.80622 -8.64302  1.71692
 1.80665 -8.63918  1.71736
 1.80709 -8.63534  1.71736
 1.80752  -8.6315  1.71779
 1.80795 -8.62767  1.71822
 1.80839 -8.62384  1.71866
 1.80882 -8.62001  1.71909
 1.80925 -8.61618  1.71952
 1.80969 -8.61236  1.71996
 1.81012 -8.60854  1.72039
 1.81055 -8.60472  1.72082
 1.81099  -8.6009  1.72082
 1.81142 -8.59709  1.72126
 1.81185 -8.59328  1.72169
 1.81229 -8.58947  1.72212
 1.81272 -8.58566  1.72256
 1.81315 -8.58185  1.72299
 1.81359 -8.57805  1.72342
 1.81402 -8.57425  1.72386
 1.81445 -8.57045  1.72429
 1.81489 -8.56666  1.72472
 1.81532 -8.56286  1.72472
 1.81576 -8.55907  1.72516
 1.81619 -8.55528  1.72559
 1.81662  -8.5515  1.72603
 1.81706 -8.54771  1.72646
 1.81749 -8.54393  1.72689
 1.81792 -8.54015  1.72733
 1.81836 -8.53637  1.72776
 1.81879  -8.5326  1.72819
 1.81922 -8.52882  1.72863
 1.81966 -8.52505  1.72863
 1.82009 -8.52128  1.72906
 1.82052 -8.51752  1.72949
 1.82096 -8.51375  1.72993
 1.82139 -8.50999  1.73036
 1.82182 -8.50623  1.73079
 1.82226 -8.50248  1.73123
 1.82269 -8.49872  1.73166
 1.82312 -8.49497  1.73209
 1.82356 -8.49122  1.73253
 1.82399 -8.48747  1.73253
 1.82442 -8.48373  1.73296
 1.82486 -8.47998  1.73339
 1.82529 -8.47624  1.73383
 1.82573  -8.4725  1.73426
 1.82616 -8.46876  1.73469
 1.82659 -8.46503  1.73513
 1.82703  -8.4613  1.73556
 1.82746 -8.45757    1.736
 1.82789 -8.45384    1.736
 1.82833 -8.45012  1.73643
 1.82876 -8.44639  1.73686
 1.82919 -8.44267   1.7373
 1.82963 -8.43895  1.73773
 1.83006 -8.43524  1.73816
 1.83049 -8.43152   1.7386
 1.83093 -8.42781  1.73903
 1.83136  -8.4241  1.73946
 1.83179 -8.42039   1.7399
 1.83223 -8.41669   1.7399
 1.83266 -8.41299  1.74033
 1.83309 -8.40928  1.74076
 1.83353 -8.40559   1.7412
 1.83396 -8.40189  1.74163
 1.83439 -8.39819  1.74206
 1.83483  -8.3945   1.7425
 1.83526 -8.39081  1.74293
  1.8357 -8.38713  1.74336
 1.83613 -8.38344   1.7438
 1.83656 -8.37976   1.7438
   1.837 -8.37608  1.74423
 1.83743  -8.3724  1.74466
 1.83786 -8.36872   1.7451
  1.8383 -8.36505  1.74553
 1.83873 -8.36138  1.74597
 1.83916 -8.35771   1.7464
  1.8396 -8.35404  1.74683
 1.84003 -8.35037  1.74727
 1.84046 -8.34671   1.7477
  1.8409 -8.34305   1.7477
 1.84133 -8.33939  1.74813
 1.84176 -8.33573  1.74857
  1.8422 -8.33208    1.749
 1.84263 -8.32843  1.74943
 1.84306 -8.32478  1.74987
  1.8435 -8.32113   1.7503
 1.84393 -8.31748  1.75073
 1.84436 -8.31384  1.75117
  1.8448  -8.3102   1.7516
 1.84523 -8.30656   1.7516
 1.84567 -8.30292  1.75203
  1.8461 -8.29929  1.75247
 1.84653 -8.29566   1.7529
 1.84697 -8.29203  1.75333
  1.8474  -8.2884  1.75377
 1.84783 -8.28477   1.7542
 1.84827 -8.28115  1.75463
  1.8487 -8.27753  1.75507
 1.84913 -8.27391  1.75507
 1.84957 -8.27029   1.7555
    1.85 -8.26667  1.75594