 kgrid  ValNew  Policy 
    0.55 -48.2273 0.590747
0.550433 -48.1761  0.59118
0.550867  -48.125 0.591614
  0.5513  -48.074 0.592047
0.551734 -48.0231 0.592481
0.552167 -47.9723 0.592914
0.552601 -47.9216 0.592914
0.553034  -47.871 0.593348
0.553468 -47.8205 0.593781
0.553901   -47.77 0.594215
0.554335 -47.7197 0.594648
0.554768 -47.6694 0.595082
0.555202 -47.6192 0.595515
0.555635 -47.5692 0.595949
0.556069 -47.5192 0.596382
0.556502 -47.4693 0.596382
0.556936 -47.4195 0.596816
0.557369 -47.3698 0.597249
0.557803 -47.3201 0.597683
0.558236 -47.2706 0.598116
 0.55867 -47.2211  0.59855
0.559103 -47.1718 0.598983
0.559537 -47.1225 0.599416
 0.55997 -47.0733 0.599416
0.560403 -47.0242  0.59985
0.560837 -46.9752 0.600283
 0.56127 -46.9263 0.600717
0.561704 -46.8774  0.60115
0.562137 -46.8287 0.601584
0.562571   -46.78 0.602017
0.563004 -46.7314 0.602451
0.563438 -46.6829 0.602884
0.563871 -46.6345 0.603318
0.564305 -46.5862 0.603318
0.564738 -46.5379 0.603751
0.565172 -46.4897 0.604185
0.565605 -46.4416 0.604618
0.566039 -46.3936 0.605052
0.566472 -46.3457 0.605485
0.566906 -46.2979 0.605919
0.567339 -46.2501 0.606352
0.567773 -46.2025 0.606786
0.568206 -46.1549 0.606786
 0.56864 -46.1074 0.607219
0.569073 -46.0599 0.607653
0.569507 -46.0126 0.608086
 0.56994 -45.9653  0.60852
0.570373 -45.9181 0.608953
0.570807  -45.871 0.609386
 0.57124 -45.8239  0.60982
0.571674  -45.777 0.610253
0.572107 -45.7301 0.610687
0.572541 -45.6833 0.610687
0.572974 -45.6366  0.61112
0.573408 -45.5899 0.611554
0.573841 -45.5433 0.611987
0.574275 -45.4968 0.612421
0.574708 -45.4504 0.612854
0.575142 -45.4041 0.613288
0.575575 -45.3578 0.613721
0.576009 -45.3117 0.614155
0.576442 -45.2656 0.614588
0.576876 -45.2195 0.614588
0.577309 -45.1736 0.615022
0.577743 -45.1277 0.615455
0.578176 -45.0819 0.615889
 0.57861 -45.0361 0.616322
0.579043 -44.9905 0.616756
0.579476 -44.9449 0.617189
 0.57991 -44.8994 0.617623
0.580343  -44.854 0.618056
0.580777 -44.8086 0.618056
 0.58121 -44.7633 0.618489
0.581644 -44.7181 0.618923
0.582077  -44.673 0.619356
0.582511 -44.6279  0.61979
0.582944 -44.5829 0.620223
0.583378  -44.538 0.620657
0.583811 -44.4932  0.62109
0.584245 -44.4484 0.621524
0.584678 -44.4037 0.621957
0.585112 -44.3591 0.622391
0.585545 -44.3145 0.622391
0.585979 -44.2701 0.622824
0.586412 -44.2256 0.623258
0.586846 -44.1813 0.623691
0.587279  -44.137 0.624125
0.587713 -44.0928 0.624558
0.588146 -44.0487 0.624992
 0.58858 -44.0046 0.625425
0.589013 -43.9606 0.625859
0.589446 -43.9167 0.626292
 0.58988 -43.8728 0.626726
0.590313  -43.829 0.626726
0.590747 -43.7853 0.627159
 0.59118 -43.7417 0.627593
0.591614 -43.6981 0.628026
0.592047 -43.6545 0.628459
0.592481 -43.6111 0.628893
0.592914 -43.5677 0.629326
0.593348 -43.5244  0.62976
0.593781 -43.4812 0.630193
0.594215  -43.438 0.630627
0.594648 -43.3949  0.63106
0.595082 -43.3518  0.63106
0.595515 -43.3088 0.631494
0.595949 -43.2659 0.631927
0.596382 -43.2231 0.632361
0.596816 -43.1803 0.632794
0.597249 -43.1376 0.633228
0.597683 -43.0949 0.633661
0.598116 -43.0523 0.634095
 0.59855 -43.0098 0.634528
0.598983 -42.9674 0.634962
0.599416  -42.925 0.635395
 0.59985 -42.8827 0.635395
0.600283 -42.8404 0.635829
0.600717 -42.7982 0.636262
 0.60115 -42.7561 0.636696
0.601584  -42.714 0.637129
0.602017  -42.672 0.637563
0.602451 -42.6301 0.637996
0.602884 -42.5882 0.638429
0.603318 -42.5464 0.638863
0.603751 -42.5047 0.639296
0.604185  -42.463  0.63973
0.604618 -42.4214  0.63973
0.605052 -42.3798 0.640163
0.605485 -42.3383 0.640597
0.605919 -42.2968  0.64103
0.606352 -42.2555 0.641464
0.606786 -42.2142 0.641897
0.607219 -42.1729 0.642331
0.607653 -42.1317 0.642764
0.608086 -42.0906 0.643198
 0.60852 -42.0496 0.643631
0.608953 -42.0086 0.644065
0.609386 -41.9677 0.644498
 0.60982 -41.9268 0.644498
0.610253 -41.8859 0.644932
0.610687 -41.8452 0.645365
 0.61112 -41.8045 0.645799
0.611554 -41.7639 0.646232
0.611987 -41.7233 0.646666
0.612421 -41.6828 0.647099
0.612854 -41.6423 0.647533
0.613288 -41.6019 0.647966
0.613721 -41.5616 0.648399
0.614155 -41.5214 0.648833
0.614588 -41.4811 0.648833
0.615022  -41.441 0.649266
0.615455 -41.4009   0.6497
0.615889 -41.3609 0.650133
0.616322 -41.3209 0.650567
0.616756  -41.281    0.651
0.617189 -41.2411 0.651434
0.617623 -41.2013 0.651867
0.618056 -41.1616 0.652301
0.618489 -41.1219 0.652734
0.618923 -41.0823 0.653168
0.619356 -41.0427 0.653601
 0.61979 -41.0032 0.653601
0.620223 -40.9638 0.654035
0.620657 -40.9244 0.654468
 0.62109 -40.8851 0.654902
0.621524 -40.8458 0.655335
0.621957 -40.8066 0.655769
0.622391 -40.7674 0.656202
0.622824 -40.7283 0.656636
0.623258 -40.6893 0.657069
0.623691 -40.6503 0.657503
0.624125 -40.6114 0.657936
0.624558 -40.5725 0.658369
0.624992 -40.5337 0.658369
0.625425 -40.4949 0.658803
0.625859 -40.4562 0.659236
0.626292 -40.4175  0.65967
0.626726  -40.379 0.660103
0.627159 -40.3404 0.660537
0.627593 -40.3019  0.66097
0.628026 -40.2635 0.661404
0.628459 -40.2251 0.661837
0.628893 -40.1868 0.662271
0.629326 -40.1486 0.662704
 0.62976 -40.1104 0.663138
0.630193 -40.0722 0.663138
0.630627 -40.0341 0.663571
 0.63106 -39.9961 0.664005
0.631494 -39.9581 0.664438
0.631927 -39.9202 0.664872
0.632361 -39.8823 0.665305
0.632794 -39.8445 0.665739
0.633228 -39.8067 0.666172
0.633661  -39.769 0.666606
0.634095 -39.7313 0.667039
0.634528 -39.6937 0.667472
0.634962 -39.6562 0.667472
0.635395 -39.6187 0.667906
0.635829 -39.5812 0.668339
0.636262 -39.5438 0.668773
0.636696 -39.5065 0.669206
0.637129 -39.4692  0.66964
0.637563  -39.432 0.670073
0.637996 -39.3948 0.670507
0.638429 -39.3577  0.67094
0.638863 -39.3206 0.671374
0.639296 -39.2836 0.671807
 0.63973 -39.2466 0.672241
0.640163 -39.2097 0.672241
0.640597 -39.1729 0.672674
 0.64103  -39.136 0.673108
0.641464 -39.0993 0.673541
0.641897 -39.0626 0.673975
0.642331 -39.0259 0.674408
0.642764 -38.9893 0.674842
0.643198 -38.9528 0.675275
0.643631 -38.9163 0.675709
0.644065 -38.8798 0.676142
0.644498 -38.8434 0.676576
0.644932 -38.8071 0.677009
0.645365 -38.7708 0.677009
0.645799 -38.7345 0.677442
0.646232 -38.6983 0.677876
0.646666 -38.6622 0.678309
0.647099 -38.6261 0.678743
0.647533   -38.59 0.679176
0.647966 -38.5541  0.67961
0.648399 -38.5181 0.680043
0.648833 -38.4822 0.680477
0.649266 -38.4464  0.68091
  0.6497 -38.4106 0.681344
0.650133 -38.3749 0.681777
0.650567 -38.3392 0.681777
   0.651 -38.3035 0.682211
0.651434 -38.2679 0.682644
0.651867 -38.2324 0.683078
0.652301 -38.1969 0.683511
0.652734 -38.1614 0.683945
0.653168  -38.126 0.684378
0.653601 -38.0907 0.684812
0.654035 -38.0554 0.685245
0.654468 -38.0202 0.685679
0.654902  -37.985 0.686112
0.655335 -37.9498 0.686546
0.655769 -37.9147 0.686546
0.656202 -37.8797 0.686979
0.656636 -37.8446 0.687412
0.657069 -37.8097 0.687846
0.657503 -37.7748 0.688279
0.657936 -37.7399 0.688713
0.658369 -37.7051 0.689146
0.658803 -37.6703  0.68958
0.659236 -37.6356 0.690013
 0.65967 -37.6009 0.690447
0.660103 -37.5663  0.69088
0.660537 -37.5318 0.691314
 0.66097 -37.4972 0.691314
0.661404 -37.4627 0.691747
0.661837 -37.4283 0.692181
0.662271 -37.3939 0.692614
0.662704 -37.3596 0.693048
0.663138 -37.3253 0.693481
0.663571  -37.291 0.693915
0.664005 -37.2568 0.694348
0.664438 -37.2227 0.694782
0.664872 -37.1886 0.695215
0.665305 -37.1545 0.695649
0.665739 -37.1205 0.696082
0.666172 -37.0866 0.696082
0.666606 -37.0526 0.696516
0.667039 -37.0188 0.696949
0.667472 -36.9849 0.697382
0.667906 -36.9511 0.697816
0.668339 -36.9174 0.698249
0.668773 -36.8837 0.698683
0.669206 -36.8501 0.699116
 0.66964 -36.8165  0.69955
0.670073 -36.7829 0.699983
0.670507 -36.7494 0.700417
 0.67094  -36.716  0.70085
0.671374 -36.6825  0.70085
0.671807 -36.6492 0.701284
0.672241 -36.6158 0.701717
0.672674 -36.5825 0.702151
0.673108 -36.5493 0.702584
0.673541 -36.5161 0.703018
0.673975  -36.483 0.703451
0.674408 -36.4499 0.703885
0.674842 -36.4168 0.704318
0.675275 -36.3838 0.704752
0.675709 -36.3508 0.705185
0.676142 -36.3179 0.705619
0.676576  -36.285 0.705619
0.677009 -36.2522 0.706052
0.677442 -36.2194 0.706485
0.677876 -36.1866 0.706919
0.678309 -36.1539 0.707352
0.678743 -36.1213 0.707786
0.679176 -36.0886 0.708219
 0.67961 -36.0561 0.708653
0.680043 -36.0235 0.709086
0.680477 -35.9911  0.70952
 0.68091 -35.9586 0.709953
0.681344 -35.9262 0.710387
0.681777 -35.8939 0.710387
0.682211 -35.8615  0.71082
0.682644 -35.8293 0.711254
0.683078  -35.797 0.711687
0.683511 -35.7648 0.712121
0.683945 -35.7327 0.712554
0.684378 -35.7006 0.712988
0.684812 -35.6685 0.713421
0.685245 -35.6365 0.713855
0.685679 -35.6046 0.714288
0.686112 -35.5726 0.714722
0.686546 -35.5408 0.715155
0.686979 -35.5089 0.715155
0.687412 -35.4771 0.715589
0.687846 -35.4453 0.716022
0.688279 -35.4136 0.716455
0.688713 -35.3819 0.716889
0.689146 -35.3503 0.717322
 0.68958 -35.3187 0.717756
0.690013 -35.2871 0.718189
0.690447 -35.2556 0.718623
 0.69088 -35.2242 0.719056
0.691314 -35.1927  0.71949
0.691747 -35.1614 0.719923
0.692181   -35.13 0.719923
0.692614 -35.0987 0.720357
0.693048 -35.0674  0.72079
0.693481 -35.0362 0.721224
0.693915  -35.005 0.721657
0.694348 -34.9739 0.722091
0.694782 -34.9428 0.722524
0.695215 -34.9117 0.722958
0.695649 -34.8807 0.723391
0.696082 -34.8497 0.723825
0.696516 -34.8188 0.724258
0.696949 -34.7879 0.724692
0.697382 -34.7571 0.724692
0.697816 -34.7262 0.725125
0.698249 -34.6955 0.725559
0.698683 -34.6647 0.725992
0.699116  -34.634 0.726425
 0.69955 -34.6034 0.726859
0.699983 -34.5728 0.727292
0.700417 -34.5422 0.727726
 0.70085 -34.5117 0.728159
0.701284 -34.4812 0.728593
0.701717 -34.4507 0.729026
0.702151 -34.4203  0.72946
0.702584 -34.3899  0.72946
0.703018 -34.3596 0.729893
0.703451 -34.3293 0.730327
0.703885  -34.299  0.73076
0.704318 -34.2688 0.731194
0.704752 -34.2386 0.731627
0.705185 -34.2085 0.732061
0.705619 -34.1784 0.732494
0.706052 -34.1483 0.732928
0.706485 -34.1183 0.733361
0.706919 -34.0883 0.733795
0.707352 -34.0584 0.734228
0.707786 -34.0284 0.734228
0.708219 -33.9986 0.734662
0.708653 -33.9687 0.735095
0.709086 -33.9389 0.735529
 0.70952 -33.9092 0.735962
0.709953 -33.8795 0.736395
0.710387 -33.8498 0.736829
 0.71082 -33.8201 0.737262
0.711254 -33.7905 0.737696
0.711687  -33.761 0.738129
0.712121 -33.7315 0.738563
0.712554  -33.702 0.738996
0.712988 -33.6725 0.738996
0.713421 -33.6431  0.73943
0.713855 -33.6137 0.739863
0.714288 -33.5844 0.740297
0.714722 -33.5551  0.74073
0.715155 -33.5258 0.741164
0.715589 -33.4966 0.741597
0.716022 -33.4674 0.742031
0.716455 -33.4383 0.742464
0.716889 -33.4092 0.742898
0.717322 -33.3801 0.743331
0.717756 -33.3511 0.743331
0.718189  -33.322 0.743765
0.718623 -33.2931 0.744198
0.719056 -33.2641 0.744632
 0.71949 -33.2352 0.745065
0.719923 -33.2064 0.745498
0.720357 -33.1776 0.745932
 0.72079 -33.1488 0.746365
0.721224 -33.1201 0.746799
0.721657 -33.0913 0.747232
0.722091 -33.0627 0.747666
0.722524 -33.0341 0.748099
0.722958 -33.0055 0.748099
0.723391 -32.9769 0.748533
0.723825 -32.9484 0.748966
0.724258 -32.9199   0.7494
0.724692 -32.8914 0.749833
0.725125  -32.863 0.750267
0.725559 -32.8346   0.7507
0.725992 -32.8063 0.751134
0.726425 -32.7779 0.751567
0.726859 -32.7497 0.752001
0.727292 -32.7214 0.752434
0.727726 -32.6932 0.752868
0.728159 -32.6651 0.752868
0.728593 -32.6369 0.753301
0.729026 -32.6088 0.753735
 0.72946 -32.5808 0.754168
0.729893 -32.5527 0.754602
0.730327 -32.5247 0.755035
 0.73076 -32.4968 0.755468
0.731194 -32.4689 0.755902
0.731627  -32.441 0.756335
0.732061 -32.4131 0.756769
0.732494 -32.3853 0.757202
0.732928 -32.3575 0.757636
0.733361 -32.3298 0.757636
0.733795 -32.3021 0.758069
0.734228 -32.2744 0.758503
0.734662 -32.2468 0.758936
0.735095 -32.2192  0.75937
0.735529 -32.1916 0.759803
0.735962  -32.164 0.760237
0.736395 -32.1365  0.76067
0.736829 -32.1091 0.761104
0.737262 -32.0816 0.761537
0.737696 -32.0542 0.761971
0.738129 -32.0269 0.761971
0.738563 -31.9995 0.762404
0.738996 -31.9722 0.762838
 0.73943  -31.945 0.763271
0.739863 -31.9177 0.763705
0.740297 -31.8905 0.764138
 0.74073 -31.8634 0.764572
0.741164 -31.8362 0.765005
0.741597 -31.8091 0.765438
0.742031 -31.7821 0.765872
0.742464 -31.7551 0.766305
0.742898 -31.7281 0.766739
0.743331 -31.7011 0.766739
0.743765 -31.6742 0.767172
0.744198 -31.6473 0.767606
0.744632 -31.6204 0.768039
0.745065 -31.5936 0.768473
0.745498 -31.5668 0.768906
0.745932   -31.54  0.76934
0.746365 -31.5133 0.769773
0.746799 -31.4866 0.770207
0.747232 -31.4599  0.77064
0.747666 -31.4333 0.771074
0.748099 -31.4067 0.771074
0.748533 -31.3801 0.771507
0.748966 -31.3536 0.771941
  0.7494 -31.3271 0.772374
0.749833 -31.3006 0.772808
0.750267 -31.2742 0.773241
  0.7507 -31.2478 0.773675
0.751134 -31.2214 0.774108
0.751567 -31.1951 0.774542
0.752001 -31.1688 0.774975
0.752434 -31.1425 0.775408
0.752868 -31.1163 0.775842
0.753301 -31.0901 0.775842
0.753735 -31.0639 0.776275
0.754168 -31.0378 0.776709
0.754602 -31.0116 0.777142
0.755035 -30.9856 0.777576
0.755468 -30.9595 0.778009
0.755902 -30.9335 0.778443
0.756335 -30.9075 0.778876
0.756769 -30.8816  0.77931
0.757202 -30.8556 0.779743
0.757636 -30.8298 0.780177
0.758069 -30.8039  0.78061
0.758503 -30.7781  0.78061
0.758936 -30.7523 0.781044
 0.75937 -30.7265 0.781477
0.759803 -30.7008 0.781911
0.760237 -30.6751 0.782344
 0.76067 -30.6494 0.782778
0.761104 -30.6238 0.783211
0.761537 -30.5982 0.783645
0.761971 -30.5726 0.784078
0.762404  -30.547 0.784512
0.762838 -30.5215 0.784945
0.763271 -30.4961 0.784945
0.763705 -30.4706 0.785378
0.764138 -30.4452 0.785812
0.764572 -30.4198 0.786245
0.765005 -30.3944 0.786679
0.765438 -30.3691 0.787112
0.765872 -30.3438 0.787546
0.766305 -30.3185 0.787979
0.766739 -30.2933 0.788413
0.767172 -30.2681 0.788846
0.767606 -30.2429  0.78928
0.768039 -30.2178 0.789713
0.768473 -30.1927 0.789713
0.768906 -30.1676 0.790147
 0.76934 -30.1425  0.79058
0.769773 -30.1175 0.791014
0.770207 -30.0925 0.791447
 0.77064 -30.0675 0.791881
0.771074 -30.0426 0.792314
0.771507 -30.0177 0.792748
0.771941 -29.9928 0.793181
0.772374  -29.968 0.793615
0.772808 -29.9432 0.794048
0.773241 -29.9184 0.794048
0.773675 -29.8936 0.794481
0.774108 -29.8689 0.794915
0.774542 -29.8442 0.795348
0.774975 -29.8195 0.795782
0.775408 -29.7949 0.796215
0.775842 -29.7703 0.796649
0.776275 -29.7457 0.797082
0.776709 -29.7212 0.797516
0.777142 -29.6966 0.797949
0.777576 -29.6722 0.798383
0.778009 -29.6477 0.798816
0.778443 -29.6233 0.798816
0.778876 -29.5989  0.79925
 0.77931 -29.5745 0.799683
0.779743 -29.5501 0.800117
0.780177 -29.5258  0.80055
 0.78061 -29.5015 0.800984
0.781044 -29.4773 0.801417
0.781477 -29.4531 0.801851
0.781911 -29.4289 0.802284
0.782344 -29.4047 0.802718
0.782778 -29.3806 0.803151
0.783211 -29.3565 0.803151
0.783645 -29.3324 0.803585
0.784078 -29.3083 0.804018
0.784512 -29.2843 0.804451
0.784945 -29.2603 0.804885
0.785378 -29.2363 0.805318
0.785812 -29.2124 0.805752
0.786245 -29.1885 0.806185
0.786679 -29.1646 0.806619
0.787112 -29.1407 0.807052
0.787546 -29.1169 0.807486
0.787979 -29.0931 0.807486
0.788413 -29.0693 0.807919
0.788846 -29.0456 0.808353
 0.78928 -29.0219 0.808786
0.789713 -28.9982  0.80922
0.790147 -28.9745 0.809653
 0.79058 -28.9509 0.810087
0.791014 -28.9273  0.81052
0.791447 -28.9037 0.810954
0.791881 -28.8802 0.811387
0.792314 -28.8566 0.811821
0.792748 -28.8332 0.812254
0.793181 -28.8097 0.812254
0.793615 -28.7862 0.812688
0.794048 -28.7628 0.813121
0.794481 -28.7395 0.813555
0.794915 -28.7161 0.813988
0.795348 -28.6928 0.814421
0.795782 -28.6695 0.814855
0.796215 -28.6462 0.815288
0.796649  -28.623 0.815722
0.797082 -28.5997 0.816155
0.797516 -28.5766 0.816589
0.797949 -28.5534 0.816589
0.798383 -28.5303 0.817022
0.798816 -28.5071 0.817456
 0.79925 -28.4841 0.817889
0.799683  -28.461 0.818323
0.800117  -28.438 0.818756
 0.80055  -28.415  0.81919
0.800984  -28.392 0.819623
0.801417 -28.3691 0.820057
0.801851 -28.3461  0.82049
0.802284 -28.3232 0.820924
0.802718 -28.3004 0.821357
0.803151 -28.2775 0.821357
0.803585 -28.2547 0.821791
0.804018 -28.2319 0.822224
0.804451 -28.2092 0.822658
0.804885 -28.1864 0.823091
0.805318 -28.1637 0.823525
0.805752  -28.141 0.823958
0.806185 -28.1184 0.824391
0.806619 -28.0958 0.824825
0.807052 -28.0732 0.825258
0.807486 -28.0506 0.825692
0.807919  -28.028 0.825692
0.808353 -28.0055 0.826125
0.808786  -27.983 0.826559
 0.80922 -27.9605 0.826992
0.809653 -27.9381 0.827426
0.810087 -27.9157 0.827859
 0.81052 -27.8933 0.828293
0.810954 -27.8709 0.828726
0.811387 -27.8486  0.82916
0.811821 -27.8263 0.829593
0.812254  -27.804 0.830027
0.812688 -27.7817 0.830027
0.813121 -27.7595  0.83046
0.813555 -27.7373 0.830894
0.813988 -27.7151 0.831327
0.814421 -27.6929 0.831761
0.814855 -27.6708 0.832194
0.815288 -27.6486 0.832628
0.815722 -27.6266 0.833061
0.816155 -27.6045 0.833494
0.816589 -27.5825 0.833928
0.817022 -27.5605 0.834361
0.817456 -27.5385 0.834795
0.817889 -27.5165 0.834795
0.818323 -27.4946 0.835228
0.818756 -27.4727 0.835662
 0.81919 -27.4508 0.836095
0.819623 -27.4289 0.836529
0.820057 -27.4071 0.836962
 0.82049 -27.3853 0.837396
0.820924 -27.3635 0.837829
0.821357 -27.3418 0.838263
0.821791   -27.32 0.838696
0.822224 -27.2983  0.83913
0.822658 -27.2766  0.83913
0.823091  -27.255 0.839563
0.823525 -27.2333 0.839997
0.823958 -27.2117  0.84043
0.824391 -27.1902 0.840864
0.824825 -27.1686 0.841297
0.825258 -27.1471 0.841731
0.825692 -27.1256 0.842164
0.826125 -27.1041 0.842598
0.826559 -27.0826 0.843031
0.826992 -27.0612 0.843464
0.827426 -27.0398 0.843464
0.827859 -27.0184 0.843898
0.828293  -26.997 0.844331
0.828726 -26.9757 0.844765
 0.82916 -26.9543 0.845198
0.829593 -26.9331 0.845632
0.830027 -26.9118 0.846065
 0.83046 -26.8906 0.846499
0.830894 -26.8693 0.846932
0.831327 -26.8481 0.847366
0.831761  -26.827 0.847799
0.832194 -26.8058 0.847799
0.832628 -26.7847 0.848233
0.833061 -26.7636 0.848666
0.833494 -26.7425   0.8491
0.833928 -26.7215 0.849533
0.834361 -26.7005 0.849967
0.834795 -26.6794   0.8504
0.835228 -26.6585 0.850834
0.835662 -26.6375 0.851267
0.836095 -26.6166 0.851701
0.836529 -26.5957 0.852134
0.836962 -26.5748 0.852134
0.837396 -26.5539 0.852568
0.837829 -26.5331 0.853001
0.838263 -26.5123 0.853434
0.838696 -26.4915 0.853868
 0.83913 -26.4707 0.854301
0.839563   -26.45 0.854735
0.839997 -26.4293 0.855168
 0.84043 -26.4086 0.855602
0.840864 -26.3879 0.856035
0.841297 -26.3673 0.856469
0.841731 -26.3466 0.856469
0.842164  -26.326 0.856902
0.842598 -26.3054 0.857336
0.843031 -26.2849 0.857769
0.843464 -26.2643 0.858203
0.843898 -26.2438 0.858636
0.844331 -26.2233  0.85907
0.844765 -26.2029 0.859503
0.845198 -26.1824 0.859937
0.845632  -26.162  0.86037
0.846065 -26.1416 0.860804
0.846499 -26.1213 0.860804
0.846932 -26.1009 0.861237
0.847366 -26.0806 0.861671
0.847799 -26.0603 0.862104
0.848233   -26.04 0.862538
0.848666 -26.0197 0.862971
  0.8491 -25.9995 0.863404
0.849533 -25.9793 0.863838
0.849967 -25.9591 0.864271
  0.8504 -25.9389 0.864705
0.850834 -25.9188 0.865138
0.851267 -25.8986 0.865138
0.851701 -25.8785 0.865572
0.852134 -25.8585 0.866005
0.852568 -25.8384 0.866439
0.853001 -25.8184 0.866872
0.853434 -25.7983 0.867306
0.853868 -25.7784 0.867739
0.854301 -25.7584 0.868173
0.854735 -25.7384 0.868606
0.855168 -25.7185  0.86904
0.855602 -25.6986 0.869473
0.856035 -25.6787 0.869473
0.856469 -25.6589 0.869907
0.856902  -25.639  0.87034
0.857336 -25.6192 0.870774
0.857769 -25.5994 0.871207
0.858203 -25.5797 0.871641
0.858636 -25.5599 0.872074
 0.85907 -25.5402 0.872508
0.859503 -25.5205 0.872941
0.859937 -25.5008 0.873374
 0.86037 -25.4812 0.873808
0.860804 -25.4615 0.873808
0.861237 -25.4419 0.874241
0.861671 -25.4223 0.874675
0.862104 -25.4027 0.875108
0.862538 -25.3832 0.875542
0.862971 -25.3636 0.875975
0.863404 -25.3441 0.876409
0.863838 -25.3246 0.876842
0.864271 -25.3052 0.877276
0.864705 -25.2857 0.877709
0.865138 -25.2663 0.878143
0.865572 -25.2469 0.878143
0.866005 -25.2275 0.878576
0.866439 -25.2082  0.87901
0.866872 -25.1888 0.879443
0.867306 -25.1695 0.879877
0.867739 -25.1502  0.88031
0.868173 -25.1309 0.880744
0.868606 -25.1117 0.881177
 0.86904 -25.0925 0.881611
0.869473 -25.0733 0.882044
0.869907 -25.0541 0.882477
 0.87034 -25.0349 0.882477
0.870774 -25.0157 0.882911
0.871207 -24.9966 0.883344
0.871641 -24.9775 0.883778
0.872074 -24.9584 0.884211
0.872508 -24.9394 0.884645
0.872941 -24.9203 0.885078
0.873374 -24.9013 0.885512
0.873808 -24.8823 0.885945
0.874241 -24.8633 0.886379
0.874675 -24.8444 0.886812
0.875108 -24.8254 0.886812
0.875542 -24.8065 0.887246
0.875975 -24.7876 0.887679
0.876409 -24.7687 0.888113
0.876842 -24.7499 0.888546
0.877276  -24.731  0.88898
0.877709 -24.7122 0.889413
0.878143 -24.6934 0.889847
0.878576 -24.6746  0.89028
 0.87901 -24.6559 0.890714
0.879443 -24.6372 0.891147
0.879877 -24.6184 0.891147
 0.88031 -24.5998 0.891581
0.880744 -24.5811 0.892014
0.881177 -24.5624 0.892447
0.881611 -24.5438 0.892881
0.882044 -24.5252 0.893314
0.882477 -24.5066 0.893748
0.882911  -24.488 0.894181
0.883344 -24.4695 0.894615
0.883778 -24.4509 0.895048
0.884211 -24.4324 0.895482
0.884645 -24.4139 0.895482
0.885078 -24.3955 0.895915
0.885512  -24.377 0.896349
0.885945 -24.3586 0.896782
0.886379 -24.3402 0.897216
0.886812 -24.3218 0.897649
0.887246 -24.3034 0.898083
0.887679  -24.285 0.898516
0.888113 -24.2667  0.89895
0.888546 -24.2484 0.899383
 0.88898 -24.2301 0.899817
0.889413 -24.2118 0.899817
0.889847 -24.1936  0.90025
 0.89028 -24.1753 0.900684
0.890714 -24.1571 0.901117
0.891147 -24.1389 0.901551
0.891581 -24.1208 0.901984
0.892014 -24.1026 0.902417
0.892447 -24.0845 0.902851
0.892881 -24.0664 0.903284
0.893314 -24.0483 0.903718
0.893748 -24.0302 0.904151
0.894181 -24.0121 0.904151
0.894615 -23.9941 0.904585
0.895048 -23.9761 0.905018
0.895482 -23.9581 0.905452
0.895915 -23.9401 0.905885
0.896349 -23.9221 0.906319
0.896782 -23.9042 0.906752
0.897216 -23.8863 0.907186
0.897649 -23.8684 0.907619
0.898083 -23.8505 0.908053
0.898516 -23.8326 0.908053
 0.89895 -23.8148 0.908486
0.899383 -23.7969  0.90892
0.899817 -23.7791 0.909353
 0.90025 -23.7613 0.909787
0.900684 -23.7436  0.91022
0.901117 -23.7258 0.910654
0.901551 -23.7081 0.911087
0.901984 -23.6904 0.911521
0.902417 -23.6727 0.911954
0.902851  -23.655 0.912387
0.903284 -23.6374 0.912387
0.903718 -23.6197 0.912821
0.904151 -23.6021 0.913254
0.904585 -23.5845 0.913688
0.905018 -23.5669 0.914121
0.905452 -23.5493 0.914555
0.905885 -23.5318 0.914988
0.906319 -23.5143 0.915422
0.906752 -23.4968 0.915855
0.907186 -23.4793 0.916289
0.907619 -23.4618 0.916722
0.908053 -23.4444 0.916722
0.908486 -23.4269 0.917156
 0.90892 -23.4095 0.917589
0.909353 -23.3921 0.918023
0.909787 -23.3747 0.918456
 0.91022 -23.3574  0.91889
0.910654   -23.34 0.919323
0.911087 -23.3227 0.919757
0.911521 -23.3054  0.92019
0.911954 -23.2881 0.920624
0.912387 -23.2709 0.921057
0.912821 -23.2536 0.921057
0.913254 -23.2364  0.92149
0.913688 -23.2192 0.921924
0.914121  -23.202 0.922357
0.914555 -23.1848 0.922791
0.914988 -23.1676 0.923224
0.915422 -23.1505 0.923658
0.915855 -23.1334 0.924091
0.916289 -23.1163 0.924525
0.916722 -23.0992 0.924958
0.917156 -23.0821 0.924958
0.917589 -23.0651 0.925392
0.918023  -23.048 0.925825
0.918456  -23.031 0.926259
 0.91889  -23.014 0.926692
0.919323 -22.9971 0.927126
0.919757 -22.9801 0.927559
 0.92019 -22.9632 0.927993
0.920624 -22.9462 0.928426
0.921057 -22.9293  0.92886
 0.92149 -22.9124 0.929293
0.921924 -22.8956 0.929293
0.922357 -22.8787 0.929727
0.922791 -22.8619  0.93016
0.923224 -22.8451 0.930594
0.923658 -22.8282 0.931027
0.924091 -22.8115  0.93146
0.924525 -22.7947 0.931894
0.924958  -22.778 0.932327
0.925392 -22.7612 0.932761
0.925825 -22.7445 0.933194
0.926259 -22.7278 0.933628
0.926692 -22.7111 0.933628
0.927126 -22.6945 0.934061
0.927559 -22.6778 0.934495
0.927993 -22.6612 0.934928
0.928426 -22.6446 0.935362
 0.92886  -22.628 0.935795
0.929293 -22.6114 0.936229
0.929727 -22.5949 0.936662
 0.93016 -22.5783 0.937096
0.930594 -22.5618 0.937529
0.931027 -22.5453 0.937963
 0.93146 -22.5288 0.937963
0.931894 -22.5124 0.938396
0.932327 -22.4959  0.93883
0.932761 -22.4795 0.939263
0.933194  -22.463 0.939697
0.933628 -22.4466  0.94013
0.934061 -22.4303 0.940564
0.934495 -22.4139 0.940997
0.934928 -22.3975  0.94143
0.935362 -22.3812 0.941864
0.935795 -22.3649 0.941864
0.936229 -22.3486 0.942297
0.936662 -22.3323 0.942731
0.937096  -22.316 0.943164
0.937529 -22.2998 0.943598
0.937963 -22.2836 0.944031
0.938396 -22.2673 0.944465
 0.93883 -22.2511 0.944898
0.939263  -22.235 0.945332
0.939697 -22.2188 0.945765
 0.94013 -22.2026 0.946199
0.940564 -22.1865 0.946199
0.940997 -22.1704 0.946632
 0.94143 -22.1543 0.947066
0.941864 -22.1382 0.947499
0.942297 -22.1221 0.947933
0.942731 -22.1061 0.948366
0.943164 -22.0901   0.9488
0.943598  -22.074 0.949233
0.944031 -22.0581 0.949667
0.944465 -22.0421   0.9501
0.944898 -22.0261 0.950534
0.945332 -22.0102 0.950534
0.945765 -21.9942 0.950967
0.946199 -21.9783   0.9514
0.946632 -21.9624 0.951834
0.947066 -21.9465 0.952267
0.947499 -21.9306 0.952701
0.947933 -21.9148 0.953134
0.948366  -21.899 0.953568
  0.9488 -21.8831 0.954001
0.949233 -21.8673 0.954435
0.949667 -21.8516 0.954435
  0.9501 -21.8358 0.954868
0.950534   -21.82 0.955302
0.950967 -21.8043 0.955735
  0.9514 -21.7886 0.956169
0.951834 -21.7729 0.956602
0.952267 -21.7572 0.957036
0.952701 -21.7415 0.957469
0.953134 -21.7258 0.957903
0.953568 -21.7102 0.958336
0.954001 -21.6946  0.95877
0.954435  -21.679  0.95877
0.954868 -21.6634 0.959203
0.955302 -21.6478 0.959637
0.955735 -21.6322  0.96007
0.956169 -21.6167 0.960504
0.956602 -21.6011 0.960937
0.957036 -21.5856  0.96137
0.957469 -21.5701 0.961804
0.957903 -21.5546 0.962237
0.958336 -21.5392 0.962671
 0.95877 -21.5237 0.962671
0.959203 -21.5083 0.963104
0.959637 -21.4929 0.963538
 0.96007 -21.4775 0.963971
0.960504 -21.4621 0.964405
0.960937 -21.4467 0.964838
 0.96137 -21.4313 0.965272
0.961804  -21.416 0.965705
0.962237 -21.4007 0.966139
0.962671 -21.3854 0.966572
0.963104 -21.3701 0.967006
0.963538 -21.3548 0.967006
0.963971 -21.3395 0.967439
0.964405 -21.3243 0.967873
0.964838  -21.309 0.968306
0.965272 -21.2938  0.96874
0.965705 -21.2786 0.969173
0.966139 -21.2634 0.969607
0.966572 -21.2483  0.97004
0.967006 -21.2331 0.970473
0.967439  -21.218 0.970907
0.967873 -21.2029 0.970907
0.968306 -21.1877  0.97134
 0.96874 -21.1726 0.971774
0.969173 -21.1576 0.972207
0.969607 -21.1425 0.972641
 0.97004 -21.1274 0.973074
0.970473 -21.1124 0.973508
0.970907 -21.0974 0.973941
 0.97134 -21.0824 0.974375
0.971774 -21.0674 0.974808
0.972207 -21.0524 0.975242
0.972641 -21.0375 0.975242
0.973074 -21.0225 0.975675
0.973508 -21.0076 0.976109
0.973941 -20.9927 0.976542
0.974375 -20.9778 0.976976
0.974808 -20.9629 0.977409
0.975242  -20.948 0.977843
0.975675 -20.9332 0.978276
0.976109 -20.9183  0.97871
0.976542 -20.9035 0.979143
0.976976 -20.8887 0.979143
0.977409 -20.8739 0.979577
0.977843 -20.8591  0.98001
0.978276 -20.8444 0.980443
 0.97871 -20.8296 0.980877
0.979143 -20.8149  0.98131
0.979577 -20.8002 0.981744
 0.98001 -20.7855 0.982177
0.980443 -20.7708 0.982611
0.980877 -20.7561 0.983044
 0.98131 -20.7414 0.983478
0.981744 -20.7268 0.983478
0.982177 -20.7122 0.983911
0.982611 -20.6975 0.984345
0.983044 -20.6829 0.984778
0.983478 -20.6683 0.985212
0.983911 -20.6538 0.985645
0.984345 -20.6392 0.986079
0.984778 -20.6247 0.986512
0.985212 -20.6101 0.986946
0.985645 -20.5956 0.987379
0.986079 -20.5811 0.987379
0.986512 -20.5666 0.987813
0.986946 -20.5522 0.988246
0.987379 -20.5377  0.98868
0.987813 -20.5233 0.989113
0.988246 -20.5088 0.989547
 0.98868 -20.4944  0.98998
0.989113   -20.48 0.990413
0.989547 -20.4656 0.990847
 0.98998 -20.4513  0.99128
0.990413 -20.4369 0.991714
0.990847 -20.4226 0.991714
 0.99128 -20.4082 0.992147
0.991714 -20.3939 0.992581
0.992147 -20.3796 0.993014
0.992581 -20.3653 0.993448
0.993014 -20.3511 0.993881
0.993448 -20.3368 0.994315
0.993881 -20.3226 0.994748
0.994315 -20.3083 0.995182
0.994748 -20.2941 0.995615
0.995182 -20.2799 0.995615
0.995615 -20.2657 0.996049
0.996049 -20.2516 0.996482
0.996482 -20.2374 0.996916
0.996916 -20.2233 0.997349
0.997349 -20.2091 0.997783
0.997783  -20.195 0.998216
0.998216 -20.1809  0.99865
 0.99865 -20.1668 0.999083
0.999083 -20.1527 0.999517
0.999517 -20.1387 0.999517
 0.99995 -20.1246  0.99995
 1.00038 -20.1106  1.00038
 1.00082 -20.0966  1.00082
 1.00125 -20.0826  1.00125
 1.00168 -20.0686  1.00168
 1.00212 -20.0546  1.00212
 1.00255 -20.0406  1.00255
 1.00298 -20.0267  1.00298
 1.00342 -20.0128  1.00342
 1.00385 -19.9988  1.00385
 1.00428 -19.9849  1.00385
 1.00472  -19.971  1.00428
 1.00515 -19.9571  1.00472
 1.00559 -19.9433  1.00515
 1.00602 -19.9294  1.00559
 1.00645 -19.9156  1.00602
 1.00689 -19.9017  1.00645
 1.00732 -19.8879  1.00689
 1.00775 -19.8741  1.00732
 1.00819 -19.8604  1.00775
 1.00862 -19.8466  1.00775
 1.00905 -19.8328  1.00819
 1.00949 -19.8191  1.00862
 1.00992 -19.8053  1.00905
 1.01035 -19.7916  1.00949
 1.01079 -19.7779  1.00992
 1.01122 -19.7642  1.01035
 1.01165 -19.7505  1.01079
 1.01209 -19.7369  1.01122
 1.01252 -19.7232  1.01165
 1.01295 -19.7096  1.01209
 1.01339  -19.696  1.01209
 1.01382 -19.6823  1.01252
 1.01425 -19.6687  1.01295
 1.01469 -19.6552  1.01339
 1.01512 -19.6416  1.01382
 1.01556  -19.628  1.01425
 1.01599 -19.6145  1.01469
 1.01642 -19.6009  1.01512
 1.01686 -19.5874  1.01556
 1.01729 -19.5739  1.01599
 1.01772 -19.5604  1.01599
 1.01816 -19.5469  1.01642
 1.01859 -19.5335  1.01686
 1.01902   -19.52  1.01729
 1.01946 -19.5066  1.01772
 1.01989 -19.4931  1.01816
 1.02032 -19.4797  1.01859
 1.02076 -19.4663  1.01902
 1.02119 -19.4529  1.01946
 1.02162 -19.4396  1.01989
 1.02206 -19.4262  1.01989
 1.02249 -19.4129  1.02032
 1.02292 -19.3995  1.02076
 1.02336 -19.3862  1.02119
 1.02379 -19.3729  1.02162
 1.02422 -19.3596  1.02206
 1.02466 -19.3463  1.02249
 1.02509  -19.333  1.02292
 1.02553 -19.3198  1.02336
 1.02596 -19.3065  1.02379
 1.02639 -19.2933  1.02422
 1.02683 -19.2801  1.02422
 1.02726 -19.2668  1.02466
 1.02769 -19.2537  1.02509
 1.02813 -19.2405  1.02553
 1.02856 -19.2273  1.02596
 1.02899 -19.2141  1.02639
 1.02943  -19.201  1.02683
 1.02986 -19.1879  1.02726
 1.03029 -19.1747  1.02769
 1.03073 -19.1616  1.02813
 1.03116 -19.1485  1.02813
 1.03159 -19.1355  1.02856
 1.03203 -19.1224  1.02899
 1.03246 -19.1093  1.02943
 1.03289 -19.0963  1.02986
 1.03333 -19.0833  1.03029
 1.03376 -19.0702  1.03073
 1.03419 -19.0572  1.03116
 1.03463 -19.0442  1.03159
 1.03506 -19.0313  1.03203
  1.0355 -19.0183  1.03203
 1.03593 -19.0053  1.03246
 1.03636 -18.9924  1.03289
  1.0368 -18.9795  1.03333
 1.03723 -18.9665  1.03376
 1.03766 -18.9536  1.03419
  1.0381 -18.9407  1.03463
 1.03853 -18.9279  1.03506
 1.03896  -18.915   1.0355
  1.0394 -18.9021  1.03593
 1.03983 -18.8893  1.03593
 1.04026 -18.8765  1.03636
  1.0407 -18.8636   1.0368
 1.04113 -18.8508  1.03723
 1.04156  -18.838  1.03766
   1.042 -18.8252   1.0381
 1.04243 -18.8125  1.03853
 1.04286 -18.7997  1.03896
  1.0433  -18.787   1.0394
 1.04373 -18.7742  1.03983
 1.04416 -18.7615  1.04026
  1.0446 -18.7488  1.04026
 1.04503 -18.7361   1.0407
 1.04547 -18.7234  1.04113
  1.0459 -18.7107  1.04156
 1.04633 -18.6981    1.042
 1.04677 -18.6854  1.04243
  1.0472 -18.6728  1.04286
 1.04763 -18.6602   1.0433
 1.04807 -18.6476  1.04373
  1.0485  -18.635  1.04416
 1.04893 -18.6224  1.04416
 1.04937 -18.6098   1.0446
  1.0498 -18.5972  1.04503
 1.05023 -18.5847  1.04547
 1.05067 -18.5721   1.0459
  1.0511 -18.5596  1.04633
 1.05153 -18.5471  1.04677
 1.05197 -18.5346   1.0472
  1.0524 -18.5221  1.04763
 1.05283 -18.5096  1.04807
 1.05327 -18.4971  1.04807
  1.0537 -18.4847   1.0485
 1.05413 -18.4722  1.04893
 1.05457 -18.4598  1.04937
   1.055 -18.4473   1.0498
 1.05544 -18.4349  1.05023
 1.05587 -18.4225  1.05067
  1.0563 -18.4102   1.0511
 1.05674 -18.3978  1.05153
 1.05717 -18.3854  1.05197
  1.0576 -18.3731  1.05197
 1.05804 -18.3607   1.0524
 1.05847 -18.3484  1.05283
  1.0589 -18.3361  1.05327
 1.05934 -18.3238   1.0537
 1.05977 -18.3115  1.05413
  1.0602 -18.2992  1.05457
 1.06064 -18.2869    1.055
 1.06107 -18.2747  1.05544
  1.0615 -18.2624  1.05587
 1.06194 -18.2502   1.0563
 1.06237 -18.2379   1.0563
  1.0628 -18.2257  1.05674
 1.06324 -18.2135  1.05717
 1.06367 -18.2013   1.0576
  1.0641 -18.1892  1.05804
 1.06454  -18.177  1.05847
 1.06497 -18.1648   1.0589
 1.06541 -18.1527  1.05934
 1.06584 -18.1406  1.05977
 1.06627 -18.1284   1.0602
 1.06671 -18.1163   1.0602
 1.06714 -18.1042  1.06064
 1.06757 -18.0921  1.06107
 1.06801 -18.0801   1.0615
 1.06844  -18.068  1.06194
 1.06887 -18.0559  1.06237
 1.06931 -18.0439   1.0628
 1.06974 -18.0319  1.06324
 1.07017 -18.0198  1.06367
 1.07061 -18.0078   1.0641
 1.07104 -17.9958   1.0641
 1.07147 -17.9838  1.06454
 1.07191 -17.9719  1.06497
 1.07234 -17.9599  1.06541
 1.07277  -17.948  1.06584
 1.07321  -17.936  1.06627
 1.07364 -17.9241  1.06671
 1.07407 -17.9122  1.06714
 1.07451 -17.9003  1.06757
 1.07494 -17.8884  1.06801
 1.07538 -17.8765  1.06801
 1.07581 -17.8646  1.06844
 1.07624 -17.8527  1.06887
 1.07668 -17.8409  1.06931
 1.07711  -17.829  1.06974
 1.07754 -17.8172  1.07017
 1.07798 -17.8054  1.07061
 1.07841 -17.7936  1.07104
 1.07884 -17.7818  1.07147
 1.07928   -17.77  1.07191
 1.07971 -17.7582  1.07191
 1.08014 -17.7465  1.07234
 1.08058 -17.7347  1.07277
 1.08101  -17.723  1.07321
 1.08144 -17.7112  1.07364
 1.08188 -17.6995  1.07407
 1.08231 -17.6878  1.07451
 1.08274 -17.6761  1.07494
 1.08318 -17.6644  1.07538
 1.08361 -17.6527  1.07581
 1.08404 -17.6411  1.07581
 1.08448 -17.6294  1.07624
 1.08491 -17.6178  1.07668
 1.08535 -17.6061  1.07711
 1.08578 -17.5945  1.07754
 1.08621 -17.5829  1.07798
 1.08665 -17.5713  1.07841
 1.08708 -17.5597  1.07884
 1.08751 -17.5481  1.07928
 1.08795 -17.5366  1.07971
 1.08838  -17.525  1.07971
 1.08881 -17.5135  1.08014
 1.08925 -17.5019  1.08058
 1.08968 -17.4904  1.08101
 1.09011 -17.4789  1.08144
 1.09055 -17.4674  1.08188
 1.09098 -17.4559  1.08231
 1.09141 -17.4444  1.08274
 1.09185 -17.4329  1.08318
 1.09228 -17.4215  1.08361
 1.09271   -17.41  1.08361
 1.09315 -17.3986  1.08404
 1.09358 -17.3871  1.08448
 1.09401 -17.3757  1.08491
 1.09445 -17.3643  1.08535
 1.09488 -17.3529  1.08578
 1.09532 -17.3415  1.08621
 1.09575 -17.3301  1.08665
 1.09618 -17.3188  1.08708
 1.09662 -17.3074  1.08751
 1.09705 -17.2961  1.08795
 1.09748 -17.2847  1.08795
 1.09792 -17.2734  1.08838
 1.09835 -17.2621  1.08881
 1.09878 -17.2508  1.08925
 1.09922 -17.2395  1.08968
 1.09965 -17.2282  1.09011
 1.10008 -17.2169  1.09055
 1.10052 -17.2057  1.09098
 1.10095 -17.1944  1.09141
 1.10138 -17.1832  1.09185
 1.10182 -17.1719  1.09185
 1.10225 -17.1607  1.09228
 1.10268 -17.1495  1.09271
 1.10312 -17.1383  1.09315
 1.10355 -17.1271  1.09358
 1.10398 -17.1159  1.09401
 1.10442 -17.1047  1.09445
 1.10485 -17.0936  1.09488
 1.10529 -17.0824  1.09532
 1.10572 -17.0713  1.09575
 1.10615 -17.0602  1.09575
 1.10659  -17.049  1.09618
 1.10702 -17.0379  1.09662
 1.10745 -17.0268  1.09705
 1.10789 -17.0157  1.09748
 1.10832 -17.0047  1.09792
 1.10875 -16.9936  1.09835
 1.10919 -16.9825  1.09878
 1.10962 -16.9715  1.09922
 1.11005 -16.9604  1.09965
 1.11049 -16.9494  1.09965
 1.11092 -16.9384  1.10008
 1.11135 -16.9274  1.10052
 1.11179 -16.9164  1.10095
 1.11222 -16.9054  1.10138
 1.11265 -16.8944  1.10182
 1.11309 -16.8834  1.10225
 1.11352 -16.8725  1.10268
 1.11395 -16.8615  1.10312
 1.11439 -16.8506  1.10355
 1.11482 -16.8397  1.10355
 1.11526 -16.8287  1.10398
 1.11569 -16.8178  1.10442
 1.11612 -16.8069  1.10485
 1.11656  -16.796  1.10529
 1.11699 -16.7852  1.10572
 1.11742 -16.7743  1.10615
 1.11786 -16.7634  1.10659
 1.11829 -16.7526  1.10702
 1.11872 -16.7418  1.10745
 1.11916 -16.7309  1.10745
 1.11959 -16.7201  1.10789
 1.12002 -16.7093  1.10832
 1.12046 -16.6985  1.10875
 1.12089 -16.6877  1.10919
 1.12132 -16.6769  1.10962
 1.12176 -16.6661  1.11005
 1.12219 -16.6554  1.11049
 1.12262 -16.6446  1.11092
 1.12306 -16.6339  1.11135
 1.12349 -16.6232  1.11135
 1.12392 -16.6124  1.11179
 1.12436 -16.6017  1.11222
 1.12479  -16.591  1.11265
 1.12523 -16.5803  1.11309
 1.12566 -16.5696  1.11352
 1.12609  -16.559  1.11395
 1.12653 -16.5483  1.11439
 1.12696 -16.5376  1.11482
 1.12739  -16.527  1.11526
 1.12783 -16.5164  1.11526
 1.12826 -16.5057  1.11569
 1.12869 -16.4951  1.11612
 1.12913 -16.4845  1.11656
 1.12956 -16.4739  1.11699
 1.12999 -16.4633  1.11742
 1.13043 -16.4527  1.11786
 1.13086 -16.4422  1.11829
 1.13129 -16.4316  1.11872
 1.13173 -16.4211  1.11916
 1.13216 -16.4105  1.11916
 1.13259    -16.4  1.11959
 1.13303 -16.3895  1.12002
 1.13346 -16.3789  1.12046
 1.13389 -16.3684  1.12089
 1.13433 -16.3579  1.12132
 1.13476 -16.3475  1.12176
  1.1352  -16.337  1.12219
 1.13563 -16.3265  1.12262
 1.13606 -16.3161  1.12306
  1.1365 -16.3056  1.12306
 1.13693 -16.2952  1.12349
 1.13736 -16.2848  1.12392
  1.1378 -16.2743  1.12436
 1.13823 -16.2639  1.12479
 1.13866 -16.2535  1.12523
  1.1391 -16.2431  1.12566
 1.13953 -16.2328  1.12609
 1.13996 -16.2224  1.12653
  1.1404  -16.212  1.12696
 1.14083 -16.2017  1.12696
 1.14126 -16.1913  1.12739
  1.1417  -16.181  1.12783
 1.14213 -16.1707  1.12826
 1.14256 -16.1603  1.12869
   1.143   -16.15  1.12913
 1.14343 -16.1397  1.12956
 1.14386 -16.1294  1.12999
  1.1443 -16.1192  1.13043
 1.14473 -16.1089  1.13086
 1.14517 -16.0986  1.13086
  1.1456 -16.0884  1.13129
 1.14603 -16.0781  1.13173
 1.14647 -16.0679  1.13216
  1.1469 -16.0577  1.13259
 1.14733 -16.0475  1.13303
 1.14777 -16.0373  1.13346
  1.1482 -16.0271  1.13389
 1.14863 -16.0169  1.13433
 1.14907 -16.0067  1.13476
  1.1495 -15.9965  1.13476
 1.14993 -15.9864   1.1352
 1.15037 -15.9762  1.13563
  1.1508 -15.9661  1.13606
 1.15123 -15.9559   1.1365
 1.15167 -15.9458  1.13693
  1.1521 -15.9357  1.13736
 1.15253 -15.9256   1.1378
 1.15297 -15.9155  1.13823
  1.1534 -15.9054  1.13866
 1.15383 -15.8953  1.13866
 1.15427 -15.8852   1.1391
  1.1547 -15.8752  1.13953
 1.15514 -15.8651  1.13996
 1.15557 -15.8551   1.1404
   1.156  -15.845  1.14083
 1.15644  -15.835  1.14126
 1.15687  -15.825   1.1417
  1.1573  -15.815  1.14213
 1.15774  -15.805  1.14256
 1.15817  -15.795  1.14256
  1.1586  -15.785    1.143
 1.15904  -15.775  1.14343
 1.15947 -15.7651  1.14386
  1.1599 -15.7551   1.1443
 1.16034 -15.7452  1.14473
 1.16077 -15.7352  1.14517
  1.1612 -15.7253   1.1456
 1.16164 -15.7154  1.14603
 1.16207 -15.7055  1.14647
  1.1625 -15.6955  1.14647
 1.16294 -15.6856   1.1469
 1.16337 -15.6758  1.14733
  1.1638 -15.6659  1.14777
 1.16424  -15.656   1.1482
 1.16467 -15.6462  1.14863
 1.16511 -15.6363  1.14907
 1.16554 -15.6265   1.1495
 1.16597 -15.6166  1.14993
 1.16641 -15.6068  1.15037
 1.16684  -15.597  1.15037
 1.16727 -15.5872   1.1508
 1.16771 -15.5774  1.15123
 1.16814 -15.5676  1.15167
 1.16857 -15.5578   1.1521
 1.16901  -15.548  1.15253
 1.16944 -15.5383  1.15297
 1.16987 -15.5285   1.1534
 1.17031 -15.5187  1.15383
 1.17074  -15.509  1.15383
 1.17117 -15.4993  1.15427
 1.17161 -15.4896   1.1547
 1.17204 -15.4798  1.15514
 1.17247 -15.4701  1.15557
 1.17291 -15.4604    1.156
 1.17334 -15.4507  1.15644
 1.17377 -15.4411  1.15687
 1.17421 -15.4314   1.1573
 1.17464 -15.4217  1.15774
 1.17508 -15.4121  1.15774
 1.17551 -15.4024  1.15817
 1.17594 -15.3928   1.1586
 1.17638 -15.3832  1.15904
 1.17681 -15.3735  1.15947
 1.17724 -15.3639   1.1599
 1.17768 -15.3543  1.16034
 1.17811 -15.3447  1.16077
 1.17854 -15.3351   1.1612
 1.17898 -15.3256  1.16164
 1.17941  -15.316  1.16164
 1.17984 -15.3064  1.16207
 1.18028 -15.2969   1.1625
 1.18071 -15.2873  1.16294
 1.18114 -15.2778  1.16337
 1.18158 -15.2682   1.1638
 1.18201 -15.2587  1.16424
 1.18244 -15.2492  1.16467
 1.18288 -15.2397  1.16511
 1.18331 -15.2302  1.16554
 1.18374 -15.2207  1.16554
 1.18418 -15.2112  1.16597
 1.18461 -15.2018  1.16641
 1.18505 -15.1923  1.16684
 1.18548 -15.1829  1.16727
 1.18591 -15.1734  1.16771
 1.18635  -15.164  1.16814
 1.18678 -15.1545  1.16857
 1.18721 -15.1451  1.16901
 1.18765 -15.1357  1.16944
 1.18808 -15.1263  1.16944
 1.18851 -15.1169  1.16987
 1.18895 -15.1075  1.17031
 1.18938 -15.0981  1.17074
 1.18981 -15.0887  1.17117
 1.19025 -15.0794  1.17161
 1.19068   -15.07  1.17204
 1.19111 -15.0607  1.17247
 1.19155 -15.0513  1.17291
 1.19198  -15.042  1.17334
 1.19241 -15.0327  1.17334
 1.19285 -15.0234  1.17377
 1.19328  -15.014  1.17421
 1.19371 -15.0047  1.17464
 1.19415 -14.9955  1.17508
 1.19458 -14.9862  1.17551
 1.19502 -14.9769  1.17594
 1.19545 -14.9676  1.17638
 1.19588 -14.9584  1.17681
 1.19632 -14.9491  1.17724
 1.19675 -14.9399  1.17724
 1.19718 -14.9306  1.17768
 1.19762 -14.9214  1.17811
 1.19805 -14.9122  1.17854
 1.19848  -14.903  1.17898
 1.19892 -14.8938  1.17941
 1.19935 -14.8846  1.17984
 1.19978 -14.8754  1.18028
 1.20022 -14.8662  1.18071
 1.20065  -14.857  1.18071
 1.20108 -14.8478  1.18114
 1.20152 -14.8387  1.18158
 1.20195 -14.8295  1.18201
 1.20238 -14.8204  1.18244
 1.20282 -14.8113  1.18288
 1.20325 -14.8021  1.18331
 1.20368  -14.793  1.18374
 1.20412 -14.7839  1.18418
 1.20455 -14.7748  1.18461
 1.20498 -14.7657  1.18461
 1.20542 -14.7566  1.18505
 1.20585 -14.7475  1.18548
 1.20629 -14.7385  1.18591
 1.20672 -14.7294  1.18635
 1.20715 -14.7203  1.18678
 1.20759 -14.7113  1.18721
 1.20802 -14.7023  1.18765
 1.20845 -14.6932  1.18808
 1.20889 -14.6842  1.18851
 1.20932 -14.6752  1.18851
 1.20975 -14.6662  1.18895
 1.21019 -14.6572  1.18938
 1.21062 -14.6482  1.18981
 1.21105 -14.6392  1.19025
 1.21149 -14.6302  1.19068
 1.21192 -14.6212  1.19111
 1.21235 -14.6123  1.19155
 1.21279 -14.6033  1.19198
 1.21322 -14.5944  1.19241
 1.21365 -14.5854  1.19241
 1.21409 -14.5765  1.19285
 1.21452 -14.5676  1.19328
 1.21495 -14.5587  1.19371
 1.21539 -14.5497  1.19415
 1.21582 -14.5408  1.19458
 1.21626 -14.5319  1.19502
 1.21669 -14.5231  1.19545
 1.21712 -14.5142  1.19588
 1.21756 -14.5053  1.19632
 1.21799 -14.4964  1.19632
 1.21842 -14.4876  1.19675
 1.21886 -14.4787  1.19718
 1.21929 -14.4699  1.19762
 1.21972 -14.4611  1.19805
 1.22016 -14.4522  1.19848
 1.22059 -14.4434  1.19892
 1.22102 -14.4346  1.19935
 1.22146 -14.4258  1.19978
 1.22189  -14.417  1.19978
 1.22232 -14.4082  1.20022
 1.22276 -14.3994  1.20065
 1.22319 -14.3906  1.20108
 1.22362 -14.3819  1.20152
 1.22406 -14.3731  1.20195
 1.22449 -14.3644  1.20238
 1.22492 -14.3556  1.20282
 1.22536 -14.3469  1.20325
 1.22579 -14.3381  1.20368
 1.22623 -14.3294  1.20368
 1.22666 -14.3207  1.20412
 1.22709  -14.312  1.20455
 1.22753 -14.3033  1.20498
 1.22796 -14.2946  1.20542
 1.22839 -14.2859  1.20585
 1.22883 -14.2772  1.20629
 1.22926 -14.2686  1.20672
 1.22969 -14.2599  1.20715
 1.23013 -14.2512  1.20759
 1.23056 -14.2426  1.20759
 1.23099  -14.234  1.20802
 1.23143 -14.2253  1.20845
 1.23186 -14.2167  1.20889
 1.23229 -14.2081  1.20932
 1.23273 -14.1995  1.20975
 1.23316 -14.1908  1.21019
 1.23359 -14.1823  1.21062
 1.23403 -14.1737  1.21105
 1.23446 -14.1651  1.21149
 1.23489 -14.1565  1.21149
 1.23533 -14.1479  1.21192
 1.23576 -14.1394  1.21235
  1.2362 -14.1308  1.21279
 1.23663 -14.1223  1.21322
 1.23706 -14.1137  1.21365
  1.2375 -14.1052  1.21409
 1.23793 -14.0967  1.21452
 1.23836 -14.0881  1.21495
  1.2388 -14.0796  1.21495
 1.23923 -14.0711  1.21539
 1.23966 -14.0626  1.21582
  1.2401 -14.0541  1.21626
 1.24053 -14.0456  1.21669
 1.24096 -14.0372  1.21712
  1.2414 -14.0287  1.21756
 1.24183 -14.0202  1.21799
 1.24226 -14.0118  1.21842
  1.2427 -14.0033  1.21886
 1.24313 -13.9949  1.21886
 1.24356 -13.9865  1.21929
   1.244  -13.978  1.21972
 1.24443 -13.9696  1.22016
 1.24486 -13.9612  1.22059
  1.2453 -13.9528  1.22102
 1.24573 -13.9444  1.22146
 1.24617  -13.936  1.22189
  1.2466 -13.9276  1.22232
 1.24703 -13.9192  1.22276
 1.24747 -13.9109  1.22276
  1.2479 -13.9025  1.22319
 1.24833 -13.8941  1.22362
 1.24877 -13.8858  1.22406
  1.2492 -13.8775  1.22449
 1.24963 -13.8691  1.22492
 1.25007 -13.8608  1.22536
  1.2505 -13.8525  1.22579
 1.25093 -13.8442  1.22623
 1.25137 -13.8358  1.22666
  1.2518 -13.8275  1.22666
 1.25223 -13.8192  1.22709
 1.25267  -13.811  1.22753
  1.2531 -13.8027  1.22796
 1.25353 -13.7944  1.22839
 1.25397 -13.7861  1.22883
  1.2544 -13.7779  1.22926
 1.25483 -13.7696  1.22969
 1.25527 -13.7614  1.23013
  1.2557 -13.7531  1.23013
 1.25614 -13.7449  1.23056
 1.25657 -13.7367  1.23099
   1.257 -13.7285  1.23143
 1.25744 -13.7202  1.23186
 1.25787  -13.712  1.23229
  1.2583 -13.7038  1.23273
 1.25874 -13.6957  1.23316
 1.25917 -13.6875  1.23359
  1.2596 -13.6793  1.23403
 1.26004 -13.6711  1.23403
 1.26047  -13.663  1.23446
  1.2609 -13.6548  1.23489
 1.26134 -13.6466  1.23533
 1.26177 -13.6385  1.23576
  1.2622 -13.6304   1.2362
 1.26264 -13.6222  1.23663
 1.26307 -13.6141  1.23706
  1.2635  -13.606   1.2375
 1.26394 -13.5979  1.23793
 1.26437 -13.5898  1.23793
  1.2648 -13.5817  1.23836
 1.26524 -13.5736   1.2388
 1.26567 -13.5655  1.23923
 1.26611 -13.5574  1.23966
 1.26654 -13.5494   1.2401
 1.26697 -13.5413  1.24053
 1.26741 -13.5332  1.24096
 1.26784 -13.5252   1.2414
 1.26827 -13.5171   1.2414
 1.26871 -13.5091  1.24183
 1.26914 -13.5011  1.24226
 1.26957 -13.4931   1.2427
 1.27001  -13.485  1.24313
 1.27044  -13.477  1.24356
 1.27087  -13.469    1.244
 1.27131  -13.461  1.24443
 1.27174  -13.453  1.24486
 1.27217 -13.4451   1.2453
 1.27261 -13.4371   1.2453
 1.27304 -13.4291  1.24573
 1.27347 -13.4211  1.24617
 1.27391 -13.4132   1.2466
 1.27434 -13.4052  1.24703
 1.27477 -13.3973  1.24747
 1.27521 -13.3893   1.2479
 1.27564 -13.3814  1.24833
 1.27608 -13.3735  1.24877
 1.27651 -13.3656   1.2492
 1.27694 -13.3577   1.2492
 1.27738 -13.3498  1.24963
 1.27781 -13.3419  1.25007
 1.27824  -13.334   1.2505
 1.27868 -13.3261  1.25093
 1.27911 -13.3182  1.25137
 1.27954 -13.3103   1.2518
 1.27998 -13.3025  1.25223
 1.28041 -13.2946  1.25267
 1.28084 -13.2867  1.25267
 1.28128 -13.2789   1.2531
 1.28171  -13.271  1.25353
 1.28214 -13.2632  1.25397
 1.28258 -13.2554   1.2544
 1.28301 -13.2476  1.25483
 1.28344 -13.2397  1.25527
 1.28388 -13.2319   1.2557
 1.28431 -13.2241  1.25614
 1.28474 -13.2163  1.25657
 1.28518 -13.2086  1.25657
 1.28561 -13.2008    1.257
 1.28605  -13.193  1.25744
 1.28648 -13.1852  1.25787
 1.28691 -13.1775   1.2583
 1.28735 -13.1697  1.25874
 1.28778 -13.1619  1.25917
 1.28821 -13.1542   1.2596
 1.28865 -13.1465  1.26004
 1.28908 -13.1387  1.26047
 1.28951  -13.131  1.26047
 1.28995 -13.1233   1.2609
 1.29038 -13.1156  1.26134
 1.29081 -13.1079  1.26177
 1.29125 -13.1002   1.2622
 1.29168 -13.0925  1.26264
 1.29211 -13.0848  1.26307
 1.29255 -13.0771   1.2635
 1.29298 -13.0694  1.26394
 1.29341 -13.0617  1.26394
 1.29385 -13.0541  1.26437
 1.29428 -13.0464   1.2648
 1.29471 -13.0388  1.26524
 1.29515 -13.0311  1.26567
 1.29558 -13.0235  1.26611
 1.29602 -13.0158  1.26654
 1.29645 -13.0082  1.26697
 1.29688 -13.0006  1.26741
 1.29732  -12.993  1.26784
 1.29775 -12.9854  1.26784
 1.29818 -12.9778  1.26827
 1.29862 -12.9702  1.26871
 1.29905 -12.9626  1.26914
 1.29948  -12.955  1.26957
 1.29992 -12.9474  1.27001
 1.30035 -12.9399  1.27044
 1.30078 -12.9323  1.27087
 1.30122 -12.9247  1.27131
 1.30165 -12.9172  1.27131
 1.30208 -12.9096  1.27174
 1.30252 -12.9021  1.27217
 1.30295 -12.8946  1.27261
 1.30338  -12.887  1.27304
 1.30382 -12.8795  1.27347
 1.30425  -12.872  1.27391
 1.30468 -12.8645  1.27434
 1.30512  -12.857  1.27477
 1.30555 -12.8495  1.27521
 1.30599  -12.842  1.27521
 1.30642 -12.8345  1.27564
 1.30685  -12.827  1.27608
 1.30729 -12.8195  1.27651
 1.30772 -12.8121  1.27694
 1.30815 -12.8046  1.27738
 1.30859 -12.7972  1.27781
 1.30902 -12.7897  1.27824
 1.30945 -12.7823  1.27868
 1.30989 -12.7748  1.27911
 1.31032 -12.7674  1.27911
 1.31075   -12.76  1.27954
 1.31119 -12.7525  1.27998
 1.31162 -12.7451  1.28041
 1.31205 -12.7377  1.28084
 1.31249 -12.7303  1.28128
 1.31292 -12.7229  1.28171
 1.31335 -12.7155  1.28214
 1.31379 -12.7082  1.28258
 1.31422 -12.7008  1.28258
 1.31465 -12.6934  1.28301
 1.31509  -12.686  1.28344
 1.31552 -12.6787  1.28388
 1.31596 -12.6713  1.28431
 1.31639  -12.664  1.28474
 1.31682 -12.6566  1.28518
 1.31726 -12.6493  1.28561
 1.31769  -12.642  1.28605
 1.31812 -12.6346  1.28648
 1.31856 -12.6273  1.28648
 1.31899   -12.62  1.28691
 1.31942 -12.6127  1.28735
 1.31986 -12.6054  1.28778
 1.32029 -12.5981  1.28821
 1.32072 -12.5908  1.28865
 1.32116 -12.5835  1.28908
 1.32159 -12.5762  1.28951
 1.32202  -12.569  1.28995
 1.32246 -12.5617  1.28995
 1.32289 -12.5544  1.29038
 1.32332 -12.5472  1.29081
 1.32376 -12.5399  1.29125
 1.32419 -12.5327  1.29168
 1.32462 -12.5255  1.29211
 1.32506 -12.5182  1.29255
 1.32549  -12.511  1.29298
 1.32593 -12.5038  1.29341
 1.32636 -12.4966  1.29385
 1.32679 -12.4894  1.29385
 1.32723 -12.4822  1.29428
 1.32766  -12.475  1.29471
 1.32809 -12.4678  1.29515
 1.32853 -12.4606  1.29558
 1.32896 -12.4534  1.29602
 1.32939 -12.4462  1.29645
 1.32983 -12.4391  1.29688
 1.33026 -12.4319  1.29732
 1.33069 -12.4247  1.29775
 1.33113 -12.4176  1.29775
 1.33156 -12.4104  1.29818
 1.33199 -12.4033  1.29862
 1.33243 -12.3962  1.29905
 1.33286  -12.389  1.29948
 1.33329 -12.3819  1.29992
 1.33373 -12.3748  1.30035
 1.33416 -12.3677  1.30078
 1.33459 -12.3606  1.30122
 1.33503 -12.3535  1.30122
 1.33546 -12.3464  1.30165
  1.3359 -12.3393  1.30208
 1.33633 -12.3322  1.30252
 1.33676 -12.3251  1.30295
  1.3372 -12.3181  1.30338
 1.33763  -12.311  1.30382
 1.33806 -12.3039  1.30425
  1.3385 -12.2969  1.30468
 1.33893 -12.2898  1.30512
 1.33936 -12.2828  1.30512
  1.3398 -12.2757  1.30555
 1.34023 -12.2687  1.30599
 1.34066 -12.2617  1.30642
  1.3411 -12.2547  1.30685
 1.34153 -12.2476  1.30729
 1.34196 -12.2406  1.30772
  1.3424 -12.2336  1.30815
 1.34283 -12.2266  1.30859
 1.34326 -12.2196  1.30859
  1.3437 -12.2126  1.30902
 1.34413 -12.2057  1.30945
 1.34456 -12.1987  1.30989
   1.345 -12.1917  1.31032
 1.34543 -12.1847  1.31075
 1.34587 -12.1778  1.31119
  1.3463 -12.1708  1.31162
 1.34673 -12.1639  1.31205
 1.34717 -12.1569  1.31249
  1.3476   -12.15  1.31249
 1.34803 -12.1431  1.31292
 1.34847 -12.1361  1.31335
  1.3489 -12.1292  1.31379
 1.34933 -12.1223  1.31422
 1.34977 -12.1154  1.31465
  1.3502 -12.1085  1.31509
 1.35063 -12.1016  1.31552
 1.35107 -12.0947  1.31596
  1.3515 -12.0878  1.31596
 1.35193 -12.0809  1.31639
 1.35237  -12.074  1.31682
  1.3528 -12.0671  1.31726
 1.35323 -12.0603  1.31769
 1.35367 -12.0534  1.31812
  1.3541 -12.0465  1.31856
 1.35453 -12.0397  1.31899
 1.35497 -12.0329  1.31942
  1.3554  -12.026  1.31986
 1.35584 -12.0192  1.31986
 1.35627 -12.0123  1.32029
  1.3567 -12.0055  1.32072
 1.35714 -11.9987  1.32116
 1.35757 -11.9919  1.32159
   1.358 -11.9851  1.32202
 1.35844 -11.9783  1.32246
 1.35887 -11.9715  1.32289
  1.3593 -11.9647  1.32332
 1.35974 -11.9579  1.32332
 1.36017 -11.9511  1.32376
  1.3606 -11.9443  1.32419
 1.36104 -11.9375  1.32462
 1.36147 -11.9308  1.32506
  1.3619  -11.924  1.32549
 1.36234 -11.9173  1.32593
 1.36277 -11.9105  1.32636
  1.3632 -11.9038  1.32679
 1.36364  -11.897  1.32723
 1.36407 -11.8903  1.32723
  1.3645 -11.8836  1.32766
 1.36494 -11.8768  1.32809
 1.36537 -11.8701  1.32853
 1.36581 -11.8634  1.32896
 1.36624 -11.8567  1.32939
 1.36667   -11.85  1.32983
 1.36711 -11.8433  1.33026
 1.36754 -11.8366  1.33069
 1.36797 -11.8299  1.33069
 1.36841 -11.8232  1.33113
 1.36884 -11.8165  1.33156
 1.36927 -11.8099  1.33199
 1.36971 -11.8032  1.33243
 1.37014 -11.7965  1.33286
 1.37057 -11.7899  1.33329
 1.37101 -11.7832  1.33373
 1.37144 -11.7766  1.33416
 1.37187   -11.77  1.33459
 1.37231 -11.7633  1.33459
 1.37274 -11.7567  1.33503
 1.37317 -11.7501  1.33546
 1.37361 -11.7434   1.3359
 1.37404 -11.7368  1.33633
 1.37447 -11.7302  1.33676
 1.37491 -11.7236   1.3372
 1.37534  -11.717  1.33763
 1.37578 -11.7104  1.33806
 1.37621 -11.7038  1.33806
 1.37664 -11.6972   1.3385
 1.37708 -11.6907  1.33893
 1.37751 -11.6841  1.33936
 1.37794 -11.6775   1.3398
 1.37838 -11.6709  1.34023
 1.37881 -11.6644  1.34066
 1.37924 -11.6578   1.3411
 1.37968 -11.6513  1.34153
 1.38011 -11.6447  1.34196
 1.38054 -11.6382  1.34196
 1.38098 -11.6317   1.3424
 1.38141 -11.6251  1.34283
 1.38184 -11.6186  1.34326
 1.38228 -11.6121   1.3437
 1.38271 -11.6056  1.34413
 1.38314 -11.5991  1.34456
 1.38358 -11.5926    1.345
 1.38401 -11.5861  1.34543
 1.38444 -11.5796  1.34587
 1.38488 -11.5731  1.34587
 1.38531 -11.5666   1.3463
 1.38575 -11.5601  1.34673
 1.38618 -11.5536  1.34717
 1.38661 -11.5472   1.3476
 1.38705 -11.5407  1.34803
 1.38748 -11.5343  1.34847
 1.38791 -11.5278   1.3489
 1.38835 -11.5214  1.34933
 1.38878 -11.5149  1.34933
 1.38921 -11.5085  1.34977
 1.38965  -11.502   1.3502
 1.39008 -11.4956  1.35063
 1.39051 -11.4892  1.35107
 1.39095 -11.4828   1.3515
 1.39138 -11.4764  1.35193
 1.39181 -11.4699  1.35237
 1.39225 -11.4635   1.3528
 1.39268 -11.4571   1.3528
 1.39311 -11.4507  1.35323
 1.39355 -11.4444  1.35367
 1.39398  -11.438   1.3541
 1.39441 -11.4316  1.35453
 1.39485 -11.4252  1.35497
 1.39528 -11.4188   1.3554
 1.39572 -11.4125  1.35584
 1.39615 -11.4061  1.35627
 1.39658 -11.3998   1.3567
 1.39702 -11.3934   1.3567
 1.39745 -11.3871  1.35714
 1.39788 -11.3807  1.35757
 1.39832 -11.3744    1.358
 1.39875 -11.3681  1.35844
 1.39918 -11.3617  1.35887
 1.39962 -11.3554   1.3593
 1.40005 -11.3491  1.35974
 1.40048 -11.3428  1.36017
 1.40092 -11.3365  1.36017
 1.40135 -11.3302   1.3606
 1.40178 -11.3239  1.36104
 1.40222 -11.3176  1.36147
 1.40265 -11.3113   1.3619
 1.40308  -11.305  1.36234
 1.40352 -11.2987  1.36277
 1.40395 -11.2925   1.3632
 1.40438 -11.2862  1.36364
 1.40482 -11.2799  1.36364
 1.40525 -11.2737  1.36407
 1.40569 -11.2674   1.3645
 1.40612 -11.2612  1.36494
 1.40655 -11.2549  1.36537
 1.40699 -11.2487  1.36581
 1.40742 -11.2425  1.36624
 1.40785 -11.2362  1.36667
 1.40829   -11.23  1.36711
 1.40872 -11.2238  1.36754
 1.40915 -11.2176  1.36754
 1.40959 -11.2114  1.36797
 1.41002 -11.2051  1.36841
 1.41045 -11.1989  1.36884
 1.41089 -11.1928  1.36927
 1.41132 -11.1866  1.36971
 1.41175 -11.1804  1.37014
 1.41219 -11.1742  1.37057
 1.41262  -11.168  1.37101
 1.41305 -11.1618  1.37144
 1.41349 -11.1557  1.37144
 1.41392 -11.1495  1.37187
 1.41435 -11.1433  1.37231
 1.41479 -11.1372  1.37274
 1.41522  -11.131  1.37317
 1.41566 -11.1249  1.37361
 1.41609 -11.1188  1.37404
 1.41652 -11.1126  1.37447
 1.41696 -11.1065  1.37491
 1.41739 -11.1004  1.37491
 1.41782 -11.0942  1.37534
 1.41826 -11.0881  1.37578
 1.41869  -11.082  1.37621
 1.41912 -11.0759  1.37664
 1.41956 -11.0698  1.37708
 1.41999 -11.0637  1.37751
 1.42042 -11.0576  1.37794
 1.42086 -11.0515  1.37838
 1.42129 -11.0454  1.37838
 1.42172 -11.0394  1.37881
 1.42216 -11.0333  1.37924
 1.42259 -11.0272  1.37968
 1.42302 -11.0211  1.38011
 1.42346 -11.0151  1.38054
 1.42389  -11.009  1.38098
 1.42432  -11.003  1.38141
 1.42476 -10.9969  1.38184
 1.42519 -10.9909  1.38228
 1.42563 -10.9848  1.38228
 1.42606 -10.9788  1.38271
 1.42649 -10.9728  1.38314
 1.42693 -10.9668  1.38358
 1.42736 -10.9607  1.38401
 1.42779 -10.9547  1.38444
 1.42823 -10.9487  1.38488
 1.42866 -10.9427  1.38531
 1.42909 -10.9367  1.38575
 1.42953 -10.9307  1.38575
 1.42996 -10.9247  1.38618
 1.43039 -10.9187  1.38661
 1.43083 -10.9127  1.38705
 1.43126 -10.9068  1.38748
 1.43169 -10.9008  1.38791
 1.43213 -10.8948  1.38835
 1.43256 -10.8888  1.38878
 1.43299 -10.8829  1.38921
 1.43343 -10.8769  1.38965
 1.43386  -10.871  1.38965
 1.43429  -10.865  1.39008
 1.43473 -10.8591  1.39051
 1.43516 -10.8531  1.39095
  1.4356 -10.8472  1.39138
 1.43603 -10.8413  1.39181
 1.43646 -10.8353  1.39225
  1.4369 -10.8294  1.39268
 1.43733 -10.8235  1.39311
 1.43776 -10.8176  1.39311
  1.4382 -10.8117  1.39355
 1.43863 -10.8058  1.39398
 1.43906 -10.7999  1.39441
  1.4395  -10.794  1.39485
 1.43993 -10.7881  1.39528
 1.44036 -10.7822  1.39572
  1.4408 -10.7763  1.39615
 1.44123 -10.7705  1.39658
 1.44166 -10.7646  1.39658
  1.4421 -10.7587  1.39702
 1.44253 -10.7528  1.39745
 1.44296  -10.747  1.39788
  1.4434 -10.7411  1.39832
 1.44383 -10.7353  1.39875
 1.44426 -10.7294  1.39918
  1.4447 -10.7236  1.39962
 1.44513 -10.7178  1.40005
 1.44557 -10.7119  1.40048
   1.446 -10.7061  1.40048
 1.44643 -10.7003  1.40092
 1.44687 -10.6944  1.40135
  1.4473 -10.6886  1.40178
 1.44773 -10.6828  1.40222
 1.44817  -10.677  1.40265
  1.4486 -10.6712  1.40308
 1.44903 -10.6654  1.40352
 1.44947 -10.6596  1.40395
  1.4499 -10.6538  1.40395
 1.45033  -10.648  1.40438
 1.45077 -10.6423  1.40482
  1.4512 -10.6365  1.40525
 1.45163 -10.6307  1.40569
 1.45207 -10.6249  1.40612
  1.4525 -10.6192  1.40655
 1.45293 -10.6134  1.40699
 1.45337 -10.6077  1.40742
  1.4538 -10.6019  1.40742
 1.45423 -10.5962  1.40785
 1.45467 -10.5904  1.40829
  1.4551 -10.5847  1.40872
 1.45554 -10.5789  1.40915
 1.45597 -10.5732  1.40959
  1.4564 -10.5675  1.41002
 1.45684 -10.5618  1.41045
 1.45727 -10.5561  1.41089
  1.4577 -10.5503  1.41132
 1.45814 -10.5446  1.41132
 1.45857 -10.5389  1.41175
   1.459 -10.5332  1.41219
 1.45944 -10.5275  1.41262
 1.45987 -10.5218  1.41305
  1.4603 -10.5162  1.41349
 1.46074 -10.5105  1.41392
 1.46117 -10.5048  1.41435
  1.4616 -10.4991  1.41479
 1.46204 -10.4935  1.41479
 1.46247 -10.4878  1.41522
  1.4629 -10.4821  1.41566
 1.46334 -10.4765  1.41609
 1.46377 -10.4708  1.41652
  1.4642 -10.4652  1.41696
 1.46464 -10.4595  1.41739
 1.46507 -10.4539  1.41782
 1.46551 -10.4482  1.41826
 1.46594 -10.4426  1.41826
 1.46637  -10.437  1.41869
 1.46681 -10.4314  1.41912
 1.46724 -10.4257  1.41956
 1.46767 -10.4201  1.41999
 1.46811 -10.4145  1.42042
 1.46854 -10.4089  1.42086
 1.46897 -10.4033  1.42129
 1.46941 -10.3977  1.42172
 1.46984 -10.3921  1.42216
 1.47027 -10.3865  1.42216
 1.47071 -10.3809  1.42259
 1.47114 -10.3753  1.42302
 1.47157 -10.3698  1.42346
 1.47201 -10.3642  1.42389
 1.47244 -10.3586  1.42432
 1.47287  -10.353  1.42476
 1.47331 -10.3475  1.42519
 1.47374 -10.3419  1.42563
 1.47417 -10.3364  1.42563
 1.47461 -10.3308  1.42606
 1.47504 -10.3253  1.42649
 1.47548 -10.3197  1.42693
 1.47591 -10.3142  1.42736
 1.47634 -10.3087  1.42779
 1.47678 -10.3031  1.42823
 1.47721 -10.2976  1.42866
 1.47764 -10.2921  1.42909
 1.47808 -10.2866  1.42909
 1.47851 -10.2811  1.42953
 1.47894 -10.2755  1.42996
 1.47938   -10.27  1.43039
 1.47981 -10.2645  1.43083
 1.48024  -10.259  1.43126
 1.48068 -10.2535  1.43169
 1.48111 -10.2481  1.43213
 1.48154 -10.2426  1.43256
 1.48198 -10.2371  1.43299
 1.48241 -10.2316  1.43299
 1.48284 -10.2261  1.43343
 1.48328 -10.2207  1.43386
 1.48371 -10.2152  1.43429
 1.48414 -10.2097  1.43473
 1.48458 -10.2043  1.43516
 1.48501 -10.1988   1.4356
 1.48545 -10.1934  1.43603
 1.48588 -10.1879  1.43646
 1.48631 -10.1825  1.43646
 1.48675 -10.1771   1.4369
 1.48718 -10.1716  1.43733
 1.48761 -10.1662  1.43776
 1.48805 -10.1608   1.4382
 1.48848 -10.1554  1.43863
 1.48891 -10.1499  1.43906
 1.48935 -10.1445   1.4395
 1.48978 -10.1391  1.43993
 1.49021 -10.1337  1.43993
 1.49065 -10.1283  1.44036
 1.49108 -10.1229   1.4408
 1.49151 -10.1175  1.44123
 1.49195 -10.1121  1.44166
 1.49238 -10.1067   1.4421
 1.49281 -10.1014  1.44253
 1.49325  -10.096  1.44296
 1.49368 -10.0906   1.4434
 1.49411 -10.0852  1.44383
 1.49455 -10.0799  1.44383
 1.49498 -10.0745  1.44426
 1.49542 -10.0692   1.4447
 1.49585 -10.0638  1.44513
 1.49628 -10.0584  1.44557
 1.49672 -10.0531    1.446
 1.49715 -10.0478  1.44643
 1.49758 -10.0424  1.44687
 1.49802 -10.0371   1.4473
 1.49845 -10.0318   1.4473
 1.49888 -10.0264  1.44773
 1.49932 -10.0211  1.44817
 1.49975 -10.0158   1.4486
 1.50018 -10.0105  1.44903
 1.50062 -10.0052  1.44947
 1.50105 -9.99985   1.4499
 1.50148 -9.99455  1.45033
 1.50192 -9.98925  1.45077
 1.50235 -9.98395  1.45077
 1.50278 -9.97866   1.4512
 1.50322 -9.97337  1.45163
 1.50365 -9.96809  1.45207
 1.50408 -9.96281   1.4525
 1.50452 -9.95753  1.45293
 1.50495 -9.95226  1.45337
 1.50539 -9.94699   1.4538
 1.50582 -9.94172  1.45423
 1.50625 -9.93646  1.45467
 1.50669 -9.93121  1.45467
 1.50712 -9.92595   1.4551
 1.50755  -9.9207  1.45554
 1.50799 -9.91545  1.45597
 1.50842 -9.91021   1.4564
 1.50885 -9.90497  1.45684
 1.50929 -9.89974  1.45727
 1.50972 -9.89451   1.4577
 1.51015 -9.88928  1.45814
 1.51059 -9.88406  1.45814
 1.51102 -9.87884  1.45857
 1.51145 -9.87362    1.459
 1.51189 -9.86841  1.45944
 1.51232  -9.8632  1.45987
 1.51275   -9.858   1.4603
 1.51319  -9.8528  1.46074
 1.51362  -9.8476  1.46117
 1.51405 -9.84241   1.4616
 1.51449 -9.83722   1.4616
 1.51492 -9.83203  1.46204
 1.51536 -9.82685  1.46247
 1.51579 -9.82167   1.4629
 1.51622 -9.81649  1.46334
 1.51666 -9.81132  1.46377
 1.51709 -9.80616   1.4642
 1.51752 -9.80099  1.46464
 1.51796 -9.79583  1.46507
 1.51839 -9.79068  1.46551
 1.51882 -9.78552  1.46551
 1.51926 -9.78038  1.46594
 1.51969 -9.77523  1.46637
 1.52012 -9.77009  1.46681
 1.52056 -9.76495  1.46724
 1.52099 -9.75982  1.46767
 1.52142 -9.75469  1.46811
 1.52186 -9.74956  1.46854
 1.52229 -9.74444  1.46897
 1.52272 -9.73932  1.46897
 1.52316 -9.73421  1.46941
 1.52359 -9.72909  1.46984
 1.52402 -9.72399  1.47027
 1.52446 -9.71888  1.47071
 1.52489 -9.71378  1.47114
 1.52533 -9.70868  1.47157
 1.52576 -9.70359  1.47201
 1.52619  -9.6985  1.47244
 1.52663 -9.69342  1.47244
 1.52706 -9.68833  1.47287
 1.52749 -9.68325  1.47331
 1.52793 -9.67818  1.47374
 1.52836 -9.67311  1.47417
 1.52879 -9.66804  1.47461
 1.52923 -9.66298  1.47504
 1.52966 -9.65792  1.47548
 1.53009 -9.65286  1.47591
 1.53053 -9.64781  1.47591
 1.53096 -9.64276  1.47634
 1.53139 -9.63771  1.47678
 1.53183 -9.63267  1.47721
 1.53226 -9.62763  1.47764
 1.53269 -9.62259  1.47808
 1.53313 -9.61756  1.47851
 1.53356 -9.61254  1.47894
 1.53399 -9.60751  1.47938
 1.53443 -9.60249  1.47938
 1.53486 -9.59747  1.47981
  1.5353 -9.59246  1.48024
 1.53573 -9.58745  1.48068
 1.53616 -9.58244  1.48111
  1.5366 -9.57744  1.48154
 1.53703 -9.57244  1.48198
 1.53746 -9.56745  1.48241
  1.5379 -9.56245  1.48284
 1.53833 -9.55747  1.48328
 1.53876 -9.55248  1.48328
  1.5392  -9.5475  1.48371
 1.53963 -9.54252  1.48414
 1.54006 -9.53755  1.48458
  1.5405 -9.53258  1.48501
 1.54093 -9.52761  1.48545
 1.54136 -9.52265  1.48588
  1.5418 -9.51769  1.48631
 1.54223 -9.51273  1.48675
 1.54266 -9.50778  1.48675
  1.5431 -9.50283  1.48718
 1.54353 -9.49788  1.48761
 1.54396 -9.49294  1.48805
  1.5444   -9.488  1.48848
 1.54483 -9.48306  1.48891
 1.54527 -9.47813  1.48935
  1.5457  -9.4732  1.48978
 1.54613 -9.46828  1.49021
 1.54657 -9.46336  1.49021
   1.547 -9.45844  1.49065
 1.54743 -9.45353  1.49108
 1.54787 -9.44861  1.49151
  1.5483 -9.44371  1.49195
 1.54873  -9.4388  1.49238
 1.54917  -9.4339  1.49281
  1.5496 -9.42901  1.49325
 1.55003 -9.42411  1.49368
 1.55047 -9.41922  1.49368
  1.5509 -9.41434  1.49411
 1.55133 -9.40945  1.49455
 1.55177 -9.40457  1.49498
  1.5522  -9.3997  1.49542
 1.55263 -9.39482  1.49585
 1.55307 -9.38995  1.49628
  1.5535 -9.38509  1.49672
 1.55393 -9.38023  1.49715
 1.55437 -9.37537  1.49758
  1.5548 -9.37051  1.49758
 1.55524 -9.36566  1.49802
 1.55567 -9.36081  1.49845
  1.5561 -9.35597  1.49888
 1.55654 -9.35113  1.49932
 1.55697 -9.34629  1.49975
  1.5574 -9.34145  1.50018
 1.55784 -9.33662  1.50062
 1.55827  -9.3318  1.50105
  1.5587 -9.32697  1.50105
 1.55914 -9.32215  1.50148
 1.55957 -9.31733  1.50192
    1.56 -9.31252  1.50235
 1.56044  -9.3077  1.50278
 1.56087  -9.3029  1.50322
  1.5613 -9.29809  1.50365
 1.56174 -9.29329  1.50408
 1.56217  -9.2885  1.50452
  1.5626  -9.2837  1.50452
 1.56304 -9.27891  1.50495
 1.56347 -9.27412  1.50539
  1.5639 -9.26934  1.50582
 1.56434 -9.26456  1.50625
 1.56477 -9.25978  1.50669
 1.56521 -9.25501  1.50712
 1.56564 -9.25024  1.50755
 1.56607 -9.24547  1.50799
 1.56651 -9.24071  1.50799
 1.56694 -9.23595  1.50842
 1.56737 -9.23119  1.50885
 1.56781 -9.22644  1.50929
 1.56824 -9.22169  1.50972
 1.56867 -9.21694  1.51015
 1.56911  -9.2122  1.51059
 1.56954 -9.20746  1.51102
 1.56997 -9.20272  1.51145
 1.57041 -9.19799  1.51189
 1.57084 -9.19326  1.51189
 1.57127 -9.18853  1.51232
 1.57171  -9.1838  1.51275
 1.57214 -9.17908  1.51319
 1.57257 -9.17437  1.51362
 1.57301 -9.16965  1.51405
 1.57344 -9.16494  1.51449
 1.57387 -9.16024  1.51492
 1.57431 -9.15553  1.51536
 1.57474 -9.15083  1.51536
 1.57518 -9.14614  1.51579
 1.57561 -9.14144  1.51622
 1.57604 -9.13675  1.51666
 1.57648 -9.13206  1.51709
 1.57691 -9.12738  1.51752
 1.57734  -9.1227  1.51796
 1.57778 -9.11802  1.51839
 1.57821 -9.11335  1.51882
 1.57864 -9.10868  1.51882
 1.57908 -9.10401  1.51926
 1.57951 -9.09935  1.51969
 1.57994 -9.09468  1.52012
 1.58038 -9.09003  1.52056
 1.58081 -9.08537  1.52099
 1.58124 -9.08072  1.52142
 1.58168 -9.07607  1.52186
 1.58211 -9.07143  1.52229
 1.58254 -9.06679  1.52229
 1.58298 -9.06215  1.52272
 1.58341 -9.05751  1.52316
 1.58384 -9.05288  1.52359
 1.58428 -9.04825  1.52402
 1.58471 -9.04363  1.52446
 1.58515 -9.03901  1.52489
 1.58558 -9.03439  1.52533
 1.58601 -9.02977  1.52576
 1.58645 -9.02516  1.52576
 1.58688 -9.02055  1.52619
 1.58731 -9.01594  1.52663
 1.58775 -9.01134  1.52706
 1.58818 -9.00674  1.52749
 1.58861 -9.00214  1.52793
 1.58905 -8.99755  1.52836
 1.58948 -8.99296  1.52879
 1.58991 -8.98838  1.52923
 1.59035 -8.98379  1.52966
 1.59078 -8.97921  1.52966
 1.59121 -8.97463  1.53009
 1.59165 -8.97006  1.53053
 1.59208 -8.96549  1.53096
 1.59251 -8.96092  1.53139
 1.59295 -8.95636  1.53183
 1.59338  -8.9518  1.53226
 1.59381 -8.94724  1.53269
 1.59425 -8.94268  1.53313
 1.59468 -8.93813  1.53313
 1.59512 -8.93358  1.53356
 1.59555 -8.92904  1.53399
 1.59598 -8.92449  1.53443
 1.59642 -8.91996  1.53486
 1.59685 -8.91542   1.5353
 1.59728 -8.91089  1.53573
 1.59772 -8.90636  1.53616
 1.59815 -8.90183   1.5366
 1.59858 -8.89731   1.5366
 1.59902 -8.89279  1.53703
 1.59945 -8.88827  1.53746
 1.59988 -8.88376   1.5379
 1.60032 -8.87925  1.53833
 1.60075 -8.87474  1.53876
 1.60118 -8.87023   1.5392
 1.60162 -8.86573  1.53963
 1.60205 -8.86123  1.54006
 1.60248 -8.85674  1.54006
 1.60292 -8.85225   1.5405
 1.60335 -8.84776  1.54093
 1.60378 -8.84327  1.54136
 1.60422 -8.83879   1.5418
 1.60465 -8.83431  1.54223
 1.60509 -8.82983  1.54266
 1.60552 -8.82536   1.5431
 1.60595 -8.82089  1.54353
 1.60639 -8.81642  1.54353
 1.60682 -8.81196  1.54396
 1.60725  -8.8075   1.5444
 1.60769 -8.80304  1.54483
 1.60812 -8.79858  1.54527
 1.60855 -8.79413   1.5457
 1.60899 -8.78968  1.54613
 1.60942 -8.78524  1.54657
 1.60985 -8.78079    1.547
 1.61029 -8.77636    1.547
 1.61072 -8.77192  1.54743
 1.61115 -8.76748  1.54787
 1.61159 -8.76305   1.5483
 1.61202 -8.75863  1.54873
 1.61245  -8.7542  1.54917
 1.61289 -8.74978   1.5496
 1.61332 -8.74536  1.55003
 1.61375 -8.74095  1.55047
 1.61419 -8.73654   1.5509
 1.61462 -8.73213   1.5509
 1.61506 -8.72772  1.55133
 1.61549 -8.72332  1.55177
 1.61592 -8.71892   1.5522
 1.61636 -8.71452  1.55263
 1.61679 -8.71013  1.55307
 1.61722 -8.70574   1.5535
 1.61766 -8.70135  1.55393
 1.61809 -8.69696  1.55437
 1.61852 -8.69258  1.55437
 1.61896  -8.6882   1.5548
 1.61939 -8.68383  1.55524
 1.61982 -8.67945  1.55567
 1.62026 -8.67508   1.5561
 1.62069 -8.67072  1.55654
 1.62112 -8.66635  1.55697
 1.62156 -8.66199   1.5574
 1.62199 -8.65764  1.55784
 1.62242 -8.65328  1.55784
 1.62286 -8.64893  1.55827
 1.62329 -8.64458   1.5587
 1.62372 -8.64023  1.55914
 1.62416 -8.63589  1.55957
 1.62459 -8.63155     1.56
 1.62503 -8.62721  1.56044
 1.62546 -8.62288  1.56087
 1.62589 -8.61855   1.5613
 1.62633 -8.61422   1.5613
 1.62676  -8.6099  1.56174
 1.62719 -8.60557  1.56217
 1.62763 -8.60125   1.5626
 1.62806 -8.59694  1.56304
 1.62849 -8.59262  1.56347
 1.62893 -8.58831   1.5639
 1.62936 -8.58401  1.56434
 1.62979  -8.5797  1.56477
 1.63023  -8.5754  1.56477
 1.63066  -8.5711  1.56521
 1.63109 -8.56681  1.56564
 1.63153 -8.56251  1.56607
 1.63196 -8.55822  1.56651
 1.63239 -8.55394  1.56694
 1.63283 -8.54965  1.56737
 1.63326 -8.54537  1.56781
 1.63369  -8.5411  1.56824
 1.63413 -8.53682  1.56824
 1.63456 -8.53255  1.56867
 1.63499 -8.52828  1.56911
 1.63543 -8.52401  1.56954
 1.63586 -8.51975  1.56997
  1.6363 -8.51549  1.57041
 1.63673 -8.51123  1.57084
 1.63716 -8.50698  1.57127
  1.6376 -8.50272  1.57171
 1.63803 -8.49848  1.57171
 1.63846 -8.49423  1.57214
  1.6389 -8.48999  1.57257
 1.63933 -8.48574  1.57301
 1.63976 -8.48151  1.57344
  1.6402 -8.47727  1.57387
 1.64063 -8.47304  1.57431
 1.64106 -8.46881  1.57474
  1.6415 -8.46459  1.57518
 1.64193 -8.46037  1.57518
 1.64236 -8.45615  1.57561
  1.6428 -8.45193  1.57604
 1.64323 -8.44771  1.57648
 1.64366  -8.4435  1.57691
  1.6441 -8.43929  1.57734
 1.64453 -8.43509  1.57778
 1.64496 -8.43088  1.57821
  1.6454 -8.42668  1.57864
 1.64583 -8.42249  1.57908
 1.64627 -8.41829  1.57908
  1.6467  -8.4141  1.57951
 1.64713 -8.40991  1.57994
 1.64757 -8.40572  1.58038
   1.648 -8.40154  1.58081
 1.64843 -8.39736  1.58124
 1.64887 -8.39319  1.58168
  1.6493 -8.38901  1.58211
 1.64973 -8.38484  1.58254
 1.65017 -8.38067  1.58254
  1.6506  -8.3765  1.58298
 1.65103 -8.37234  1.58341
 1.65147 -8.36818  1.58384
  1.6519 -8.36402  1.58428
 1.65233 -8.35987  1.58471
 1.65277 -8.35572  1.58515
  1.6532 -8.35157  1.58558
 1.65363 -8.34742  1.58601
 1.65407 -8.34328  1.58601
  1.6545 -8.33914  1.58645
 1.65493   -8.335  1.58688
 1.65537 -8.33086  1.58731
  1.6558 -8.32673  1.58775
 1.65624  -8.3226  1.58818
 1.65667 -8.31848  1.58861
  1.6571 -8.31435  1.58905
 1.65754 -8.31023  1.58948
 1.65797 -8.30611  1.58948
  1.6584   -8.302  1.58991
 1.65884 -8.29788  1.59035
 1.65927 -8.29377  1.59078
  1.6597 -8.28967  1.59121
 1.66014 -8.28556  1.59165
 1.66057 -8.28146  1.59208
   1.661 -8.27736  1.59251
 1.66144 -8.27327  1.59295
 1.66187 -8.26917  1.59295
  1.6623 -8.26508  1.59338
 1.66274 -8.26099  1.59381
 1.66317 -8.25691  1.59425
  1.6636 -8.25282  1.59468
 1.66404 -8.24875  1.59512
 1.66447 -8.24467  1.59555
  1.6649 -8.24059  1.59598
 1.66534 -8.23652  1.59642
 1.66577 -8.23246  1.59642
 1.66621 -8.22839  1.59685
 1.66664 -8.22433  1.59728
 1.66707 -8.22026  1.59772
 1.66751 -8.21621  1.59815
 1.66794 -8.21215  1.59858
 1.66837  -8.2081  1.59902
 1.66881 -8.20405  1.59945
 1.66924     -8.2  1.59988
 1.66967 -8.19596  1.59988
 1.67011 -8.19192  1.60032
 1.67054 -8.18788  1.60075
 1.67097 -8.18384  1.60118
 1.67141 -8.17981  1.60162
 1.67184 -8.17578  1.60205
 1.67227 -8.17175  1.60248
 1.67271 -8.16773  1.60292
 1.67314  -8.1637  1.60335
 1.67357 -8.15968  1.60335
 1.67401 -8.15567  1.60378
 1.67444 -8.15165  1.60422
 1.67487 -8.14764  1.60465
 1.67531 -8.14363  1.60509
 1.67574 -8.13962  1.60552
 1.67618 -8.13562  1.60595
 1.67661 -8.13162  1.60639
 1.67704 -8.12762  1.60682
 1.67748 -8.12363  1.60682
 1.67791 -8.11963  1.60725
 1.67834 -8.11564  1.60769
 1.67878 -8.11166  1.60812
 1.67921 -8.10767  1.60855
 1.67964 -8.10369  1.60899
 1.68008 -8.09971  1.60942
 1.68051 -8.09573  1.60985
 1.68094 -8.09176  1.61029
 1.68138 -8.08779  1.61029
 1.68181 -8.08382  1.61072
 1.68224 -8.07985  1.61115
 1.68268 -8.07589  1.61159
 1.68311 -8.07193  1.61202
 1.68354 -8.06797  1.61245
 1.68398 -8.06401  1.61289
 1.68441 -8.06006  1.61332
 1.68484 -8.05611  1.61375
 1.68528 -8.05216  1.61375
 1.68571 -8.04822  1.61419
 1.68615 -8.04427  1.61462
 1.68658 -8.04033  1.61506
 1.68701 -8.03639  1.61549
 1.68745 -8.03246  1.61592
 1.68788 -8.02853  1.61636
 1.68831  -8.0246  1.61679
 1.68875 -8.02067  1.61722
 1.68918 -8.01675  1.61766
 1.68961 -8.01283  1.61766
 1.69005 -8.00891  1.61809
 1.69048 -8.00499  1.61852
 1.69091 -8.00108  1.61896
 1.69135 -7.99717  1.61939
 1.69178 -7.99326  1.61982
 1.69221 -7.98935  1.62026
 1.69265 -7.98545  1.62069
 1.69308 -7.98155  1.62112
 1.69351 -7.97765  1.62112
 1.69395 -7.97375  1.62156
 1.69438 -7.96986  1.62199
 1.69481 -7.96597  1.62242
 1.69525 -7.96208  1.62286
 1.69568  -7.9582  1.62329
 1.69612 -7.95431  1.62372
 1.69655 -7.95043  1.62416
 1.69698 -7.94656  1.62459
 1.69742 -7.94268  1.62459
 1.69785 -7.93881  1.62503
 1.69828 -7.93494  1.62546
 1.69872 -7.93107  1.62589
 1.69915 -7.92721  1.62633
 1.69958 -7.92334  1.62676
 1.70002 -7.91949  1.62719
 1.70045 -7.91563  1.62763
 1.70088 -7.91178  1.62806
 1.70132 -7.90792  1.62806
 1.70175 -7.90407  1.62849
 1.70218 -7.90023  1.62893
 1.70262 -7.89638  1.62936
 1.70305 -7.89254  1.62979
 1.70348  -7.8887  1.63023
 1.70392 -7.88486  1.63066
 1.70435 -7.88103  1.63109
 1.70478  -7.8772  1.63153
 1.70522 -7.87337  1.63153
 1.70565 -7.86954  1.63196
 1.70609 -7.86572  1.63239
 1.70652  -7.8619  1.63283
 1.70695 -7.85808  1.63326
 1.70739 -7.85426  1.63369
 1.70782 -7.85045  1.63413
 1.70825 -7.84664  1.63456
 1.70869 -7.84283  1.63499
 1.70912 -7.83902  1.63499
 1.70955 -7.83522  1.63543
 1.70999 -7.83142  1.63586
 1.71042 -7.82762   1.6363
 1.71085 -7.82382  1.63673
 1.71129 -7.82003  1.63716
 1.71172 -7.81624   1.6376
 1.71215 -7.81245  1.63803
 1.71259 -7.80866  1.63846
 1.71302 -7.80488  1.63846
 1.71345  -7.8011   1.6389
 1.71389 -7.79732  1.63933
 1.71432 -7.79354  1.63976
 1.71475 -7.78977   1.6402
 1.71519   -7.786  1.64063
 1.71562 -7.78223  1.64106
 1.71606 -7.77846   1.6415
 1.71649  -7.7747  1.64193
 1.71692 -7.77094  1.64193
 1.71736 -7.76718  1.64236
 1.71779 -7.76342   1.6428
 1.71822 -7.75966  1.64323
 1.71866 -7.75591  1.64366
 1.71909 -7.75216   1.6441
 1.71952 -7.74842  1.64453
 1.71996 -7.74467  1.64496
 1.72039 -7.74093   1.6454
 1.72082 -7.73719   1.6454
 1.72126 -7.73346  1.64583
 1.72169 -7.72972  1.64627
 1.72212 -7.72599   1.6467
 1.72256 -7.72226  1.64713
 1.72299 -7.71853  1.64757
 1.72342 -7.71481    1.648
 1.72386 -7.71109  1.64843
 1.72429 -7.70737  1.64887
 1.72472 -7.70365  1.64887
 1.72516 -7.69994   1.6493
 1.72559 -7.69622  1.64973
 1.72603 -7.69251  1.65017
 1.72646  -7.6888   1.6506
 1.72689  -7.6851  1.65103
 1.72733  -7.6814  1.65147
 1.72776  -7.6777   1.6519
 1.72819   -7.674  1.65233
 1.72863  -7.6703  1.65233
 1.72906 -7.66661  1.65277
 1.72949 -7.66292   1.6532
 1.72993 -7.65923  1.65363
 1.73036 -7.65555  1.65407
 1.73079 -7.65186   1.6545
 1.73123 -7.64818  1.65493
 1.73166  -7.6445  1.65537
 1.73209 -7.64083   1.6558
 1.73253 -7.63715   1.6558
 1.73296 -7.63348  1.65624
 1.73339 -7.62981  1.65667
 1.73383 -7.62615   1.6571
 1.73426 -7.62248  1.65754
 1.73469 -7.61882  1.65797
 1.73513 -7.61516   1.6584
 1.73556 -7.61151  1.65884
   1.736 -7.60785  1.65927
 1.73643  -7.6042  1.65927
 1.73686 -7.60055   1.6597
  1.7373  -7.5969  1.66014
 1.73773 -7.59326  1.66057
 1.73816 -7.58961    1.661
  1.7386 -7.58597  1.66144
 1.73903 -7.58233  1.66187
 1.73946  -7.5787   1.6623
  1.7399 -7.57507  1.66274
 1.74033 -7.57144  1.66274
 1.74076 -7.56781  1.66317
  1.7412 -7.56418   1.6636
 1.74163 -7.56056  1.66404
 1.74206 -7.55694  1.66447
  1.7425 -7.55332   1.6649
 1.74293  -7.5497  1.66534
 1.74336 -7.54609  1.66577
  1.7438 -7.54247  1.66621
 1.74423 -7.53887  1.66621
 1.74466 -7.53526  1.66664
  1.7451 -7.53165  1.66707
 1.74553 -7.52805  1.66751
 1.74597 -7.52445  1.66794
  1.7464 -7.52085  1.66837
 1.74683 -7.51726  1.66881
 1.74727 -7.51366  1.66924
  1.7477 -7.51007  1.66967
 1.74813 -7.50648  1.66967
 1.74857  -7.5029  1.67011
   1.749 -7.49931  1.67054
 1.74943 -7.49573  1.67097
 1.74987 -7.49215  1.67141
  1.7503 -7.48857  1.67184
 1.75073   -7.485  1.67227
 1.75117 -7.48143  1.67271
  1.7516 -7.47786  1.67314
 1.75203 -7.47429  1.67314
 1.75247 -7.47073  1.67357
  1.7529 -7.46716  1.67401
 1.75333  -7.4636  1.67444
 1.75377 -7.46004  1.67487
  1.7542 -7.45649  1.67531
 1.75463 -7.45293  1.67574
 1.75507 -7.44938  1.67618
  1.7555 -7.44583  1.67661
 1.75594 -7.44229  1.67661
 1.75637 -7.43874  1.67704
  1.7568  -7.4352  1.67748
 1.75724 -7.43166  1.67791
 1.75767 -7.42812  1.67834
  1.7581 -7.42458  1.67878
 1.75854 -7.42105  1.67921
 1.75897 -7.41752  1.67964
  1.7594 -7.41399  1.68008
 1.75984 -7.41047  1.68008
 1.76027 -7.40694  1.68051
  1.7607 -7.40342  1.68094
 1.76114  -7.3999  1.68138
 1.76157 -7.39638  1.68181
   1.762 -7.39287  1.68224
 1.76244 -7.38935  1.68268
 1.76287 -7.38584  1.68311
  1.7633 -7.38234  1.68354
 1.76374 -7.37883  1.68354
 1.76417 -7.37533  1.68398
  1.7646 -7.37182  1.68441
 1.76504 -7.36832  1.68484
 1.76547 -7.36483  1.68528
 1.76591 -7.36133  1.68571
 1.76634 -7.35784  1.68615
 1.76677 -7.35435  1.68658
 1.76721 -7.35086  1.68701
 1.76764 -7.34738  1.68701
 1.76807 -7.34389  1.68745
 1.76851 -7.34041  1.68788
 1.76894 -7.33693  1.68831
 1.76937 -7.33346  1.68875
 1.76981 -7.32998  1.68918
 1.77024 -7.32651  1.68961
 1.77067 -7.32304  1.69005
 1.77111 -7.31957  1.69048
 1.77154 -7.31611  1.69048
 1.77197 -7.31264  1.69091
 1.77241 -7.30918  1.69135
 1.77284 -7.30572  1.69178
 1.77327 -7.30227  1.69221
 1.77371 -7.29881  1.69265
 1.77414 -7.29536  1.69308
 1.77457 -7.29191  1.69351
 1.77501 -7.28846  1.69395
 1.77544 -7.28502  1.69395
 1.77588 -7.28157  1.69438
 1.77631 -7.27813  1.69481
 1.77674 -7.27469  1.69525
 1.77718 -7.27126  1.69568
 1.77761 -7.26782  1.69612
 1.77804 -7.26439  1.69655
 1.77848 -7.26096  1.69698
 1.77891 -7.25753  1.69742
 1.77934 -7.25411  1.69742
 1.77978 -7.25068  1.69785
 1.78021 -7.24726  1.69828
 1.78064 -7.24384  1.69872
 1.78108 -7.24042  1.69915
 1.78151 -7.23701  1.69958
 1.78194  -7.2336  1.70002
 1.78238 -7.23019  1.70045
 1.78281 -7.22678  1.70088
 1.78324 -7.22337  1.70088
 1.78368 -7.21997  1.70132
 1.78411 -7.21657  1.70175
 1.78454 -7.21317  1.70218
 1.78498 -7.20977  1.70262
 1.78541 -7.20637  1.70305
 1.78585 -7.20298  1.70348
 1.78628 -7.19959  1.70392
 1.78671  -7.1962  1.70435
 1.78715 -7.19281  1.70435
 1.78758 -7.18943  1.70478
 1.78801 -7.18605  1.70522
 1.78845 -7.18267  1.70565
 1.78888 -7.17929  1.70609
 1.78931 -7.17591  1.70652
 1.78975 -7.17254  1.70695
 1.79018 -7.16917  1.70739
 1.79061  -7.1658  1.70782
 1.79105 -7.16243  1.70782
 1.79148 -7.15907  1.70825
 1.79191  -7.1557  1.70869
 1.79235 -7.15234  1.70912
 1.79278 -7.14898  1.70955
 1.79321 -7.14563  1.70999
 1.79365 -7.14227  1.71042
 1.79408 -7.13892  1.71085
 1.79451 -7.13557  1.71129
 1.79495 -7.13222  1.71129
 1.79538 -7.12888  1.71172
 1.79582 -7.12553  1.71215
 1.79625 -7.12219  1.71259
 1.79668 -7.11885  1.71302
 1.79712 -7.11551  1.71345
 1.79755 -7.11218  1.71389
 1.79798 -7.10885  1.71432
 1.79842 -7.10552  1.71475
 1.79885 -7.10219  1.71475
 1.79928 -7.09886  1.71519
 1.79972 -7.09554  1.71562
 1.80015 -7.09221  1.71606
 1.80058 -7.08889  1.71649
 1.80102 -7.08557  1.71692
 1.80145 -7.08226  1.71736
 1.80188 -7.07894  1.71779
 1.80232 -7.07563  1.71822
 1.80275 -7.07232  1.71822
 1.80318 -7.06901  1.71866
 1.80362 -7.06571  1.71909
 1.80405  -7.0624  1.71952
 1.80448  -7.0591  1.71996
 1.80492  -7.0558  1.72039
 1.80535 -7.05251  1.72082
 1.80579 -7.04921  1.72126
 1.80622 -7.04592  1.72169
 1.80665 -7.04263  1.72169
 1.80709 -7.03934  1.72212
 1.80752 -7.03605  1.72256
 1.80795 -7.03277  1.72299
 1.80839 -7.02948  1.72342
 1.80882  -7.0262  1.72386
 1.80925 -7.02292  1.72429
 1.80969 -7.01965  1.72472
 1.81012 -7.01637  1.72516
 1.81055  -7.0131  1.72516
 1.81099 -7.00983  1.72559
 1.81142 -7.00656  1.72603
 1.81185  -7.0033  1.72646
 1.81229 -7.00003  1.72689
 1.81272 -6.99677  1.72733
 1.81315 -6.99351  1.72776
 1.81359 -6.99025  1.72819
 1.81402   -6.987  1.72863
 1.81445 -6.98374  1.72863
 1.81489 -6.98049  1.72906
 1.81532 -6.97724  1.72949
 1.81576 -6.97399  1.72993
 1.81619 -6.97075  1.73036
 1.81662  -6.9675  1.73079
 1.81706 -6.96426  1.73123
 1.81749 -6.96102  1.73166
 1.81792 -6.95779  1.73209
 1.81836 -6.95455  1.73209
 1.81879 -6.95132  1.73253
 1.81922 -6.94809  1.73296
 1.81966 -6.94486  1.73339
 1.82009 -6.94163  1.73383
 1.82052  -6.9384  1.73426
 1.82096 -6.93518  1.73469
 1.82139 -6.93196  1.73513
 1.82182 -6.92874  1.73556
 1.82226 -6.92552  1.73556
 1.82269 -6.92231    1.736
 1.82312  -6.9191  1.73643
 1.82356 -6.91588  1.73686
 1.82399 -6.91267   1.7373
 1.82442 -6.90947  1.73773
 1.82486 -6.90626  1.73816
 1.82529 -6.90306   1.7386
 1.82573 -6.89986  1.73903
 1.82616 -6.89666  1.73903
 1.82659 -6.89346  1.73946
 1.82703 -6.89027   1.7399
 1.82746 -6.88707  1.74033
 1.82789 -6.88388  1.74076
 1.82833  -6.8807   1.7412
 1.82876 -6.87751  1.74163
 1.82919 -6.87432  1.74206
 1.82963 -6.87114   1.7425
 1.83006 -6.86796   1.7425
 1.83049 -6.86478  1.74293
 1.83093  -6.8616  1.74336
 1.83136 -6.85843   1.7438
 1.83179 -6.85526  1.74423
 1.83223 -6.85208  1.74466
 1.83266 -6.84892   1.7451
 1.83309 -6.84575  1.74553
 1.83353 -6.84258  1.74597
 1.83396 -6.83942  1.74597
 1.83439 -6.83626   1.7464
 1.83483  -6.8331  1.74683
 1.83526 -6.82994  1.74727
  1.8357 -6.82679   1.7477
 1.83613 -6.82363  1.74813
 1.83656 -6.82048  1.74857
   1.837 -6.81733    1.749
 1.83743 -6.81419  1.74943
 1.83786 -6.81104  1.74943
  1.8383  -6.8079  1.74987
 1.83873 -6.80476   1.7503
 1.83916 -6.80162  1.75073
  1.8396 -6.79848  1.75117
 1.84003 -6.79534   1.7516
 1.84046 -6.79221  1.75203
  1.8409 -6.78908  1.75247
 1.84133 -6.78595  1.75247
 1.84176 -6.78282   1.7529
  1.8422  -6.7797  1.75333
 1.84263 -6.77657  1.75377
 1.84306 -6.77345   1.7542
  1.8435 -6.77033  1.75463
 1.84393 -6.76721  1.75507
 1.84436  -6.7641   1.7555
  1.8448 -6.76098  1.75594
 1.84523 -6.75787  1.75637
 1.84567 -6.75476  1.75637
  1.8461 -6.75165   1.7568
 1.84653 -6.74855  1.75724
 1.84697 -6.74544  1.75767
  1.8474 -6.74234   1.7581
 1.84783 -6.73924  1.75854
 1.84827 -6.73614  1.75897
  1.8487 -6.73304   1.7594
 1.84913 -6.72995   1.7594
 1.84957 -6.72686  1.75984
    1.85 -6.72376  1.76027