 kgrid  ValNew  Policy 
    0.55 -51.3851 0.621957
0.550433 -51.3375 0.622391
0.550867   -51.29 0.622824
  0.5513 -51.2425 0.623258
0.551734 -51.1952 0.623691
0.552167 -51.1479 0.624125
0.552601 -51.1007 0.624558
0.553034 -51.0536 0.624992
0.553468 -51.0065 0.625425
0.553901 -50.9595 0.625859
0.554335 -50.9126 0.626292
0.554768 -50.8657 0.626726
0.555202  -50.819 0.627159
0.555635 -50.7723 0.627593
0.556069 -50.7256 0.627593
0.556502 -50.6791 0.628026
0.556936 -50.6326 0.628459
0.557369 -50.5861 0.628893
0.557803 -50.5398 0.629326
0.558236 -50.4935  0.62976
 0.55867 -50.4473 0.630193
0.559103 -50.4011 0.630627
0.559537  -50.355  0.63106
 0.55997  -50.309 0.631494
0.560403 -50.2631 0.631927
0.560837 -50.2172 0.632361
 0.56127 -50.1714 0.632794
0.561704 -50.1257 0.633228
0.562137   -50.08 0.633661
0.562571 -50.0344 0.634095
0.563004 -49.9889 0.634528
0.563438 -49.9434 0.634962
0.563871 -49.8981 0.635395
0.564305 -49.8527 0.635829
0.564738 -49.8075 0.636262
0.565172 -49.7623 0.636262
0.565605 -49.7171 0.636696
0.566039 -49.6721 0.637129
0.566472 -49.6271 0.637563
0.566906 -49.5822 0.637996
0.567339 -49.5373 0.638429
0.567773 -49.4925 0.638863
0.568206 -49.4478 0.639296
 0.56864 -49.4031  0.63973
0.569073 -49.3585 0.640163
0.569507  -49.314 0.640597
 0.56994 -49.2695  0.64103
0.570373 -49.2251 0.641464
0.570807 -49.1808 0.641897
 0.57124 -49.1365 0.642331
0.571674 -49.0923 0.642764
0.572107 -49.0482 0.643198
0.572541 -49.0041 0.643631
0.572974 -48.9601 0.644065
0.573408 -48.9162 0.644498
0.573841 -48.8723 0.644498
0.574275 -48.8285 0.644932
0.574708 -48.7847 0.645365
0.575142  -48.741 0.645799
0.575575 -48.6974 0.646232
0.576009 -48.6538 0.646666
0.576442 -48.6103 0.647099
0.576876 -48.5668 0.647533
0.577309 -48.5235 0.647966
0.577743 -48.4801 0.648399
0.578176 -48.4369 0.648833
 0.57861 -48.3937 0.649266
0.579043 -48.3506   0.6497
0.579476 -48.3075 0.650133
 0.57991 -48.2645 0.650567
0.580343 -48.2216    0.651
0.580777 -48.1787 0.651434
 0.58121 -48.1359 0.651867
0.581644 -48.0931 0.652301
0.582077 -48.0504 0.652734
0.582511 -48.0078 0.653168
0.582944 -47.9652 0.653601
0.583378 -47.9227 0.653601
0.583811 -47.8802 0.654035
0.584245 -47.8378 0.654468
0.584678 -47.7955 0.654902
0.585112 -47.7532 0.655335
0.585545  -47.711 0.655769
0.585979 -47.6688 0.656202
0.586412 -47.6267 0.656636
0.586846 -47.5847 0.657069
0.587279 -47.5427 0.657503
0.587713 -47.5008 0.657936
0.588146 -47.4589 0.658369
 0.58858 -47.4171 0.658803
0.589013 -47.3754 0.659236
0.589446 -47.3337  0.65967
 0.58988  -47.292 0.660103
0.590313 -47.2505 0.660537
0.590747  -47.209  0.66097
 0.59118 -47.1675 0.661404
0.591614 -47.1261 0.661837
0.592047 -47.0848 0.662271
0.592481 -47.0435 0.662271
0.592914 -47.0023 0.662704
0.593348 -46.9611 0.663138
0.593781   -46.92 0.663571
0.594215  -46.879 0.664005
0.594648  -46.838 0.664438
0.595082  -46.797 0.664872
0.595515 -46.7562 0.665305
0.595949 -46.7153 0.665739
0.596382 -46.6746 0.666172
0.596816 -46.6339 0.666606
0.597249 -46.5932 0.667039
0.597683 -46.5526 0.667472
0.598116 -46.5121 0.667906
 0.59855 -46.4716 0.668339
0.598983 -46.4312 0.668773
0.599416 -46.3908 0.669206
 0.59985 -46.3505  0.66964
0.600283 -46.3102 0.670073
0.600717   -46.27 0.670507
 0.60115 -46.2299  0.67094
0.601584 -46.1898 0.671374
0.602017 -46.1498 0.671807
0.602451 -46.1098 0.671807
0.602884 -46.0698 0.672241
0.603318   -46.03 0.672674
0.603751 -45.9901 0.673108
0.604185 -45.9504 0.673541
0.604618 -45.9107 0.673975
0.605052  -45.871 0.674408
0.605485 -45.8314 0.674842
0.605919 -45.7919 0.675275
0.606352 -45.7524 0.675709
0.606786 -45.7129 0.676142
0.607219 -45.6735 0.676576
0.607653 -45.6342 0.677009
0.608086 -45.5949 0.677442
 0.60852 -45.5557 0.677876
0.608953 -45.5165 0.678309
0.609386 -45.4774 0.678743
 0.60982 -45.4383 0.679176
0.610253 -45.3993  0.67961
0.610687 -45.3603 0.680043
 0.61112 -45.3214 0.680477
0.611554 -45.2826  0.68091
0.611987 -45.2438  0.68091
0.612421  -45.205 0.681344
0.612854 -45.1663 0.681777
0.613288 -45.1277 0.682211
0.613721 -45.0891 0.682644
0.614155 -45.0505 0.683078
0.614588  -45.012 0.683511
0.615022 -44.9736 0.683945
0.615455 -44.9352 0.684378
0.615889 -44.8968 0.684812
0.616322 -44.8585 0.685245
0.616756 -44.8203 0.685679
0.617189 -44.7821 0.686112
0.617623  -44.744 0.686546
0.618056 -44.7059 0.686979
0.618489 -44.6679 0.687412
0.618923 -44.6299 0.687846
0.619356  -44.592 0.688279
 0.61979 -44.5541 0.688713
0.620223 -44.5163 0.689146
0.620657 -44.4785  0.68958
 0.62109 -44.4408 0.690013
0.621524 -44.4031 0.690447
0.621957 -44.3655 0.690447
0.622391 -44.3279  0.69088
0.622824 -44.2903 0.691314
0.623258 -44.2529 0.691747
0.623691 -44.2154 0.692181
0.624125  -44.178 0.692614
0.624558 -44.1407 0.693048
0.624992 -44.1034 0.693481
0.625425 -44.0662 0.693915
0.625859  -44.029 0.694348
0.626292 -43.9919 0.694782
0.626726 -43.9548 0.695215
0.627159 -43.9178 0.695649
0.627593 -43.8808 0.696082
0.628026 -43.8438 0.696516
0.628459 -43.8069 0.696949
0.628893 -43.7701 0.697382
0.629326 -43.7333 0.697816
 0.62976 -43.6966 0.698249
0.630193 -43.6599 0.698683
0.630627 -43.6232 0.699116
 0.63106 -43.5866  0.69955
0.631494 -43.5501  0.69955
0.631927 -43.5136 0.699983
0.632361 -43.4771 0.700417
0.632794 -43.4407  0.70085
0.633228 -43.4043 0.701284
0.633661  -43.368 0.701717
0.634095 -43.3317 0.702151
0.634528 -43.2955 0.702584
0.634962 -43.2593 0.703018
0.635395 -43.2232 0.703451
0.635829 -43.1871 0.703885
0.636262 -43.1511 0.704318
0.636696 -43.1151 0.704752
0.637129 -43.0792 0.705185
0.637563 -43.0433 0.705619
0.637996 -43.0074 0.706052
0.638429 -42.9716 0.706485
0.638863 -42.9359 0.706919
0.639296 -42.9002 0.707352
 0.63973 -42.8645 0.707786
0.640163 -42.8289 0.708219
0.640597 -42.7934 0.708653
 0.64103 -42.7578 0.708653
0.641464 -42.7223 0.709086
0.641897 -42.6869  0.70952
0.642331 -42.6515 0.709953
0.642764 -42.6162 0.710387
0.643198 -42.5809  0.71082
0.643631 -42.5456 0.711254
0.644065 -42.5104 0.711687
0.644498 -42.4753 0.712121
0.644932 -42.4402 0.712554
0.645365 -42.4051 0.712988
0.645799 -42.3701 0.713421
0.646232 -42.3351 0.713855
0.646666 -42.3002 0.714288
0.647099 -42.2653 0.714722
0.647533 -42.2304 0.715155
0.647966 -42.1956 0.715589
0.648399 -42.1609 0.716022
0.648833 -42.1262 0.716455
0.649266 -42.0915 0.716889
  0.6497 -42.0569 0.717322
0.650133 -42.0223 0.717322
0.650567 -41.9878 0.717756
   0.651 -41.9533 0.718189
0.651434 -41.9188 0.718623
0.651867 -41.8844 0.719056
0.652301 -41.8501  0.71949
0.652734 -41.8157 0.719923
0.653168 -41.7815 0.720357
0.653601 -41.7472  0.72079
0.654035 -41.7131 0.721224
0.654468 -41.6789 0.721657
0.654902 -41.6448 0.722091
0.655335 -41.6108 0.722524
0.655769 -41.5767 0.722958
0.656202 -41.5428 0.723391
0.656636 -41.5089 0.723825
0.657069  -41.475 0.724258
0.657503 -41.4411 0.724692
0.657936 -41.4073 0.725125
0.658369 -41.3736 0.725559
0.658803 -41.3399 0.725992
0.659236 -41.3062 0.726425
 0.65967 -41.2726 0.726425
0.660103  -41.239 0.726859
0.660537 -41.2054 0.727292
 0.66097 -41.1719 0.727726
0.661404 -41.1385 0.728159
0.661837 -41.1051 0.728593
0.662271 -41.0717 0.729026
0.662704 -41.0384  0.72946
0.663138 -41.0051 0.729893
0.663571 -40.9718 0.730327
0.664005 -40.9386  0.73076
0.664438 -40.9054 0.731194
0.664872 -40.8723 0.731627
0.665305 -40.8392 0.732061
0.665739 -40.8062 0.732494
0.666172 -40.7732 0.732928
0.666606 -40.7402 0.733361
0.667039 -40.7073 0.733795
0.667472 -40.6744 0.734228
0.667906 -40.6416 0.734662
0.668339 -40.6088 0.735095
0.668773  -40.576 0.735529
0.669206 -40.5433 0.735529
 0.66964 -40.5107 0.735962
0.670073  -40.478 0.736395
0.670507 -40.4454 0.736829
 0.67094 -40.4129 0.737262
0.671374 -40.3803 0.737696
0.671807 -40.3479 0.738129
0.672241 -40.3154 0.738563
0.672674  -40.283 0.738996
0.673108 -40.2507  0.73943
0.673541 -40.2184 0.739863
0.673975 -40.1861 0.740297
0.674408 -40.1539  0.74073
0.674842 -40.1217 0.741164
0.675275 -40.0895 0.741597
0.675709 -40.0574 0.742031
0.676142 -40.0254 0.742464
0.676576 -39.9933 0.742898
0.677009 -39.9613 0.743331
0.677442 -39.9294 0.743765
0.677876 -39.8975 0.744198
0.678309 -39.8656 0.744198
0.678743 -39.8337 0.744632
0.679176 -39.8019 0.745065
 0.67961 -39.7702 0.745498
0.680043 -39.7385 0.745932
0.680477 -39.7068 0.746365
 0.68091 -39.6751 0.746799
0.681344 -39.6435 0.747232
0.681777  -39.612 0.747666
0.682211 -39.5804 0.748099
0.682644 -39.5489 0.748533
0.683078 -39.5175 0.748966
0.683511 -39.4861   0.7494
0.683945 -39.4547 0.749833
0.684378 -39.4234 0.750267
0.684812 -39.3921   0.7507
0.685245 -39.3608 0.751134
0.685679 -39.3296 0.751567
0.686112 -39.2984 0.752001
0.686546 -39.2673 0.752434
0.686979 -39.2362 0.752868
0.687412 -39.2051 0.752868
0.687846 -39.1741 0.753301
0.688279 -39.1431 0.753735
0.688713 -39.1121 0.754168
0.689146 -39.0812 0.754602
 0.68958 -39.0503 0.755035
0.690013 -39.0195 0.755468
0.690447 -38.9886 0.755902
 0.69088 -38.9579 0.756335
0.691314 -38.9271 0.756769
0.691747 -38.8965 0.757202
0.692181 -38.8658 0.757636
0.692614 -38.8352 0.758069
0.693048 -38.8046 0.758503
0.693481  -38.774 0.758936
0.693915 -38.7435  0.75937
0.694348 -38.7131 0.759803
0.694782 -38.6826 0.760237
0.695215 -38.6522  0.76067
0.695649 -38.6219 0.761104
0.696082 -38.5915 0.761537
0.696516 -38.5613 0.761537
0.696949  -38.531 0.761971
0.697382 -38.5008 0.762404
0.697816 -38.4706 0.762838
0.698249 -38.4404 0.763271
0.698683 -38.4103 0.763705
0.699116 -38.3803 0.764138
 0.69955 -38.3502 0.764572
0.699983 -38.3202 0.765005
0.700417 -38.2902 0.765438
 0.70085 -38.2603 0.765872
0.701284 -38.2304 0.766305
0.701717 -38.2006 0.766739
0.702151 -38.1707 0.767172
0.702584  -38.141 0.767606
0.703018 -38.1112 0.768039
0.703451 -38.0815 0.768473
0.703885 -38.0518 0.768906
0.704318 -38.0222  0.76934
0.704752 -37.9926 0.769773
0.705185  -37.963 0.769773
0.705619 -37.9334 0.770207
0.706052 -37.9039  0.77064
0.706485 -37.8745 0.771074
0.706919  -37.845 0.771507
0.707352 -37.8156 0.771941
0.707786 -37.7863 0.772374
0.708219 -37.7569 0.772808
0.708653 -37.7276 0.773241
0.709086 -37.6984 0.773675
 0.70952 -37.6691 0.774108
0.709953 -37.6399 0.774542
0.710387 -37.6108 0.774975
 0.71082 -37.5817 0.775408
0.711254 -37.5526 0.775842
0.711687 -37.5235 0.776275
0.712121 -37.4945 0.776709
0.712554 -37.4655 0.777142
0.712988 -37.4366 0.777576
0.713421 -37.4077 0.778009
0.713855 -37.3788 0.778443
0.714288 -37.3499 0.778443
0.714722 -37.3211 0.778876
0.715155 -37.2923  0.77931
0.715589 -37.2636 0.779743
0.716022 -37.2349 0.780177
0.716455 -37.2062  0.78061
0.716889 -37.1775 0.781044
0.717322 -37.1489 0.781477
0.717756 -37.1203 0.781911
0.718189 -37.0918 0.782344
0.718623 -37.0633 0.782778
0.719056 -37.0348 0.783211
 0.71949 -37.0064 0.783645
0.719923 -36.9779 0.784078
0.720357 -36.9496 0.784512
 0.72079 -36.9212 0.784945
0.721224 -36.8929 0.785378
0.721657 -36.8646 0.785812
0.722091 -36.8364 0.786245
0.722524 -36.8082 0.786679
0.722958   -36.78 0.786679
0.723391 -36.7518 0.787112
0.723825 -36.7237 0.787546
0.724258 -36.6956 0.787979
0.724692 -36.6676 0.788413
0.725125 -36.6396 0.788846
0.725559 -36.6116  0.78928
0.725992 -36.5836 0.789713
0.726425 -36.5557 0.790147
0.726859 -36.5278  0.79058
0.727292    -36.5 0.791014
0.727726 -36.4721 0.791447
0.728159 -36.4443 0.791881
0.728593 -36.4166 0.792314
0.729026 -36.3889 0.792748
 0.72946 -36.3612 0.793181
0.729893 -36.3335 0.793615
0.730327 -36.3059 0.794048
 0.73076 -36.2783 0.794481
0.731194 -36.2507 0.794915
0.731627 -36.2232 0.794915
0.732061 -36.1957 0.795348
0.732494 -36.1682 0.795782
0.732928 -36.1408 0.796215
0.733361 -36.1134 0.796649
0.733795  -36.086 0.797082
0.734228 -36.0586 0.797516
0.734662 -36.0313 0.797949
0.735095  -36.004 0.798383
0.735529 -35.9768 0.798816
0.735962 -35.9496  0.79925
0.736395 -35.9224 0.799683
0.736829 -35.8952 0.800117
0.737262 -35.8681  0.80055
0.737696  -35.841 0.800984
0.738129 -35.8139 0.801417
0.738563 -35.7869 0.801851
0.738996 -35.7599 0.802284
 0.73943 -35.7329 0.802718
0.739863  -35.706 0.803151
0.740297 -35.6791 0.803151
 0.74073 -35.6522 0.803585
0.741164 -35.6253 0.804018
0.741597 -35.5985 0.804451
0.742031 -35.5717 0.804885
0.742464  -35.545 0.805318
0.742898 -35.5183 0.805752
0.743331 -35.4916 0.806185
0.743765 -35.4649 0.806619
0.744198 -35.4383 0.807052
0.744632 -35.4116 0.807486
0.745065 -35.3851 0.807919
0.745498 -35.3585 0.808353
0.745932  -35.332 0.808786
0.746365 -35.3055  0.80922
0.746799 -35.2791 0.809653
0.747232 -35.2527 0.810087
0.747666 -35.2263  0.81052
0.748099 -35.1999 0.810954
0.748533 -35.1736 0.810954
0.748966 -35.1473 0.811387
  0.7494  -35.121 0.811821
0.749833 -35.0947 0.812254
0.750267 -35.0685 0.812688
  0.7507 -35.0423 0.813121
0.751134 -35.0162 0.813555
0.751567 -34.9901 0.813988
0.752001  -34.964 0.814421
0.752434 -34.9379 0.814855
0.752868 -34.9119 0.815288
0.753301 -34.8858 0.815722
0.753735 -34.8599 0.816155
0.754168 -34.8339 0.816589
0.754602  -34.808 0.817022
0.755035 -34.7821 0.817456
0.755468 -34.7562 0.817889
0.755902 -34.7304 0.818323
0.756335 -34.7046 0.818756
0.756769 -34.6788 0.818756
0.757202 -34.6531  0.81919
0.757636 -34.6274 0.819623
0.758069 -34.6017 0.820057
0.758503  -34.576  0.82049
0.758936 -34.5504 0.820924
 0.75937 -34.5248 0.821357
0.759803 -34.4992 0.821791
0.760237 -34.4737 0.822224
 0.76067 -34.4481 0.822658
0.761104 -34.4226 0.823091
0.761537 -34.3972 0.823525
0.761971 -34.3718 0.823958
0.762404 -34.3464 0.824391
0.762838  -34.321 0.824825
0.763271 -34.2956 0.825258
0.763705 -34.2703 0.825692
0.764138  -34.245 0.826125
0.764572 -34.2198 0.826559
0.765005 -34.1945 0.826992
0.765438 -34.1693 0.826992
0.765872 -34.1442 0.827426
0.766305  -34.119 0.827859
0.766739 -34.0939 0.828293
0.767172 -34.0688 0.828726
0.767606 -34.0437  0.82916
0.768039 -34.0187 0.829593
0.768473 -33.9937 0.830027
0.768906 -33.9687  0.83046
 0.76934 -33.9437 0.830894
0.769773 -33.9188 0.831327
0.770207 -33.8939 0.831761
 0.77064  -33.869 0.832194
0.771074 -33.8442 0.832628
0.771507 -33.8194 0.833061
0.771941 -33.7946 0.833494
0.772374 -33.7698 0.833928
0.772808 -33.7451 0.834361
0.773241 -33.7204 0.834795
0.773675 -33.6957 0.834795
0.774108 -33.6711 0.835228
0.774542 -33.6464 0.835662
0.774975 -33.6218 0.836095
0.775408 -33.5972 0.836529
0.775842 -33.5727 0.836962
0.776275 -33.5482 0.837396
0.776709 -33.5237 0.837829
0.777142 -33.4992 0.838263
0.777576 -33.4748 0.838696
0.778009 -33.4504  0.83913
0.778443  -33.426 0.839563
0.778876 -33.4016 0.839997
 0.77931 -33.3773  0.84043
0.779743  -33.353 0.840864
0.780177 -33.3287 0.841297
 0.78061 -33.3045 0.841731
0.781044 -33.2803 0.842164
0.781477 -33.2561 0.842598
0.781911 -33.2319 0.842598
0.782344 -33.2078 0.843031
0.782778 -33.1836 0.843464
0.783211 -33.1595 0.843898
0.783645 -33.1355 0.844331
0.784078 -33.1114 0.844765
0.784512 -33.0874 0.845198
0.784945 -33.0634 0.845632
0.785378 -33.0395 0.846065
0.785812 -33.0155 0.846499
0.786245 -32.9916 0.846932
0.786679 -32.9678 0.847366
0.787112 -32.9439 0.847799
0.787546 -32.9201 0.848233
0.787979 -32.8963 0.848666
0.788413 -32.8725   0.8491
0.788846 -32.8487 0.849533
 0.78928  -32.825 0.849967
0.789713 -32.8013 0.849967
0.790147 -32.7776   0.8504
 0.79058  -32.754 0.850834
0.791014 -32.7304 0.851267
0.791447 -32.7068 0.851701
0.791881 -32.6832 0.852134
0.792314 -32.6596 0.852568
0.792748 -32.6361 0.853001
0.793181 -32.6126 0.853434
0.793615 -32.5891 0.853868
0.794048 -32.5657 0.854301
0.794481 -32.5423 0.854735
0.794915 -32.5189 0.855168
0.795348 -32.4955 0.855602
0.795782 -32.4722 0.856035
0.796215 -32.4489 0.856469
0.796649 -32.4256 0.856902
0.797082 -32.4023 0.857336
0.797516 -32.3791 0.857769
0.797949 -32.3558 0.857769
0.798383 -32.3326 0.858203
0.798816 -32.3095 0.858636
 0.79925 -32.2863  0.85907
0.799683 -32.2632 0.859503
0.800117 -32.2401 0.859937
 0.80055  -32.217  0.86037
0.800984  -32.194 0.860804
0.801417  -32.171 0.861237
0.801851  -32.148 0.861671
0.802284  -32.125 0.862104
0.802718 -32.1021 0.862538
0.803151 -32.0791 0.862971
0.803585 -32.0563 0.863404
0.804018 -32.0334 0.863838
0.804451 -32.0105 0.864271
0.804885 -31.9877 0.864705
0.805318 -31.9649 0.865138
0.805752 -31.9421 0.865138
0.806185 -31.9194 0.865572
0.806619 -31.8967 0.866005
0.807052  -31.874 0.866439
0.807486 -31.8513 0.866872
0.807919 -31.8286 0.867306
0.808353  -31.806 0.867739
0.808786 -31.7834 0.868173
 0.80922 -31.7608 0.868606
0.809653 -31.7382  0.86904
0.810087 -31.7157 0.869473
 0.81052 -31.6932 0.869907
0.810954 -31.6707  0.87034
0.811387 -31.6483 0.870774
0.811821 -31.6258 0.871207
0.812254 -31.6034 0.871641
0.812688  -31.581 0.872074
0.813121 -31.5587 0.872508
0.813555 -31.5363 0.872941
0.813988  -31.514 0.872941
0.814421 -31.4917 0.873374
0.814855 -31.4694 0.873808
0.815288 -31.4472 0.874241
0.815722  -31.425 0.874675
0.816155 -31.4028 0.875108
0.816589 -31.3806 0.875542
0.817022 -31.3584 0.875975
0.817456 -31.3363 0.876409
0.817889 -31.3142 0.876842
0.818323 -31.2921 0.877276
0.818756   -31.27 0.877709
 0.81919  -31.248 0.878143
0.819623  -31.226 0.878576
0.820057  -31.204  0.87901
 0.82049  -31.182 0.879443
0.820924 -31.1601 0.879877
0.821357 -31.1382  0.88031
0.821791 -31.1163  0.88031
0.822224 -31.0944 0.880744
0.822658 -31.0725 0.881177
0.823091 -31.0507 0.881611
0.823525 -31.0289 0.882044
0.823958 -31.0071 0.882477
0.824391 -30.9854 0.882911
0.824825 -30.9636 0.883344
0.825258 -30.9419 0.883778
0.825692 -30.9202 0.884211
0.826125 -30.8985 0.884645
0.826559 -30.8769 0.885078
0.826992 -30.8553 0.885512
0.827426 -30.8337 0.885945
0.827859 -30.8121 0.886379
0.828293 -30.7905 0.886812
0.828726  -30.769 0.887246
 0.82916 -30.7475 0.887679
0.829593  -30.726 0.887679
0.830027 -30.7045 0.888113
 0.83046 -30.6831 0.888546
0.830894 -30.6617  0.88898
0.831327 -30.6403 0.889413
0.831761 -30.6189 0.889847
0.832194 -30.5975  0.89028
0.832628 -30.5762 0.890714
0.833061 -30.5549 0.891147
0.833494 -30.5336 0.891581
0.833928 -30.5123 0.892014
0.834361 -30.4911 0.892447
0.834795 -30.4699 0.892881
0.835228 -30.4487 0.893314
0.835662 -30.4275 0.893748
0.836095 -30.4064 0.894181
0.836529 -30.3852 0.894615
0.836962 -30.3641 0.895048
0.837396  -30.343 0.895048
0.837829 -30.3219 0.895482
0.838263 -30.3009 0.895915
0.838696 -30.2799 0.896349
 0.83913 -30.2589 0.896782
0.839563 -30.2379 0.897216
0.839997 -30.2169 0.897649
 0.84043  -30.196 0.898083
0.840864 -30.1751 0.898516
0.841297 -30.1542  0.89895
0.841731 -30.1333 0.899383
0.842164 -30.1125 0.899817
0.842598 -30.0916  0.90025
0.843031 -30.0708 0.900684
0.843464   -30.05 0.901117
0.843898 -30.0293 0.901551
0.844331 -30.0085 0.901984
0.844765 -29.9878 0.901984
0.845198 -29.9671 0.902417
0.845632 -29.9464 0.902851
0.846065 -29.9258 0.903284
0.846499 -29.9051 0.903718
0.846932 -29.8845 0.904151
0.847366 -29.8639 0.904585
0.847799 -29.8433 0.905018
0.848233 -29.8228 0.905452
0.848666 -29.8022 0.905885
  0.8491 -29.7817 0.906319
0.849533 -29.7612 0.906752
0.849967 -29.7408 0.907186
  0.8504 -29.7203 0.907619
0.850834 -29.6999 0.908053
0.851267 -29.6795 0.908486
0.851701 -29.6591  0.90892
0.852134 -29.6388 0.909353
0.852568 -29.6184 0.909353
0.853001 -29.5981 0.909787
0.853434 -29.5778  0.91022
0.853868 -29.5575 0.910654
0.854301 -29.5372 0.911087
0.854735  -29.517 0.911521
0.855168 -29.4968 0.911954
0.855602 -29.4766 0.912387
0.856035 -29.4564 0.912821
0.856469 -29.4362 0.913254
0.856902 -29.4161 0.913688
0.857336  -29.396 0.914121
0.857769 -29.3759 0.914555
0.858203 -29.3558 0.914988
0.858636 -29.3358 0.915422
 0.85907 -29.3157 0.915855
0.859503 -29.2957 0.916289
0.859937 -29.2757 0.916289
 0.86037 -29.2558 0.916722
0.860804 -29.2358 0.917156
0.861237 -29.2159 0.917589
0.861671 -29.1959 0.918023
0.862104 -29.1761 0.918456
0.862538 -29.1562  0.91889
0.862971 -29.1363 0.919323
0.863404 -29.1165 0.919757
0.863838 -29.0967  0.92019
0.864271 -29.0769 0.920624
0.864705 -29.0571 0.921057
0.865138 -29.0374  0.92149
0.865572 -29.0176 0.921924
0.866005 -28.9979 0.922357
0.866439 -28.9782 0.922791
0.866872 -28.9586 0.923224
0.867306 -28.9389 0.923658
0.867739 -28.9193 0.923658
0.868173 -28.8997 0.924091
0.868606 -28.8801 0.924525
 0.86904 -28.8605 0.924958
0.869473 -28.8409 0.925392
0.869907 -28.8214 0.925825
 0.87034 -28.8019 0.926259
0.870774 -28.7824 0.926692
0.871207 -28.7629 0.927126
0.871641 -28.7435 0.927559
0.872074  -28.724 0.927993
0.872508 -28.7046 0.928426
0.872941 -28.6852  0.92886
0.873374 -28.6658 0.929293
0.873808 -28.6465 0.929727
0.874241 -28.6271  0.93016
0.874675 -28.6078 0.930594
0.875108 -28.5885 0.930594
0.875542 -28.5692 0.931027
0.875975   -28.55  0.93146
0.876409 -28.5307 0.931894
0.876842 -28.5115 0.932327
0.877276 -28.4923 0.932761
0.877709 -28.4731 0.933194
0.878143 -28.4539 0.933628
0.878576 -28.4348 0.934061
 0.87901 -28.4157 0.934495
0.879443 -28.3966 0.934928
0.879877 -28.3775 0.935362
 0.88031 -28.3584 0.935795
0.880744 -28.3394 0.936229
0.881177 -28.3203 0.936662
0.881611 -28.3013 0.937096
0.882044 -28.2823 0.937529
0.882477 -28.2633 0.937529
0.882911 -28.2444 0.937963
0.883344 -28.2254 0.938396
0.883778 -28.2065  0.93883
0.884211 -28.1876 0.939263
0.884645 -28.1687 0.939697
0.885078 -28.1499  0.94013
0.885512  -28.131 0.940564
0.885945 -28.1122 0.940997
0.886379 -28.0934  0.94143
0.886812 -28.0746 0.941864
0.887246 -28.0558 0.942297
0.887679 -28.0371 0.942731
0.888113 -28.0184 0.943164
0.888546 -27.9996 0.943598
 0.88898  -27.981 0.944031
0.889413 -27.9623 0.944465
0.889847 -27.9436 0.944465
 0.89028  -27.925 0.944898
0.890714 -27.9064 0.945332
0.891147 -27.8878 0.945765
0.891581 -27.8692 0.946199
0.892014 -27.8506 0.946632
0.892447 -27.8321 0.947066
0.892881 -27.8135 0.947499
0.893314  -27.795 0.947933
0.893748 -27.7765 0.948366
0.894181  -27.758   0.9488
0.894615 -27.7396 0.949233
0.895048 -27.7211 0.949667
0.895482 -27.7027   0.9501
0.895915 -27.6843 0.950534
0.896349 -27.6659 0.950967
0.896782 -27.6476   0.9514
0.897216 -27.6292   0.9514
0.897649 -27.6109 0.951834
0.898083 -27.5926 0.952267
0.898516 -27.5743 0.952701
 0.89895  -27.556 0.953134
0.899383 -27.5378 0.953568
0.899817 -27.5195 0.954001
 0.90025 -27.5013 0.954435
0.900684 -27.4831 0.954868
0.901117 -27.4649 0.955302
0.901551 -27.4467 0.955735
0.901984 -27.4286 0.956169
0.902417 -27.4105 0.956602
0.902851 -27.3923 0.957036
0.903284 -27.3742 0.957469
0.903718 -27.3562 0.957903
0.904151 -27.3381 0.958336
0.904585 -27.3201 0.958336
0.905018  -27.302  0.95877
0.905452  -27.284 0.959203
0.905885  -27.266 0.959637
0.906319  -27.248  0.96007
0.906752 -27.2301 0.960504
0.907186 -27.2121 0.960937
0.907619 -27.1942  0.96137
0.908053 -27.1763 0.961804
0.908486 -27.1584 0.962237
 0.90892 -27.1406 0.962671
0.909353 -27.1227 0.963104
0.909787 -27.1049 0.963538
 0.91022 -27.0871 0.963971
0.910654 -27.0693 0.964405
0.911087 -27.0515 0.964838
0.911521 -27.0337 0.965272
0.911954  -27.016 0.965272
0.912387 -26.9982 0.965705
0.912821 -26.9805 0.966139
0.913254 -26.9628 0.966572
0.913688 -26.9451 0.967006
0.914121 -26.9275 0.967439
0.914555 -26.9098 0.967873
0.914988 -26.8922 0.968306
0.915422 -26.8746  0.96874
0.915855  -26.857 0.969173
0.916289 -26.8394 0.969607
0.916722 -26.8219  0.97004
0.917156 -26.8043 0.970473
0.917589 -26.7868 0.970907
0.918023 -26.7693  0.97134
0.918456 -26.7518 0.971774
 0.91889 -26.7343 0.971774
0.919323 -26.7168 0.972207
0.919757 -26.6994 0.972641
 0.92019  -26.682 0.973074
0.920624 -26.6646 0.973508
0.921057 -26.6472 0.973941
 0.92149 -26.6298 0.974375
0.921924 -26.6124 0.974808
0.922357 -26.5951 0.975242
0.922791 -26.5778 0.975675
0.923224 -26.5605 0.976109
0.923658 -26.5432 0.976542
0.924091 -26.5259 0.976976
0.924525 -26.5086 0.977409
0.924958 -26.4914 0.977843
0.925392 -26.4742 0.978276
0.925825  -26.457  0.97871
0.926259 -26.4398  0.97871
0.926692 -26.4226 0.979143
0.927126 -26.4054 0.979577
0.927559 -26.3883  0.98001
0.927993 -26.3712 0.980443
0.928426  -26.354 0.980877
 0.92886  -26.337  0.98131
0.929293 -26.3199 0.981744
0.929727 -26.3028 0.982177
 0.93016 -26.2858 0.982611
0.930594 -26.2687 0.983044
0.931027 -26.2517 0.983478
 0.93146 -26.2347 0.983911
0.931894 -26.2178 0.984345
0.932327 -26.2008 0.984778
0.932761 -26.1838 0.985212
0.933194 -26.1669 0.985212
0.933628   -26.15 0.985645
0.934061 -26.1331 0.986079
0.934495 -26.1162 0.986512
0.934928 -26.0993 0.986946
0.935362 -26.0825 0.987379
0.935795 -26.0657 0.987813
0.936229 -26.0488 0.988246
0.936662  -26.032  0.98868
0.937096 -26.0152 0.989113
0.937529 -25.9985 0.989547
0.937963 -25.9817  0.98998
0.938396  -25.965 0.990413
 0.93883 -25.9483 0.990847
0.939263 -25.9315  0.99128
0.939697 -25.9149 0.991714
 0.94013 -25.8982 0.992147
0.940564 -25.8815 0.992147
0.940997 -25.8649 0.992581
 0.94143 -25.8482 0.993014
0.941864 -25.8316 0.993448
0.942297  -25.815 0.993881
0.942731 -25.7985 0.994315
0.943164 -25.7819 0.994748
0.943598 -25.7653 0.995182
0.944031 -25.7488 0.995615
0.944465 -25.7323 0.996049
0.944898 -25.7158 0.996482
0.945332 -25.6993 0.996916
0.945765 -25.6828 0.997349
0.946199 -25.6664 0.997783
0.946632 -25.6499 0.998216
0.947066 -25.6335  0.99865
0.947499 -25.6171  0.99865
0.947933 -25.6007 0.999083
0.948366 -25.5843 0.999517
  0.9488 -25.5679  0.99995
0.949233 -25.5516  1.00038
0.949667 -25.5353  1.00082
  0.9501 -25.5189  1.00125
0.950534 -25.5026  1.00168
0.950967 -25.4864  1.00212
  0.9514 -25.4701  1.00255
0.951834 -25.4538  1.00298
0.952267 -25.4376  1.00342
0.952701 -25.4214  1.00385
0.953134 -25.4052  1.00428
0.953568  -25.389  1.00472
0.954001 -25.3728  1.00515
0.954435 -25.3566  1.00515
0.954868 -25.3405  1.00559
0.955302 -25.3243  1.00602
0.955735 -25.3082  1.00645
0.956169 -25.2921  1.00689
0.956602  -25.276  1.00732
0.957036 -25.2599  1.00775
0.957469 -25.2439  1.00819
0.957903 -25.2278  1.00862
0.958336 -25.2118  1.00905
 0.95877 -25.1958  1.00949
0.959203 -25.1798  1.00992
0.959637 -25.1638  1.01035
 0.96007 -25.1478  1.01079
0.960504 -25.1319  1.01122
0.960937 -25.1159  1.01165
 0.96137    -25.1  1.01209
0.961804 -25.0841  1.01209
0.962237 -25.0682  1.01252
0.962671 -25.0523  1.01295
0.963104 -25.0365  1.01339
0.963538 -25.0206  1.01382
0.963971 -25.0048  1.01425
0.964405 -24.9889  1.01469
0.964838 -24.9731  1.01512
0.965272 -24.9573  1.01556
0.965705 -24.9416  1.01599
0.966139 -24.9258  1.01642
0.966572   -24.91  1.01686
0.967006 -24.8943  1.01729
0.967439 -24.8786  1.01772
0.967873 -24.8629  1.01816
0.968306 -24.8472  1.01859
 0.96874 -24.8315  1.01859
0.969173 -24.8159  1.01902
0.969607 -24.8002  1.01946
 0.97004 -24.7846  1.01989
0.970473  -24.769  1.02032
0.970907 -24.7534  1.02076
 0.97134 -24.7378  1.02119
0.971774 -24.7222  1.02162
0.972207 -24.7066  1.02206
0.972641 -24.6911  1.02249
0.973074 -24.6756  1.02292
0.973508   -24.66  1.02336
0.973941 -24.6445  1.02379
0.974375 -24.6291  1.02422
0.974808 -24.6136  1.02466
0.975242 -24.5981  1.02509
0.975675 -24.5827  1.02509
0.976109 -24.5672  1.02553
0.976542 -24.5518  1.02596
0.976976 -24.5364  1.02639
0.977409  -24.521  1.02683
0.977843 -24.5056  1.02726
0.978276 -24.4903  1.02769
 0.97871 -24.4749  1.02813
0.979143 -24.4596  1.02856
0.979577 -24.4443  1.02899
 0.98001  -24.429  1.02943
0.980443 -24.4137  1.02986
0.980877 -24.3984  1.03029
 0.98131 -24.3832  1.03073
0.981744 -24.3679  1.03116
0.982177 -24.3527  1.03159
0.982611 -24.3375  1.03159
0.983044 -24.3222  1.03203
0.983478 -24.3071  1.03246
0.983911 -24.2919  1.03289
0.984345 -24.2767  1.03333
0.984778 -24.2616  1.03376
0.985212 -24.2464  1.03419
0.985645 -24.2313  1.03463
0.986079 -24.2162  1.03506
0.986512 -24.2011   1.0355
0.986946  -24.186  1.03593
0.987379 -24.1709  1.03636
0.987813 -24.1559   1.0368
0.988246 -24.1408  1.03723
 0.98868 -24.1258  1.03766
0.989113 -24.1108  1.03766
0.989547 -24.0958   1.0381
 0.98998 -24.0808  1.03853
0.990413 -24.0659  1.03896
0.990847 -24.0509   1.0394
 0.99128 -24.0359  1.03983
0.991714  -24.021  1.04026
0.992147 -24.0061   1.0407
0.992581 -23.9912  1.04113
0.993014 -23.9763  1.04156
0.993448 -23.9614    1.042
0.993881 -23.9466  1.04243
0.994315 -23.9317  1.04286
0.994748 -23.9169   1.0433
0.995182 -23.9021  1.04373
0.995615 -23.8872  1.04416
0.996049 -23.8724   1.0446
0.996482 -23.8577   1.0446
0.996916 -23.8429  1.04503
0.997349 -23.8281  1.04547
0.997783 -23.8134   1.0459
0.998216 -23.7987  1.04633
 0.99865 -23.7839  1.04677
0.999083 -23.7692   1.0472
0.999517 -23.7545  1.04763
 0.99995 -23.7399  1.04807
 1.00038 -23.7252   1.0485
 1.00082 -23.7106  1.04893
 1.00125 -23.6959  1.04937
 1.00168 -23.6813   1.0498
 1.00212 -23.6667  1.05023
 1.00255 -23.6521  1.05067
 1.00298 -23.6375  1.05067
 1.00342 -23.6229   1.0511
 1.00385 -23.6084  1.05153
 1.00428 -23.5938  1.05197
 1.00472 -23.5793   1.0524
 1.00515 -23.5648  1.05283
 1.00559 -23.5503  1.05327
 1.00602 -23.5358   1.0537
 1.00645 -23.5213  1.05413
 1.00689 -23.5068  1.05457
 1.00732 -23.4924    1.055
 1.00775 -23.4779  1.05544
 1.00819 -23.4635  1.05587
 1.00862 -23.4491   1.0563
 1.00905 -23.4347  1.05674
 1.00949 -23.4203  1.05717
 1.00992 -23.4059  1.05717
 1.01035 -23.3916   1.0576
 1.01079 -23.3772  1.05804
 1.01122 -23.3629  1.05847
 1.01165 -23.3486   1.0589
 1.01209 -23.3343  1.05934
 1.01252   -23.32  1.05977
 1.01295 -23.3057   1.0602
 1.01339 -23.2914  1.06064
 1.01382 -23.2771  1.06107
 1.01425 -23.2629   1.0615
 1.01469 -23.2487  1.06194
 1.01512 -23.2344  1.06237
 1.01556 -23.2202   1.0628
 1.01599  -23.206  1.06324
 1.01642 -23.1919  1.06367
 1.01686 -23.1777  1.06367
 1.01729 -23.1635   1.0641
 1.01772 -23.1494  1.06454
 1.01816 -23.1352  1.06497
 1.01859 -23.1211  1.06541
 1.01902  -23.107  1.06584
 1.01946 -23.0929  1.06627
 1.01989 -23.0788  1.06671
 1.02032 -23.0648  1.06714
 1.02076 -23.0507  1.06757
 1.02119 -23.0367  1.06801
 1.02162 -23.0226  1.06844
 1.02206 -23.0086  1.06887
 1.02249 -22.9946  1.06931
 1.02292 -22.9806  1.06974
 1.02336 -22.9666  1.06974
 1.02379 -22.9526  1.07017
 1.02422 -22.9387  1.07061
 1.02466 -22.9247  1.07104
 1.02509 -22.9108  1.07147
 1.02553 -22.8969  1.07191
 1.02596  -22.883  1.07234
 1.02639 -22.8691  1.07277
 1.02683 -22.8552  1.07321
 1.02726 -22.8413  1.07364
 1.02769 -22.8275  1.07407
 1.02813 -22.8136  1.07451
 1.02856 -22.7998  1.07494
 1.02899  -22.786  1.07538
 1.02943 -22.7721  1.07581
 1.02986 -22.7584  1.07624
 1.03029 -22.7446  1.07624
 1.03073 -22.7308  1.07668
 1.03116  -22.717  1.07711
 1.03159 -22.7033  1.07754
 1.03203 -22.6895  1.07798
 1.03246 -22.6758  1.07841
 1.03289 -22.6621  1.07884
 1.03333 -22.6484  1.07928
 1.03376 -22.6347  1.07971
 1.03419  -22.621  1.08014
 1.03463 -22.6074  1.08058
 1.03506 -22.5937  1.08101
  1.0355 -22.5801  1.08144
 1.03593 -22.5664  1.08188
 1.03636 -22.5528  1.08231
  1.0368 -22.5392  1.08231
 1.03723 -22.5256  1.08274
 1.03766  -22.512  1.08318
  1.0381 -22.4985  1.08361
 1.03853 -22.4849  1.08404
 1.03896 -22.4714  1.08448
  1.0394 -22.4578  1.08491
 1.03983 -22.4443  1.08535
 1.04026 -22.4308  1.08578
  1.0407 -22.4173  1.08621
 1.04113 -22.4038  1.08665
 1.04156 -22.3903  1.08708
   1.042 -22.3769  1.08751
 1.04243 -22.3634  1.08795
 1.04286   -22.35  1.08838
  1.0433 -22.3366  1.08881
 1.04373 -22.3232  1.08881
 1.04416 -22.3097  1.08925
  1.0446 -22.2964  1.08968
 1.04503  -22.283  1.09011
 1.04547 -22.2696  1.09055
  1.0459 -22.2562  1.09098
 1.04633 -22.2429  1.09141
 1.04677 -22.2296  1.09185
  1.0472 -22.2162  1.09228
 1.04763 -22.2029  1.09271
 1.04807 -22.1896  1.09315
  1.0485 -22.1763  1.09358
 1.04893 -22.1631  1.09401
 1.04937 -22.1498  1.09445
  1.0498 -22.1366  1.09488
 1.05023 -22.1233  1.09488
 1.05067 -22.1101  1.09532
  1.0511 -22.0969  1.09575
 1.05153 -22.0837  1.09618
 1.05197 -22.0705  1.09662
  1.0524 -22.0573  1.09705
 1.05283 -22.0441  1.09748
 1.05327 -22.0309  1.09792
  1.0537 -22.0178  1.09835
 1.05413 -22.0047  1.09878
 1.05457 -21.9915  1.09922
   1.055 -21.9784  1.09965
 1.05544 -21.9653  1.10008
 1.05587 -21.9522  1.10052
  1.0563 -21.9391  1.10095
 1.05674 -21.9261  1.10095
 1.05717  -21.913  1.10138
  1.0576    -21.9  1.10182
 1.05804 -21.8869  1.10225
 1.05847 -21.8739  1.10268
  1.0589 -21.8609  1.10312
 1.05934 -21.8479  1.10355
 1.05977 -21.8349  1.10398
  1.0602 -21.8219  1.10442
 1.06064 -21.8089  1.10485
 1.06107  -21.796  1.10529
  1.0615  -21.783  1.10572
 1.06194 -21.7701  1.10615
 1.06237 -21.7572  1.10659
  1.0628 -21.7443  1.10702
 1.06324 -21.7314  1.10702
 1.06367 -21.7185  1.10745
  1.0641 -21.7056  1.10789
 1.06454 -21.6927  1.10832
 1.06497 -21.6799  1.10875
 1.06541  -21.667  1.10919
 1.06584 -21.6542  1.10962
 1.06627 -21.6414  1.11005
 1.06671 -21.6286  1.11049
 1.06714 -21.6158  1.11092
 1.06757  -21.603  1.11135
 1.06801 -21.5902  1.11179
 1.06844 -21.5774  1.11222
 1.06887 -21.5647  1.11265
 1.06931 -21.5519  1.11309
 1.06974 -21.5392  1.11352
 1.07017 -21.5265  1.11352
 1.07061 -21.5137  1.11395
 1.07104  -21.501  1.11439
 1.07147 -21.4883  1.11482
 1.07191 -21.4757  1.11526
 1.07234  -21.463  1.11569
 1.07277 -21.4503  1.11612
 1.07321 -21.4377  1.11656
 1.07364  -21.425  1.11699
 1.07407 -21.4124  1.11742
 1.07451 -21.3998  1.11786
 1.07494 -21.3872  1.11829
 1.07538 -21.3746  1.11872
 1.07581  -21.362  1.11916
 1.07624 -21.3495  1.11916
 1.07668 -21.3369  1.11959
 1.07711 -21.3243  1.12002
 1.07754 -21.3118  1.12046
 1.07798 -21.2993  1.12089
 1.07841 -21.2867  1.12132
 1.07884 -21.2742  1.12176
 1.07928 -21.2617  1.12219
 1.07971 -21.2492  1.12262
 1.08014 -21.2368  1.12306
 1.08058 -21.2243  1.12349
 1.08101 -21.2118  1.12392
 1.08144 -21.1994  1.12436
 1.08188  -21.187  1.12479
 1.08231 -21.1745  1.12523
 1.08274 -21.1621  1.12566
 1.08318 -21.1497  1.12566
 1.08361 -21.1373  1.12609
 1.08404  -21.125  1.12653
 1.08448 -21.1126  1.12696
 1.08491 -21.1002  1.12739
 1.08535 -21.0879  1.12783
 1.08578 -21.0755  1.12826
 1.08621 -21.0632  1.12869
 1.08665 -21.0509  1.12913
 1.08708 -21.0386  1.12956
 1.08751 -21.0263  1.12999
 1.08795  -21.014  1.13043
 1.08838 -21.0017  1.13086
 1.08881 -20.9894  1.13129
 1.08925 -20.9772  1.13173
 1.08968 -20.9649  1.13173
 1.09011 -20.9527  1.13216
 1.09055 -20.9405  1.13259
 1.09098 -20.9283  1.13303
 1.09141 -20.9161  1.13346
 1.09185 -20.9039  1.13389
 1.09228 -20.8917  1.13433
 1.09271 -20.8795  1.13476
 1.09315 -20.8673   1.1352
 1.09358 -20.8552  1.13563
 1.09401  -20.843  1.13606
 1.09445 -20.8309   1.1365
 1.09488 -20.8188  1.13693
 1.09532 -20.8067  1.13736
 1.09575 -20.7946   1.1378
 1.09618 -20.7825   1.1378
 1.09662 -20.7704  1.13823
 1.09705 -20.7583  1.13866
 1.09748 -20.7463   1.1391
 1.09792 -20.7342  1.13953
 1.09835 -20.7222  1.13996
 1.09878 -20.7101   1.1404
 1.09922 -20.6981  1.14083
 1.09965 -20.6861  1.14126
 1.10008 -20.6741   1.1417
 1.10052 -20.6621  1.14213
 1.10095 -20.6501  1.14256
 1.10138 -20.6382    1.143
 1.10182 -20.6262  1.14343
 1.10225 -20.6143  1.14386
 1.10268 -20.6023  1.14386
 1.10312 -20.5904   1.1443
 1.10355 -20.5785  1.14473
 1.10398 -20.5666  1.14517
 1.10442 -20.5547   1.1456
 1.10485 -20.5428  1.14603
 1.10529 -20.5309  1.14647
 1.10572  -20.519   1.1469
 1.10615 -20.5072  1.14733
 1.10659 -20.4953  1.14777
 1.10702 -20.4835   1.1482
 1.10745 -20.4716  1.14863
 1.10789 -20.4598  1.14907
 1.10832  -20.448   1.1495
 1.10875 -20.4362  1.14993
 1.10919 -20.4244  1.14993
 1.10962 -20.4126  1.15037
 1.11005 -20.4009   1.1508
 1.11049 -20.3891  1.15123
 1.11092 -20.3773  1.15167
 1.11135 -20.3656   1.1521
 1.11179 -20.3539  1.15253
 1.11222 -20.3421  1.15297
 1.11265 -20.3304   1.1534
 1.11309 -20.3187  1.15383
 1.11352  -20.307  1.15427
 1.11395 -20.2954   1.1547
 1.11439 -20.2837  1.15514
 1.11482  -20.272  1.15557
 1.11526 -20.2604    1.156
 1.11569 -20.2487    1.156
 1.11612 -20.2371  1.15644
 1.11656 -20.2255  1.15687
 1.11699 -20.2138   1.1573
 1.11742 -20.2022  1.15774
 1.11786 -20.1906  1.15817
 1.11829 -20.1791   1.1586
 1.11872 -20.1675  1.15904
 1.11916 -20.1559  1.15947
 1.11959 -20.1444   1.1599
 1.12002 -20.1328  1.16034
 1.12046 -20.1213  1.16077
 1.12089 -20.1097   1.1612
 1.12132 -20.0982  1.16164
 1.12176 -20.0867  1.16164
 1.12219 -20.0752  1.16207
 1.12262 -20.0637   1.1625
 1.12306 -20.0522  1.16294
 1.12349 -20.0408  1.16337
 1.12392 -20.0293   1.1638
 1.12436 -20.0178  1.16424
 1.12479 -20.0064  1.16467
 1.12523  -19.995  1.16511
 1.12566 -19.9835  1.16554
 1.12609 -19.9721  1.16597
 1.12653 -19.9607  1.16641
 1.12696 -19.9493  1.16684
 1.12739 -19.9379  1.16727
 1.12783 -19.9266  1.16771
 1.12826 -19.9152  1.16771
 1.12869 -19.9038  1.16814
 1.12913 -19.8925  1.16857
 1.12956 -19.8811  1.16901
 1.12999 -19.8698  1.16944
 1.13043 -19.8585  1.16987
 1.13086 -19.8472  1.17031
 1.13129 -19.8359  1.17074
 1.13173 -19.8246  1.17117
 1.13216 -19.8133  1.17161
 1.13259  -19.802  1.17204
 1.13303 -19.7908  1.17247
 1.13346 -19.7795  1.17291
 1.13389 -19.7682  1.17334
 1.13433  -19.757  1.17377
 1.13476 -19.7458  1.17377
  1.1352 -19.7346  1.17421
 1.13563 -19.7233  1.17464
 1.13606 -19.7121  1.17508
  1.1365  -19.701  1.17551
 1.13693 -19.6898  1.17594
 1.13736 -19.6786  1.17638
  1.1378 -19.6674  1.17681
 1.13823 -19.6563  1.17724
 1.13866 -19.6451  1.17768
  1.1391  -19.634  1.17811
 1.13953 -19.6229  1.17854
 1.13996 -19.6117  1.17898
  1.1404 -19.6006  1.17941
 1.14083 -19.5895  1.17941
 1.14126 -19.5784  1.17984
  1.1417 -19.5674  1.18028
 1.14213 -19.5563  1.18071
 1.14256 -19.5452  1.18114
   1.143 -19.5342  1.18158
 1.14343 -19.5231  1.18201
 1.14386 -19.5121  1.18244
  1.1443 -19.5011  1.18288
 1.14473   -19.49  1.18331
 1.14517  -19.479  1.18374
  1.1456  -19.468  1.18418
 1.14603  -19.457  1.18461
 1.14647  -19.446  1.18505
  1.1469 -19.4351  1.18548
 1.14733 -19.4241  1.18548
 1.14777 -19.4131  1.18591
  1.1482 -19.4022  1.18635
 1.14863 -19.3913  1.18678
 1.14907 -19.3803  1.18721
  1.1495 -19.3694  1.18765
 1.14993 -19.3585  1.18808
 1.15037 -19.3476  1.18851
  1.1508 -19.3367  1.18895
 1.15123 -19.3258  1.18938
 1.15167 -19.3149  1.18981
  1.1521 -19.3041  1.19025
 1.15253 -19.2932  1.19068
 1.15297 -19.2824  1.19111
  1.1534 -19.2715  1.19155
 1.15383 -19.2607  1.19155
 1.15427 -19.2499  1.19198
  1.1547  -19.239  1.19241
 1.15514 -19.2282  1.19285
 1.15557 -19.2174  1.19328
   1.156 -19.2066  1.19371
 1.15644 -19.1959  1.19415
 1.15687 -19.1851  1.19458
  1.1573 -19.1743  1.19502
 1.15774 -19.1636  1.19545
 1.15817 -19.1528  1.19588
  1.1586 -19.1421  1.19632
 1.15904 -19.1314  1.19675
 1.15947 -19.1206  1.19718
  1.1599 -19.1099  1.19718
 1.16034 -19.0992  1.19762
 1.16077 -19.0885  1.19805
  1.1612 -19.0778  1.19848
 1.16164 -19.0672  1.19892
 1.16207 -19.0565  1.19935
  1.1625 -19.0458  1.19978
 1.16294 -19.0352  1.20022
 1.16337 -19.0245  1.20065
  1.1638 -19.0139  1.20108
 1.16424 -19.0033  1.20152
 1.16467 -18.9927  1.20195
 1.16511 -18.9821  1.20238
 1.16554 -18.9715  1.20282
 1.16597 -18.9609  1.20282
 1.16641 -18.9503  1.20325
 1.16684 -18.9397  1.20368
 1.16727 -18.9292  1.20412
 1.16771 -18.9186  1.20455
 1.16814  -18.908  1.20498
 1.16857 -18.8975  1.20542
 1.16901  -18.887  1.20585
 1.16944 -18.8765  1.20629
 1.16987 -18.8659  1.20672
 1.17031 -18.8554  1.20715
 1.17074 -18.8449  1.20759
 1.17117 -18.8344  1.20802
 1.17161  -18.824  1.20845
 1.17204 -18.8135  1.20889
 1.17247  -18.803  1.20932
 1.17291 -18.7926  1.20932
 1.17334 -18.7821  1.20975
 1.17377 -18.7717  1.21019
 1.17421 -18.7613  1.21062
 1.17464 -18.7508  1.21105
 1.17508 -18.7404  1.21149
 1.17551   -18.73  1.21192
 1.17594 -18.7196  1.21235
 1.17638 -18.7092  1.21279
 1.17681 -18.6988  1.21322
 1.17724 -18.6885  1.21365
 1.17768 -18.6781  1.21409
 1.17811 -18.6678  1.21452
 1.17854 -18.6574  1.21495
 1.17898 -18.6471  1.21495
 1.17941 -18.6367  1.21539
 1.17984 -18.6264  1.21582
 1.18028 -18.6161  1.21626
 1.18071 -18.6058  1.21669
 1.18114 -18.5955  1.21712
 1.18158 -18.5852  1.21756
 1.18201 -18.5749  1.21799
 1.18244 -18.5646  1.21842
 1.18288 -18.5544  1.21886
 1.18331 -18.5441  1.21929
 1.18374 -18.5339  1.21972
 1.18418 -18.5236  1.22016
 1.18461 -18.5134  1.22059
 1.18505 -18.5032  1.22059
 1.18548  -18.493  1.22102
 1.18591 -18.4827  1.22146
 1.18635 -18.4725  1.22189
 1.18678 -18.4623  1.22232
 1.18721 -18.4522  1.22276
 1.18765  -18.442  1.22319
 1.18808 -18.4318  1.22362
 1.18851 -18.4217  1.22406
 1.18895 -18.4115  1.22449
 1.18938 -18.4014  1.22492
 1.18981 -18.3912  1.22536
 1.19025 -18.3811  1.22579
 1.19068  -18.371  1.22623
 1.19111 -18.3609  1.22666
 1.19155 -18.3508  1.22666
 1.19198 -18.3407  1.22709
 1.19241 -18.3306  1.22753
 1.19285 -18.3205  1.22796
 1.19328 -18.3104  1.22839
 1.19371 -18.3004  1.22883
 1.19415 -18.2903  1.22926
 1.19458 -18.2803  1.22969
 1.19502 -18.2702  1.23013
 1.19545 -18.2602  1.23056
 1.19588 -18.2502  1.23099
 1.19632 -18.2401  1.23143
 1.19675 -18.2301  1.23186
 1.19718 -18.2201  1.23229
 1.19762 -18.2101  1.23229
 1.19805 -18.2002  1.23273
 1.19848 -18.1902  1.23316
 1.19892 -18.1802  1.23359
 1.19935 -18.1702  1.23403
 1.19978 -18.1603  1.23446
 1.20022 -18.1503  1.23489
 1.20065 -18.1404  1.23533
 1.20108 -18.1305  1.23576
 1.20152 -18.1206   1.2362
 1.20195 -18.1106  1.23663
 1.20238 -18.1007  1.23706
 1.20282 -18.0908   1.2375
 1.20325 -18.0809  1.23793
 1.20368 -18.0711  1.23793
 1.20412 -18.0612  1.23836
 1.20455 -18.0513   1.2388
 1.20498 -18.0415  1.23923
 1.20542 -18.0316  1.23966
 1.20585 -18.0218   1.2401
 1.20629 -18.0119  1.24053
 1.20672 -18.0021  1.24096
 1.20715 -17.9923   1.2414
 1.20759 -17.9825  1.24183
 1.20802 -17.9726  1.24226
 1.20845 -17.9628   1.2427
 1.20889 -17.9531  1.24313
 1.20932 -17.9433  1.24356
 1.20975 -17.9335  1.24356
 1.21019 -17.9237    1.244
 1.21062  -17.914  1.24443
 1.21105 -17.9042  1.24486
 1.21149 -17.8945   1.2453
 1.21192 -17.8847  1.24573
 1.21235  -17.875  1.24617
 1.21279 -17.8653   1.2466
 1.21322 -17.8556  1.24703
 1.21365 -17.8459  1.24747
 1.21409 -17.8362   1.2479
 1.21452 -17.8265  1.24833
 1.21495 -17.8168  1.24877
 1.21539 -17.8071   1.2492
 1.21582 -17.7974  1.24963
 1.21626 -17.7878  1.24963
 1.21669 -17.7781  1.25007
 1.21712 -17.7685   1.2505
 1.21756 -17.7588  1.25093
 1.21799 -17.7492  1.25137
 1.21842 -17.7396   1.2518
 1.21886   -17.73  1.25223
 1.21929 -17.7203  1.25267
 1.21972 -17.7107   1.2531
 1.22016 -17.7011  1.25353
 1.22059 -17.6916  1.25397
 1.22102  -17.682   1.2544
 1.22146 -17.6724  1.25483
 1.22189 -17.6628  1.25527
 1.22232 -17.6533  1.25527
 1.22276 -17.6437   1.2557
 1.22319 -17.6342  1.25614
 1.22362 -17.6247  1.25657
 1.22406 -17.6151    1.257
 1.22449 -17.6056  1.25744
 1.22492 -17.5961  1.25787
 1.22536 -17.5866   1.2583
 1.22579 -17.5771  1.25874
 1.22623 -17.5676  1.25917
 1.22666 -17.5581   1.2596
 1.22709 -17.5486  1.26004
 1.22753 -17.5392  1.26047
 1.22796 -17.5297   1.2609
 1.22839 -17.5203   1.2609
 1.22883 -17.5108  1.26134
 1.22926 -17.5014  1.26177
 1.22969 -17.4919   1.2622
 1.23013 -17.4825  1.26264
 1.23056 -17.4731  1.26307
 1.23099 -17.4637   1.2635
 1.23143 -17.4543  1.26394
 1.23186 -17.4449  1.26437
 1.23229 -17.4355   1.2648
 1.23273 -17.4261  1.26524
 1.23316 -17.4167  1.26567
 1.23359 -17.4074  1.26611
 1.23403  -17.398  1.26654
 1.23446 -17.3887  1.26654
 1.23489 -17.3793  1.26697
 1.23533   -17.37  1.26741
 1.23576 -17.3606  1.26784
  1.2362 -17.3513  1.26827
 1.23663  -17.342  1.26871
 1.23706 -17.3327  1.26914
  1.2375 -17.3234  1.26957
 1.23793 -17.3141  1.27001
 1.23836 -17.3048  1.27044
  1.2388 -17.2955  1.27087
 1.23923 -17.2863  1.27131
 1.23966  -17.277  1.27174
  1.2401 -17.2677  1.27217
 1.24053 -17.2585  1.27217
 1.24096 -17.2492  1.27261
  1.2414   -17.24  1.27304
 1.24183 -17.2308  1.27347
 1.24226 -17.2215  1.27391
  1.2427 -17.2123  1.27434
 1.24313 -17.2031  1.27477
 1.24356 -17.1939  1.27521
   1.244 -17.1847  1.27564
 1.24443 -17.1755  1.27608
 1.24486 -17.1663  1.27651
  1.2453 -17.1572  1.27694
 1.24573  -17.148  1.27738
 1.24617 -17.1388  1.27781
  1.2466 -17.1297  1.27781
 1.24703 -17.1205  1.27824
 1.24747 -17.1114  1.27868
  1.2479 -17.1023  1.27911
 1.24833 -17.0931  1.27954
 1.24877  -17.084  1.27998
  1.2492 -17.0749  1.28041
 1.24963 -17.0658  1.28084
 1.25007 -17.0567  1.28128
  1.2505 -17.0476  1.28171
 1.25093 -17.0385  1.28214
 1.25137 -17.0294  1.28258
  1.2518 -17.0204  1.28301
 1.25223 -17.0113  1.28344
 1.25267 -17.0023  1.28344
  1.2531 -16.9932  1.28388
 1.25353 -16.9842  1.28431
 1.25397 -16.9751  1.28474
  1.2544 -16.9661  1.28518
 1.25483 -16.9571  1.28561
 1.25527 -16.9481  1.28605
  1.2557  -16.939  1.28648
 1.25614   -16.93  1.28691
 1.25657  -16.921  1.28735
   1.257 -16.9121  1.28778
 1.25744 -16.9031  1.28821
 1.25787 -16.8941  1.28865
  1.2583 -16.8851  1.28908
 1.25874 -16.8762  1.28908
 1.25917 -16.8672  1.28951
  1.2596 -16.8583  1.28995
 1.26004 -16.8493  1.29038
 1.26047 -16.8404  1.29081
  1.2609 -16.8315  1.29125
 1.26134 -16.8226  1.29168
 1.26177 -16.8136  1.29211
  1.2622 -16.8047  1.29255
 1.26264 -16.7958  1.29298
 1.26307 -16.7869  1.29341
  1.2635 -16.7781  1.29385
 1.26394 -16.7692  1.29428
 1.26437 -16.7603  1.29471
  1.2648 -16.7514  1.29471
 1.26524 -16.7426  1.29515
 1.26567 -16.7337  1.29558
 1.26611 -16.7249  1.29602
 1.26654  -16.716  1.29645
 1.26697 -16.7072  1.29688
 1.26741 -16.6984  1.29732
 1.26784 -16.6896  1.29775
 1.26827 -16.6807  1.29818
 1.26871 -16.6719  1.29862
 1.26914 -16.6631  1.29905
 1.26957 -16.6543  1.29948
 1.27001 -16.6456  1.29992
 1.27044 -16.6368  1.30035
 1.27087  -16.628  1.30035
 1.27131 -16.6192  1.30078
 1.27174 -16.6105  1.30122
 1.27217 -16.6017  1.30165
 1.27261  -16.593  1.30208
 1.27304 -16.5842  1.30252
 1.27347 -16.5755  1.30295
 1.27391 -16.5668  1.30338
 1.27434 -16.5581  1.30382
 1.27477 -16.5493  1.30425
 1.27521 -16.5406  1.30468
 1.27564 -16.5319  1.30512
 1.27608 -16.5232  1.30555
 1.27651 -16.5146  1.30599
 1.27694 -16.5059  1.30599
 1.27738 -16.4972  1.30642
 1.27781 -16.4885  1.30685
 1.27824 -16.4799  1.30729
 1.27868 -16.4712  1.30772
 1.27911 -16.4626  1.30815
 1.27954 -16.4539  1.30859
 1.27998 -16.4453  1.30902
 1.28041 -16.4367  1.30945
 1.28084  -16.428  1.30989
 1.28128 -16.4194  1.31032
 1.28171 -16.4108  1.31075
 1.28214 -16.4022  1.31119
 1.28258 -16.3936  1.31162
 1.28301  -16.385  1.31162
 1.28344 -16.3764  1.31205
 1.28388 -16.3679  1.31249
 1.28431 -16.3593  1.31292
 1.28474 -16.3507  1.31335
 1.28518 -16.3422  1.31379
 1.28561 -16.3336  1.31422
 1.28605 -16.3251  1.31465
 1.28648 -16.3165  1.31509
 1.28691  -16.308  1.31552
 1.28735 -16.2995  1.31596
 1.28778 -16.2909  1.31639
 1.28821 -16.2824  1.31682
 1.28865 -16.2739  1.31726
 1.28908 -16.2654  1.31726
 1.28951 -16.2569  1.31769
 1.28995 -16.2484  1.31812
 1.29038   -16.24  1.31856
 1.29081 -16.2315  1.31899
 1.29125  -16.223  1.31942
 1.29168 -16.2145  1.31986
 1.29211 -16.2061  1.32029
 1.29255 -16.1976  1.32072
 1.29298 -16.1892  1.32116
 1.29341 -16.1808  1.32159
 1.29385 -16.1723  1.32202
 1.29428 -16.1639  1.32246
 1.29471 -16.1555  1.32289
 1.29515 -16.1471  1.32289
 1.29558 -16.1387  1.32332
 1.29602 -16.1303  1.32376
 1.29645 -16.1219  1.32419
 1.29688 -16.1135  1.32462
 1.29732 -16.1051  1.32506
 1.29775 -16.0967  1.32549
 1.29818 -16.0883  1.32593
 1.29862   -16.08  1.32636
 1.29905 -16.0716  1.32679
 1.29948 -16.0633  1.32723
 1.29992 -16.0549  1.32766
 1.30035 -16.0466  1.32809
 1.30078 -16.0383  1.32853
 1.30122 -16.0299  1.32853
 1.30165 -16.0216  1.32896
 1.30208 -16.0133  1.32939
 1.30252  -16.005  1.32983
 1.30295 -15.9967  1.33026
 1.30338 -15.9884  1.33069
 1.30382 -15.9801  1.33113
 1.30425 -15.9718  1.33156
 1.30468 -15.9635  1.33199
 1.30512 -15.9553  1.33243
 1.30555  -15.947  1.33286
 1.30599 -15.9387  1.33329
 1.30642 -15.9305  1.33373
 1.30685 -15.9222  1.33373
 1.30729  -15.914  1.33416
 1.30772 -15.9058  1.33459
 1.30815 -15.8975  1.33503
 1.30859 -15.8893  1.33546
 1.30902 -15.8811   1.3359
 1.30945 -15.8729  1.33633
 1.30989 -15.8647  1.33676
 1.31032 -15.8565   1.3372
 1.31075 -15.8483  1.33763
 1.31119 -15.8401  1.33806
 1.31162 -15.8319   1.3385
 1.31205 -15.8238  1.33893
 1.31249 -15.8156  1.33936
 1.31292 -15.8074  1.33936
 1.31335 -15.7993   1.3398
 1.31379 -15.7911  1.34023
 1.31422  -15.783  1.34066
 1.31465 -15.7748   1.3411
 1.31509 -15.7667  1.34153
 1.31552 -15.7586  1.34196
 1.31596 -15.7505   1.3424
 1.31639 -15.7423  1.34283
 1.31682 -15.7342  1.34326
 1.31726 -15.7261   1.3437
 1.31769  -15.718  1.34413
 1.31812 -15.7099  1.34456
 1.31856 -15.7019    1.345
 1.31899 -15.6938    1.345
 1.31942 -15.6857  1.34543
 1.31986 -15.6776  1.34587
 1.32029 -15.6696   1.3463
 1.32072 -15.6615  1.34673
 1.32116 -15.6535  1.34717
 1.32159 -15.6454   1.3476
 1.32202 -15.6374  1.34803
 1.32246 -15.6294  1.34847
 1.32289 -15.6213   1.3489
 1.32332 -15.6133  1.34933
 1.32376 -15.6053  1.34977
 1.32419 -15.5973   1.3502
 1.32462 -15.5893   1.3502
 1.32506 -15.5813  1.35063
 1.32549 -15.5733  1.35107
 1.32593 -15.5653   1.3515
 1.32636 -15.5573  1.35193
 1.32679 -15.5494  1.35237
 1.32723 -15.5414   1.3528
 1.32766 -15.5334  1.35323
 1.32809 -15.5255  1.35367
 1.32853 -15.5175   1.3541
 1.32896 -15.5096  1.35453
 1.32939 -15.5017  1.35497
 1.32983 -15.4937   1.3554
 1.33026 -15.4858  1.35584
 1.33069 -15.4779  1.35584
 1.33113   -15.47  1.35627
 1.33156  -15.462   1.3567
 1.33199 -15.4541  1.35714
 1.33243 -15.4462  1.35757
 1.33286 -15.4384    1.358
 1.33329 -15.4305  1.35844
 1.33373 -15.4226  1.35887
 1.33416 -15.4147   1.3593
 1.33459 -15.4068  1.35974
 1.33503  -15.399  1.36017
 1.33546 -15.3911   1.3606
  1.3359 -15.3833  1.36104
 1.33633 -15.3754  1.36147
 1.33676 -15.3676  1.36147
  1.3372 -15.3597   1.3619
 1.33763 -15.3519  1.36234
 1.33806 -15.3441  1.36277
  1.3385 -15.3363   1.3632
 1.33893 -15.3285  1.36364
 1.33936 -15.3207  1.36407
  1.3398 -15.3129   1.3645
 1.34023 -15.3051  1.36494
 1.34066 -15.2973  1.36537
  1.3411 -15.2895  1.36581
 1.34153 -15.2817  1.36624
 1.34196 -15.2739  1.36667
  1.3424 -15.2662  1.36667
 1.34283 -15.2584  1.36711
 1.34326 -15.2506  1.36754
  1.3437 -15.2429  1.36797
 1.34413 -15.2352  1.36841
 1.34456 -15.2274  1.36884
   1.345 -15.2197  1.36927
 1.34543 -15.2119  1.36971
 1.34587 -15.2042  1.37014
  1.3463 -15.1965  1.37057
 1.34673 -15.1888  1.37101
 1.34717 -15.1811  1.37144
  1.3476 -15.1734  1.37187
 1.34803 -15.1657  1.37231
 1.34847  -15.158  1.37231
  1.3489 -15.1503  1.37274
 1.34933 -15.1426  1.37317
 1.34977  -15.135  1.37361
  1.3502 -15.1273  1.37404
 1.35063 -15.1196  1.37447
 1.35107  -15.112  1.37491
  1.3515 -15.1043  1.37534
 1.35193 -15.0967  1.37578
 1.35237 -15.0891  1.37621
  1.3528 -15.0814  1.37664
 1.35323 -15.0738  1.37708
 1.35367 -15.0662  1.37751
  1.3541 -15.0586  1.37751
 1.35453 -15.0509  1.37794
 1.35497 -15.0433  1.37838
  1.3554 -15.0357  1.37881
 1.35584 -15.0281  1.37924
 1.35627 -15.0205  1.37968
  1.3567  -15.013  1.38011
 1.35714 -15.0054  1.38054
 1.35757 -14.9978  1.38098
   1.358 -14.9902  1.38141
 1.35844 -14.9827  1.38184
 1.35887 -14.9751  1.38228
  1.3593 -14.9676  1.38271
 1.35974   -14.96  1.38314
 1.36017 -14.9525  1.38314
  1.3606 -14.9449  1.38358
 1.36104 -14.9374  1.38401
 1.36147 -14.9299  1.38444
  1.3619 -14.9224  1.38488
 1.36234 -14.9148  1.38531
 1.36277 -14.9073  1.38575
  1.3632 -14.8998  1.38618
 1.36364 -14.8923  1.38661
 1.36407 -14.8848  1.38705
  1.3645 -14.8774  1.38748
 1.36494 -14.8699  1.38791
 1.36537 -14.8624  1.38835
 1.36581 -14.8549  1.38878
 1.36624 -14.8475  1.38878
 1.36667   -14.84  1.38921
 1.36711 -14.8325  1.38965
 1.36754 -14.8251  1.39008
 1.36797 -14.8176  1.39051
 1.36841 -14.8102  1.39095
 1.36884 -14.8028  1.39138
 1.36927 -14.7953  1.39181
 1.36971 -14.7879  1.39225
 1.37014 -14.7805  1.39268
 1.37057 -14.7731  1.39311
 1.37101 -14.7657  1.39355
 1.37144 -14.7583  1.39398
 1.37187 -14.7509  1.39398
 1.37231 -14.7435  1.39441
 1.37274 -14.7361  1.39485
 1.37317 -14.7287  1.39528
 1.37361 -14.7213  1.39572
 1.37404  -14.714  1.39615
 1.37447 -14.7066  1.39658
 1.37491 -14.6992  1.39702
 1.37534 -14.6919  1.39745
 1.37578 -14.6845  1.39788
 1.37621 -14.6772  1.39832
 1.37664 -14.6698  1.39875
 1.37708 -14.6625  1.39918
 1.37751 -14.6552  1.39962
 1.37794 -14.6479  1.39962
 1.37838 -14.6405  1.40005
 1.37881 -14.6332  1.40048
 1.37924 -14.6259  1.40092
 1.37968 -14.6186  1.40135
 1.38011 -14.6113  1.40178
 1.38054  -14.604  1.40222
 1.38098 -14.5967  1.40265
 1.38141 -14.5894  1.40308
 1.38184 -14.5822  1.40352
 1.38228 -14.5749  1.40395
 1.38271 -14.5676  1.40438
 1.38314 -14.5604  1.40482
 1.38358 -14.5531  1.40482
 1.38401 -14.5458  1.40525
 1.38444 -14.5386  1.40569
 1.38488 -14.5314  1.40612
 1.38531 -14.5241  1.40655
 1.38575 -14.5169  1.40699
 1.38618 -14.5097  1.40742
 1.38661 -14.5024  1.40785
 1.38705 -14.4952  1.40829
 1.38748  -14.488  1.40872
 1.38791 -14.4808  1.40915
 1.38835 -14.4736  1.40959
 1.38878 -14.4664  1.41002
 1.38921 -14.4592  1.41002
 1.38965  -14.452  1.41045
 1.39008 -14.4449  1.41089
 1.39051 -14.4377  1.41132
 1.39095 -14.4305  1.41175
 1.39138 -14.4233  1.41219
 1.39181 -14.4162  1.41262
 1.39225  -14.409  1.41305
 1.39268 -14.4019  1.41349
 1.39311 -14.3947  1.41392
 1.39355 -14.3876  1.41435
 1.39398 -14.3804  1.41479
 1.39441 -14.3733  1.41522
 1.39485 -14.3662  1.41566
 1.39528 -14.3591  1.41566
 1.39572  -14.352  1.41609
 1.39615 -14.3448  1.41652
 1.39658 -14.3377  1.41696
 1.39702 -14.3306  1.41739
 1.39745 -14.3235  1.41782
 1.39788 -14.3164  1.41826
 1.39832 -14.3094  1.41869
 1.39875 -14.3023  1.41912
 1.39918 -14.2952  1.41956
 1.39962 -14.2881  1.41999
 1.40005 -14.2811  1.42042
 1.40048  -14.274  1.42086
 1.40092  -14.267  1.42086
 1.40135 -14.2599  1.42129
 1.40178 -14.2529  1.42172
 1.40222 -14.2458  1.42216
 1.40265 -14.2388  1.42259
 1.40308 -14.2317  1.42302
 1.40352 -14.2247  1.42346
 1.40395 -14.2177  1.42389
 1.40438 -14.2107  1.42432
 1.40482 -14.2037  1.42476
 1.40525 -14.1967  1.42519
 1.40569 -14.1897  1.42563
 1.40612 -14.1827  1.42606
 1.40655 -14.1757  1.42606
 1.40699 -14.1687  1.42649
 1.40742 -14.1617  1.42693
 1.40785 -14.1547  1.42736
 1.40829 -14.1477  1.42779
 1.40872 -14.1408  1.42823
 1.40915 -14.1338  1.42866
 1.40959 -14.1269  1.42909
 1.41002 -14.1199  1.42953
 1.41045  -14.113  1.42996
 1.41089  -14.106  1.43039
 1.41132 -14.0991  1.43083
 1.41175 -14.0921  1.43126
 1.41219 -14.0852  1.43169
 1.41262 -14.0783  1.43169
 1.41305 -14.0714  1.43213
 1.41349 -14.0645  1.43256
 1.41392 -14.0575  1.43299
 1.41435 -14.0506  1.43343
 1.41479 -14.0437  1.43386
 1.41522 -14.0368  1.43429
 1.41566 -14.0299  1.43473
 1.41609 -14.0231  1.43516
 1.41652 -14.0162   1.4356
 1.41696 -14.0093  1.43603
 1.41739 -14.0024  1.43646
 1.41782 -13.9956   1.4369
 1.41826 -13.9887   1.4369
 1.41869 -13.9818  1.43733
 1.41912  -13.975  1.43776
 1.41956 -13.9681   1.4382
 1.41999 -13.9613  1.43863
 1.42042 -13.9545  1.43906
 1.42086 -13.9476   1.4395
 1.42129 -13.9408  1.43993
 1.42172  -13.934  1.44036
 1.42216 -13.9272   1.4408
 1.42259 -13.9203  1.44123
 1.42302 -13.9135  1.44166
 1.42346 -13.9067   1.4421
 1.42389 -13.8999  1.44253
 1.42432 -13.8931  1.44253
 1.42476 -13.8863  1.44296
 1.42519 -13.8796   1.4434
 1.42563 -13.8728  1.44383
 1.42606  -13.866  1.44426
 1.42649 -13.8592   1.4447
 1.42693 -13.8525  1.44513
 1.42736 -13.8457  1.44557
 1.42779 -13.8389    1.446
 1.42823 -13.8322  1.44643
 1.42866 -13.8254  1.44687
 1.42909 -13.8187   1.4473
 1.42953 -13.8119  1.44773
 1.42996 -13.8052  1.44773
 1.43039 -13.7985  1.44817
 1.43083 -13.7918   1.4486
 1.43126  -13.785  1.44903
 1.43169 -13.7783  1.44947
 1.43213 -13.7716   1.4499
 1.43256 -13.7649  1.45033
 1.43299 -13.7582  1.45077
 1.43343 -13.7515   1.4512
 1.43386 -13.7448  1.45163
 1.43429 -13.7381  1.45207
 1.43473 -13.7314   1.4525
 1.43516 -13.7247  1.45293
  1.4356 -13.7181  1.45293
 1.43603 -13.7114  1.45337
 1.43646 -13.7047   1.4538
  1.4369 -13.6981  1.45423
 1.43733 -13.6914  1.45467
 1.43776 -13.6848   1.4551
  1.4382 -13.6781  1.45554
 1.43863 -13.6715  1.45597
 1.43906 -13.6648   1.4564
  1.4395 -13.6582  1.45684
 1.43993 -13.6516  1.45727
 1.44036 -13.6449   1.4577
  1.4408 -13.6383  1.45814
 1.44123 -13.6317  1.45814
 1.44166 -13.6251  1.45857
  1.4421 -13.6185    1.459
 1.44253 -13.6119  1.45944
 1.44296 -13.6053  1.45987
  1.4434 -13.5987   1.4603
 1.44383 -13.5921  1.46074
 1.44426 -13.5855  1.46117
  1.4447 -13.5789   1.4616
 1.44513 -13.5724  1.46204
 1.44557 -13.5658  1.46247
   1.446 -13.5592   1.4629
 1.44643 -13.5527  1.46334
 1.44687 -13.5461  1.46377
  1.4473 -13.5396  1.46377
 1.44773  -13.533   1.4642
 1.44817 -13.5265  1.46464
  1.4486 -13.5199  1.46507
 1.44903 -13.5134  1.46551
 1.44947 -13.5069  1.46594
  1.4499 -13.5003  1.46637
 1.45033 -13.4938  1.46681
 1.45077 -13.4873  1.46724
  1.4512 -13.4808  1.46767
 1.45163 -13.4743  1.46811
 1.45207 -13.4678  1.46854
  1.4525 -13.4613  1.46897
 1.45293 -13.4548  1.46897
 1.45337 -13.4483  1.46941
  1.4538 -13.4418  1.46984
 1.45423 -13.4353  1.47027
 1.45467 -13.4288  1.47071
  1.4551 -13.4224  1.47114
 1.45554 -13.4159  1.47157
 1.45597 -13.4094  1.47201
  1.4564  -13.403  1.47244
 1.45684 -13.3965  1.47287
 1.45727 -13.3901  1.47331
  1.4577 -13.3836  1.47374
 1.45814 -13.3772  1.47417
 1.45857 -13.3707  1.47417
   1.459 -13.3643  1.47461
 1.45944 -13.3579  1.47504
 1.45987 -13.3515  1.47548
  1.4603  -13.345  1.47591
 1.46074 -13.3386  1.47634
 1.46117 -13.3322  1.47678
  1.4616 -13.3258  1.47721
 1.46204 -13.3194  1.47764
 1.46247  -13.313  1.47808
  1.4629 -13.3066  1.47851
 1.46334 -13.3002  1.47894
 1.46377 -13.2938  1.47938
  1.4642 -13.2874  1.47938
 1.46464 -13.2811  1.47981
 1.46507 -13.2747  1.48024
 1.46551 -13.2683  1.48068
 1.46594  -13.262  1.48111
 1.46637 -13.2556  1.48154
 1.46681 -13.2492  1.48198
 1.46724 -13.2429  1.48241
 1.46767 -13.2365  1.48284
 1.46811 -13.2302  1.48328
 1.46854 -13.2239  1.48371
 1.46897 -13.2175  1.48414
 1.46941 -13.2112  1.48458
 1.46984 -13.2049  1.48458
 1.47027 -13.1986  1.48501
 1.47071 -13.1922  1.48545
 1.47114 -13.1859  1.48588
 1.47157 -13.1796  1.48631
 1.47201 -13.1733  1.48675
 1.47244  -13.167  1.48718
 1.47287 -13.1607  1.48761
 1.47331 -13.1544  1.48805
 1.47374 -13.1481  1.48848
 1.47417 -13.1419  1.48891
 1.47461 -13.1356  1.48935
 1.47504 -13.1293  1.48978
 1.47548  -13.123  1.48978
 1.47591 -13.1168  1.49021
 1.47634 -13.1105  1.49065
 1.47678 -13.1042  1.49108
 1.47721  -13.098  1.49151
 1.47764 -13.0917  1.49195
 1.47808 -13.0855  1.49238
 1.47851 -13.0793  1.49281
 1.47894  -13.073  1.49325
 1.47938 -13.0668  1.49368
 1.47981 -13.0606  1.49411
 1.48024 -13.0543  1.49455
 1.48068 -13.0481  1.49498
 1.48111 -13.0419  1.49542
 1.48154 -13.0357  1.49542
 1.48198 -13.0295  1.49585
 1.48241 -13.0233  1.49628
 1.48284 -13.0171  1.49672
 1.48328 -13.0109  1.49715
 1.48371 -13.0047  1.49758
 1.48414 -12.9985  1.49802
 1.48458 -12.9923  1.49845
 1.48501 -12.9861  1.49888
 1.48545   -12.98  1.49932
 1.48588 -12.9738  1.49975
 1.48631 -12.9676  1.50018
 1.48675 -12.9615  1.50062
 1.48718 -12.9553  1.50062
 1.48761 -12.9492  1.50105
 1.48805  -12.943  1.50148
 1.48848 -12.9369  1.50192
 1.48891 -12.9307  1.50235
 1.48935 -12.9246  1.50278
 1.48978 -12.9185  1.50322
 1.49021 -12.9123  1.50365
 1.49065 -12.9062  1.50408
 1.49108 -12.9001  1.50452
 1.49151  -12.894  1.50495
 1.49195 -12.8879  1.50539
 1.49238 -12.8817  1.50582
 1.49281 -12.8756  1.50582
 1.49325 -12.8695  1.50625
 1.49368 -12.8634  1.50669
 1.49411 -12.8573  1.50712
 1.49455 -12.8513  1.50755
 1.49498 -12.8452  1.50799
 1.49542 -12.8391  1.50842
 1.49585  -12.833  1.50885
 1.49628 -12.8269  1.50929
 1.49672 -12.8209  1.50972
 1.49715 -12.8148  1.51015
 1.49758 -12.8088  1.51059
 1.49802 -12.8027  1.51102
 1.49845 -12.7967  1.51102
 1.49888 -12.7906  1.51145
 1.49932 -12.7846  1.51189
 1.49975 -12.7785  1.51232
 1.50018 -12.7725  1.51275
 1.50062 -12.7665  1.51319
 1.50105 -12.7604  1.51362
 1.50148 -12.7544  1.51405
 1.50192 -12.7484  1.51449
 1.50235 -12.7424  1.51492
 1.50278 -12.7364  1.51536
 1.50322 -12.7303  1.51579
 1.50365 -12.7243  1.51622
 1.50408 -12.7183  1.51622
 1.50452 -12.7123  1.51666
 1.50495 -12.7064  1.51709
 1.50539 -12.7004  1.51752
 1.50582 -12.6944  1.51796
 1.50625 -12.6884  1.51839
 1.50669 -12.6824  1.51882
 1.50712 -12.6765  1.51926
 1.50755 -12.6705  1.51969
 1.50799 -12.6645  1.52012
 1.50842 -12.6586  1.52056
 1.50885 -12.6526  1.52099
 1.50929 -12.6467  1.52142
 1.50972 -12.6407  1.52142
 1.51015 -12.6348  1.52186
 1.51059 -12.6288  1.52229
 1.51102 -12.6229  1.52272
 1.51145  -12.617  1.52316
 1.51189  -12.611  1.52359
 1.51232 -12.6051  1.52402
 1.51275 -12.5992  1.52446
 1.51319 -12.5933  1.52489
 1.51362 -12.5873  1.52533
 1.51405 -12.5814  1.52576
 1.51449 -12.5755  1.52619
 1.51492 -12.5696  1.52663
 1.51536 -12.5637  1.52663
 1.51579 -12.5578  1.52706
 1.51622  -12.552  1.52749
 1.51666 -12.5461  1.52793
 1.51709 -12.5402  1.52836
 1.51752 -12.5343  1.52879
 1.51796 -12.5284  1.52923
 1.51839 -12.5226  1.52966
 1.51882 -12.5167  1.53009
 1.51926 -12.5108  1.53053
 1.51969  -12.505  1.53096
 1.52012 -12.4991  1.53139
 1.52056 -12.4933  1.53183
 1.52099 -12.4874  1.53183
 1.52142 -12.4816  1.53226
 1.52186 -12.4757  1.53269
 1.52229 -12.4699  1.53313
 1.52272 -12.4641  1.53356
 1.52316 -12.4582  1.53399
 1.52359 -12.4524  1.53443
 1.52402 -12.4466  1.53486
 1.52446 -12.4408   1.5353
 1.52489  -12.435  1.53573
 1.52533 -12.4292  1.53616
 1.52576 -12.4234   1.5366
 1.52619 -12.4176  1.53703
 1.52663 -12.4118  1.53703
 1.52706  -12.406  1.53746
 1.52749 -12.4002   1.5379
 1.52793 -12.3944  1.53833
 1.52836 -12.3886  1.53876
 1.52879 -12.3828   1.5392
 1.52923 -12.3771  1.53963
 1.52966 -12.3713  1.54006
 1.53009 -12.3655   1.5405
 1.53053 -12.3598  1.54093
 1.53096  -12.354  1.54136
 1.53139 -12.3482   1.5418
 1.53183 -12.3425  1.54223
 1.53226 -12.3367  1.54223
 1.53269  -12.331  1.54266
 1.53313 -12.3253   1.5431
 1.53356 -12.3195  1.54353
 1.53399 -12.3138  1.54396
 1.53443 -12.3081   1.5444
 1.53486 -12.3023  1.54483
  1.5353 -12.2966  1.54527
 1.53573 -12.2909   1.5457
 1.53616 -12.2852  1.54613
  1.5366 -12.2795  1.54657
 1.53703 -12.2738    1.547
 1.53746 -12.2681  1.54743
  1.5379 -12.2624  1.54743
 1.53833 -12.2567  1.54787
 1.53876  -12.251   1.5483
  1.5392 -12.2453  1.54873
 1.53963 -12.2396  1.54917
 1.54006 -12.2339   1.5496
  1.5405 -12.2282  1.55003
 1.54093 -12.2226  1.55047
 1.54136 -12.2169   1.5509
  1.5418 -12.2112  1.55133
 1.54223 -12.2056  1.55177
 1.54266 -12.1999   1.5522
  1.5431 -12.1943  1.55263
 1.54353 -12.1886  1.55263
 1.54396  -12.183  1.55307
  1.5444 -12.1773   1.5535
 1.54483 -12.1717  1.55393
 1.54527  -12.166  1.55437
  1.5457 -12.1604   1.5548
 1.54613 -12.1548  1.55524
 1.54657 -12.1491  1.55567
   1.547 -12.1435   1.5561
 1.54743 -12.1379  1.55654
 1.54787 -12.1323  1.55697
  1.5483 -12.1267   1.5574
 1.54873 -12.1211   1.5574
 1.54917 -12.1155  1.55784
  1.5496 -12.1099  1.55827
 1.55003 -12.1043   1.5587
 1.55047 -12.0987  1.55914
  1.5509 -12.0931  1.55957
 1.55133 -12.0875     1.56
 1.55177 -12.0819  1.56044
  1.5522 -12.0763  1.56087
 1.55263 -12.0708   1.5613
 1.55307 -12.0652  1.56174
  1.5535 -12.0596  1.56217
 1.55393 -12.0541   1.5626
 1.55437 -12.0485   1.5626
  1.5548 -12.0429  1.56304
 1.55524 -12.0374  1.56347
 1.55567 -12.0318   1.5639
  1.5561 -12.0263  1.56434
 1.55654 -12.0208  1.56477
 1.55697 -12.0152  1.56521
  1.5574 -12.0097  1.56564
 1.55784 -12.0041  1.56607
 1.55827 -11.9986  1.56651
  1.5587 -11.9931  1.56694
 1.55914 -11.9876  1.56737
 1.55957 -11.9821  1.56781
    1.56 -11.9765  1.56781
 1.56044  -11.971  1.56824
 1.56087 -11.9655  1.56867
  1.5613   -11.96  1.56911
 1.56174 -11.9545  1.56954
 1.56217  -11.949  1.56997
  1.5626 -11.9435  1.57041
 1.56304  -11.938  1.57084
 1.56347 -11.9326  1.57127
  1.5639 -11.9271  1.57171
 1.56434 -11.9216  1.57214
 1.56477 -11.9161  1.57257
 1.56521 -11.9107  1.57301
 1.56564 -11.9052  1.57301
 1.56607 -11.8997  1.57344
 1.56651 -11.8943  1.57387
 1.56694 -11.8888  1.57431
 1.56737 -11.8833  1.57474
 1.56781 -11.8779  1.57518
 1.56824 -11.8725  1.57561
 1.56867  -11.867  1.57604
 1.56911 -11.8616  1.57648
 1.56954 -11.8561  1.57691
 1.56997 -11.8507  1.57734
 1.57041 -11.8453  1.57778
 1.57084 -11.8398  1.57821
 1.57127 -11.8344  1.57821
 1.57171  -11.829  1.57864
 1.57214 -11.8236  1.57908
 1.57257 -11.8182  1.57951
 1.57301 -11.8128  1.57994
 1.57344 -11.8074  1.58038
 1.57387  -11.802  1.58081
 1.57431 -11.7966  1.58124
 1.57474 -11.7912  1.58168
 1.57518 -11.7858  1.58211
 1.57561 -11.7804  1.58254
 1.57604  -11.775  1.58298
 1.57648 -11.7696  1.58341
 1.57691 -11.7643  1.58341
 1.57734 -11.7589  1.58384
 1.57778 -11.7535  1.58428
 1.57821 -11.7481  1.58471
 1.57864 -11.7428  1.58515
 1.57908 -11.7374  1.58558
 1.57951 -11.7321  1.58601
 1.57994 -11.7267  1.58645
 1.58038 -11.7214  1.58688
 1.58081  -11.716  1.58731
 1.58124 -11.7107  1.58775
 1.58168 -11.7053  1.58818
 1.58211    -11.7  1.58861
 1.58254 -11.6947  1.58861
 1.58298 -11.6893  1.58905
 1.58341  -11.684  1.58948
 1.58384 -11.6787  1.58991
 1.58428 -11.6734  1.59035
 1.58471  -11.668  1.59078
 1.58515 -11.6627  1.59121
 1.58558 -11.6574  1.59165
 1.58601 -11.6521  1.59208
 1.58645 -11.6468  1.59251
 1.58688 -11.6415  1.59295
 1.58731 -11.6362  1.59338
 1.58775 -11.6309  1.59338
 1.58818 -11.6256  1.59381
 1.58861 -11.6204  1.59425
 1.58905 -11.6151  1.59468
 1.58948 -11.6098  1.59512
 1.58991 -11.6045  1.59555
 1.59035 -11.5992  1.59598
 1.59078  -11.594  1.59642
 1.59121 -11.5887  1.59685
 1.59165 -11.5835  1.59728
 1.59208 -11.5782  1.59772
 1.59251 -11.5729  1.59815
 1.59295 -11.5677  1.59858
 1.59338 -11.5624  1.59858
 1.59381 -11.5572  1.59902
 1.59425  -11.552  1.59945
 1.59468 -11.5467  1.59988
 1.59512 -11.5415  1.60032
 1.59555 -11.5362  1.60075
 1.59598  -11.531  1.60118
 1.59642 -11.5258  1.60162
 1.59685 -11.5206  1.60205
 1.59728 -11.5153  1.60248
 1.59772 -11.5101  1.60292
 1.59815 -11.5049  1.60335
 1.59858 -11.4997  1.60378
 1.59902 -11.4945  1.60378
 1.59945 -11.4893  1.60422
 1.59988 -11.4841  1.60465
 1.60032 -11.4789  1.60509
 1.60075 -11.4737  1.60552
 1.60118 -11.4685  1.60595
 1.60162 -11.4633  1.60639
 1.60205 -11.4582  1.60682
 1.60248  -11.453  1.60725
 1.60292 -11.4478  1.60769
 1.60335 -11.4426  1.60812
 1.60378 -11.4375  1.60855
 1.60422 -11.4323  1.60899
 1.60465 -11.4271  1.60899
 1.60509  -11.422  1.60942
 1.60552 -11.4168  1.60985
 1.60595 -11.4117  1.61029
 1.60639 -11.4065  1.61072
 1.60682 -11.4014  1.61115
 1.60725 -11.3962  1.61159
 1.60769 -11.3911  1.61202
 1.60812  -11.386  1.61245
 1.60855 -11.3808  1.61289
 1.60899 -11.3757  1.61332
 1.60942 -11.3706  1.61375
 1.60985 -11.3654  1.61375
 1.61029 -11.3603  1.61419
 1.61072 -11.3552  1.61462
 1.61115 -11.3501  1.61506
 1.61159  -11.345  1.61549
 1.61202 -11.3399  1.61592
 1.61245 -11.3348  1.61636
 1.61289 -11.3297  1.61679
 1.61332 -11.3246  1.61722
 1.61375 -11.3195  1.61766
 1.61419 -11.3144  1.61809
 1.61462 -11.3093  1.61852
 1.61506 -11.3042  1.61896
 1.61549 -11.2991  1.61896
 1.61592  -11.294  1.61939
 1.61636  -11.289  1.61982
 1.61679 -11.2839  1.62026
 1.61722 -11.2788  1.62069
 1.61766 -11.2738  1.62112
 1.61809 -11.2687  1.62156
 1.61852 -11.2636  1.62199
 1.61896 -11.2586  1.62242
 1.61939 -11.2535  1.62286
 1.61982 -11.2485  1.62329
 1.62026 -11.2434  1.62372
 1.62069 -11.2384  1.62416
 1.62112 -11.2334  1.62416
 1.62156 -11.2283  1.62459
 1.62199 -11.2233  1.62503
 1.62242 -11.2182  1.62546
 1.62286 -11.2132  1.62589
 1.62329 -11.2082  1.62633
 1.62372 -11.2032  1.62676
 1.62416 -11.1982  1.62719
 1.62459 -11.1931  1.62763
 1.62503 -11.1881  1.62806
 1.62546 -11.1831  1.62849
 1.62589 -11.1781  1.62893
 1.62633 -11.1731  1.62893
 1.62676 -11.1681  1.62936
 1.62719 -11.1631  1.62979
 1.62763 -11.1581  1.63023
 1.62806 -11.1531  1.63066
 1.62849 -11.1481  1.63109
 1.62893 -11.1432  1.63153
 1.62936 -11.1382  1.63196
 1.62979 -11.1332  1.63239
 1.63023 -11.1282  1.63283
 1.63066 -11.1233  1.63326
 1.63109 -11.1183  1.63369
 1.63153 -11.1133  1.63413
 1.63196 -11.1084  1.63413
 1.63239 -11.1034  1.63456
 1.63283 -11.0984  1.63499
 1.63326 -11.0935  1.63543
 1.63369 -11.0885  1.63586
 1.63413 -11.0836   1.6363
 1.63456 -11.0786  1.63673
 1.63499 -11.0737  1.63716
 1.63543 -11.0688   1.6376
 1.63586 -11.0638  1.63803
  1.6363 -11.0589  1.63846
 1.63673  -11.054   1.6389
 1.63716 -11.0491  1.63933
  1.6376 -11.0441  1.63933
 1.63803 -11.0392  1.63976
 1.63846 -11.0343   1.6402
  1.6389 -11.0294  1.64063
 1.63933 -11.0245  1.64106
 1.63976 -11.0196   1.6415
  1.6402 -11.0147  1.64193
 1.64063 -11.0098  1.64236
 1.64106 -11.0049   1.6428
  1.6415      -11  1.64323
 1.64193 -10.9951  1.64366
 1.64236 -10.9902   1.6441
  1.6428 -10.9853   1.6441
 1.64323 -10.9804  1.64453
 1.64366 -10.9755  1.64496
  1.6441 -10.9707   1.6454
 1.64453 -10.9658  1.64583
 1.64496 -10.9609  1.64627
  1.6454  -10.956   1.6467
 1.64583 -10.9512  1.64713
 1.64627 -10.9463  1.64757
  1.6467 -10.9415    1.648
 1.64713 -10.9366  1.64843
 1.64757 -10.9318  1.64887
   1.648 -10.9269   1.6493
 1.64843 -10.9221   1.6493
 1.64887 -10.9172  1.64973
  1.6493 -10.9124  1.65017
 1.64973 -10.9075   1.6506
 1.65017 -10.9027  1.65103
  1.6506 -10.8979  1.65147
 1.65103  -10.893   1.6519
 1.65147 -10.8882  1.65233
  1.6519 -10.8834  1.65277
 1.65233 -10.8786   1.6532
 1.65277 -10.8738  1.65363
  1.6532 -10.8689  1.65407
 1.65363 -10.8641   1.6545
 1.65407 -10.8593   1.6545
  1.6545 -10.8545  1.65493
 1.65493 -10.8497  1.65537
 1.65537 -10.8449   1.6558
  1.6558 -10.8401  1.65624
 1.65624 -10.8353  1.65667
 1.65667 -10.8305   1.6571
  1.6571 -10.8258  1.65754
 1.65754  -10.821  1.65797
 1.65797 -10.8162   1.6584
  1.6584 -10.8114  1.65884
 1.65884 -10.8066  1.65927
 1.65927 -10.8019  1.65927
  1.6597 -10.7971   1.6597
 1.66014 -10.7923  1.66014
 1.66057 -10.7876  1.66057
   1.661 -10.7828    1.661
 1.66144 -10.7781  1.66144
 1.66187 -10.7733  1.66187
  1.6623 -10.7685   1.6623
 1.66274 -10.7638  1.66274
 1.66317  -10.759  1.66317
  1.6636 -10.7543   1.6636
 1.66404 -10.7496  1.66404
 1.66447 -10.7448  1.66447
  1.6649 -10.7401  1.66447
 1.66534 -10.7354   1.6649
 1.66577 -10.7306  1.66534
 1.66621 -10.7259  1.66577
 1.66664 -10.7212  1.66621
 1.66707 -10.7165  1.66664
 1.66751 -10.7118  1.66707
 1.66794  -10.707  1.66751
 1.66837 -10.7023  1.66794
 1.66881 -10.6976  1.66837
 1.66924 -10.6929  1.66881
 1.66967 -10.6882  1.66924
 1.67011 -10.6835  1.66967
 1.67054 -10.6788  1.66967
 1.67097 -10.6741  1.67011
 1.67141 -10.6694  1.67054
 1.67184 -10.6647  1.67097
 1.67227 -10.6601  1.67141
 1.67271 -10.6554  1.67184
 1.67314 -10.6507  1.67227
 1.67357  -10.646  1.67271
 1.67401 -10.6413  1.67314
 1.67444 -10.6367  1.67357
 1.67487  -10.632  1.67401
 1.67531 -10.6273  1.67444
 1.67574 -10.6227  1.67444
 1.67618  -10.618  1.67487
 1.67661 -10.6134  1.67531
 1.67704 -10.6087  1.67574
 1.67748 -10.6041  1.67618
 1.67791 -10.5994  1.67661
 1.67834 -10.5948  1.67704
 1.67878 -10.5901  1.67748
 1.67921 -10.5855  1.67791
 1.67964 -10.5809  1.67834
 1.68008 -10.5762  1.67878
 1.68051 -10.5716  1.67921
 1.68094  -10.567  1.67964
 1.68138 -10.5623  1.67964
 1.68181 -10.5577  1.68008
 1.68224 -10.5531  1.68051
 1.68268 -10.5485  1.68094
 1.68311 -10.5439  1.68138
 1.68354 -10.5393  1.68181
 1.68398 -10.5346  1.68224
 1.68441   -10.53  1.68268
 1.68484 -10.5254  1.68311
 1.68528 -10.5208  1.68354
 1.68571 -10.5162  1.68398
 1.68615 -10.5116  1.68441
 1.68658 -10.5071  1.68441
 1.68701 -10.5025  1.68484
 1.68745 -10.4979  1.68528
 1.68788 -10.4933  1.68571
 1.68831 -10.4887  1.68615
 1.68875 -10.4841  1.68658
 1.68918 -10.4796  1.68701
 1.68961  -10.475  1.68745
 1.69005 -10.4704  1.68788
 1.69048 -10.4659  1.68831
 1.69091 -10.4613  1.68875
 1.69135 -10.4567  1.68918
 1.69178 -10.4522  1.68961
 1.69221 -10.4476  1.68961
 1.69265 -10.4431  1.69005
 1.69308 -10.4385  1.69048
 1.69351  -10.434  1.69091
 1.69395 -10.4294  1.69135
 1.69438 -10.4249  1.69178
 1.69481 -10.4203  1.69221
 1.69525 -10.4158  1.69265
 1.69568 -10.4113  1.69308
 1.69612 -10.4067  1.69351
 1.69655 -10.4022  1.69395
 1.69698 -10.3977  1.69438
 1.69742 -10.3932  1.69438
 1.69785 -10.3887  1.69481
 1.69828 -10.3841  1.69525
 1.69872 -10.3796  1.69568
 1.69915 -10.3751  1.69612
 1.69958 -10.3706  1.69655
 1.70002 -10.3661  1.69698
 1.70045 -10.3616  1.69742
 1.70088 -10.3571  1.69785
 1.70132 -10.3526  1.69828
 1.70175 -10.3481  1.69872
 1.70218 -10.3436  1.69915
 1.70262 -10.3391  1.69958
 1.70305 -10.3346  1.69958
 1.70348 -10.3302  1.70002
 1.70392 -10.3257  1.70045
 1.70435 -10.3212  1.70088
 1.70478 -10.3167  1.70132
 1.70522 -10.3122  1.70175
 1.70565 -10.3078  1.70218
 1.70609 -10.3033  1.70262
 1.70652 -10.2988  1.70305
 1.70695 -10.2944  1.70348
 1.70739 -10.2899  1.70392
 1.70782 -10.2855  1.70435
 1.70825  -10.281  1.70435
 1.70869 -10.2766  1.70478
 1.70912 -10.2721  1.70522
 1.70955 -10.2677  1.70565
 1.70999 -10.2632  1.70609
 1.71042 -10.2588  1.70652
 1.71085 -10.2543  1.70695
 1.71129 -10.2499  1.70739
 1.71172 -10.2455  1.70782
 1.71215  -10.241  1.70825
 1.71259 -10.2366  1.70869
 1.71302 -10.2322  1.70912
 1.71345 -10.2278  1.70955
 1.71389 -10.2233  1.70955
 1.71432 -10.2189  1.70999
 1.71475 -10.2145  1.71042
 1.71519 -10.2101  1.71085
 1.71562 -10.2057  1.71129
 1.71606 -10.2013  1.71172
 1.71649 -10.1969  1.71215
 1.71692 -10.1925  1.71259
 1.71736 -10.1881  1.71302
 1.71779 -10.1837  1.71345
 1.71822 -10.1793  1.71389
 1.71866 -10.1749  1.71432
 1.71909 -10.1705  1.71432
 1.71952 -10.1661  1.71475
 1.71996 -10.1617  1.71519
 1.72039 -10.1574  1.71562
 1.72082  -10.153  1.71606
 1.72126 -10.1486  1.71649
 1.72169 -10.1442  1.71692
 1.72212 -10.1399  1.71736
 1.72256 -10.1355  1.71779
 1.72299 -10.1311  1.71822
 1.72342 -10.1268  1.71866
 1.72386 -10.1224  1.71909
 1.72429 -10.1181  1.71952
 1.72472 -10.1137  1.71952
 1.72516 -10.1094  1.71996
 1.72559  -10.105  1.72039
 1.72603 -10.1007  1.72082
 1.72646 -10.0963  1.72126
 1.72689  -10.092  1.72169
 1.72733 -10.0876  1.72212
 1.72776 -10.0833  1.72256
 1.72819  -10.079  1.72299
 1.72863 -10.0746  1.72342
 1.72906 -10.0703  1.72386
 1.72949  -10.066  1.72429
 1.72993 -10.0617  1.72429
 1.73036 -10.0574  1.72472
 1.73079  -10.053  1.72516
 1.73123 -10.0487  1.72559
 1.73166 -10.0444  1.72603
 1.73209 -10.0401  1.72646
 1.73253 -10.0358  1.72689
 1.73296 -10.0315  1.72733
 1.73339 -10.0272  1.72776
 1.73383 -10.0229  1.72819
 1.73426 -10.0186  1.72863
 1.73469 -10.0143  1.72906
 1.73513   -10.01  1.72949
 1.73556 -10.0057  1.72949
   1.736 -10.0014  1.72993
 1.73643 -9.99714  1.73036
 1.73686 -9.99286  1.73079
  1.7373 -9.98858  1.73123
 1.73773  -9.9843  1.73166
 1.73816 -9.98003  1.73209
  1.7386 -9.97576  1.73253
 1.73903 -9.97149  1.73296
 1.73946 -9.96722  1.73339
  1.7399 -9.96296  1.73383
 1.74033  -9.9587  1.73426
 1.74076 -9.95444  1.73426
  1.7412 -9.95018  1.73469
 1.74163 -9.94593  1.73513
 1.74206 -9.94168  1.73556
  1.7425 -9.93743    1.736
 1.74293 -9.93318  1.73643
 1.74336 -9.92894  1.73686
  1.7438  -9.9247   1.7373
 1.74423 -9.92046  1.73773
 1.74466 -9.91623  1.73816
  1.7451 -9.91199   1.7386
 1.74553 -9.90776  1.73903
 1.74597 -9.90354  1.73946
  1.7464 -9.89931  1.73946
 1.74683 -9.89508   1.7399
 1.74727 -9.89086  1.74033
  1.7477 -9.88664  1.74076
 1.74813 -9.88243   1.7412
 1.74857 -9.87822  1.74163
   1.749   -9.874  1.74206
 1.74943  -9.8698   1.7425
 1.74987 -9.86559  1.74293
  1.7503 -9.86139  1.74336
 1.75073 -9.85719   1.7438
 1.75117 -9.85299  1.74423
  1.7516 -9.84879  1.74423
 1.75203  -9.8446  1.74466
 1.75247 -9.84041   1.7451
  1.7529 -9.83622  1.74553
 1.75333 -9.83203  1.74597
 1.75377 -9.82785   1.7464
  1.7542 -9.82367  1.74683
 1.75463 -9.81949  1.74727
 1.75507 -9.81531   1.7477
  1.7555 -9.81114  1.74813
 1.75594 -9.80697  1.74857
 1.75637  -9.8028    1.749
  1.7568 -9.79864    1.749
 1.75724 -9.79447  1.74943
 1.75767 -9.79031  1.74987
  1.7581 -9.78615   1.7503
 1.75854 -9.78199  1.75073
 1.75897 -9.77784  1.75117
  1.7594 -9.77369   1.7516
 1.75984 -9.76954  1.75203
 1.76027 -9.76539  1.75247
  1.7607 -9.76125   1.7529
 1.76114 -9.75711  1.75333
 1.76157 -9.75297  1.75377
   1.762 -9.74883  1.75377
 1.76244  -9.7447   1.7542
 1.76287 -9.74057  1.75463
  1.7633 -9.73644  1.75507
 1.76374 -9.73231   1.7555
 1.76417 -9.72818  1.75594
  1.7646 -9.72406  1.75637
 1.76504 -9.71994   1.7568
 1.76547 -9.71582  1.75724
 1.76591 -9.71171  1.75767
 1.76634  -9.7076   1.7581
 1.76677 -9.70349  1.75854
 1.76721 -9.69938  1.75897
 1.76764 -9.69528  1.75897
 1.76807 -9.69117   1.7594
 1.76851 -9.68707  1.75984
 1.76894 -9.68297  1.76027
 1.76937 -9.67888   1.7607
 1.76981 -9.67478  1.76114
 1.77024 -9.67069  1.76157
 1.77067  -9.6666    1.762
 1.77111 -9.66252  1.76244
 1.77154 -9.65844  1.76287
 1.77197 -9.65435   1.7633
 1.77241 -9.65028  1.76374
 1.77284  -9.6462  1.76374
 1.77327 -9.64213  1.76417
 1.77371 -9.63805   1.7646
 1.77414 -9.63398  1.76504
 1.77457 -9.62992  1.76547
 1.77501 -9.62585  1.76591
 1.77544 -9.62179  1.76634
 1.77588 -9.61773  1.76677
 1.77631 -9.61367  1.76721
 1.77674 -9.60962  1.76764
 1.77718 -9.60557  1.76807
 1.77761 -9.60152  1.76851
 1.77804 -9.59747  1.76894
 1.77848 -9.59342  1.76894
 1.77891 -9.58938  1.76937
 1.77934 -9.58534  1.76981
 1.77978  -9.5813  1.77024
 1.78021 -9.57726  1.77067
 1.78064 -9.57323  1.77111
 1.78108  -9.5692  1.77154
 1.78151 -9.56517  1.77197
 1.78194 -9.56114  1.77241
 1.78238 -9.55712  1.77284
 1.78281  -9.5531  1.77327
 1.78324 -9.54908  1.77371
 1.78368 -9.54506  1.77371
 1.78411 -9.54105  1.77414
 1.78454 -9.53703  1.77457
 1.78498 -9.53302  1.77501
 1.78541 -9.52901  1.77544
 1.78585 -9.52501  1.77588
 1.78628 -9.52101  1.77631
 1.78671   -9.517  1.77674
 1.78715 -9.51301  1.77718
 1.78758 -9.50901  1.77761
 1.78801 -9.50502  1.77804
 1.78845 -9.50103  1.77848
 1.78888 -9.49704  1.77848
 1.78931 -9.49305  1.77891
 1.78975 -9.48906  1.77934
 1.79018 -9.48508  1.77978
 1.79061  -9.4811  1.78021
 1.79105 -9.47712  1.78064
 1.79148 -9.47315  1.78108
 1.79191 -9.46918  1.78151
 1.79235 -9.46521  1.78194
 1.79278 -9.46124  1.78238
 1.79321 -9.45727  1.78281
 1.79365 -9.45331  1.78324
 1.79408 -9.44935  1.78368
 1.79451 -9.44539  1.78368
 1.79495 -9.44143  1.78411
 1.79538 -9.43748  1.78454
 1.79582 -9.43352  1.78498
 1.79625 -9.42957  1.78541
 1.79668 -9.42563  1.78585
 1.79712 -9.42168  1.78628
 1.79755 -9.41774  1.78671
 1.79798  -9.4138  1.78715
 1.79842 -9.40986  1.78758
 1.79885 -9.40592  1.78801
 1.79928 -9.40199  1.78845
 1.79972 -9.39806  1.78845
 1.80015 -9.39413  1.78888
 1.80058  -9.3902  1.78931
 1.80102 -9.38628  1.78975
 1.80145 -9.38235  1.79018
 1.80188 -9.37843  1.79061
 1.80232 -9.37451  1.79105
 1.80275  -9.3706  1.79148
 1.80318 -9.36669  1.79191
 1.80362 -9.36278  1.79235
 1.80405 -9.35887  1.79278
 1.80448 -9.35496  1.79321
 1.80492 -9.35106  1.79321
 1.80535 -9.34715  1.79365
 1.80579 -9.34325  1.79408
 1.80622 -9.33936  1.79451
 1.80665 -9.33546  1.79495
 1.80709 -9.33157  1.79538
 1.80752 -9.32768  1.79582
 1.80795 -9.32379  1.79625
 1.80839  -9.3199  1.79668
 1.80882 -9.31602  1.79712
 1.80925 -9.31214  1.79755
 1.80969 -9.30826  1.79798
 1.81012 -9.30438  1.79798
 1.81055  -9.3005  1.79842
 1.81099 -9.29663  1.79885
 1.81142 -9.29276  1.79928
 1.81185 -9.28889  1.79972
 1.81229 -9.28503  1.80015
 1.81272 -9.28116  1.80058
 1.81315  -9.2773  1.80102
 1.81359 -9.27344  1.80145
 1.81402 -9.26958  1.80188
 1.81445 -9.26573  1.80232
 1.81489 -9.26188  1.80275
 1.81532 -9.25803  1.80318
 1.81576 -9.25418  1.80318
 1.81619 -9.25033  1.80362
 1.81662 -9.24649  1.80405
 1.81706 -9.24264  1.80448
 1.81749  -9.2388  1.80492
 1.81792 -9.23497  1.80535
 1.81836 -9.23113  1.80579
 1.81879  -9.2273  1.80622
 1.81922 -9.22347  1.80665
 1.81966 -9.21964  1.80709
 1.82009 -9.21581  1.80752
 1.82052 -9.21199  1.80795
 1.82096 -9.20817  1.80795
 1.82139 -9.20435  1.80839
 1.82182 -9.20053  1.80882
 1.82226 -9.19672  1.80925
 1.82269  -9.1929  1.80969
 1.82312 -9.18909  1.81012
 1.82356 -9.18528  1.81055
 1.82399 -9.18148  1.81099
 1.82442 -9.17767  1.81142
 1.82486 -9.17387  1.81185
 1.82529 -9.17007  1.81229
 1.82573 -9.16627  1.81272
 1.82616 -9.16248  1.81272
 1.82659 -9.15868  1.81315
 1.82703 -9.15489  1.81359
 1.82746  -9.1511  1.81402
 1.82789 -9.14732  1.81445
 1.82833 -9.14353  1.81489
 1.82876 -9.13975  1.81532
 1.82919 -9.13597  1.81576
 1.82963 -9.13219  1.81619
 1.83006 -9.12841  1.81662
 1.83049 -9.12464  1.81706
 1.83093 -9.12087  1.81749
 1.83136  -9.1171  1.81749
 1.83179 -9.11333  1.81792
 1.83223 -9.10957  1.81836
 1.83266  -9.1058  1.81879
 1.83309 -9.10204  1.81922
 1.83353 -9.09828  1.81966
 1.83396 -9.09453  1.82009
 1.83439 -9.09077  1.82052
 1.83483 -9.08702  1.82096
 1.83526 -9.08327  1.82139
  1.8357 -9.07952  1.82182
 1.83613 -9.07578  1.82226
 1.83656 -9.07203  1.82269
   1.837 -9.06829  1.82269
 1.83743 -9.06455  1.82312
 1.83786 -9.06081  1.82356
  1.8383 -9.05708  1.82399
 1.83873 -9.05334  1.82442
 1.83916 -9.04961  1.82486
  1.8396 -9.04588  1.82529
 1.84003 -9.04216  1.82573
 1.84046 -9.03843  1.82616
  1.8409 -9.03471  1.82659
 1.84133 -9.03099  1.82703
 1.84176 -9.02727  1.82746
  1.8422 -9.02356  1.82746
 1.84263 -9.01984  1.82789
 1.84306 -9.01613  1.82833
  1.8435 -9.01242  1.82876
 1.84393 -9.00871  1.82919
 1.84436 -9.00501  1.82963
  1.8448  -9.0013  1.83006
 1.84523  -8.9976  1.83049
 1.84567  -8.9939  1.83093
  1.8461 -8.99021  1.83136
 1.84653 -8.98651  1.83179
 1.84697 -8.98282  1.83223
  1.8474 -8.97913  1.83223
 1.84783 -8.97544  1.83266
 1.84827 -8.97175  1.83309
  1.8487 -8.96807  1.83353
 1.84913 -8.96438  1.83396
 1.84957  -8.9607  1.83439
    1.85 -8.95703  1.83483