 kgrid  ValNew  Policy 
    0.55 -45.8507 0.551734
0.550433 -45.7873 0.552167
0.550867 -45.7241 0.552601
  0.5513 -45.6611 0.552601
0.551734 -45.5981 0.553034
0.552167 -45.5355 0.553468
0.552601  -45.473 0.553468
0.553034 -45.4106 0.553901
0.553468 -45.3485 0.554335
0.553901 -45.2866 0.554335
0.554335 -45.2248 0.554768
0.554768 -45.1632 0.555202
0.555202 -45.1018 0.555202
0.555635 -45.0405 0.555635
0.556069 -44.9794 0.556069
0.556502 -44.9186 0.556502
0.556936 -44.8578 0.556502
0.557369 -44.7973 0.556936
0.557803 -44.7369 0.557369
0.558236 -44.6767 0.557369
 0.55867 -44.6166 0.557803
0.559103 -44.5568 0.558236
0.559537 -44.4971 0.558236
 0.55997 -44.4376  0.55867
0.560403 -44.3782 0.559103
0.560837  -44.319 0.559103
 0.56127   -44.26 0.559537
0.561704 -44.2011  0.55997
0.562137 -44.1425  0.55997
0.562571 -44.0839 0.560403
0.563004 -44.0255 0.560837
0.563438 -43.9674 0.560837
0.563871 -43.9093  0.56127
0.564305 -43.8514 0.561704
0.564738 -43.7937 0.562137
0.565172 -43.7361 0.562137
0.565605 -43.6787 0.562571
0.566039 -43.6215 0.563004
0.566472 -43.5644 0.563004
0.566906 -43.5075 0.563438
0.567339 -43.4507 0.563871
0.567773 -43.3941 0.563871
0.568206 -43.3377 0.564305
 0.56864 -43.2814 0.564738
0.569073 -43.2252 0.564738
0.569507 -43.1692 0.565172
 0.56994 -43.1133 0.565605
0.570373 -43.0576 0.566039
0.570807  -43.002 0.566039
 0.57124 -42.9466 0.566472
0.571674 -42.8913 0.566906
0.572107 -42.8361 0.567339
0.572541 -42.7811 0.567339
0.572974 -42.7261 0.567773
0.573408 -42.6714 0.568206
0.573841 -42.6168  0.56864
0.574275 -42.5622  0.56864
0.574708 -42.5079 0.569073
0.575142 -42.4536 0.569507
0.575575 -42.3996  0.56994
0.576009 -42.3456  0.56994
0.576442 -42.2917 0.570373
0.576876  -42.238 0.570807
0.577309 -42.1845 0.570807
0.577743  -42.131  0.57124
0.578176 -42.0777 0.571674
 0.57861 -42.0245 0.572107
0.579043 -41.9714 0.572107
0.579476 -41.9185 0.572541
 0.57991 -41.8657 0.572974
0.580343  -41.813 0.573408
0.580777 -41.7605 0.573408
 0.58121  -41.708 0.573841
0.581644 -41.6557 0.574275
0.582077 -41.6035 0.574708
0.582511 -41.5515 0.574708
0.582944 -41.4995 0.575142
0.583378 -41.4477 0.575575
0.583811 -41.3961 0.576009
0.584245 -41.3445 0.576009
0.584678  -41.293 0.576442
0.585112 -41.2417 0.576876
0.585545 -41.1905 0.577309
0.585979 -41.1395 0.577309
0.586412 -41.0885 0.577743
0.586846 -41.0376 0.578176
0.587279 -40.9869  0.57861
0.587713 -40.9363  0.57861
0.588146 -40.8858 0.579043
 0.58858 -40.8355 0.579476
0.589013 -40.7852  0.57991
0.589446 -40.7351  0.57991
 0.58988 -40.6851 0.580343
0.590313 -40.6352 0.580777
0.590747 -40.5854  0.58121
 0.59118 -40.5357  0.58121
0.591614 -40.4862 0.581644
0.592047 -40.4367 0.582077
0.592481 -40.3873 0.582511
0.592914 -40.3381 0.582944
0.593348 -40.2889 0.582944
0.593781 -40.2398 0.583378
0.594215 -40.1908 0.583811
0.594648 -40.1419 0.584245
0.595082 -40.0932 0.584678
0.595515 -40.0445 0.585112
0.595949 -39.9959 0.585112
0.596382 -39.9474 0.585545
0.596816  -39.899 0.585979
0.597249 -39.8507 0.586412
0.597683 -39.8025 0.586846
0.598116 -39.7543 0.586846
 0.59855 -39.7063 0.587279
0.598983 -39.6583 0.587713
0.599416 -39.6105 0.588146
 0.59985 -39.5627  0.58858
0.600283 -39.5151 0.589013
0.600717 -39.4675 0.589013
 0.60115   -39.42 0.589446
0.601584 -39.3727  0.58988
0.602017 -39.3253 0.590313
0.602451 -39.2782 0.590747
0.602884 -39.2311 0.590747
0.603318  -39.184  0.59118
0.603751 -39.1371 0.591614
0.604185 -39.0902 0.592047
0.604618 -39.0435 0.592481
0.605052 -38.9968 0.592914
0.605485 -38.9502 0.592914
0.605919 -38.9037 0.593348
0.606352 -38.8573 0.593781
0.606786  -38.811 0.594215
0.607219 -38.7648 0.594648
0.607653 -38.7187 0.595082
0.608086 -38.6726 0.595082
 0.60852 -38.6266 0.595515
0.608953 -38.5807 0.595949
0.609386 -38.5349 0.596382
 0.60982 -38.4892 0.596816
0.610253 -38.4436 0.596816
0.610687  -38.398 0.597249
 0.61112 -38.3526 0.597683
0.611554 -38.3072 0.598116
0.611987 -38.2619  0.59855
0.612421 -38.2167 0.598983
0.612854 -38.1716 0.598983
0.613288 -38.1265 0.599416
0.613721 -38.0816  0.59985
0.614155 -38.0367 0.600283
0.614588 -37.9919 0.600717
0.615022 -37.9472  0.60115
0.615455 -37.9026  0.60115
0.615889  -37.858 0.601584
0.616322 -37.8135 0.602017
0.616756 -37.7691 0.602451
0.617189 -37.7248 0.602884
0.617623 -37.6806 0.603318
0.618056 -37.6365 0.603318
0.618489 -37.5924 0.603751
0.618923 -37.5484 0.604185
0.619356 -37.5045 0.604618
 0.61979 -37.4607 0.605052
0.620223  -37.417 0.605485
0.620657 -37.3733 0.605485
 0.62109 -37.3297 0.605919
0.621524 -37.2862 0.606352
0.621957 -37.2427 0.606786
0.622391 -37.1994 0.607219
0.622824 -37.1561 0.607653
0.623258 -37.1129 0.607653
0.623691 -37.0698 0.608086
0.624125 -37.0267  0.60852
0.624558 -36.9838 0.608953
0.624992 -36.9409 0.609386
0.625425 -36.8981  0.60982
0.625859 -36.8553  0.60982
0.626292 -36.8126 0.610253
0.626726 -36.7701 0.610687
0.627159 -36.7275  0.61112
0.627593 -36.6851 0.611554
0.628026 -36.6428 0.611987
0.628459 -36.6005 0.611987
0.628893 -36.5582 0.612421
0.629326 -36.5161 0.612854
 0.62976  -36.474 0.613288
0.630193  -36.432 0.613721
0.630627 -36.3901 0.614155
 0.63106 -36.3483 0.614155
0.631494 -36.3065 0.614588
0.631927 -36.2648 0.615022
0.632361 -36.2231 0.615455
0.632794 -36.1815 0.615889
0.633228 -36.1401 0.616322
0.633661 -36.0987 0.616322
0.634095 -36.0573 0.616756
0.634528  -36.016 0.617189
0.634962 -35.9748 0.617623
0.635395 -35.9336 0.618056
0.635829 -35.8926 0.618489
0.636262 -35.8516 0.618923
0.636696 -35.8107 0.618923
0.637129 -35.7698 0.619356
0.637563  -35.729  0.61979
0.637996 -35.6883 0.620223
0.638429 -35.6476 0.620657
0.638863 -35.6071  0.62109
0.639296 -35.5666  0.62109
 0.63973 -35.5261 0.621524
0.640163 -35.4857 0.621957
0.640597 -35.4454 0.622391
 0.64103 -35.4052 0.622824
0.641464  -35.365 0.623258
0.641897 -35.3249 0.623691
0.642331 -35.2849 0.623691
0.642764 -35.2449 0.624125
0.643198  -35.205 0.624558
0.643631 -35.1652 0.624992
0.644065 -35.1254 0.625425
0.644498 -35.0857 0.625859
0.644932 -35.0461 0.625859
0.645365 -35.0065 0.626292
0.645799  -34.967 0.626726
0.646232 -34.9275 0.627159
0.646666 -34.8882 0.627593
0.647099 -34.8489 0.628026
0.647533 -34.8097 0.628026
0.647966 -34.7705 0.628459
0.648399 -34.7314 0.628893
0.648833 -34.6923 0.629326
0.649266 -34.6533  0.62976
  0.6497 -34.6144 0.630193
0.650133 -34.5756 0.630627
0.650567 -34.5368 0.630627
   0.651 -34.4981  0.63106
0.651434 -34.4594 0.631494
0.651867 -34.4208 0.631927
0.652301 -34.3823 0.632361
0.652734 -34.3438 0.632794
0.653168 -34.3054 0.633228
0.653601 -34.2671 0.633228
0.654035 -34.2288 0.633661
0.654468 -34.1906 0.634095
0.654902 -34.1524 0.634528
0.655335 -34.1143 0.634962
0.655769 -34.0763 0.635395
0.656202 -34.0383 0.635395
0.656636 -34.0004 0.635829
0.657069 -33.9626 0.636262
0.657503 -33.9248 0.636696
0.657936  -33.887 0.637129
0.658369 -33.8494 0.637563
0.658803 -33.8118 0.637996
0.659236 -33.7742 0.637996
 0.65967 -33.7367 0.638429
0.660103 -33.6993 0.638863
0.660537 -33.6619 0.639296
 0.66097 -33.6246  0.63973
0.661404 -33.5874 0.640163
0.661837 -33.5502 0.640597
0.662271 -33.5131 0.640597
0.662704  -33.476  0.64103
0.663138  -33.439 0.641464
0.663571  -33.402 0.641897
0.664005 -33.3652 0.642331
0.664438 -33.3283 0.642764
0.664872 -33.2916 0.643198
0.665305 -33.2548 0.643198
0.665739 -33.2182 0.643631
0.666172 -33.1816 0.644065
0.666606  -33.145 0.644498
0.667039 -33.1086 0.644932
0.667472 -33.0721 0.645365
0.667906 -33.0358 0.645365
0.668339 -32.9995 0.645799
0.668773 -32.9632 0.646232
0.669206  -32.927 0.646666
 0.66964 -32.8909 0.647099
0.670073 -32.8548 0.647533
0.670507 -32.8188 0.647966
 0.67094 -32.7828 0.647966
0.671374 -32.7469 0.648399
0.671807  -32.711 0.648833
0.672241 -32.6752 0.649266
0.672674 -32.6395   0.6497
0.673108 -32.6038 0.650133
0.673541 -32.5682 0.650567
0.673975 -32.5326 0.650567
0.674408 -32.4971    0.651
0.674842 -32.4616 0.651434
0.675275 -32.4262 0.651867
0.675709 -32.3909 0.652301
0.676142 -32.3556 0.652734
0.676576 -32.3204 0.653168
0.677009 -32.2852 0.653168
0.677442   -32.25 0.653601
0.677876 -32.2149 0.654035
0.678309 -32.1799 0.654468
0.678743  -32.145 0.654902
0.679176   -32.11 0.655335
 0.67961 -32.0752 0.655769
0.680043 -32.0404 0.655769
0.680477 -32.0056 0.656202
 0.68091 -31.9709 0.656636
0.681344 -31.9363 0.657069
0.681777 -31.9017 0.657503
0.682211 -31.8672 0.657936
0.682644 -31.8327 0.657936
0.683078 -31.7983 0.658369
0.683511 -31.7639 0.658803
0.683945 -31.7296 0.659236
0.684378 -31.6953  0.65967
0.684812 -31.6611 0.660103
0.685245 -31.6269 0.660537
0.685679 -31.5928 0.660537
0.686112 -31.5587  0.66097
0.686546 -31.5247 0.661404
0.686979 -31.4908 0.661837
0.687412 -31.4569 0.662271
0.687846  -31.423 0.662704
0.688279 -31.3892 0.663138
0.688713 -31.3555 0.663138
0.689146 -31.3218 0.663571
 0.68958 -31.2881 0.664005
0.690013 -31.2545 0.664438
0.690447  -31.221 0.664872
 0.69088 -31.1875 0.665305
0.691314 -31.1541 0.665739
0.691747 -31.1207 0.665739
0.692181 -31.0874 0.666172
0.692614 -31.0541 0.666606
0.693048 -31.0208 0.667039
0.693481 -30.9876 0.667472
0.693915 -30.9545 0.667906
0.694348 -30.9214 0.668339
0.694782 -30.8884 0.668339
0.695215 -30.8554 0.668773
0.695649 -30.8225 0.669206
0.696082 -30.7896  0.66964
0.696516 -30.7568 0.670073
0.696949  -30.724 0.670507
0.697382 -30.6913  0.67094
0.697816 -30.6586  0.67094
0.698249 -30.6259 0.671374
0.698683 -30.5933 0.671807
0.699116 -30.5608 0.672241
 0.69955 -30.5283 0.672674
0.699983 -30.4959 0.673108
0.700417 -30.4635 0.673541
 0.70085 -30.4312 0.673541
0.701284 -30.3988 0.673975
0.701717 -30.3666 0.674408
0.702151 -30.3344 0.674842
0.702584 -30.3023 0.675275
0.703018 -30.2702 0.675709
0.703451 -30.2381 0.676142
0.703885 -30.2061 0.676142
0.704318 -30.1741 0.676576
0.704752 -30.1422 0.677009
0.705185 -30.1104 0.677442
0.705619 -30.0786 0.677876
0.706052 -30.0468 0.678309
0.706485 -30.0151 0.678743
0.706919 -29.9834 0.678743
0.707352 -29.9518 0.679176
0.707786 -29.9202  0.67961
0.708219 -29.8887 0.680043
0.708653 -29.8572 0.680477
0.709086 -29.8258  0.68091
 0.70952 -29.7944 0.681344
0.709953  -29.763 0.681344
0.710387 -29.7317 0.681777
 0.71082 -29.7005 0.682211
0.711254 -29.6693 0.682644
0.711687 -29.6381 0.683078
0.712121  -29.607 0.683511
0.712554  -29.576 0.683945
0.712988 -29.5449 0.683945
0.713421  -29.514 0.684378
0.713855  -29.483 0.684812
0.714288 -29.4521 0.685245
0.714722 -29.4213 0.685679
0.715155 -29.3905 0.686112
0.715589 -29.3598 0.686546
0.716022 -29.3291 0.686546
0.716455 -29.2984 0.686979
0.716889 -29.2678 0.687412
0.717322 -29.2372 0.687846
0.717756 -29.2067 0.688279
0.718189 -29.1763 0.688713
0.718623 -29.1458 0.689146
0.719056 -29.1154 0.689146
 0.71949 -29.0851  0.68958
0.719923 -29.0548 0.690013
0.720357 -29.0245 0.690447
 0.72079 -28.9943  0.69088
0.721224 -28.9642 0.691314
0.721657 -28.9341 0.691747
0.722091  -28.904 0.691747
0.722524  -28.874 0.692181
0.722958  -28.844 0.692614
0.723391  -28.814 0.693048
0.723825 -28.7841 0.693481
0.724258 -28.7543 0.693915
0.724692 -28.7245 0.694348
0.725125 -28.6947 0.694348
0.725559  -28.665 0.694782
0.725992 -28.6353 0.695215
0.726425 -28.6056 0.695649
0.726859  -28.576 0.696082
0.727292 -28.5465 0.696516
0.727726  -28.517 0.696516
0.728159 -28.4875 0.696949
0.728593 -28.4581 0.697382
0.729026 -28.4287 0.697816
 0.72946 -28.3994 0.698249
0.729893 -28.3701 0.698683
0.730327 -28.3408 0.699116
 0.73076 -28.3116  0.69955
0.731194 -28.2824  0.69955
0.731627 -28.2533 0.699983
0.732061 -28.2242 0.700417
0.732494 -28.1952  0.70085
0.732928 -28.1662 0.701284
0.733361 -28.1372 0.701717
0.733795 -28.1083 0.702151
0.734228 -28.0794 0.702151
0.734662 -28.0506 0.702584
0.735095 -28.0218 0.703018
0.735529  -27.993 0.703451
0.735962 -27.9643 0.703885
0.736395 -27.9356 0.704318
0.736829  -27.907 0.704752
0.737262 -27.8784 0.704752
0.737696 -27.8499 0.705185
0.738129 -27.8214 0.705619
0.738563 -27.7929 0.706052
0.738996 -27.7645 0.706485
 0.73943 -27.7361 0.706919
0.739863 -27.7078 0.707352
0.740297 -27.6794 0.707352
 0.74073 -27.6512 0.707786
0.741164 -27.6229 0.708219
0.741597 -27.5948 0.708653
0.742031 -27.5666 0.709086
0.742464 -27.5385  0.70952
0.742898 -27.5105 0.709953
0.743331 -27.4824 0.709953
0.743765 -27.4545 0.710387
0.744198 -27.4265  0.71082
0.744632 -27.3986 0.711254
0.745065 -27.3707 0.711687
0.745498 -27.3429 0.712121
0.745932 -27.3151 0.712121
0.746365 -27.2874 0.712554
0.746799 -27.2597 0.712988
0.747232  -27.232 0.713421
0.747666 -27.2044 0.713855
0.748099 -27.1768 0.714288
0.748533 -27.1493 0.714722
0.748966 -27.1218 0.714722
  0.7494 -27.0943 0.715155
0.749833 -27.0668 0.715589
0.750267 -27.0395 0.716022
  0.7507 -27.0121 0.716455
0.751134 -26.9848 0.716889
0.751567 -26.9575 0.717322
0.752001 -26.9303 0.717322
0.752434 -26.9031 0.717756
0.752868 -26.8759 0.718189
0.753301 -26.8488 0.718623
0.753735 -26.8217 0.719056
0.754168 -26.7946  0.71949
0.754602 -26.7676 0.719923
0.755035 -26.7407 0.719923
0.755468 -26.7137 0.720357
0.755902 -26.6868  0.72079
0.756335   -26.66 0.721224
0.756769 -26.6332 0.721657
0.757202 -26.6064 0.722091
0.757636 -26.5796 0.722524
0.758069 -26.5529 0.722524
0.758503 -26.5263 0.722958
0.758936 -26.4996 0.723391
 0.75937  -26.473 0.723825
0.759803 -26.4465 0.724258
0.760237 -26.4199 0.724692
 0.76067 -26.3935 0.725125
0.761104  -26.367 0.725125
0.761537 -26.3406 0.725559
0.761971 -26.3142 0.725992
0.762404 -26.2879 0.726425
0.762838 -26.2616 0.726859
0.763271 -26.2353 0.727292
0.763705 -26.2091 0.727726
0.764138 -26.1829 0.727726
0.764572 -26.1568 0.728159
0.765005 -26.1306 0.728593
0.765438 -26.1046 0.729026
0.765872 -26.0785  0.72946
0.766305 -26.0525 0.729893
0.766739 -26.0266 0.730327
0.767172 -26.0006 0.730327
0.767606 -25.9747  0.73076
0.768039 -25.9488 0.731194
0.768473  -25.923 0.731627
0.768906 -25.8972 0.732061
 0.76934 -25.8715 0.732494
0.769773 -25.8457 0.732928
0.770207 -25.8201 0.732928
 0.77064 -25.7944 0.733361
0.771074 -25.7688 0.733795
0.771507 -25.7432 0.734228
0.771941 -25.7177 0.734662
0.772374 -25.6922 0.735095
0.772808 -25.6667 0.735529
0.773241 -25.6413 0.735529
0.773675 -25.6158 0.735962
0.774108 -25.5905 0.736395
0.774542 -25.5651 0.736829
0.774975 -25.5398 0.737262
0.775408 -25.5146 0.737696
0.775842 -25.4894 0.738129
0.776275 -25.4642 0.738129
0.776709  -25.439 0.738563
0.777142 -25.4139 0.738996
0.777576 -25.3888  0.73943
0.778009 -25.3637 0.739863
0.778443 -25.3387 0.740297
0.778876 -25.3137  0.74073
 0.77931 -25.2888  0.74073
0.779743 -25.2638 0.741164
0.780177 -25.2389 0.741597
 0.78061 -25.2141 0.742031
0.781044 -25.1893 0.742464
0.781477 -25.1645 0.742898
0.781911 -25.1398 0.743331
0.782344  -25.115 0.743331
0.782778 -25.0903 0.743765
0.783211 -25.0657 0.744198
0.783645 -25.0411 0.744632
0.784078 -25.0165 0.745065
0.784512  -24.992 0.745498
0.784945 -24.9674 0.745932
0.785378  -24.943 0.745932
0.785812 -24.9185 0.746365
0.786245 -24.8941 0.746799
0.786679 -24.8697 0.747232
0.787112 -24.8454 0.747666
0.787546 -24.8211 0.748099
0.787979 -24.7968 0.748533
0.788413 -24.7725 0.748533
0.788846 -24.7483 0.748966
 0.78928 -24.7241   0.7494
0.789713    -24.7 0.749833
0.790147 -24.6759 0.750267
 0.79058 -24.6518   0.7507
0.791014 -24.6277 0.751134
0.791447 -24.6037 0.751134
0.791881 -24.5797 0.751567
0.792314 -24.5558 0.752001
0.792748 -24.5318 0.752434
0.793181 -24.5079 0.752868
0.793615 -24.4841 0.753301
0.794048 -24.4603 0.753735
0.794481 -24.4365 0.753735
0.794915 -24.4127 0.754168
0.795348  -24.389 0.754602
0.795782 -24.3653 0.755035
0.796215 -24.3416 0.755468
0.796649  -24.318 0.755902
0.797082 -24.2944 0.756335
0.797516 -24.2708 0.756335
0.797949 -24.2473 0.756769
0.798383 -24.2238 0.757202
0.798816 -24.2003 0.757636
 0.79925 -24.1768 0.758069
0.799683 -24.1534 0.758503
0.800117 -24.1301 0.758503
 0.80055 -24.1067 0.758936
0.800984 -24.0834  0.75937
0.801417 -24.0601 0.759803
0.801851 -24.0368 0.760237
0.802284 -24.0136  0.76067
0.802718 -23.9904 0.761104
0.803151 -23.9673 0.761104
0.803585 -23.9441 0.761537
0.804018  -23.921 0.761971
0.804451  -23.898 0.762404
0.804885 -23.8749 0.762838
0.805318 -23.8519 0.763271
0.805752 -23.8289 0.763705
0.806185  -23.806 0.763705
0.806619 -23.7831 0.764138
0.807052 -23.7602 0.764572
0.807486 -23.7373 0.765005
0.807919 -23.7145 0.765438
0.808353 -23.6917 0.765872
0.808786 -23.6689 0.766305
 0.80922 -23.6462 0.766305
0.809653 -23.6235 0.766739
0.810087 -23.6008 0.767172
 0.81052 -23.5782 0.767606
0.810954 -23.5556 0.768039
0.811387  -23.533 0.768473
0.811821 -23.5104 0.768906
0.812254 -23.4879 0.768906
0.812688 -23.4654  0.76934
0.813121  -23.443 0.769773
0.813555 -23.4205 0.770207
0.813988 -23.3981  0.77064
0.814421 -23.3757 0.771074
0.814855 -23.3534 0.771507
0.815288 -23.3311 0.771507
0.815722 -23.3088 0.771941
0.816155 -23.2865 0.772374
0.816589 -23.2643 0.772808
0.817022 -23.2421 0.773241
0.817456   -23.22 0.773675
0.817889 -23.1978 0.774108
0.818323 -23.1757 0.774108
0.818756 -23.1536 0.774542
 0.81919 -23.1316 0.774975
0.819623 -23.1095 0.775408
0.820057 -23.0876 0.775842
 0.82049 -23.0656 0.776275
0.820924 -23.0437 0.776709
0.821357 -23.0217 0.776709
0.821791 -22.9999 0.777142
0.822224  -22.978 0.777576
0.822658 -22.9562 0.778009
0.823091 -22.9344 0.778443
0.823525 -22.9126 0.778876
0.823958 -22.8909  0.77931
0.824391 -22.8692  0.77931
0.824825 -22.8475 0.779743
0.825258 -22.8259 0.780177
0.825692 -22.8042  0.78061
0.826125 -22.7827 0.781044
0.826559 -22.7611 0.781477
0.826992 -22.7396 0.781911
0.827426  -22.718 0.781911
0.827859 -22.6966 0.782344
0.828293 -22.6751 0.782778
0.828726 -22.6537 0.783211
 0.82916 -22.6323 0.783645
0.829593 -22.6109 0.784078
0.830027 -22.5896 0.784512
 0.83046 -22.5683 0.784512
0.830894  -22.547 0.784945
0.831327 -22.5257 0.785378
0.831761 -22.5045 0.785812
0.832194 -22.4833 0.786245
0.832628 -22.4621 0.786679
0.833061  -22.441 0.786679
0.833494 -22.4199 0.787112
0.833928 -22.3988 0.787546
0.834361 -22.3777 0.787979
0.834795 -22.3567 0.788413
0.835228 -22.3356 0.788846
0.835662 -22.3147  0.78928
0.836095 -22.2937  0.78928
0.836529 -22.2728 0.789713
0.836962 -22.2519 0.790147
0.837396  -22.231  0.79058
0.837829 -22.2101 0.791014
0.838263 -22.1893 0.791447
0.838696 -22.1685 0.791881
 0.83913 -22.1478 0.791881
0.839563  -22.127 0.792314
0.839997 -22.1063 0.792748
 0.84043 -22.0856 0.793181
0.840864  -22.065 0.793615
0.841297 -22.0443 0.794048
0.841731 -22.0237 0.794481
0.842164 -22.0032 0.794481
0.842598 -21.9826 0.794915
0.843031 -21.9621 0.795348
0.843464 -21.9416 0.795782
0.843898 -21.9211 0.796215
0.844331 -21.9007 0.796649
0.844765 -21.8802 0.797082
0.845198 -21.8598 0.797082
0.845632 -21.8395 0.797516
0.846065 -21.8191 0.797949
0.846499 -21.7988 0.798383
0.846932 -21.7785 0.798816
0.847366 -21.7583  0.79925
0.847799  -21.738 0.799683
0.848233 -21.7178 0.799683
0.848666 -21.6976 0.800117
  0.8491 -21.6775  0.80055
0.849533 -21.6573 0.800984
0.849967 -21.6372 0.801417
  0.8504 -21.6171 0.801851
0.850834 -21.5971 0.802284
0.851267  -21.577 0.802284
0.851701  -21.557 0.802718
0.852134 -21.5371 0.803151
0.852568 -21.5171 0.803585
0.853001 -21.4972 0.804018
0.853434 -21.4773 0.804451
0.853868 -21.4574 0.804451
0.854301 -21.4375 0.804885
0.854735 -21.4177 0.805318
0.855168 -21.3979 0.805752
0.855602 -21.3781 0.806185
0.856035 -21.3584 0.806619
0.856469 -21.3387 0.807052
0.856902  -21.319 0.807052
0.857336 -21.2993 0.807486
0.857769 -21.2796 0.807919
0.858203   -21.26 0.808353
0.858636 -21.2404 0.808786
 0.85907 -21.2208  0.80922
0.859503 -21.2013 0.809653
0.859937 -21.1817 0.809653
 0.86037 -21.1622 0.810087
0.860804 -21.1427  0.81052
0.861237 -21.1233 0.810954
0.861671 -21.1039 0.811387
0.862104 -21.0845 0.811821
0.862538 -21.0651 0.812254
0.862971 -21.0457 0.812254
0.863404 -21.0264 0.812688
0.863838 -21.0071 0.813121
0.864271 -20.9878 0.813555
0.864705 -20.9685 0.813988
0.865138 -20.9493 0.814421
0.865572 -20.9301 0.814855
0.866005 -20.9109 0.814855
0.866439 -20.8918 0.815288
0.866872 -20.8726 0.815722
0.867306 -20.8535 0.816155
0.867739 -20.8344 0.816589
0.868173 -20.8154 0.817022
0.868606 -20.7963 0.817022
 0.86904 -20.7773 0.817456
0.869473 -20.7583 0.817889
0.869907 -20.7393 0.818323
 0.87034 -20.7204 0.818756
0.870774 -20.7015  0.81919
0.871207 -20.6826 0.819623
0.871641 -20.6637 0.819623
0.872074 -20.6449 0.820057
0.872508  -20.626  0.82049
0.872941 -20.6072 0.820924
0.873374 -20.5885 0.821357
0.873808 -20.5697 0.821791
0.874241  -20.551 0.822224
0.874675 -20.5323 0.822224
0.875108 -20.5136 0.822658
0.875542 -20.4949 0.823091
0.875975 -20.4763 0.823525
0.876409 -20.4577 0.823958
0.876842 -20.4391 0.824391
0.877276 -20.4205 0.824825
0.877709  -20.402 0.824825
0.878143 -20.3834 0.825258
0.878576 -20.3649 0.825692
 0.87901 -20.3465 0.826125
0.879443  -20.328 0.826559
0.879877 -20.3096 0.826992
 0.88031 -20.2912 0.827426
0.880744 -20.2728 0.827426
0.881177 -20.2544 0.827859
0.881611 -20.2361 0.828293
0.882044 -20.2178 0.828726
0.882477 -20.1995  0.82916
0.882911 -20.1812 0.829593
0.883344  -20.163 0.830027
0.883778 -20.1448 0.830027
0.884211 -20.1265  0.83046
0.884645 -20.1084 0.830894
0.885078 -20.0902 0.831327
0.885512 -20.0721 0.831761
0.885945  -20.054 0.832194
0.886379 -20.0359 0.832194
0.886812 -20.0178 0.832628
0.887246 -19.9998 0.833061
0.887679 -19.9817 0.833494
0.888113 -19.9637 0.833928
0.888546 -19.9458 0.834361
 0.88898 -19.9278 0.834795
0.889413 -19.9099 0.834795
0.889847  -19.892 0.835228
 0.89028 -19.8741 0.835662
0.890714 -19.8562 0.836095
0.891147 -19.8384 0.836529
0.891581 -19.8206 0.836962
0.892014 -19.8028 0.837396
0.892447  -19.785 0.837396
0.892881 -19.7672 0.837829
0.893314 -19.7495 0.838263
0.893748 -19.7318 0.838696
0.894181 -19.7141  0.83913
0.894615 -19.6964 0.839563
0.895048 -19.6788 0.839997
0.895482 -19.6611 0.839997
0.895915 -19.6435  0.84043
0.896349  -19.626 0.840864
0.896782 -19.6084 0.841297
0.897216 -19.5909 0.841731
0.897649 -19.5733 0.842164
0.898083 -19.5559 0.842598
0.898516 -19.5384 0.842598
 0.89895 -19.5209 0.843031
0.899383 -19.5035 0.843464
0.899817 -19.4861 0.843898
 0.90025 -19.4687 0.844331
0.900684 -19.4513 0.844765
0.901117  -19.434 0.844765
0.901551 -19.4167 0.845198
0.901984 -19.3993 0.845632
0.902417 -19.3821 0.846065
0.902851 -19.3648 0.846499
0.903284 -19.3476 0.846932
0.903718 -19.3304 0.847366
0.904151 -19.3132 0.847366
0.904585  -19.296 0.847799
0.905018 -19.2788 0.848233
0.905452 -19.2617 0.848666
0.905885 -19.2446   0.8491
0.906319 -19.2275 0.849533
0.906752 -19.2104 0.849967
0.907186 -19.1934 0.849967
0.907619 -19.1763   0.8504
0.908053 -19.1593 0.850834
0.908486 -19.1423 0.851267
 0.90892 -19.1253 0.851701
0.909353 -19.1084 0.852134
0.909787 -19.0915 0.852568
 0.91022 -19.0746 0.852568
0.910654 -19.0577 0.853001
0.911087 -19.0408 0.853434
0.911521  -19.024 0.853868
0.911954 -19.0071 0.854301
0.912387 -18.9903 0.854735
0.912821 -18.9736 0.855168
0.913254 -18.9568 0.855168
0.913688   -18.94 0.855602
0.914121 -18.9233 0.856035
0.914555 -18.9066 0.856469
0.914988 -18.8899 0.856902
0.915422 -18.8733 0.857336
0.915855 -18.8566 0.857336
0.916289   -18.84 0.857769
0.916722 -18.8234 0.858203
0.917156 -18.8068 0.858636
0.917589 -18.7903  0.85907
0.918023 -18.7737 0.859503
0.918456 -18.7572 0.859937
 0.91889 -18.7407 0.859937
0.919323 -18.7242  0.86037
0.919757 -18.7077 0.860804
 0.92019 -18.6913 0.861237
0.920624 -18.6749 0.861671
0.921057 -18.6585 0.862104
 0.92149 -18.6421 0.862538
0.921924 -18.6257 0.862538
0.922357 -18.6094 0.862971
0.922791 -18.5931 0.863404
0.923224 -18.5768 0.863838
0.923658 -18.5605 0.864271
0.924091 -18.5442 0.864705
0.924525  -18.528 0.864705
0.924958 -18.5117 0.865138
0.925392 -18.4955 0.865572
0.925825 -18.4793 0.866005
0.926259 -18.4632 0.866439
0.926692  -18.447 0.866872
0.927126 -18.4309 0.867306
0.927559 -18.4148 0.867306
0.927993 -18.3987 0.867739
0.928426 -18.3826 0.868173
 0.92886 -18.3666 0.868606
0.929293 -18.3505  0.86904
0.929727 -18.3345 0.869473
 0.93016 -18.3185 0.869907
0.930594 -18.3026 0.869907
0.931027 -18.2866  0.87034
 0.93146 -18.2707 0.870774
0.931894 -18.2547 0.871207
0.932327 -18.2388 0.871641
0.932761  -18.223 0.872074
0.933194 -18.2071 0.872508
0.933628 -18.1913 0.872508
0.934061 -18.1754 0.872941
0.934495 -18.1596 0.873374
0.934928 -18.1438 0.873808
0.935362 -18.1281 0.874241
0.935795 -18.1123 0.874675
0.936229 -18.0966 0.874675
0.936662 -18.0809 0.875108
0.937096 -18.0652 0.875542
0.937529 -18.0495 0.875975
0.937963 -18.0339 0.876409
0.938396 -18.0182 0.876842
 0.93883 -18.0026 0.877276
0.939263  -17.987 0.877276
0.939697 -17.9714 0.877709
 0.94013 -17.9559 0.878143
0.940564 -17.9403 0.878576
0.940997 -17.9248  0.87901
 0.94143 -17.9093 0.879443
0.941864 -17.8938 0.879877
0.942297 -17.8783 0.879877
0.942731 -17.8629  0.88031
0.943164 -17.8474 0.880744
0.943598  -17.832 0.881177
0.944031 -17.8166 0.881611
0.944465 -17.8013 0.882044
0.944898 -17.7859 0.882477
0.945332 -17.7706 0.882477
0.945765 -17.7552 0.882911
0.946199 -17.7399 0.883344
0.946632 -17.7246 0.883778
0.947066 -17.7094 0.884211
0.947499 -17.6941 0.884645
0.947933 -17.6789 0.884645
0.948366 -17.6637 0.885078
  0.9488 -17.6485 0.885512
0.949233 -17.6333 0.885945
0.949667 -17.6181 0.886379
  0.9501  -17.603 0.886812
0.950534 -17.5878 0.887246
0.950967 -17.5727 0.887246
  0.9514 -17.5576 0.887679
0.951834 -17.5426 0.888113
0.952267 -17.5275 0.888546
0.952701 -17.5125  0.88898
0.953134 -17.4975 0.889413
0.953568 -17.4825 0.889847
0.954001 -17.4675 0.889847
0.954435 -17.4525  0.89028
0.954868 -17.4375 0.890714
0.955302 -17.4226 0.891147
0.955735 -17.4077 0.891581
0.956169 -17.3928 0.892014
0.956602 -17.3779 0.892014
0.957036 -17.3631 0.892447
0.957469 -17.3482 0.892881
0.957903 -17.3334 0.893314
0.958336 -17.3186 0.893748
 0.95877 -17.3038 0.894181
0.959203  -17.289 0.894615
0.959637 -17.2742 0.894615
 0.96007 -17.2595 0.895048
0.960504 -17.2448 0.895482
0.960937 -17.2301 0.895915
 0.96137 -17.2154 0.896349
0.961804 -17.2007 0.896782
0.962237  -17.186 0.897216
0.962671 -17.1714 0.897216
0.963104 -17.1568 0.897649
0.963538 -17.1422 0.898083
0.963971 -17.1276 0.898516
0.964405  -17.113  0.89895
0.964838 -17.0985 0.899383
0.965272 -17.0839 0.899817
0.965705 -17.0694 0.899817
0.966139 -17.0549  0.90025
0.966572 -17.0404 0.900684
0.967006 -17.0259 0.901117
0.967439 -17.0115 0.901551
0.967873 -16.9971 0.901984
0.968306 -16.9826 0.901984
 0.96874 -16.9682 0.902417
0.969173 -16.9538 0.902851
0.969607 -16.9395 0.903284
 0.97004 -16.9251 0.903718
0.970473 -16.9108 0.904151
0.970907 -16.8965 0.904585
 0.97134 -16.8822 0.904585
0.971774 -16.8679 0.905018
0.972207 -16.8536 0.905452
0.972641 -16.8393 0.905885
0.973074 -16.8251 0.906319
0.973508 -16.8109 0.906752
0.973941 -16.7967 0.906752
0.974375 -16.7825 0.907186
0.974808 -16.7683 0.907619
0.975242 -16.7542 0.908053
0.975675   -16.74 0.908486
0.976109 -16.7259  0.90892
0.976542 -16.7118 0.909353
0.976976 -16.6977 0.909353
0.977409 -16.6836 0.909787
0.977843 -16.6696  0.91022
0.978276 -16.6555 0.910654
 0.97871 -16.6415 0.911087
0.979143 -16.6275 0.911521
0.979577 -16.6135 0.911954
 0.98001 -16.5995 0.911954
0.980443 -16.5856 0.912387
0.980877 -16.5716 0.912821
 0.98131 -16.5577 0.913254
0.981744 -16.5438 0.913688
0.982177 -16.5299 0.914121
0.982611  -16.516 0.914555
0.983044 -16.5021 0.914555
0.983478 -16.4883 0.914988
0.983911 -16.4745 0.915422
0.984345 -16.4606 0.915855
0.984778 -16.4468 0.916289
0.985212 -16.4331 0.916722
0.985645 -16.4193 0.916722
0.986079 -16.4055 0.917156
0.986512 -16.3918 0.917589
0.986946 -16.3781 0.918023
0.987379 -16.3644 0.918456
0.987813 -16.3507  0.91889
0.988246  -16.337 0.919323
 0.98868 -16.3233 0.919323
0.989113 -16.3097 0.919757
0.989547 -16.2961  0.92019
 0.98998 -16.2824 0.920624
0.990413 -16.2688 0.921057
0.990847 -16.2553  0.92149
 0.99128 -16.2417 0.921924
0.991714 -16.2281 0.921924
0.992147 -16.2146 0.922357
0.992581 -16.2011 0.922791
0.993014 -16.1876 0.923224
0.993448 -16.1741 0.923658
0.993881 -16.1606 0.924091
0.994315 -16.1472 0.924091
0.994748 -16.1337 0.924525
0.995182 -16.1203 0.924958
0.995615 -16.1069 0.925392
0.996049 -16.0935 0.925825
0.996482 -16.0801 0.926259
0.996916 -16.0667 0.926692
0.997349 -16.0534 0.926692
0.997783   -16.04 0.927126
0.998216 -16.0267 0.927559
 0.99865 -16.0134 0.927993
0.999083 -16.0001 0.928426
0.999517 -15.9868  0.92886
 0.99995 -15.9736  0.92886
 1.00038 -15.9603 0.929293
 1.00082 -15.9471 0.929727
 1.00125 -15.9339  0.93016
 1.00168 -15.9207 0.930594
 1.00212 -15.9075 0.931027
 1.00255 -15.8943  0.93146
 1.00298 -15.8812  0.93146
 1.00342  -15.868 0.931894
 1.00385 -15.8549 0.932327
 1.00428 -15.8418 0.932761
 1.00472 -15.8287 0.933194
 1.00515 -15.8156 0.933628
 1.00559 -15.8025 0.934061
 1.00602 -15.7895 0.934061
 1.00645 -15.7764 0.934495
 1.00689 -15.7634 0.934928
 1.00732 -15.7504 0.935362
 1.00775 -15.7374 0.935795
 1.00819 -15.7244 0.936229
 1.00862 -15.7114 0.936229
 1.00905 -15.6985 0.936662
 1.00949 -15.6855 0.937096
 1.00992 -15.6726 0.937529
 1.01035 -15.6597 0.937963
 1.01079 -15.6468 0.938396
 1.01122 -15.6339  0.93883
 1.01165 -15.6211  0.93883
 1.01209 -15.6082 0.939263
 1.01252 -15.5954 0.939697
 1.01295 -15.5826  0.94013
 1.01339 -15.5698 0.940564
 1.01382  -15.557 0.940997
 1.01425 -15.5442  0.94143
 1.01469 -15.5314  0.94143
 1.01512 -15.5187 0.941864
 1.01556 -15.5059 0.942297
 1.01599 -15.4932 0.942731
 1.01642 -15.4805 0.943164
 1.01686 -15.4678 0.943598
 1.01729 -15.4551 0.943598
 1.01772 -15.4425 0.944031
 1.01816 -15.4298 0.944465
 1.01859 -15.4172 0.944898
 1.01902 -15.4046 0.945332
 1.01946  -15.392 0.945765
 1.01989 -15.3794 0.946199
 1.02032 -15.3668 0.946199
 1.02076 -15.3542 0.946632
 1.02119 -15.3417 0.947066
 1.02162 -15.3291 0.947499
 1.02206 -15.3166 0.947933
 1.02249 -15.3041 0.948366
 1.02292 -15.2916   0.9488
 1.02336 -15.2791   0.9488
 1.02379 -15.2666 0.949233
 1.02422 -15.2542 0.949667
 1.02466 -15.2417   0.9501
 1.02509 -15.2293 0.950534
 1.02553 -15.2169 0.950967
 1.02596 -15.2045 0.950967
 1.02639 -15.1921   0.9514
 1.02683 -15.1797 0.951834
 1.02726 -15.1674 0.952267
 1.02769  -15.155 0.952701
 1.02813 -15.1427 0.953134
 1.02856 -15.1304 0.953568
 1.02899 -15.1181 0.953568
 1.02943 -15.1058 0.954001
 1.02986 -15.0935 0.954435
 1.03029 -15.0813 0.954868
 1.03073  -15.069 0.955302
 1.03116 -15.0568 0.955735
 1.03159 -15.0446 0.956169
 1.03203 -15.0323 0.956169
 1.03246 -15.0201 0.956602
 1.03289  -15.008 0.957036
 1.03333 -14.9958 0.957469
 1.03376 -14.9836 0.957903
 1.03419 -14.9715 0.958336
 1.03463 -14.9594 0.958336
 1.03506 -14.9473  0.95877
  1.0355 -14.9352 0.959203
 1.03593 -14.9231 0.959637
 1.03636  -14.911  0.96007
  1.0368 -14.8989 0.960504
 1.03723 -14.8869 0.960937
 1.03766 -14.8748 0.960937
  1.0381 -14.8628  0.96137
 1.03853 -14.8508 0.961804
 1.03896 -14.8388 0.962237
  1.0394 -14.8268 0.962671
 1.03983 -14.8149 0.963104
 1.04026 -14.8029 0.963104
  1.0407  -14.791 0.963538
 1.04113  -14.779 0.963971
 1.04156 -14.7671 0.964405
   1.042 -14.7552 0.964838
 1.04243 -14.7433 0.965272
 1.04286 -14.7315 0.965705
  1.0433 -14.7196 0.965705
 1.04373 -14.7077 0.966139
 1.04416 -14.6959 0.966572
  1.0446 -14.6841 0.967006
 1.04503 -14.6723 0.967439
 1.04547 -14.6605 0.967873
  1.0459 -14.6487 0.967873
 1.04633 -14.6369 0.968306
 1.04677 -14.6251  0.96874
  1.0472 -14.6134 0.969173
 1.04763 -14.6017 0.969607
 1.04807 -14.5899  0.97004
  1.0485 -14.5782 0.970473
 1.04893 -14.5665 0.970473
 1.04937 -14.5548 0.970907
  1.0498 -14.5432  0.97134
 1.05023 -14.5315 0.971774
 1.05067 -14.5199 0.972207
  1.0511 -14.5082 0.972641
 1.05153 -14.4966 0.973074
 1.05197  -14.485 0.973074
  1.0524 -14.4734 0.973508
 1.05283 -14.4618 0.973941
 1.05327 -14.4503 0.974375
  1.0537 -14.4387 0.974808
 1.05413 -14.4272 0.975242
 1.05457 -14.4156 0.975242
   1.055 -14.4041 0.975675
 1.05544 -14.3926 0.976109
 1.05587 -14.3811 0.976542
  1.0563 -14.3696 0.976976
 1.05674 -14.3581 0.977409
 1.05717 -14.3467 0.977843
  1.0576 -14.3352 0.977843
 1.05804 -14.3238 0.978276
 1.05847 -14.3124  0.97871
  1.0589  -14.301 0.979143
 1.05934 -14.2896 0.979577
 1.05977 -14.2782  0.98001
  1.0602 -14.2668 0.980443
 1.06064 -14.2555 0.980443
 1.06107 -14.2441 0.980877
  1.0615 -14.2328  0.98131
 1.06194 -14.2215 0.981744
 1.06237 -14.2102 0.982177
  1.0628 -14.1989 0.982611
 1.06324 -14.1876 0.982611
 1.06367 -14.1763 0.983044
  1.0641 -14.1651 0.983478
 1.06454 -14.1538 0.983911
 1.06497 -14.1426 0.984345
 1.06541 -14.1313 0.984778
 1.06584 -14.1201 0.985212
 1.06627 -14.1089 0.985212
 1.06671 -14.0977 0.985645
 1.06714 -14.0866 0.986079
 1.06757 -14.0754 0.986512
 1.06801 -14.0642 0.986946
 1.06844 -14.0531 0.987379
 1.06887  -14.042 0.987379
 1.06931 -14.0309 0.987813
 1.06974 -14.0198 0.988246
 1.07017 -14.0087  0.98868
 1.07061 -13.9976 0.989113
 1.07104 -13.9865 0.989547
 1.07147 -13.9755  0.98998
 1.07191 -13.9644  0.98998
 1.07234 -13.9534 0.990413
 1.07277 -13.9424 0.990847
 1.07321 -13.9314  0.99128
 1.07364 -13.9204 0.991714
 1.07407 -13.9094 0.992147
 1.07451 -13.8984 0.992147
 1.07494 -13.8874 0.992581
 1.07538 -13.8765 0.993014
 1.07581 -13.8656 0.993448
 1.07624 -13.8546 0.993881
 1.07668 -13.8437 0.994315
 1.07711 -13.8328 0.994748
 1.07754 -13.8219 0.994748
 1.07798  -13.811 0.995182
 1.07841 -13.8002 0.995615
 1.07884 -13.7893 0.996049
 1.07928 -13.7785 0.996482
 1.07971 -13.7676 0.996916
 1.08014 -13.7568 0.997349
 1.08058  -13.746 0.997349
 1.08101 -13.7352 0.997783
 1.08144 -13.7244 0.998216
 1.08188 -13.7136  0.99865
 1.08231 -13.7029 0.999083
 1.08274 -13.6921 0.999517
 1.08318 -13.6814 0.999517
 1.08361 -13.6706  0.99995
 1.08404 -13.6599  1.00038
 1.08448 -13.6492  1.00082
 1.08491 -13.6385  1.00125
 1.08535 -13.6278  1.00168
 1.08578 -13.6172  1.00212
 1.08621 -13.6065  1.00212
 1.08665 -13.5959  1.00255
 1.08708 -13.5852  1.00298
 1.08751 -13.5746  1.00342
 1.08795  -13.564  1.00385
 1.08838 -13.5534  1.00428
 1.08881 -13.5428  1.00428
 1.08925 -13.5322  1.00472
 1.08968 -13.5216  1.00515
 1.09011 -13.5111  1.00559
 1.09055 -13.5005  1.00602
 1.09098   -13.49  1.00645
 1.09141 -13.4794  1.00689
 1.09185 -13.4689  1.00689
 1.09228 -13.4584  1.00732
 1.09271 -13.4479  1.00775
 1.09315 -13.4374  1.00819
 1.09358  -13.427  1.00862
 1.09401 -13.4165  1.00905
 1.09445 -13.4061  1.00905
 1.09488 -13.3956  1.00949
 1.09532 -13.3852  1.00992
 1.09575 -13.3748  1.01035
 1.09618 -13.3644  1.01079
 1.09662  -13.354  1.01122
 1.09705 -13.3436  1.01165
 1.09748 -13.3332  1.01165
 1.09792 -13.3229  1.01209
 1.09835 -13.3125  1.01252
 1.09878 -13.3022  1.01295
 1.09922 -13.2918  1.01339
 1.09965 -13.2815  1.01382
 1.10008 -13.2712  1.01425
 1.10052 -13.2609  1.01425
 1.10095 -13.2506  1.01469
 1.10138 -13.2404  1.01512
 1.10182 -13.2301  1.01556
 1.10225 -13.2199  1.01599
 1.10268 -13.2096  1.01642
 1.10312 -13.1994  1.01642
 1.10355 -13.1892  1.01686
 1.10398  -13.179  1.01729
 1.10442 -13.1688  1.01772
 1.10485 -13.1586  1.01816
 1.10529 -13.1484  1.01859
 1.10572 -13.1382  1.01902
 1.10615 -13.1281  1.01902
 1.10659 -13.1179  1.01946
 1.10702 -13.1078  1.01989
 1.10745 -13.0977  1.02032
 1.10789 -13.0875  1.02076
 1.10832 -13.0774  1.02119
 1.10875 -13.0673  1.02119
 1.10919 -13.0573  1.02162
 1.10962 -13.0472  1.02206
 1.11005 -13.0371  1.02249
 1.11049 -13.0271  1.02292
 1.11092  -13.017  1.02336
 1.11135  -13.007  1.02379
 1.11179  -12.997  1.02379
 1.11222  -12.987  1.02422
 1.11265  -12.977  1.02466
 1.11309  -12.967  1.02509
 1.11352  -12.957  1.02553
 1.11395 -12.9471  1.02596
 1.11439 -12.9371  1.02596
 1.11482 -12.9272  1.02639
 1.11526 -12.9172  1.02683
 1.11569 -12.9073  1.02726
 1.11612 -12.8974  1.02769
 1.11656 -12.8875  1.02813
 1.11699 -12.8776  1.02856
 1.11742 -12.8677  1.02856
 1.11786 -12.8578  1.02899
 1.11829  -12.848  1.02943
 1.11872 -12.8381  1.02986
 1.11916 -12.8283  1.03029
 1.11959 -12.8184  1.03073
 1.12002 -12.8086  1.03073
 1.12046 -12.7988  1.03116
 1.12089  -12.789  1.03159
 1.12132 -12.7792  1.03203
 1.12176 -12.7694  1.03246
 1.12219 -12.7596  1.03289
 1.12262 -12.7499  1.03333
 1.12306 -12.7401  1.03333
 1.12349 -12.7304  1.03376
 1.12392 -12.7207  1.03419
 1.12436 -12.7109  1.03463
 1.12479 -12.7012  1.03506
 1.12523 -12.6915   1.0355
 1.12566 -12.6818   1.0355
 1.12609 -12.6721  1.03593
 1.12653 -12.6625  1.03636
 1.12696 -12.6528   1.0368
 1.12739 -12.6432  1.03723
 1.12783 -12.6335  1.03766
 1.12826 -12.6239   1.0381
 1.12869 -12.6143   1.0381
 1.12913 -12.6047  1.03853
 1.12956 -12.5951  1.03896
 1.12999 -12.5855   1.0394
 1.13043 -12.5759  1.03983
 1.13086 -12.5663  1.04026
 1.13129 -12.5568  1.04026
 1.13173 -12.5472   1.0407
 1.13216 -12.5377  1.04113
 1.13259 -12.5281  1.04156
 1.13303 -12.5186    1.042
 1.13346 -12.5091  1.04243
 1.13389 -12.4996  1.04286
 1.13433 -12.4901  1.04286
 1.13476 -12.4806   1.0433
  1.1352 -12.4711  1.04373
 1.13563 -12.4617  1.04416
 1.13606 -12.4522   1.0446
  1.1365 -12.4428  1.04503
 1.13693 -12.4333  1.04547
 1.13736 -12.4239  1.04547
  1.1378 -12.4145   1.0459
 1.13823 -12.4051  1.04633
 1.13866 -12.3957  1.04677
  1.1391 -12.3863   1.0472
 1.13953 -12.3769  1.04763
 1.13996 -12.3676  1.04763
  1.1404 -12.3582  1.04807
 1.14083 -12.3489   1.0485
 1.14126 -12.3395  1.04893
  1.1417 -12.3302  1.04937
 1.14213 -12.3209   1.0498
 1.14256 -12.3116  1.05023
   1.143 -12.3023  1.05023
 1.14343  -12.293  1.05067
 1.14386 -12.2837   1.0511
  1.1443 -12.2744  1.05153
 1.14473 -12.2651  1.05197
 1.14517 -12.2559   1.0524
  1.1456 -12.2467   1.0524
 1.14603 -12.2374  1.05283
 1.14647 -12.2282  1.05327
  1.1469  -12.219   1.0537
 1.14733 -12.2098  1.05413
 1.14777 -12.2006  1.05457
  1.1482 -12.1914    1.055
 1.14863 -12.1822    1.055
 1.14907  -12.173  1.05544
  1.1495 -12.1639  1.05587
 1.14993 -12.1547   1.0563
 1.15037 -12.1456  1.05674
  1.1508 -12.1365  1.05717
 1.15123 -12.1273  1.05717
 1.15167 -12.1182   1.0576
  1.1521 -12.1091  1.05804
 1.15253    -12.1  1.05847
 1.15297 -12.0909   1.0589
  1.1534 -12.0819  1.05934
 1.15383 -12.0728  1.05977
 1.15427 -12.0637  1.05977
  1.1547 -12.0547   1.0602
 1.15514 -12.0457  1.06064
 1.15557 -12.0366  1.06107
   1.156 -12.0276   1.0615
 1.15644 -12.0186  1.06194
 1.15687 -12.0096  1.06194
  1.1573 -12.0006  1.06237
 1.15774 -11.9916   1.0628
 1.15817 -11.9826  1.06324
  1.1586 -11.9737  1.06367
 1.15904 -11.9647   1.0641
 1.15947 -11.9558  1.06454
  1.1599 -11.9468  1.06454
 1.16034 -11.9379  1.06497
 1.16077  -11.929  1.06541
  1.1612 -11.9201  1.06584
 1.16164 -11.9112  1.06627
 1.16207 -11.9023  1.06671
  1.1625 -11.8934  1.06671
 1.16294 -11.8845  1.06714
 1.16337 -11.8756  1.06757
  1.1638 -11.8668  1.06801
 1.16424 -11.8579  1.06844
 1.16467 -11.8491  1.06887
 1.16511 -11.8403  1.06931
 1.16554 -11.8314  1.06931
 1.16597 -11.8226  1.06974
 1.16641 -11.8138  1.07017
 1.16684  -11.805  1.07061
 1.16727 -11.7962  1.07104
 1.16771 -11.7875  1.07147
 1.16814 -11.7787  1.07147
 1.16857 -11.7699  1.07191
 1.16901 -11.7612  1.07234
 1.16944 -11.7524  1.07277
 1.16987 -11.7437  1.07321
 1.17031  -11.735  1.07364
 1.17074 -11.7263  1.07407
 1.17117 -11.7176  1.07407
 1.17161 -11.7089  1.07451
 1.17204 -11.7002  1.07494
 1.17247 -11.6915  1.07538
 1.17291 -11.6828  1.07581
 1.17334 -11.6741  1.07624
 1.17377 -11.6655  1.07624
 1.17421 -11.6568  1.07668
 1.17464 -11.6482  1.07711
 1.17508 -11.6396  1.07754
 1.17551  -11.631  1.07798
 1.17594 -11.6223  1.07841
 1.17638 -11.6137  1.07884
 1.17681 -11.6051  1.07884
 1.17724 -11.5966  1.07928
 1.17768  -11.588  1.07971
 1.17811 -11.5794  1.08014
 1.17854 -11.5709  1.08058
 1.17898 -11.5623  1.08101
 1.17941 -11.5538  1.08101
 1.17984 -11.5452  1.08144
 1.18028 -11.5367  1.08188
 1.18071 -11.5282  1.08231
 1.18114 -11.5197  1.08274
 1.18158 -11.5112  1.08318
 1.18201 -11.5027  1.08361
 1.18244 -11.4942  1.08361
 1.18288 -11.4857  1.08404
 1.18331 -11.4772  1.08448
 1.18374 -11.4688  1.08491
 1.18418 -11.4603  1.08535
 1.18461 -11.4519  1.08578
 1.18505 -11.4435  1.08578
 1.18548  -11.435  1.08621
 1.18591 -11.4266  1.08665
 1.18635 -11.4182  1.08708
 1.18678 -11.4098  1.08751
 1.18721 -11.4014  1.08795
 1.18765  -11.393  1.08838
 1.18808 -11.3847  1.08838
 1.18851 -11.3763  1.08881
 1.18895 -11.3679  1.08925
 1.18938 -11.3596  1.08968
 1.18981 -11.3512  1.09011
 1.19025 -11.3429  1.09055
 1.19068 -11.3346  1.09055
 1.19111 -11.3263  1.09098
 1.19155  -11.318  1.09141
 1.19198 -11.3097  1.09185
 1.19241 -11.3014  1.09228
 1.19285 -11.2931  1.09271
 1.19328 -11.2848  1.09315
 1.19371 -11.2765  1.09315
 1.19415 -11.2683  1.09358
 1.19458   -11.26  1.09401
 1.19502 -11.2518  1.09445
 1.19545 -11.2435  1.09488
 1.19588 -11.2353  1.09532
 1.19632 -11.2271  1.09532
 1.19675 -11.2189  1.09575
 1.19718 -11.2107  1.09618
 1.19762 -11.2025  1.09662
 1.19805 -11.1943  1.09705
 1.19848 -11.1861  1.09748
 1.19892  -11.178  1.09792
 1.19935 -11.1698  1.09792
 1.19978 -11.1616  1.09835
 1.20022 -11.1535  1.09878
 1.20065 -11.1454  1.09922
 1.20108 -11.1372  1.09965
 1.20152 -11.1291  1.10008
 1.20195  -11.121  1.10008
 1.20238 -11.1129  1.10052
 1.20282 -11.1048  1.10095
 1.20325 -11.0967  1.10138
 1.20368 -11.0886  1.10182
 1.20412 -11.0805  1.10225
 1.20455 -11.0725  1.10268
 1.20498 -11.0644  1.10268
 1.20542 -11.0564  1.10312
 1.20585 -11.0483  1.10355
 1.20629 -11.0403  1.10398
 1.20672 -11.0323  1.10442
 1.20715 -11.0242  1.10485
 1.20759 -11.0162  1.10485
 1.20802 -11.0082  1.10529
 1.20845 -11.0002  1.10572
 1.20889 -10.9922  1.10615
 1.20932 -10.9843  1.10659
 1.20975 -10.9763  1.10702
 1.21019 -10.9683  1.10745
 1.21062 -10.9604  1.10745
 1.21105 -10.9524  1.10789
 1.21149 -10.9445  1.10832
 1.21192 -10.9365  1.10875
 1.21235 -10.9286  1.10919
 1.21279 -10.9207  1.10962
 1.21322 -10.9128  1.10962
 1.21365 -10.9049  1.11005
 1.21409  -10.897  1.11049
 1.21452 -10.8891  1.11092
 1.21495 -10.8812  1.11135
 1.21539 -10.8734  1.11179
 1.21582 -10.8655  1.11222
 1.21626 -10.8576  1.11222
 1.21669 -10.8498  1.11265
 1.21712 -10.8419  1.11309
 1.21756 -10.8341  1.11352
 1.21799 -10.8263  1.11395
 1.21842 -10.8185  1.11439
 1.21886 -10.8107  1.11439
 1.21929 -10.8029  1.11482
 1.21972 -10.7951  1.11526
 1.22016 -10.7873  1.11569
 1.22059 -10.7795  1.11612
 1.22102 -10.7717  1.11656
 1.22146  -10.764  1.11656
 1.22189 -10.7562  1.11699
 1.22232 -10.7484  1.11742
 1.22276 -10.7407  1.11786
 1.22319  -10.733  1.11829
 1.22362 -10.7252  1.11872
 1.22406 -10.7175  1.11916
 1.22449 -10.7098  1.11916
 1.22492 -10.7021  1.11959
 1.22536 -10.6944  1.12002
 1.22579 -10.6867  1.12046
 1.22623  -10.679  1.12089
 1.22666 -10.6714  1.12132
 1.22709 -10.6637  1.12132
 1.22753  -10.656  1.12176
 1.22796 -10.6484  1.12219
 1.22839 -10.6407  1.12262
 1.22883 -10.6331  1.12306
 1.22926 -10.6255  1.12349
 1.22969 -10.6179  1.12392
 1.23013 -10.6102  1.12392
 1.23056 -10.6026  1.12436
 1.23099  -10.595  1.12479
 1.23143 -10.5874  1.12523
 1.23186 -10.5798  1.12566
 1.23229 -10.5723  1.12609
 1.23273 -10.5647  1.12609
 1.23316 -10.5571  1.12653
 1.23359 -10.5496  1.12696
 1.23403  -10.542  1.12739
 1.23446 -10.5345  1.12783
 1.23489 -10.5269  1.12826
 1.23533 -10.5194  1.12869
 1.23576 -10.5119  1.12869
  1.2362 -10.5044  1.12913
 1.23663 -10.4969  1.12956
 1.23706 -10.4894  1.12999
  1.2375 -10.4819  1.13043
 1.23793 -10.4744  1.13086
 1.23836 -10.4669  1.13086
  1.2388 -10.4595  1.13129
 1.23923  -10.452  1.13173
 1.23966 -10.4445  1.13216
  1.2401 -10.4371  1.13259
 1.24053 -10.4296  1.13303
 1.24096 -10.4222  1.13346
  1.2414 -10.4148  1.13346
 1.24183 -10.4074  1.13389
 1.24226 -10.3999  1.13433
  1.2427 -10.3925  1.13476
 1.24313 -10.3851   1.1352
 1.24356 -10.3778  1.13563
   1.244 -10.3704  1.13563
 1.24443  -10.363  1.13606
 1.24486 -10.3556   1.1365
  1.2453 -10.3483  1.13693
 1.24573 -10.3409  1.13736
 1.24617 -10.3336   1.1378
  1.2466 -10.3262   1.1378
 1.24703 -10.3189  1.13823
 1.24747 -10.3115  1.13866
  1.2479 -10.3042   1.1391
 1.24833 -10.2969  1.13953
 1.24877 -10.2896  1.13996
  1.2492 -10.2823   1.1404
 1.24963  -10.275   1.1404
 1.25007 -10.2677  1.14083
  1.2505 -10.2604  1.14126
 1.25093 -10.2532   1.1417
 1.25137 -10.2459  1.14213
  1.2518 -10.2386  1.14256
 1.25223 -10.2314  1.14256
 1.25267 -10.2242    1.143
  1.2531 -10.2169  1.14343
 1.25353 -10.2097  1.14386
 1.25397 -10.2025   1.1443
  1.2544 -10.1952  1.14473
 1.25483  -10.188  1.14517
 1.25527 -10.1808  1.14517
  1.2557 -10.1736   1.1456
 1.25614 -10.1664  1.14603
 1.25657 -10.1593  1.14647
   1.257 -10.1521   1.1469
 1.25744 -10.1449  1.14733
 1.25787 -10.1378  1.14733
  1.2583 -10.1306  1.14777
 1.25874 -10.1234   1.1482
 1.25917 -10.1163  1.14863
  1.2596 -10.1092  1.14907
 1.26004  -10.102   1.1495
 1.26047 -10.0949  1.14993
  1.2609 -10.0878  1.14993
 1.26134 -10.0807  1.15037
 1.26177 -10.0736   1.1508
  1.2622 -10.0665  1.15123
 1.26264 -10.0594  1.15167
 1.26307 -10.0523   1.1521
  1.2635 -10.0453   1.1521
 1.26394 -10.0382  1.15253
 1.26437 -10.0311  1.15297
  1.2648 -10.0241   1.1534
 1.26524  -10.017  1.15383
 1.26567   -10.01  1.15427
 1.26611  -10.003   1.1547
 1.26654 -9.99592   1.1547
 1.26697  -9.9889  1.15514
 1.26741 -9.98189  1.15557
 1.26784 -9.97488    1.156
 1.26827 -9.96788  1.15644
 1.26871 -9.96089  1.15687
 1.26914  -9.9539  1.15687
 1.26957 -9.94691   1.1573
 1.27001 -9.93994  1.15774
 1.27044 -9.93297  1.15817
 1.27087 -9.92601   1.1586
 1.27131 -9.91906  1.15904
 1.27174 -9.91211  1.15904
 1.27217 -9.90516  1.15947
 1.27261 -9.89823   1.1599
 1.27304  -9.8913  1.16034
 1.27347 -9.88438  1.16077
 1.27391 -9.87746   1.1612
 1.27434 -9.87055  1.16164
 1.27477 -9.86365  1.16164
 1.27521 -9.85675  1.16207
 1.27564 -9.84986   1.1625
 1.27608 -9.84298  1.16294
 1.27651  -9.8361  1.16337
 1.27694 -9.82923   1.1638
 1.27738 -9.82237   1.1638
 1.27781 -9.81551  1.16424
 1.27824 -9.80866  1.16467
 1.27868 -9.80181  1.16511
 1.27911 -9.79497  1.16554
 1.27954 -9.78814  1.16597
 1.27998 -9.78132  1.16641
 1.28041  -9.7745  1.16641
 1.28084 -9.76769  1.16684
 1.28128 -9.76088  1.16727
 1.28171 -9.75408  1.16771
 1.28214 -9.74729  1.16814
 1.28258  -9.7405  1.16857
 1.28301 -9.73372  1.16857
 1.28344 -9.72694  1.16901
 1.28388 -9.72018  1.16944
 1.28431 -9.71341  1.16987
 1.28474 -9.70666  1.17031
 1.28518 -9.69991  1.17074
 1.28561 -9.69317  1.17117
 1.28605 -9.68643  1.17117
 1.28648  -9.6797  1.17161
 1.28691 -9.67297  1.17204
 1.28735 -9.66626  1.17247
 1.28778 -9.65955  1.17291
 1.28821 -9.65284  1.17334
 1.28865 -9.64614  1.17334
 1.28908 -9.63945  1.17377
 1.28951 -9.63276  1.17421
 1.28995 -9.62608  1.17464
 1.29038 -9.61941  1.17508
 1.29081 -9.61274  1.17551
 1.29125 -9.60608  1.17551
 1.29168 -9.59942  1.17594
 1.29211 -9.59277  1.17638
 1.29255 -9.58613  1.17681
 1.29298 -9.57949  1.17724
 1.29341 -9.57286  1.17768
 1.29385 -9.56624  1.17811
 1.29428 -9.55962  1.17811
 1.29471 -9.55301  1.17854
 1.29515  -9.5464  1.17898
 1.29558  -9.5398  1.17941
 1.29602 -9.53321  1.17984
 1.29645 -9.52662  1.18028
 1.29688 -9.52004  1.18028
 1.29732 -9.51347  1.18071
 1.29775  -9.5069  1.18114
 1.29818 -9.50033  1.18158
 1.29862 -9.49378  1.18201
 1.29905 -9.48723  1.18244
 1.29948 -9.48068  1.18288
 1.29992 -9.47414  1.18288
 1.30035 -9.46761  1.18331
 1.30078 -9.46108  1.18374
 1.30122 -9.45456  1.18418
 1.30165 -9.44805  1.18461
 1.30208 -9.44154  1.18505
 1.30252 -9.43504  1.18505
 1.30295 -9.42854  1.18548
 1.30338 -9.42205  1.18591
 1.30382 -9.41556  1.18635
 1.30425 -9.40908  1.18678
 1.30468 -9.40261  1.18721
 1.30512 -9.39615  1.18721
 1.30555 -9.38969  1.18765
 1.30599 -9.38323  1.18808
 1.30642 -9.37678  1.18851
 1.30685 -9.37034  1.18895
 1.30729  -9.3639  1.18938
 1.30772 -9.35747  1.18981
 1.30815 -9.35105  1.18981
 1.30859 -9.34463  1.19025
 1.30902 -9.33821  1.19068
 1.30945 -9.33181  1.19111
 1.30989 -9.32541  1.19155
 1.31032 -9.31901  1.19198
 1.31075 -9.31262  1.19198
 1.31119 -9.30624  1.19241
 1.31162 -9.29986  1.19285
 1.31205 -9.29349  1.19328
 1.31249 -9.28712  1.19371
 1.31292 -9.28076  1.19415
 1.31335 -9.27441  1.19458
 1.31379 -9.26806  1.19458
 1.31422 -9.26172  1.19502
 1.31465 -9.25538  1.19545
 1.31509 -9.24905  1.19588
 1.31552 -9.24272  1.19632
 1.31596 -9.23641  1.19675
 1.31639 -9.23009  1.19675
 1.31682 -9.22378  1.19718
 1.31726 -9.21748  1.19762
 1.31769 -9.21118  1.19805
 1.31812 -9.20489  1.19848
 1.31856 -9.19861  1.19892
 1.31899 -9.19233  1.19892
 1.31942 -9.18606  1.19935
 1.31986 -9.17979  1.19978
 1.32029 -9.17353  1.20022
 1.32072 -9.16727  1.20065
 1.32116 -9.16102  1.20108
 1.32159 -9.15478  1.20152
 1.32202 -9.14854  1.20152
 1.32246 -9.14231  1.20195
 1.32289 -9.13608  1.20238
 1.32332 -9.12986  1.20282
 1.32376 -9.12364  1.20325
 1.32419 -9.11743  1.20368
 1.32462 -9.11123  1.20368
 1.32506 -9.10503  1.20412
 1.32549 -9.09883  1.20455
 1.32593 -9.09265  1.20498
 1.32636 -9.08647  1.20542
 1.32679 -9.08029  1.20585
 1.32723 -9.07412  1.20585
 1.32766 -9.06795  1.20629
 1.32809 -9.06179  1.20672
 1.32853 -9.05564  1.20715
 1.32896 -9.04949  1.20759
 1.32939 -9.04335  1.20802
 1.32983 -9.03721  1.20845
 1.33026 -9.03108  1.20845
 1.33069 -9.02496  1.20889
 1.33113 -9.01883  1.20932
 1.33156 -9.01272  1.20975
 1.33199 -9.00661  1.21019
 1.33243 -9.00051  1.21062
 1.33286 -8.99441  1.21062
 1.33329 -8.98832  1.21105
 1.33373 -8.98223  1.21149
 1.33416 -8.97615  1.21192
 1.33459 -8.97007  1.21235
 1.33503   -8.964  1.21279
 1.33546 -8.95794  1.21322
  1.3359 -8.95188  1.21322
 1.33633 -8.94582  1.21365
 1.33676 -8.93978  1.21409
  1.3372 -8.93373  1.21452
 1.33763  -8.9277  1.21495
 1.33806 -8.92166  1.21539
  1.3385 -8.91564  1.21539
 1.33893 -8.90962  1.21582
 1.33936  -8.9036  1.21626
  1.3398 -8.89759  1.21669
 1.34023 -8.89159  1.21712
 1.34066 -8.88559  1.21756
  1.3411  -8.8796  1.21799
 1.34153 -8.87361  1.21799
 1.34196 -8.86762  1.21842
  1.3424 -8.86164  1.21886
 1.34283 -8.85567  1.21929
 1.34326 -8.84971  1.21972
  1.3437 -8.84375  1.22016
 1.34413 -8.83779  1.22016
 1.34456 -8.83184  1.22059
   1.345 -8.82589  1.22102
 1.34543 -8.81995  1.22146
 1.34587 -8.81402  1.22189
  1.3463 -8.80809  1.22232
 1.34673 -8.80217  1.22232
 1.34717 -8.79625  1.22276
  1.3476 -8.79033  1.22319
 1.34803 -8.78443  1.22362
 1.34847 -8.77853  1.22406
  1.3489 -8.77263  1.22449
 1.34933 -8.76674  1.22492
 1.34977 -8.76085  1.22492
  1.3502 -8.75497  1.22536
 1.35063 -8.74909  1.22579
 1.35107 -8.74322  1.22623
  1.3515 -8.73736  1.22666
 1.35193  -8.7315  1.22709
 1.35237 -8.72564  1.22709
  1.3528 -8.71979  1.22753
 1.35323 -8.71395  1.22796
 1.35367 -8.70811  1.22839
  1.3541 -8.70228  1.22883
 1.35453 -8.69645  1.22926
 1.35497 -8.69063  1.22926
  1.3554 -8.68481  1.22969
 1.35584 -8.67899  1.23013
 1.35627 -8.67318  1.23056
  1.3567 -8.66738  1.23099
 1.35714 -8.66159  1.23143
 1.35757  -8.6558  1.23186
   1.358 -8.65001  1.23186
 1.35844 -8.64423  1.23229
 1.35887 -8.63845  1.23273
  1.3593 -8.63268  1.23316
 1.35974 -8.62691  1.23359
 1.36017 -8.62115  1.23403
  1.3606  -8.6154  1.23403
 1.36104 -8.60964  1.23446
 1.36147  -8.6039  1.23489
  1.3619 -8.59816  1.23533
 1.36234 -8.59242  1.23576
 1.36277 -8.58669   1.2362
  1.3632 -8.58097  1.23663
 1.36364 -8.57525  1.23663
 1.36407 -8.56953  1.23706
  1.3645 -8.56382   1.2375
 1.36494 -8.55812  1.23793
 1.36537 -8.55242  1.23836
 1.36581 -8.54673   1.2388
 1.36624 -8.54104   1.2388
 1.36667 -8.53535  1.23923
 1.36711 -8.52967  1.23966
 1.36754   -8.524   1.2401
 1.36797 -8.51833  1.24053
 1.36841 -8.51267  1.24096
 1.36884 -8.50701  1.24096
 1.36927 -8.50135   1.2414
 1.36971  -8.4957  1.24183
 1.37014 -8.49006  1.24226
 1.37057 -8.48442   1.2427
 1.37101 -8.47879  1.24313
 1.37144 -8.47316  1.24356
 1.37187 -8.46754  1.24356
 1.37231 -8.46192    1.244
 1.37274  -8.4563  1.24443
 1.37317  -8.4507  1.24486
 1.37361 -8.44509   1.2453
 1.37404 -8.43949  1.24573
 1.37447  -8.4339  1.24573
 1.37491 -8.42831  1.24617
 1.37534 -8.42273   1.2466
 1.37578 -8.41715  1.24703
 1.37621 -8.41157  1.24747
 1.37664 -8.40601   1.2479
 1.37708 -8.40044   1.2479
 1.37751 -8.39488  1.24833
 1.37794 -8.38933  1.24877
 1.37838 -8.38378   1.2492
 1.37881 -8.37823  1.24963
 1.37924 -8.37269  1.25007
 1.37968 -8.36716   1.2505
 1.38011 -8.36163   1.2505
 1.38054 -8.35611  1.25093
 1.38098 -8.35058  1.25137
 1.38141 -8.34507   1.2518
 1.38184 -8.33956  1.25223
 1.38228 -8.33406  1.25267
 1.38271 -8.32856  1.25267
 1.38314 -8.32306   1.2531
 1.38358 -8.31757  1.25353
 1.38401 -8.31208  1.25397
 1.38444  -8.3066   1.2544
 1.38488 -8.30113  1.25483
 1.38531 -8.29566  1.25483
 1.38575 -8.29019  1.25527
 1.38618 -8.28473   1.2557
 1.38661 -8.27927  1.25614
 1.38705 -8.27382  1.25657
 1.38748 -8.26837    1.257
 1.38791 -8.26293  1.25744
 1.38835 -8.25749  1.25744
 1.38878 -8.25206  1.25787
 1.38921 -8.24663   1.2583
 1.38965 -8.24121  1.25874
 1.39008 -8.23579  1.25917
 1.39051 -8.23038   1.2596
 1.39095 -8.22497   1.2596
 1.39138 -8.21956  1.26004
 1.39181 -8.21416  1.26047
 1.39225 -8.20877   1.2609
 1.39268 -8.20338  1.26134
 1.39311 -8.19799  1.26177
 1.39355 -8.19261   1.2622
 1.39398 -8.18724   1.2622
 1.39441 -8.18187  1.26264
 1.39485  -8.1765  1.26307
 1.39528 -8.17114   1.2635
 1.39572 -8.16578  1.26394
 1.39615 -8.16043  1.26437
 1.39658 -8.15508  1.26437
 1.39702 -8.14974   1.2648
 1.39745  -8.1444  1.26524
 1.39788 -8.13907  1.26567
 1.39832 -8.13374  1.26611
 1.39875 -8.12842  1.26654
 1.39918  -8.1231  1.26654
 1.39962 -8.11778  1.26697
 1.40005 -8.11247  1.26741
 1.40048 -8.10716  1.26784
 1.40092 -8.10186  1.26827
 1.40135 -8.09657  1.26871
 1.40178 -8.09128  1.26914
 1.40222 -8.08599  1.26914
 1.40265 -8.08071  1.26957
 1.40308 -8.07543  1.27001
 1.40352 -8.07016  1.27044
 1.40395 -8.06489  1.27087
 1.40438 -8.05963  1.27131
 1.40482 -8.05437  1.27131
 1.40525 -8.04911  1.27174
 1.40569 -8.04386  1.27217
 1.40612 -8.03862  1.27261
 1.40655 -8.03338  1.27304
 1.40699 -8.02814  1.27347
 1.40742 -8.02291  1.27347
 1.40785 -8.01768  1.27391
 1.40829 -8.01246  1.27434
 1.40872 -8.00724  1.27477
 1.40915 -8.00203  1.27521
 1.40959 -7.99682  1.27564
 1.41002 -7.99161  1.27608
 1.41045 -7.98641  1.27608
 1.41089 -7.98122  1.27651
 1.41132 -7.97603  1.27694
 1.41175 -7.97084  1.27738
 1.41219 -7.96566  1.27781
 1.41262 -7.96048  1.27824
 1.41305 -7.95531  1.27824
 1.41349 -7.95014  1.27868
 1.41392 -7.94498  1.27911
 1.41435 -7.93982  1.27954
 1.41479 -7.93466  1.27998
 1.41522 -7.92951  1.28041
 1.41566 -7.92437  1.28041
 1.41609 -7.91923  1.28084
 1.41652 -7.91409  1.28128
 1.41696 -7.90896  1.28171
 1.41739 -7.90383  1.28214
 1.41782  -7.8987  1.28258
 1.41826 -7.89359  1.28301
 1.41869 -7.88847  1.28301
 1.41912 -7.88336  1.28344
 1.41956 -7.87825  1.28388
 1.41999 -7.87315  1.28431
 1.42042 -7.86806  1.28474
 1.42086 -7.86296  1.28518
 1.42129 -7.85788  1.28518
 1.42172 -7.85279  1.28561
 1.42216 -7.84771  1.28605
 1.42259 -7.84264  1.28648
 1.42302 -7.83757  1.28691
 1.42346  -7.8325  1.28735
 1.42389 -7.82744  1.28735
 1.42432 -7.82238  1.28778
 1.42476 -7.81733  1.28821
 1.42519 -7.81228  1.28865
 1.42563 -7.80723  1.28908
 1.42606  -7.8022  1.28951
 1.42649 -7.79716  1.28995
 1.42693 -7.79213  1.28995
 1.42736  -7.7871  1.29038
 1.42779 -7.78208  1.29081
 1.42823 -7.77706  1.29125
 1.42866 -7.77205  1.29168
 1.42909 -7.76704  1.29211
 1.42953 -7.76203  1.29211
 1.42996 -7.75703  1.29255
 1.43039 -7.75203  1.29298
 1.43083 -7.74704  1.29341
 1.43126 -7.74205  1.29385
 1.43169 -7.73707  1.29428
 1.43213 -7.73209  1.29428
 1.43256 -7.72712  1.29471
 1.43299 -7.72214  1.29515
 1.43343 -7.71718  1.29558
 1.43386 -7.71221  1.29602
 1.43429 -7.70726  1.29645
 1.43473  -7.7023  1.29688
 1.43516 -7.69735  1.29688
  1.4356 -7.69241  1.29732
 1.43603 -7.68747  1.29775
 1.43646 -7.68253  1.29818
  1.4369  -7.6776  1.29862
 1.43733 -7.67267  1.29905
 1.43776 -7.66775  1.29905
  1.4382 -7.66282  1.29948
 1.43863 -7.65791  1.29992
 1.43906   -7.653  1.30035
  1.4395 -7.64809  1.30078
 1.43993 -7.64319  1.30122
 1.44036 -7.63829  1.30122
  1.4408 -7.63339  1.30165
 1.44123  -7.6285  1.30208
 1.44166 -7.62362  1.30252
  1.4421 -7.61873  1.30295
 1.44253 -7.61386  1.30338
 1.44296 -7.60898  1.30382
  1.4434 -7.60411  1.30382
 1.44383 -7.59925  1.30425
 1.44426 -7.59439  1.30468
  1.4447 -7.58953  1.30512
 1.44513 -7.58468  1.30555
 1.44557 -7.57983  1.30599
   1.446 -7.57498  1.30599
 1.44643 -7.57014  1.30642
 1.44687 -7.56531  1.30685
  1.4473 -7.56047  1.30729
 1.44773 -7.55565  1.30772
 1.44817 -7.55082  1.30815
  1.4486   -7.546  1.30815
 1.44903 -7.54119  1.30859
 1.44947 -7.53637  1.30902
  1.4499 -7.53157  1.30945
 1.45033 -7.52676  1.30989
 1.45077 -7.52196  1.31032
  1.4512 -7.51717  1.31075
 1.45163 -7.51238  1.31075
 1.45207 -7.50759  1.31119
  1.4525 -7.50281  1.31162
 1.45293 -7.49803  1.31205
 1.45337 -7.49325  1.31249
  1.4538 -7.48848  1.31292
 1.45423 -7.48372  1.31292
 1.45467 -7.47895  1.31335
  1.4551 -7.47419  1.31379
 1.45554 -7.46944  1.31422
 1.45597 -7.46469  1.31465
  1.4564 -7.45994  1.31509
 1.45684  -7.4552  1.31509
 1.45727 -7.45046  1.31552
  1.4577 -7.44573  1.31596
 1.45814   -7.441  1.31639
 1.45857 -7.43627  1.31682
   1.459 -7.43155  1.31726
 1.45944 -7.42683  1.31769
 1.45987 -7.42212  1.31769
  1.4603  -7.4174  1.31812
 1.46074  -7.4127  1.31856
 1.46117 -7.40799  1.31899
  1.4616  -7.4033  1.31942
 1.46204  -7.3986  1.31986
 1.46247 -7.39391  1.31986
  1.4629 -7.38923  1.32029
 1.46334 -7.38454  1.32072
 1.46377 -7.37986  1.32116
  1.4642 -7.37519  1.32159
 1.46464 -7.37052  1.32202
 1.46507 -7.36585  1.32202
 1.46551 -7.36119  1.32246
 1.46594 -7.35653  1.32289
 1.46637 -7.35188  1.32332
 1.46681 -7.34722  1.32376
 1.46724 -7.34258  1.32419
 1.46767 -7.33794  1.32462
 1.46811  -7.3333  1.32462
 1.46854 -7.32866  1.32506
 1.46897 -7.32403  1.32549
 1.46941  -7.3194  1.32593
 1.46984 -7.31478  1.32636
 1.47027 -7.31016  1.32679
 1.47071 -7.30554  1.32679
 1.47114 -7.30093  1.32723
 1.47157 -7.29632  1.32766
 1.47201 -7.29172  1.32809
 1.47244 -7.28712  1.32853
 1.47287 -7.28252  1.32896
 1.47331 -7.27793  1.32896
 1.47374 -7.27334  1.32939
 1.47417 -7.26876  1.32983
 1.47461 -7.26418  1.33026
 1.47504  -7.2596  1.33069
 1.47548 -7.25502  1.33113
 1.47591 -7.25046  1.33156
 1.47634 -7.24589  1.33156
 1.47678 -7.24133  1.33199
 1.47721 -7.23677  1.33243
 1.47764 -7.23222  1.33286
 1.47808 -7.22767  1.33329
 1.47851 -7.22312  1.33373
 1.47894 -7.21858  1.33373
 1.47938 -7.21404  1.33416
 1.47981  -7.2095  1.33459
 1.48024 -7.20497  1.33503
 1.48068 -7.20045  1.33546
 1.48111 -7.19592   1.3359
 1.48154  -7.1914   1.3359
 1.48198 -7.18689  1.33633
 1.48241 -7.18237  1.33676
 1.48284 -7.17787   1.3372
 1.48328 -7.17336  1.33763
 1.48371 -7.16886  1.33806
 1.48414 -7.16437  1.33806
 1.48458 -7.15987   1.3385
 1.48501 -7.15538  1.33893
 1.48545  -7.1509  1.33936
 1.48588 -7.14641   1.3398
 1.48631 -7.14193  1.34023
 1.48675 -7.13746  1.34066
 1.48718 -7.13299  1.34066
 1.48761 -7.12852   1.3411
 1.48805 -7.12406  1.34153
 1.48848  -7.1196  1.34196
 1.48891 -7.11514   1.3424
 1.48935 -7.11069  1.34283
 1.48978 -7.10624  1.34283
 1.49021  -7.1018  1.34326
 1.49065 -7.09736   1.3437
 1.49108 -7.09292  1.34413
 1.49151 -7.08849  1.34456
 1.49195 -7.08406    1.345
 1.49238 -7.07963    1.345
 1.49281 -7.07521  1.34543
 1.49325 -7.07079  1.34587
 1.49368 -7.06637   1.3463
 1.49411 -7.06196  1.34673
 1.49455 -7.05756  1.34717
 1.49498 -7.05315   1.3476
 1.49542 -7.04875   1.3476
 1.49585 -7.04435  1.34803
 1.49628 -7.03996  1.34847
 1.49672 -7.03557   1.3489
 1.49715 -7.03119  1.34933
 1.49758 -7.02681  1.34977
 1.49802 -7.02243  1.34977
 1.49845 -7.01805   1.3502
 1.49888 -7.01368  1.35063
 1.49932 -7.00931  1.35107
 1.49975 -7.00495   1.3515
 1.50018 -7.00059  1.35193
 1.50062 -6.99623  1.35193
 1.50105 -6.99188  1.35237
 1.50148 -6.98753   1.3528
 1.50192 -6.98318  1.35323
 1.50235 -6.97884  1.35367
 1.50278  -6.9745   1.3541
 1.50322 -6.97017  1.35453
 1.50365 -6.96584  1.35453
 1.50408 -6.96151  1.35497
 1.50452 -6.95718   1.3554
 1.50495 -6.95286  1.35584
 1.50539 -6.94855  1.35627
 1.50582 -6.94423   1.3567
 1.50625 -6.93992   1.3567
 1.50669 -6.93562  1.35714
 1.50712 -6.93131  1.35757
 1.50755 -6.92701    1.358
 1.50799 -6.92272  1.35844
 1.50842 -6.91843  1.35887
 1.50885 -6.91414  1.35887
 1.50929 -6.90985   1.3593
 1.50972 -6.90557  1.35974
 1.51015 -6.90129  1.36017
 1.51059 -6.89702   1.3606
 1.51102 -6.89275  1.36104
 1.51145 -6.88848  1.36147
 1.51189 -6.88422  1.36147
 1.51232 -6.87996   1.3619
 1.51275  -6.8757  1.36234
 1.51319 -6.87144  1.36277
 1.51362  -6.8672   1.3632
 1.51405 -6.86295  1.36364
 1.51449 -6.85871  1.36364
 1.51492 -6.85447  1.36407
 1.51536 -6.85023   1.3645
 1.51579   -6.846  1.36494
 1.51622 -6.84177  1.36537
 1.51666 -6.83755  1.36581
 1.51709 -6.83332  1.36581
 1.51752  -6.8291  1.36624
 1.51796 -6.82489  1.36667
 1.51839 -6.82068  1.36711
 1.51882 -6.81647  1.36754
 1.51926 -6.81227  1.36797
 1.51969 -6.80807  1.36797
 1.52012 -6.80387  1.36841
 1.52056 -6.79967  1.36884
 1.52099 -6.79548  1.36927
 1.52142 -6.79129  1.36971
 1.52186 -6.78711  1.37014
 1.52229 -6.78293  1.37057
 1.52272 -6.77875  1.37057
 1.52316 -6.77458  1.37101
 1.52359 -6.77041  1.37144
 1.52402 -6.76624  1.37187
 1.52446 -6.76208  1.37231
 1.52489 -6.75792  1.37274
 1.52533 -6.75376  1.37274
 1.52576 -6.74961  1.37317
 1.52619 -6.74546  1.37361
 1.52663 -6.74131  1.37404
 1.52706 -6.73717  1.37447
 1.52749 -6.73303  1.37491
 1.52793  -6.7289  1.37491
 1.52836 -6.72476  1.37534
 1.52879 -6.72063  1.37578
 1.52923 -6.71651  1.37621
 1.52966 -6.71239  1.37664
 1.53009 -6.70827  1.37708
 1.53053 -6.70415  1.37751
 1.53096 -6.70004  1.37751
 1.53139 -6.69593  1.37794
 1.53183 -6.69182  1.37838
 1.53226 -6.68772  1.37881
 1.53269 -6.68362  1.37924
 1.53313 -6.67953  1.37968
 1.53356 -6.67544  1.37968
 1.53399 -6.67135  1.38011
 1.53443 -6.66726  1.38054
 1.53486 -6.66318  1.38098
  1.5353  -6.6591  1.38141
 1.53573 -6.65502  1.38184
 1.53616 -6.65095  1.38184
  1.5366 -6.64688  1.38228
 1.53703 -6.64282  1.38271
 1.53746 -6.63875  1.38314
  1.5379  -6.6347  1.38358
 1.53833 -6.63064  1.38401
 1.53876 -6.62659  1.38444
  1.5392 -6.62254  1.38444
 1.53963 -6.61849  1.38488
 1.54006 -6.61445  1.38531
  1.5405 -6.61041  1.38575
 1.54093 -6.60638  1.38618
 1.54136 -6.60234  1.38661
  1.5418 -6.59831  1.38661
 1.54223 -6.59429  1.38705
 1.54266 -6.59026  1.38748
  1.5431 -6.58624  1.38791
 1.54353 -6.58223  1.38835
 1.54396 -6.57822  1.38878
  1.5444 -6.57421  1.38878
 1.54483  -6.5702  1.38921
 1.54527  -6.5662  1.38965
  1.5457 -6.56219  1.39008
 1.54613  -6.5582  1.39051
 1.54657 -6.55421  1.39095
   1.547 -6.55022  1.39095
 1.54743 -6.54623  1.39138
 1.54787 -6.54224  1.39181
  1.5483 -6.53826  1.39225
 1.54873 -6.53429  1.39268
 1.54917 -6.53031  1.39311
  1.5496 -6.52634  1.39355
 1.55003 -6.52237  1.39355
 1.55047 -6.51841  1.39398
  1.5509 -6.51445  1.39441
 1.55133 -6.51049  1.39485
 1.55177 -6.50653  1.39528
  1.5522 -6.50258  1.39572
 1.55263 -6.49864  1.39572
 1.55307 -6.49469  1.39615
  1.5535 -6.49075  1.39658
 1.55393 -6.48681  1.39702
 1.55437 -6.48287  1.39745
  1.5548 -6.47894  1.39788
 1.55524 -6.47501  1.39788
 1.55567 -6.47108  1.39832
  1.5561 -6.46716  1.39875
 1.55654 -6.46324  1.39918
 1.55697 -6.45932  1.39962
  1.5574 -6.45541  1.40005
 1.55784  -6.4515  1.40048
 1.55827 -6.44759  1.40048
  1.5587 -6.44369  1.40092
 1.55914 -6.43979  1.40135
 1.55957 -6.43589  1.40178
    1.56   -6.432  1.40222
 1.56044 -6.42811  1.40265
 1.56087 -6.42422  1.40265
  1.5613 -6.42033  1.40308
 1.56174 -6.41645  1.40352
 1.56217 -6.41257  1.40395
  1.5626 -6.40869  1.40438
 1.56304 -6.40482  1.40482
 1.56347 -6.40095  1.40482
  1.5639 -6.39709  1.40525
 1.56434 -6.39322  1.40569
 1.56477 -6.38936  1.40612
 1.56521  -6.3855  1.40655
 1.56564 -6.38165  1.40699
 1.56607  -6.3778  1.40699
 1.56651 -6.37395  1.40742
 1.56694 -6.37011  1.40785
 1.56737 -6.36627  1.40829
 1.56781 -6.36243  1.40872
 1.56824 -6.35859  1.40915
 1.56867 -6.35476  1.40959
 1.56911 -6.35093  1.40959
 1.56954  -6.3471  1.41002
 1.56997 -6.34328  1.41045
 1.57041 -6.33946  1.41089
 1.57084 -6.33564  1.41132
 1.57127 -6.33183  1.41175
 1.57171 -6.32802  1.41175
 1.57214 -6.32421  1.41219
 1.57257  -6.3204  1.41262
 1.57301  -6.3166  1.41305
 1.57344  -6.3128  1.41349
 1.57387 -6.30901  1.41392
 1.57431 -6.30522  1.41392
 1.57474 -6.30143  1.41435
 1.57518 -6.29764  1.41479
 1.57561 -6.29386  1.41522
 1.57604 -6.29008  1.41566
 1.57648  -6.2863  1.41609
 1.57691 -6.28252  1.41609
 1.57734 -6.27875  1.41652
 1.57778 -6.27498  1.41696
 1.57821 -6.27122  1.41739
 1.57864 -6.26745  1.41782
 1.57908  -6.2637  1.41826
 1.57951 -6.25994  1.41869
 1.57994 -6.25619  1.41869
 1.58038 -6.25244  1.41912
 1.58081 -6.24869  1.41956
 1.58124 -6.24494  1.41999
 1.58168  -6.2412  1.42042
 1.58211 -6.23746  1.42086
 1.58254 -6.23373  1.42086
 1.58298 -6.22999  1.42129
 1.58341 -6.22627  1.42172
 1.58384 -6.22254  1.42216
 1.58428 -6.21881  1.42259
 1.58471 -6.21509  1.42302
 1.58515 -6.21138  1.42302
 1.58558 -6.20766  1.42346
 1.58601 -6.20395  1.42389
 1.58645 -6.20024  1.42432
 1.58688 -6.19654  1.42476
 1.58731 -6.19283  1.42519
 1.58775 -6.18913  1.42563
 1.58818 -6.18544  1.42563
 1.58861 -6.18174  1.42606
 1.58905 -6.17805  1.42649
 1.58948 -6.17436  1.42693
 1.58991 -6.17068  1.42736
 1.59035 -6.16699  1.42779
 1.59078 -6.16331  1.42779
 1.59121 -6.15964  1.42823
 1.59165 -6.15596  1.42866
 1.59208 -6.15229  1.42909
 1.59251 -6.14863  1.42953
 1.59295 -6.14496  1.42996
 1.59338  -6.1413  1.42996
 1.59381 -6.13764  1.43039
 1.59425 -6.13398  1.43083
 1.59468 -6.13033  1.43126
 1.59512 -6.12668  1.43169
 1.59555 -6.12303  1.43213
 1.59598 -6.11939  1.43213
 1.59642 -6.11575  1.43256
 1.59685 -6.11211  1.43299
 1.59728 -6.10847  1.43343
 1.59772 -6.10484  1.43386
 1.59815 -6.10121  1.43429
 1.59858 -6.09758  1.43429
 1.59902 -6.09396  1.43473
 1.59945 -6.09033  1.43516
 1.59988 -6.08671   1.4356
 1.60032  -6.0831  1.43603
 1.60075 -6.07949  1.43646
 1.60118 -6.07588   1.4369
 1.60162 -6.07227   1.4369
 1.60205 -6.06866  1.43733
 1.60248 -6.06506  1.43776
 1.60292 -6.06146   1.4382
 1.60335 -6.05787  1.43863
 1.60378 -6.05428  1.43906
 1.60422 -6.05069  1.43906
 1.60465  -6.0471   1.4395
 1.60509 -6.04351  1.43993
 1.60552 -6.03993  1.44036
 1.60595 -6.03635   1.4408
 1.60639 -6.03278  1.44123
 1.60682  -6.0292  1.44123
 1.60725 -6.02563  1.44166
 1.60769 -6.02206   1.4421
 1.60812  -6.0185  1.44253
 1.60855 -6.01494  1.44296
 1.60899 -6.01138   1.4434
 1.60942 -6.00782   1.4434
 1.60985 -6.00427  1.44383
 1.61029 -6.00072  1.44426
 1.61072 -5.99717   1.4447
 1.61115 -5.99362  1.44513
 1.61159 -5.99008  1.44557
 1.61202 -5.98654    1.446
 1.61245   -5.983    1.446
 1.61289 -5.97947  1.44643
 1.61332 -5.97594  1.44687
 1.61375 -5.97241   1.4473
 1.61419 -5.96888  1.44773
 1.61462 -5.96536  1.44817
 1.61506 -5.96184  1.44817
 1.61549 -5.95832   1.4486
 1.61592 -5.95481  1.44903
 1.61636 -5.95129  1.44947
 1.61679 -5.94779   1.4499
 1.61722 -5.94428  1.45033
 1.61766 -5.94078  1.45033
 1.61809 -5.93728  1.45077
 1.61852 -5.93378   1.4512
 1.61896 -5.93028  1.45163
 1.61939 -5.92679  1.45207
 1.61982  -5.9233   1.4525
 1.62026 -5.91981   1.4525
 1.62069 -5.91633  1.45293
 1.62112 -5.91284  1.45337
 1.62156 -5.90936   1.4538
 1.62199 -5.90589  1.45423
 1.62242 -5.90241  1.45467
 1.62286 -5.89894   1.4551
 1.62329 -5.89548   1.4551
 1.62372 -5.89201  1.45554
 1.62416 -5.88855  1.45597
 1.62459 -5.88509   1.4564
 1.62503 -5.88163  1.45684
 1.62546 -5.87817  1.45727
 1.62589 -5.87472  1.45727
 1.62633 -5.87127   1.4577
 1.62676 -5.86783  1.45814
 1.62719 -5.86438  1.45857
 1.62763 -5.86094    1.459
 1.62806  -5.8575  1.45944
 1.62849 -5.85407  1.45944
 1.62893 -5.85063  1.45987
 1.62936  -5.8472   1.4603
 1.62979 -5.84377  1.46074
 1.63023 -5.84035  1.46117
 1.63066 -5.83693   1.4616
 1.63109 -5.83351   1.4616
 1.63153 -5.83009  1.46204
 1.63196 -5.82667  1.46247
 1.63239 -5.82326   1.4629
 1.63283 -5.81985  1.46334
 1.63326 -5.81645  1.46377
 1.63369 -5.81304   1.4642
 1.63413 -5.80964   1.4642
 1.63456 -5.80624  1.46464
 1.63499 -5.80285  1.46507
 1.63543 -5.79945  1.46551
 1.63586 -5.79606  1.46594
  1.6363 -5.79268  1.46637
 1.63673 -5.78929  1.46637
 1.63716 -5.78591  1.46681
  1.6376 -5.78253  1.46724
 1.63803 -5.77915  1.46767
 1.63846 -5.77577  1.46811
  1.6389  -5.7724  1.46854
 1.63933 -5.76903  1.46854
 1.63976 -5.76566  1.46897
  1.6402  -5.7623  1.46941
 1.64063 -5.75894  1.46984
 1.64106 -5.75558  1.47027
  1.6415 -5.75222  1.47071
 1.64193 -5.74887  1.47114
 1.64236 -5.74552  1.47114
  1.6428 -5.74217  1.47157
 1.64323 -5.73882  1.47201
 1.64366 -5.73548  1.47244
  1.6441 -5.73214  1.47287
 1.64453  -5.7288  1.47331
 1.64496 -5.72546  1.47331
  1.6454 -5.72213  1.47374
 1.64583  -5.7188  1.47417
 1.64627 -5.71547  1.47461
  1.6467 -5.71214  1.47504
 1.64713 -5.70882  1.47548
 1.64757  -5.7055  1.47548
   1.648 -5.70218  1.47591
 1.64843 -5.69887  1.47634
 1.64887 -5.69555  1.47678
  1.6493 -5.69224  1.47721
 1.64973 -5.68894  1.47764
 1.65017 -5.68563  1.47764
  1.6506 -5.68233  1.47808
 1.65103 -5.67903  1.47851
 1.65147 -5.67573  1.47894
  1.6519 -5.67243  1.47938
 1.65233 -5.66914  1.47981
 1.65277 -5.66585  1.48024
  1.6532 -5.66256  1.48024
 1.65363 -5.65928  1.48068
 1.65407   -5.656  1.48111
  1.6545 -5.65272  1.48154
 1.65493 -5.64944  1.48198
 1.65537 -5.64617  1.48241
  1.6558 -5.64289  1.48241
 1.65624 -5.63962  1.48284
 1.65667 -5.63636  1.48328
  1.6571 -5.63309  1.48371
 1.65754 -5.62983  1.48414
 1.65797 -5.62657  1.48458
  1.6584 -5.62331  1.48458
 1.65884 -5.62006  1.48501
 1.65927 -5.61681  1.48545
  1.6597 -5.61356  1.48588
 1.66014 -5.61031  1.48631
 1.66057 -5.60707  1.48675
   1.661 -5.60382  1.48675
 1.66144 -5.60058  1.48718
 1.66187 -5.59735  1.48761
  1.6623 -5.59411  1.48805
 1.66274 -5.59088  1.48848
 1.66317 -5.58765  1.48891
  1.6636 -5.58442  1.48935
 1.66404  -5.5812  1.48935
 1.66447 -5.57797  1.48978
  1.6649 -5.57475  1.49021
 1.66534 -5.57154  1.49065
 1.66577 -5.56832  1.49108
 1.66621 -5.56511  1.49151
 1.66664  -5.5619  1.49151
 1.66707 -5.55869  1.49195
 1.66751 -5.55549  1.49238
 1.66794 -5.55228  1.49281
 1.66837 -5.54908  1.49325
 1.66881 -5.54589  1.49368
 1.66924 -5.54269  1.49368
 1.66967  -5.5395  1.49411
 1.67011 -5.53631  1.49455
 1.67054 -5.53312  1.49498
 1.67097 -5.52994  1.49542
 1.67141 -5.52675  1.49585
 1.67184 -5.52357  1.49585
 1.67227 -5.52039  1.49628
 1.67271 -5.51722  1.49672
 1.67314 -5.51404  1.49715
 1.67357 -5.51087  1.49758
 1.67401  -5.5077  1.49802
 1.67444 -5.50454  1.49845
 1.67487 -5.50138  1.49845
 1.67531 -5.49821  1.49888
 1.67574 -5.49505  1.49932
 1.67618  -5.4919  1.49975
 1.67661 -5.48874  1.50018
 1.67704 -5.48559  1.50062
 1.67748 -5.48244  1.50062
 1.67791  -5.4793  1.50105
 1.67834 -5.47615  1.50148
 1.67878 -5.47301  1.50192
 1.67921 -5.46987  1.50235
 1.67964 -5.46673  1.50278
 1.68008  -5.4636  1.50278
 1.68051 -5.46047  1.50322
 1.68094 -5.45734  1.50365
 1.68138 -5.45421  1.50408
 1.68181 -5.45108  1.50452
 1.68224 -5.44796  1.50495
 1.68268 -5.44484  1.50495
 1.68311 -5.44172  1.50539
 1.68354 -5.43861  1.50582
 1.68398 -5.43549  1.50625
 1.68441 -5.43238  1.50669
 1.68484 -5.42927  1.50712
 1.68528 -5.42617  1.50712
 1.68571 -5.42306  1.50755
 1.68615 -5.41996  1.50799
 1.68658 -5.41686  1.50842
 1.68701 -5.41376  1.50885
 1.68745 -5.41067  1.50929
 1.68788 -5.40758  1.50972
 1.68831 -5.40449  1.50972
 1.68875  -5.4014  1.51015
 1.68918 -5.39831  1.51059
 1.68961 -5.39523  1.51102
 1.69005 -5.39215  1.51145
 1.69048 -5.38907  1.51189
 1.69091   -5.386  1.51189
 1.69135 -5.38292  1.51232
 1.69178 -5.37985  1.51275
 1.69221 -5.37678  1.51319
 1.69265 -5.37372  1.51362
 1.69308 -5.37065  1.51405
 1.69351 -5.36759  1.51405
 1.69395 -5.36453  1.51449
 1.69438 -5.36147  1.51492
 1.69481 -5.35842  1.51536
 1.69525 -5.35537  1.51579
 1.69568 -5.35232  1.51622
 1.69612 -5.34927  1.51622
 1.69655 -5.34622  1.51666
 1.69698 -5.34318  1.51709
 1.69742 -5.34014  1.51752
 1.69785  -5.3371  1.51796
 1.69828 -5.33406  1.51839
 1.69872 -5.33103  1.51882
 1.69915   -5.328  1.51882
 1.69958 -5.32497  1.51926
 1.70002 -5.32194  1.51969
 1.70045 -5.31891  1.52012
 1.70088 -5.31589  1.52056
 1.70132 -5.31287  1.52099
 1.70175 -5.30985  1.52099
 1.70218 -5.30684  1.52142
 1.70262 -5.30382  1.52186
 1.70305 -5.30081  1.52229
 1.70348  -5.2978  1.52272
 1.70392 -5.29479  1.52316
 1.70435 -5.29179  1.52316
 1.70478 -5.28879  1.52359
 1.70522 -5.28579  1.52402
 1.70565 -5.28279  1.52446
 1.70609 -5.27979  1.52489
 1.70652  -5.2768  1.52533
 1.70695 -5.27381  1.52533
 1.70739 -5.27082  1.52576
 1.70782 -5.26783  1.52619
 1.70825 -5.26485  1.52663
 1.70869 -5.26187  1.52706
 1.70912 -5.25889  1.52749
 1.70955 -5.25591  1.52793
 1.70999 -5.25293  1.52793
 1.71042 -5.24996  1.52836
 1.71085 -5.24699  1.52879
 1.71129 -5.24402  1.52923
 1.71172 -5.24105  1.52966
 1.71215 -5.23809  1.53009
 1.71259 -5.23513  1.53009
 1.71302 -5.23217  1.53053
 1.71345 -5.22921  1.53096
 1.71389 -5.22625  1.53139
 1.71432  -5.2233  1.53183
 1.71475 -5.22035  1.53226
 1.71519  -5.2174  1.53226
 1.71562 -5.21446  1.53269
 1.71606 -5.21151  1.53313
 1.71649 -5.20857  1.53356
 1.71692 -5.20563  1.53399
 1.71736 -5.20269  1.53443
 1.71779 -5.19976  1.53443
 1.71822 -5.19682  1.53486
 1.71866 -5.19389   1.5353
 1.71909 -5.19096  1.53573
 1.71952 -5.18803  1.53616
 1.71996 -5.18511   1.5366
 1.72039 -5.18219   1.5366
 1.72082 -5.17927  1.53703
 1.72126 -5.17635  1.53746
 1.72169 -5.17343   1.5379
 1.72212 -5.17052  1.53833
 1.72256 -5.16761  1.53876
 1.72299  -5.1647   1.5392
 1.72342 -5.16179   1.5392
 1.72386 -5.15889  1.53963
 1.72429 -5.15598  1.54006
 1.72472 -5.15308   1.5405
 1.72516 -5.15019  1.54093
 1.72559 -5.14729  1.54136
 1.72603  -5.1444  1.54136
 1.72646  -5.1415   1.5418
 1.72689 -5.13861  1.54223
 1.72733 -5.13572  1.54266
 1.72776 -5.13284   1.5431
 1.72819 -5.12996  1.54353
 1.72863 -5.12708  1.54353
 1.72906  -5.1242  1.54396
 1.72949 -5.12132   1.5444
 1.72993 -5.11844  1.54483
 1.73036 -5.11557  1.54527
 1.73079  -5.1127   1.5457
 1.73123 -5.10983   1.5457
 1.73166 -5.10697  1.54613
 1.73209  -5.1041  1.54657
 1.73253 -5.10124    1.547
 1.73296 -5.09838  1.54743
 1.73339 -5.09552  1.54787
 1.73383 -5.09267   1.5483
 1.73426 -5.08981   1.5483
 1.73469 -5.08696  1.54873
 1.73513 -5.08411  1.54917
 1.73556 -5.08127   1.5496
   1.736 -5.07842  1.55003
 1.73643 -5.07558  1.55047
 1.73686 -5.07274  1.55047
  1.7373  -5.0699   1.5509
 1.73773 -5.06706  1.55133
 1.73816 -5.06423  1.55177
  1.7386 -5.06139   1.5522
 1.73903 -5.05856  1.55263
 1.73946 -5.05574  1.55263
  1.7399 -5.05291  1.55307
 1.74033 -5.05009   1.5535
 1.74076 -5.04726  1.55393
  1.7412 -5.04444  1.55437
 1.74163 -5.04163   1.5548
 1.74206 -5.03881   1.5548
  1.7425   -5.036  1.55524
 1.74293 -5.03318  1.55567
 1.74336 -5.03038   1.5561
  1.7438 -5.02757  1.55654
 1.74423 -5.02476  1.55697
 1.74466 -5.02196  1.55697
  1.7451 -5.01916   1.5574
 1.74553 -5.01636  1.55784
 1.74597 -5.01356  1.55827
  1.7464 -5.01077   1.5587
 1.74683 -5.00798  1.55914
 1.74727 -5.00519  1.55957
  1.7477  -5.0024  1.55957
 1.74813 -4.99961     1.56
 1.74857 -4.99682  1.56044
   1.749 -4.99404  1.56087
 1.74943 -4.99126   1.5613
 1.74987 -4.98848  1.56174
  1.7503 -4.98571  1.56174
 1.75073 -4.98293  1.56217
 1.75117 -4.98016   1.5626
  1.7516 -4.97739  1.56304
 1.75203 -4.97462  1.56347
 1.75247 -4.97186   1.5639
  1.7529 -4.96909   1.5639
 1.75333 -4.96633  1.56434
 1.75377 -4.96357  1.56477
  1.7542 -4.96081  1.56521
 1.75463 -4.95805  1.56564
 1.75507  -4.9553  1.56607
  1.7555 -4.95255  1.56607
 1.75594  -4.9498  1.56651
 1.75637 -4.94705  1.56694
  1.7568  -4.9443  1.56737
 1.75724 -4.94156  1.56781
 1.75767 -4.93882  1.56824
  1.7581 -4.93608  1.56824
 1.75854 -4.93334  1.56867
 1.75897 -4.93061  1.56911
  1.7594 -4.92787  1.56954
 1.75984 -4.92514  1.56997
 1.76027 -4.92241  1.57041
  1.7607 -4.91968  1.57041
 1.76114 -4.91696  1.57084
 1.76157 -4.91423  1.57127
   1.762 -4.91151  1.57171
 1.76244 -4.90879  1.57214
 1.76287 -4.90607  1.57257
  1.7633 -4.90336  1.57301
 1.76374 -4.90064  1.57301
 1.76417 -4.89793  1.57344
  1.7646 -4.89522  1.57387
 1.76504 -4.89251  1.57431
 1.76547 -4.88981  1.57474
 1.76591  -4.8871  1.57518
 1.76634  -4.8844  1.57518
 1.76677  -4.8817  1.57561
 1.76721   -4.879  1.57604
 1.76764 -4.87631  1.57648
 1.76807 -4.87361  1.57691
 1.76851 -4.87092  1.57734
 1.76894 -4.86823  1.57734
 1.76937 -4.86554  1.57778
 1.76981 -4.86286  1.57821
 1.77024 -4.86017  1.57864
 1.77067 -4.85749  1.57908
 1.77111 -4.85481  1.57951
 1.77154 -4.85213  1.57951
 1.77197 -4.84946  1.57994
 1.77241 -4.84678  1.58038
 1.77284 -4.84411  1.58081
 1.77327 -4.84144  1.58124
 1.77371 -4.83877  1.58168
 1.77414 -4.83611  1.58211
 1.77457 -4.83344  1.58211
 1.77501 -4.83078  1.58254
 1.77544 -4.82812  1.58298
 1.77588 -4.82546  1.58341
 1.77631  -4.8228  1.58384
 1.77674 -4.82015  1.58428
 1.77718 -4.81749  1.58428
 1.77761 -4.81484  1.58471
 1.77804 -4.81219  1.58515
 1.77848 -4.80955  1.58558
 1.77891  -4.8069  1.58601
 1.77934 -4.80426  1.58645
 1.77978 -4.80162  1.58645
 1.78021 -4.79898  1.58688
 1.78064 -4.79634  1.58731
 1.78108  -4.7937  1.58775
 1.78151 -4.79107  1.58818
 1.78194 -4.78844  1.58861
 1.78238 -4.78581  1.58861
 1.78281 -4.78318  1.58905
 1.78324 -4.78055  1.58948
 1.78368 -4.77793  1.58991
 1.78411 -4.77531  1.59035
 1.78454 -4.77269  1.59078
 1.78498 -4.77007  1.59078
 1.78541 -4.76745  1.59121
 1.78585 -4.76484  1.59165
 1.78628 -4.76222  1.59208
 1.78671 -4.75961  1.59251
 1.78715   -4.757  1.59295
 1.78758  -4.7544  1.59338
 1.78801 -4.75179  1.59338
 1.78845 -4.74919  1.59381
 1.78888 -4.74659  1.59425
 1.78931 -4.74399  1.59468
 1.78975 -4.74139  1.59512
 1.79018  -4.7388  1.59555
 1.79061  -4.7362  1.59555
 1.79105 -4.73361  1.59598
 1.79148 -4.73102  1.59642
 1.79191 -4.72843  1.59685
 1.79235 -4.72584  1.59728
 1.79278 -4.72326  1.59772
 1.79321 -4.72068  1.59772
 1.79365  -4.7181  1.59815
 1.79408 -4.71552  1.59858
 1.79451 -4.71294  1.59902
 1.79495 -4.71037  1.59945
 1.79538 -4.70779  1.59988
 1.79582 -4.70522  1.59988
 1.79625 -4.70265  1.60032
 1.79668 -4.70008  1.60075
 1.79712 -4.69752  1.60118
 1.79755 -4.69495  1.60162
 1.79798 -4.69239  1.60205
 1.79842 -4.68983  1.60205
 1.79885 -4.68727  1.60248
 1.79928 -4.68472  1.60292
 1.79972 -4.68216  1.60335
 1.80015 -4.67961  1.60378
 1.80058 -4.67706  1.60422
 1.80102 -4.67451  1.60465
 1.80145 -4.67196  1.60465
 1.80188 -4.66942  1.60509
 1.80232 -4.66687  1.60552
 1.80275 -4.66433  1.60595
 1.80318 -4.66179  1.60639
 1.80362 -4.65925  1.60682
 1.80405 -4.65672  1.60682
 1.80448 -4.65418  1.60725
 1.80492 -4.65165  1.60769
 1.80535 -4.64912  1.60812
 1.80579 -4.64659  1.60855
 1.80622 -4.64406  1.60899
 1.80665 -4.64154  1.60899
 1.80709 -4.63901  1.60942
 1.80752 -4.63649  1.60985
 1.80795 -4.63397  1.61029
 1.80839 -4.63145  1.61072
 1.80882 -4.62894  1.61115
 1.80925 -4.62642  1.61115
 1.80969 -4.62391  1.61159
 1.81012  -4.6214  1.61202
 1.81055 -4.61889  1.61245
 1.81099 -4.61638  1.61289
 1.81142 -4.61388  1.61332
 1.81185 -4.61137  1.61332
 1.81229 -4.60887  1.61375
 1.81272 -4.60637  1.61419
 1.81315 -4.60387  1.61462
 1.81359 -4.60137  1.61506
 1.81402 -4.59888  1.61549
 1.81445 -4.59639  1.61592
 1.81489  -4.5939  1.61592
 1.81532 -4.59141  1.61636
 1.81576 -4.58892  1.61679
 1.81619 -4.58643  1.61722
 1.81662 -4.58395  1.61766
 1.81706 -4.58147  1.61809
 1.81749 -4.57899  1.61809
 1.81792 -4.57651  1.61852
 1.81836 -4.57403  1.61896
 1.81879 -4.57155  1.61939
 1.81922 -4.56908  1.61982
 1.81966 -4.56661  1.62026
 1.82009 -4.56414  1.62026
 1.82052 -4.56167  1.62069
 1.82096 -4.55921  1.62112
 1.82139 -4.55674  1.62156
 1.82182 -4.55428  1.62199
 1.82226 -4.55182  1.62242
 1.82269 -4.54936  1.62242
 1.82312  -4.5469  1.62286
 1.82356 -4.54444  1.62329
 1.82399 -4.54199  1.62372
 1.82442 -4.53954  1.62416
 1.82486 -4.53709  1.62459
 1.82529 -4.53464  1.62459
 1.82573 -4.53219  1.62503
 1.82616 -4.52975  1.62546
 1.82659  -4.5273  1.62589
 1.82703 -4.52486  1.62633
 1.82746 -4.52242  1.62676
 1.82789 -4.51998  1.62676
 1.82833 -4.51755  1.62719
 1.82876 -4.51511  1.62763
 1.82919 -4.51268  1.62806
 1.82963 -4.51025  1.62849
 1.83006 -4.50782  1.62893
 1.83049 -4.50539  1.62936
 1.83093 -4.50296  1.62936
 1.83136 -4.50054  1.62979
 1.83179 -4.49812  1.63023
 1.83223  -4.4957  1.63066
 1.83266 -4.49328  1.63109
 1.83309 -4.49086  1.63153
 1.83353 -4.48844  1.63153
 1.83396 -4.48603  1.63196
 1.83439 -4.48362  1.63239
 1.83483 -4.48121  1.63283
 1.83526  -4.4788  1.63326
  1.8357 -4.47639  1.63369
 1.83613 -4.47398  1.63369
 1.83656 -4.47158  1.63413
   1.837 -4.46918  1.63456
 1.83743 -4.46678  1.63499
 1.83786 -4.46438  1.63543
  1.8383 -4.46198  1.63586
 1.83873 -4.45959  1.63586
 1.83916 -4.45719   1.6363
  1.8396  -4.4548  1.63673
 1.84003 -4.45241  1.63716
 1.84046 -4.45002   1.6376
  1.8409 -4.44764  1.63803
 1.84133 -4.44525  1.63803
 1.84176 -4.44287  1.63846
  1.8422 -4.44049   1.6389
 1.84263  -4.4381  1.63933
 1.84306 -4.43573  1.63976
  1.8435 -4.43335   1.6402
 1.84393 -4.43098  1.64063
 1.84436  -4.4286  1.64063
  1.8448 -4.42623  1.64106
 1.84523 -4.42386   1.6415
 1.84567 -4.42149  1.64193
  1.8461 -4.41913  1.64236
 1.84653 -4.41676   1.6428
 1.84697  -4.4144   1.6428
  1.8474 -4.41204  1.64323
 1.84783 -4.40968  1.64366
 1.84827 -4.40732   1.6441
  1.8487 -4.40496  1.64453
 1.84913 -4.40261  1.64496
 1.84957 -4.40025  1.64496
    1.85  -4.3979   1.6454