 kgrid  ValNew  Policy 
      0.55   -9.58407       0.55
  0.550433   -9.53533       0.55
  0.550867    -9.4869       0.55
    0.5513   -9.43878       0.55
  0.551734   -9.39096       0.55
  0.552167   -9.34346       0.55
  0.552601   -9.29626       0.55
  0.553034   -9.24936       0.55
  0.553468   -9.20276       0.55
  0.553901   -9.15646       0.55
  0.554335   -9.11045       0.55
  0.554768   -9.06474       0.55
  0.555202   -9.01931       0.55
  0.555635   -8.97418       0.55
  0.556069   -8.92933       0.55
  0.556502   -8.88476       0.55
  0.556936   -8.84048       0.55
  0.557369   -8.79647       0.55
  0.557803   -8.75274       0.55
  0.558236   -8.70929       0.55
   0.55867   -8.66611       0.55
  0.559103   -8.62321       0.55
  0.559537   -8.58057       0.55
   0.55997   -8.53819       0.55
  0.560403   -8.49609       0.55
  0.560837   -8.45424       0.55
   0.56127   -8.41266       0.55
  0.561704   -8.37134       0.55
  0.562137   -8.33027       0.55
  0.562571   -8.28946       0.55
  0.563004    -8.2489       0.55
  0.563438   -8.20859       0.55
  0.563871   -8.16853       0.55
  0.564305   -8.12872       0.55
  0.564738   -8.08916       0.55
  0.565172   -8.04984       0.55
  0.565605   -8.01076       0.55
  0.566039   -7.97192       0.55
  0.566472   -7.93332       0.55
  0.566906   -7.89495       0.55
  0.567339   -7.85683       0.55
  0.567773   -7.81893       0.55
  0.568206   -7.78127       0.55
   0.56864   -7.74383       0.55
  0.569073   -7.70662       0.55
  0.569507   -7.66964       0.55
   0.56994   -7.63289       0.55
  0.570373   -7.59636       0.55
  0.570807   -7.56005       0.55
   0.57124   -7.52396       0.55
  0.571674   -7.48808       0.55
  0.572107   -7.45243       0.55
  0.572541   -7.41699       0.55
  0.572974   -7.38176       0.55
  0.573408   -7.34674       0.55
  0.573841   -7.31194       0.55
  0.574275   -7.27734       0.55
  0.574708   -7.24295       0.55
  0.575142   -7.20877       0.55
  0.575575   -7.17479       0.55
  0.576009   -7.14101       0.55
  0.576442   -7.10744       0.55
  0.576876   -7.07406       0.55
  0.577309   -7.04088       0.55
  0.577743    -7.0079       0.55
  0.578176   -6.97512       0.55
   0.57861   -6.94253       0.55
  0.579043   -6.91013       0.55
  0.579476   -6.87793       0.55
   0.57991   -6.84591       0.55
  0.580343   -6.81408       0.55
  0.580777   -6.78244       0.55
   0.58121   -6.75099       0.55
  0.581644   -6.71972       0.55
  0.582077   -6.68864       0.55
  0.582511   -6.65773       0.55
  0.582944   -6.62701       0.55
  0.583378   -6.59647       0.55
  0.583811    -6.5661       0.55
  0.584245   -6.53592       0.55
  0.584678   -6.50591       0.55
  0.585112   -6.47607       0.55
  0.585545    -6.4464       0.55
  0.585979   -6.41691       0.55
  0.586412   -6.38759       0.55
  0.586846   -6.35844       0.55
  0.587279   -6.32946       0.55
  0.587713   -6.30064       0.55
  0.588146   -6.27199       0.55
   0.58858   -6.24351       0.55
  0.589013   -6.21519       0.55
  0.589446   -6.18703       0.55
   0.58988   -6.15903       0.55
  0.590313    -6.1312       0.55
  0.590747   -6.10352       0.55
   0.59118     -6.076       0.55
  0.591614   -6.04864       0.55
  0.592047   -6.02144       0.55
  0.592481   -5.99438       0.55
  0.592914   -5.96749       0.55
  0.593348   -5.94074       0.55
  0.593781   -5.91415       0.55
  0.594215   -5.88771       0.55
  0.594648   -5.86142       0.55
  0.595082   -5.83528       0.55
  0.595515   -5.80928       0.55
  0.595949   -5.78344       0.55
  0.596382   -5.75773       0.55
  0.596816   -5.73217       0.55
  0.597249   -5.70676       0.55
  0.597683   -5.68149       0.55
  0.598116   -5.65636       0.55
   0.59855   -5.63137       0.55
  0.598983   -5.60652       0.55
  0.599416   -5.58181       0.55
   0.59985   -5.55724       0.55
  0.600283    -5.5328       0.55
  0.600717    -5.5085       0.55
   0.60115   -5.48434       0.55
  0.601584   -5.46031       0.55
  0.602017   -5.43641       0.55
  0.602451   -5.41265       0.55
  0.602884   -5.38902       0.55
  0.603318   -5.36551       0.55
  0.603751   -5.34214       0.55
  0.604185    -5.3189       0.55
  0.604618   -5.29578       0.55
  0.605052   -5.27279       0.55
  0.605485   -5.24993       0.55
  0.605919    -5.2272       0.55
  0.606352   -5.20459       0.55
  0.606786    -5.1821       0.55
  0.607219   -5.15973       0.55
  0.607653   -5.13749       0.55
  0.608086   -5.11537       0.55
   0.60852   -5.09337       0.55
  0.608953   -5.07149       0.55
  0.609386   -5.04973       0.55
   0.60982   -5.02809       0.55
  0.610253   -5.00656       0.55
  0.610687   -4.98515       0.55
   0.61112   -4.96386       0.55
  0.611554   -4.94268       0.55
  0.611987   -4.92162       0.55
  0.612421   -4.90067       0.55
  0.612854   -4.87983       0.55
  0.613288   -4.85911       0.55
  0.613721    -4.8385       0.55
  0.614155   -4.81799       0.55
  0.614588    -4.7976       0.55
  0.615022   -4.77732       0.55
  0.615455   -4.75715       0.55
  0.615889   -4.73708       0.55
  0.616322   -4.71712       0.55
  0.616756   -4.69727       0.55
  0.617189   -4.67752       0.55
  0.617623   -4.65788       0.55
  0.618056   -4.63834       0.55
  0.618489   -4.61891       0.55
  0.618923   -4.59958       0.55
  0.619356   -4.58035       0.55
   0.61979   -4.56122       0.55
  0.620223    -4.5422       0.55
  0.620657   -4.52328       0.55
   0.62109   -4.50445       0.55
  0.621524   -4.48573       0.55
  0.621957    -4.4671       0.55
  0.622391   -4.44857       0.55
  0.622824   -4.43014       0.55
  0.623258    -4.4118       0.55
  0.623691   -4.39357       0.55
  0.624125   -4.37542       0.55
  0.624558   -4.35737       0.55
  0.624992   -4.33942       0.55
  0.625425   -4.32156       0.55
  0.625859   -4.30379       0.55
  0.626292   -4.28612       0.55
  0.626726   -4.26854       0.55
  0.627159   -4.25104       0.55
  0.627593   -4.23364       0.55
  0.628026   -4.21633       0.55
  0.628459   -4.19911       0.55
  0.628893   -4.18198       0.55
  0.629326   -4.16494       0.55
   0.62976   -4.14798       0.55
  0.630193   -4.13112       0.55
  0.630627   -4.11434       0.55
   0.63106   -4.09764       0.55
  0.631494   -4.08103       0.55
  0.631927   -4.06451       0.55
  0.632361   -4.04807       0.55
  0.632794   -4.03172       0.55
  0.633228   -4.01545       0.55
  0.633661   -3.99926       0.55
  0.634095   -3.98315       0.55
  0.634528   -3.96713       0.55
  0.634962   -3.95119       0.55
  0.635395   -3.93533       0.55
  0.635829   -3.91955       0.55
  0.636262   -3.90385       0.55
  0.636696   -3.88823       0.55
  0.637129   -3.87269       0.55
  0.637563   -3.85723       0.55
  0.637996   -3.84184       0.55
  0.638429   -3.82654       0.55
  0.638863   -3.81131       0.55
  0.639296   -3.79616       0.55
   0.63973   -3.78108       0.55
  0.640163   -3.76608       0.55
  0.640597   -3.75116       0.55
   0.64103   -3.73631       0.55
  0.641464   -3.72153       0.55
  0.641897   -3.70683       0.55
  0.642331   -3.69221       0.55
  0.642764   -3.67765       0.55
  0.643198   -3.66317       0.55
  0.643631   -3.64876       0.55
  0.644065   -3.63442       0.55
  0.644498   -3.62016       0.55
  0.644932   -3.60596       0.55
  0.645365   -3.59184       0.55
  0.645799   -3.57778       0.55
  0.646232    -3.5638       0.55
  0.646666   -3.54988       0.55
  0.647099   -3.53603       0.55
  0.647533   -3.52225       0.55
  0.647966   -3.50854       0.55
  0.648399    -3.4949       0.55
  0.648833   -3.48132       0.55
  0.649266   -3.46782       0.55
    0.6497   -3.45437       0.55
  0.650133     -3.441       0.55
  0.650567   -3.42768       0.55
     0.651   -3.41444       0.55
  0.651434   -3.40126       0.55
  0.651867   -3.38814       0.55
  0.652301   -3.37509       0.55
  0.652734    -3.3621       0.55
  0.653168   -3.34917       0.55
  0.653601   -3.33631       0.55
  0.654035   -3.32351       0.55
  0.654468   -3.31077       0.55
  0.654902    -3.2981       0.55
  0.655335   -3.28548       0.55
  0.655769   -3.27293       0.55
  0.656202   -3.26044       0.55
  0.656636   -3.24801       0.55
  0.657069   -3.23563       0.55
  0.657503   -3.22332       0.55
  0.657936   -3.21107       0.55
  0.658369   -3.19887       0.55
  0.658803   -3.18674       0.55
  0.659236   -3.17466       0.55
   0.65967   -3.16264       0.55
  0.660103   -3.15068       0.55
  0.660537   -3.13878       0.55
   0.66097   -3.12693       0.55
  0.661404   -3.11514       0.55
  0.661837    -3.1034       0.55
  0.662271   -3.09172       0.55
  0.662704    -3.0801       0.55
  0.663138   -3.06853       0.55
  0.663571   -3.05702       0.55
  0.664005   -3.04556       0.55
  0.664438   -3.03416       0.55
  0.664872   -3.02281       0.55
  0.665305   -3.01152       0.55
  0.665739   -3.00027       0.55
  0.666172   -2.98909       0.55
  0.666606   -2.97795       0.55
  0.667039   -2.96687       0.55
  0.667472   -2.95584       0.55
  0.667906   -2.94486       0.55
  0.668339   -2.93393       0.55
  0.668773   -2.92305       0.55
  0.669206   -2.91223       0.55
   0.66964   -2.90145       0.55
  0.670073   -2.89073       0.55
  0.670507   -2.88006       0.55
   0.67094   -2.86943       0.55
  0.671374   -2.85886       0.55
  0.671807   -2.84833       0.55
  0.672241   -2.83786       0.55
  0.672674   -2.82743       0.55
  0.673108   -2.81705       0.55
  0.673541   -2.80672       0.55
  0.673975   -2.79644       0.55
  0.674408    -2.7862       0.55
  0.674842   -2.77602       0.55
  0.675275   -2.76588       0.55
  0.675709   -2.75579       0.55
  0.676142   -2.74574       0.55
  0.676576   -2.73574       0.55
  0.677009   -2.72579       0.55
  0.677442   -2.71588       0.55
  0.677876   -2.70602       0.55
  0.678309    -2.6962       0.55
  0.678743   -2.68643       0.55
  0.679176    -2.6767       0.55
   0.67961   -2.66702       0.55
  0.680043   -2.65738       0.55
  0.680477   -2.64779       0.55
   0.68091   -2.63824       0.55
  0.681344   -2.62873       0.55
  0.681777   -2.61927       0.55
  0.682211   -2.60985       0.55
  0.682644   -2.60047       0.55
  0.683078   -2.59113       0.55
  0.683511   -2.58184       0.55
  0.683945   -2.57259       0.55
  0.684378   -2.56339       0.55
  0.684812   -2.55422       0.55
  0.685245    -2.5451       0.55
  0.685679   -2.53601       0.55
  0.686112   -2.52697       0.55
  0.686546   -2.51797       0.55
  0.686979   -2.50901       0.55
  0.687412   -2.50009       0.55
  0.687846   -2.49121       0.55
  0.688279   -2.48237       0.55
  0.688713   -2.47357       0.55
  0.689146   -2.46481       0.55
   0.68958   -2.45609       0.55
  0.690013    -2.4474       0.55
  0.690447   -2.43876       0.55
   0.69088   -2.43015       0.55
  0.691314   -2.42159       0.55
  0.691747   -2.41306       0.55
  0.692181   -2.40457       0.55
  0.692614   -2.39612       0.55
  0.693048    -2.3877       0.55
  0.693481   -2.37933       0.55
  0.693915   -2.37099       0.55
  0.694348   -2.36268       0.55
  0.694782   -2.35442       0.55
  0.695215   -2.34619       0.55
  0.695649   -2.33799       0.55
  0.696082   -2.32984       0.55
  0.696516   -2.32172       0.55
  0.696949   -2.31363       0.55
  0.697382   -2.30558       0.55
  0.697816   -2.29757       0.55
  0.698249   -2.28959       0.55
  0.698683   -2.28165       0.55
  0.699116   -2.27374       0.55
   0.69955   -2.26586       0.55
  0.699983   -2.25802       0.55
  0.700417   -2.25022       0.55
   0.70085   -2.24245       0.55
  0.701284   -2.23471       0.55
  0.701717   -2.22701       0.55
  0.702151   -2.21934       0.55
  0.702584    -2.2117       0.55
  0.703018    -2.2041       0.55
  0.703451   -2.19653       0.55
  0.703885   -2.18899       0.55
  0.704318   -2.18149       0.55
  0.704752   -2.17402       0.55
  0.705185   -2.16658       0.55
  0.705619   -2.15917       0.55
  0.706052    -2.1518       0.55
  0.706485   -2.14446       0.55
  0.706919   -2.13714       0.55
  0.707352   -2.12987       0.55
  0.707786   -2.12262       0.55
  0.708219    -2.1154       0.55
  0.708653   -2.10822       0.55
  0.709086   -2.10106       0.55
   0.70952   -2.09394       0.55
  0.709953   -2.08684       0.55
  0.710387   -2.07978       0.55
   0.71082   -2.07275       0.55
  0.711254   -2.06574       0.55
  0.711687   -2.05877       0.55
  0.712121   -2.05183       0.55
  0.712554   -2.04492       0.55
  0.712988   -2.03803       0.55
  0.713421   -2.03118       0.55
  0.713855   -2.02435       0.55
  0.714288   -2.01756       0.55
  0.714722   -2.01079       0.55
  0.715155   -2.00405       0.55
  0.715589   -1.99734       0.55
  0.716022   -1.99066       0.55
  0.716455   -1.98401       0.55
  0.716889   -1.97738       0.55
  0.717322   -1.97079       0.55
  0.717756   -1.96422       0.55
  0.718189   -1.95768       0.55
  0.718623   -1.95116       0.55
  0.719056   -1.94468       0.55
   0.71949   -1.93822       0.55
  0.719923   -1.93178       0.55
  0.720357   -1.92538       0.55
   0.72079     -1.919       0.55
  0.721224   -1.91265       0.55
  0.721657   -1.90633       0.55
  0.722091   -1.90003       0.55
  0.722524   -1.89376       0.55
  0.722958   -1.88751       0.55
  0.723391   -1.88129       0.55
  0.723825    -1.8751       0.55
  0.724258   -1.86893       0.55
  0.724692   -1.86279       0.55
  0.725125   -1.85667       0.55
  0.725559   -1.85058       0.55
  0.725992   -1.84452       0.55
  0.726425   -1.83848       0.55
  0.726859   -1.83246       0.55
  0.727292   -1.82647       0.55
  0.727726   -1.82051       0.55
  0.728159   -1.81456       0.55
  0.728593   -1.80865       0.55
  0.729026   -1.80276       0.55
   0.72946   -1.79689       0.55
  0.729893   -1.79105       0.55
  0.730327   -1.78523       0.55
   0.73076   -1.77943       0.55
  0.731194   -1.77366       0.55
  0.731627   -1.76791       0.55
  0.732061   -1.76219       0.55
  0.732494   -1.75649       0.55
  0.732928   -1.75081       0.55
  0.733361   -1.74515       0.55
  0.733795   -1.73952       0.55
  0.734228   -1.73392       0.55
  0.734662   -1.72833       0.55
  0.735095   -1.72277       0.55
  0.735529   -1.71723       0.55
  0.735962   -1.71171       0.55
  0.736395   -1.70622       0.55
  0.736829   -1.70074       0.55
  0.737262   -1.69529       0.55
  0.737696   -1.68987       0.55
  0.738129   -1.68446       0.55
  0.738563   -1.67908       0.55
  0.738996   -1.67371       0.55
   0.73943   -1.66837       0.55
  0.739863   -1.66305       0.55
  0.740297   -1.65776       0.55
   0.74073   -1.65248       0.55
  0.741164   -1.64723       0.55
  0.741597   -1.64199       0.55
  0.742031   -1.63678       0.55
  0.742464   -1.63159       0.55
  0.742898   -1.62642       0.55
  0.743331   -1.62127       0.55
  0.743765   -1.61614       0.55
  0.744198   -1.61103       0.55
  0.744632   -1.60594       0.55
  0.745065   -1.60087       0.55
  0.745498   -1.59582       0.55
  0.745932    -1.5908       0.55
  0.746365   -1.58579       0.55
  0.746799    -1.5808       0.55
  0.747232   -1.57583       0.55
  0.747666   -1.57088       0.55
  0.748099   -1.56596       0.55
  0.748533   -1.56105       0.55
  0.748966   -1.55616       0.55
    0.7494   -1.55129       0.55
  0.749833   -1.54644       0.55
  0.750267   -1.54161       0.55
    0.7507   -1.53679       0.55
  0.751134     -1.532       0.55
  0.751567   -1.52723       0.55
  0.752001   -1.52247       0.55
  0.752434   -1.51773       0.55
  0.752868   -1.51302       0.55
  0.753301   -1.50832       0.55
  0.753735   -1.50364       0.55
  0.754168   -1.49897       0.55
  0.754602   -1.49433       0.55
  0.755035    -1.4897       0.55
  0.755468    -1.4851       0.55
  0.755902   -1.48051       0.55
  0.756335   -1.47593       0.55
  0.756769   -1.47138       0.55
  0.757202   -1.46684       0.55
  0.757636   -1.46232       0.55
  0.758069   -1.45782       0.55
  0.758503   -1.45334       0.55
  0.758936   -1.44887       0.55
   0.75937   -1.44443       0.55
  0.759803      -1.44       0.55
  0.760237   -1.43558       0.55
   0.76067   -1.43118       0.55
  0.761104    -1.4268       0.55
  0.761537   -1.42244       0.55
  0.761971    -1.4181       0.55
  0.762404   -1.41377       0.55
  0.762838   -1.40945       0.55
  0.763271   -1.40516       0.55
  0.763705   -1.40088       0.55
  0.764138   -1.39662       0.55
  0.764572   -1.39237       0.55
  0.765005   -1.38814       0.55
  0.765438   -1.38393       0.55
  0.765872   -1.37973       0.55
  0.766305   -1.37555       0.55
  0.766739   -1.37138       0.55
  0.767172   -1.36723       0.55
  0.767606    -1.3631       0.55
  0.768039   -1.35898       0.55
  0.768473   -1.35488       0.55
  0.768906    -1.3508       0.55
   0.76934   -1.34672       0.55
  0.769773   -1.34267       0.55
  0.770207   -1.33863       0.55
   0.77064   -1.33461       0.55
  0.771074    -1.3306       0.55
  0.771507    -1.3266       0.55
  0.771941   -1.32263       0.55
  0.772374   -1.31866       0.55
  0.772808   -1.31471       0.55
  0.773241   -1.31078       0.55
  0.773675   -1.30686       0.55
  0.774108   -1.30296       0.55
  0.774542   -1.29907       0.55
  0.774975    -1.2952       0.55
  0.775408   -1.29134       0.55
  0.775842   -1.28749       0.55
  0.776275   -1.28366       0.55
  0.776709   -1.27985       0.55
  0.777142   -1.27604       0.55
  0.777576   -1.27226       0.55
  0.778009   -1.26848       0.55
  0.778443   -1.26473       0.55
  0.778876   -1.26098       0.55
   0.77931   -1.25725       0.55
  0.779743   -1.25353       0.55
  0.780177   -1.24983       0.55
   0.78061   -1.24614       0.55
  0.781044   -1.24247       0.55
  0.781477    -1.2388       0.55
  0.781911   -1.23516       0.55
  0.782344   -1.23152       0.55
  0.782778    -1.2279       0.55
  0.783211    -1.2243       0.55
  0.783645    -1.2207       0.55
  0.784078   -1.21712       0.55
  0.784512   -1.21355       0.55
  0.784945      -1.21       0.55
  0.785378   -1.20646       0.55
  0.785812   -1.20293       0.55
  0.786245   -1.19942       0.55
  0.786679   -1.19592       0.55
  0.787112   -1.19243       0.55
  0.787546   -1.18895       0.55
  0.787979   -1.18549       0.55
  0.788413   -1.18204       0.55
  0.788846    -1.1786       0.55
   0.78928   -1.17518       0.55
  0.789713   -1.17176       0.55
  0.790147   -1.16837       0.55
   0.79058   -1.16498       0.55
  0.791014    -1.1616       0.55
  0.791447   -1.15824       0.55
  0.791881   -1.15489       0.55
  0.792314   -1.15155       0.55
  0.792748   -1.14823       0.55
  0.793181   -1.14492       0.55
  0.793615   -1.14161       0.55
  0.794048   -1.13833       0.55
  0.794481   -1.13505       0.55
  0.794915   -1.13178       0.55
  0.795348   -1.12853       0.55
  0.795782   -1.12529       0.55
  0.796215   -1.12206       0.55
  0.796649   -1.11884       0.55
  0.797082   -1.11563       0.55
  0.797516   -1.11244       0.55
  0.797949   -1.10926       0.55
  0.798383   -1.10609       0.55
  0.798816   -1.10293       0.55
   0.79925   -1.09978       0.55
  0.799683   -1.09664       0.55
  0.800117   -1.09351       0.55
   0.80055    -1.0904       0.55
  0.800984    -1.0873       0.55
  0.801417    -1.0842       0.55
  0.801851   -1.08112       0.55
  0.802284   -1.07805       0.55
  0.802718   -1.07499       0.55
  0.803151   -1.07195       0.55
  0.803585   -1.06891       0.55
  0.804018   -1.06588       0.55
  0.804451   -1.06287       0.55
  0.804885   -1.05986       0.55
  0.805318   -1.05687       0.55
  0.805752   -1.05389       0.55
  0.806185   -1.05091       0.55
  0.806619   -1.04795       0.55
  0.807052     -1.045       0.55
  0.807486   -1.04206       0.55
  0.807919   -1.03913       0.55
  0.808353   -1.03621       0.55
  0.808786    -1.0333       0.55
   0.80922    -1.0304       0.55
  0.809653   -1.02752       0.55
  0.810087   -1.02464       0.55
   0.81052   -1.02177       0.55
  0.810954   -1.01891       0.55
  0.811387   -1.01606       0.55
  0.811821   -1.01323       0.55
  0.812254    -1.0104       0.55
  0.812688   -1.00758       0.55
  0.813121   -1.00477       0.55
  0.813555   -1.00197       0.55
  0.813988  -0.999186       0.55
  0.814421  -0.996408       0.55
  0.814855  -0.993639       0.55
  0.815288   -0.99088       0.55
  0.815722  -0.988131       0.55
  0.816155  -0.985392       0.55
  0.816589  -0.982662       0.55
  0.817022  -0.979942       0.55
  0.817456  -0.977232       0.55
  0.817889  -0.974531       0.55
  0.818323  -0.971839       0.55
  0.818756  -0.969157       0.55
   0.81919  -0.966484       0.55
  0.819623   -0.96382       0.55
  0.820057  -0.961166       0.55
   0.82049  -0.958521       0.55
  0.820924  -0.955885       0.55
  0.821357  -0.953259       0.55
  0.821791  -0.950641       0.55
  0.822224  -0.948033       0.55
  0.822658  -0.945433       0.55
  0.823091  -0.942843       0.55
  0.823525  -0.940262       0.55
  0.823958   -0.93769       0.55
  0.824391  -0.935126       0.55
  0.824825  -0.932572       0.55
  0.825258  -0.930026       0.55
  0.825692  -0.927489       0.55
  0.826125  -0.924961       0.55
  0.826559  -0.922441       0.55
  0.826992  -0.919931       0.55
  0.827426  -0.917429       0.55
  0.827859  -0.914935       0.55
  0.828293   -0.91245       0.55
  0.828726  -0.909974       0.55
   0.82916  -0.907506       0.55
  0.829593  -0.905047       0.55
  0.830027  -0.902596       0.55
   0.83046  -0.900153       0.55
  0.830894  -0.897719       0.55
  0.831327  -0.895293       0.55
  0.831761  -0.892876       0.55
  0.832194  -0.890466       0.55
  0.832628  -0.888065       0.55
  0.833061  -0.885673       0.55
  0.833494  -0.883288       0.55
  0.833928  -0.880911       0.55
  0.834361  -0.878543       0.55
  0.834795  -0.876183       0.55
  0.835228   -0.87383       0.55
  0.835662  -0.871486       0.55
  0.836095   -0.86915       0.55
  0.836529  -0.866821       0.55
  0.836962  -0.864501       0.55
  0.837396  -0.862188       0.55
  0.837829  -0.859883       0.55
  0.838263  -0.857586       0.55
  0.838696  -0.855297       0.55
   0.83913  -0.853015       0.55
  0.839563  -0.850741       0.55
  0.839997  -0.848475       0.55
   0.84043  -0.846217       0.55
  0.840864  -0.843966       0.55
  0.841297  -0.841722       0.55
  0.841731  -0.839487       0.55
  0.842164  -0.837258       0.55
  0.842598  -0.835038       0.55
  0.843031  -0.832824       0.55
  0.843464  -0.830618       0.55
  0.843898   -0.82842       0.55
  0.844331  -0.826229       0.55
  0.844765  -0.824045       0.55
  0.845198  -0.821869       0.55
  0.845632  -0.819699       0.55
  0.846065  -0.817537       0.55
  0.846499  -0.815383       0.55
  0.846932  -0.813235       0.55
  0.847366  -0.811095       0.55
  0.847799  -0.808961       0.55
  0.848233  -0.806835       0.55
  0.848666  -0.804716       0.55
    0.8491  -0.802604       0.55
  0.849533  -0.800499       0.55
  0.849967  -0.798401       0.55
    0.8504   -0.79631       0.55
  0.850834  -0.794226       0.55
  0.851267  -0.792149       0.55
  0.851701  -0.790079       0.55
  0.852134  -0.788015       0.55
  0.852568  -0.785958       0.55
  0.853001  -0.783909       0.55
  0.853434  -0.781865       0.55
  0.853868  -0.779829       0.55
  0.854301  -0.777799       0.55
  0.854735  -0.775777       0.55
  0.855168   -0.77376       0.55
  0.855602  -0.771751       0.55
  0.856035  -0.769748       0.55
  0.856469  -0.767751       0.55
  0.856902  -0.765761       0.55
  0.857336  -0.763778       0.55
  0.857769  -0.761801       0.55
  0.858203  -0.759831       0.55
  0.858636  -0.757867       0.55
   0.85907  -0.755909       0.55
  0.859503  -0.753958       0.55
  0.859937  -0.752013       0.55
   0.86037  -0.750075       0.55
  0.860804  -0.748143       0.55
  0.861237  -0.746217       0.55
  0.861671  -0.744298       0.55
  0.862104  -0.742384       0.55
  0.862538  -0.740477       0.55
  0.862971  -0.738576       0.55
  0.863404  -0.736682       0.55
  0.863838  -0.734793       0.55
  0.864271  -0.732911       0.55
  0.864705  -0.731035       0.55
  0.865138  -0.729165       0.55
  0.865572  -0.727301       0.55
  0.866005  -0.725442       0.55
  0.866439   -0.72359       0.55
  0.866872  -0.721744       0.55
  0.867306  -0.719904       0.55
  0.867739   -0.71807       0.55
  0.868173  -0.716242       0.55
  0.868606  -0.714419       0.55
   0.86904  -0.712603       0.55
  0.869473  -0.710792       0.55
  0.869907  -0.708987       0.55
   0.87034  -0.707188       0.55
  0.870774  -0.705395       0.55
  0.871207  -0.703608       0.55
  0.871641  -0.701826       0.55
  0.872074   -0.70005       0.55
  0.872508   -0.69828       0.55
  0.872941  -0.696515       0.55
  0.873374  -0.694756       0.55
  0.873808  -0.693002       0.55
  0.874241  -0.691255       0.55
  0.874675  -0.689512       0.55
  0.875108  -0.687776       0.55
  0.875542  -0.686045       0.55
  0.875975  -0.684319       0.55
  0.876409  -0.682599       0.55
  0.876842  -0.680884       0.55
  0.877276  -0.679175       0.55
  0.877709  -0.677471       0.55
  0.878143  -0.675773       0.55
  0.878576   -0.67408       0.55
   0.87901  -0.672392       0.55
  0.879443   -0.67071       0.55
  0.879877  -0.669033       0.55
   0.88031  -0.667362       0.55
  0.880744  -0.665695       0.55
  0.881177  -0.664034       0.55
  0.881611  -0.662378       0.55
  0.882044  -0.660728       0.55
  0.882477  -0.659083       0.55
  0.882911  -0.657442       0.55
  0.883344  -0.655807       0.55
  0.883778  -0.654177       0.55
  0.884211  -0.652553       0.55
  0.884645  -0.650933       0.55
  0.885078  -0.649319       0.55
  0.885512  -0.647709       0.55
  0.885945  -0.646105       0.55
  0.886379  -0.644505       0.55
  0.886812  -0.642911       0.55
  0.887246  -0.641321       0.55
  0.887679  -0.639737       0.55
  0.888113  -0.638158       0.55
  0.888546  -0.636583       0.55
   0.88898  -0.635013       0.55
  0.889413  -0.633449       0.55
  0.889847  -0.631889       0.55
   0.89028  -0.630334       0.55
  0.890714  -0.628784       0.55
  0.891147  -0.627239       0.55
  0.891581  -0.625698       0.55
  0.892014  -0.624162       0.55
  0.892447  -0.622631       0.55
  0.892881  -0.621105       0.55
  0.893314  -0.619584       0.55
  0.893748  -0.618067       0.55
  0.894181  -0.616555       0.55
  0.894615  -0.615048       0.55
  0.895048  -0.613545       0.55
  0.895482  -0.612047       0.55
  0.895915  -0.610554       0.55
  0.896349  -0.609065       0.55
  0.896782  -0.607581       0.55
  0.897216  -0.606101       0.55
  0.897649  -0.604626       0.55
  0.898083  -0.603156       0.55
  0.898516   -0.60169       0.55
   0.89895  -0.600228       0.55
  0.899383  -0.598771       0.55
  0.899817  -0.597319       0.55
   0.90025  -0.595871       0.55
  0.900684  -0.594427       0.55
  0.901117  -0.592988       0.55
  0.901551  -0.591553       0.55
  0.901984  -0.590123       0.55
  0.902417  -0.588697       0.55
  0.902851  -0.587275       0.55
  0.903284  -0.585858       0.55
  0.903718  -0.584445       0.55
  0.904151  -0.583036       0.55
  0.904585  -0.581632       0.55
  0.905018  -0.580232       0.55
  0.905452  -0.578836       0.55
  0.905885  -0.577445       0.55
  0.906319  -0.576057       0.55
  0.906752  -0.574674       0.55
  0.907186  -0.573295       0.55
  0.907619  -0.571921       0.55
  0.908053   -0.57055       0.55
  0.908486  -0.569184       0.55
   0.90892  -0.567822       0.55
  0.909353  -0.566464       0.55
  0.909787   -0.56511       0.55
   0.91022   -0.56376       0.55
  0.910654  -0.562414       0.55
  0.911087  -0.561072       0.55
  0.911521  -0.559735       0.55
  0.911954  -0.558401       0.55
  0.912387  -0.557071       0.55
  0.912821  -0.555746       0.55
  0.913254  -0.554424       0.55
  0.913688  -0.553106       0.55
  0.914121  -0.551793       0.55
  0.914555  -0.550483       0.55
  0.914988  -0.549177       0.55
  0.915422  -0.547875       0.55
  0.915855  -0.546577       0.55
  0.916289  -0.545283       0.55
  0.916722  -0.543993       0.55
  0.917156  -0.542707       0.55
  0.917589  -0.541424       0.55
  0.918023  -0.540146       0.55
  0.918456  -0.538871       0.55
   0.91889    -0.5376       0.55
  0.919323  -0.536333       0.55
  0.919757  -0.535069       0.55
   0.92019  -0.533809       0.55
  0.920624  -0.532554       0.55
  0.921057  -0.531301       0.55
   0.92149  -0.530053       0.55
  0.921924  -0.528808       0.55
  0.922357  -0.527567       0.55
  0.922791   -0.52633       0.55
  0.923224  -0.525096       0.55
  0.923658  -0.523866       0.55
  0.924091   -0.52264       0.55
  0.924525  -0.521417       0.55
  0.924958  -0.520198       0.55
  0.925392  -0.518982       0.55
  0.925825   -0.51777       0.55
  0.926259  -0.516562       0.55
  0.926692  -0.515357       0.55
  0.927126  -0.514156       0.55
  0.927559  -0.512958       0.55
  0.927993  -0.511764       0.55
  0.928426  -0.510574       0.55
   0.92886  -0.509387       0.55
  0.929293  -0.508203       0.55
  0.929727  -0.507023       0.55
   0.93016  -0.505846       0.55
  0.930594  -0.504673       0.55
  0.931027  -0.503503       0.55
   0.93146  -0.502337       0.55
  0.931894  -0.501174       0.55
  0.932327  -0.500014       0.55
  0.932761  -0.498858       0.55
  0.933194  -0.497706       0.55
  0.933628  -0.496556       0.55
  0.934061   -0.49541       0.55
  0.934495  -0.494268       0.55
  0.934928  -0.493128       0.55
  0.935362  -0.491992       0.55
  0.935795   -0.49086       0.55
  0.936229   -0.48973       0.55
  0.936662  -0.488604       0.55
  0.937096  -0.487481       0.55
  0.937529  -0.486362       0.55
  0.937963  -0.485246       0.55
  0.938396  -0.484133       0.55
   0.93883  -0.483023       0.55
  0.939263  -0.481916       0.55
  0.939697  -0.480813       0.55
   0.94013  -0.479713       0.55
  0.940564  -0.478616       0.55
  0.940997  -0.477522       0.55
   0.94143  -0.476431       0.55
  0.941864  -0.475344       0.55
  0.942297  -0.474259       0.55
  0.942731  -0.473178       0.55
  0.943164    -0.4721       0.55
  0.943598  -0.471025       0.55
  0.944031  -0.469953       0.55
  0.944465  -0.468884       0.55
  0.944898  -0.467818       0.55
  0.945332  -0.466756       0.55
  0.945765  -0.465696       0.55
  0.946199  -0.464639       0.55
  0.946632  -0.463586       0.55
  0.947066  -0.462535       0.55
  0.947499  -0.461488       0.55
  0.947933  -0.460443       0.55
  0.948366  -0.459402       0.55
    0.9488  -0.458363       0.55
  0.949233  -0.457328       0.55
  0.949667  -0.456295       0.55
    0.9501  -0.455266       0.55
  0.950534  -0.454239       0.55
  0.950967  -0.453215       0.55
    0.9514  -0.452194       0.55
  0.951834  -0.451176       0.55
  0.952267  -0.450161       0.55
  0.952701  -0.449149       0.55
  0.953134   -0.44814       0.55
  0.953568  -0.447133       0.55
  0.954001   -0.44613       0.55
  0.954435  -0.445129       0.55
  0.954868  -0.444131       0.55
  0.955302  -0.443136       0.55
  0.955735  -0.442144       0.55
  0.956169  -0.441155       0.55
  0.956602  -0.440168       0.55
  0.957036  -0.439184       0.55
  0.957469  -0.438203       0.55
  0.957903  -0.437225       0.55
  0.958336  -0.436249       0.55
   0.95877  -0.435277       0.55
  0.959203  -0.434307       0.55
  0.959637   -0.43334       0.55
   0.96007  -0.432375       0.55
  0.960504  -0.431413       0.55
  0.960937  -0.430454       0.55
   0.96137  -0.429498       0.55
  0.961804  -0.428544       0.55
  0.962237  -0.427593       0.55
  0.962671  -0.426645       0.55
  0.963104  -0.425699       0.55
  0.963538  -0.424756       0.55
  0.963971  -0.423816       0.55
  0.964405  -0.422878       0.55
  0.964838  -0.421943       0.55
  0.965272   -0.42101       0.55
  0.965705   -0.42008       0.55
  0.966139  -0.419153       0.55
  0.966572  -0.418228       0.55
  0.967006  -0.417306       0.55
  0.967439  -0.416386       0.55
  0.967873  -0.415469       0.55
  0.968306  -0.414555       0.55
   0.96874  -0.413643       0.55
  0.969173  -0.412734       0.55
  0.969607  -0.411827       0.55
   0.97004  -0.410923       0.55
  0.970473  -0.410021       0.55
  0.970907  -0.409122       0.55
   0.97134  -0.408225       0.55
  0.971774   -0.40733       0.55
  0.972207  -0.406439       0.55
  0.972641  -0.405549       0.55
  0.973074  -0.404662       0.55
  0.973508  -0.403778       0.55
  0.973941  -0.402896       0.55
  0.974375  -0.402016       0.55
  0.974808  -0.401139       0.55
  0.975242  -0.400265       0.55
  0.975675  -0.399392       0.55
  0.976109  -0.398522       0.55
  0.976542  -0.397655       0.55
  0.976976   -0.39679       0.55
  0.977409  -0.395927       0.55
  0.977843  -0.395067       0.55
  0.978276  -0.394209       0.55
   0.97871  -0.393353       0.55
  0.979143    -0.3925       0.55
  0.979577  -0.391649       0.55
   0.98001    -0.3908       0.55
  0.980443  -0.389954       0.55
  0.980877   -0.38911       0.55
   0.98131  -0.388269       0.55
  0.981744  -0.387429       0.55
  0.982177  -0.386592       0.55
  0.982611  -0.385757       0.55
  0.983044  -0.384925       0.55
  0.983478  -0.384095       0.55
  0.983911  -0.383267       0.55
  0.984345  -0.382441       0.55
  0.984778  -0.381618       0.55
  0.985212  -0.380797       0.55
  0.985645  -0.379978       0.55
  0.986079  -0.379161       0.55
  0.986512  -0.378347       0.55
  0.986946  -0.377534       0.55
  0.987379  -0.376724       0.55
  0.987813  -0.375916       0.55
  0.988246  -0.375111       0.55
   0.98868  -0.374307       0.55
  0.989113  -0.373506       0.55
  0.989547  -0.372707       0.55
   0.98998   -0.37191       0.55
  0.990413  -0.371115       0.55
  0.990847  -0.370322       0.55
   0.99128  -0.369532       0.55
  0.991714  -0.368743       0.55
  0.992147  -0.367957       0.55
  0.992581  -0.367173       0.55
  0.993014  -0.366391       0.55
  0.993448  -0.365611       0.55
  0.993881  -0.364833       0.55
  0.994315  -0.364057       0.55
  0.994748  -0.363284       0.55
  0.995182  -0.362512       0.55
  0.995615  -0.361743       0.55
  0.996049  -0.360975       0.55
  0.996482   -0.36021       0.55
  0.996916  -0.359447       0.55
  0.997349  -0.358685       0.55
  0.997783  -0.357926       0.55
  0.998216  -0.357169       0.55
   0.99865  -0.356414       0.55
  0.999083  -0.355661       0.55
  0.999517   -0.35491       0.55
   0.99995   -0.35416       0.55
   1.00038  -0.353413       0.55
   1.00082  -0.352668       0.55
   1.00125  -0.351925       0.55
   1.00168  -0.351184       0.55
   1.00212  -0.350445       0.55
   1.00255  -0.349708       0.55
   1.00298  -0.348972       0.55
   1.00342  -0.348239       0.55
   1.00385  -0.347508       0.55
   1.00428  -0.346778       0.55
   1.00472  -0.346051       0.55
   1.00515  -0.345325       0.55
   1.00559  -0.344602       0.55
   1.00602   -0.34388       0.55
   1.00645   -0.34316       0.55
   1.00689  -0.342442       0.55
   1.00732  -0.341726       0.55
   1.00775  -0.341012       0.55
   1.00819    -0.3403       0.55
   1.00862   -0.33959       0.55
   1.00905  -0.338881       0.55
   1.00949  -0.338175       0.55
   1.00992   -0.33747       0.55
   1.01035  -0.336767       0.55
   1.01079  -0.336066       0.55
   1.01122  -0.335367       0.55
   1.01165   -0.33467       0.55
   1.01209  -0.333975       0.55
   1.01252  -0.333281       0.55
   1.01295  -0.332589       0.55
   1.01339  -0.331899       0.55
   1.01382  -0.331211       0.55
   1.01425  -0.330525       0.55
   1.01469   -0.32984       0.55
   1.01512  -0.329157       0.55
   1.01556  -0.328476       0.55
   1.01599  -0.327797       0.55
   1.01642   -0.32712       0.55
   1.01686  -0.326444       0.55
   1.01729   -0.32577       0.55
   1.01772  -0.325098       0.55
   1.01816  -0.324427       0.55
   1.01859  -0.323759       0.55
   1.01902  -0.323092       0.55
   1.01946  -0.322427       0.55
   1.01989  -0.321763       0.55
   1.02032  -0.321102       0.55
   1.02076  -0.320442       0.55
   1.02119  -0.319783       0.55
   1.02162  -0.319127       0.55
   1.02206  -0.318472       0.55
   1.02249  -0.317819       0.55
   1.02292  -0.317168       0.55
   1.02336  -0.316518       0.55
   1.02379   -0.31587       0.55
   1.02422  -0.315223       0.55
   1.02466  -0.314579       0.55
   1.02509  -0.313936       0.55
   1.02553  -0.313294       0.55
   1.02596  -0.312654       0.55
   1.02639  -0.312016       0.55
   1.02683   -0.31138       0.55
   1.02726  -0.310745       0.55
   1.02769  -0.310112       0.55
   1.02813  -0.309481       0.55
   1.02856  -0.308851       0.55
   1.02899  -0.308222       0.55
   1.02943  -0.307596       0.55
   1.02986  -0.306971       0.55
   1.03029  -0.306347       0.55
   1.03073  -0.305725       0.55
   1.03116  -0.305105       0.55
   1.03159  -0.304487       0.55
   1.03203   -0.30387       0.55
   1.03246  -0.303254       0.55
   1.03289   -0.30264       0.55
   1.03333  -0.302028       0.55
   1.03376  -0.301417       0.55
   1.03419  -0.300808       0.55
   1.03463    -0.3002       0.55
   1.03506  -0.299594       0.55
    1.0355   -0.29899       0.55
   1.03593  -0.298387       0.55
   1.03636  -0.297785       0.55
    1.0368  -0.297185       0.55
   1.03723  -0.296587       0.55
   1.03766   -0.29599       0.55
    1.0381  -0.295395       0.55
   1.03853  -0.294801       0.55
   1.03896  -0.294209       0.55
    1.0394  -0.293618       0.55
   1.03983  -0.293028       0.55
   1.04026  -0.292441       0.55
    1.0407  -0.291854       0.55
   1.04113  -0.291269       0.55
   1.04156  -0.290686       0.55
     1.042  -0.290104       0.55
   1.04243  -0.289524       0.55
   1.04286  -0.288945       0.55
    1.0433  -0.288367       0.55
   1.04373  -0.287791       0.55
   1.04416  -0.287217       0.55
    1.0446  -0.286644       0.55
   1.04503  -0.286072       0.55
   1.04547  -0.285502       0.55
    1.0459  -0.284933       0.55
   1.04633  -0.284366       0.55
   1.04677    -0.2838       0.55
    1.0472  -0.283235       0.55
   1.04763  -0.282672       0.55
   1.04807  -0.282111       0.55
    1.0485  -0.281551       0.55
   1.04893  -0.280992       0.55
   1.04937  -0.280434       0.55
    1.0498  -0.279878       0.55
   1.05023  -0.279324       0.55
   1.05067   -0.27877       0.55
    1.0511  -0.278218       0.55
   1.05153  -0.277668       0.55
   1.05197  -0.277119       0.55
    1.0524  -0.276571       0.55
   1.05283  -0.276025       0.55
   1.05327   -0.27548       0.55
    1.0537  -0.274936       0.55
   1.05413  -0.274394       0.55
   1.05457  -0.273853       0.55
     1.055  -0.273314       0.55
   1.05544  -0.272775       0.55
   1.05587  -0.272238       0.55
    1.0563  -0.271703       0.55
   1.05674  -0.271169       0.55
   1.05717  -0.270636       0.55
    1.0576  -0.270104       0.55
   1.05804  -0.269574       0.55
   1.05847  -0.269045       0.55
    1.0589  -0.268517       0.55
   1.05934  -0.267991       0.55
   1.05977  -0.267466       0.55
    1.0602  -0.266942       0.55
   1.06064   -0.26642       0.55
   1.06107  -0.265899       0.55
    1.0615  -0.265379       0.55
   1.06194  -0.264861       0.55
   1.06237  -0.264343       0.55
    1.0628  -0.263827       0.55
   1.06324  -0.263313       0.55
   1.06367  -0.262799       0.55
    1.0641  -0.262287       0.55
   1.06454  -0.261776       0.55
   1.06497  -0.261267       0.55
   1.06541  -0.260758       0.55
   1.06584  -0.260251       0.55
   1.06627  -0.259745       0.55
   1.06671  -0.259241       0.55
   1.06714  -0.258737       0.55
   1.06757  -0.258235       0.55
   1.06801  -0.257734       0.55
   1.06844  -0.257234       0.55
   1.06887  -0.256736       0.55
   1.06931  -0.256239       0.55
   1.06974  -0.255743       0.55
   1.07017  -0.255248       0.55
   1.07061  -0.254754       0.55
   1.07104  -0.254262       0.55
   1.07147  -0.253771       0.55
   1.07191  -0.253281       0.55
   1.07234  -0.252792       0.55
   1.07277  -0.252304       0.55
   1.07321  -0.251818       0.55
   1.07364  -0.251333       0.55
   1.07407  -0.250849       0.55
   1.07451  -0.250366       0.55
   1.07494  -0.249884       0.55
   1.07538  -0.249404       0.55
   1.07581  -0.248924       0.55
   1.07624  -0.248446       0.55
   1.07668  -0.247969       0.55
   1.07711  -0.247493       0.55
   1.07754  -0.247018       0.55
   1.07798  -0.246545       0.55
   1.07841  -0.246072       0.55
   1.07884  -0.245601       0.55
   1.07928  -0.245131       0.55
   1.07971  -0.244662       0.55
   1.08014  -0.244194       0.55
   1.08058  -0.243727       0.55
   1.08101  -0.243262       0.55
   1.08144  -0.242797       0.55
   1.08188  -0.242334       0.55
   1.08231  -0.241872       0.55
   1.08274  -0.241411       0.55
   1.08318  -0.240951       0.55
   1.08361  -0.240492       0.55
   1.08404  -0.240034       0.55
   1.08448  -0.239577       0.55
   1.08491  -0.239122       0.55
   1.08535  -0.238667       0.55
   1.08578  -0.238214       0.55
   1.08621  -0.237762       0.55
   1.08665   -0.23731       0.55
   1.08708   -0.23686       0.55
   1.08751  -0.236411       0.55
   1.08795  -0.235963       0.55
   1.08838  -0.235516       0.55
   1.08881  -0.235071       0.55
   1.08925  -0.234626       0.55
   1.08968  -0.234182       0.55
   1.09011  -0.233739       0.55
   1.09055  -0.233298       0.55
   1.09098  -0.232857       0.55
   1.09141  -0.232418       0.55
   1.09185  -0.231979       0.55
   1.09228  -0.231542       0.55
   1.09271  -0.231106       0.55
   1.09315   -0.23067       0.55
   1.09358  -0.230236       0.55
   1.09401  -0.229803       0.55
   1.09445  -0.229371       0.55
   1.09488   -0.22894       0.55
   1.09532   -0.22851       0.55
   1.09575   -0.22808       0.55
   1.09618  -0.227652       0.55
   1.09662  -0.227225       0.55
   1.09705  -0.226799       0.55
   1.09748  -0.226374       0.55
   1.09792   -0.22595       0.55
   1.09835  -0.225527       0.55
   1.09878  -0.225105       0.55
   1.09922  -0.224684       0.55
   1.09965  -0.224264       0.55
   1.10008  -0.223845       0.55
   1.10052  -0.223427       0.55
   1.10095   -0.22301       0.55
   1.10138  -0.222594       0.55
   1.10182  -0.222178       0.55
   1.10225  -0.221764       0.55
   1.10268  -0.221351       0.55
   1.10312  -0.220939       0.55
   1.10355  -0.220528       0.55
   1.10398  -0.220118       0.55
   1.10442  -0.219708       0.55
   1.10485    -0.2193       0.55
   1.10529  -0.218893       0.55
   1.10572  -0.218486       0.55
   1.10615  -0.218081       0.55
   1.10659  -0.217676       0.55
   1.10702  -0.217273       0.55
   1.10745   -0.21687       0.55
   1.10789  -0.216469       0.55
   1.10832  -0.216068       0.55
   1.10875  -0.215668       0.55
   1.10919  -0.215269       0.55
   1.10962  -0.214871       0.55
   1.11005  -0.214474       0.55
   1.11049  -0.214078       0.55
   1.11092  -0.213683       0.55
   1.11135  -0.213289       0.55
   1.11179  -0.212896       0.55
   1.11222  -0.212503       0.55
   1.11265  -0.212112       0.55
   1.11309  -0.211721       0.55
   1.11352  -0.211332       0.55
   1.11395  -0.210943       0.55
   1.11439  -0.210555       0.55
   1.11482  -0.210168       0.55
   1.11526  -0.209782       0.55
   1.11569  -0.209397       0.55
   1.11612  -0.209013       0.55
   1.11656   -0.20863       0.55
   1.11699  -0.208247       0.55
   1.11742  -0.207866       0.55
   1.11786  -0.207485       0.55
   1.11829  -0.207105       0.55
   1.11872  -0.206726       0.55
   1.11916  -0.206348       0.55
   1.11959  -0.205971       0.55
   1.12002  -0.205595       0.55
   1.12046  -0.205219       0.55
   1.12089  -0.204845       0.55
   1.12132  -0.204471       0.55
   1.12176  -0.204098       0.55
   1.12219  -0.203726       0.55
   1.12262  -0.203355       0.55
   1.12306  -0.202985       0.55
   1.12349  -0.202616       0.55
   1.12392  -0.202247       0.55
   1.12436  -0.201879       0.55
   1.12479  -0.201512       0.55
   1.12523  -0.201146       0.55
   1.12566  -0.200781       0.55
   1.12609  -0.200417       0.55
   1.12653  -0.200053       0.55
   1.12696  -0.199691       0.55
   1.12739  -0.199329       0.55
   1.12783  -0.198968       0.55
   1.12826  -0.198608       0.55
   1.12869  -0.198248       0.55
   1.12913   -0.19789       0.55
   1.12956  -0.197532       0.55
   1.12999  -0.197175       0.55
   1.13043  -0.196819       0.55
   1.13086  -0.196464       0.55
   1.13129  -0.196109       0.55
   1.13173  -0.195756       0.55
   1.13216  -0.195403       0.55
   1.13259  -0.195051       0.55
   1.13303    -0.1947       0.55
   1.13346  -0.194349       0.55
   1.13389     -0.194       0.55
   1.13433  -0.193651       0.55
   1.13476  -0.193303       0.55
    1.1352  -0.192956       0.55
   1.13563  -0.192609       0.55
   1.13606  -0.192263       0.55
    1.1365  -0.191918       0.55
   1.13693  -0.191574       0.55
   1.13736  -0.191231       0.55
    1.1378  -0.190889       0.55
   1.13823  -0.190547       0.55
   1.13866  -0.190206       0.55
    1.1391  -0.189866       0.55
   1.13953  -0.189526       0.55
   1.13996  -0.189187       0.55
    1.1404  -0.188849       0.55
   1.14083  -0.188512       0.55
   1.14126  -0.188176       0.55
    1.1417   -0.18784       0.55
   1.14213  -0.187505       0.55
   1.14256  -0.187171       0.55
     1.143  -0.186838       0.55
   1.14343  -0.186505       0.55
   1.14386  -0.186173       0.55
    1.1443  -0.185842       0.55
   1.14473  -0.185512       0.55
   1.14517  -0.185182       0.55
    1.1456  -0.184853       0.55
   1.14603  -0.184525       0.55
   1.14647  -0.184198       0.55
    1.1469  -0.183871       0.55
   1.14733  -0.183545       0.55
   1.14777   -0.18322       0.55
    1.1482  -0.182895       0.55
   1.14863  -0.182572       0.55
   1.14907  -0.182248       0.55
    1.1495  -0.181926       0.55
   1.14993  -0.181605       0.55
   1.15037  -0.181284       0.55
    1.1508  -0.180963       0.55
   1.15123  -0.180644       0.55
   1.15167  -0.180325       0.55
    1.1521  -0.180007       0.55
   1.15253   -0.17969       0.55
   1.15297  -0.179373       0.55
    1.1534  -0.179057       0.55
   1.15383  -0.178742       0.55
   1.15427  -0.178428       0.55
    1.1547  -0.178114       0.55
   1.15514  -0.177801       0.55
   1.15557  -0.177488       0.55
     1.156  -0.177177       0.55
   1.15644  -0.176866       0.55
   1.15687  -0.176555       0.55
    1.1573  -0.176246       0.55
   1.15774  -0.175937       0.55
   1.15817  -0.175628       0.55
    1.1586  -0.175321       0.55
   1.15904  -0.175014       0.55
   1.15947  -0.174708       0.55
    1.1599  -0.174402       0.55
   1.16034  -0.174097       0.55
   1.16077  -0.173793       0.55
    1.1612   -0.17349       0.55
   1.16164  -0.173187       0.55
   1.16207  -0.172885       0.55
    1.1625  -0.172583       0.55
   1.16294  -0.172282       0.55
   1.16337  -0.171982       0.55
    1.1638  -0.171682       0.55
   1.16424  -0.171384       0.55
   1.16467  -0.171085       0.55
   1.16511  -0.170788       0.55
   1.16554  -0.170491       0.55
   1.16597  -0.170195       0.55
   1.16641  -0.169899       0.55
   1.16684  -0.169604       0.55
   1.16727   -0.16931       0.55
   1.16771  -0.169016       0.55
   1.16814  -0.168723       0.55
   1.16857  -0.168431       0.55
   1.16901  -0.168139       0.55
   1.16944  -0.167848       0.55
   1.16987  -0.167557       0.55
   1.17031  -0.167268       0.55
   1.17074  -0.166978       0.55
   1.17117   -0.16669       0.55
   1.17161  -0.166402       0.55
   1.17204  -0.166115       0.55
   1.17247  -0.165828       0.55
   1.17291  -0.165542       0.55
   1.17334  -0.165257       0.55
   1.17377  -0.164972       0.55
   1.17421  -0.164688       0.55
   1.17464  -0.164404       0.55
   1.17508  -0.164121       0.55
   1.17551  -0.163839       0.55
   1.17594  -0.163557       0.55
   1.17638  -0.163276       0.55
   1.17681  -0.162995       0.55
   1.17724  -0.162716       0.55
   1.17768  -0.162436       0.55
   1.17811  -0.162158       0.55
   1.17854   -0.16188       0.55
   1.17898  -0.161602       0.55
   1.17941  -0.161325       0.55
   1.17984  -0.161049       0.55
   1.18028  -0.160773       0.55
   1.18071  -0.160498       0.55
   1.18114  -0.160224       0.55
   1.18158   -0.15995       0.55
   1.18201  -0.159677       0.55
   1.18244  -0.159404       0.55
   1.18288  -0.159132       0.55
   1.18331   -0.15886       0.55
   1.18374  -0.158589       0.55
   1.18418  -0.158319       0.55
   1.18461  -0.158049       0.55
   1.18505   -0.15778       0.55
   1.18548  -0.157512       0.55
   1.18591  -0.157244       0.55
   1.18635  -0.156976       0.55
   1.18678  -0.156709       0.55
   1.18721  -0.156443       0.55
   1.18765  -0.156177       0.55
   1.18808  -0.155912       0.55
   1.18851  -0.155648       0.55
   1.18895  -0.155383       0.55
   1.18938   -0.15512       0.55
   1.18981  -0.154857       0.55
   1.19025  -0.154595       0.55
   1.19068  -0.154333       0.55
   1.19111  -0.154072       0.55
   1.19155  -0.153811       0.55
   1.19198  -0.153551       0.55
   1.19241  -0.153292       0.55
   1.19285  -0.153033       0.55
   1.19328  -0.152774       0.55
   1.19371  -0.152516       0.55
   1.19415  -0.152259       0.55
   1.19458  -0.152002       0.55
   1.19502  -0.151746       0.55
   1.19545   -0.15149       0.55
   1.19588  -0.151235       0.55
   1.19632  -0.150981       0.55
   1.19675  -0.150727       0.55
   1.19718  -0.150473       0.55
   1.19762   -0.15022       0.55
   1.19805  -0.149968       0.55
   1.19848  -0.149716       0.55
   1.19892  -0.149464       0.55
   1.19935  -0.149214       0.55
   1.19978  -0.148963       0.55
   1.20022  -0.148714       0.55
   1.20065  -0.148464       0.55
   1.20108  -0.148216       0.55
   1.20152  -0.147968       0.55
   1.20195   -0.14772       0.55
   1.20238  -0.147473       0.55
   1.20282  -0.147226       0.55
   1.20325   -0.14698       0.55
   1.20368  -0.146734       0.55
   1.20412  -0.146489       0.55
   1.20455  -0.146245       0.55
   1.20498  -0.146001       0.55
   1.20542  -0.145757       0.55
   1.20585  -0.145514       0.55
   1.20629  -0.145272       0.55
   1.20672   -0.14503       0.55
   1.20715  -0.144789       0.55
   1.20759  -0.144548       0.55
   1.20802  -0.144307       0.55
   1.20845  -0.144067       0.55
   1.20889  -0.143828       0.55
   1.20932  -0.143589       0.55
   1.20975  -0.143351       0.55
   1.21019  -0.143113       0.55
   1.21062  -0.142875       0.55
   1.21105  -0.142638       0.55
   1.21149  -0.142402       0.55
   1.21192  -0.142166       0.55
   1.21235   -0.14193       0.55
   1.21279  -0.141696       0.55
   1.21322  -0.141461       0.55
   1.21365  -0.141227       0.55
   1.21409  -0.140994       0.55
   1.21452  -0.140761       0.55
   1.21495  -0.140528       0.55
   1.21539  -0.140296       0.55
   1.21582  -0.140065       0.55
   1.21626  -0.139834       0.55
   1.21669  -0.139603       0.55
   1.21712  -0.139373       0.55
   1.21756  -0.139143       0.55
   1.21799  -0.138914       0.55
   1.21842  -0.138686       0.55
   1.21886  -0.138457       0.55
   1.21929   -0.13823       0.55
   1.21972  -0.138002       0.55
   1.22016  -0.137776       0.55
   1.22059  -0.137549       0.55
   1.22102  -0.137324       0.55
   1.22146  -0.137098       0.55
   1.22189  -0.136873       0.55
   1.22232  -0.136649       0.55
   1.22276  -0.136425       0.55
   1.22319  -0.136202       0.55
   1.22362  -0.135979       0.55
   1.22406  -0.135756       0.55
   1.22449  -0.135534       0.55
   1.22492  -0.135312       0.55
   1.22536  -0.135091       0.55
   1.22579   -0.13487       0.55
   1.22623   -0.13465       0.55
   1.22666   -0.13443       0.55
   1.22709  -0.134211       0.55
   1.22753  -0.133992       0.55
   1.22796  -0.133774       0.55
   1.22839  -0.133556       0.55
   1.22883  -0.133338       0.55
   1.22926  -0.133121       0.55
   1.22969  -0.132904       0.55
   1.23013  -0.132688       0.55
   1.23056  -0.132472       0.55
   1.23099  -0.132257       0.55
   1.23143  -0.132042       0.55
   1.23186  -0.131828       0.55
   1.23229  -0.131614       0.55
   1.23273    -0.1314       0.55
   1.23316  -0.131187       0.55
   1.23359  -0.130974       0.55
   1.23403  -0.130762       0.55
   1.23446   -0.13055       0.55
   1.23489  -0.130339       0.55
   1.23533  -0.130128       0.55
   1.23576  -0.129917       0.55
    1.2362  -0.129707       0.55
   1.23663  -0.129498       0.55
   1.23706  -0.129289       0.55
    1.2375   -0.12908       0.55
   1.23793  -0.128871       0.55
   1.23836  -0.128663       0.55
    1.2388  -0.128456       0.55
   1.23923  -0.128249       0.55
   1.23966  -0.128042       0.55
    1.2401  -0.127836       0.55
   1.24053   -0.12763       0.55
   1.24096  -0.127425       0.55
    1.2414   -0.12722       0.55
   1.24183  -0.127015       0.55
   1.24226  -0.126811       0.55
    1.2427  -0.126607       0.55
   1.24313  -0.126404       0.55
   1.24356  -0.126201       0.55
     1.244  -0.125998       0.55
   1.24443  -0.125796       0.55
   1.24486  -0.125595       0.55
    1.2453  -0.125393       0.55
   1.24573  -0.125192       0.55
   1.24617  -0.124992       0.55
    1.2466  -0.124792       0.55
   1.24703  -0.124592       0.55
   1.24747  -0.124393       0.55
    1.2479  -0.124194       0.55
   1.24833  -0.123996       0.55
   1.24877  -0.123798       0.55
    1.2492    -0.1236       0.55
   1.24963  -0.123403       0.55
   1.25007  -0.123206       0.55
    1.2505  -0.123009       0.55
   1.25093  -0.122813       0.55
   1.25137  -0.122618       0.55
    1.2518  -0.122422       0.55
   1.25223  -0.122227       0.55
   1.25267  -0.122033       0.55
    1.2531  -0.121839       0.55
   1.25353  -0.121645       0.55
   1.25397  -0.121452       0.55
    1.2544  -0.121259       0.55
   1.25483  -0.121066       0.55
   1.25527  -0.120874       0.55
    1.2557  -0.120682       0.55
   1.25614  -0.120491       0.55
   1.25657    -0.1203       0.55
     1.257  -0.120109       0.55
   1.25744  -0.119919       0.55
   1.25787  -0.119729       0.55
    1.2583   -0.11954       0.55
   1.25874  -0.119351       0.55
   1.25917  -0.119162       0.55
    1.2596  -0.118974       0.55
   1.26004  -0.118786       0.55
   1.26047  -0.118598       0.55
    1.2609  -0.118411       0.55
   1.26134  -0.118224       0.55
   1.26177  -0.118038       0.55
    1.2622  -0.117852       0.55
   1.26264  -0.117666       0.55
   1.26307  -0.117481       0.55
    1.2635  -0.117296       0.55
   1.26394  -0.117111       0.55
   1.26437  -0.116927       0.55
    1.2648  -0.116743       0.55
   1.26524  -0.116559       0.55
   1.26567  -0.116376       0.55
   1.26611  -0.116193       0.55
   1.26654  -0.116011       0.55
   1.26697  -0.115829       0.55
   1.26741  -0.115647       0.55
   1.26784  -0.115466       0.55
   1.26827  -0.115285       0.55
   1.26871  -0.115104       0.55
   1.26914  -0.114924       0.55
   1.26957  -0.114744       0.55
   1.27001  -0.114564       0.55
   1.27044  -0.114385       0.55
   1.27087  -0.114206       0.55
   1.27131  -0.114028       0.55
   1.27174   -0.11385       0.55
   1.27217  -0.113672       0.55
   1.27261  -0.113495       0.55
   1.27304  -0.113317       0.55
   1.27347  -0.113141       0.55
   1.27391  -0.112964       0.55
   1.27434  -0.112788       0.55
   1.27477  -0.112613       0.55
   1.27521  -0.112437       0.55
   1.27564  -0.112262       0.55
   1.27608  -0.112088       0.55
   1.27651  -0.111913       0.55
   1.27694  -0.111739       0.55
   1.27738  -0.111566       0.55
   1.27781  -0.111392       0.55
   1.27824  -0.111219       0.55
   1.27868  -0.111047       0.55
   1.27911  -0.110875       0.55
   1.27954  -0.110703       0.55
   1.27998  -0.110531       0.55
   1.28041   -0.11036       0.55
   1.28084  -0.110189       0.55
   1.28128  -0.110018       0.55
   1.28171  -0.109848       0.55
   1.28214  -0.109678       0.55
   1.28258  -0.109508       0.55
   1.28301  -0.109339       0.55
   1.28344   -0.10917       0.55
   1.28388  -0.109002       0.55
   1.28431  -0.108833       0.55
   1.28474  -0.108665       0.55
   1.28518  -0.108498       0.55
   1.28561  -0.108331       0.55
   1.28605  -0.108164       0.55
   1.28648  -0.107997       0.55
   1.28691  -0.107831       0.55
   1.28735  -0.107665       0.55
   1.28778  -0.107499       0.55
   1.28821  -0.107334       0.55
   1.28865  -0.107169       0.55
   1.28908  -0.107004       0.55
   1.28951   -0.10684       0.55
   1.28995  -0.106675       0.55
   1.29038  -0.106512       0.55
   1.29081  -0.106348       0.55
   1.29125  -0.106185       0.55
   1.29168  -0.106022       0.55
   1.29211   -0.10586       0.55
   1.29255  -0.105698       0.55
   1.29298  -0.105536       0.55
   1.29341  -0.105374       0.55
   1.29385  -0.105213       0.55
   1.29428  -0.105052       0.55
   1.29471  -0.104892       0.55
   1.29515  -0.104731       0.55
   1.29558  -0.104571       0.55
   1.29602  -0.104412       0.55
   1.29645  -0.104252       0.55
   1.29688  -0.104093       0.55
   1.29732  -0.103935       0.55
   1.29775  -0.103776       0.55
   1.29818  -0.103618       0.55
   1.29862   -0.10346       0.55
   1.29905  -0.103303       0.55
   1.29948  -0.103145       0.55
   1.29992  -0.102988       0.55
   1.30035  -0.102832       0.55
   1.30078  -0.102675       0.55
   1.30122  -0.102519       0.55
   1.30165  -0.102364       0.55
   1.30208  -0.102208       0.55
   1.30252  -0.102053       0.55
   1.30295  -0.101898       0.55
   1.30338  -0.101744       0.55
   1.30382   -0.10159       0.55
   1.30425  -0.101436       0.55
   1.30468  -0.101282       0.55
   1.30512  -0.101129       0.55
   1.30555  -0.100976       0.55
   1.30599  -0.100823       0.55
   1.30642   -0.10067       0.55
   1.30685  -0.100518       0.55
   1.30729  -0.100366       0.55
   1.30772  -0.100215       0.55
   1.30815  -0.100063       0.55
   1.30859 -0.0999124       0.55
   1.30902 -0.0997617       0.55
   1.30945 -0.0996112       0.55
   1.30989 -0.0994611       0.55
   1.31032 -0.0993112       0.55
   1.31075 -0.0991616       0.55
   1.31119 -0.0990123       0.55
   1.31162 -0.0988633       0.55
   1.31205 -0.0987146       0.55
   1.31249 -0.0985661       0.55
   1.31292 -0.0984179       0.55
   1.31335   -0.09827       0.55
   1.31379 -0.0981224       0.55
   1.31422 -0.0979751       0.55
   1.31465 -0.0978281       0.55
   1.31509 -0.0976813       0.55
   1.31552 -0.0975348       0.55
   1.31596 -0.0973886       0.55
   1.31639 -0.0972427       0.55
   1.31682  -0.097097       0.55
   1.31726 -0.0969516       0.55
   1.31769 -0.0968065       0.55
   1.31812 -0.0966617       0.55
   1.31856 -0.0965171       0.55
   1.31899 -0.0963728       0.55
   1.31942 -0.0962288       0.55
   1.31986 -0.0960851       0.55
   1.32029 -0.0959416       0.55
   1.32072 -0.0957984       0.55
   1.32116 -0.0956555       0.55
   1.32159 -0.0955128       0.55
   1.32202 -0.0953704       0.55
   1.32246 -0.0952283       0.55
   1.32289 -0.0950864       0.55
   1.32332 -0.0949448       0.55
   1.32376 -0.0948035       0.55
   1.32419 -0.0946625       0.55
   1.32462 -0.0945217       0.55
   1.32506 -0.0943811       0.55
   1.32549 -0.0942409       0.55
   1.32593 -0.0941009       0.55
   1.32636 -0.0939612       0.55
   1.32679 -0.0938217       0.55
   1.32723 -0.0936825       0.55
   1.32766 -0.0935435       0.55
   1.32809 -0.0934048       0.55
   1.32853 -0.0932664       0.55
   1.32896 -0.0931282       0.55
   1.32939 -0.0929903       0.55
   1.32983 -0.0928526       0.55
   1.33026 -0.0927153       0.55
   1.33069 -0.0925781       0.55
   1.33113 -0.0924412       0.55
   1.33156 -0.0923046       0.55
   1.33199 -0.0921682       0.55
   1.33243 -0.0920321       0.55
   1.33286 -0.0918962       0.55
   1.33329 -0.0917606       0.55
   1.33373 -0.0916253       0.55
   1.33416 -0.0914902       0.55
   1.33459 -0.0913553       0.55
   1.33503 -0.0912207       0.55
   1.33546 -0.0910864       0.55
    1.3359 -0.0909523       0.55
   1.33633 -0.0908184       0.55
   1.33676 -0.0906848       0.55
    1.3372 -0.0905514       0.55
   1.33763 -0.0904183       0.55
   1.33806 -0.0902855       0.55
    1.3385 -0.0901529       0.55
   1.33893 -0.0900205       0.55
   1.33936 -0.0898884       0.55
    1.3398 -0.0897565       0.55
   1.34023 -0.0896249       0.55
   1.34066 -0.0894935       0.55
    1.3411 -0.0893623       0.55
   1.34153 -0.0892314       0.55
   1.34196 -0.0891008       0.55
    1.3424 -0.0889703       0.55
   1.34283 -0.0888402       0.55
   1.34326 -0.0887102       0.55
    1.3437 -0.0885805       0.55
   1.34413 -0.0884511       0.55
   1.34456 -0.0883219       0.55
     1.345 -0.0881929       0.55
   1.34543 -0.0880641       0.55
   1.34587 -0.0879356       0.55
    1.3463 -0.0878074       0.55
   1.34673 -0.0876793       0.55
   1.34717 -0.0875515       0.55
    1.3476  -0.087424       0.55
   1.34803 -0.0872967       0.55
   1.34847 -0.0871696       0.55
    1.3489 -0.0870427       0.55
   1.34933 -0.0869161       0.55
   1.34977 -0.0867897       0.55
    1.3502 -0.0866635       0.55
   1.35063 -0.0865376       0.55
   1.35107 -0.0864119       0.55
    1.3515 -0.0862865       0.55
   1.35193 -0.0861612       0.55
   1.35237 -0.0860362       0.55
    1.3528 -0.0859114       0.55
   1.35323 -0.0857869       0.55
   1.35367 -0.0856626       0.55
    1.3541 -0.0855385       0.55
   1.35453 -0.0854146       0.55
   1.35497  -0.085291       0.55
    1.3554 -0.0851676       0.55
   1.35584 -0.0850444       0.55
   1.35627 -0.0849214       0.55
    1.3567 -0.0847987       0.55
   1.35714 -0.0846762       0.55
   1.35757 -0.0845539       0.55
     1.358 -0.0844318       0.55
   1.35844   -0.08431       0.55
   1.35887 -0.0841884       0.55
    1.3593  -0.084067       0.55
   1.35974 -0.0839458       0.55
   1.36017 -0.0838248       0.55
    1.3606 -0.0837041       0.55
   1.36104 -0.0835836       0.55
   1.36147 -0.0834633       0.55
    1.3619 -0.0833432       0.55
   1.36234 -0.0832234       0.55
   1.36277 -0.0831037       0.55
    1.3632 -0.0829843       0.55
   1.36364 -0.0828651       0.55
   1.36407 -0.0827461       0.55
    1.3645 -0.0826273       0.55
   1.36494 -0.0825088       0.55
   1.36537 -0.0823904       0.55
   1.36581 -0.0822723       0.55
   1.36624 -0.0821544       0.55
   1.36667 -0.0820367       0.55
   1.36711 -0.0819192       0.55
   1.36754 -0.0818019       0.55
   1.36797 -0.0816848       0.55
   1.36841  -0.081568       0.55
   1.36884 -0.0814513       0.55
   1.36927 -0.0813349       0.55
   1.36971 -0.0812187       0.55
   1.37014 -0.0811027       0.55
   1.37057 -0.0809869       0.55
   1.37101 -0.0808713       0.55
   1.37144 -0.0807559       0.55
   1.37187 -0.0806407       0.55
   1.37231 -0.0805258       0.55
   1.37274  -0.080411       0.55
   1.37317 -0.0802964       0.55
   1.37361 -0.0801821       0.55
   1.37404 -0.0800679       0.55
   1.37447  -0.079954       0.55
   1.37491 -0.0798403       0.55
   1.37534 -0.0797267       0.55
   1.37578 -0.0796134       0.55
   1.37621 -0.0795003       0.55
   1.37664 -0.0793874       0.55
   1.37708 -0.0792747       0.55
   1.37751 -0.0791622       0.55
   1.37794 -0.0790498       0.55
   1.37838 -0.0789377       0.55
   1.37881 -0.0788258       0.55
   1.37924 -0.0787141       0.55
   1.37968 -0.0786026       0.55
   1.38011 -0.0784913       0.55
   1.38054 -0.0783802       0.55
   1.38098 -0.0782693       0.55
   1.38141 -0.0781586       0.55
   1.38184  -0.078048       0.55
   1.38228 -0.0779377       0.55
   1.38271 -0.0778276       0.55
   1.38314 -0.0777177       0.55
   1.38358  -0.077608       0.55
   1.38401 -0.0774984       0.55
   1.38444 -0.0773891       0.55
   1.38488 -0.0772799       0.55
   1.38531  -0.077171       0.55
   1.38575 -0.0770622       0.55
   1.38618 -0.0769537       0.55
   1.38661 -0.0768453       0.55
   1.38705 -0.0767371       0.55
   1.38748 -0.0766292       0.55
   1.38791 -0.0765214       0.55
   1.38835 -0.0764138       0.55
   1.38878 -0.0763064       0.55
   1.38921 -0.0761992       0.55
   1.38965 -0.0760921       0.55
   1.39008 -0.0759853       0.55
   1.39051 -0.0758786       0.55
   1.39095 -0.0757722       0.55
   1.39138 -0.0756659       0.55
   1.39181 -0.0755598       0.55
   1.39225 -0.0754539       0.55
   1.39268 -0.0753482       0.55
   1.39311 -0.0752427       0.55
   1.39355 -0.0751374       0.55
   1.39398 -0.0750322       0.55
   1.39441 -0.0749273       0.55
   1.39485 -0.0748225       0.55
   1.39528 -0.0747179       0.55
   1.39572 -0.0746135       0.55
   1.39615 -0.0745093       0.55
   1.39658 -0.0744053       0.55
   1.39702 -0.0743014       0.55
   1.39745 -0.0741977       0.55
   1.39788 -0.0740943       0.55
   1.39832  -0.073991       0.55
   1.39875 -0.0738878       0.55
   1.39918 -0.0737849       0.55
   1.39962 -0.0736821       0.55
   1.40005 -0.0735796       0.55
   1.40048 -0.0734772       0.55
   1.40092 -0.0733749       0.55
   1.40135 -0.0732729       0.55
   1.40178 -0.0731711       0.55
   1.40222 -0.0730694       0.55
   1.40265 -0.0729679       0.55
   1.40308 -0.0728665       0.55
   1.40352 -0.0727654       0.55
   1.40395 -0.0726644       0.55
   1.40438 -0.0725636       0.55
   1.40482  -0.072463       0.55
   1.40525 -0.0723626       0.55
   1.40569 -0.0722623       0.55
   1.40612 -0.0721622       0.55
   1.40655 -0.0720623       0.55
   1.40699 -0.0719626       0.55
   1.40742  -0.071863       0.55
   1.40785 -0.0717636       0.55
   1.40829 -0.0716644       0.55
   1.40872 -0.0715654       0.55
   1.40915 -0.0714665       0.55
   1.40959 -0.0713678       0.55
   1.41002 -0.0712693       0.55
   1.41045 -0.0711709       0.55
   1.41089 -0.0710728       0.55
   1.41132 -0.0709748       0.55
   1.41175 -0.0708769       0.55
   1.41219 -0.0707793       0.55
   1.41262 -0.0706818       0.55
   1.41305 -0.0705844       0.55
   1.41349 -0.0704873       0.55
   1.41392 -0.0703903       0.55
   1.41435 -0.0702935       0.55
   1.41479 -0.0701968       0.55
   1.41522 -0.0701003       0.55
   1.41566  -0.070004       0.55
   1.41609 -0.0699078       0.55
   1.41652 -0.0698119       0.55
   1.41696  -0.069716       0.55
   1.41739 -0.0696204       0.55
   1.41782 -0.0695249       0.55
   1.41826 -0.0694296       0.55
   1.41869 -0.0693344       0.55
   1.41912 -0.0692394       0.55
   1.41956 -0.0691446       0.55
   1.41999   -0.06905       0.55
   1.42042 -0.0689555       0.55
   1.42086 -0.0688611       0.55
   1.42129  -0.068767       0.55
   1.42172 -0.0686729       0.55
   1.42216 -0.0685791       0.55
   1.42259 -0.0684854       0.55
   1.42302 -0.0683919       0.55
   1.42346 -0.0682985       0.55
   1.42389 -0.0682053       0.55
   1.42432 -0.0681123       0.55
   1.42476 -0.0680194       0.55
   1.42519 -0.0679267       0.55
   1.42563 -0.0678341       0.55
   1.42606 -0.0677417       0.55
   1.42649 -0.0676495       0.55
   1.42693 -0.0675574       0.55
   1.42736 -0.0674655       0.55
   1.42779 -0.0673737       0.55
   1.42823 -0.0672821       0.55
   1.42866 -0.0671907       0.55
   1.42909 -0.0670994       0.55
   1.42953 -0.0670082       0.55
   1.42996 -0.0669172       0.55
   1.43039 -0.0668264       0.55
   1.43083 -0.0667357       0.55
   1.43126 -0.0666452       0.55
   1.43169 -0.0665549       0.55
   1.43213 -0.0664647       0.55
   1.43256 -0.0663746       0.55
   1.43299 -0.0662847       0.55
   1.43343  -0.066195       0.55
   1.43386 -0.0661054       0.55
   1.43429  -0.066016       0.55
   1.43473 -0.0659267       0.55
   1.43516 -0.0658375       0.55
    1.4356 -0.0657486       0.55
   1.43603 -0.0656597       0.55
   1.43646 -0.0655711       0.55
    1.4369 -0.0654825       0.55
   1.43733 -0.0653942       0.55
   1.43776  -0.065306       0.55
    1.4382 -0.0652179       0.55
   1.43863   -0.06513       0.55
   1.43906 -0.0650422       0.55
    1.4395 -0.0649546       0.55
   1.43993 -0.0648671       0.55
   1.44036 -0.0647798       0.55
    1.4408 -0.0646926       0.55
   1.44123 -0.0646056       0.55
   1.44166 -0.0645187       0.55
    1.4421  -0.064432       0.55
   1.44253 -0.0643454       0.55
   1.44296 -0.0642589       0.55
    1.4434 -0.0641726       0.55
   1.44383 -0.0640865       0.55
   1.44426 -0.0640005       0.55
    1.4447 -0.0639146       0.55
   1.44513 -0.0638289       0.55
   1.44557 -0.0637434       0.55
     1.446  -0.063658       0.55
   1.44643 -0.0635727       0.55
   1.44687 -0.0634876       0.55
    1.4473 -0.0634026       0.55
   1.44773 -0.0633177       0.55
   1.44817  -0.063233       0.55
    1.4486 -0.0631485       0.55
   1.44903 -0.0630641       0.55
   1.44947 -0.0629798       0.55
    1.4499 -0.0628957       0.55
   1.45033 -0.0628117       0.55
   1.45077 -0.0627279       0.55
    1.4512 -0.0626442       0.55
   1.45163 -0.0625606       0.55
   1.45207 -0.0624772       0.55
    1.4525 -0.0623939       0.55
   1.45293 -0.0623108       0.55
   1.45337 -0.0622278       0.55
    1.4538 -0.0621449       0.55
   1.45423 -0.0620622       0.55
   1.45467 -0.0619796       0.55
    1.4551 -0.0618972       0.55
   1.45554 -0.0618149       0.55
   1.45597 -0.0617327       0.55
    1.4564 -0.0616507       0.55
   1.45684 -0.0615688       0.55
   1.45727  -0.061487       0.55
    1.4577 -0.0614054       0.55
   1.45814 -0.0613239       0.55
   1.45857 -0.0612426       0.55
     1.459 -0.0611614       0.55
   1.45944 -0.0610803       0.55
   1.45987 -0.0609994       0.55
    1.4603 -0.0609186       0.55
   1.46074 -0.0608379       0.55
   1.46117 -0.0607574       0.55
    1.4616  -0.060677       0.55
   1.46204 -0.0605967       0.55
   1.46247 -0.0605166       0.55
    1.4629 -0.0604366       0.55
   1.46334 -0.0603568       0.55
   1.46377  -0.060277       0.55
    1.4642 -0.0601974       0.55
   1.46464  -0.060118       0.55
   1.46507 -0.0600387       0.55
   1.46551 -0.0599595       0.55
   1.46594 -0.0598804       0.55
   1.46637 -0.0598015       0.55
   1.46681 -0.0597227       0.55
   1.46724  -0.059644       0.55
   1.46767 -0.0595655       0.55
   1.46811 -0.0594871       0.55
   1.46854 -0.0594088       0.55
   1.46897 -0.0593306       0.55
   1.46941 -0.0592526       0.55
   1.46984 -0.0591747       0.55
   1.47027  -0.059097       0.55
   1.47071 -0.0590194       0.55
   1.47114 -0.0589419       0.55
   1.47157 -0.0588645       0.55
   1.47201 -0.0587872       0.55
   1.47244 -0.0587101       0.55
   1.47287 -0.0586331       0.55
   1.47331 -0.0585563       0.55
   1.47374 -0.0584796       0.55
   1.47417 -0.0584029       0.55
   1.47461 -0.0583265       0.55
   1.47504 -0.0582501       0.55
   1.47548 -0.0581739       0.55
   1.47591 -0.0580978       0.55
   1.47634 -0.0580218       0.55
   1.47678  -0.057946       0.55
   1.47721 -0.0578702       0.55
   1.47764 -0.0577946       0.55
   1.47808 -0.0577192       0.55
   1.47851 -0.0576438       0.55
   1.47894 -0.0575686       0.55
   1.47938 -0.0574935       0.55
   1.47981 -0.0574185       0.55
   1.48024 -0.0573437       0.55
   1.48068 -0.0572689       0.55
   1.48111 -0.0571943       0.55
   1.48154 -0.0571199       0.55
   1.48198 -0.0570455       0.55
   1.48241 -0.0569712       0.55
   1.48284 -0.0568971       0.55
   1.48328 -0.0568231       0.55
   1.48371 -0.0567493       0.55
   1.48414 -0.0566755       0.55
   1.48458 -0.0566019       0.55
   1.48501 -0.0565284       0.55
   1.48545  -0.056455       0.55
   1.48588 -0.0563817       0.55
   1.48631 -0.0563086       0.55
   1.48675 -0.0562355       0.55
   1.48718 -0.0561626       0.55
   1.48761 -0.0560898       0.55
   1.48805 -0.0560172       0.55
   1.48848 -0.0559446       0.55
   1.48891 -0.0558722       0.55
   1.48935 -0.0557999       0.55
   1.48978 -0.0557277       0.55
   1.49021 -0.0556556       0.55
   1.49065 -0.0555836       0.55
   1.49108 -0.0555118       0.55
   1.49151   -0.05544       0.55
   1.49195 -0.0553684       0.55
   1.49238 -0.0552969       0.55
   1.49281 -0.0552256       0.55
   1.49325 -0.0551543       0.55
   1.49368 -0.0550832       0.55
   1.49411 -0.0550121       0.55
   1.49455 -0.0549412       0.55
   1.49498 -0.0548704       0.55
   1.49542 -0.0547997       0.55
   1.49585 -0.0547292       0.55
   1.49628 -0.0546587       0.55
   1.49672 -0.0545884       0.55
   1.49715 -0.0545182       0.55
   1.49758  -0.054448       0.55
   1.49802 -0.0543781       0.55
   1.49845 -0.0543082       0.55
   1.49888 -0.0542384       0.55
   1.49932 -0.0541687       0.55
   1.49975 -0.0540992       0.55
   1.50018 -0.0540298       0.55
   1.50062 -0.0539605       0.55
   1.50105 -0.0538913       0.55
   1.50148 -0.0538222       0.55
   1.50192 -0.0537532       0.55
   1.50235 -0.0536843       0.55
   1.50278 -0.0536156       0.55
   1.50322 -0.0535469       0.55
   1.50365 -0.0534784       0.55
   1.50408   -0.05341       0.55
   1.50452 -0.0533416       0.55
   1.50495 -0.0532734       0.55
   1.50539 -0.0532053       0.55
   1.50582 -0.0531374       0.55
   1.50625 -0.0530695       0.55
   1.50669 -0.0530017       0.55
   1.50712 -0.0529341       0.55
   1.50755 -0.0528665       0.55
   1.50799 -0.0527991       0.55
   1.50842 -0.0527318       0.55
   1.50885 -0.0526645       0.55
   1.50929 -0.0525974       0.55
   1.50972 -0.0525304       0.55
   1.51015 -0.0524635       0.55
   1.51059 -0.0523967       0.55
   1.51102 -0.0523301       0.55
   1.51145 -0.0522635       0.55
   1.51189  -0.052197       0.55
   1.51232 -0.0521307       0.55
   1.51275 -0.0520644       0.55
   1.51319 -0.0519983       0.55
   1.51362 -0.0519322       0.55
   1.51405 -0.0518663       0.55
   1.51449 -0.0518004       0.55
   1.51492 -0.0517347       0.55
   1.51536 -0.0516691       0.55
   1.51579 -0.0516036       0.55
   1.51622 -0.0515382       0.55
   1.51666 -0.0514729       0.55
   1.51709 -0.0514077       0.55
   1.51752 -0.0513426       0.55
   1.51796 -0.0512776       0.55
   1.51839 -0.0512127       0.55
   1.51882 -0.0511479       0.55
   1.51926 -0.0510832       0.55
   1.51969 -0.0510187       0.55
   1.52012 -0.0509542       0.55
   1.52056 -0.0508898       0.55
   1.52099 -0.0508256       0.55
   1.52142 -0.0507614       0.55
   1.52186 -0.0506973       0.55
   1.52229 -0.0506334       0.55
   1.52272 -0.0505695       0.55
   1.52316 -0.0505057       0.55
   1.52359 -0.0504421       0.55
   1.52402 -0.0503785       0.55
   1.52446 -0.0503151       0.55
   1.52489 -0.0502517       0.55
   1.52533 -0.0501885       0.55
   1.52576 -0.0501253       0.55
   1.52619 -0.0500623       0.55
   1.52663 -0.0499993       0.55
   1.52706 -0.0499365       0.55
   1.52749 -0.0498737       0.55
   1.52793 -0.0498111       0.55
   1.52836 -0.0497485       0.55
   1.52879 -0.0496861       0.55
   1.52923 -0.0496237       0.55
   1.52966 -0.0495615       0.55
   1.53009 -0.0494993       0.55
   1.53053 -0.0494372       0.55
   1.53096 -0.0493753       0.55
   1.53139 -0.0493134       0.55
   1.53183 -0.0492517       0.55
   1.53226   -0.04919       0.55
   1.53269 -0.0491284       0.55
   1.53313  -0.049067       0.55
   1.53356 -0.0490056       0.55
   1.53399 -0.0489443       0.55
   1.53443 -0.0488831       0.55
   1.53486  -0.048822       0.55
    1.5353 -0.0487611       0.55
   1.53573 -0.0487002       0.55
   1.53616 -0.0486394       0.55
    1.5366 -0.0485787       0.55
   1.53703 -0.0485181       0.55
   1.53746 -0.0484576       0.55
    1.5379 -0.0483971       0.55
   1.53833 -0.0483368       0.55
   1.53876 -0.0482766       0.55
    1.5392 -0.0482165       0.55
   1.53963 -0.0481564       0.55
   1.54006 -0.0480965       0.55
    1.5405 -0.0480367       0.55
   1.54093 -0.0479769       0.55
   1.54136 -0.0479172       0.55
    1.5418 -0.0478577       0.55
   1.54223 -0.0477982       0.55
   1.54266 -0.0477388       0.55
    1.5431 -0.0476796       0.55
   1.54353 -0.0476204       0.55
   1.54396 -0.0475613       0.55
    1.5444 -0.0475023       0.55
   1.54483 -0.0474433       0.55
   1.54527 -0.0473845       0.55
    1.5457 -0.0473258       0.55
   1.54613 -0.0472672       0.55
   1.54657 -0.0472086       0.55
     1.547 -0.0471502       0.55
   1.54743 -0.0470918       0.55
   1.54787 -0.0470335       0.55
    1.5483 -0.0469754       0.55
   1.54873 -0.0469173       0.55
   1.54917 -0.0468593       0.55
    1.5496 -0.0468014       0.55
   1.55003 -0.0467435       0.55
   1.55047 -0.0466858       0.55
    1.5509 -0.0466282       0.55
   1.55133 -0.0465706       0.55
   1.55177 -0.0465132       0.55
    1.5522 -0.0464558       0.55
   1.55263 -0.0463985       0.55
   1.55307 -0.0463413       0.55
    1.5535 -0.0462842       0.55
   1.55393 -0.0462272       0.55
   1.55437 -0.0461703       0.55
    1.5548 -0.0461135       0.55
   1.55524 -0.0460567       0.55
   1.55567 -0.0460001       0.55
    1.5561 -0.0459435       0.55
   1.55654  -0.045887       0.55
   1.55697 -0.0458306       0.55
    1.5574 -0.0457743       0.55
   1.55784 -0.0457181       0.55
   1.55827  -0.045662       0.55
    1.5587 -0.0456059       0.55
   1.55914   -0.04555       0.55
   1.55957 -0.0454941       0.55
      1.56 -0.0454383       0.55
   1.56044 -0.0453826       0.55
   1.56087  -0.045327       0.55
    1.5613 -0.0452715       0.55
   1.56174  -0.045216       0.55
   1.56217 -0.0451607       0.55
    1.5626 -0.0451054       0.55
   1.56304 -0.0450502       0.55
   1.56347 -0.0449951       0.55
    1.5639 -0.0449401       0.55
   1.56434 -0.0448852       0.55
   1.56477 -0.0448303       0.55
   1.56521 -0.0447756       0.55
   1.56564 -0.0447209       0.55
   1.56607 -0.0446663       0.55
   1.56651 -0.0446118       0.55
   1.56694 -0.0445574       0.55
   1.56737  -0.044503       0.55
   1.56781 -0.0444488       0.55
   1.56824 -0.0443946       0.55
   1.56867 -0.0443405       0.55
   1.56911 -0.0442865       0.55
   1.56954 -0.0442326       0.55
   1.56997 -0.0441788       0.55
   1.57041  -0.044125       0.55
   1.57084 -0.0440713       0.55
   1.57127 -0.0440177       0.55
   1.57171 -0.0439642       0.55
   1.57214 -0.0439108       0.55
   1.57257 -0.0438575       0.55
   1.57301 -0.0438042       0.55
   1.57344  -0.043751       0.55
   1.57387 -0.0436979       0.55
   1.57431 -0.0436449       0.55
   1.57474  -0.043592       0.55
   1.57518 -0.0435391       0.55
   1.57561 -0.0434863       0.55
   1.57604 -0.0434336       0.55
   1.57648  -0.043381       0.55
   1.57691 -0.0433285       0.55
   1.57734  -0.043276       0.55
   1.57778 -0.0432237       0.55
   1.57821 -0.0431714       0.55
   1.57864 -0.0431192       0.55
   1.57908  -0.043067       0.55
   1.57951  -0.043015       0.55
   1.57994  -0.042963       0.55
   1.58038 -0.0429111       0.55
   1.58081 -0.0428593       0.55
   1.58124 -0.0428076       0.55
   1.58168 -0.0427559       0.55
   1.58211 -0.0427043       0.55
   1.58254 -0.0426528       0.55
   1.58298 -0.0426014       0.55
   1.58341 -0.0425501       0.55
   1.58384 -0.0424988       0.55
   1.58428 -0.0424476       0.55
   1.58471 -0.0423965       0.55
   1.58515 -0.0423455       0.55
   1.58558 -0.0422945       0.55
   1.58601 -0.0422436       0.55
   1.58645 -0.0421928       0.55
   1.58688 -0.0421421       0.55
   1.58731 -0.0420915       0.55
   1.58775 -0.0420409       0.55
   1.58818 -0.0419904       0.55
   1.58861   -0.04194       0.55
   1.58905 -0.0418896       0.55
   1.58948 -0.0418394       0.55
   1.58991 -0.0417892       0.55
   1.59035 -0.0417391       0.55
   1.59078 -0.0416891       0.55
   1.59121 -0.0416391       0.55
   1.59165 -0.0415892       0.55
   1.59208 -0.0415394       0.55
   1.59251 -0.0414897       0.55
   1.59295   -0.04144       0.55
   1.59338 -0.0413904       0.55
   1.59381 -0.0413409       0.55
   1.59425 -0.0412915       0.55
   1.59468 -0.0412421       0.55
   1.59512 -0.0411928       0.55
   1.59555 -0.0411436       0.55
   1.59598 -0.0410945       0.55
   1.59642 -0.0410454       0.55
   1.59685 -0.0409965       0.55
   1.59728 -0.0409475       0.55
   1.59772 -0.0408987       0.55
   1.59815 -0.0408499       0.55
   1.59858 -0.0408012       0.55
   1.59902 -0.0407526       0.55
   1.59945 -0.0407041       0.55
   1.59988 -0.0406556       0.55
   1.60032 -0.0406072       0.55
   1.60075 -0.0405589       0.55
   1.60118 -0.0405106       0.55
   1.60162 -0.0404624       0.55
   1.60205 -0.0404143       0.55
   1.60248 -0.0403663       0.55
   1.60292 -0.0403183       0.55
   1.60335 -0.0402704       0.55
   1.60378 -0.0402226       0.55
   1.60422 -0.0401749       0.55
   1.60465 -0.0401272       0.55
   1.60509 -0.0400796       0.55
   1.60552  -0.040032       0.55
   1.60595 -0.0399846       0.55
   1.60639 -0.0399372       0.55
   1.60682 -0.0398899       0.55
   1.60725 -0.0398426       0.55
   1.60769 -0.0397954       0.55
   1.60812 -0.0397483       0.55
   1.60855 -0.0397013       0.55
   1.60899 -0.0396543       0.55
   1.60942 -0.0396074       0.55
   1.60985 -0.0395606       0.55
   1.61029 -0.0395138       0.55
   1.61072 -0.0394671       0.55
   1.61115 -0.0394205       0.55
   1.61159 -0.0393739       0.55
   1.61202 -0.0393275       0.55
   1.61245 -0.0392811       0.55
   1.61289 -0.0392347       0.55
   1.61332 -0.0391884       0.55
   1.61375 -0.0391422       0.55
   1.61419 -0.0390961       0.55
   1.61462   -0.03905       0.55
   1.61506  -0.039004       0.55
   1.61549 -0.0389581       0.55
   1.61592 -0.0389122       0.55
   1.61636 -0.0388664       0.55
   1.61679 -0.0388207       0.55
   1.61722 -0.0387751       0.55
   1.61766 -0.0387295       0.55
   1.61809 -0.0386839       0.55
   1.61852 -0.0386385       0.55
   1.61896 -0.0385931       0.55
   1.61939 -0.0385478       0.55
   1.61982 -0.0385025       0.55
   1.62026 -0.0384573       0.55
   1.62069 -0.0384122       0.55
   1.62112 -0.0383672       0.55
   1.62156 -0.0383222       0.55
   1.62199 -0.0382773       0.55
   1.62242 -0.0382324       0.55
   1.62286 -0.0381876       0.55
   1.62329 -0.0381429       0.55
   1.62372 -0.0380982       0.55
   1.62416 -0.0380537       0.55
   1.62459 -0.0380091       0.55
   1.62503 -0.0379647       0.55
   1.62546 -0.0379203       0.55
   1.62589  -0.037876       0.55
   1.62633 -0.0378317       0.55
   1.62676 -0.0377875       0.55
   1.62719 -0.0377434       0.55
   1.62763 -0.0376993       0.55
   1.62806 -0.0376553       0.55
   1.62849 -0.0376114       0.55
   1.62893 -0.0375675       0.55
   1.62936 -0.0375237       0.55
   1.62979   -0.03748       0.55
   1.63023 -0.0374363       0.55
   1.63066 -0.0373927       0.55
   1.63109 -0.0373491       0.55
   1.63153 -0.0373056       0.55
   1.63196 -0.0372622       0.55
   1.63239 -0.0372189       0.55
   1.63283 -0.0371756       0.55
   1.63326 -0.0371323       0.55
   1.63369 -0.0370892       0.55
   1.63413 -0.0370461       0.55
   1.63456  -0.037003       0.55
   1.63499 -0.0369601       0.55
   1.63543 -0.0369171       0.55
   1.63586 -0.0368743       0.55
    1.6363 -0.0368315       0.55
   1.63673 -0.0367888       0.55
   1.63716 -0.0367461       0.55
    1.6376 -0.0367035       0.55
   1.63803  -0.036661       0.55
   1.63846 -0.0366185       0.55
    1.6389 -0.0365761       0.55
   1.63933 -0.0365337       0.55
   1.63976 -0.0364915       0.55
    1.6402 -0.0364492       0.55
   1.64063 -0.0364071       0.55
   1.64106  -0.036365       0.55
    1.6415 -0.0363229       0.55
   1.64193 -0.0362809       0.55
   1.64236  -0.036239       0.55
    1.6428 -0.0361972       0.55
   1.64323 -0.0361554       0.55
   1.64366 -0.0361136       0.55
    1.6441 -0.0360719       0.55
   1.64453 -0.0360303       0.55
   1.64496 -0.0359888       0.55
    1.6454 -0.0359473       0.55
   1.64583 -0.0359058       0.55
   1.64627 -0.0358645       0.55
    1.6467 -0.0358232       0.55
   1.64713 -0.0357819       0.55
   1.64757 -0.0357407       0.55
     1.648 -0.0356996       0.55
   1.64843 -0.0356585       0.55
   1.64887 -0.0356175       0.55
    1.6493 -0.0355765       0.55
   1.64973 -0.0355356       0.55
   1.65017 -0.0354948       0.55
    1.6506  -0.035454       0.55
   1.65103 -0.0354133       0.55
   1.65147 -0.0353727       0.55
    1.6519 -0.0353321       0.55
   1.65233 -0.0352915       0.55
   1.65277  -0.035251       0.55
    1.6532 -0.0352106       0.55
   1.65363 -0.0351702       0.55
   1.65407 -0.0351299       0.55
    1.6545 -0.0350897       0.55
   1.65493 -0.0350495       0.55
   1.65537 -0.0350094       0.55
    1.6558 -0.0349693       0.55
   1.65624 -0.0349293       0.55
   1.65667 -0.0348893       0.55
    1.6571 -0.0348494       0.55
   1.65754 -0.0348096       0.55
   1.65797 -0.0347698       0.55
    1.6584 -0.0347301       0.55
   1.65884 -0.0346904       0.55
   1.65927 -0.0346508       0.55
    1.6597 -0.0346112       0.55
   1.66014 -0.0345717       0.55
   1.66057 -0.0345323       0.55
     1.661 -0.0344929       0.55
   1.66144 -0.0344536       0.55
   1.66187 -0.0344143       0.55
    1.6623 -0.0343751       0.55
   1.66274 -0.0343359       0.55
   1.66317 -0.0342968       0.55
    1.6636 -0.0342578       0.55
   1.66404 -0.0342188       0.55
   1.66447 -0.0341798       0.55
    1.6649  -0.034141       0.55
   1.66534 -0.0341021       0.55
   1.66577 -0.0340634       0.55
   1.66621 -0.0340247       0.55
   1.66664  -0.033986       0.55
   1.66707 -0.0339474       0.55
   1.66751 -0.0339089       0.55
   1.66794 -0.0338704       0.55
   1.66837 -0.0338319       0.55
   1.66881 -0.0337936       0.55
   1.66924 -0.0337552       0.55
   1.66967  -0.033717       0.55
   1.67011 -0.0336788       0.55
   1.67054 -0.0336406       0.55
   1.67097 -0.0336025       0.55
   1.67141 -0.0335644       0.55
   1.67184 -0.0335264       0.55
   1.67227 -0.0334885       0.55
   1.67271 -0.0334506       0.55
   1.67314 -0.0334128       0.55
   1.67357  -0.033375       0.55
   1.67401 -0.0333373       0.55
   1.67444 -0.0332996       0.55
   1.67487  -0.033262       0.55
   1.67531 -0.0332244       0.55
   1.67574 -0.0331869       0.55
   1.67618 -0.0331494       0.55
   1.67661  -0.033112       0.55
   1.67704 -0.0330747       0.55
   1.67748 -0.0330374       0.55
   1.67791 -0.0330001       0.55
   1.67834 -0.0329629       0.55
   1.67878 -0.0329258       0.55
   1.67921 -0.0328887       0.55
   1.67964 -0.0328517       0.55
   1.68008 -0.0328147       0.55
   1.68051 -0.0327778       0.55
   1.68094 -0.0327409       0.55
   1.68138 -0.0327041       0.55
   1.68181 -0.0326673       0.55
   1.68224 -0.0326306       0.55
   1.68268 -0.0325939       0.55
   1.68311 -0.0325573       0.55
   1.68354 -0.0325207       0.55
   1.68398 -0.0324842       0.55
   1.68441 -0.0324478       0.55
   1.68484 -0.0324114       0.55
   1.68528  -0.032375       0.55
   1.68571 -0.0323387       0.55
   1.68615 -0.0323024       0.55
   1.68658 -0.0322662       0.55
   1.68701 -0.0322301       0.55
   1.68745  -0.032194       0.55
   1.68788 -0.0321579       0.55
   1.68831 -0.0321219       0.55
   1.68875  -0.032086       0.55
   1.68918 -0.0320501       0.55
   1.68961 -0.0320143       0.55
   1.69005 -0.0319785       0.55
   1.69048 -0.0319427       0.55
   1.69091  -0.031907       0.55
   1.69135 -0.0318714       0.55
   1.69178 -0.0318358       0.55
   1.69221 -0.0318002       0.55
   1.69265 -0.0317647       0.55
   1.69308 -0.0317293       0.55
   1.69351 -0.0316939       0.55
   1.69395 -0.0316586       0.55
   1.69438 -0.0316233       0.55
   1.69481  -0.031588       0.55
   1.69525 -0.0315528       0.55
   1.69568 -0.0315177       0.55
   1.69612 -0.0314826       0.55
   1.69655 -0.0314475       0.55
   1.69698 -0.0314125       0.55
   1.69742 -0.0313776       0.55
   1.69785 -0.0313427       0.55
   1.69828 -0.0313079       0.55
   1.69872 -0.0312731       0.55
   1.69915 -0.0312383       0.55
   1.69958 -0.0312036       0.55
   1.70002 -0.0311689       0.55
   1.70045 -0.0311343       0.55
   1.70088 -0.0310998       0.55
   1.70132 -0.0310653       0.55
   1.70175 -0.0310308       0.55
   1.70218 -0.0309964       0.55
   1.70262  -0.030962       0.55
   1.70305 -0.0309277       0.55
   1.70348 -0.0308934       0.55
   1.70392 -0.0308592       0.55
   1.70435 -0.0308251       0.55
   1.70478 -0.0307909       0.55
   1.70522 -0.0307568       0.55
   1.70565 -0.0307228       0.55
   1.70609 -0.0306888       0.55
   1.70652 -0.0306549       0.55
   1.70695  -0.030621       0.55
   1.70739 -0.0305872       0.55
   1.70782 -0.0305534       0.55
   1.70825 -0.0305196       0.55
   1.70869 -0.0304859       0.55
   1.70912 -0.0304523       0.55
   1.70955 -0.0304187       0.55
   1.70999 -0.0303851       0.55
   1.71042 -0.0303516       0.55
   1.71085 -0.0303181       0.55
   1.71129 -0.0302847       0.55
   1.71172 -0.0302514       0.55
   1.71215  -0.030218       0.55
   1.71259 -0.0301848       0.55
   1.71302 -0.0301515       0.55
   1.71345 -0.0301183       0.55
   1.71389 -0.0300852       0.55
   1.71432 -0.0300521       0.55
   1.71475  -0.030019       0.55
   1.71519  -0.029986       0.55
   1.71562 -0.0299531       0.55
   1.71606 -0.0299202       0.55
   1.71649 -0.0298873       0.55
   1.71692 -0.0298545       0.55
   1.71736 -0.0298217       0.55
   1.71779  -0.029789       0.55
   1.71822 -0.0297563       0.55
   1.71866 -0.0297237       0.55
   1.71909 -0.0296911       0.55
   1.71952 -0.0296585       0.55
   1.71996  -0.029626       0.55
   1.72039 -0.0295936       0.55
   1.72082 -0.0295612       0.55
   1.72126 -0.0295288       0.55
   1.72169 -0.0294965       0.55
   1.72212 -0.0294642       0.55
   1.72256 -0.0294319       0.55
   1.72299 -0.0293998       0.55
   1.72342 -0.0293676       0.55
   1.72386 -0.0293355       0.55
   1.72429 -0.0293035       0.55
   1.72472 -0.0292714       0.55
   1.72516 -0.0292395       0.55
   1.72559 -0.0292075       0.55
   1.72603 -0.0291757       0.55
   1.72646 -0.0291438       0.55
   1.72689  -0.029112       0.55
   1.72733 -0.0290803       0.55
   1.72776 -0.0290486       0.55
   1.72819 -0.0290169       0.55
   1.72863 -0.0289853       0.55
   1.72906 -0.0289537       0.55
   1.72949 -0.0289222       0.55
   1.72993 -0.0288907       0.55
   1.73036 -0.0288593       0.55
   1.73079 -0.0288279       0.55
   1.73123 -0.0287965       0.55
   1.73166 -0.0287652       0.55
   1.73209 -0.0287339       0.55
   1.73253 -0.0287027       0.55
   1.73296 -0.0286715       0.55
   1.73339 -0.0286404       0.55
   1.73383 -0.0286093       0.55
   1.73426 -0.0285782       0.55
   1.73469 -0.0285472       0.55
   1.73513 -0.0285162       0.55
   1.73556 -0.0284853       0.55
     1.736 -0.0284544       0.55
   1.73643 -0.0284235       0.55
   1.73686 -0.0283927       0.55
    1.7373  -0.028362       0.55
   1.73773 -0.0283313       0.55
   1.73816 -0.0283006       0.55
    1.7386 -0.0282699       0.55
   1.73903 -0.0282394       0.55
   1.73946 -0.0282088       0.55
    1.7399 -0.0281783       0.55
   1.74033 -0.0281478       0.55
   1.74076 -0.0281174       0.55
    1.7412  -0.028087       0.55
   1.74163 -0.0280567       0.55
   1.74206 -0.0280264       0.55
    1.7425 -0.0279961       0.55
   1.74293 -0.0279659       0.55
   1.74336 -0.0279357       0.55
    1.7438 -0.0279056       0.55
   1.74423 -0.0278755       0.55
   1.74466 -0.0278454       0.55
    1.7451 -0.0278154       0.55
   1.74553 -0.0277854       0.55
   1.74597 -0.0277555       0.55
    1.7464 -0.0277256       0.55
   1.74683 -0.0276957       0.55
   1.74727 -0.0276659       0.55
    1.7477 -0.0276362       0.55
   1.74813 -0.0276064       0.55
   1.74857 -0.0275767       0.55
     1.749 -0.0275471       0.55
   1.74943 -0.0275175       0.55
   1.74987 -0.0274879       0.55
    1.7503 -0.0274584       0.55
   1.75073 -0.0274289       0.55
   1.75117 -0.0273994       0.55
    1.7516   -0.02737       0.55
   1.75203 -0.0273406       0.55
   1.75247 -0.0273113       0.55
    1.7529  -0.027282       0.55
   1.75333 -0.0272528       0.55
   1.75377 -0.0272236       0.55
    1.7542 -0.0271944       0.55
   1.75463 -0.0271653       0.55
   1.75507 -0.0271362       0.55
    1.7555 -0.0271071       0.55
   1.75594 -0.0270781       0.55
   1.75637 -0.0270491       0.55
    1.7568 -0.0270202       0.55
   1.75724 -0.0269913       0.55
   1.75767 -0.0269624       0.55
    1.7581 -0.0269336       0.55
   1.75854 -0.0269048       0.55
   1.75897 -0.0268761       0.55
    1.7594 -0.0268474       0.55
   1.75984 -0.0268187       0.55
   1.76027 -0.0267901       0.55
    1.7607 -0.0267615       0.55
   1.76114  -0.026733       0.55
   1.76157 -0.0267045       0.55
     1.762  -0.026676       0.55
   1.76244 -0.0266475       0.55
   1.76287 -0.0266192       0.55
    1.7633 -0.0265908       0.55
   1.76374 -0.0265625       0.55
   1.76417 -0.0265342       0.55
    1.7646  -0.026506       0.55
   1.76504 -0.0264778       0.55
   1.76547 -0.0264496       0.55
   1.76591 -0.0264215       0.55
   1.76634 -0.0263934       0.55
   1.76677 -0.0263653       0.55
   1.76721 -0.0263373       0.55
   1.76764 -0.0263093       0.55
   1.76807 -0.0262814       0.55
   1.76851 -0.0262535       0.55
   1.76894 -0.0262256       0.55
   1.76937 -0.0261978       0.55
   1.76981   -0.02617       0.55
   1.77024 -0.0261422       0.55
   1.77067 -0.0261145       0.55
   1.77111 -0.0260868       0.55
   1.77154 -0.0260592       0.55
   1.77197 -0.0260316       0.55
   1.77241  -0.026004       0.55
   1.77284 -0.0259765       0.55
   1.77327  -0.025949       0.55
   1.77371 -0.0259215       0.55
   1.77414 -0.0258941       0.55
   1.77457 -0.0258667       0.55
   1.77501 -0.0258394       0.55
   1.77544 -0.0258121       0.55
   1.77588 -0.0257848       0.55
   1.77631 -0.0257575       0.55
   1.77674 -0.0257303       0.55
   1.77718 -0.0257032       0.55
   1.77761  -0.025676       0.55
   1.77804 -0.0256489       0.55
   1.77848 -0.0256219       0.55
   1.77891 -0.0255949       0.55
   1.77934 -0.0255679       0.55
   1.77978 -0.0255409       0.55
   1.78021  -0.025514       0.55
   1.78064 -0.0254871       0.55
   1.78108 -0.0254603       0.55
   1.78151 -0.0254335       0.55
   1.78194 -0.0254067       0.55
   1.78238   -0.02538       0.55
   1.78281 -0.0253533       0.55
   1.78324 -0.0253266       0.55
   1.78368    -0.0253       0.55
   1.78411 -0.0252734       0.55
   1.78454 -0.0252468       0.55
   1.78498 -0.0252203       0.55
   1.78541 -0.0251938       0.55
   1.78585 -0.0251674       0.55
   1.78628 -0.0251409       0.55
   1.78671 -0.0251145       0.55
   1.78715 -0.0250882       0.55
   1.78758 -0.0250619       0.55
   1.78801 -0.0250356       0.55
   1.78845 -0.0250094       0.55
   1.78888 -0.0249831       0.55
   1.78931  -0.024957       0.55
   1.78975 -0.0249308       0.55
   1.79018 -0.0249047       0.55
   1.79061 -0.0248787       0.55
   1.79105 -0.0248526       0.55
   1.79148 -0.0248266       0.55
   1.79191 -0.0248006       0.55
   1.79235 -0.0247747       0.55
   1.79278 -0.0247488       0.55
   1.79321 -0.0247229       0.55
   1.79365 -0.0246971       0.55
   1.79408 -0.0246713       0.55
   1.79451 -0.0246456       0.55
   1.79495 -0.0246198       0.55
   1.79538 -0.0245941       0.55
   1.79582 -0.0245685       0.55
   1.79625 -0.0245428       0.55
   1.79668 -0.0245172       0.55
   1.79712 -0.0244917       0.55
   1.79755 -0.0244662       0.55
   1.79798 -0.0244407       0.55
   1.79842 -0.0244152       0.55
   1.79885 -0.0243898       0.55
   1.79928 -0.0243644       0.55
   1.79972  -0.024339       0.55
   1.80015 -0.0243137       0.55
   1.80058 -0.0242884       0.55
   1.80102 -0.0242631       0.55
   1.80145 -0.0242379       0.55
   1.80188 -0.0242127       0.55
   1.80232 -0.0241876       0.55
   1.80275 -0.0241624       0.55
   1.80318 -0.0241373       0.55
   1.80362 -0.0241123       0.55
   1.80405 -0.0240872       0.55
   1.80448 -0.0240622       0.55
   1.80492 -0.0240373       0.55
   1.80535 -0.0240124       0.55
   1.80579 -0.0239875       0.55
   1.80622 -0.0239626       0.55
   1.80665 -0.0239378       0.55
   1.80709  -0.023913       0.55
   1.80752 -0.0238882       0.55
   1.80795 -0.0238634       0.55
   1.80839 -0.0238387       0.55
   1.80882 -0.0238141       0.55
   1.80925 -0.0237894       0.55
   1.80969 -0.0237648       0.55
   1.81012 -0.0237403       0.55
   1.81055 -0.0237157       0.55
   1.81099 -0.0236912       0.55
   1.81142 -0.0236667       0.55
   1.81185 -0.0236423       0.55
   1.81229 -0.0236179       0.55
   1.81272 -0.0235935       0.55
   1.81315 -0.0235691       0.55
   1.81359 -0.0235448       0.55
   1.81402 -0.0235205       0.55
   1.81445 -0.0234963       0.55
   1.81489  -0.023472       0.55
   1.81532 -0.0234478       0.55
   1.81576 -0.0234237       0.55
   1.81619 -0.0233995       0.55
   1.81662 -0.0233754       0.55
   1.81706 -0.0233514       0.55
   1.81749 -0.0233273       0.55
   1.81792 -0.0233033       0.55
   1.81836 -0.0232794       0.55
   1.81879 -0.0232554       0.55
   1.81922 -0.0232315       0.55
   1.81966 -0.0232076       0.55
   1.82009 -0.0231838       0.55
   1.82052   -0.02316       0.55
   1.82096 -0.0231362       0.55
   1.82139 -0.0231124       0.55
   1.82182 -0.0230887       0.55
   1.82226  -0.023065       0.55
   1.82269 -0.0230413       0.55
   1.82312 -0.0230177       0.55
   1.82356 -0.0229941       0.55
   1.82399 -0.0229705       0.55
   1.82442  -0.022947       0.55
   1.82486 -0.0229235       0.55
   1.82529    -0.0229       0.55
   1.82573 -0.0228765       0.55
   1.82616 -0.0228531       0.55
   1.82659 -0.0228297       0.55
   1.82703 -0.0228063       0.55
   1.82746  -0.022783       0.55
   1.82789 -0.0227597       0.55
   1.82833 -0.0227364       0.55
   1.82876 -0.0227132       0.55
   1.82919   -0.02269       0.55
   1.82963 -0.0226668       0.55
   1.83006 -0.0226437       0.55
   1.83049 -0.0226205       0.55
   1.83093 -0.0225974       0.55
   1.83136 -0.0225744       0.55
   1.83179 -0.0225514       0.55
   1.83223 -0.0225284       0.55
   1.83266 -0.0225054       0.55
   1.83309 -0.0224824       0.55
   1.83353 -0.0224595       0.55
   1.83396 -0.0224366       0.55
   1.83439 -0.0224138       0.55
   1.83483  -0.022391       0.55
   1.83526 -0.0223682       0.55
    1.8357 -0.0223454       0.55
   1.83613 -0.0223227       0.55
   1.83656    -0.0223       0.55
     1.837 -0.0222773       0.55
   1.83743 -0.0222546       0.55
   1.83786  -0.022232       0.55
    1.8383 -0.0222094       0.55
   1.83873 -0.0221868       0.55
   1.83916 -0.0221643       0.55
    1.8396 -0.0221418       0.55
   1.84003 -0.0221193       0.55
   1.84046 -0.0220969       0.55
    1.8409 -0.0220745       0.55
   1.84133 -0.0220521       0.55
   1.84176 -0.0220297       0.55
    1.8422 -0.0220074       0.55
   1.84263 -0.0219851       0.55
   1.84306 -0.0219628       0.55
    1.8435 -0.0219406       0.55
   1.84393 -0.0219183       0.55
   1.84436 -0.0218961       0.55
    1.8448  -0.021874       0.55
   1.84523 -0.0218518       0.55
   1.84567 -0.0218297       0.55
    1.8461 -0.0218077       0.55
   1.84653 -0.0217856       0.55
   1.84697 -0.0217636       0.55
    1.8474 -0.0217416       0.55
   1.84783 -0.0217196       0.55
   1.84827 -0.0216977       0.55
    1.8487 -0.0216758       0.55
   1.84913 -0.0216539       0.55
   1.84957 -0.0216321       0.55
      1.85 -0.0216102       0.55