 kgrid  ValNew  Policy 
    0.55 -34.5333 0.585135
0.551301 -34.3893 0.586436
0.552603 -34.2462 0.587738
0.553904 -34.1042 0.589039
0.555205 -33.9634  0.59034
0.556507 -33.8233 0.591642
0.557808 -33.6838 0.591642
0.559109 -33.5451 0.592943
 0.56041 -33.4075 0.594244
0.561712 -33.2708 0.595546
0.563013 -33.1351 0.596847
0.564314 -33.0002 0.598148
0.565616 -32.8657 0.598148
0.566917 -32.7322 0.599449
0.568218 -32.5996 0.600751
 0.56952 -32.4678 0.602052
0.570821 -32.3371 0.603353
0.572122  -32.207 0.603353
0.573423 -32.0773 0.604655
0.574725 -31.9485 0.605956
0.576026 -31.8207 0.607257
0.577327 -31.6936 0.608559
0.578629 -31.5673  0.60986
 0.57993 -31.4417  0.60986
0.581231 -31.3168 0.611161
0.582533 -31.1925 0.612462
0.583834 -31.0691 0.613764
0.585135 -30.9465 0.615065
0.586436 -30.8245 0.616366
0.587738 -30.7033 0.616366
0.589039 -30.5825 0.617668
 0.59034 -30.4626 0.618969
0.591642 -30.3434  0.62027
0.592943 -30.2248 0.621572
0.594244  -30.107 0.622873
0.595546 -29.9899 0.622873
0.596847 -29.8732 0.624174
0.598148 -29.7573 0.625475
0.599449 -29.6419 0.626777
0.600751 -29.5273 0.628078
0.602052 -29.4134 0.629379
0.603353 -29.3002 0.630681
0.604655 -29.1874 0.630681
0.605956 -29.0752 0.631982
0.607257 -28.9636 0.633283
0.608559 -28.8527 0.634585
 0.60986 -28.7425 0.635886
0.611161  -28.633 0.637187
0.612462 -28.5239 0.637187
0.613764 -28.4153 0.638488
0.615065 -28.3073  0.63979
0.616366    -28.2 0.641091
0.617668 -28.0933 0.642392
0.618969 -27.9871 0.643694
 0.62027 -27.8816 0.644995
0.621572 -27.7765 0.644995
0.622873 -27.6719 0.646296
0.624174 -27.5679 0.647598
0.625475 -27.4645 0.648899
0.626777 -27.3616   0.6502
0.628078 -27.2594 0.651502
0.629379 -27.1577 0.651502
0.630681 -27.0563 0.652803
0.631982 -26.9555 0.654104
0.633283 -26.8553 0.655405
0.634585 -26.7556 0.656707
0.635886 -26.6565 0.658008
0.637187  -26.558 0.659309
0.638488 -26.4598 0.659309
 0.63979  -26.362 0.660611
0.641091 -26.2649 0.661912
0.642392 -26.1683 0.663213
0.643694 -26.0721 0.664515
0.644995 -25.9765 0.665816
0.646296 -25.8814 0.665816
0.647598 -25.7867 0.667117
0.648899 -25.6925 0.668418
  0.6502 -25.5987  0.66972
0.651502 -25.5054 0.671021
0.652803 -25.4127 0.672322
0.654104 -25.3205 0.673624
0.655405 -25.2287 0.673624
0.656707 -25.1372 0.674925
0.658008 -25.0463 0.676226
0.659309 -24.9558 0.677528
0.660611 -24.8658 0.678829
0.661912 -24.7763  0.68013
0.663213 -24.6873 0.681431
0.664515 -24.5986 0.681431
0.665816 -24.5103 0.682733
0.667117 -24.4224 0.684034
0.668418 -24.3351 0.685335
 0.66972 -24.2482 0.686637
0.671021 -24.1618 0.687938
0.672322 -24.0757 0.687938
0.673624   -23.99 0.689239
0.674925 -23.9047 0.690541
0.676226 -23.8199 0.691842
0.677528 -23.7355 0.693143
0.678829 -23.6516 0.694444
 0.68013 -23.5681 0.695746
0.681431 -23.4849 0.695746
0.682733 -23.4021 0.697047
0.684034 -23.3197 0.698348
0.685335 -23.2378  0.69965
0.686637 -23.1562 0.700951
0.687938 -23.0751 0.702252
0.689239 -22.9944 0.702252
0.690541  -22.914 0.703554
0.691842 -22.8339 0.704855
0.693143 -22.7543 0.706156
0.694444 -22.6751 0.707457
0.695746 -22.5963 0.708759
0.697047 -22.5178  0.71006
0.698348 -22.4397  0.71006
 0.69965  -22.362 0.711361
0.700951 -22.2846 0.712663
0.702252 -22.2075 0.713964
0.703554 -22.1309 0.715265
0.704855 -22.0548 0.716567
0.706156 -21.9789 0.717868
0.707457 -21.9033 0.717868
0.708759  -21.828 0.719169
 0.71006 -21.7532  0.72047
0.711361 -21.6787 0.721772
0.712663 -21.6046 0.723073
0.713964 -21.5309 0.724374
0.715265 -21.4575 0.724374
0.716567 -21.3843 0.725676
0.717868 -21.3115 0.726977
0.719169 -21.2391 0.728278
 0.72047  -21.167  0.72958
0.721772 -21.0953 0.730881
0.723073  -21.024 0.732182
0.724374 -20.9528 0.732182
0.725676  -20.882 0.733483
0.726977 -20.8116 0.734785
0.728278 -20.7415 0.736086
 0.72958 -20.6718 0.737387
0.730881 -20.6024 0.738689
0.732182 -20.5332 0.738689
0.733483 -20.4643  0.73999
0.734785 -20.3958 0.741291
0.736086 -20.3276 0.742593
0.737387 -20.2598 0.743894
0.738689 -20.1922 0.745195
 0.73999  -20.125 0.745195
0.741291  -20.058 0.746496
0.742593 -19.9913 0.747798
0.743894 -19.9249 0.749099
0.745195 -19.8589   0.7504
0.746496 -19.7932 0.751702
0.747798 -19.7278 0.753003
0.749099 -19.6626 0.753003
  0.7504 -19.5977 0.754304
0.751702 -19.5331 0.755606
0.753003 -19.4688 0.756907
0.754304 -19.4049 0.758208
0.755606 -19.3412  0.75951
0.756907 -19.2778  0.75951
0.758208 -19.2146 0.760811
 0.75951 -19.1517 0.762112
0.760811 -19.0891 0.763413
0.762112 -19.0269 0.764715
0.763413 -18.9649 0.766016
0.764715 -18.9032 0.767317
0.766016 -18.8417 0.767317
0.767317 -18.7804 0.768619
0.768619 -18.7195  0.76992
 0.76992 -18.6589 0.771221
0.771221 -18.5985 0.772523
0.772523 -18.5384 0.773824
0.773824 -18.4785 0.773824
0.775125 -18.4189 0.775125
0.776426 -18.3596 0.776426
0.777728 -18.3005 0.777728
0.779029 -18.2417 0.779029
 0.78033 -18.1832  0.78033
0.781632 -18.1249  0.78033
0.782933 -18.0668 0.781632
0.784234 -18.0091 0.782933
0.785536 -17.9515 0.784234
0.786837 -17.8941 0.785536
0.788138 -17.8372 0.786837
0.789439 -17.7805 0.786837
0.790741 -17.7239 0.788138
0.792042 -17.6676 0.789439
0.793343 -17.6114 0.790741
0.794645 -17.5556 0.792042
0.795946 -17.5001 0.793343
0.797247 -17.4448 0.794645
0.798549 -17.3897 0.794645
 0.79985 -17.3348 0.795946
0.801151 -17.2801 0.797247
0.802452 -17.2257 0.798549
0.803754 -17.1716  0.79985
0.805055 -17.1177 0.801151
0.806356 -17.0641 0.801151
0.807658 -17.0105 0.802452
0.808959 -16.9573 0.803754
 0.81026 -16.9042 0.805055
0.811562 -16.8515 0.806356
0.812863 -16.7989 0.807658
0.814164 -16.7466 0.808959
0.815465 -16.6945 0.808959
0.816767 -16.6426  0.81026
0.818068 -16.5909 0.811562
0.819369 -16.5394 0.812863
0.820671 -16.4882 0.814164
0.821972 -16.4372 0.815465
0.823273 -16.3864 0.815465
0.824575 -16.3357 0.816767
0.825876 -16.2853 0.818068
0.827177 -16.2351 0.819369
0.828478 -16.1852 0.820671
 0.82978 -16.1355 0.821972
0.831081 -16.0859 0.821972
0.832382 -16.0365 0.823273
0.833684 -15.9873 0.824575
0.834985 -15.9384 0.825876
0.836286 -15.8897 0.827177
0.837588 -15.8412 0.828478
0.838889 -15.7929  0.82978
 0.84019 -15.7447  0.82978
0.841491 -15.6968 0.831081
0.842793  -15.649 0.832382
0.844094 -15.6015 0.833684
0.845395 -15.5542 0.834985
0.846697 -15.5071 0.836286
0.847998 -15.4601 0.836286
0.849299 -15.4133 0.837588
0.850601 -15.3667 0.838889
0.851902 -15.3204  0.84019
0.853203 -15.2742 0.841491
0.854505 -15.2282 0.842793
0.855806 -15.1824 0.842793
0.857107 -15.1367 0.844094
0.858408 -15.0913 0.845395
 0.85971  -15.046 0.846697
0.861011  -15.001 0.847998
0.862312 -14.9561 0.849299
0.863614 -14.9114 0.849299
0.864915 -14.8669 0.850601
0.866216 -14.8225 0.851902
0.867518 -14.7783 0.853203
0.868819 -14.7344 0.854505
 0.87012 -14.6906 0.855806
0.871421  -14.647 0.855806
0.872723 -14.6035 0.857107
0.874024 -14.5602 0.858408
0.875325 -14.5171  0.85971
0.876627 -14.4741 0.861011
0.877928 -14.4314 0.862312
0.879229 -14.3888 0.862312
0.880531 -14.3464 0.863614
0.881832 -14.3041 0.864915
0.883133  -14.262 0.866216
0.884434 -14.2201 0.867518
0.885736 -14.1783 0.868819
0.887037 -14.1368  0.87012
0.888338 -14.0953  0.87012
 0.88964  -14.054 0.871421
0.890941 -14.0129 0.872723
0.892242  -13.972 0.874024
0.893544 -13.9313 0.875325
0.894845 -13.8907 0.876627
0.896146 -13.8502 0.876627
0.897447 -13.8099 0.877928
0.898749 -13.7697 0.879229
 0.90005 -13.7298 0.880531
0.901351   -13.69 0.881832
0.902653 -13.6504 0.883133
0.903954 -13.6108 0.883133
0.905255 -13.5714 0.884434
0.906557 -13.5322 0.885736
0.907858 -13.4932 0.887037
0.909159 -13.4543 0.888338
 0.91046 -13.4156  0.88964
0.911762  -13.377  0.88964
0.913063 -13.3385 0.890941
0.914364 -13.3002 0.892242
0.915666 -13.2621 0.893544
0.916967 -13.2241 0.894845
0.918268 -13.1863 0.896146
 0.91957 -13.1486 0.896146
0.920871  -13.111 0.897447
0.922172 -13.0736 0.898749
0.923473 -13.0363  0.90005
0.924775 -12.9992 0.901351
0.926076 -12.9622 0.902653
0.927377 -12.9254 0.902653
0.928679 -12.8886 0.903954
 0.92998 -12.8521 0.905255
0.931281 -12.8157 0.906557
0.932583 -12.7794 0.907858
0.933884 -12.7433 0.909159
0.935185 -12.7073 0.909159
0.936486 -12.6714  0.91046
0.937788 -12.6356 0.911762
0.939089    -12.6 0.913063
 0.94039 -12.5646 0.914364
0.941692 -12.5293 0.915666
0.942993 -12.4941 0.915666
0.944294  -12.459 0.916967
0.945596 -12.4241 0.918268
0.946897 -12.3893  0.91957
0.948198 -12.3546 0.920871
0.949499 -12.3201 0.922172
0.950801 -12.2857 0.922172
0.952102 -12.2514 0.923473
0.953403 -12.2173 0.924775
0.954705 -12.1832 0.926076
0.956006 -12.1494 0.927377
0.957307 -12.1156 0.928679
0.958609  -12.082 0.928679
 0.95991 -12.0485  0.92998
0.961211 -12.0151 0.931281
0.962513 -11.9818 0.932583
0.963814 -11.9487 0.933884
0.965115 -11.9157 0.935185
0.966416 -11.8828 0.935185
0.967718   -11.85 0.936486
0.969019 -11.8174 0.937788
 0.97032 -11.7848 0.939089
0.971622 -11.7524  0.94039
0.972923 -11.7202 0.941692
0.974224  -11.688 0.941692
0.975526 -11.6559 0.942993
0.976827  -11.624 0.944294
0.978128 -11.5922 0.945596
0.979429 -11.5605 0.946897
0.980731  -11.529 0.948198
0.982032 -11.4975 0.948198
0.983333 -11.4661 0.949499
0.984635 -11.4349 0.950801
0.985936 -11.4038 0.952102
0.987237 -11.3728 0.953403
0.988539 -11.3419 0.954705
 0.98984 -11.3111 0.954705
0.991141 -11.2804 0.956006
0.992442 -11.2499 0.957307
0.993744 -11.2194 0.958609
0.995045 -11.1891  0.95991
0.996346 -11.1589 0.961211
0.997648 -11.1288 0.961211
0.998949 -11.0988 0.962513
 1.00025 -11.0689 0.963814
 1.00155 -11.0391 0.965115
 1.00285 -11.0094 0.966416
 1.00415 -10.9799 0.967718
 1.00546 -10.9504 0.967718
 1.00676  -10.921 0.969019
 1.00806 -10.8918  0.97032
 1.00936 -10.8626 0.971622
 1.01066 -10.8336 0.972923
 1.01196 -10.8047 0.974224
 1.01326 -10.7759 0.974224
 1.01456 -10.7471 0.975526
 1.01587 -10.7185 0.976827
 1.01717 -10.6899 0.978128
 1.01847 -10.6615 0.979429
 1.01977 -10.6332 0.980731
 1.02107  -10.605 0.980731
 1.02237 -10.5769 0.982032
 1.02367 -10.5488 0.983333
 1.02497 -10.5209 0.984635
 1.02628 -10.4931 0.985936
 1.02758 -10.4654 0.987237
 1.02888 -10.4378 0.987237
 1.03018 -10.4102 0.988539
 1.03148 -10.3828  0.98984
 1.03278 -10.3555 0.991141
 1.03408 -10.3282 0.992442
 1.03539 -10.3011 0.993744
 1.03669 -10.2741 0.993744
 1.03799 -10.2471 0.995045
 1.03929 -10.2202 0.996346
 1.04059 -10.1935 0.997648
 1.04189 -10.1668 0.998949
 1.04319 -10.1403  1.00025
 1.04449 -10.1138  1.00025
  1.0458 -10.0874  1.00155
  1.0471 -10.0611  1.00285
  1.0484 -10.0349  1.00415
  1.0497 -10.0088  1.00546
   1.051  -9.9828  1.00546
  1.0523 -9.95685  1.00676
  1.0536 -9.93099  1.00806
  1.0549 -9.90524  1.00936
 1.05621 -9.87958  1.01066
 1.05751 -9.85403  1.01196
 1.05881 -9.82857  1.01196
 1.06011 -9.80315  1.01326
 1.06141 -9.77783  1.01456
 1.06271 -9.75261  1.01587
 1.06401 -9.72749  1.01717
 1.06532 -9.70246  1.01847
 1.06662 -9.67752  1.01847
 1.06792 -9.65262  1.01977
 1.06922 -9.62783  1.02107
 1.07052 -9.60312  1.02237
 1.07182 -9.57851  1.02367
 1.07312   -9.554  1.02497
 1.07442 -9.52956  1.02497
 1.07573 -9.50518  1.02628
 1.07703 -9.48089  1.02758
 1.07833 -9.45669  1.02888
 1.07963 -9.43258  1.03018
 1.08093 -9.40857  1.03148
 1.08223 -9.38462  1.03148
 1.08353 -9.36074  1.03278
 1.08483 -9.33693  1.03408
 1.08614 -9.31322  1.03539
 1.08744 -9.28961  1.03669
 1.08874  -9.2661  1.03799
 1.09004 -9.24263  1.03799
 1.09134 -9.21922  1.03929
 1.09264 -9.19589  1.04059
 1.09394 -9.17266  1.04189
 1.09525 -9.14954  1.04319
 1.09655  -9.1265  1.04449
 1.09785 -9.10349  1.04449
 1.09915 -9.08054   1.0458
 1.10045 -9.05769   1.0471
 1.10175 -9.03494   1.0484
 1.10305 -9.01229   1.0497
 1.10435 -8.98968    1.051
 1.10566 -8.96712    1.051
 1.10696 -8.94464   1.0523
 1.10826 -8.92226   1.0536
 1.10956 -8.89998   1.0549
 1.11086 -8.87775  1.05621
 1.11216  -8.8556  1.05751
 1.11346 -8.83348  1.05751
 1.11476 -8.81146  1.05881
 1.11607 -8.78953  1.06011
 1.11737 -8.76768  1.06141
 1.11867 -8.74588  1.06271
 1.11997 -8.72417  1.06271
 1.12127  -8.7025  1.06401
 1.12257 -8.68092  1.06532
 1.12387 -8.65943  1.06662
 1.12518 -8.63799  1.06792
 1.12648 -8.61664  1.06922
 1.12778 -8.59534  1.06922
 1.12908 -8.57411  1.07052
 1.13038 -8.55296  1.07182
 1.13168 -8.53188  1.07312
 1.13298 -8.51086  1.07442
 1.13428 -8.48993  1.07573
 1.13559 -8.46905  1.07573
 1.13689 -8.44824  1.07703
 1.13819  -8.4275  1.07833
 1.13949 -8.40682  1.07963
 1.14079 -8.38622  1.08093
 1.14209 -8.36571  1.08093
 1.14339 -8.34523  1.08223
 1.14469 -8.32482  1.08353
   1.146 -8.30448  1.08483
  1.1473 -8.28421  1.08614
  1.1486 -8.26402  1.08744
  1.1499  -8.2439  1.08744
  1.1512 -8.22381  1.08874
  1.1525 -8.20379  1.09004
  1.1538 -8.18384  1.09134
 1.15511 -8.16398  1.09264
 1.15641 -8.14418  1.09394
 1.15771 -8.12444  1.09394
 1.15901 -8.10473  1.09525
 1.16031  -8.0851  1.09655
 1.16161 -8.06555  1.09785
 1.16291 -8.04607  1.09915
 1.16421 -8.02665  1.10045
 1.16552 -8.00727  1.10045
 1.16682 -7.98795  1.10175
 1.16812  -7.9687  1.10305
 1.16942 -7.94953  1.10435
 1.17072 -7.93041  1.10566
 1.17202 -7.91137  1.10696
 1.17332 -7.89235  1.10696
 1.17462 -7.87341  1.10826
 1.17593 -7.85453  1.10956
 1.17723 -7.83572  1.11086
 1.17853 -7.81697  1.11216
 1.17983 -7.79828  1.11216
 1.18113 -7.77963  1.11346
 1.18243 -7.76105  1.11476
 1.18373 -7.74253  1.11607
 1.18504 -7.72407  1.11737
 1.18634 -7.70568  1.11867
 1.18764 -7.68734  1.11867
 1.18894 -7.66905  1.11997
 1.19024 -7.65081  1.12127
 1.19154 -7.63264  1.12257
 1.19284 -7.61453  1.12387
 1.19414  -7.5965  1.12518
 1.19545  -7.5785  1.12518
 1.19675 -7.56054  1.12648
 1.19805 -7.54265  1.12778
 1.19935 -7.52483  1.12908
 1.20065 -7.50707  1.13038
 1.20195 -7.48937  1.13168
 1.20325  -7.4717  1.13168
 1.20455 -7.45408  1.13298
 1.20586 -7.43653  1.13428
 1.20716 -7.41904  1.13559
 1.20846 -7.40161  1.13689
 1.20976 -7.38424  1.13689
 1.21106 -7.36689  1.13819
 1.21236  -7.3496  1.13949
 1.21366 -7.33238  1.14079
 1.21496 -7.31522  1.14209
 1.21627 -7.29811  1.14339
 1.21757 -7.28106  1.14339
 1.21887 -7.26403  1.14469
 1.22017 -7.24707    1.146
 1.22147 -7.23017   1.1473
 1.22277 -7.21332   1.1486
 1.22407 -7.19654   1.1499
 1.22538 -7.17979   1.1499
 1.22668 -7.16309   1.1512
 1.22798 -7.14644   1.1525
 1.22928 -7.12985   1.1538
 1.23058 -7.11332  1.15511
 1.23188 -7.09684  1.15641
 1.23318 -7.08039  1.15641
 1.23448 -7.06399  1.15771
 1.23579 -7.04766  1.15901
 1.23709 -7.03137  1.16031
 1.23839 -7.01514  1.16161
 1.23969 -6.99896  1.16161
 1.24099 -6.98282  1.16291
 1.24229 -6.96672  1.16421
 1.24359 -6.95068  1.16552
 1.24489  -6.9347  1.16682
  1.2462 -6.91877  1.16812
  1.2475 -6.90288  1.16812
  1.2488 -6.88702  1.16942
  1.2501 -6.87122  1.17072
  1.2514 -6.85548  1.17202
  1.2527 -6.83979  1.17332
   1.254 -6.82415  1.17462
 1.25531 -6.80853  1.17462
 1.25661 -6.79297  1.17593
 1.25791 -6.77746  1.17723
 1.25921   -6.762  1.17853
 1.26051 -6.74659  1.17983
 1.26181 -6.73123  1.17983
 1.26311  -6.7159  1.18113
 1.26441 -6.70062  1.18243
 1.26572 -6.68539  1.18373
 1.26702 -6.67021  1.18504
 1.26832 -6.65509  1.18634
 1.26962 -6.63999  1.18634
 1.27092 -6.62494  1.18764
 1.27222 -6.60993  1.18894
 1.27352 -6.59498  1.19024
 1.27482 -6.58007  1.19154
 1.27613 -6.56522  1.19284
 1.27743 -6.55039  1.19284
 1.27873 -6.53561  1.19414
 1.28003 -6.52087  1.19545
 1.28133 -6.50618  1.19675
 1.28263 -6.49155  1.19805
 1.28393 -6.47696  1.19805
 1.28524 -6.46239  1.19935
 1.28654 -6.44787  1.20065
 1.28784  -6.4334  1.20195
 1.28914 -6.41897  1.20325
 1.29044  -6.4046  1.20455
 1.29174 -6.39026  1.20455
 1.29304 -6.37595  1.20586
 1.29434 -6.36169  1.20716
 1.29565 -6.34747  1.20846
 1.29695 -6.33331  1.20976
 1.29825 -6.31919  1.21106
 1.29955  -6.3051  1.21106
 1.30085 -6.29104  1.21236
 1.30215 -6.27703  1.21366
 1.30345 -6.26307  1.21496
 1.30475 -6.24916  1.21627
 1.30606 -6.23529  1.21627
 1.30736 -6.22143  1.21757
 1.30866 -6.20763  1.21887
 1.30996 -6.19387  1.22017
 1.31126 -6.18016  1.22147
 1.31256 -6.16648  1.22277
 1.31386 -6.15285  1.22277
 1.31517 -6.13924  1.22407
 1.31647 -6.12568  1.22538
 1.31777 -6.11216  1.22668
 1.31907 -6.09869  1.22798
 1.32037 -6.08526  1.22928
 1.32167 -6.07185  1.22928
 1.32297 -6.05848  1.23058
 1.32427 -6.04516  1.23188
 1.32558 -6.03188  1.23318
 1.32688 -6.01864  1.23448
 1.32818 -6.00544  1.23448
 1.32948 -5.99226  1.23579
 1.33078 -5.97913  1.23709
 1.33208 -5.96604  1.23839
 1.33338 -5.95299  1.23969
 1.33468 -5.93998  1.24099
 1.33599 -5.92701  1.24099
 1.33729 -5.91406  1.24229
 1.33859 -5.90115  1.24359
 1.33989 -5.88829  1.24489
 1.34119 -5.87547   1.2462
 1.34249 -5.86269   1.2462
 1.34379 -5.84992   1.2475
  1.3451  -5.8372   1.2488
  1.3464 -5.82452   1.2501
  1.3477 -5.81188   1.2514
   1.349 -5.79928   1.2527
  1.3503 -5.78671   1.2527
  1.3516 -5.77417    1.254
  1.3529 -5.76166  1.25531
  1.3542  -5.7492  1.25661
 1.35551 -5.73677  1.25791
 1.35681 -5.72439  1.25921
 1.35811 -5.71203  1.25921
 1.35941  -5.6997  1.26051
 1.36071 -5.68741  1.26181
 1.36201 -5.67516  1.26311
 1.36331 -5.66296  1.26441
 1.36461 -5.65078  1.26572
 1.36592 -5.63862  1.26572
 1.36722 -5.62651  1.26702
 1.36852 -5.61443  1.26832
 1.36982 -5.60239  1.26962
 1.37112 -5.59039  1.27092
 1.37242 -5.57841  1.27092
 1.37372 -5.56647  1.27222
 1.37503 -5.55456  1.27352
 1.37633 -5.54269  1.27482
 1.37763 -5.53085  1.27613
 1.37893 -5.51905  1.27743
 1.38023 -5.50727  1.27743
 1.38153 -5.49553  1.27873
 1.38283 -5.48382  1.28003
 1.38413 -5.47215  1.28133
 1.38544 -5.46051  1.28263
 1.38674 -5.44891  1.28263
 1.38804 -5.43733  1.28393
 1.38934 -5.42578  1.28524
 1.39064 -5.41427  1.28654
 1.39194 -5.40279  1.28784
 1.39324 -5.39136  1.28914
 1.39454 -5.37994  1.28914
 1.39585 -5.36856  1.29044
 1.39715  -5.3572  1.29174
 1.39845 -5.34588  1.29304
 1.39975  -5.3346  1.29434
 1.40105 -5.32336  1.29434
 1.40235 -5.31213  1.29565
 1.40365 -5.30093  1.29695
 1.40495 -5.28977  1.29825
 1.40626 -5.27864  1.29955
 1.40756 -5.26755  1.30085
 1.40886 -5.25648  1.30085
 1.41016 -5.24544  1.30215
 1.41146 -5.23443  1.30345
 1.41276 -5.22345  1.30475
 1.41406 -5.21251  1.30606
 1.41537 -5.20161  1.30736
 1.41667 -5.19072  1.30736
 1.41797 -5.17985  1.30866
 1.41927 -5.16903  1.30996
 1.42057 -5.15824  1.31126
 1.42187 -5.14748  1.31256
 1.42317 -5.13675  1.31256
 1.42447 -5.12603  1.31386
 1.42578 -5.11535  1.31517
 1.42708 -5.10471  1.31647
 1.42838 -5.09409  1.31777
 1.42968 -5.08351  1.31907
 1.43098 -5.07295  1.31907
 1.43228 -5.06241  1.32037
 1.43358 -5.05191  1.32167
 1.43488 -5.04144  1.32297
 1.43619   -5.031  1.32427
 1.43749 -5.02059  1.32427
 1.43879 -5.01019  1.32558
 1.44009 -4.99983  1.32688
 1.44139 -4.98951  1.32818
 1.44269  -4.9792  1.32948
 1.44399 -4.96894  1.33078
  1.4453 -4.95869  1.33078
  1.4466 -4.94847  1.33208
  1.4479 -4.93828  1.33338
  1.4492 -4.92811  1.33468
  1.4505 -4.91798  1.33599
  1.4518 -4.90788  1.33599
  1.4531  -4.8978  1.33729
  1.4544 -4.88774  1.33859
 1.45571 -4.87771  1.33989
 1.45701 -4.86772  1.34119
 1.45831 -4.85775  1.34249
 1.45961 -4.84781  1.34249
 1.46091 -4.83789  1.34379
 1.46221   -4.828   1.3451
 1.46351 -4.81813   1.3464
 1.46481  -4.8083   1.3477
 1.46612  -4.7985    1.349
 1.46742 -4.78871    1.349
 1.46872 -4.77895   1.3503
 1.47002 -4.76921   1.3516
 1.47132 -4.75951   1.3529
 1.47262 -4.74984   1.3542
 1.47392 -4.74019   1.3542
 1.47523 -4.73055  1.35551
 1.47653 -4.72095  1.35681
 1.47783 -4.71137  1.35811
 1.47913 -4.70183  1.35941
 1.48043 -4.69231  1.36071
 1.48173 -4.68281  1.36071
 1.48303 -4.67333  1.36201
 1.48433 -4.66388  1.36331
 1.48564 -4.65446  1.36461
 1.48694 -4.64506  1.36592
 1.48824 -4.63569  1.36592
 1.48954 -4.62634  1.36722
 1.49084 -4.61702  1.36852
 1.49214 -4.60772  1.36982
 1.49344 -4.59844  1.37112
 1.49474 -4.58921  1.37242
 1.49605 -4.57998  1.37242
 1.49735 -4.57078  1.37372
 1.49865  -4.5616  1.37503
 1.49995 -4.55244  1.37633
 1.50125 -4.54332  1.37763
 1.50255 -4.53423  1.37763
 1.50385 -4.52514  1.37893
 1.50516 -4.51609  1.38023
 1.50646 -4.50705  1.38153
 1.50776 -4.49805  1.38283
 1.50906 -4.48907  1.38413
 1.51036 -4.48011  1.38413
 1.51166 -4.47117  1.38544
 1.51296 -4.46225  1.38674
 1.51426 -4.45336  1.38804
 1.51557 -4.44451  1.38934
 1.51687 -4.43567  1.38934
 1.51817 -4.42685  1.39064
 1.51947 -4.41804  1.39194
 1.52077 -4.40927  1.39324
 1.52207 -4.40052  1.39454
 1.52337 -4.39181  1.39585
 1.52467  -4.3831  1.39585
 1.52598 -4.37441  1.39715
 1.52728 -4.36575  1.39845
 1.52858 -4.35711  1.39975
 1.52988 -4.34851  1.40105
 1.53118 -4.33992  1.40105
 1.53248 -4.33135  1.40235
 1.53378 -4.32279  1.40365
 1.53509 -4.31427  1.40495
 1.53639 -4.30577  1.40626
 1.53769  -4.2973  1.40756
 1.53899 -4.28884  1.40756
 1.54029  -4.2804  1.40886
 1.54159 -4.27198  1.41016
 1.54289 -4.26359  1.41146
 1.54419 -4.25523  1.41276
  1.5455 -4.24688  1.41406
  1.5468 -4.23855  1.41406
  1.5481 -4.23023  1.41537
  1.5494 -4.22195  1.41667
  1.5507 -4.21369  1.41797
   1.552 -4.20546  1.41927
  1.5533 -4.19723  1.41927
  1.5546 -4.18903  1.42057
 1.55591 -4.18085  1.42187
 1.55721 -4.17269  1.42317
 1.55851 -4.16456  1.42447
 1.55981 -4.15645  1.42578
 1.56111 -4.14835  1.42578
 1.56241 -4.14027  1.42708
 1.56371 -4.13222  1.42838
 1.56502 -4.12419  1.42968
 1.56632 -4.11618  1.43098
 1.56762 -4.10819  1.43098
 1.56892 -4.10022  1.43228
 1.57022 -4.09226  1.43358
 1.57152 -4.08434  1.43488
 1.57282 -4.07643  1.43619
 1.57412 -4.06854  1.43619
 1.57543 -4.06067  1.43749
 1.57673 -4.05282  1.43879
 1.57803 -4.04499  1.44009
 1.57933 -4.03718  1.44139
 1.58063 -4.02939  1.44269
 1.58193 -4.02162  1.44269
 1.58323 -4.01387  1.44399
 1.58453 -4.00614   1.4453
 1.58584 -3.99843   1.4466
 1.58714 -3.99074   1.4479
 1.58844 -3.98307   1.4479
 1.58974 -3.97541   1.4492
 1.59104 -3.96778   1.4505
 1.59234 -3.96016   1.4518
 1.59364 -3.95257   1.4531
 1.59494   -3.945   1.4544
 1.59625 -3.93744   1.4544
 1.59755  -3.9299  1.45571
 1.59885 -3.92238  1.45701
 1.60015 -3.91488  1.45831
 1.60145 -3.90741  1.45961
 1.60275 -3.89995  1.45961
 1.60405  -3.8925  1.46091
 1.60536 -3.88507  1.46221
 1.60666 -3.87767  1.46351
 1.60796 -3.87028  1.46481
 1.60926 -3.86292  1.46612
 1.61056 -3.85557  1.46612
 1.61186 -3.84823  1.46742
 1.61316 -3.84092  1.46872
 1.61446 -3.83362  1.47002
 1.61577 -3.82635  1.47132
 1.61707  -3.8191  1.47132
 1.61837 -3.81185  1.47262
 1.61967 -3.80462  1.47392
 1.62097 -3.79742  1.47523
 1.62227 -3.79024  1.47653
 1.62357 -3.78307  1.47783
 1.62487 -3.77592  1.47783
 1.62618 -3.76878  1.47913
 1.62748 -3.76167  1.48043
 1.62878 -3.75457  1.48173
 1.63008  -3.7475  1.48303
 1.63138 -3.74044  1.48303
 1.63268 -3.73339  1.48433
 1.63398 -3.72636  1.48564
 1.63529 -3.71935  1.48694
 1.63659 -3.71236  1.48824
 1.63789 -3.70539  1.48954
 1.63919 -3.69843  1.48954
 1.64049 -3.69148  1.49084
 1.64179 -3.68456  1.49214
 1.64309 -3.67765  1.49344
 1.64439 -3.67076  1.49474
  1.6457 -3.66389  1.49474
   1.647 -3.65703  1.49605
  1.6483 -3.65019  1.49735
  1.6496 -3.64337  1.49865
  1.6509 -3.63657  1.49995
  1.6522 -3.62979  1.50125
  1.6535 -3.62301  1.50125
  1.6548 -3.61625  1.50255
 1.65611 -3.60951  1.50385
 1.65741 -3.60279  1.50516
 1.65871 -3.59609  1.50646
 1.66001  -3.5894  1.50646
 1.66131 -3.58272  1.50776
 1.66261 -3.57606  1.50906
 1.66391 -3.56942  1.51036
 1.66522  -3.5628  1.51166
 1.66652  -3.5562  1.51296
 1.66782  -3.5496  1.51296
 1.66912 -3.54302  1.51426
 1.67042 -3.53646  1.51557
 1.67172 -3.52992  1.51687
 1.67302  -3.5234  1.51817
 1.67432 -3.51689  1.51817
 1.67563 -3.51039  1.51947
 1.67693  -3.5039  1.52077
 1.67823 -3.49744  1.52207
 1.67953 -3.49099  1.52337
 1.68083 -3.48457  1.52467
 1.68213 -3.47814  1.52467
 1.68343 -3.47174  1.52598
 1.68473 -3.46535  1.52728
 1.68604 -3.45898  1.52858
 1.68734 -3.45263  1.52988
 1.68864 -3.44629  1.52988
 1.68994 -3.43996  1.53118
 1.69124 -3.43365  1.53248
 1.69254 -3.42735  1.53378
 1.69384 -3.42107  1.53509
 1.69515 -3.41481  1.53509
 1.69645 -3.40856  1.53639
 1.69775 -3.40232  1.53769
 1.69905  -3.3961  1.53899
 1.70035  -3.3899  1.54029
 1.70165 -3.38371  1.54159
 1.70295 -3.37754  1.54159
 1.70425 -3.37137  1.54289
 1.70556 -3.36523  1.54419
 1.70686  -3.3591   1.5455
 1.70816 -3.35299   1.5468
 1.70946 -3.34689   1.5468
 1.71076  -3.3408   1.5481
 1.71206 -3.33472   1.5494
 1.71336 -3.32866   1.5507
 1.71466 -3.32262    1.552
 1.71597  -3.3166   1.5533
 1.71727 -3.31058   1.5533
 1.71857 -3.30458   1.5546
 1.71987 -3.29859  1.55591
 1.72117 -3.29262  1.55721
 1.72247 -3.28667  1.55851
 1.72377 -3.28072  1.55851
 1.72508 -3.27479  1.55981
 1.72638 -3.26887  1.56111
 1.72768 -3.26297  1.56241
 1.72898 -3.25709  1.56371
 1.73028 -3.25122  1.56502
 1.73158 -3.24536  1.56502
 1.73288 -3.23951  1.56632
 1.73418 -3.23368  1.56762
 1.73549 -3.22786  1.56892
 1.73679 -3.22206  1.57022
 1.73809 -3.21627  1.57022
 1.73939 -3.21049  1.57152
 1.74069 -3.20472  1.57282
 1.74199 -3.19898  1.57412
 1.74329 -3.19324  1.57543
 1.74459 -3.18752  1.57543
  1.7459 -3.18181  1.57673
  1.7472 -3.17611  1.57803
  1.7485 -3.17043  1.57933
  1.7498 -3.16476  1.58063
  1.7511 -3.15911  1.58193
  1.7524 -3.15347  1.58193
  1.7537 -3.14783  1.58323
 1.75501 -3.14222  1.58453
 1.75631 -3.13662  1.58584
 1.75761 -3.13103  1.58714
 1.75891 -3.12545  1.58714
 1.76021 -3.11989  1.58844
 1.76151 -3.11433  1.58974
 1.76281  -3.1088  1.59104
 1.76411 -3.10327  1.59234
 1.76542 -3.09777  1.59364
 1.76672 -3.09227  1.59364
 1.76802 -3.08678  1.59494
 1.76932  -3.0813  1.59625
 1.77062 -3.07584  1.59755
 1.77192  -3.0704  1.59885
 1.77322 -3.06496  1.59885
 1.77452 -3.05954  1.60015
 1.77583 -3.05413  1.60145
 1.77713 -3.04873  1.60275
 1.77843 -3.04334  1.60405
 1.77973 -3.03798  1.60536
 1.78103 -3.03261  1.60536
 1.78233 -3.02726  1.60666
 1.78363 -3.02193  1.60796
 1.78493  -3.0166  1.60926
 1.78624  -3.0113  1.61056
 1.78754   -3.006  1.61056
 1.78884 -3.00071  1.61186
 1.79014 -2.99543  1.61316
 1.79144 -2.99017  1.61446
 1.79274 -2.98493  1.61577
 1.79404 -2.97969  1.61577
 1.79535 -2.97446  1.61707
 1.79665 -2.96925  1.61837
 1.79795 -2.96404  1.61967
 1.79925 -2.95886  1.62097
 1.80055 -2.95368  1.62227
 1.80185 -2.94851  1.62227
 1.80315 -2.94336  1.62357
 1.80445 -2.93821  1.62487
 1.80576 -2.93308  1.62618
 1.80706 -2.92797  1.62748
 1.80836 -2.92286  1.62748
 1.80966 -2.91776  1.62878
 1.81096 -2.91268  1.63008
 1.81226 -2.90761  1.63138
 1.81356 -2.90255  1.63268
 1.81486  -2.8975  1.63398
 1.81617 -2.89246  1.63398
 1.81747 -2.88743  1.63529
 1.81877 -2.88242  1.63659
 1.82007 -2.87742  1.63789
 1.82137 -2.87243  1.63919
 1.82267 -2.86745  1.63919
 1.82397 -2.86248  1.64049
 1.82528 -2.85752  1.64179
 1.82658 -2.85257  1.64309
 1.82788 -2.84764  1.64439
 1.82918 -2.84272  1.64439
 1.83048  -2.8378   1.6457
 1.83178  -2.8329    1.647
 1.83308   -2.828   1.6483
 1.83438 -2.82313   1.6496
 1.83569 -2.81826   1.6509
 1.83699  -2.8134   1.6509
 1.83829 -2.80855   1.6522
 1.83959 -2.80372   1.6535
 1.84089 -2.79889   1.6548
 1.84219 -2.79408  1.65611
 1.84349 -2.78928  1.65611
 1.84479 -2.78448  1.65741
  1.8461  -2.7797  1.65871
  1.8474 -2.77493  1.66001
  1.8487 -2.77017  1.66131
    1.85 -2.76543  1.66261