 kgrid  ValNew  Policy 
     0.55  -30.7288      0.55
 0.550433  -30.6496      0.55
 0.550867   -30.571      0.55
   0.5513  -30.4929      0.55
 0.551734  -30.4153      0.55
 0.552167  -30.3383      0.55
 0.552601  -30.2619      0.55
 0.553034  -30.1859      0.55
 0.553468  -30.1105      0.55
 0.553901  -30.0356      0.55
 0.554335  -29.9612      0.55
 0.554768  -29.8874      0.55
 0.555202   -29.814      0.55
 0.555635  -29.7412      0.55
 0.556069  -29.6688      0.55
 0.556502   -29.597      0.55
 0.556936  -29.5256      0.55
 0.557369  -29.4547      0.55
 0.557803  -29.3844      0.55
 0.558236  -29.3144      0.55
  0.55867   -29.245      0.55
 0.559103  -29.1761      0.55
 0.559537  -29.1076      0.55
  0.55997  -29.0396      0.55
 0.560403   -28.972      0.55
 0.560837  -28.9049      0.55
  0.56127  -28.8382      0.55
 0.561704   -28.772      0.55
 0.562137  -28.7063      0.55
 0.562571   -28.641      0.55
 0.563004  -28.5761      0.55
 0.563438  -28.5116      0.55
 0.563871  -28.4476      0.55
 0.564305  -28.3841      0.55
 0.564738  -28.3209      0.55
 0.565172  -28.2582      0.55
 0.565605  -28.1959      0.55
 0.566039   -28.134      0.55
 0.566472  -28.0725      0.55
 0.566906  -28.0114      0.55
 0.567339  -27.9507      0.55
 0.567773  -27.8904      0.55
 0.568206  -27.8306      0.55
  0.56864  -27.7711      0.55
 0.569073   -27.712      0.55
 0.569507  -27.6533      0.55
  0.56994  -27.5947  0.550433
 0.570373  -27.5364  0.550867
 0.570807  -27.4782  0.550867
  0.57124  -27.4202    0.5513
 0.571674  -27.3624    0.5513
 0.572107  -27.3048  0.551734
 0.572541  -27.2474  0.552167
 0.572974  -27.1902  0.552167
 0.573408  -27.1332  0.552601
 0.573841  -27.0763  0.552601
 0.574275  -27.0196  0.553034
 0.574708  -26.9632  0.553034
 0.575142  -26.9068  0.553468
 0.575575  -26.8507  0.553901
 0.576009  -26.7948  0.553901
 0.576442   -26.739  0.554335
 0.576876  -26.6835  0.554335
 0.577309  -26.6281  0.554768
 0.577743  -26.5729  0.555202
 0.578176  -26.5178  0.555202
  0.57861   -26.463  0.555635
 0.579043  -26.4083  0.555635
 0.579476  -26.3538  0.556069
  0.57991  -26.2995  0.556502
 0.580343  -26.2453  0.556502
 0.580777  -26.1913  0.556936
  0.58121  -26.1375  0.556936
 0.581644  -26.0839  0.557369
 0.582077  -26.0304  0.557803
 0.582511  -25.9771  0.557803
 0.582944   -25.924  0.558236
 0.583378  -25.8711  0.558236
 0.583811  -25.8182   0.55867
 0.584245  -25.7657   0.55867
 0.584678  -25.7132  0.559103
 0.585112  -25.6609  0.559537
 0.585545  -25.6088  0.559537
 0.585979  -25.5568   0.55997
 0.586412   -25.505  0.560403
 0.586846  -25.4533  0.560403
 0.587279  -25.4018  0.560837
 0.587713  -25.3505  0.560837
 0.588146  -25.2992   0.56127
  0.58858  -25.2482  0.561704
 0.589013  -25.1973  0.561704
 0.589446  -25.1466  0.562137
  0.58988  -25.0961  0.562571
 0.590313  -25.0456  0.562571
 0.590747  -24.9953  0.563004
  0.59118  -24.9452  0.563004
 0.591614  -24.8952  0.563438
 0.592047  -24.8455  0.563871
 0.592481  -24.7958  0.563871
 0.592914  -24.7463  0.564305
 0.593348  -24.6969  0.564305
 0.593781  -24.6477  0.564738
 0.594215  -24.5986  0.565172
 0.594648  -24.5497  0.565172
 0.595082  -24.5009  0.565605
 0.595515  -24.4523  0.566039
 0.595949  -24.4038  0.566039
 0.596382  -24.3554  0.566472
 0.596816  -24.3073  0.566472
 0.597249  -24.2592  0.566906
 0.597683  -24.2113  0.567339
 0.598116  -24.1635  0.567339
  0.59855  -24.1159  0.567773
 0.598983  -24.0684  0.567773
 0.599416   -24.021  0.568206
  0.59985  -23.9738   0.56864
 0.600283  -23.9268   0.56864
 0.600717  -23.8798  0.569073
  0.60115  -23.8331  0.569507
 0.601584  -23.7864  0.569507
 0.602017  -23.7399   0.56994
 0.602451  -23.6935   0.56994
 0.602884  -23.6473  0.570373
 0.603318  -23.6012  0.570807
 0.603751  -23.5552  0.570807
 0.604185  -23.5094   0.57124
 0.604618  -23.4637   0.57124
 0.605052  -23.4181  0.571674
 0.605485  -23.3727  0.572107
 0.605919  -23.3274  0.572107
 0.606352  -23.2822  0.572541
 0.606786  -23.2372  0.572974
 0.607219  -23.1923  0.572974
 0.607653  -23.1475  0.573408
 0.608086  -23.1029  0.573408
  0.60852  -23.0584  0.573841
 0.608953   -23.014  0.574275
 0.609386  -22.9697  0.574275
  0.60982  -22.9256  0.574708
 0.610253  -22.8816  0.575142
 0.610687  -22.8377  0.575142
  0.61112   -22.794  0.575575
 0.611554  -22.7504  0.575575
 0.611987  -22.7069  0.576009
 0.612421  -22.6635  0.576442
 0.612854  -22.6202  0.576442
 0.613288  -22.5771  0.576876
 0.613721   -22.534  0.577309
 0.614155  -22.4911  0.577309
 0.614588  -22.4483  0.577743
 0.615022  -22.4057  0.578176
 0.615455  -22.3631  0.578176
 0.615889  -22.3206   0.57861
 0.616322  -22.2783  0.579043
 0.616756  -22.2361  0.579043
 0.617189  -22.1939  0.579476
 0.617623   -22.152   0.57991
 0.618056  -22.1101   0.57991
 0.618489  -22.0683  0.580343
 0.618923  -22.0267  0.580343
 0.619356  -21.9851  0.580777
  0.61979  -21.9437   0.58121
 0.620223  -21.9024   0.58121
 0.620657  -21.8611  0.581644
  0.62109    -21.82  0.582077
 0.621524  -21.7791  0.582077
 0.621957  -21.7382  0.582511
 0.622391  -21.6974  0.582944
 0.622824  -21.6568  0.582944
 0.623258  -21.6162  0.583378
 0.623691  -21.5758  0.583811
 0.624125  -21.5354  0.583811
 0.624558  -21.4952  0.584245
 0.624992  -21.4551  0.584678
 0.625425   -21.415  0.584678
 0.625859  -21.3751  0.585112
 0.626292  -21.3354  0.585545
 0.626726  -21.2956  0.585545
 0.627159   -21.256  0.585979
 0.627593  -21.2166  0.586412
 0.628026  -21.1772  0.586412
 0.628459  -21.1379  0.586846
 0.628893  -21.0987  0.586846
 0.629326  -21.0597  0.587279
  0.62976  -21.0207  0.587713
 0.630193  -20.9818  0.587713
 0.630627  -20.9431  0.588146
  0.63106  -20.9044   0.58858
 0.631494  -20.8659   0.58858
 0.631927  -20.8274  0.589013
 0.632361   -20.789  0.589446
 0.632794  -20.7508  0.589446
 0.633228  -20.7126   0.58988
 0.633661  -20.6746  0.590313
 0.634095  -20.6366  0.590313
 0.634528  -20.5987  0.590747
 0.634962   -20.561   0.59118
 0.635395  -20.5233   0.59118
 0.635829  -20.4858  0.591614
 0.636262  -20.4483  0.592047
 0.636696   -20.411  0.592047
 0.637129  -20.3737  0.592481
 0.637563  -20.3365  0.592914
 0.637996  -20.2994  0.592914
 0.638429  -20.2624  0.593348
 0.638863  -20.2255  0.593781
 0.639296  -20.1887  0.593781
  0.63973  -20.1519  0.594215
 0.640163  -20.1153  0.594648
 0.640597  -20.0787  0.594648
  0.64103  -20.0422  0.595082
 0.641464  -20.0058  0.595515
 0.641897  -19.9696  0.595949
 0.642331  -19.9333  0.595949
 0.642764  -19.8972  0.596382
 0.643198  -19.8612  0.596816
 0.643631  -19.8252  0.596816
 0.644065  -19.7893  0.597249
 0.644498  -19.7535  0.597683
 0.644932  -19.7178  0.597683
 0.645365  -19.6822  0.598116
 0.645799  -19.6467   0.59855
 0.646232  -19.6112   0.59855
 0.646666  -19.5758  0.598983
 0.647099  -19.5406  0.599416
 0.647533  -19.5054   0.59985
 0.647966  -19.4703   0.59985
 0.648399  -19.4352  0.600283
 0.648833  -19.4003  0.600717
 0.649266  -19.3654  0.600717
   0.6497  -19.3306   0.60115
 0.650133  -19.2959  0.601584
 0.650567  -19.2613  0.601584
    0.651  -19.2267  0.602017
 0.651434  -19.1923  0.602451
 0.651867  -19.1579  0.602884
 0.652301  -19.1236  0.602884
 0.652734  -19.0894  0.603318
 0.653168  -19.0553  0.603751
 0.653601  -19.0212  0.603751
 0.654035  -18.9872  0.604185
 0.654468  -18.9533  0.604618
 0.654902  -18.9195  0.604618
 0.655335  -18.8858  0.605052
 0.655769  -18.8521  0.605485
 0.656202  -18.8185  0.605485
 0.656636   -18.785  0.605919
 0.657069  -18.7516  0.606352
 0.657503  -18.7183  0.606352
 0.657936   -18.685  0.606786
 0.658369  -18.6518  0.607219
 0.658803  -18.6187  0.607653
 0.659236  -18.5856  0.607653
  0.65967  -18.5527  0.608086
 0.660103  -18.5198   0.60852
 0.660537   -18.487   0.60852
  0.66097  -18.4542  0.608953
 0.661404  -18.4216  0.609386
 0.661837   -18.389  0.609386
 0.662271  -18.3565   0.60982
 0.662704  -18.3241  0.610253
 0.663138  -18.2917  0.610687
 0.663571  -18.2594  0.610687
 0.664005  -18.2272   0.61112
 0.664438  -18.1951  0.611554
 0.664872  -18.1631  0.611554
 0.665305  -18.1311  0.611987
 0.665739  -18.0992  0.612421
 0.666172  -18.0673  0.612421
 0.666606  -18.0356  0.612854
 0.667039  -18.0039  0.613288
 0.667472  -17.9723  0.613288
 0.667906  -17.9407  0.613721
 0.668339  -17.9093  0.614155
 0.668773  -17.8779  0.614588
 0.669206  -17.8465  0.614588
  0.66964  -17.8153  0.615022
 0.670073  -17.7841  0.615455
 0.670507   -17.753  0.615455
  0.67094   -17.722  0.615889
 0.671374   -17.691  0.616322
 0.671807  -17.6601  0.616322
 0.672241  -17.6293  0.616756
 0.672674  -17.5985  0.617189
 0.673108  -17.5678  0.617189
 0.673541  -17.5372  0.617623
 0.673975  -17.5067  0.618056
 0.674408  -17.4762  0.618056
 0.674842  -17.4458  0.618489
 0.675275  -17.4155  0.618923
 0.675709  -17.3852  0.619356
 0.676142   -17.355  0.619356
 0.676576  -17.3249   0.61979
 0.677009  -17.2948  0.620223
 0.677442  -17.2648  0.620223
 0.677876  -17.2349  0.620657
 0.678309   -17.205   0.62109
 0.678743  -17.1753   0.62109
 0.679176  -17.1455  0.621524
  0.67961  -17.1159  0.621957
 0.680043  -17.0863  0.622391
 0.680477  -17.0568  0.622391
  0.68091  -17.0273  0.622824
 0.681344  -16.9979  0.623258
 0.681777  -16.9686  0.623258
 0.682211  -16.9393  0.623691
 0.682644  -16.9102  0.624125
 0.683078   -16.881  0.624125
 0.683511   -16.852  0.624558
 0.683945   -16.823  0.624992
 0.684378  -16.7941  0.624992
 0.684812  -16.7652  0.625425
 0.685245  -16.7364  0.625859
 0.685679  -16.7077  0.625859
 0.686112   -16.679  0.626292
 0.686546  -16.6504  0.626726
 0.686979  -16.6219  0.627159
 0.687412  -16.5934  0.627159
 0.687846   -16.565  0.627593
 0.688279  -16.5367  0.628026
 0.688713  -16.5084  0.628026
 0.689146  -16.4801  0.628459
  0.68958   -16.452  0.628893
 0.690013  -16.4239  0.628893
 0.690447  -16.3959  0.629326
  0.69088  -16.3679   0.62976
 0.691314    -16.34   0.62976
 0.691747  -16.3121  0.630193
 0.692181  -16.2844  0.630627
 0.692614  -16.2567   0.63106
 0.693048   -16.229   0.63106
 0.693481  -16.2014  0.631494
 0.693915  -16.1739  0.631927
 0.694348  -16.1464  0.631927
 0.694782   -16.119  0.632361
 0.695215  -16.0916  0.632794
 0.695649  -16.0644  0.632794
 0.696082  -16.0371  0.633228
 0.696516  -16.0099  0.633661
 0.696949  -15.9829  0.633661
 0.697382  -15.9558  0.634095
 0.697816  -15.9288  0.634528
 0.698249  -15.9019  0.634962
 0.698683   -15.875  0.634962
 0.699116  -15.8482  0.635395
  0.69955  -15.8215  0.635829
 0.699983  -15.7948  0.635829
 0.700417  -15.7681  0.636262
  0.70085  -15.7415  0.636696
 0.701284   -15.715  0.636696
 0.701717  -15.6886  0.637129
 0.702151  -15.6622  0.637563
 0.702584  -15.6358  0.637563
 0.703018  -15.6095  0.637996
 0.703451  -15.5833  0.638429
 0.703885  -15.5572  0.638429
 0.704318   -15.531  0.638863
 0.704752   -15.505  0.639296
 0.705185   -15.479   0.63973
 0.705619  -15.4531   0.63973
 0.706052  -15.4272  0.640163
 0.706485  -15.4014  0.640597
 0.706919  -15.3756  0.640597
 0.707352  -15.3499   0.64103
 0.707786  -15.3242  0.641464
 0.708219  -15.2986  0.641464
 0.708653  -15.2731  0.641897
 0.709086  -15.2476  0.642331
  0.70952  -15.2222  0.642331
 0.709953  -15.1968  0.642764
 0.710387  -15.1715  0.643198
  0.71082  -15.1462  0.643631
 0.711254   -15.121  0.643631
 0.711687  -15.0958  0.644065
 0.712121  -15.0708  0.644498
 0.712554  -15.0457  0.644498
 0.712988  -15.0207  0.644932
 0.713421  -14.9958  0.645365
 0.713855  -14.9709  0.645365
 0.714288  -14.9461  0.645799
 0.714722  -14.9213  0.646232
 0.715155  -14.8966  0.646232
 0.715589  -14.8719  0.646666
 0.716022  -14.8473  0.647099
 0.716455  -14.8227  0.647533
 0.716889  -14.7982  0.647533
 0.717322  -14.7738  0.647966
 0.717756  -14.7494  0.648399
 0.718189   -14.725  0.648399
 0.718623  -14.7007  0.648833
 0.719056  -14.6765  0.649266
  0.71949  -14.6523  0.649266
 0.719923  -14.6281    0.6497
 0.720357   -14.604  0.650133
  0.72079    -14.58  0.650133
 0.721224   -14.556  0.650567
 0.721657  -14.5321     0.651
 0.722091  -14.5082     0.651
 0.722524  -14.4844  0.651434
 0.722958  -14.4606  0.651867
 0.723391  -14.4369  0.651867
 0.723825  -14.4132  0.652301
 0.724258  -14.3896  0.652734
 0.724692   -14.366  0.653168
 0.725125  -14.3425  0.653168
 0.725559   -14.319  0.653601
 0.725992  -14.2956  0.654035
 0.726425  -14.2722  0.654035
 0.726859  -14.2489  0.654468
 0.727292  -14.2256  0.654902
 0.727726  -14.2024  0.654902
 0.728159  -14.1792  0.655335
 0.728593  -14.1561  0.655769
 0.729026   -14.133  0.655769
  0.72946    -14.11  0.656202
 0.729893   -14.087  0.656636
 0.730327  -14.0641  0.656636
  0.73076  -14.0412  0.657069
 0.731194  -14.0183  0.657503
 0.731627  -13.9956  0.657936
 0.732061  -13.9728  0.657936
 0.732494  -13.9501  0.658369
 0.732928  -13.9275  0.658803
 0.733361  -13.9049  0.658803
 0.733795  -13.8824  0.659236
 0.734228  -13.8599   0.65967
 0.734662  -13.8374  0.660103
 0.735095   -13.815  0.660103
 0.735529  -13.7927  0.660537
 0.735962  -13.7704   0.66097
 0.736395  -13.7481   0.66097
 0.736829  -13.7259  0.661404
 0.737262  -13.7037  0.661837
 0.737696  -13.6816  0.661837
 0.738129  -13.6595  0.662271
 0.738563  -13.6375  0.662704
 0.738996  -13.6155  0.662704
  0.73943  -13.5936  0.663138
 0.739863  -13.5717  0.663571
 0.740297  -13.5499  0.663571
  0.74073  -13.5281  0.664005
 0.741164  -13.5063  0.664438
 0.741597  -13.4847  0.664872
 0.742031   -13.463  0.664872
 0.742464  -13.4414  0.665305
 0.742898  -13.4198  0.665739
 0.743331  -13.3983  0.665739
 0.743765  -13.3768  0.666172
 0.744198  -13.3554  0.666606
 0.744632   -13.334  0.666606
 0.745065  -13.3127  0.667039
 0.745498  -13.2914  0.667472
 0.745932  -13.2701  0.667472
 0.746365  -13.2489  0.667906
 0.746799  -13.2277  0.668339
 0.747232  -13.2066  0.668339
 0.747666  -13.1855  0.668773
 0.748099  -13.1645  0.669206
 0.748533  -13.1435  0.669206
 0.748966  -13.1226   0.66964
   0.7494  -13.1017  0.670073
 0.749833  -13.0808  0.670507
 0.750267    -13.06  0.670507
   0.7507  -13.0392   0.67094
 0.751134  -13.0185  0.671374
 0.751567  -12.9978  0.671374
 0.752001  -12.9772  0.671807
 0.752434  -12.9566  0.672241
 0.752868  -12.9361  0.672241
 0.753301  -12.9155  0.672674
 0.753735  -12.8951  0.673108
 0.754168  -12.8746  0.673108
 0.754602  -12.8542  0.673541
 0.755035  -12.8339  0.673975
 0.755468  -12.8136  0.674408
 0.755902  -12.7933  0.674408
 0.756335  -12.7731  0.674842
 0.756769   -12.753  0.675275
 0.757202  -12.7328  0.675275
 0.757636  -12.7127  0.675709
 0.758069  -12.6927  0.676142
 0.758503  -12.6727  0.676142
 0.758936  -12.6527  0.676576
  0.75937  -12.6328  0.677009
 0.759803  -12.6129  0.677009
 0.760237   -12.593  0.677442
  0.76067  -12.5732  0.677876
 0.761104  -12.5535  0.677876
 0.761537  -12.5337  0.678309
 0.761971  -12.5141  0.678743
 0.762404  -12.4944  0.679176
 0.762838  -12.4748  0.679176
 0.763271  -12.4553   0.67961
 0.763705  -12.4357  0.680043
 0.764138  -12.4163  0.680043
 0.764572  -12.3968  0.680477
 0.765005  -12.3774   0.68091
 0.765438   -12.358   0.68091
 0.765872  -12.3387  0.681344
 0.766305  -12.3194  0.681777
 0.766739  -12.3002  0.681777
 0.767172   -12.281  0.682211
 0.767606  -12.2618  0.682644
 0.768039  -12.2427  0.682644
 0.768473  -12.2236  0.683078
 0.768906  -12.2046  0.683511
  0.76934  -12.1856  0.683511
 0.769773  -12.1666  0.683945
 0.770207  -12.1476  0.684378
  0.77064  -12.1288  0.684812
 0.771074  -12.1099  0.684812
 0.771507  -12.0911  0.685245
 0.771941  -12.0723  0.685679
 0.772374  -12.0536  0.685679
 0.772808  -12.0348  0.686112
 0.773241  -12.0162  0.686546
 0.773675  -11.9976  0.686546
 0.774108   -11.979  0.686979
 0.774542  -11.9604  0.687412
 0.774975  -11.9419  0.687412
 0.775408  -11.9234  0.687846
 0.775842   -11.905  0.688279
 0.776275  -11.8866  0.688713
 0.776709  -11.8682  0.688713
 0.777142  -11.8499  0.689146
 0.777576  -11.8316   0.68958
 0.778009  -11.8133   0.68958
 0.778443  -11.7951  0.690013
 0.778876  -11.7769  0.690447
  0.77931  -11.7588  0.690447
 0.779743  -11.7407   0.69088
 0.780177  -11.7226  0.691314
  0.78061  -11.7046  0.691314
 0.781044  -11.6866  0.691747
 0.781477  -11.6686  0.692181
 0.781911  -11.6507  0.692181
 0.782344  -11.6328  0.692614
 0.782778  -11.6149  0.693048
 0.783211  -11.5971  0.693481
 0.783645  -11.5793  0.693481
 0.784078  -11.5616  0.693915
 0.784512  -11.5439  0.694348
 0.784945  -11.5262  0.694348
 0.785378  -11.5085  0.694782
 0.785812  -11.4909  0.695215
 0.786245  -11.4733  0.695215
 0.786679  -11.4558  0.695649
 0.787112  -11.4383  0.696082
 0.787546  -11.4208  0.696082
 0.787979  -11.4034  0.696516
 0.788413   -11.386  0.696949
 0.788846  -11.3686  0.696949
  0.78928  -11.3513  0.697382
 0.789713   -11.334  0.697816
 0.790147  -11.3168  0.697816
  0.79058  -11.2995  0.698249
 0.791014  -11.2823  0.698683
 0.791447  -11.2652  0.699116
 0.791881  -11.2481  0.699116
 0.792314   -11.231   0.69955
 0.792748  -11.2139  0.699983
 0.793181  -11.1969  0.699983
 0.793615  -11.1799  0.700417
 0.794048   -11.163   0.70085
 0.794481   -11.146   0.70085
 0.794915  -11.1291  0.701284
 0.795348  -11.1123  0.701717
 0.795782  -11.0955  0.701717
 0.796215  -11.0787  0.702151
 0.796649  -11.0619  0.702584
 0.797082  -11.0452  0.702584
 0.797516  -11.0285  0.703018
 0.797949  -11.0119  0.703451
 0.798383  -10.9952  0.703885
 0.798816  -10.9786  0.703885
  0.79925  -10.9621  0.704318
 0.799683  -10.9456  0.704752
 0.800117  -10.9291  0.704752
  0.80055  -10.9126  0.705185
 0.800984  -10.8962  0.705619
 0.801417  -10.8798  0.705619
 0.801851  -10.8634  0.706052
 0.802284  -10.8471  0.706485
 0.802718  -10.8308  0.706485
 0.803151  -10.8145  0.706919
 0.803585  -10.7983  0.707352
 0.804018  -10.7821  0.707352
 0.804451  -10.7659  0.707786
 0.804885  -10.7498  0.708219
 0.805318  -10.7337  0.708653
 0.805752  -10.7176  0.708653
 0.806185  -10.7015  0.709086
 0.806619  -10.6855   0.70952
 0.807052  -10.6695   0.70952
 0.807486  -10.6536  0.709953
 0.807919  -10.6377  0.710387
 0.808353  -10.6218  0.710387
 0.808786  -10.6059   0.71082
  0.80922  -10.5901  0.711254
 0.809653  -10.5743  0.711254
 0.810087  -10.5585  0.711687
  0.81052  -10.5428  0.712121
 0.810954  -10.5271  0.712121
 0.811387  -10.5114  0.712554
 0.811821  -10.4958  0.712988
 0.812254  -10.4802  0.712988
 0.812688  -10.4646  0.713421
 0.813121   -10.449  0.713855
 0.813555  -10.4335  0.714288
 0.813988   -10.418  0.714288
 0.814421  -10.4025  0.714722
 0.814855  -10.3871  0.715155
 0.815288  -10.3717  0.715155
 0.815722  -10.3563  0.715589
 0.816155   -10.341  0.716022
 0.816589  -10.3257  0.716022
 0.817022  -10.3104  0.716455
 0.817456  -10.2951  0.716889
 0.817889  -10.2799  0.716889
 0.818323  -10.2647  0.717322
 0.818756  -10.2495  0.717756
  0.81919  -10.2344  0.717756
 0.819623  -10.2193  0.718189
 0.820057  -10.2042  0.718623
  0.82049  -10.1891  0.719056
 0.820924  -10.1741  0.719056
 0.821357  -10.1591   0.71949
 0.821791  -10.1442  0.719923
 0.822224  -10.1292  0.719923
 0.822658  -10.1143  0.720357
 0.823091  -10.0994   0.72079
 0.823525  -10.0846   0.72079
 0.823958  -10.0698  0.721224
 0.824391   -10.055  0.721657
 0.824825  -10.0402  0.721657
 0.825258  -10.0255  0.722091
 0.825692  -10.0108  0.722524
 0.826125  -9.99609  0.722524
 0.826559  -9.98143  0.722958
 0.826992   -9.9668  0.723391
 0.827426  -9.95222  0.723391
 0.827859  -9.93764  0.723825
 0.828293   -9.9231  0.724258
 0.828726  -9.90859  0.724692
  0.82916   -9.8941  0.724692
 0.829593  -9.87964  0.725125
 0.830027  -9.86522  0.725559
  0.83046  -9.85081  0.725559
 0.830894  -9.83643  0.725992
 0.831327  -9.82209  0.726425
 0.831761  -9.80777  0.726425
 0.832194  -9.79347  0.726859
 0.832628   -9.7792  0.727292
 0.833061  -9.76497  0.727292
 0.833494  -9.75075  0.727726
 0.833928  -9.73657  0.728159
 0.834361  -9.72241  0.728159
 0.834795  -9.70827  0.728593
 0.835228  -9.69417  0.729026
 0.835662   -9.6801  0.729026
 0.836095  -9.66604   0.72946
 0.836529  -9.65201  0.729893
 0.836962  -9.63802  0.730327
 0.837396  -9.62404  0.730327
 0.837829  -9.61009   0.73076
 0.838263  -9.59618  0.731194
 0.838696  -9.58229  0.731194
  0.83913  -9.56841  0.731627
 0.839563  -9.55458  0.732061
 0.839997  -9.54076  0.732061
  0.84043  -9.52697  0.732494
 0.840864  -9.51321  0.732928
 0.841297  -9.49948  0.732928
 0.841731  -9.48576  0.733361
 0.842164  -9.47208  0.733795
 0.842598  -9.45842  0.733795
 0.843031  -9.44478  0.734228
 0.843464  -9.43117  0.734662
 0.843898   -9.4176  0.735095
 0.844331  -9.40403  0.735095
 0.844765   -9.3905  0.735529
 0.845198    -9.377  0.735962
 0.845632  -9.36351  0.735962
 0.846065  -9.35005  0.736395
 0.846499  -9.33663  0.736829
 0.846932  -9.32322  0.736829
 0.847366  -9.30984  0.737262
 0.847799  -9.29648  0.737696
 0.848233  -9.28315  0.737696
 0.848666  -9.26984  0.738129
   0.8491  -9.25657  0.738563
 0.849533  -9.24331  0.738563
 0.849967  -9.23007  0.738996
   0.8504  -9.21687   0.73943
 0.850834  -9.20369   0.73943
 0.851267  -9.19053  0.739863
 0.851701  -9.17739  0.740297
 0.852134  -9.16429  0.740297
 0.852568   -9.1512   0.74073
 0.853001  -9.13814  0.741164
 0.853434  -9.12511  0.741597
 0.853868   -9.1121  0.741597
 0.854301   -9.0991  0.742031
 0.854735  -9.08615  0.742464
 0.855168  -9.07321  0.742464
 0.855602  -9.06029  0.742898
 0.856035   -9.0474  0.743331
 0.856469  -9.03453  0.743331
 0.856902  -9.02168  0.743765
 0.857336  -9.00887  0.744198
 0.857769  -8.99607  0.744198
 0.858203  -8.98329  0.744632
 0.858636  -8.97055  0.745065
  0.85907  -8.95783  0.745065
 0.859503  -8.94512  0.745498
 0.859937  -8.93244  0.745932
  0.86037  -8.91979  0.745932
 0.860804  -8.90715  0.746365
 0.861237  -8.89454  0.746799
 0.861671  -8.88197  0.747232
 0.862104   -8.8694  0.747232
 0.862538  -8.85686  0.747666
 0.862971  -8.84435  0.748099
 0.863404  -8.83185  0.748099
 0.863838  -8.81938  0.748533
 0.864271  -8.80694  0.748966
 0.864705  -8.79451  0.748966
 0.865138   -8.7821    0.7494
 0.865572  -8.76973  0.749833
 0.866005  -8.75738  0.749833
 0.866439  -8.74504  0.750267
 0.866872  -8.73273    0.7507
 0.867306  -8.72045    0.7507
 0.867739  -8.70817  0.751134
 0.868173  -8.69593  0.751567
 0.868606  -8.68372  0.752001
  0.86904  -8.67151  0.752001
 0.869473  -8.65934  0.752434
 0.869907  -8.64719  0.752868
  0.87034  -8.63505  0.752868
 0.870774  -8.62294  0.753301
 0.871207  -8.61086  0.753735
 0.871641  -8.59879  0.753735
 0.872074  -8.58674  0.754168
 0.872508  -8.57473  0.754602
 0.872941  -8.56273  0.754602
 0.873374  -8.55075  0.755035
 0.873808  -8.53879  0.755468
 0.874241  -8.52686  0.755468
 0.874675  -8.51494  0.755902
 0.875108  -8.50305  0.756335
 0.875542  -8.49119  0.756335
 0.875975  -8.47934  0.756769
 0.876409  -8.46751  0.757202
 0.876842  -8.45571  0.757202
 0.877276  -8.44392  0.757636
 0.877709  -8.43216  0.758069
 0.878143  -8.42043  0.758503
 0.878576   -8.4087  0.758503
  0.87901    -8.397  0.758936
 0.879443  -8.38533   0.75937
 0.879877  -8.37367   0.75937
  0.88031  -8.36203  0.759803
 0.880744  -8.35043  0.760237
 0.881177  -8.33883  0.760237
 0.881611  -8.32725   0.76067
 0.882044  -8.31571  0.761104
 0.882477  -8.30418  0.761104
 0.882911  -8.29267  0.761537
 0.883344  -8.28118  0.761971
 0.883778  -8.26972  0.761971
 0.884211  -8.25826  0.762404
 0.884645  -8.24684  0.762838
 0.885078  -8.23544  0.762838
 0.885512  -8.22405  0.763271
 0.885945  -8.21268  0.763705
 0.886379  -8.20134  0.764138
 0.886812  -8.19001  0.764138
 0.887246  -8.17871  0.764572
 0.887679  -8.16743  0.765005
 0.888113  -8.15617  0.765005
 0.888546  -8.14492  0.765438
  0.88898   -8.1337  0.765872
 0.889413   -8.1225  0.765872
 0.889847  -8.11131  0.766305
  0.89028  -8.10015  0.766739
 0.890714  -8.08901  0.766739
 0.891147  -8.07788  0.767172
 0.891581  -8.06679  0.767606
 0.892014   -8.0557  0.768039
 0.892447  -8.04463  0.768039
 0.892881   -8.0336  0.768473
 0.893314  -8.02257  0.768906
 0.893748  -8.01156  0.768906
 0.894181  -8.00058   0.76934
 0.894615  -7.98962  0.769773
 0.895048  -7.97866  0.769773
 0.895482  -7.96774  0.770207
 0.895915  -7.95684   0.77064
 0.896349  -7.94595   0.77064
 0.896782  -7.93508  0.771074
 0.897216  -7.92423  0.771507
 0.897649   -7.9134  0.771507
 0.898083  -7.90259  0.771941
 0.898516   -7.8918  0.772374
  0.89895  -7.88103  0.772374
 0.899383  -7.87028  0.772808
 0.899817  -7.85955  0.773241
  0.90025  -7.84884  0.773241
 0.900684  -7.83813  0.773675
 0.901117  -7.82746  0.774108
 0.901551  -7.81681  0.774108
 0.901984  -7.80616  0.774542
 0.902417  -7.79555  0.774975
 0.902851  -7.78495  0.775408
 0.903284  -7.77436  0.775408
 0.903718   -7.7638  0.775842
 0.904151  -7.75326  0.776275
 0.904585  -7.74273  0.776275
 0.905018  -7.73222  0.776709
 0.905452  -7.72173  0.777142
 0.905885  -7.71126  0.777142
 0.906319  -7.70081  0.777576
 0.906752  -7.69038  0.778009
 0.907186  -7.67996  0.778009
 0.907619  -7.66956  0.778443
 0.908053  -7.65918  0.778876
 0.908486  -7.64882  0.778876
  0.90892  -7.63848   0.77931
 0.909353  -7.62816  0.779743
 0.909787  -7.61785  0.779743
  0.91022  -7.60756  0.780177
 0.910654  -7.59729   0.78061
 0.911087  -7.58705   0.78061
 0.911521  -7.57681  0.781044
 0.911954  -7.56659  0.781477
 0.912387   -7.5564  0.781477
 0.912821  -7.54622  0.781911
 0.913254  -7.53605  0.782344
 0.913688  -7.52591  0.782778
 0.914121  -7.51578  0.782778
 0.914555  -7.50567  0.783211
 0.914988  -7.49559  0.783645
 0.915422  -7.48551  0.783645
 0.915855  -7.47545  0.784078
 0.916289  -7.46542  0.784512
 0.916722   -7.4554  0.784512
 0.917156  -7.44539  0.784945
 0.917589   -7.4354  0.785378
 0.918023  -7.42544  0.785378
 0.918456  -7.41548  0.785812
  0.91889  -7.40555  0.786245
 0.919323  -7.39564  0.786245
 0.919757  -7.38573  0.786679
  0.92019  -7.37585  0.787112
 0.920624  -7.36599  0.787112
 0.921057  -7.35614  0.787546
  0.92149  -7.34631  0.787979
 0.921924   -7.3365  0.788413
 0.922357   -7.3267  0.788413
 0.922791  -7.31692  0.788846
 0.923224  -7.30716   0.78928
 0.923658  -7.29741   0.78928
 0.924091  -7.28768  0.789713
 0.924525  -7.27797  0.790147
 0.924958  -7.26828  0.790147
 0.925392  -7.25859   0.79058
 0.925825  -7.24894  0.791014
 0.926259  -7.23929  0.791014
 0.926692  -7.22966  0.791447
 0.927126  -7.22005  0.791881
 0.927559  -7.21046  0.791881
 0.927993  -7.20087  0.792314
 0.928426  -7.19131  0.792748
  0.92886  -7.18177  0.792748
 0.929293  -7.17224  0.793181
 0.929727  -7.16273  0.793615
  0.93016  -7.15324  0.794048
 0.930594  -7.14375  0.794048
 0.931027  -7.13429  0.794481
  0.93146  -7.12484  0.794915
 0.931894  -7.11541  0.794915
 0.932327  -7.10599  0.795348
 0.932761   -7.0966  0.795782
 0.933194  -7.08721  0.795782
 0.933628  -7.07785  0.796215
 0.934061   -7.0685  0.796649
 0.934495  -7.05916  0.796649
 0.934928  -7.04984  0.797082
 0.935362  -7.04054  0.797516
 0.935795  -7.03126  0.797516
 0.936229  -7.02198  0.797949
 0.936662  -7.01273  0.798383
 0.937096   -7.0035  0.798383
 0.937529  -6.99427  0.798816
 0.937963  -6.98506   0.79925
 0.938396  -6.97588   0.79925
  0.93883   -6.9667  0.799683
 0.939263  -6.95754  0.800117
 0.939697   -6.9484  0.800117
  0.94013  -6.93926   0.80055
 0.940564  -6.93015  0.800984
 0.940997  -6.92106  0.801417
  0.94143  -6.91197  0.801417
 0.941864   -6.9029  0.801851
 0.942297  -6.89386  0.802284
 0.942731  -6.88482  0.802284
 0.943164   -6.8758  0.802718
 0.943598  -6.86679  0.803151
 0.944031   -6.8578  0.803151
 0.944465  -6.84883  0.803585
 0.944898  -6.83987  0.804018
 0.945332  -6.83093  0.804018
 0.945765    -6.822  0.804451
 0.946199  -6.81308  0.804885
 0.946632  -6.80419  0.804885
 0.947066   -6.7953  0.805318
 0.947499  -6.78643  0.805752
 0.947933  -6.77758  0.805752
 0.948366  -6.76874  0.806185
   0.9488  -6.75992  0.806619
 0.949233  -6.75112  0.806619
 0.949667  -6.74232  0.807052
   0.9501  -6.73354  0.807486
 0.950534  -6.72478  0.807919
 0.950967  -6.71603  0.807919
   0.9514  -6.70729  0.808353
 0.951834  -6.69858  0.808786
 0.952267  -6.68987  0.808786
 0.952701  -6.68118   0.80922
 0.953134  -6.67251  0.809653
 0.953568  -6.66384  0.809653
 0.954001  -6.65519  0.810087
 0.954435  -6.64657   0.81052
 0.954868  -6.63795   0.81052
 0.955302  -6.62934  0.810954
 0.955735  -6.62076  0.811387
 0.956169  -6.61219  0.811387
 0.956602  -6.60362  0.811821
 0.957036  -6.59508  0.812254
 0.957469  -6.58655  0.812254
 0.957903  -6.57803  0.812688
 0.958336  -6.56953  0.813121
  0.95877  -6.56105  0.813121
 0.959203  -6.55257  0.813555
 0.959637  -6.54411  0.813988
  0.96007  -6.53567  0.814421
 0.960504  -6.52724  0.814421
 0.960937  -6.51882  0.814855
  0.96137  -6.51042  0.815288
 0.961804  -6.50203  0.815288
 0.962237  -6.49365  0.815722
 0.962671  -6.48529  0.816155
 0.963104  -6.47695  0.816155
 0.963538  -6.46861  0.816589
 0.963971   -6.4603  0.817022
 0.964405  -6.45199  0.817022
 0.964838   -6.4437  0.817456
 0.965272  -6.43542  0.817889
 0.965705  -6.42716  0.817889
 0.966139  -6.41891  0.818323
 0.966572  -6.41067  0.818756
 0.967006  -6.40245  0.818756
 0.967439  -6.39424   0.81919
 0.967873  -6.38605  0.819623
 0.968306  -6.37787  0.819623
  0.96874   -6.3697  0.820057
 0.969173  -6.36155   0.82049
 0.969607  -6.35341   0.82049
  0.97004  -6.34528  0.820924
 0.970473  -6.33717  0.821357
 0.970907  -6.32907  0.821791
  0.97134  -6.32098  0.821791
 0.971774  -6.31291  0.822224
 0.972207  -6.30485  0.822658
 0.972641   -6.2968  0.822658
 0.973074  -6.28877  0.823091
 0.973508  -6.28075  0.823525
 0.973941  -6.27274  0.823525
 0.974375  -6.26475  0.823958
 0.974808  -6.25677  0.824391
 0.975242   -6.2488  0.824391
 0.975675  -6.24085  0.824825
 0.976109  -6.23291  0.825258
 0.976542  -6.22498  0.825258
 0.976976  -6.21707  0.825692
 0.977409  -6.20917  0.826125
 0.977843  -6.20128  0.826125
 0.978276   -6.1934  0.826559
  0.97871  -6.18554  0.826992
 0.979143   -6.1777  0.826992
 0.979577  -6.16985  0.827426
  0.98001  -6.16203  0.827859
 0.980443  -6.15422  0.828293
 0.980877  -6.14642  0.828293
  0.98131  -6.13864  0.828726
 0.981744  -6.13087   0.82916
 0.982177  -6.12311   0.82916
 0.982611  -6.11536  0.829593
 0.983044  -6.10763  0.830027
 0.983478  -6.09991  0.830027
 0.983911   -6.0922   0.83046
 0.984345   -6.0845  0.830894
 0.984778  -6.07682  0.830894
 0.985212  -6.06915  0.831327
 0.985645  -6.06149  0.831761
 0.986079  -6.05385  0.831761
 0.986512  -6.04621  0.832194
 0.986946  -6.03859  0.832628
 0.987379  -6.03098  0.832628
 0.987813  -6.02339  0.833061
 0.988246   -6.0158  0.833494
  0.98868  -6.00824  0.833494
 0.989113  -6.00067  0.833928
 0.989547  -5.99313  0.834361
  0.98998   -5.9856  0.834795
 0.990413  -5.97807  0.834795
 0.990847  -5.97056  0.835228
  0.99128  -5.96307  0.835662
 0.991714  -5.95558  0.835662
 0.992147  -5.94811  0.836095
 0.992581  -5.94065  0.836529
 0.993014   -5.9332  0.836529
 0.993448  -5.92576  0.836962
 0.993881  -5.91834  0.837396
 0.994315  -5.91093  0.837396
 0.994748  -5.90353  0.837829
 0.995182  -5.89614  0.838263
 0.995615  -5.88876  0.838263
 0.996049   -5.8814  0.838696
 0.996482  -5.87405   0.83913
 0.996916  -5.86671   0.83913
 0.997349  -5.85938  0.839563
 0.997783  -5.85206  0.839997
 0.998216  -5.84476  0.839997
  0.99865  -5.83746   0.84043
 0.999083  -5.83018  0.840864
 0.999517  -5.82292  0.840864
  0.99995  -5.81566  0.841297
  1.00038  -5.80841  0.841731
  1.00082  -5.80118  0.842164
  1.00125  -5.79395  0.842164
  1.00168  -5.78674  0.842598
  1.00212  -5.77955  0.843031
  1.00255  -5.77236  0.843031
  1.00298  -5.76518  0.843464
  1.00342  -5.75802  0.843898
  1.00385  -5.75087  0.843898
  1.00428  -5.74372  0.844331
  1.00472   -5.7366  0.844765
  1.00515  -5.72948  0.844765
  1.00559  -5.72237  0.845198
  1.00602  -5.71527  0.845632
  1.00645  -5.70819  0.845632
  1.00689  -5.70112  0.846065
  1.00732  -5.69406  0.846499
  1.00775  -5.68701  0.846499
  1.00819  -5.67997  0.846932
  1.00862  -5.67294  0.847366
  1.00905  -5.66593  0.847366
  1.00949  -5.65892  0.847799
  1.00992  -5.65193  0.848233
  1.01035  -5.64495  0.848666
  1.01079  -5.63797  0.848666
  1.01122  -5.63101    0.8491
  1.01165  -5.62407  0.849533
  1.01209  -5.61713  0.849533
  1.01252   -5.6102  0.849967
  1.01295  -5.60329    0.8504
  1.01339  -5.59638    0.8504
  1.01382  -5.58949  0.850834
  1.01425  -5.58261  0.851267
  1.01469  -5.57573  0.851267
  1.01512  -5.56887  0.851701
  1.01556  -5.56203  0.852134
  1.01599  -5.55519  0.852134
  1.01642  -5.54836  0.852568
  1.01686  -5.54154  0.853001
  1.01729  -5.53474  0.853001
  1.01772  -5.52794  0.853434
  1.01816  -5.52116  0.853868
  1.01859  -5.51438  0.853868
  1.01902  -5.50762  0.854301
  1.01946  -5.50087  0.854735
  1.01989  -5.49413  0.854735
  1.02032   -5.4874  0.855168
  1.02076  -5.48068  0.855602
  1.02119  -5.47397  0.856035
  1.02162  -5.46727  0.856035
  1.02206  -5.46058  0.856469
  1.02249  -5.45391  0.856902
  1.02292  -5.44724  0.856902
  1.02336  -5.44058  0.857336
  1.02379  -5.43394  0.857769
  1.02422   -5.4273  0.857769
  1.02466  -5.42067  0.858203
  1.02509  -5.41406  0.858636
  1.02553  -5.40746  0.858636
  1.02596  -5.40086   0.85907
  1.02639  -5.39428  0.859503
  1.02683  -5.38771  0.859503
  1.02726  -5.38115  0.859937
  1.02769   -5.3746   0.86037
  1.02813  -5.36806   0.86037
  1.02856  -5.36152  0.860804
  1.02899    -5.355  0.861237
  1.02943  -5.34849  0.861237
  1.02986  -5.34199  0.861671
  1.03029   -5.3355  0.862104
  1.03073  -5.32903  0.862104
  1.03116  -5.32255  0.862538
  1.03159  -5.31609  0.862971
  1.03203  -5.30965  0.862971
  1.03246  -5.30321  0.863404
  1.03289  -5.29678  0.863838
  1.03333  -5.29036  0.864271
  1.03376  -5.28395  0.864271
  1.03419  -5.27755  0.864705
  1.03463  -5.27116  0.865138
  1.03506  -5.26478  0.865138
   1.0355  -5.25841  0.865572
  1.03593  -5.25206  0.866005
  1.03636  -5.24571  0.866005
   1.0368  -5.23937  0.866439
  1.03723  -5.23304  0.866872
  1.03766  -5.22672  0.866872
   1.0381  -5.22041  0.867306
  1.03853  -5.21411  0.867739
  1.03896  -5.20783  0.867739
   1.0394  -5.20154  0.868173
  1.03983  -5.19528  0.868606
  1.04026  -5.18902  0.868606
   1.0407  -5.18276   0.86904
  1.04113  -5.17653  0.869473
  1.04156   -5.1703  0.869473
    1.042  -5.16407  0.869907
  1.04243  -5.15786   0.87034
  1.04286  -5.15166  0.870774
   1.0433  -5.14547  0.870774
  1.04373  -5.13929  0.871207
  1.04416  -5.13312  0.871641
   1.0446  -5.12695  0.871641
  1.04503   -5.1208  0.872074
  1.04547  -5.11466  0.872508
   1.0459  -5.10852  0.872508
  1.04633   -5.1024  0.872941
  1.04677  -5.09628  0.873374
   1.0472  -5.09018  0.873374
  1.04763  -5.08408  0.873808
  1.04807  -5.07799  0.874241
   1.0485  -5.07192  0.874241
  1.04893  -5.06585  0.874675
  1.04937  -5.05979  0.875108
   1.0498  -5.05374  0.875108
  1.05023   -5.0477  0.875542
  1.05067  -5.04167  0.875975
   1.0511  -5.03565  0.875975
  1.05153  -5.02964  0.876409
  1.05197  -5.02364  0.876842
   1.0524  -5.01764  0.876842
  1.05283  -5.01166  0.877276
  1.05327  -5.00568  0.877709
   1.0537  -4.99972  0.877709
  1.05413  -4.99376  0.878143
  1.05457  -4.98781  0.878576
    1.055  -4.98188   0.87901
  1.05544  -4.97595   0.87901
  1.05587  -4.97003  0.879443
   1.0563  -4.96412  0.879877
  1.05674  -4.95822  0.879877
  1.05717  -4.95232   0.88031
   1.0576  -4.94644  0.880744
  1.05804  -4.94057  0.880744
  1.05847   -4.9347  0.881177
   1.0589  -4.92885  0.881611
  1.05934    -4.923  0.881611
  1.05977  -4.91716  0.882044
   1.0602  -4.91133  0.882477
  1.06064  -4.90551  0.882477
  1.06107   -4.8997  0.882911
   1.0615   -4.8939  0.883344
  1.06194  -4.88811  0.883344
  1.06237  -4.88232  0.883778
   1.0628  -4.87655  0.884211
  1.06324  -4.87078  0.884211
  1.06367  -4.86502  0.884645
   1.0641  -4.85927  0.885078
  1.06454  -4.85353  0.885078
  1.06497   -4.8478  0.885512
  1.06541  -4.84208  0.885945
  1.06584  -4.83637  0.885945
  1.06627  -4.83066  0.886379
  1.06671  -4.82496  0.886812
  1.06714  -4.81928  0.886812
  1.06757  -4.81359  0.887246
  1.06801  -4.80792  0.887679
  1.06844  -4.80226  0.888113
  1.06887  -4.79661  0.888113
  1.06931  -4.79096  0.888546
  1.06974  -4.78533   0.88898
  1.07017   -4.7797   0.88898
  1.07061  -4.77408  0.889413
  1.07104  -4.76847  0.889847
  1.07147  -4.76287  0.889847
  1.07191  -4.75727   0.89028
  1.07234  -4.75169  0.890714
  1.07277  -4.74612  0.890714
  1.07321  -4.74054  0.891147
  1.07364  -4.73499  0.891581
  1.07407  -4.72944  0.891581
  1.07451  -4.72389  0.892014
  1.07494  -4.71836  0.892447
  1.07538  -4.71284  0.892881
  1.07581  -4.70732  0.892881
  1.07624  -4.70181  0.893314
  1.07668  -4.69631  0.893748
  1.07711  -4.69081  0.893748
  1.07754  -4.68533  0.894181
  1.07798  -4.67986  0.894615
  1.07841  -4.67439  0.894615
  1.07884  -4.66893  0.895048
  1.07928  -4.66348  0.895482
  1.07971  -4.65803  0.895482
  1.08014   -4.6526  0.895915
  1.08058  -4.64718  0.896349
  1.08101  -4.64176  0.896349
  1.08144  -4.63635  0.896782
  1.08188  -4.63095  0.897216
  1.08231  -4.62555  0.897216
  1.08274  -4.62017  0.897649
  1.08318  -4.61479  0.898083
  1.08361  -4.60942  0.898083
  1.08404  -4.60406  0.898516
  1.08448  -4.59871   0.89895
  1.08491  -4.59336   0.89895
  1.08535  -4.58802  0.899383
  1.08578   -4.5827  0.899817
  1.08621  -4.57738  0.899817
  1.08665  -4.57206   0.90025
  1.08708  -4.56676  0.900684
  1.08751  -4.56146  0.901117
  1.08795  -4.55617  0.901117
  1.08838  -4.55089  0.901551
  1.08881  -4.54562  0.901984
  1.08925  -4.54035  0.901984
  1.08968   -4.5351  0.902417
  1.09011  -4.52985  0.902851
  1.09055   -4.5246  0.902851
  1.09098  -4.51937  0.903284
  1.09141  -4.51415  0.903718
  1.09185  -4.50893  0.903718
  1.09228  -4.50372  0.904151
  1.09271  -4.49852  0.904585
  1.09315  -4.49332  0.904585
  1.09358  -4.48813  0.905018
  1.09401  -4.48295  0.905452
  1.09445  -4.47778  0.905452
  1.09488  -4.47262  0.905885
  1.09532  -4.46746  0.906319
  1.09575  -4.46231  0.906319
  1.09618  -4.45717  0.906752
  1.09662  -4.45204  0.907186
  1.09705  -4.44692  0.907186
  1.09748   -4.4418  0.907619
  1.09792  -4.43669  0.908053
  1.09835  -4.43159  0.908053
  1.09878  -4.42649  0.908486
  1.09922   -4.4214   0.90892
  1.09965  -4.41633   0.90892
  1.10008  -4.41125  0.909353
  1.10052  -4.40619  0.909787
  1.10095  -4.40113  0.909787
  1.10138  -4.39608   0.91022
  1.10182  -4.39104  0.910654
  1.10225  -4.38601  0.910654
  1.10268  -4.38098  0.911087
  1.10312  -4.37596  0.911521
  1.10355  -4.37095  0.911954
  1.10398  -4.36594  0.911954
  1.10442  -4.36094  0.912387
  1.10485  -4.35596  0.912821
  1.10529  -4.35097  0.912821
  1.10572    -4.346  0.913254
  1.10615  -4.34103  0.913688
  1.10659  -4.33607  0.913688
  1.10702  -4.33111  0.914121
  1.10745  -4.32617  0.914555
  1.10789  -4.32123  0.914555
  1.10832   -4.3163  0.914988
  1.10875  -4.31138  0.915422
  1.10919  -4.30646  0.915422
  1.10962  -4.30155  0.915855
  1.11005  -4.29665  0.916289
  1.11049  -4.29175  0.916289
  1.11092  -4.28686  0.916722
  1.11135  -4.28198  0.917156
  1.11179  -4.27711  0.917156
  1.11222  -4.27224  0.917589
  1.11265  -4.26739  0.918023
  1.11309  -4.26254  0.918023
  1.11352  -4.25769  0.918456
  1.11395  -4.25285   0.91889
  1.11439  -4.24802   0.91889
  1.11482   -4.2432  0.919323
  1.11526  -4.23838  0.919757
  1.11569  -4.23357  0.919757
  1.11612  -4.22877   0.92019
  1.11656  -4.22397  0.920624
  1.11699  -4.21919  0.920624
  1.11742  -4.21441  0.921057
  1.11786  -4.20963   0.92149
  1.11829  -4.20487  0.921924
  1.11872  -4.20011  0.921924
  1.11916  -4.19535  0.922357
  1.11959  -4.19061  0.922791
  1.12002  -4.18587  0.922791
  1.12046  -4.18113  0.923224
  1.12089  -4.17641  0.923658
  1.12132  -4.17169  0.923658
  1.12176  -4.16698  0.924091
  1.12219  -4.16228  0.924525
  1.12262  -4.15758  0.924525
  1.12306  -4.15289  0.924958
  1.12349   -4.1482  0.925392
  1.12392  -4.14353  0.925392
  1.12436  -4.13885  0.925825
  1.12479  -4.13419  0.926259
  1.12523  -4.12954  0.926259
  1.12566  -4.12488  0.926692
  1.12609  -4.12024  0.927126
  1.12653  -4.11561  0.927126
  1.12696  -4.11097  0.927559
  1.12739  -4.10635  0.927993
  1.12783  -4.10174  0.927993
  1.12826  -4.09713  0.928426
  1.12869  -4.09252   0.92886
  1.12913  -4.08793  0.929293
  1.12956  -4.08334  0.929293
  1.12999  -4.07875  0.929727
  1.13043  -4.07418   0.93016
  1.13086  -4.06961   0.93016
  1.13129  -4.06505  0.930594
  1.13173  -4.06049  0.931027
  1.13216  -4.05594  0.931027
  1.13259   -4.0514   0.93146
  1.13303  -4.04686  0.931894
  1.13346  -4.04233  0.931894
  1.13389  -4.03781  0.932327
  1.13433  -4.03329  0.932761
  1.13476  -4.02878  0.932761
   1.1352  -4.02428  0.933194
  1.13563  -4.01978  0.933628
  1.13606  -4.01529  0.933628
   1.1365   -4.0108  0.934061
  1.13693  -4.00633  0.934495
  1.13736  -4.00186  0.934495
   1.1378  -3.99739  0.934928
  1.13823  -3.99293  0.935362
  1.13866  -3.98848  0.935362
   1.1391  -3.98403  0.935795
  1.13953   -3.9796  0.936229
  1.13996  -3.97516  0.936229
   1.1404  -3.97074  0.936662
  1.14083  -3.96632  0.937096
  1.14126   -3.9619  0.937096
   1.1417  -3.95749  0.937529
  1.14213  -3.95309  0.937963
  1.14256   -3.9487  0.938396
    1.143  -3.94431  0.938396
  1.14343  -3.93993   0.93883
  1.14386  -3.93556  0.939263
   1.1443  -3.93118  0.939263
  1.14473  -3.92682  0.939697
  1.14517  -3.92247   0.94013
   1.1456  -3.91811   0.94013
  1.14603  -3.91377  0.940564
  1.14647  -3.90943  0.940997
   1.1469   -3.9051  0.940997
  1.14733  -3.90077   0.94143
  1.14777  -3.89645  0.941864
   1.1482  -3.89214  0.941864
  1.14863  -3.88783  0.942297
  1.14907  -3.88353  0.942731
   1.1495  -3.87924  0.942731
  1.14993  -3.87495  0.943164
  1.15037  -3.87067  0.943598
   1.1508  -3.86639  0.943598
  1.15123  -3.86212  0.944031
  1.15167  -3.85785  0.944465
   1.1521   -3.8536  0.944465
  1.15253  -3.84934  0.944898
  1.15297   -3.8451  0.945332
   1.1534  -3.84086  0.945332
  1.15383  -3.83662  0.945765
  1.15427   -3.8324  0.946199
   1.1547  -3.82818  0.946199
  1.15514  -3.82396  0.946632
  1.15557  -3.81975  0.947066
    1.156  -3.81555  0.947499
  1.15644  -3.81135  0.947499
  1.15687  -3.80716  0.947933
   1.1573  -3.80297  0.948366
  1.15774  -3.79879  0.948366
  1.15817  -3.79461    0.9488
   1.1586  -3.79045  0.949233
  1.15904  -3.78629  0.949233
  1.15947  -3.78213  0.949667
   1.1599  -3.77798    0.9501
  1.16034  -3.77383    0.9501
  1.16077  -3.76969  0.950534
   1.1612  -3.76556  0.950967
  1.16164  -3.76144  0.950967
  1.16207  -3.75731    0.9514
   1.1625   -3.7532  0.951834
  1.16294  -3.74909  0.951834
  1.16337  -3.74499  0.952267
   1.1638  -3.74089  0.952701
  1.16424   -3.7368  0.952701
  1.16467  -3.73271  0.953134
  1.16511  -3.72863  0.953568
  1.16554  -3.72456  0.953568
  1.16597  -3.72049  0.954001
  1.16641  -3.71642  0.954435
  1.16684  -3.71237  0.954435
  1.16727  -3.70831  0.954868
  1.16771  -3.70427  0.955302
  1.16814  -3.70023  0.955302
  1.16857  -3.69619  0.955735
  1.16901  -3.69216  0.956169
  1.16944  -3.68814  0.956602
  1.16987  -3.68412  0.956602
  1.17031  -3.68011  0.957036
  1.17074  -3.67611  0.957469
  1.17117   -3.6721  0.957469
  1.17161  -3.66811  0.957903
  1.17204  -3.66412  0.958336
  1.17247  -3.66014  0.958336
  1.17291  -3.65616   0.95877
  1.17334  -3.65219  0.959203
  1.17377  -3.64822  0.959203
  1.17421  -3.64426  0.959637
  1.17464   -3.6403   0.96007
  1.17508  -3.63635   0.96007
  1.17551  -3.63241  0.960504
  1.17594  -3.62847  0.960937
  1.17638  -3.62453  0.960937
  1.17681   -3.6206   0.96137
  1.17724  -3.61668  0.961804
  1.17768  -3.61277  0.961804
  1.17811  -3.60885  0.962237
  1.17854  -3.60495  0.962671
  1.17898  -3.60105  0.962671
  1.17941  -3.59715  0.963104
  1.17984  -3.59326  0.963538
  1.18028  -3.58938  0.963538
  1.18071   -3.5855  0.963971
  1.18114  -3.58162  0.964405
  1.18158  -3.57776  0.964405
  1.18201  -3.57389  0.964838
  1.18244  -3.57003  0.965272
  1.18288  -3.56618  0.965272
  1.18331  -3.56234  0.965705
  1.18374  -3.55849  0.966139
  1.18418  -3.55466  0.966572
  1.18461  -3.55083  0.966572
  1.18505    -3.547  0.967006
  1.18548  -3.54318  0.967439
  1.18591  -3.53937  0.967439
  1.18635  -3.53556  0.967873
  1.18678  -3.53176  0.968306
  1.18721  -3.52796  0.968306
  1.18765  -3.52416   0.96874
  1.18808  -3.52037  0.969173
  1.18851  -3.51659  0.969173
  1.18895  -3.51281  0.969607
  1.18938  -3.50904   0.97004
  1.18981  -3.50527   0.97004
  1.19025  -3.50151  0.970473
  1.19068  -3.49776  0.970907
  1.19111    -3.494  0.970907
  1.19155  -3.49026   0.97134
  1.19198  -3.48652  0.971774
  1.19241  -3.48278  0.971774
  1.19285  -3.47905  0.972207
  1.19328  -3.47532  0.972641
  1.19371   -3.4716  0.972641
  1.19415  -3.46789  0.973074
  1.19458  -3.46418  0.973508
  1.19502  -3.46047  0.973508
  1.19545  -3.45677  0.973941
  1.19588  -3.45308  0.974375
  1.19632  -3.44939  0.974375
  1.19675   -3.4457  0.974808
  1.19718  -3.44202  0.975242
  1.19762  -3.43835  0.975242
  1.19805  -3.43468  0.975675
  1.19848  -3.43101  0.976109
  1.19892  -3.42736  0.976542
  1.19935   -3.4237  0.976542
  1.19978  -3.42005  0.976976
  1.20022  -3.41641  0.977409
  1.20065  -3.41277  0.977409
  1.20108  -3.40913  0.977843
  1.20152  -3.40551  0.978276
  1.20195  -3.40188  0.978276
  1.20238  -3.39826   0.97871
  1.20282  -3.39465  0.979143
  1.20325  -3.39104  0.979143
  1.20368  -3.38743  0.979577
  1.20412  -3.38384   0.98001
  1.20455  -3.38024   0.98001
  1.20498  -3.37665  0.980443
  1.20542  -3.37307  0.980877
  1.20585  -3.36949  0.980877
  1.20629  -3.36591   0.98131
  1.20672  -3.36234  0.981744
  1.20715  -3.35878  0.981744
  1.20759  -3.35522  0.982177
  1.20802  -3.35166  0.982611
  1.20845  -3.34811  0.982611
  1.20889  -3.34456  0.983044
  1.20932  -3.34102  0.983478
  1.20975  -3.33749  0.983478
  1.21019  -3.33396  0.983911
  1.21062  -3.33043  0.984345
  1.21105  -3.32691  0.984345
  1.21149  -3.32339  0.984778
  1.21192  -3.31988  0.985212
  1.21235  -3.31638  0.985212
  1.21279  -3.31287  0.985645
  1.21322  -3.30937  0.986079
  1.21365  -3.30588  0.986512
  1.21409  -3.30239  0.986512
  1.21452  -3.29891  0.986946
  1.21495  -3.29543  0.987379
  1.21539  -3.29196  0.987379
  1.21582  -3.28849  0.987813
  1.21626  -3.28503  0.988246
  1.21669  -3.28157  0.988246
  1.21712  -3.27811   0.98868
  1.21756  -3.27466  0.989113
  1.21799  -3.27122  0.989113
  1.21842  -3.26778  0.989547
  1.21886  -3.26434   0.98998
  1.21929  -3.26091   0.98998
  1.21972  -3.25748  0.990413
  1.22016  -3.25406  0.990847
  1.22059  -3.25064  0.990847
  1.22102  -3.24723   0.99128
  1.22146  -3.24382  0.991714
  1.22189  -3.24042  0.991714
  1.22232  -3.23702  0.992147
  1.22276  -3.23363  0.992581
  1.22319  -3.23024  0.992581
  1.22362  -3.22685  0.993014
  1.22406  -3.22347  0.993448
  1.22449  -3.22009  0.993448
  1.22492  -3.21672  0.993881
  1.22536  -3.21336  0.994315
  1.22579  -3.20999  0.994315
  1.22623  -3.20664  0.994748
  1.22666  -3.20328  0.995182
  1.22709  -3.19993  0.995182
  1.22753  -3.19659  0.995615
  1.22796  -3.19325  0.996049
  1.22839  -3.18992  0.996049
  1.22883  -3.18658  0.996482
  1.22926  -3.18326  0.996916
  1.22969  -3.17994  0.997349
  1.23013  -3.17662  0.997349
  1.23056  -3.17331  0.997783
  1.23099     -3.17  0.998216
  1.23143  -3.16669  0.998216
  1.23186  -3.16339   0.99865
  1.23229   -3.1601  0.999083
  1.23273  -3.15681  0.999083
  1.23316  -3.15352  0.999517
  1.23359  -3.15024   0.99995
  1.23403  -3.14696   0.99995
  1.23446  -3.14369   1.00038
  1.23489  -3.14042   1.00082
  1.23533  -3.13716   1.00082
  1.23576   -3.1339   1.00125
   1.2362  -3.13064   1.00168
  1.23663  -3.12739   1.00168
  1.23706  -3.12415   1.00212
   1.2375   -3.1209   1.00255
  1.23793  -3.11767   1.00255
  1.23836  -3.11443   1.00298
   1.2388   -3.1112   1.00342
  1.23923  -3.10798   1.00342
  1.23966  -3.10476   1.00385
   1.2401  -3.10154   1.00428
  1.24053  -3.09833   1.00428
  1.24096  -3.09512   1.00472
   1.2414  -3.09192   1.00515
  1.24183  -3.08872   1.00515
  1.24226  -3.08552   1.00559
   1.2427  -3.08233   1.00602
  1.24313  -3.07915   1.00602
  1.24356  -3.07597   1.00645
    1.244  -3.07279   1.00689
  1.24443  -3.06962   1.00732
  1.24486  -3.06644   1.00732
   1.2453  -3.06328   1.00775
  1.24573  -3.06012   1.00819
  1.24617  -3.05696   1.00819
   1.2466  -3.05381   1.00862
  1.24703  -3.05066   1.00905
  1.24747  -3.04752   1.00905
   1.2479  -3.04438   1.00949
  1.24833  -3.04124   1.00992
  1.24877  -3.03811   1.00992
   1.2492  -3.03498   1.01035
  1.24963  -3.03186   1.01079
  1.25007  -3.02874   1.01079
   1.2505  -3.02562   1.01122
  1.25093  -3.02251   1.01165
  1.25137  -3.01941   1.01165
   1.2518   -3.0163   1.01209
  1.25223  -3.01321   1.01252
  1.25267  -3.01011   1.01252
   1.2531  -3.00702   1.01295
  1.25353  -3.00394   1.01339
  1.25397  -3.00085   1.01339
   1.2544  -2.99777   1.01382
  1.25483   -2.9947   1.01425
  1.25527  -2.99163   1.01425
   1.2557  -2.98856   1.01469
  1.25614   -2.9855   1.01512
  1.25657  -2.98245   1.01512
    1.257  -2.97939   1.01556
  1.25744  -2.97634   1.01599
  1.25787   -2.9733   1.01599
   1.2583  -2.97025   1.01642
  1.25874  -2.96722   1.01686
  1.25917  -2.96419   1.01729
   1.2596  -2.96115   1.01729
  1.26004  -2.95813   1.01772
  1.26047  -2.95511   1.01816
   1.2609  -2.95209   1.01816
  1.26134  -2.94908   1.01859
  1.26177  -2.94607   1.01902
   1.2622  -2.94306   1.01902
  1.26264  -2.94006   1.01946
  1.26307  -2.93706   1.01989
   1.2635  -2.93407   1.01989
  1.26394  -2.93108   1.02032
  1.26437  -2.92809   1.02076
   1.2648  -2.92511   1.02076
  1.26524  -2.92213   1.02119
  1.26567  -2.91916   1.02162
  1.26611  -2.91619   1.02162
  1.26654  -2.91322   1.02206
  1.26697  -2.91026   1.02249
  1.26741   -2.9073   1.02249
  1.26784  -2.90434   1.02292
  1.26827  -2.90139   1.02336
  1.26871  -2.89845   1.02336
  1.26914   -2.8955   1.02379
  1.26957  -2.89256   1.02422
  1.27001  -2.88963   1.02422
  1.27044   -2.8867   1.02466
  1.27087  -2.88377   1.02509
  1.27131  -2.88085   1.02509
  1.27174  -2.87793   1.02553
  1.27217  -2.87501   1.02596
  1.27261   -2.8721   1.02596
  1.27304  -2.86919   1.02639
  1.27347  -2.86628   1.02683
  1.27391  -2.86338   1.02683
  1.27434  -2.86049   1.02726
  1.27477  -2.85759   1.02769
  1.27521   -2.8547   1.02769
  1.27564  -2.85182   1.02813
  1.27608  -2.84893   1.02856
  1.27651  -2.84606   1.02856
  1.27694  -2.84318   1.02899
  1.27738  -2.84031   1.02943
  1.27781  -2.83744   1.02943
  1.27824  -2.83458   1.02986
  1.27868  -2.83172   1.03029
  1.27911  -2.82887   1.03073
  1.27954  -2.82601   1.03073
  1.27998  -2.82316   1.03116
  1.28041  -2.82032   1.03159
  1.28084  -2.81748   1.03159
  1.28128  -2.81464   1.03203
  1.28171  -2.81181   1.03246
  1.28214  -2.80898   1.03246
  1.28258  -2.80615   1.03289
  1.28301  -2.80333   1.03333
  1.28344  -2.80051   1.03333
  1.28388  -2.79769   1.03376
  1.28431  -2.79488   1.03419
  1.28474  -2.79207   1.03419
  1.28518  -2.78927   1.03463
  1.28561  -2.78647   1.03506
  1.28605  -2.78367   1.03506
  1.28648  -2.78088    1.0355
  1.28691  -2.77809   1.03593
  1.28735   -2.7753   1.03593
  1.28778  -2.77252   1.03636
  1.28821  -2.76974    1.0368
  1.28865  -2.76696    1.0368
  1.28908  -2.76419   1.03723
  1.28951  -2.76142   1.03766
  1.28995  -2.75866   1.03766
  1.29038   -2.7559    1.0381
  1.29081  -2.75314   1.03853
  1.29125  -2.75038   1.03853
  1.29168  -2.74763   1.03896
  1.29211  -2.74489    1.0394
  1.29255  -2.74214    1.0394
  1.29298   -2.7394   1.03983
  1.29341  -2.73667   1.04026
  1.29385  -2.73393   1.04026
  1.29428   -2.7312    1.0407
  1.29471  -2.72848   1.04113
  1.29515  -2.72576   1.04113
  1.29558  -2.72304   1.04156
  1.29602  -2.72032     1.042
  1.29645  -2.71761     1.042
  1.29688   -2.7149   1.04243
  1.29732   -2.7122   1.04286
  1.29775   -2.7095   1.04286
  1.29818   -2.7068    1.0433
  1.29862   -2.7041   1.04373
  1.29905  -2.70141   1.04416
  1.29948  -2.69872   1.04416
  1.29992  -2.69604    1.0446
  1.30035  -2.69336   1.04503
  1.30078  -2.69068   1.04503
  1.30122  -2.68801   1.04547
  1.30165  -2.68534    1.0459
  1.30208  -2.68267    1.0459
  1.30252  -2.68001   1.04633
  1.30295  -2.67735   1.04677
  1.30338  -2.67469   1.04677
  1.30382  -2.67204    1.0472
  1.30425  -2.66939   1.04763
  1.30468  -2.66674   1.04763
  1.30512   -2.6641   1.04807
  1.30555  -2.66146    1.0485
  1.30599  -2.65882    1.0485
  1.30642  -2.65619   1.04893
  1.30685  -2.65356   1.04937
  1.30729  -2.65093   1.04937
  1.30772  -2.64831    1.0498
  1.30815  -2.64569   1.05023
  1.30859  -2.64307   1.05023
  1.30902  -2.64046   1.05067
  1.30945  -2.63785    1.0511
  1.30989  -2.63524    1.0511
  1.31032  -2.63264   1.05153
  1.31075  -2.63004   1.05197
  1.31119  -2.62745   1.05197
  1.31162  -2.62485    1.0524
  1.31205  -2.62226   1.05283
  1.31249  -2.61968   1.05283
  1.31292  -2.61709   1.05327
  1.31335  -2.61451    1.0537
  1.31379  -2.61194    1.0537
  1.31422  -2.60936   1.05413
  1.31465  -2.60679   1.05457
  1.31509  -2.60423     1.055
  1.31552  -2.60166     1.055
  1.31596   -2.5991   1.05544
  1.31639  -2.59655   1.05587
  1.31682  -2.59399   1.05587
  1.31726  -2.59144    1.0563
  1.31769  -2.58889   1.05674
  1.31812  -2.58635   1.05674
  1.31856  -2.58381   1.05717
  1.31899  -2.58127    1.0576
  1.31942  -2.57874    1.0576
  1.31986   -2.5762   1.05804
  1.32029  -2.57368   1.05847
  1.32072  -2.57115   1.05847
  1.32116  -2.56863    1.0589
  1.32159  -2.56611   1.05934
  1.32202   -2.5636   1.05934
  1.32246  -2.56108   1.05977
  1.32289  -2.55858    1.0602
  1.32332  -2.55607    1.0602
  1.32376  -2.55357   1.06064
  1.32419  -2.55107   1.06107
  1.32462  -2.54857   1.06107
  1.32506  -2.54608    1.0615
  1.32549  -2.54359   1.06194
  1.32593   -2.5411   1.06194
  1.32636  -2.53862   1.06237
  1.32679  -2.53614    1.0628
  1.32723  -2.53366   1.06324
  1.32766  -2.53119   1.06324
  1.32809  -2.52871   1.06367
  1.32853  -2.52625    1.0641
  1.32896  -2.52378    1.0641
  1.32939  -2.52132   1.06454
  1.32983  -2.51886   1.06497
  1.33026  -2.51641   1.06497
  1.33069  -2.51395   1.06541
  1.33113   -2.5115   1.06584
  1.33156  -2.50906   1.06584
  1.33199  -2.50661   1.06627
  1.33243  -2.50417   1.06671
  1.33286  -2.50174   1.06671
  1.33329   -2.4993   1.06714
  1.33373  -2.49687   1.06757
  1.33416  -2.49444   1.06757
  1.33459  -2.49202   1.06801
  1.33503   -2.4896   1.06844
  1.33546  -2.48718   1.06844
   1.3359  -2.48476   1.06887
  1.33633  -2.48235   1.06931
  1.33676  -2.47994   1.06931
   1.3372  -2.47753   1.06974
  1.33763  -2.47513   1.07017
  1.33806  -2.47273   1.07017
   1.3385  -2.47033   1.07061
  1.33893  -2.46793   1.07104
  1.33936  -2.46554   1.07104
   1.3398  -2.46315   1.07147
  1.34023  -2.46077   1.07191
  1.34066  -2.45838   1.07191
   1.3411    -2.456   1.07234
  1.34153  -2.45363   1.07277
  1.34196  -2.45125   1.07277
   1.3424  -2.44888   1.07321
  1.34283  -2.44651   1.07364
  1.34326  -2.44415   1.07364
   1.3437  -2.44179   1.07407
  1.34413  -2.43943   1.07451
  1.34456  -2.43707   1.07451
    1.345  -2.43472   1.07494
  1.34543  -2.43237   1.07538
  1.34587  -2.43002   1.07538
   1.3463  -2.42767   1.07581
  1.34673  -2.42533   1.07624
  1.34717    -2.423   1.07668
   1.3476  -2.42066   1.07668
  1.34803  -2.41833   1.07711
  1.34847    -2.416   1.07754
   1.3489  -2.41367   1.07754
  1.34933  -2.41134   1.07798
  1.34977  -2.40902   1.07841
   1.3502   -2.4067   1.07841
  1.35063  -2.40439   1.07884
  1.35107  -2.40208   1.07928
   1.3515  -2.39977   1.07928
  1.35193  -2.39746   1.07971
  1.35237  -2.39515   1.08014
   1.3528  -2.39285   1.08014
  1.35323  -2.39055   1.08058
  1.35367  -2.38826   1.08101
   1.3541  -2.38597   1.08101
  1.35453  -2.38368   1.08144
  1.35497  -2.38139   1.08188
   1.3554   -2.3791   1.08188
  1.35584  -2.37682   1.08231
  1.35627  -2.37454   1.08274
   1.3567  -2.37227   1.08274
  1.35714     -2.37   1.08318
  1.35757  -2.36773   1.08361
    1.358  -2.36546   1.08361
  1.35844  -2.36319   1.08404
  1.35887  -2.36093   1.08448
   1.3593  -2.35867   1.08448
  1.35974  -2.35642   1.08491
  1.36017  -2.35416   1.08535
   1.3606  -2.35191   1.08535
  1.36104  -2.34966   1.08578
  1.36147  -2.34742   1.08621
   1.3619  -2.34518   1.08621
  1.36234  -2.34294   1.08665
  1.36277   -2.3407   1.08708
   1.3632  -2.33847   1.08708
  1.36364  -2.33623   1.08751
  1.36407  -2.33401   1.08795
   1.3645  -2.33178   1.08795
  1.36494  -2.32956   1.08838
  1.36537  -2.32734   1.08881
  1.36581  -2.32512   1.08881
  1.36624   -2.3229   1.08925
  1.36667  -2.32069   1.08968
  1.36711  -2.31848   1.08968
  1.36754  -2.31627   1.09011
  1.36797  -2.31407   1.09055
  1.36841  -2.31187   1.09098
  1.36884  -2.30967   1.09098
  1.36927  -2.30747   1.09141
  1.36971  -2.30528   1.09185
  1.37014  -2.30309   1.09185
  1.37057   -2.3009   1.09228
  1.37101  -2.29872   1.09271
  1.37144  -2.29653   1.09271
  1.37187  -2.29435   1.09315
  1.37231  -2.29218   1.09358
  1.37274     -2.29   1.09358
  1.37317  -2.28783   1.09401
  1.37361  -2.28566   1.09445
  1.37404  -2.28349   1.09445
  1.37447  -2.28133   1.09488
  1.37491  -2.27917   1.09532
  1.37534  -2.27701   1.09532
  1.37578  -2.27485   1.09575
  1.37621   -2.2727   1.09618
  1.37664  -2.27055   1.09618
  1.37708   -2.2684   1.09662
  1.37751  -2.26626   1.09705
  1.37794  -2.26411   1.09705
  1.37838  -2.26197   1.09748
  1.37881  -2.25984   1.09792
  1.37924   -2.2577   1.09792
  1.37968  -2.25557   1.09835
  1.38011  -2.25344   1.09878
  1.38054  -2.25131   1.09878
  1.38098  -2.24918   1.09922
  1.38141  -2.24706   1.09965
  1.38184  -2.24494   1.09965
  1.38228  -2.24283   1.10008
  1.38271  -2.24071   1.10052
  1.38314   -2.2386   1.10052
  1.38358  -2.23649   1.10095
  1.38401  -2.23438   1.10138
  1.38444  -2.23228   1.10138
  1.38488  -2.23018   1.10182
  1.38531  -2.22808   1.10225
  1.38575  -2.22598   1.10268
  1.38618  -2.22389   1.10268
  1.38661   -2.2218   1.10312
  1.38705  -2.21971   1.10355
  1.38748  -2.21762   1.10355
  1.38791  -2.21554   1.10398
  1.38835  -2.21346   1.10442
  1.38878  -2.21138   1.10442
  1.38921   -2.2093   1.10485
  1.38965  -2.20723   1.10529
  1.39008  -2.20515   1.10529
  1.39051  -2.20309   1.10572
  1.39095  -2.20102   1.10615
  1.39138  -2.19896   1.10615
  1.39181  -2.19689   1.10659
  1.39225  -2.19484   1.10702
  1.39268  -2.19278   1.10702
  1.39311  -2.19073   1.10745
  1.39355  -2.18867   1.10789
  1.39398  -2.18662   1.10789
  1.39441  -2.18458   1.10832
  1.39485  -2.18253   1.10875
  1.39528  -2.18049   1.10875
  1.39572  -2.17845   1.10919
  1.39615  -2.17642   1.10962
  1.39658  -2.17438   1.10962
  1.39702  -2.17235   1.11005
  1.39745  -2.17032   1.11049
  1.39788   -2.1683   1.11049
  1.39832  -2.16627   1.11092
  1.39875  -2.16425   1.11135
  1.39918  -2.16223   1.11135
  1.39962  -2.16021   1.11179
  1.40005   -2.1582   1.11222
  1.40048  -2.15619   1.11222
  1.40092  -2.15417   1.11265
  1.40135  -2.15217   1.11309
  1.40178  -2.15016   1.11309
  1.40222  -2.14816   1.11352
  1.40265  -2.14616   1.11395
  1.40308  -2.14416   1.11395
  1.40352  -2.14217   1.11439
  1.40395  -2.14017   1.11482
  1.40438  -2.13818   1.11482
  1.40482  -2.13619   1.11526
  1.40525  -2.13421   1.11569
  1.40569  -2.13223   1.11612
  1.40612  -2.13024   1.11612
  1.40655  -2.12827   1.11656
  1.40699  -2.12629   1.11699
  1.40742  -2.12431   1.11699
  1.40785  -2.12234   1.11742
  1.40829  -2.12037   1.11786
  1.40872  -2.11841   1.11786
  1.40915  -2.11644   1.11829
  1.40959  -2.11448   1.11872
  1.41002  -2.11252   1.11872
  1.41045  -2.11056   1.11916
  1.41089  -2.10861   1.11959
  1.41132  -2.10665   1.11959
  1.41175   -2.1047   1.12002
  1.41219  -2.10276   1.12046
  1.41262  -2.10081   1.12046
  1.41305  -2.09887   1.12089
  1.41349  -2.09692   1.12132
  1.41392  -2.09499   1.12132
  1.41435  -2.09305   1.12176
  1.41479  -2.09111   1.12219
  1.41522  -2.08918   1.12219
  1.41566  -2.08725   1.12262
  1.41609  -2.08532   1.12306
  1.41652   -2.0834   1.12306
  1.41696  -2.08148   1.12349
  1.41739  -2.07956   1.12392
  1.41782  -2.07764   1.12392
  1.41826  -2.07572   1.12436
  1.41869  -2.07381   1.12479
  1.41912   -2.0719   1.12479
  1.41956  -2.06999   1.12523
  1.41999  -2.06808   1.12566
  1.42042  -2.06618   1.12566
  1.42086  -2.06427   1.12609
  1.42129  -2.06237   1.12653
  1.42172  -2.06048   1.12653
  1.42216  -2.05858   1.12696
  1.42259  -2.05669   1.12739
  1.42302  -2.05479   1.12739
  1.42346  -2.05291   1.12783
  1.42389  -2.05102   1.12826
  1.42432  -2.04913   1.12826
  1.42476  -2.04725   1.12869
  1.42519  -2.04537   1.12913
  1.42563  -2.04349   1.12913
  1.42606  -2.04162   1.12956
  1.42649  -2.03974   1.12999
  1.42693  -2.03787   1.12999
  1.42736    -2.036   1.13043
  1.42779  -2.03414   1.13086
  1.42823  -2.03227   1.13129
  1.42866  -2.03041   1.13129
  1.42909  -2.02855   1.13173
  1.42953  -2.02669   1.13216
  1.42996  -2.02484   1.13216
  1.43039  -2.02298   1.13259
  1.43083  -2.02113   1.13303
  1.43126  -2.01928   1.13303
  1.43169  -2.01744   1.13346
  1.43213  -2.01559   1.13389
  1.43256  -2.01375   1.13389
  1.43299  -2.01191   1.13433
  1.43343  -2.01007   1.13476
  1.43386  -2.00823   1.13476
  1.43429   -2.0064    1.1352
  1.43473  -2.00457   1.13563
  1.43516  -2.00274   1.13563
   1.4356  -2.00091   1.13606
  1.43603  -1.99908    1.1365
  1.43646  -1.99726    1.1365
   1.4369  -1.99544   1.13693
  1.43733  -1.99362   1.13736
  1.43776   -1.9918   1.13736
   1.4382  -1.98999    1.1378
  1.43863  -1.98818   1.13823
  1.43906  -1.98637   1.13823
   1.4395  -1.98456   1.13866
  1.43993  -1.98275    1.1391
  1.44036  -1.98095    1.1391
   1.4408  -1.97914   1.13953
  1.44123  -1.97735   1.13996
  1.44166  -1.97555   1.13996
   1.4421  -1.97375    1.1404
  1.44253  -1.97196   1.14083
  1.44296  -1.97017   1.14083
   1.4434  -1.96838   1.14126
  1.44383  -1.96659    1.1417
  1.44426   -1.9648    1.1417
   1.4447  -1.96302   1.14213
  1.44513  -1.96124   1.14256
  1.44557  -1.95946   1.14256
    1.446  -1.95768     1.143
  1.44643  -1.95591   1.14343
  1.44687  -1.95414   1.14343
   1.4473  -1.95237   1.14386
  1.44773   -1.9506    1.1443
  1.44817  -1.94883   1.14473
   1.4486  -1.94707   1.14473
  1.44903   -1.9453   1.14517
  1.44947  -1.94354    1.1456
   1.4499  -1.94178    1.1456
  1.45033  -1.94003   1.14603
  1.45077  -1.93827   1.14647
   1.4512  -1.93652   1.14647
  1.45163  -1.93477    1.1469
  1.45207  -1.93302   1.14733
   1.4525  -1.93128   1.14733
  1.45293  -1.92953   1.14777
  1.45337  -1.92779    1.1482
   1.4538  -1.92605    1.1482
  1.45423  -1.92431   1.14863
  1.45467  -1.92258   1.14907
   1.4551  -1.92084   1.14907
  1.45554  -1.91911    1.1495
  1.45597  -1.91738   1.14993
   1.4564  -1.91565   1.14993
  1.45684  -1.91393   1.15037
  1.45727   -1.9122    1.1508
   1.4577  -1.91048    1.1508
  1.45814  -1.90876   1.15123
  1.45857  -1.90704   1.15167
    1.459  -1.90533   1.15167
  1.45944  -1.90361    1.1521
  1.45987   -1.9019   1.15253
   1.4603  -1.90019   1.15253
  1.46074  -1.89848   1.15297
  1.46117  -1.89678    1.1534
   1.4616  -1.89507    1.1534
  1.46204  -1.89337   1.15383
  1.46247  -1.89167   1.15427
   1.4629  -1.88997   1.15427
  1.46334  -1.88828    1.1547
  1.46377  -1.88658   1.15514
   1.4642  -1.88489   1.15514
  1.46464   -1.8832   1.15557
  1.46507  -1.88151     1.156
  1.46551  -1.87983     1.156
  1.46594  -1.87814   1.15644
  1.46637  -1.87646   1.15687
  1.46681  -1.87478   1.15687
  1.46724   -1.8731    1.1573
  1.46767  -1.87142   1.15774
  1.46811  -1.86975   1.15774
  1.46854  -1.86807   1.15817
  1.46897   -1.8664    1.1586
  1.46941  -1.86474    1.1586
  1.46984  -1.86307   1.15904
  1.47027   -1.8614   1.15947
  1.47071  -1.85974   1.15947
  1.47114  -1.85808    1.1599
  1.47157  -1.85642   1.16034
  1.47201  -1.85476   1.16077
  1.47244   -1.8531   1.16077
  1.47287  -1.85145    1.1612
  1.47331   -1.8498   1.16164
  1.47374  -1.84815   1.16164
  1.47417   -1.8465   1.16207
  1.47461  -1.84486    1.1625
  1.47504  -1.84321    1.1625
  1.47548  -1.84157   1.16294
  1.47591  -1.83993   1.16337
  1.47634  -1.83829   1.16337
  1.47678  -1.83665    1.1638
  1.47721  -1.83502   1.16424
  1.47764  -1.83338   1.16424
  1.47808  -1.83175   1.16467
  1.47851  -1.83012   1.16511
  1.47894   -1.8285   1.16511
  1.47938  -1.82687   1.16554
  1.47981  -1.82525   1.16597
  1.48024  -1.82363   1.16597
  1.48068  -1.82201   1.16641
  1.48111  -1.82039   1.16684
  1.48154  -1.81877   1.16684
  1.48198  -1.81716   1.16727
  1.48241  -1.81554   1.16771
  1.48284  -1.81393   1.16771
  1.48328  -1.81232   1.16814
  1.48371  -1.81072   1.16857
  1.48414  -1.80911   1.16857
  1.48458  -1.80751   1.16901
  1.48501  -1.80591   1.16944
  1.48545  -1.80431   1.16944
  1.48588  -1.80271   1.16987
  1.48631  -1.80111   1.17031
  1.48675  -1.79952   1.17031
  1.48718  -1.79793   1.17074
  1.48761  -1.79634   1.17117
  1.48805  -1.79475   1.17117
  1.48848  -1.79316   1.17161
  1.48891  -1.79157   1.17204
  1.48935  -1.78999   1.17204
  1.48978  -1.78841   1.17247
  1.49021  -1.78683   1.17291
  1.49065  -1.78525   1.17291
  1.49108  -1.78368   1.17334
  1.49151   -1.7821   1.17377
  1.49195  -1.78053   1.17377
  1.49238  -1.77896   1.17421
  1.49281  -1.77739   1.17464
  1.49325  -1.77582   1.17464
  1.49368  -1.77426   1.17508
  1.49411  -1.77269   1.17551
  1.49455  -1.77113   1.17551
  1.49498  -1.76957   1.17594
  1.49542  -1.76801   1.17638
  1.49585  -1.76645   1.17638
  1.49628   -1.7649   1.17681
  1.49672  -1.76335   1.17724
  1.49715  -1.76179   1.17768
  1.49758  -1.76024   1.17768
  1.49802   -1.7587   1.17811
  1.49845  -1.75715   1.17854
  1.49888  -1.75561   1.17854
  1.49932  -1.75406   1.17898
  1.49975  -1.75252   1.17941
  1.50018  -1.75098   1.17941
  1.50062  -1.74945   1.17984
  1.50105  -1.74791   1.18028
  1.50148  -1.74638   1.18028
  1.50192  -1.74484   1.18071
  1.50235  -1.74331   1.18114
  1.50278  -1.74178   1.18114
  1.50322  -1.74026   1.18158
  1.50365  -1.73873   1.18201
  1.50408  -1.73721   1.18201
  1.50452  -1.73569   1.18244
  1.50495  -1.73417   1.18288
  1.50539  -1.73265   1.18288
  1.50582  -1.73113   1.18331
  1.50625  -1.72962   1.18374
  1.50669   -1.7281   1.18374
  1.50712  -1.72659   1.18418
  1.50755  -1.72508   1.18461
  1.50799  -1.72357   1.18461
  1.50842  -1.72207   1.18505
  1.50885  -1.72056   1.18548
  1.50929  -1.71906   1.18548
  1.50972  -1.71756   1.18591
  1.51015  -1.71606   1.18635
  1.51059  -1.71456   1.18635
  1.51102  -1.71306   1.18678
  1.51145  -1.71157   1.18721
  1.51189  -1.71008   1.18721
  1.51232  -1.70858   1.18765
  1.51275  -1.70709   1.18808
  1.51319  -1.70561   1.18808
  1.51362  -1.70412   1.18851
  1.51405  -1.70263   1.18895
  1.51449  -1.70115   1.18895
  1.51492  -1.69967   1.18938
  1.51536  -1.69819   1.18981
  1.51579  -1.69671   1.18981
  1.51622  -1.69524   1.19025
  1.51666  -1.69376   1.19068
  1.51709  -1.69229   1.19111
  1.51752  -1.69082   1.19111
  1.51796  -1.68935   1.19155
  1.51839  -1.68788   1.19198
  1.51882  -1.68641   1.19198
  1.51926  -1.68495   1.19241
  1.51969  -1.68348   1.19285
  1.52012  -1.68202   1.19285
  1.52056  -1.68056   1.19328
  1.52099   -1.6791   1.19371
  1.52142  -1.67765   1.19371
  1.52186  -1.67619   1.19415
  1.52229  -1.67474   1.19458
  1.52272  -1.67329   1.19458
  1.52316  -1.67184   1.19502
  1.52359  -1.67039   1.19545
  1.52402  -1.66894   1.19545
  1.52446   -1.6675   1.19588
  1.52489  -1.66605   1.19632
  1.52533  -1.66461   1.19632
  1.52576  -1.66317   1.19675
  1.52619  -1.66173   1.19718
  1.52663  -1.66029   1.19718
  1.52706  -1.65886   1.19762
  1.52749  -1.65742   1.19805
  1.52793  -1.65599   1.19805
  1.52836  -1.65456   1.19848
  1.52879  -1.65313   1.19892
  1.52923   -1.6517   1.19892
  1.52966  -1.65027   1.19935
  1.53009  -1.64885   1.19978
  1.53053  -1.64743   1.19978
  1.53096  -1.64601   1.20022
  1.53139  -1.64459   1.20065
  1.53183  -1.64317   1.20065
  1.53226  -1.64175   1.20108
  1.53269  -1.64034   1.20152
  1.53313  -1.63892   1.20152
  1.53356  -1.63751   1.20195
  1.53399   -1.6361   1.20238
  1.53443  -1.63469   1.20238
  1.53486  -1.63328   1.20282
   1.5353  -1.63188   1.20325
  1.53573  -1.63047   1.20325
  1.53616  -1.62907   1.20368
   1.5366  -1.62767   1.20412
  1.53703  -1.62627   1.20412
  1.53746  -1.62487   1.20455
   1.5379  -1.62347   1.20498
  1.53833  -1.62208   1.20498
  1.53876  -1.62069   1.20542
   1.5392  -1.61929   1.20585
  1.53963   -1.6179   1.20585
  1.54006  -1.61651   1.20629
   1.5405  -1.61513   1.20672
  1.54093  -1.61374   1.20715
  1.54136  -1.61236   1.20715
   1.5418  -1.61097   1.20759
  1.54223  -1.60959   1.20802
  1.54266  -1.60821   1.20802
   1.5431  -1.60684   1.20845
  1.54353  -1.60546   1.20889
  1.54396  -1.60408   1.20889
   1.5444  -1.60271   1.20932
  1.54483  -1.60134   1.20975
  1.54527  -1.59997   1.20975
   1.5457   -1.5986   1.21019
  1.54613  -1.59723   1.21062
  1.54657  -1.59586   1.21062
    1.547   -1.5945   1.21105
  1.54743  -1.59314   1.21149
  1.54787  -1.59178   1.21149
   1.5483  -1.59042   1.21192
  1.54873  -1.58906   1.21235
  1.54917   -1.5877   1.21235
   1.5496  -1.58634   1.21279
  1.55003  -1.58499   1.21322
  1.55047  -1.58364   1.21322
   1.5509  -1.58229   1.21365
  1.55133  -1.58094   1.21409
  1.55177  -1.57959   1.21409
   1.5522  -1.57824   1.21452
  1.55263   -1.5769   1.21495
  1.55307  -1.57555   1.21495
   1.5535  -1.57421   1.21539
  1.55393  -1.57287   1.21582
  1.55437  -1.57153   1.21582
   1.5548  -1.57019   1.21626
  1.55524  -1.56886   1.21669
  1.55567  -1.56752   1.21669
   1.5561  -1.56619   1.21712
  1.55654  -1.56486   1.21756
  1.55697  -1.56353   1.21756
   1.5574   -1.5622   1.21799
  1.55784  -1.56087   1.21842
  1.55827  -1.55954   1.21842
   1.5587  -1.55822   1.21886
  1.55914  -1.55689   1.21929
  1.55957  -1.55557   1.21929
     1.56  -1.55425   1.21972
  1.56044  -1.55293   1.22016
  1.56087  -1.55162   1.22016
   1.5613   -1.5503   1.22059
  1.56174  -1.54898   1.22102
  1.56217  -1.54767   1.22102
   1.5626  -1.54636   1.22146
  1.56304  -1.54505   1.22189
  1.56347  -1.54374   1.22189
   1.5639  -1.54243   1.22232
  1.56434  -1.54113   1.22276
  1.56477  -1.53982   1.22276
  1.56521  -1.53852   1.22319
  1.56564  -1.53722   1.22362
  1.56607  -1.53592   1.22362
  1.56651  -1.53462   1.22406
  1.56694  -1.53332   1.22449
  1.56737  -1.53202   1.22449
  1.56781  -1.53073   1.22492
  1.56824  -1.52944   1.22536
  1.56867  -1.52814   1.22536
  1.56911  -1.52685   1.22579
  1.56954  -1.52556   1.22623
  1.56997  -1.52428   1.22623
  1.57041  -1.52299   1.22666
  1.57084   -1.5217   1.22709
  1.57127  -1.52042   1.22709
  1.57171  -1.51914   1.22753
  1.57214  -1.51786   1.22796
  1.57257  -1.51658   1.22839
  1.57301   -1.5153   1.22839
  1.57344  -1.51402   1.22883
  1.57387  -1.51275   1.22926
  1.57431  -1.51147   1.22926
  1.57474   -1.5102   1.22969
  1.57518  -1.50893   1.23013
  1.57561  -1.50766   1.23013
  1.57604  -1.50639   1.23056
  1.57648  -1.50513   1.23099
  1.57691  -1.50386   1.23099
  1.57734   -1.5026   1.23143
  1.57778  -1.50133   1.23186
  1.57821  -1.50007   1.23186
  1.57864  -1.49881   1.23229
  1.57908  -1.49755   1.23273
  1.57951   -1.4963   1.23273
  1.57994  -1.49504   1.23316
  1.58038  -1.49378   1.23359
  1.58081  -1.49253   1.23359
  1.58124  -1.49128   1.23403
  1.58168  -1.49003   1.23446
  1.58211  -1.48878   1.23446
  1.58254  -1.48753   1.23489
  1.58298  -1.48628   1.23533
  1.58341  -1.48504   1.23533
  1.58384  -1.48379   1.23576
  1.58428  -1.48255    1.2362
  1.58471  -1.48131    1.2362
  1.58515  -1.48007   1.23663
  1.58558  -1.47883   1.23706
  1.58601   -1.4776   1.23706
  1.58645  -1.47636    1.2375
  1.58688  -1.47512   1.23793
  1.58731  -1.47389   1.23793
  1.58775  -1.47266   1.23836
  1.58818  -1.47143    1.2388
  1.58861   -1.4702    1.2388
  1.58905  -1.46897   1.23923
  1.58948  -1.46774   1.23966
  1.58991  -1.46652   1.23966
  1.59035  -1.46529    1.2401
  1.59078  -1.46407   1.24053
  1.59121  -1.46285   1.24053
  1.59165  -1.46163   1.24096
  1.59208  -1.46041    1.2414
  1.59251  -1.45919    1.2414
  1.59295  -1.45798   1.24183
  1.59338  -1.45676   1.24226
  1.59381  -1.45555   1.24226
  1.59425  -1.45434    1.2427
  1.59468  -1.45313   1.24313
  1.59512  -1.45192   1.24313
  1.59555  -1.45071   1.24356
  1.59598   -1.4495     1.244
  1.59642   -1.4483     1.244
  1.59685  -1.44709   1.24443
  1.59728  -1.44589   1.24486
  1.59772  -1.44469   1.24486
  1.59815  -1.44348    1.2453
  1.59858  -1.44228   1.24573
  1.59902  -1.44109   1.24573
  1.59945  -1.43989   1.24617
  1.59988  -1.43869    1.2466
  1.60032   -1.4375   1.24703
  1.60075  -1.43631   1.24703
  1.60118  -1.43511   1.24747
  1.60162  -1.43392    1.2479
  1.60205  -1.43274    1.2479
  1.60248  -1.43155   1.24833
  1.60292  -1.43036   1.24877
  1.60335  -1.42918   1.24877
  1.60378  -1.42799    1.2492
  1.60422  -1.42681   1.24963
  1.60465  -1.42563   1.24963
  1.60509  -1.42445   1.25007
  1.60552  -1.42327    1.2505
  1.60595  -1.42209    1.2505
  1.60639  -1.42091   1.25093
  1.60682  -1.41974   1.25137
  1.60725  -1.41856   1.25137
  1.60769  -1.41739    1.2518
  1.60812  -1.41622   1.25223
  1.60855  -1.41505   1.25223
  1.60899  -1.41388   1.25267
  1.60942  -1.41271    1.2531
  1.60985  -1.41154    1.2531
  1.61029  -1.41038   1.25353
  1.61072  -1.40921   1.25397
  1.61115  -1.40805   1.25397
  1.61159  -1.40689    1.2544
  1.61202  -1.40573   1.25483
  1.61245  -1.40457   1.25483
  1.61289  -1.40341   1.25527
  1.61332  -1.40226    1.2557
  1.61375   -1.4011    1.2557
  1.61419  -1.39995   1.25614
  1.61462  -1.39879   1.25657
  1.61506  -1.39764   1.25657
  1.61549  -1.39649     1.257
  1.61592  -1.39534   1.25744
  1.61636  -1.39419   1.25744
  1.61679  -1.39304   1.25787
  1.61722   -1.3919    1.2583
  1.61766  -1.39075    1.2583
  1.61809  -1.38961   1.25874
  1.61852  -1.38847   1.25917
  1.61896  -1.38733   1.25917
  1.61939  -1.38619    1.2596
  1.61982  -1.38505   1.26004
  1.62026  -1.38391   1.26004
  1.62069  -1.38278   1.26047
  1.62112  -1.38164    1.2609
  1.62156  -1.38051    1.2609
  1.62199  -1.37937   1.26134
  1.62242  -1.37824   1.26177
  1.62286  -1.37711   1.26177
  1.62329  -1.37598    1.2622
  1.62372  -1.37486   1.26264
  1.62416  -1.37373   1.26264
  1.62459   -1.3726   1.26307
  1.62503  -1.37148    1.2635
  1.62546  -1.37036    1.2635
  1.62589  -1.36923   1.26394
  1.62633  -1.36811   1.26437
  1.62676  -1.36699    1.2648
  1.62719  -1.36588    1.2648
  1.62763  -1.36476   1.26524
  1.62806  -1.36364   1.26567
  1.62849  -1.36253   1.26567
  1.62893  -1.36141   1.26611
  1.62936   -1.3603   1.26654
  1.62979  -1.35919   1.26654
  1.63023  -1.35808   1.26697
  1.63066  -1.35697   1.26741
  1.63109  -1.35586   1.26741
  1.63153  -1.35476   1.26784
  1.63196  -1.35365   1.26827
  1.63239  -1.35255   1.26827
  1.63283  -1.35144   1.26871
  1.63326  -1.35034   1.26914
  1.63369  -1.34924   1.26914
  1.63413  -1.34814   1.26957
  1.63456  -1.34704   1.27001
  1.63499  -1.34594   1.27001
  1.63543  -1.34485   1.27044
  1.63586  -1.34375   1.27087
   1.6363  -1.34266   1.27087
  1.63673  -1.34156   1.27131
  1.63716  -1.34047   1.27174
   1.6376  -1.33938   1.27174
  1.63803  -1.33829   1.27217
  1.63846  -1.33721   1.27261
   1.6389  -1.33612   1.27261
  1.63933  -1.33503   1.27304
  1.63976  -1.33395   1.27347
   1.6402  -1.33286   1.27347
  1.64063  -1.33178   1.27391
  1.64106   -1.3307   1.27434
   1.6415  -1.32962   1.27434
  1.64193  -1.32854   1.27477
  1.64236  -1.32746   1.27521
   1.6428  -1.32638   1.27521
  1.64323  -1.32531   1.27564
  1.64366  -1.32423   1.27608
   1.6441  -1.32316   1.27608
  1.64453  -1.32209   1.27651
  1.64496  -1.32102   1.27694
   1.6454  -1.31995   1.27694
  1.64583  -1.31888   1.27738
  1.64627  -1.31781   1.27781
   1.6467  -1.31674   1.27781
  1.64713  -1.31567   1.27824
  1.64757  -1.31461   1.27868
    1.648  -1.31355   1.27868
  1.64843  -1.31248   1.27911
  1.64887  -1.31142   1.27954
   1.6493  -1.31036   1.27954
  1.64973   -1.3093   1.27998
  1.65017  -1.30824   1.28041
   1.6506  -1.30719   1.28041
  1.65103  -1.30613   1.28084
  1.65147  -1.30508   1.28128
   1.6519  -1.30402   1.28128
  1.65233  -1.30297   1.28171
  1.65277  -1.30192   1.28214
   1.6532  -1.30087   1.28214
  1.65363  -1.29982   1.28258
  1.65407  -1.29877   1.28301
   1.6545  -1.29772   1.28301
  1.65493  -1.29668   1.28344
  1.65537  -1.29563   1.28388
   1.6558  -1.29459   1.28388
  1.65624  -1.29355   1.28431
  1.65667   -1.2925   1.28474
   1.6571  -1.29146   1.28474
  1.65754  -1.29042   1.28518
  1.65797  -1.28938   1.28561
   1.6584  -1.28835   1.28561
  1.65884  -1.28731   1.28605
  1.65927  -1.28628   1.28648
   1.6597  -1.28524   1.28691
  1.66014  -1.28421   1.28691
  1.66057  -1.28318   1.28735
    1.661  -1.28214   1.28778
  1.66144  -1.28111   1.28778
  1.66187  -1.28009   1.28821
   1.6623  -1.27906   1.28865
  1.66274  -1.27803   1.28865
  1.66317    -1.277   1.28908
   1.6636  -1.27598   1.28951
  1.66404  -1.27496   1.28951
  1.66447  -1.27393   1.28995
   1.6649  -1.27291   1.29038
  1.66534  -1.27189   1.29038
  1.66577  -1.27087   1.29081
  1.66621  -1.26985   1.29125
  1.66664  -1.26884   1.29125
  1.66707  -1.26782   1.29168
  1.66751   -1.2668   1.29211
  1.66794  -1.26579   1.29211
  1.66837  -1.26478   1.29255
  1.66881  -1.26377   1.29298
  1.66924  -1.26275   1.29298
  1.66967  -1.26174   1.29341
  1.67011  -1.26073   1.29385
  1.67054  -1.25973   1.29385
  1.67097  -1.25872   1.29428
  1.67141  -1.25771   1.29471
  1.67184  -1.25671   1.29471
  1.67227   -1.2557   1.29515
  1.67271   -1.2547   1.29558
  1.67314   -1.2537   1.29558
  1.67357   -1.2527   1.29602
  1.67401   -1.2517   1.29645
  1.67444   -1.2507   1.29645
  1.67487   -1.2497   1.29688
  1.67531  -1.24871   1.29732
  1.67574  -1.24771   1.29732
  1.67618  -1.24672   1.29775
  1.67661  -1.24572   1.29818
  1.67704  -1.24473   1.29818
  1.67748  -1.24374   1.29862
  1.67791  -1.24275   1.29905
  1.67834  -1.24176   1.29905
  1.67878  -1.24077   1.29948
  1.67921  -1.23978   1.29992
  1.67964   -1.2388   1.29992
  1.68008  -1.23781   1.30035
  1.68051  -1.23683   1.30078
  1.68094  -1.23584   1.30078
  1.68138  -1.23486   1.30122
  1.68181  -1.23388   1.30165
  1.68224   -1.2329   1.30165
  1.68268  -1.23192   1.30208
  1.68311  -1.23094   1.30252
  1.68354  -1.22996   1.30252
  1.68398  -1.22899   1.30295
  1.68441  -1.22801   1.30338
  1.68484  -1.22704   1.30338
  1.68528  -1.22606   1.30382
  1.68571  -1.22509   1.30425
  1.68615  -1.22412   1.30425
  1.68658  -1.22315   1.30468
  1.68701  -1.22218   1.30512
  1.68745  -1.22121   1.30512
  1.68788  -1.22024   1.30555
  1.68831  -1.21927   1.30599
  1.68875  -1.21831   1.30599
  1.68918  -1.21734   1.30642
  1.68961  -1.21638   1.30685
  1.69005  -1.21542   1.30685
  1.69048  -1.21446   1.30729
  1.69091   -1.2135   1.30772
  1.69135  -1.21254   1.30772
  1.69178  -1.21158   1.30815
  1.69221  -1.21062   1.30859
  1.69265  -1.20966   1.30859
  1.69308  -1.20871   1.30902
  1.69351  -1.20775   1.30945
  1.69395   -1.2068   1.30989
  1.69438  -1.20584   1.30989
  1.69481  -1.20489   1.31032
  1.69525  -1.20394   1.31075
  1.69568  -1.20299   1.31075
  1.69612  -1.20204   1.31119
  1.69655  -1.20109   1.31162
  1.69698  -1.20015   1.31162
  1.69742   -1.1992   1.31205
  1.69785  -1.19826   1.31249
  1.69828  -1.19731   1.31249
  1.69872  -1.19637   1.31292
  1.69915  -1.19542   1.31335
  1.69958  -1.19448   1.31335
  1.70002  -1.19354   1.31379
  1.70045   -1.1926   1.31422
  1.70088  -1.19166   1.31422
  1.70132  -1.19073   1.31465
  1.70175  -1.18979   1.31509
  1.70218  -1.18885   1.31509
  1.70262  -1.18792   1.31552
  1.70305  -1.18699   1.31596
  1.70348  -1.18605   1.31596
  1.70392  -1.18512   1.31639
  1.70435  -1.18419   1.31682
  1.70478  -1.18326   1.31682
  1.70522  -1.18233   1.31726
  1.70565   -1.1814   1.31769
  1.70609  -1.18047   1.31769
  1.70652  -1.17955   1.31812
  1.70695  -1.17862   1.31856
  1.70739   -1.1777   1.31856
  1.70782  -1.17677   1.31899
  1.70825  -1.17585   1.31942
  1.70869  -1.17493   1.31942
  1.70912  -1.17401   1.31986
  1.70955  -1.17309   1.32029
  1.70999  -1.17217   1.32029
  1.71042  -1.17125   1.32072
  1.71085  -1.17034   1.32116
  1.71129  -1.16942   1.32116
  1.71172   -1.1685   1.32159
  1.71215  -1.16759   1.32202
  1.71259  -1.16668   1.32202
  1.71302  -1.16576   1.32246
  1.71345  -1.16485   1.32289
  1.71389  -1.16394   1.32289
  1.71432  -1.16303   1.32332
  1.71475  -1.16212   1.32376
  1.71519  -1.16121   1.32376
  1.71562  -1.16031   1.32419
  1.71606   -1.1594   1.32462
  1.71649   -1.1585   1.32462
  1.71692  -1.15759   1.32506
  1.71736  -1.15669   1.32549
  1.71779  -1.15579   1.32549
  1.71822  -1.15488   1.32593
  1.71866  -1.15398   1.32636
  1.71909  -1.15308   1.32636
  1.71952  -1.15218   1.32679
  1.71996  -1.15129   1.32723
  1.72039  -1.15039   1.32723
  1.72082  -1.14949   1.32766
  1.72126   -1.1486   1.32809
  1.72169   -1.1477   1.32809
  1.72212  -1.14681   1.32853
  1.72256  -1.14592   1.32896
  1.72299  -1.14503   1.32896
  1.72342  -1.14414   1.32939
  1.72386  -1.14325   1.32983
  1.72429  -1.14236   1.32983
  1.72472  -1.14147   1.33026
  1.72516  -1.14058   1.33069
  1.72559  -1.13969   1.33069
  1.72603  -1.13881   1.33113
  1.72646  -1.13792   1.33156
  1.72689  -1.13704   1.33199
  1.72733  -1.13616   1.33199
  1.72776  -1.13528   1.33243
  1.72819  -1.13439   1.33286
  1.72863  -1.13351   1.33286
  1.72906  -1.13263   1.33329
  1.72949  -1.13176   1.33373
  1.72993  -1.13088   1.33373
  1.73036     -1.13   1.33416
  1.73079  -1.12913   1.33459
  1.73123  -1.12825   1.33459
  1.73166  -1.12738   1.33503
  1.73209   -1.1265   1.33546
  1.73253  -1.12563   1.33546
  1.73296  -1.12476    1.3359
  1.73339  -1.12389   1.33633
  1.73383  -1.12302   1.33633
  1.73426  -1.12215   1.33676
  1.73469  -1.12128    1.3372
  1.73513  -1.12042    1.3372
  1.73556  -1.11955   1.33763
    1.736  -1.11868   1.33806
  1.73643  -1.11782   1.33806
  1.73686  -1.11695    1.3385
   1.7373  -1.11609   1.33893
  1.73773  -1.11523   1.33893
  1.73816  -1.11437   1.33936
   1.7386  -1.11351    1.3398
  1.73903  -1.11265    1.3398
  1.73946  -1.11179   1.34023
   1.7399  -1.11093   1.34066
  1.74033  -1.11008   1.34066
  1.74076  -1.10922    1.3411
   1.7412  -1.10836   1.34153
  1.74163  -1.10751   1.34153
  1.74206  -1.10666   1.34196
   1.7425   -1.1058    1.3424
  1.74293  -1.10495    1.3424
  1.74336   -1.1041   1.34283
   1.7438  -1.10325   1.34326
  1.74423   -1.1024   1.34326
  1.74466  -1.10155    1.3437
   1.7451   -1.1007   1.34413
  1.74553  -1.09986   1.34413
  1.74597  -1.09901   1.34456
   1.7464  -1.09817     1.345
  1.74683  -1.09732     1.345
  1.74727  -1.09648   1.34543
   1.7477  -1.09564   1.34587
  1.74813  -1.09479   1.34587
  1.74857  -1.09395    1.3463
    1.749  -1.09311   1.34673
  1.74943  -1.09227   1.34673
  1.74987  -1.09144   1.34717
   1.7503   -1.0906    1.3476
  1.75073  -1.08976    1.3476
  1.75117  -1.08892   1.34803
   1.7516  -1.08809   1.34847
  1.75203  -1.08725   1.34847
  1.75247  -1.08642    1.3489
   1.7529  -1.08559   1.34933
  1.75333  -1.08476   1.34933
  1.75377  -1.08393   1.34977
   1.7542   -1.0831    1.3502
  1.75463  -1.08227    1.3502
  1.75507  -1.08144   1.35063
   1.7555  -1.08061   1.35107
  1.75594  -1.07978   1.35107
  1.75637  -1.07896    1.3515
   1.7568  -1.07813   1.35193
  1.75724  -1.07731   1.35193
  1.75767  -1.07648   1.35237
   1.7581  -1.07566    1.3528
  1.75854  -1.07484    1.3528
  1.75897  -1.07402   1.35323
   1.7594  -1.07319   1.35367
  1.75984  -1.07237   1.35367
  1.76027  -1.07156    1.3541
   1.7607  -1.07074   1.35453
  1.76114  -1.06992   1.35453
  1.76157   -1.0691   1.35497
    1.762  -1.06829    1.3554
  1.76244  -1.06747    1.3554
  1.76287  -1.06666   1.35584
   1.7633  -1.06585   1.35627
  1.76374  -1.06503    1.3567
  1.76417  -1.06422    1.3567
   1.7646  -1.06341   1.35714
  1.76504   -1.0626   1.35757
  1.76547  -1.06179   1.35757
  1.76591  -1.06098     1.358
  1.76634  -1.06017   1.35844
  1.76677  -1.05937   1.35844
  1.76721  -1.05856   1.35887
  1.76764  -1.05776    1.3593
  1.76807  -1.05695    1.3593
  1.76851  -1.05615   1.35974
  1.76894  -1.05534   1.36017
  1.76937  -1.05454   1.36017
  1.76981  -1.05374    1.3606
  1.77024  -1.05294   1.36104
  1.77067  -1.05214   1.36104
  1.77111  -1.05134   1.36147
  1.77154  -1.05054    1.3619
  1.77197  -1.04974    1.3619
  1.77241  -1.04895   1.36234
  1.77284  -1.04815   1.36277
  1.77327  -1.04735   1.36277
  1.77371  -1.04656    1.3632
  1.77414  -1.04577   1.36364
  1.77457  -1.04497   1.36364
  1.77501  -1.04418   1.36407
  1.77544  -1.04339    1.3645
  1.77588   -1.0426    1.3645
  1.77631  -1.04181   1.36494
  1.77674  -1.04102   1.36537
  1.77718  -1.04023   1.36537
  1.77761  -1.03944   1.36581
  1.77804  -1.03866   1.36624
  1.77848  -1.03787   1.36624
  1.77891  -1.03709   1.36667
  1.77934   -1.0363   1.36711
  1.77978  -1.03552   1.36711
  1.78021  -1.03473   1.36754
  1.78064  -1.03395   1.36797
  1.78108  -1.03317   1.36797
  1.78151  -1.03239   1.36841
  1.78194  -1.03161   1.36884
  1.78238  -1.03083   1.36884
  1.78281  -1.03005   1.36927
  1.78324  -1.02927   1.36971
  1.78368   -1.0285   1.36971
  1.78411  -1.02772   1.37014
  1.78454  -1.02695   1.37057
  1.78498  -1.02617   1.37057
  1.78541   -1.0254   1.37101
  1.78585  -1.02462   1.37144
  1.78628  -1.02385   1.37144
  1.78671  -1.02308   1.37187
  1.78715  -1.02231   1.37231
  1.78758  -1.02154   1.37231
  1.78801  -1.02077   1.37274
  1.78845     -1.02   1.37317
  1.78888  -1.01923   1.37317
  1.78931  -1.01846   1.37361
  1.78975   -1.0177   1.37404
  1.79018  -1.01693   1.37404
  1.79061  -1.01617   1.37447
  1.79105   -1.0154   1.37491
  1.79148  -1.01464   1.37491
  1.79191  -1.01388   1.37534
  1.79235  -1.01311   1.37578
  1.79278  -1.01235   1.37578
  1.79321  -1.01159   1.37621
  1.79365  -1.01083   1.37664
  1.79408  -1.01007   1.37664
  1.79451  -1.00931   1.37708
  1.79495  -1.00856   1.37751
  1.79538   -1.0078   1.37751
  1.79582  -1.00704   1.37794
  1.79625  -1.00629   1.37838
  1.79668  -1.00553   1.37838
  1.79712  -1.00478   1.37881
  1.79755  -1.00403   1.37924
  1.79798  -1.00327   1.37924
  1.79842  -1.00252   1.37968
  1.79885  -1.00177   1.38011
  1.79928  -1.00102   1.38011
  1.79972  -1.00027   1.38054
  1.80015  -0.99952   1.38098
  1.80058 -0.998772   1.38098
  1.80102 -0.998024   1.38141
  1.80145 -0.997277   1.38184
  1.80188 -0.996531   1.38184
  1.80232 -0.995786   1.38228
  1.80275 -0.995041   1.38271
  1.80318 -0.994297   1.38271
  1.80362 -0.993554   1.38314
  1.80405 -0.992811   1.38358
  1.80448 -0.992069   1.38358
  1.80492 -0.991328   1.38401
  1.80535 -0.990587   1.38444
  1.80579 -0.989848   1.38444
  1.80622 -0.989109   1.38488
  1.80665  -0.98837   1.38531
  1.80709 -0.987633   1.38531
  1.80752 -0.986896   1.38575
  1.80795 -0.986159   1.38618
  1.80839 -0.985424   1.38618
  1.80882 -0.984689   1.38661
  1.80925 -0.983955   1.38705
  1.80969 -0.983222   1.38705
  1.81012 -0.982489   1.38748
  1.81055 -0.981757   1.38791
  1.81099 -0.981026   1.38791
  1.81142 -0.980295   1.38835
  1.81185 -0.979565   1.38878
  1.81229 -0.978836   1.38878
  1.81272 -0.978108   1.38921
  1.81315 -0.977379   1.38965
  1.81359 -0.976653   1.38965
  1.81402 -0.975926   1.39008
  1.81445   -0.9752   1.39051
  1.81489 -0.974475   1.39095
  1.81532 -0.973751   1.39095
  1.81576 -0.973027   1.39138
  1.81619 -0.972304   1.39181
  1.81662 -0.971582   1.39181
  1.81706  -0.97086   1.39225
  1.81749 -0.970139   1.39268
  1.81792 -0.969419   1.39268
  1.81836 -0.968699   1.39311
  1.81879 -0.967981   1.39355
  1.81922 -0.967263   1.39355
  1.81966 -0.966545   1.39398
  1.82009 -0.965828   1.39441
  1.82052 -0.965112   1.39441
  1.82096 -0.964396   1.39485
  1.82139 -0.963682   1.39528
  1.82182 -0.962968   1.39528
  1.82226 -0.962254   1.39572
  1.82269 -0.961542   1.39615
  1.82312  -0.96083   1.39615
  1.82356 -0.960118   1.39658
  1.82399 -0.959407   1.39702
  1.82442 -0.958697   1.39702
  1.82486 -0.957988   1.39745
  1.82529 -0.957279   1.39788
  1.82573 -0.956571   1.39788
  1.82616 -0.955864   1.39832
  1.82659 -0.955157   1.39875
  1.82703 -0.954451   1.39875
  1.82746 -0.953746   1.39918
  1.82789 -0.953041   1.39962
  1.82833 -0.952337   1.39962
  1.82876 -0.951634   1.40005
  1.82919 -0.950931   1.40048
  1.82963 -0.950229   1.40048
  1.83006 -0.949528   1.40092
  1.83049 -0.948827   1.40135
  1.83093 -0.948127   1.40135
  1.83136 -0.947428   1.40178
  1.83179 -0.946729   1.40222
  1.83223 -0.946031   1.40222
  1.83266 -0.945334   1.40265
  1.83309 -0.944637   1.40308
  1.83353 -0.943941   1.40308
  1.83396 -0.943246   1.40352
  1.83439 -0.942551   1.40395
  1.83483 -0.941857   1.40395
  1.83526 -0.941163   1.40438
   1.8357 -0.940471   1.40482
  1.83613 -0.939779   1.40482
  1.83656 -0.939087   1.40525
    1.837 -0.938396   1.40569
  1.83743 -0.937706   1.40569
  1.83786 -0.937016   1.40612
   1.8383 -0.936328   1.40655
  1.83873  -0.93564   1.40655
  1.83916 -0.934952   1.40699
   1.8396 -0.934265   1.40742
  1.84003 -0.933579   1.40742
  1.84046 -0.932893   1.40785
   1.8409 -0.932208   1.40829
  1.84133 -0.931524   1.40829
  1.84176  -0.93084   1.40872
   1.8422 -0.930157   1.40915
  1.84263 -0.929475   1.40915
  1.84306 -0.928793   1.40959
   1.8435 -0.928112   1.41002
  1.84393 -0.927431   1.41002
  1.84436 -0.926751   1.41045
   1.8448 -0.926072   1.41089
  1.84523 -0.925394   1.41089
  1.84567 -0.924716   1.41132
   1.8461 -0.924038   1.41175
  1.84653 -0.923362   1.41175
  1.84697 -0.922686   1.41219
   1.8474  -0.92201   1.41262
  1.84783 -0.921336   1.41262
  1.84827 -0.920661   1.41305
   1.8487 -0.919988   1.41349
  1.84913 -0.919315   1.41349
  1.84957 -0.918643   1.41392
     1.85 -0.917971   1.41435