 kgrid  ValNew  Policy 
    0.55 -32.8285 0.598983
0.550433 -32.7835 0.599416
0.550867 -32.7387 0.599416
  0.5513 -32.6939  0.59985
0.551734 -32.6492 0.600283
0.552167 -32.6047 0.600717
0.552601 -32.5602  0.60115
0.553034 -32.5159 0.601584
0.553468 -32.4716 0.601584
0.553901 -32.4273 0.602017
0.554335 -32.3832 0.602451
0.554768 -32.3392 0.602884
0.555202 -32.2953 0.603318
0.555635 -32.2515 0.603751
0.556069 -32.2077 0.603751
0.556502  -32.164 0.604185
0.556936 -32.1204 0.604618
0.557369  -32.077 0.605052
0.557803 -32.0336 0.605485
0.558236 -31.9903 0.605919
 0.55867 -31.9471 0.605919
0.559103 -31.9039 0.606352
0.559537 -31.8608 0.606786
 0.55997 -31.8179 0.607219
0.560403  -31.775 0.607653
0.560837 -31.7322 0.608086
 0.56127 -31.6895 0.608086
0.561704 -31.6469  0.60852
0.562137 -31.6044 0.608953
0.562571 -31.5619 0.609386
0.563004 -31.5195  0.60982
0.563438 -31.4773 0.610253
0.563871 -31.4351 0.610687
0.564305  -31.393 0.610687
0.564738 -31.3509  0.61112
0.565172  -31.309 0.611554
0.565605 -31.2671 0.611987
0.566039 -31.2253 0.612421
0.566472 -31.1837 0.612854
0.566906 -31.1421 0.612854
0.567339 -31.1005 0.613288
0.567773  -31.059 0.613721
0.568206 -31.0177 0.614155
 0.56864 -30.9764 0.614588
0.569073 -30.9352 0.615022
0.569507 -30.8941 0.615455
 0.56994  -30.853 0.615455
0.570373  -30.812 0.615889
0.570807 -30.7712 0.616322
 0.57124 -30.7304 0.616756
0.571674 -30.6896 0.617189
0.572107  -30.649 0.617623
0.572541 -30.6084 0.617623
0.572974 -30.5679 0.618056
0.573408 -30.5275 0.618489
0.573841 -30.4872 0.618923
0.574275 -30.4469 0.619356
0.574708 -30.4068  0.61979
0.575142 -30.3667  0.61979
0.575575 -30.3266 0.620223
0.576009 -30.2867 0.620657
0.576442 -30.2468  0.62109
0.576876  -30.207 0.621524
0.577309 -30.1673 0.621957
0.577743 -30.1277 0.622391
0.578176 -30.0881 0.622391
 0.57861 -30.0486 0.622824
0.579043 -30.0092 0.623258
0.579476 -29.9699 0.623691
 0.57991 -29.9306 0.624125
0.580343 -29.8914 0.624558
0.580777 -29.8523 0.624992
 0.58121 -29.8132 0.624992
0.581644 -29.7743 0.625425
0.582077 -29.7354 0.625859
0.582511 -29.6965 0.626292
0.582944 -29.6578 0.626726
0.583378 -29.6191 0.627159
0.583811 -29.5805 0.627593
0.584245  -29.542 0.627593
0.584678 -29.5035 0.628026
0.585112 -29.4651 0.628459
0.585545 -29.4268 0.628893
0.585979 -29.3886 0.629326
0.586412 -29.3504  0.62976
0.586846 -29.3123  0.62976
0.587279 -29.2743 0.630193
0.587713 -29.2363 0.630627
0.588146 -29.1984  0.63106
 0.58858 -29.1606 0.631494
0.589013 -29.1228 0.631927
0.589446 -29.0852 0.632361
 0.58988 -29.0476 0.632361
0.590313   -29.01 0.632794
0.590747 -28.9726 0.633228
 0.59118 -28.9352 0.633661
0.591614 -28.8978 0.634095
0.592047 -28.8606 0.634528
0.592481 -28.8234 0.634962
0.592914 -28.7863 0.634962
0.593348 -28.7492 0.635395
0.593781 -28.7122 0.635829
0.594215 -28.6753 0.636262
0.594648 -28.6385 0.636696
0.595082 -28.6017 0.637129
0.595515  -28.565 0.637129
0.595949 -28.5283 0.637563
0.596382 -28.4917 0.637996
0.596816 -28.4552 0.638429
0.597249 -28.4188 0.638863
0.597683 -28.3824 0.639296
0.598116 -28.3461  0.63973
 0.59855 -28.3099 0.640163
0.598983 -28.2737 0.640163
0.599416 -28.2375 0.640597
 0.59985 -28.2015  0.64103
0.600283 -28.1655 0.641464
0.600717 -28.1296 0.641897
 0.60115 -28.0937 0.642331
0.601584  -28.058 0.642331
0.602017 -28.0222 0.642764
0.602451 -27.9866 0.643198
0.602884  -27.951 0.643631
0.603318 -27.9154 0.644065
0.603751 -27.8799 0.644498
0.604185 -27.8445 0.644932
0.604618 -27.8092 0.644932
0.605052 -27.7739 0.645365
0.605485 -27.7387 0.645799
0.605919 -27.7035 0.646232
0.606352 -27.6684 0.646666
0.606786 -27.6334 0.647099
0.607219 -27.5985 0.647533
0.607653 -27.5636 0.647533
0.608086 -27.5287 0.647966
 0.60852 -27.4939 0.648399
0.608953 -27.4592 0.648833
0.609386 -27.4245 0.649266
 0.60982 -27.3899   0.6497
0.610253 -27.3554 0.650133
0.610687 -27.3209 0.650133
 0.61112 -27.2865 0.650567
0.611554 -27.2522    0.651
0.611987 -27.2179 0.651434
0.612421 -27.1836 0.651867
0.612854 -27.1495 0.652301
0.613288 -27.1154 0.652734
0.613721 -27.0813 0.652734
0.614155 -27.0473 0.653168
0.614588 -27.0134 0.653601
0.615022 -26.9795 0.654035
0.615455 -26.9457 0.654468
0.615889  -26.912 0.654902
0.616322 -26.8783 0.655335
0.616756 -26.8447 0.655335
0.617189 -26.8111 0.655769
0.617623 -26.7776 0.656202
0.618056 -26.7441 0.656636
0.618489 -26.7107 0.657069
0.618923 -26.6774 0.657503
0.619356 -26.6441 0.657936
 0.61979 -26.6109 0.657936
0.620223 -26.5777 0.658369
0.620657 -26.5446 0.658803
 0.62109 -26.5116 0.659236
0.621524 -26.4786  0.65967
0.621957 -26.4456 0.660103
0.622391 -26.4128 0.660537
0.622824   -26.38 0.660537
0.623258 -26.3472  0.66097
0.623691 -26.3145 0.661404
0.624125 -26.2818 0.661837
0.624558 -26.2492 0.662271
0.624992 -26.2167 0.662704
0.625425 -26.1842 0.663138
0.625859 -26.1518 0.663138
0.626292 -26.1195 0.663571
0.626726 -26.0871 0.664005
0.627159 -26.0549 0.664438
0.627593 -26.0227 0.664872
0.628026 -25.9906 0.665305
0.628459 -25.9585 0.665739
0.628893 -25.9265 0.665739
0.629326 -25.8945 0.666172
 0.62976 -25.8625 0.666606
0.630193 -25.8307 0.667039
0.630627 -25.7989 0.667472
 0.63106 -25.7671 0.667906
0.631494 -25.7354 0.668339
0.631927 -25.7038 0.668339
0.632361 -25.6722 0.668773
0.632794 -25.6406 0.669206
0.633228 -25.6091  0.66964
0.633661 -25.5777 0.670073
0.634095 -25.5463 0.670507
0.634528  -25.515  0.67094
0.634962 -25.4838  0.67094
0.635395 -25.4525 0.671374
0.635829 -25.4214 0.671807
0.636262 -25.3903 0.672241
0.636696 -25.3592 0.672674
0.637129 -25.3282 0.673108
0.637563 -25.2973 0.673541
0.637996 -25.2664 0.673541
0.638429 -25.2355 0.673975
0.638863 -25.2047 0.674408
0.639296  -25.174 0.674842
 0.63973 -25.1433 0.675275
0.640163 -25.1127 0.675709
0.640597 -25.0821 0.676142
 0.64103 -25.0516 0.676142
0.641464 -25.0211 0.676576
0.641897 -24.9906 0.677009
0.642331 -24.9603 0.677442
0.642764 -24.9299 0.677876
0.643198 -24.8997 0.678309
0.643631 -24.8694 0.678743
0.644065 -24.8393 0.678743
0.644498 -24.8091 0.679176
0.644932 -24.7791  0.67961
0.645365  -24.749 0.680043
0.645799 -24.7191 0.680477
0.646232 -24.6892  0.68091
0.646666 -24.6593 0.681344
0.647099 -24.6295 0.681344
0.647533 -24.5997 0.681777
0.647966   -24.57 0.682211
0.648399 -24.5403 0.682644
0.648833 -24.5107 0.683078
0.649266 -24.4811 0.683511
  0.6497 -24.4516 0.683945
0.650133 -24.4222 0.683945
0.650567 -24.3927 0.684378
   0.651 -24.3634 0.684812
0.651434  -24.334 0.685245
0.651867 -24.3048 0.685679
0.652301 -24.2755 0.686112
0.652734 -24.2464 0.686546
0.653168 -24.2172 0.686546
0.653601 -24.1882 0.686979
0.654035 -24.1591 0.687412
0.654468 -24.1301 0.687846
0.654902 -24.1012 0.688279
0.655335 -24.0723 0.688713
0.655769 -24.0435 0.689146
0.656202 -24.0147 0.689146
0.656636  -23.986  0.68958
0.657069 -23.9573 0.690013
0.657503 -23.9286 0.690447
0.657936    -23.9  0.69088
0.658369 -23.8715 0.691314
0.658803  -23.843 0.691747
0.659236 -23.8145 0.691747
 0.65967 -23.7861 0.692181
0.660103 -23.7577 0.692614
0.660537 -23.7294 0.693048
 0.66097 -23.7011 0.693481
0.661404 -23.6729 0.693915
0.661837 -23.6448 0.694348
0.662271 -23.6166 0.694348
0.662704 -23.5885 0.694782
0.663138 -23.5605 0.695215
0.663571 -23.5325 0.695649
0.664005 -23.5046 0.696082
0.664438 -23.4767 0.696516
0.664872 -23.4488 0.696949
0.665305  -23.421 0.696949
0.665739 -23.3932 0.697382
0.666172 -23.3655 0.697816
0.666606 -23.3379 0.698249
0.667039 -23.3102 0.698683
0.667472 -23.2826 0.699116
0.667906 -23.2551  0.69955
0.668339 -23.2276  0.69955
0.668773 -23.2002 0.699983
0.669206 -23.1728 0.700417
 0.66964 -23.1454  0.70085
0.670073 -23.1181 0.701284
0.670507 -23.0908 0.701717
 0.67094 -23.0636 0.701717
0.671374 -23.0365 0.702151
0.671807 -23.0093 0.702584
0.672241 -22.9822 0.703018
0.672674 -22.9552 0.703451
0.673108 -22.9282 0.703885
0.673541 -22.9012 0.704318
0.673975 -22.8743 0.704752
0.674408 -22.8474 0.704752
0.674842 -22.8206 0.705185
0.675275 -22.7938 0.705619
0.675709 -22.7671 0.706052
0.676142 -22.7404 0.706485
0.676576 -22.7137 0.706919
0.677009 -22.6871 0.706919
0.677442 -22.6606 0.707352
0.677876  -22.634 0.707786
0.678309 -22.6075 0.708219
0.678743 -22.5811 0.708653
0.679176 -22.5547 0.709086
 0.67961 -22.5284  0.70952
0.680043 -22.5021  0.70952
0.680477 -22.4758 0.709953
 0.68091 -22.4496 0.710387
0.681344 -22.4234  0.71082
0.681777 -22.3972 0.711254
0.682211 -22.3711 0.711687
0.682644 -22.3451 0.712121
0.683078 -22.3191 0.712121
0.683511 -22.2931 0.712554
0.683945 -22.2671 0.712988
0.684378 -22.2412 0.713421
0.684812 -22.2154 0.713855
0.685245 -22.1896 0.714288
0.685679 -22.1638 0.714722
0.686112 -22.1381 0.714722
0.686546 -22.1124 0.715155
0.686979 -22.0868 0.715589
0.687412 -22.0612 0.716022
0.687846 -22.0356 0.716455
0.688279 -22.0101 0.716889
0.688713 -21.9846 0.717322
0.689146 -21.9592 0.717322
 0.68958 -21.9338 0.717756
0.690013 -21.9084 0.718189
0.690447 -21.8831 0.718623
 0.69088 -21.8578 0.719056
0.691314 -21.8326  0.71949
0.691747 -21.8074 0.719923
0.692181 -21.7822 0.719923
0.692614 -21.7571 0.720357
0.693048  -21.732  0.72079
0.693481  -21.707 0.721224
0.693915  -21.682 0.721657
0.694348  -21.657 0.722091
0.694782 -21.6321 0.722524
0.695215 -21.6072 0.722524
0.695649 -21.5824 0.722958
0.696082 -21.5576 0.723391
0.696516 -21.5328 0.723825
0.696949 -21.5081 0.724258
0.697382 -21.4834 0.724692
0.697816 -21.4588 0.724692
0.698249 -21.4342 0.725125
0.698683 -21.4096 0.725559
0.699116 -21.3851 0.725992
 0.69955 -21.3606 0.726425
0.699983 -21.3361 0.726859
0.700417 -21.3117 0.727292
 0.70085 -21.2874 0.727292
0.701284  -21.263 0.727726
0.701717 -21.2387 0.728159
0.702151 -21.2144 0.728593
0.702584 -21.1902 0.729026
0.703018  -21.166  0.72946
0.703451 -21.1419 0.729893
0.703885 -21.1178 0.729893
0.704318 -21.0937 0.730327
0.704752 -21.0697  0.73076
0.705185 -21.0457 0.731194
0.705619 -21.0217 0.731627
0.706052 -20.9978 0.732061
0.706485 -20.9739 0.732494
0.706919 -20.9501 0.732494
0.707352 -20.9263 0.732928
0.707786 -20.9025 0.733361
0.708219 -20.8788 0.733795
0.708653 -20.8551 0.734228
0.709086 -20.8314 0.734662
 0.70952 -20.8078 0.735095
0.709953 -20.7842 0.735095
0.710387 -20.7607 0.735529
 0.71082 -20.7372 0.735962
0.711254 -20.7137 0.736395
0.711687 -20.6902 0.736829
0.712121 -20.6668 0.737262
0.712554 -20.6435 0.737696
0.712988 -20.6201 0.737696
0.713421 -20.5968 0.738129
0.713855 -20.5736 0.738563
0.714288 -20.5504 0.738996
0.714722 -20.5272  0.73943
0.715155  -20.504 0.739863
0.715589 -20.4809 0.740297
0.716022 -20.4578 0.740297
0.716455 -20.4348  0.74073
0.716889 -20.4118 0.741164
0.717322 -20.3888 0.741597
0.717756 -20.3659 0.742031
0.718189  -20.343 0.742464
0.718623 -20.3201 0.742464
0.719056 -20.2973 0.742898
 0.71949 -20.2745 0.743331
0.719923 -20.2517 0.743765
0.720357  -20.229 0.744198
 0.72079 -20.2063 0.744632
0.721224 -20.1837 0.745065
0.721657  -20.161 0.745065
0.722091 -20.1384 0.745498
0.722524 -20.1159 0.745932
0.722958 -20.0934 0.746365
0.723391 -20.0709 0.746799
0.723825 -20.0484 0.747232
0.724258  -20.026 0.747666
0.724692 -20.0037 0.747666
0.725125 -19.9813 0.748099
0.725559  -19.959 0.748533
0.725992 -19.9367 0.748966
0.726425 -19.9145   0.7494
0.726859 -19.8923 0.749833
0.727292 -19.8701 0.750267
0.727726  -19.848 0.750267
0.728159 -19.8259   0.7507
0.728593 -19.8038 0.751134
0.729026 -19.7817 0.751567
 0.72946 -19.7597 0.752001
0.729893 -19.7378 0.752434
0.730327 -19.7158 0.752434
 0.73076 -19.6939 0.752868
0.731194  -19.672 0.753301
0.731627 -19.6502 0.753735
0.732061 -19.6284 0.754168
0.732494 -19.6066 0.754602
0.732928 -19.5849 0.755035
0.733361 -19.5632 0.755035
0.733795 -19.5415 0.755468
0.734228 -19.5199 0.755902
0.734662 -19.4983 0.756335
0.735095 -19.4767 0.756769
0.735529 -19.4552 0.757202
0.735962 -19.4337 0.757636
0.736395 -19.4122 0.757636
0.736829 -19.3907 0.758069
0.737262 -19.3693 0.758503
0.737696 -19.3479 0.758936
0.738129 -19.3266  0.75937
0.738563 -19.3053 0.759803
0.738996  -19.284 0.759803
 0.73943 -19.2627 0.760237
0.739863 -19.2415  0.76067
0.740297 -19.2203 0.761104
 0.74073 -19.1992 0.761537
0.741164 -19.1781 0.761971
0.741597  -19.157 0.762404
0.742031 -19.1359 0.762404
0.742464 -19.1149 0.762838
0.742898 -19.0939 0.763271
0.743331 -19.0729 0.763705
0.743765  -19.052 0.764138
0.744198 -19.0311 0.764572
0.744632 -19.0102 0.765005
0.745065 -18.9894 0.765005
0.745498 -18.9686 0.765438
0.745932 -18.9478 0.765872
0.746365 -18.9271 0.766305
0.746799 -18.9063 0.766739
0.747232 -18.8857 0.767172
0.747666  -18.865 0.767606
0.748099 -18.8444 0.767606
0.748533 -18.8238 0.768039
0.748966 -18.8032 0.768473
  0.7494 -18.7827 0.768906
0.749833 -18.7622  0.76934
0.750267 -18.7417 0.769773
  0.7507 -18.7213 0.769773
0.751134 -18.7009 0.770207
0.751567 -18.6805  0.77064
0.752001 -18.6602 0.771074
0.752434 -18.6399 0.771507
0.752868 -18.6196 0.771941
0.753301 -18.5993 0.772374
0.753735 -18.5791 0.772374
0.754168 -18.5589 0.772808
0.754602 -18.5387 0.773241
0.755035 -18.5186 0.773675
0.755468 -18.4985 0.774108
0.755902 -18.4784 0.774542
0.756335 -18.4584 0.774975
0.756769 -18.4384 0.774975
0.757202 -18.4184 0.775408
0.757636 -18.3984 0.775842
0.758069 -18.3785 0.776275
0.758503 -18.3586 0.776709
0.758936 -18.3387 0.777142
 0.75937 -18.3189 0.777142
0.759803 -18.2991 0.777576
0.760237 -18.2793 0.778009
 0.76067 -18.2596 0.778443
0.761104 -18.2398 0.778876
0.761537 -18.2201  0.77931
0.761971 -18.2005 0.779743
0.762404 -18.1809 0.779743
0.762838 -18.1613 0.780177
0.763271 -18.1417  0.78061
0.763705 -18.1221 0.781044
0.764138 -18.1026 0.781477
0.764572 -18.0831 0.781911
0.765005 -18.0637 0.781911
0.765438 -18.0442 0.782344
0.765872 -18.0248 0.782778
0.766305 -18.0054 0.783211
0.766739 -17.9861 0.783645
0.767172 -17.9668 0.784078
0.767606 -17.9475 0.784512
0.768039 -17.9282 0.784512
0.768473  -17.909 0.784945
0.768906 -17.8898 0.785378
 0.76934 -17.8706 0.785812
0.769773 -17.8515 0.786245
0.770207 -17.8323 0.786679
 0.77064 -17.8133 0.787112
0.771074 -17.7942 0.787112
0.771507 -17.7752 0.787546
0.771941 -17.7561 0.787979
0.772374 -17.7372 0.788413
0.772808 -17.7182 0.788846
0.773241 -17.6993  0.78928
0.773675 -17.6804  0.78928
0.774108 -17.6615 0.789713
0.774542 -17.6427 0.790147
0.774975 -17.6238  0.79058
0.775408 -17.6051 0.791014
0.775842 -17.5863 0.791447
0.776275 -17.5676 0.791881
0.776709 -17.5489 0.791881
0.777142 -17.5302 0.792314
0.777576 -17.5115 0.792748
0.778009 -17.4929 0.793181
0.778443 -17.4743 0.793615
0.778876 -17.4557 0.794048
 0.77931 -17.4372 0.794481
0.779743 -17.4187 0.794481
0.780177 -17.4002 0.794915
 0.78061 -17.3817 0.795348
0.781044 -17.3633 0.795782
0.781477 -17.3449 0.796215
0.781911 -17.3265 0.796649
0.782344 -17.3081 0.796649
0.782778 -17.2898 0.797082
0.783211 -17.2715 0.797516
0.783645 -17.2532 0.797949
0.784078  -17.235 0.798383
0.784512 -17.2167 0.798816
0.784945 -17.1985  0.79925
0.785378 -17.1804  0.79925
0.785812 -17.1622 0.799683
0.786245 -17.1441 0.800117
0.786679  -17.126  0.80055
0.787112 -17.1079 0.800984
0.787546 -17.0899 0.801417
0.787979 -17.0719 0.801417
0.788413 -17.0539 0.801851
0.788846 -17.0359 0.802284
 0.78928  -17.018 0.802718
0.789713 -17.0001 0.803151
0.790147 -16.9822 0.803585
 0.79058 -16.9643 0.804018
0.791014 -16.9465 0.804018
0.791447 -16.9287 0.804451
0.791881 -16.9109 0.804885
0.792314 -16.8931 0.805318
0.792748 -16.8754 0.805752
0.793181 -16.8577 0.806185
0.793615   -16.84 0.806619
0.794048 -16.8223 0.806619
0.794481 -16.8047 0.807052
0.794915 -16.7871 0.807486
0.795348 -16.7695 0.807919
0.795782  -16.752 0.808353
0.796215 -16.7344 0.808786
0.796649 -16.7169 0.808786
0.797082 -16.6994  0.80922
0.797516  -16.682 0.809653
0.797949 -16.6645 0.810087
0.798383 -16.6471  0.81052
0.798816 -16.6298 0.810954
 0.79925 -16.6124 0.811387
0.799683 -16.5951 0.811387
0.800117 -16.5778 0.811821
 0.80055 -16.5605 0.812254
0.800984 -16.5432 0.812688
0.801417  -16.526 0.813121
0.801851 -16.5088 0.813555
0.802284 -16.4916 0.813555
0.802718 -16.4744 0.813988
0.803151 -16.4573 0.814421
0.803585 -16.4402 0.814855
0.804018 -16.4231 0.815288
0.804451  -16.406 0.815722
0.804885  -16.389 0.816155
0.805318  -16.372 0.816155
0.805752  -16.355 0.816589
0.806185  -16.338 0.817022
0.806619 -16.3211 0.817456
0.807052 -16.3041 0.817889
0.807486 -16.2872 0.818323
0.807919 -16.2704 0.818323
0.808353 -16.2535 0.818756
0.808786 -16.2367  0.81919
 0.80922 -16.2199 0.819623
0.809653 -16.2031 0.820057
0.810087 -16.1864  0.82049
 0.81052 -16.1696  0.82049
0.810954 -16.1529 0.820924
0.811387 -16.1362 0.821357
0.811821 -16.1196 0.821791
0.812254 -16.1029 0.822224
0.812688 -16.0863 0.822658
0.813121 -16.0697 0.823091
0.813555 -16.0532 0.823091
0.813988 -16.0366 0.823525
0.814421 -16.0201 0.823958
0.814855 -16.0036 0.824391
0.815288 -15.9871 0.824825
0.815722 -15.9707 0.825258
0.816155 -15.9543 0.825692
0.816589 -15.9379 0.825692
0.817022 -15.9215 0.826125
0.817456 -15.9051 0.826559
0.817889 -15.8888 0.826992
0.818323 -15.8725 0.827426
0.818756 -15.8562 0.827859
 0.81919 -15.8399 0.827859
0.819623 -15.8237 0.828293
0.820057 -15.8074 0.828726
 0.82049 -15.7912  0.82916
0.820924 -15.7751 0.829593
0.821357 -15.7589 0.830027
0.821791 -15.7428  0.83046
0.822224 -15.7267  0.83046
0.822658 -15.7106 0.830894
0.823091 -15.6945 0.831327
0.823525 -15.6785 0.831761
0.823958 -15.6624 0.832194
0.824391 -15.6465 0.832628
0.824825 -15.6305 0.832628
0.825258 -15.6145 0.833061
0.825692 -15.5986 0.833494
0.826125 -15.5827 0.833928
0.826559 -15.5668 0.834361
0.826992 -15.5509 0.834795
0.827426 -15.5351 0.835228
0.827859 -15.5193 0.835228
0.828293 -15.5035 0.835662
0.828726 -15.4877 0.836095
 0.82916 -15.4719 0.836529
0.829593 -15.4562 0.836962
0.830027 -15.4405 0.837396
 0.83046 -15.4248 0.837396
0.830894 -15.4091 0.837829
0.831327 -15.3935 0.838263
0.831761 -15.3778 0.838696
0.832194 -15.3622  0.83913
0.832628 -15.3467 0.839563
0.833061 -15.3311 0.839563
0.833494 -15.3156 0.839997
0.833928    -15.3  0.84043
0.834361 -15.2845 0.840864
0.834795 -15.2691 0.841297
0.835228 -15.2536 0.841731
0.835662 -15.2382 0.842164
0.836095 -15.2228 0.842164
0.836529 -15.2074 0.842598
0.836962  -15.192 0.843031
0.837396 -15.1767 0.843464
0.837829 -15.1613 0.843898
0.838263  -15.146 0.844331
0.838696 -15.1308 0.844331
 0.83913 -15.1155 0.844765
0.839563 -15.1002 0.845198
0.839997  -15.085 0.845632
 0.84043 -15.0698 0.846065
0.840864 -15.0546 0.846499
0.841297 -15.0395 0.846932
0.841731 -15.0243 0.846932
0.842164 -15.0092 0.847366
0.842598 -14.9941 0.847799
0.843031  -14.979 0.848233
0.843464  -14.964 0.848666
0.843898  -14.949   0.8491
0.844331 -14.9339   0.8491
0.844765 -14.9189 0.849533
0.845198  -14.904 0.849967
0.845632  -14.889   0.8504
0.846065 -14.8741 0.850834
0.846499 -14.8592 0.851267
0.846932 -14.8443 0.851701
0.847366 -14.8294 0.851701
0.847799 -14.8145 0.852134
0.848233 -14.7997 0.852568
0.848666 -14.7849 0.853001
  0.8491 -14.7701 0.853434
0.849533 -14.7553 0.853868
0.849967 -14.7406 0.853868
  0.8504 -14.7259 0.854301
0.850834 -14.7111 0.854735
0.851267 -14.6965 0.855168
0.851701 -14.6818 0.855602
0.852134 -14.6671 0.856035
0.852568 -14.6525 0.856035
0.853001 -14.6379 0.856469
0.853434 -14.6233 0.856902
0.853868 -14.6087 0.857336
0.854301 -14.5942 0.857769
0.854735 -14.5796 0.858203
0.855168 -14.5651 0.858636
0.855602 -14.5506 0.858636
0.856035 -14.5362  0.85907
0.856469 -14.5217 0.859503
0.856902 -14.5073 0.859937
0.857336 -14.4928  0.86037
0.857769 -14.4785 0.860804
0.858203 -14.4641 0.860804
0.858636 -14.4497 0.861237
 0.85907 -14.4354 0.861671
0.859503  -14.421 0.862104
0.859937 -14.4068 0.862538
 0.86037 -14.3925 0.862971
0.860804 -14.3782 0.863404
0.861237  -14.364 0.863404
0.861671 -14.3497 0.863838
0.862104 -14.3355 0.864271
0.862538 -14.3214 0.864705
0.862971 -14.3072 0.865138
0.863404  -14.293 0.865572
0.863838 -14.2789 0.865572
0.864271 -14.2648 0.866005
0.864705 -14.2507 0.866439
0.865138 -14.2366 0.866872
0.865572 -14.2226 0.867306
0.866005 -14.2086 0.867739
0.866439 -14.1945 0.867739
0.866872 -14.1805 0.868173
0.867306 -14.1666 0.868606
0.867739 -14.1526  0.86904
0.868173 -14.1387 0.869473
0.868606 -14.1247 0.869907
 0.86904 -14.1109  0.87034
0.869473  -14.097  0.87034
0.869907 -14.0831 0.870774
 0.87034 -14.0692 0.871207
0.870774 -14.0554 0.871641
0.871207 -14.0416 0.872074
0.871641 -14.0278 0.872508
0.872074  -14.014 0.872508
0.872508 -14.0003 0.872941
0.872941 -13.9865 0.873374
0.873374 -13.9728 0.873808
0.873808 -13.9591 0.874241
0.874241 -13.9455 0.874675
0.874675 -13.9318 0.875108
0.875108 -13.9181 0.875108
0.875542 -13.9045 0.875542
0.875975 -13.8909 0.875975
0.876409 -13.8773 0.876409
0.876842 -13.8637 0.876842
0.877276 -13.8502 0.877276
0.877709 -13.8366 0.877276
0.878143 -13.8231 0.877709
0.878576 -13.8096 0.878143
 0.87901 -13.7961 0.878576
0.879443 -13.7827  0.87901
0.879877 -13.7692 0.879443
 0.88031 -13.7558 0.879443
0.880744 -13.7424 0.879877
0.881177  -13.729  0.88031
0.881611 -13.7156 0.880744
0.882044 -13.7022 0.881177
0.882477 -13.6889 0.881611
0.882911 -13.6756 0.882044
0.883344 -13.6623 0.882044
0.883778  -13.649 0.882477
0.884211 -13.6357 0.882911
0.884645 -13.6225 0.883344
0.885078 -13.6092 0.883778
0.885512  -13.596 0.884211
0.885945 -13.5828 0.884211
0.886379 -13.5696 0.884645
0.886812 -13.5564 0.885078
0.887246 -13.5433 0.885512
0.887679 -13.5302 0.885945
0.888113  -13.517 0.886379
0.888546  -13.504 0.886379
 0.88898 -13.4909 0.886812
0.889413 -13.4778 0.887246
0.889847 -13.4648 0.887679
 0.89028 -13.4517 0.888113
0.890714 -13.4387 0.888546
0.891147 -13.4257 0.888546
0.891581 -13.4127  0.88898
0.892014 -13.3998 0.889413
0.892447 -13.3868 0.889847
0.892881 -13.3739  0.89028
0.893314  -13.361 0.890714
0.893748 -13.3481 0.891147
0.894181 -13.3352 0.891147
0.894615 -13.3224 0.891581
0.895048 -13.3095 0.892014
0.895482 -13.2967 0.892447
0.895915 -13.2839 0.892881
0.896349 -13.2711 0.893314
0.896782 -13.2583 0.893314
0.897216 -13.2456 0.893748
0.897649 -13.2328 0.894181
0.898083 -13.2201 0.894615
0.898516 -13.2074 0.895048
 0.89895 -13.1947 0.895482
0.899383  -13.182 0.895482
0.899817 -13.1693 0.895915
 0.90025 -13.1567 0.896349
0.900684 -13.1441 0.896782
0.901117 -13.1315 0.897216
0.901551 -13.1189 0.897649
0.901984 -13.1063 0.898083
0.902417 -13.0937 0.898083
0.902851 -13.0812 0.898516
0.903284 -13.0686  0.89895
0.903718 -13.0561 0.899383
0.904151 -13.0436 0.899817
0.904585 -13.0312  0.90025
0.905018 -13.0187  0.90025
0.905452 -13.0062 0.900684
0.905885 -12.9938 0.901117
0.906319 -12.9814 0.901551
0.906752  -12.969 0.901984
0.907186 -12.9566 0.902417
0.907619 -12.9442 0.902417
0.908053 -12.9319 0.902851
0.908486 -12.9195 0.903284
 0.90892 -12.9072 0.903718
0.909353 -12.8949 0.904151
0.909787 -12.8826 0.904585
 0.91022 -12.8704 0.905018
0.910654 -12.8581 0.905018
0.911087 -12.8459 0.905452
0.911521 -12.8336 0.905885
0.911954 -12.8214 0.906319
0.912387 -12.8092 0.906752
0.912821 -12.7971 0.907186
0.913254 -12.7849 0.907186
0.913688 -12.7727 0.907619
0.914121 -12.7606 0.908053
0.914555 -12.7485 0.908486
0.914988 -12.7364  0.90892
0.915422 -12.7243 0.909353
0.915855 -12.7122 0.909353
0.916289 -12.7002 0.909787
0.916722 -12.6881  0.91022
0.917156 -12.6761 0.910654
0.917589 -12.6641 0.911087
0.918023 -12.6521 0.911521
0.918456 -12.6401 0.911521
 0.91889 -12.6282 0.911954
0.919323 -12.6162 0.912387
0.919757 -12.6043 0.912821
 0.92019 -12.5924 0.913254
0.920624 -12.5805 0.913688
0.921057 -12.5686 0.914121
 0.92149 -12.5567 0.914121
0.921924 -12.5449 0.914555
0.922357  -12.533 0.914988
0.922791 -12.5212 0.915422
0.923224 -12.5094 0.915855
0.923658 -12.4976 0.916289
0.924091 -12.4858 0.916289
0.924525 -12.4741 0.916722
0.924958 -12.4623 0.917156
0.925392 -12.4506 0.917589
0.925825 -12.4389 0.918023
0.926259 -12.4271 0.918456
0.926692 -12.4155 0.918456
0.927126 -12.4038  0.91889
0.927559 -12.3921 0.919323
0.927993 -12.3805 0.919757
0.928426 -12.3688  0.92019
 0.92886 -12.3572 0.920624
0.929293 -12.3456 0.920624
0.929727  -12.334 0.921057
 0.93016 -12.3225  0.92149
0.930594 -12.3109 0.921924
0.931027 -12.2994 0.922357
 0.93146 -12.2878 0.922791
0.931894 -12.2763 0.923224
0.932327 -12.2648 0.923224
0.932761 -12.2533 0.923658
0.933194 -12.2419 0.924091
0.933628 -12.2304 0.924525
0.934061  -12.219 0.924958
0.934495 -12.2076 0.925392
0.934928 -12.1961 0.925392
0.935362 -12.1847 0.925825
0.935795 -12.1734 0.926259
0.936229  -12.162 0.926692
0.936662 -12.1506 0.927126
0.937096 -12.1393 0.927559
0.937529  -12.128 0.927559
0.937963 -12.1167 0.927993
0.938396 -12.1054 0.928426
 0.93883 -12.0941  0.92886
0.939263 -12.0828 0.929293
0.939697 -12.0716 0.929727
 0.94013 -12.0603 0.929727
0.940564 -12.0491  0.93016
0.940997 -12.0379 0.930594
 0.94143 -12.0267 0.931027
0.941864 -12.0155  0.93146
0.942297 -12.0043 0.931894
0.942731 -11.9932 0.932327
0.943164  -11.982 0.932327
0.943598 -11.9709 0.932761
0.944031 -11.9598 0.933194
0.944465 -11.9487 0.933628
0.944898 -11.9376 0.934061
0.945332 -11.9265 0.934495
0.945765 -11.9155 0.934495
0.946199 -11.9044 0.934928
0.946632 -11.8934 0.935362
0.947066 -11.8824 0.935795
0.947499 -11.8714 0.936229
0.947933 -11.8604 0.936662
0.948366 -11.8494 0.936662
  0.9488 -11.8384 0.937096
0.949233 -11.8275 0.937529
0.949667 -11.8166 0.937963
  0.9501 -11.8056 0.938396
0.950534 -11.7947  0.93883
0.950967 -11.7838  0.93883
  0.9514 -11.7729 0.939263
0.951834 -11.7621 0.939697
0.952267 -11.7512  0.94013
0.952701 -11.7404 0.940564
0.953134 -11.7296 0.940997
0.953568 -11.7188 0.940997
0.954001 -11.7079  0.94143
0.954435 -11.6972 0.941864
0.954868 -11.6864 0.942297
0.955302 -11.6756 0.942731
0.955735 -11.6649 0.943164
0.956169 -11.6542 0.943598
0.956602 -11.6434 0.943598
0.957036 -11.6327 0.944031
0.957469  -11.622 0.944465
0.957903 -11.6114 0.944898
0.958336 -11.6007 0.945332
 0.95877   -11.59 0.945765
0.959203 -11.5794 0.945765
0.959637 -11.5688 0.946199
 0.96007 -11.5582 0.946632
0.960504 -11.5476 0.947066
0.960937  -11.537 0.947499
 0.96137 -11.5264 0.947933
0.961804 -11.5158 0.947933
0.962237 -11.5053 0.948366
0.962671 -11.4947   0.9488
0.963104 -11.4842 0.949233
0.963538 -11.4737 0.949667
0.963971 -11.4632   0.9501
0.964405 -11.4527 0.950534
0.964838 -11.4423 0.950534
0.965272 -11.4318 0.950967
0.965705 -11.4214   0.9514
0.966139 -11.4109 0.951834
0.966572 -11.4005 0.952267
0.967006 -11.3901 0.952701
0.967439 -11.3797 0.952701
0.967873 -11.3693 0.953134
0.968306  -11.359 0.953568
 0.96874 -11.3486 0.954001
0.969173 -11.3383 0.954435
0.969607 -11.3279 0.954868
 0.97004 -11.3176 0.954868
0.970473 -11.3073 0.955302
0.970907  -11.297 0.955735
 0.97134 -11.2868 0.956169
0.971774 -11.2765 0.956602
0.972207 -11.2662 0.957036
0.972641  -11.256 0.957036
0.973074 -11.2458 0.957469
0.973508 -11.2355 0.957903
0.973941 -11.2253 0.958336
0.974375 -11.2152  0.95877
0.974808  -11.205 0.959203
0.975242 -11.1948 0.959203
0.975675 -11.1847 0.959637
0.976109 -11.1745  0.96007
0.976542 -11.1644 0.960504
0.976976 -11.1543 0.960937
0.977409 -11.1442  0.96137
0.977843 -11.1341  0.96137
0.978276  -11.124 0.961804
 0.97871 -11.1139 0.962237
0.979143 -11.1039 0.962671
0.979577 -11.0938 0.963104
 0.98001 -11.0838 0.963538
0.980443 -11.0738 0.963538
0.980877 -11.0638 0.963971
 0.98131 -11.0538 0.964405
0.981744 -11.0438 0.964838
0.982177 -11.0338 0.965272
0.982611 -11.0239 0.965705
0.983044 -11.0139 0.966139
0.983478  -11.004 0.966139
0.983911 -10.9941 0.966572
0.984345 -10.9842 0.967006
0.984778 -10.9743 0.967439
0.985212 -10.9644 0.967873
0.985645 -10.9545 0.968306
0.986079 -10.9447 0.968306
0.986512 -10.9348  0.96874
0.986946  -10.925 0.969173
0.987379 -10.9151 0.969607
0.987813 -10.9053  0.97004
0.988246 -10.8955 0.970473
 0.98868 -10.8857 0.970473
0.989113  -10.876 0.970907
0.989547 -10.8662  0.97134
 0.98998 -10.8564 0.971774
0.990413 -10.8467 0.972207
0.990847  -10.837 0.972641
 0.99128 -10.8272 0.972641
0.991714 -10.8175 0.973074
0.992147 -10.8078 0.973508
0.992581 -10.7982 0.973941
0.993014 -10.7885 0.974375
0.993448 -10.7788 0.974808
0.993881 -10.7692 0.974808
0.994315 -10.7595 0.975242
0.994748 -10.7499 0.975675
0.995182 -10.7403 0.976109
0.995615 -10.7307 0.976542
0.996049 -10.7211 0.976976
0.996482 -10.7115 0.976976
0.996916  -10.702 0.977409
0.997349 -10.6924 0.977843
0.997783 -10.6829 0.978276
0.998216 -10.6733  0.97871
 0.99865 -10.6638 0.979143
0.999083 -10.6543 0.979143
0.999517 -10.6448 0.979577
 0.99995 -10.6353  0.98001
 1.00038 -10.6258 0.980443
 1.00082 -10.6164 0.980877
 1.00125 -10.6069  0.98131
 1.00168 -10.5975  0.98131
 1.00212  -10.588 0.981744
 1.00255 -10.5786 0.982177
 1.00298 -10.5692 0.982611
 1.00342 -10.5598 0.983044
 1.00385 -10.5504 0.983478
 1.00428 -10.5411 0.983911
 1.00472 -10.5317 0.983911
 1.00515 -10.5223 0.984345
 1.00559  -10.513 0.984778
 1.00602 -10.5037 0.985212
 1.00645 -10.4944 0.985645
 1.00689  -10.485 0.986079
 1.00732 -10.4757 0.986079
 1.00775 -10.4665 0.986512
 1.00819 -10.4572 0.986946
 1.00862 -10.4479 0.987379
 1.00905 -10.4387 0.987813
 1.00949 -10.4294 0.988246
 1.00992 -10.4202 0.988246
 1.01035  -10.411  0.98868
 1.01079 -10.4018 0.989113
 1.01122 -10.3926 0.989547
 1.01165 -10.3834  0.98998
 1.01209 -10.3742 0.990413
 1.01252 -10.3651 0.990413
 1.01295 -10.3559 0.990847
 1.01339 -10.3468  0.99128
 1.01382 -10.3376 0.991714
 1.01425 -10.3285 0.992147
 1.01469 -10.3194 0.992581
 1.01512 -10.3103 0.992581
 1.01556 -10.3012 0.993014
 1.01599 -10.2921 0.993448
 1.01642 -10.2831 0.993881
 1.01686  -10.274 0.994315
 1.01729  -10.265 0.994748
 1.01772 -10.2559 0.994748
 1.01816 -10.2469 0.995182
 1.01859 -10.2379 0.995615
 1.01902 -10.2289 0.996049
 1.01946 -10.2199 0.996482
 1.01989 -10.2109 0.996916
 1.02032 -10.2019 0.996916
 1.02076  -10.193 0.997349
 1.02119  -10.184 0.997783
 1.02162 -10.1751 0.998216
 1.02206 -10.1662  0.99865
 1.02249 -10.1572 0.999083
 1.02292 -10.1483 0.999083
 1.02336 -10.1394 0.999517
 1.02379 -10.1305  0.99995
 1.02422 -10.1217  1.00038
 1.02466 -10.1128  1.00082
 1.02509  -10.104  1.00125
 1.02553 -10.0951  1.00125
 1.02596 -10.0863  1.00168
 1.02639 -10.0774  1.00212
 1.02683 -10.0686  1.00255
 1.02726 -10.0598  1.00298
 1.02769  -10.051  1.00342
 1.02813 -10.0423  1.00342
 1.02856 -10.0335  1.00385
 1.02899 -10.0247  1.00428
 1.02943  -10.016  1.00472
 1.02986 -10.0072  1.00515
 1.03029  -9.9985  1.00559
 1.03073 -9.98978  1.00602
 1.03116 -9.98106  1.00602
 1.03159 -9.97236  1.00645
 1.03203 -9.96367  1.00689
 1.03246 -9.95499  1.00732
 1.03289 -9.94632  1.00775
 1.03333 -9.93767  1.00775
 1.03376 -9.92901  1.00819
 1.03419 -9.92037  1.00862
 1.03463 -9.91174  1.00905
 1.03506 -9.90312  1.00949
  1.0355 -9.89452  1.00992
 1.03593 -9.88592  1.01035
 1.03636 -9.87733  1.01035
  1.0368 -9.86875  1.01079
 1.03723 -9.86018  1.01122
 1.03766 -9.85162  1.01165
  1.0381 -9.84307  1.01209
 1.03853 -9.83453  1.01252
 1.03896   -9.826  1.01252
  1.0394 -9.81748  1.01295
 1.03983 -9.80897  1.01339
 1.04026 -9.80047  1.01382
  1.0407 -9.79198  1.01425
 1.04113  -9.7835  1.01469
 1.04156 -9.77503  1.01469
   1.042 -9.76657  1.01512
 1.04243 -9.75812  1.01556
 1.04286 -9.74968  1.01599
  1.0433 -9.74125  1.01642
 1.04373 -9.73283  1.01686
 1.04416 -9.72442  1.01686
  1.0446 -9.71602  1.01729
 1.04503 -9.70762  1.01772
 1.04547 -9.69924  1.01816
  1.0459 -9.69087  1.01859
 1.04633 -9.68251  1.01902
 1.04677 -9.67416  1.01902
  1.0472 -9.66581  1.01946
 1.04763 -9.65748  1.01989
 1.04807 -9.64915  1.02032
  1.0485 -9.64084  1.02076
 1.04893 -9.63254  1.02119
 1.04937 -9.62424  1.02119
  1.0498 -9.61595  1.02162
 1.05023 -9.60768  1.02206
 1.05067 -9.59941  1.02249
  1.0511 -9.59115  1.02292
 1.05153 -9.58291  1.02336
 1.05197 -9.57467  1.02336
  1.0524 -9.56644  1.02379
 1.05283 -9.55822  1.02422
 1.05327 -9.55001  1.02466
  1.0537 -9.54181  1.02509
 1.05413 -9.53363  1.02553
 1.05457 -9.52545  1.02553
   1.055 -9.51727  1.02596
 1.05544 -9.50911  1.02639
 1.05587 -9.50096  1.02683
  1.0563 -9.49281  1.02726
 1.05674 -9.48468  1.02769
 1.05717 -9.47656  1.02769
  1.0576 -9.46844  1.02813
 1.05804 -9.46033  1.02856
 1.05847 -9.45224  1.02899
  1.0589 -9.44415  1.02943
 1.05934 -9.43607  1.02986
 1.05977 -9.42801  1.02986
  1.0602 -9.41994  1.03029
 1.06064 -9.41189  1.03073
 1.06107 -9.40385  1.03116
  1.0615 -9.39582  1.03159
 1.06194  -9.3878  1.03203
 1.06237 -9.37979  1.03203
  1.0628 -9.37178  1.03246
 1.06324 -9.36378  1.03289
 1.06367  -9.3558  1.03333
  1.0641 -9.34782  1.03376
 1.06454 -9.33986  1.03419
 1.06497  -9.3319  1.03419
 1.06541 -9.32395  1.03463
 1.06584 -9.31601  1.03506
 1.06627 -9.30807   1.0355
 1.06671 -9.30015  1.03593
 1.06714 -9.29224  1.03636
 1.06757 -9.28434  1.03636
 1.06801 -9.27644   1.0368
 1.06844 -9.26855  1.03723
 1.06887 -9.26068  1.03766
 1.06931 -9.25281   1.0381
 1.06974 -9.24495  1.03853
 1.07017  -9.2371  1.03853
 1.07061 -9.22926  1.03896
 1.07104 -9.22143   1.0394
 1.07147  -9.2136  1.03983
 1.07191 -9.20579  1.04026
 1.07234 -9.19798   1.0407
 1.07277 -9.19019   1.0407
 1.07321  -9.1824  1.04113
 1.07364 -9.17462  1.04156
 1.07407 -9.16685    1.042
 1.07451 -9.15909  1.04243
 1.07494 -9.15133  1.04286
 1.07538 -9.14359  1.04286
 1.07581 -9.13586   1.0433
 1.07624 -9.12813  1.04373
 1.07668 -9.12041  1.04416
 1.07711  -9.1127   1.0446
 1.07754   -9.105  1.04503
 1.07798 -9.09731  1.04503
 1.07841 -9.08963  1.04547
 1.07884 -9.08195   1.0459
 1.07928 -9.07429  1.04633
 1.07971 -9.06663  1.04677
 1.08014 -9.05899   1.0472
 1.08058 -9.05135   1.0472
 1.08101 -9.04372  1.04763
 1.08144 -9.03609  1.04807
 1.08188 -9.02848   1.0485
 1.08231 -9.02087  1.04893
 1.08274 -9.01328  1.04937
 1.08318 -9.00569   1.0498
 1.08361 -8.99811   1.0498
 1.08404 -8.99054  1.05023
 1.08448 -8.98298  1.05067
 1.08491 -8.97543   1.0511
 1.08535 -8.96788  1.05153
 1.08578 -8.96035  1.05197
 1.08621 -8.95282  1.05197
 1.08665  -8.9453   1.0524
 1.08708 -8.93779  1.05283
 1.08751 -8.93028  1.05327
 1.08795 -8.92279   1.0537
 1.08838 -8.91531  1.05413
 1.08881 -8.90783  1.05413
 1.08925 -8.90036  1.05457
 1.08968  -8.8929    1.055
 1.09011 -8.88544  1.05544
 1.09055   -8.878  1.05587
 1.09098 -8.87057  1.05587
 1.09141 -8.86314   1.0563
 1.09185 -8.85572  1.05674
 1.09228 -8.84831  1.05717
 1.09271 -8.84091   1.0576
 1.09315 -8.83351  1.05804
 1.09358 -8.82613  1.05804
 1.09401 -8.81875  1.05847
 1.09445 -8.81138   1.0589
 1.09488 -8.80402  1.05934
 1.09532 -8.79667  1.05977
 1.09575 -8.78933   1.0602
 1.09618 -8.78199   1.0602
 1.09662 -8.77466  1.06064
 1.09705 -8.76734  1.06107
 1.09748 -8.76003   1.0615
 1.09792 -8.75273  1.06194
 1.09835 -8.74543  1.06237
 1.09878 -8.73815   1.0628
 1.09922 -8.73087   1.0628
 1.09965 -8.72359  1.06324
 1.10008 -8.71633  1.06367
 1.10052 -8.70908   1.0641
 1.10095 -8.70183  1.06454
 1.10138  -8.6946  1.06454
 1.10182 -8.68736  1.06497
 1.10225 -8.68014  1.06541
 1.10268 -8.67293  1.06584
 1.10312 -8.66572  1.06627
 1.10355 -8.65852  1.06671
 1.10398 -8.65133  1.06671
 1.10442 -8.64415  1.06714
 1.10485 -8.63697  1.06757
 1.10529 -8.62981  1.06801
 1.10572 -8.62265  1.06844
 1.10615  -8.6155  1.06887
 1.10659 -8.60836  1.06887
 1.10702 -8.60122  1.06931
 1.10745  -8.5941  1.06974
 1.10789 -8.58698  1.07017
 1.10832 -8.57987  1.07061
 1.10875 -8.57277  1.07104
 1.10919 -8.56567  1.07104
 1.10962 -8.55858  1.07147
 1.11005  -8.5515  1.07191
 1.11049 -8.54443  1.07234
 1.11092 -8.53737  1.07277
 1.11135 -8.53031  1.07321
 1.11179 -8.52327  1.07321
 1.11222 -8.51622  1.07364
 1.11265 -8.50919  1.07407
 1.11309 -8.50217  1.07451
 1.11352 -8.49515  1.07494
 1.11395 -8.48814  1.07538
 1.11439 -8.48114  1.07538
 1.11482 -8.47415  1.07581
 1.11526 -8.46716  1.07624
 1.11569 -8.46018  1.07668
 1.11612 -8.45321  1.07711
 1.11656 -8.44625  1.07754
 1.11699 -8.43929  1.07754
 1.11742 -8.43235  1.07798
 1.11786 -8.42541  1.07841
 1.11829 -8.41847  1.07884
 1.11872 -8.41155  1.07928
 1.11916 -8.40463  1.07971
 1.11959 -8.39772  1.07971
 1.12002 -8.39082  1.08014
 1.12046 -8.38393  1.08058
 1.12089 -8.37704  1.08101
 1.12132 -8.37016  1.08144
 1.12176 -8.36329  1.08188
 1.12219 -8.35643  1.08188
 1.12262 -8.34957  1.08231
 1.12306 -8.34272  1.08274
 1.12349 -8.33588  1.08318
 1.12392 -8.32905  1.08361
 1.12436 -8.32222  1.08404
 1.12479  -8.3154  1.08404
 1.12523 -8.30859  1.08448
 1.12566 -8.30178  1.08491
 1.12609 -8.29499  1.08535
 1.12653  -8.2882  1.08578
 1.12696 -8.28142  1.08621
 1.12739 -8.27465  1.08621
 1.12783 -8.26788  1.08665
 1.12826 -8.26112  1.08708
 1.12869 -8.25436  1.08751
 1.12913 -8.24762  1.08795
 1.12956 -8.24089  1.08838
 1.12999 -8.23416  1.08838
 1.13043 -8.22743  1.08881
 1.13086 -8.22072  1.08925
 1.13129 -8.21401  1.08968
 1.13173 -8.20731  1.09011
 1.13216 -8.20062  1.09055
 1.13259 -8.19393  1.09055
 1.13303 -8.18725  1.09098
 1.13346 -8.18058  1.09141
 1.13389 -8.17391  1.09185
 1.13433 -8.16726  1.09228
 1.13476 -8.16061  1.09271
  1.1352 -8.15397  1.09271
 1.13563 -8.14733  1.09315
 1.13606  -8.1407  1.09358
  1.1365 -8.13408  1.09401
 1.13693 -8.12747  1.09445
 1.13736 -8.12086  1.09488
  1.1378 -8.11427  1.09488
 1.13823 -8.10767  1.09532
 1.13866 -8.10109  1.09575
  1.1391 -8.09451  1.09618
 1.13953 -8.08794  1.09662
 1.13996 -8.08138  1.09705
  1.1404 -8.07482  1.09705
 1.14083 -8.06827  1.09748
 1.14126 -8.06173  1.09792
  1.1417 -8.05519  1.09835
 1.14213 -8.04867  1.09878
 1.14256 -8.04215  1.09922
   1.143 -8.03563  1.09922
 1.14343 -8.02912  1.09965
 1.14386 -8.02262  1.10008
  1.1443 -8.01613  1.10052
 1.14473 -8.00965  1.10095
 1.14517 -8.00317  1.10138
  1.1456  -7.9967  1.10138
 1.14603 -7.99023  1.10182
 1.14647 -7.98377  1.10225
  1.1469 -7.97732  1.10268
 1.14733 -7.97088  1.10312
 1.14777 -7.96445  1.10355
  1.1482 -7.95802  1.10355
 1.14863 -7.95159  1.10398
 1.14907 -7.94518  1.10442
  1.1495 -7.93877  1.10485
 1.14993 -7.93237  1.10529
 1.15037 -7.92597  1.10572
  1.1508 -7.91958  1.10572
 1.15123  -7.9132  1.10615
 1.15167 -7.90683  1.10659
  1.1521 -7.90046  1.10702
 1.15253  -7.8941  1.10745
 1.15297 -7.88775  1.10789
  1.1534  -7.8814  1.10789
 1.15383 -7.87506  1.10832
 1.15427 -7.86872  1.10875
  1.1547  -7.8624  1.10919
 1.15514 -7.85608  1.10962
 1.15557 -7.84977  1.11005
   1.156 -7.84346  1.11005
 1.15644 -7.83716  1.11049
 1.15687 -7.83086  1.11092
  1.1573 -7.82458  1.11135
 1.15774  -7.8183  1.11179
 1.15817 -7.81203  1.11179
  1.1586 -7.80576  1.11222
 1.15904  -7.7995  1.11265
 1.15947 -7.79325  1.11309
  1.1599   -7.787  1.11352
 1.16034 -7.78077  1.11395
 1.16077 -7.77454  1.11395
  1.1612 -7.76831  1.11439
 1.16164 -7.76209  1.11482
 1.16207 -7.75588  1.11526
  1.1625 -7.74967  1.11569
 1.16294 -7.74347  1.11612
 1.16337 -7.73728  1.11612
  1.1638 -7.73109  1.11656
 1.16424 -7.72491  1.11699
 1.16467 -7.71874  1.11742
 1.16511 -7.71258  1.11786
 1.16554 -7.70642  1.11829
 1.16597 -7.70027  1.11829
 1.16641 -7.69412  1.11872
 1.16684 -7.68798  1.11916
 1.16727 -7.68184  1.11959
 1.16771 -7.67572  1.12002
 1.16814  -7.6696  1.12046
 1.16857 -7.66349  1.12046
 1.16901 -7.65738  1.12089
 1.16944 -7.65128  1.12132
 1.16987 -7.64518  1.12176
 1.17031 -7.63909  1.12219
 1.17074 -7.63301  1.12262
 1.17117 -7.62694  1.12262
 1.17161 -7.62087  1.12306
 1.17204 -7.61481  1.12349
 1.17247 -7.60875  1.12392
 1.17291  -7.6027  1.12436
 1.17334 -7.59666  1.12479
 1.17377 -7.59063  1.12479
 1.17421 -7.58459  1.12523
 1.17464 -7.57857  1.12566
 1.17508 -7.57255  1.12609
 1.17551 -7.56654  1.12653
 1.17594 -7.56054  1.12696
 1.17638 -7.55454  1.12696
 1.17681 -7.54855  1.12739
 1.17724 -7.54256  1.12783
 1.17768 -7.53659  1.12826
 1.17811 -7.53061  1.12869
 1.17854 -7.52465  1.12913
 1.17898 -7.51869  1.12913
 1.17941 -7.51273  1.12956
 1.17984 -7.50679  1.12999
 1.18028 -7.50085  1.13043
 1.18071 -7.49491  1.13086
 1.18114 -7.48899  1.13129
 1.18158 -7.48306  1.13129
 1.18201 -7.47715  1.13173
 1.18244 -7.47123  1.13216
 1.18288 -7.46533  1.13259
 1.18331 -7.45944  1.13303
 1.18374 -7.45355  1.13303
 1.18418 -7.44766  1.13346
 1.18461 -7.44178  1.13389
 1.18505 -7.43591  1.13433
 1.18548 -7.43004  1.13476
 1.18591 -7.42418   1.1352
 1.18635 -7.41833   1.1352
 1.18678 -7.41248  1.13563
 1.18721 -7.40664  1.13606
 1.18765  -7.4008   1.1365
 1.18808 -7.39497  1.13693
 1.18851 -7.38915  1.13736
 1.18895 -7.38334  1.13736
 1.18938 -7.37752   1.1378
 1.18981 -7.37172  1.13823
 1.19025 -7.36592  1.13866
 1.19068 -7.36013   1.1391
 1.19111 -7.35434  1.13953
 1.19155 -7.34856  1.13953
 1.19198 -7.34278  1.13996
 1.19241 -7.33702   1.1404
 1.19285 -7.33125  1.14083
 1.19328  -7.3255  1.14126
 1.19371 -7.31975   1.1417
 1.19415   -7.314   1.1417
 1.19458 -7.30827  1.14213
 1.19502 -7.30253  1.14256
 1.19545 -7.29681    1.143
 1.19588 -7.29109  1.14343
 1.19632 -7.28537  1.14386
 1.19675 -7.27967  1.14386
 1.19718 -7.27396   1.1443
 1.19762 -7.26826  1.14473
 1.19805 -7.26257  1.14517
 1.19848 -7.25689   1.1456
 1.19892 -7.25121  1.14603
 1.19935 -7.24554  1.14603
 1.19978 -7.23987  1.14647
 1.20022 -7.23421   1.1469
 1.20065 -7.22856  1.14733
 1.20108 -7.22291  1.14777
 1.20152 -7.21727   1.1482
 1.20195 -7.21163   1.1482
 1.20238   -7.206  1.14863
 1.20282 -7.20037  1.14907
 1.20325 -7.19475   1.1495
 1.20368 -7.18914  1.14993
 1.20412 -7.18353  1.15037
 1.20455 -7.17793  1.15037
 1.20498 -7.17233   1.1508
 1.20542 -7.16674  1.15123
 1.20585 -7.16116  1.15167
 1.20629 -7.15558   1.1521
 1.20672 -7.15001   1.1521
 1.20715 -7.14444  1.15253
 1.20759 -7.13888  1.15297
 1.20802 -7.13332   1.1534
 1.20845 -7.12777  1.15383
 1.20889 -7.12223  1.15427
 1.20932 -7.11669  1.15427
 1.20975 -7.11116   1.1547
 1.21019 -7.10563  1.15514
 1.21062  -7.1001  1.15557
 1.21105 -7.09459    1.156
 1.21149 -7.08908  1.15644
 1.21192 -7.08358  1.15644
 1.21235 -7.07808  1.15687
 1.21279 -7.07258   1.1573
 1.21322  -7.0671  1.15774
 1.21365 -7.06162  1.15817
 1.21409 -7.05614   1.1586
 1.21452 -7.05067   1.1586
 1.21495 -7.04521  1.15904
 1.21539 -7.03975  1.15947
 1.21582 -7.03429   1.1599
 1.21626 -7.02885  1.16034
 1.21669 -7.02341  1.16077
 1.21712 -7.01797  1.16077
 1.21756 -7.01254   1.1612
 1.21799 -7.00711  1.16164
 1.21842 -7.00169  1.16207
 1.21886 -6.99628   1.1625
 1.21929 -6.99087  1.16294
 1.21972 -6.98547  1.16294
 1.22016 -6.98007  1.16337
 1.22059 -6.97468   1.1638
 1.22102  -6.9693  1.16424
 1.22146 -6.96392  1.16467
 1.22189 -6.95854  1.16511
 1.22232 -6.95317  1.16511
 1.22276 -6.94781  1.16554
 1.22319 -6.94245  1.16597
 1.22362  -6.9371  1.16641
 1.22406 -6.93175  1.16684
 1.22449 -6.92641  1.16684
 1.22492 -6.92107  1.16727
 1.22536 -6.91574  1.16771
 1.22579 -6.91041  1.16814
 1.22623 -6.90509  1.16857
 1.22666 -6.89978  1.16901
 1.22709 -6.89447  1.16901
 1.22753 -6.88917  1.16944
 1.22796 -6.88387  1.16987
 1.22839 -6.87857  1.17031
 1.22883 -6.87329  1.17074
 1.22926 -6.86801  1.17117
 1.22969 -6.86273  1.17117
 1.23013 -6.85746  1.17161
 1.23056 -6.85219  1.17204
 1.23099 -6.84693  1.17247
 1.23143 -6.84168  1.17291
 1.23186 -6.83643  1.17334
 1.23229 -6.83119  1.17334
 1.23273 -6.82594  1.17377
 1.23316 -6.82071  1.17421
 1.23359 -6.81548  1.17464
 1.23403 -6.81026  1.17508
 1.23446 -6.80504  1.17551
 1.23489 -6.79983  1.17551
 1.23533 -6.79462  1.17594
 1.23576 -6.78942  1.17638
  1.2362 -6.78423  1.17681
 1.23663 -6.77904  1.17724
 1.23706 -6.77385  1.17768
  1.2375 -6.76867  1.17768
 1.23793 -6.76349  1.17811
 1.23836 -6.75832  1.17854
  1.2388 -6.75316  1.17898
 1.23923   -6.748  1.17941
 1.23966 -6.74285  1.17941
  1.2401  -6.7377  1.17984
 1.24053 -6.73255  1.18028
 1.24096 -6.72742  1.18071
  1.2414 -6.72228  1.18114
 1.24183 -6.71716  1.18158
 1.24226 -6.71203  1.18158
  1.2427 -6.70691  1.18201
 1.24313  -6.7018  1.18244
 1.24356 -6.69669  1.18288
   1.244 -6.69159  1.18331
 1.24443  -6.6865  1.18374
 1.24486 -6.68141  1.18374
  1.2453 -6.67632  1.18418
 1.24573 -6.67124  1.18461
 1.24617 -6.66616  1.18505
  1.2466 -6.66109  1.18548
 1.24703 -6.65603  1.18591
 1.24747 -6.65096  1.18591
  1.2479 -6.64591  1.18635
 1.24833 -6.64086  1.18678
 1.24877 -6.63581  1.18721
  1.2492 -6.63077  1.18765
 1.24963 -6.62574  1.18808
 1.25007 -6.62071  1.18808
  1.2505 -6.61568  1.18851
 1.25093 -6.61066  1.18895
 1.25137 -6.60565  1.18938
  1.2518 -6.60064  1.18981
 1.25223 -6.59563  1.19025
 1.25267 -6.59063  1.19025
  1.2531 -6.58564  1.19068
 1.25353 -6.58065  1.19111
 1.25397 -6.57566  1.19155
  1.2544 -6.57068  1.19198
 1.25483 -6.56571  1.19198
 1.25527 -6.56074  1.19241
  1.2557 -6.55578  1.19285
 1.25614 -6.55082  1.19328
 1.25657 -6.54586  1.19371
   1.257 -6.54091  1.19415
 1.25744 -6.53597  1.19415
 1.25787 -6.53103  1.19458
  1.2583 -6.52609  1.19502
 1.25874 -6.52116  1.19545
 1.25917 -6.51624  1.19588
  1.2596 -6.51132  1.19632
 1.26004 -6.50641  1.19632
 1.26047  -6.5015  1.19675
  1.2609 -6.49659  1.19718
 1.26134 -6.49169  1.19762
 1.26177  -6.4868  1.19805
  1.2622 -6.48191  1.19848
 1.26264 -6.47702  1.19848
 1.26307 -6.47214  1.19892
  1.2635 -6.46726  1.19935
 1.26394 -6.46239  1.19978
 1.26437 -6.45753  1.20022
  1.2648 -6.45267  1.20065
 1.26524 -6.44781  1.20065
 1.26567 -6.44296  1.20108
 1.26611 -6.43811  1.20152
 1.26654 -6.43327  1.20195
 1.26697 -6.42844  1.20238
 1.26741 -6.42361  1.20282
 1.26784 -6.41878  1.20282
 1.26827 -6.41396  1.20325
 1.26871 -6.40914  1.20368
 1.26914 -6.40433  1.20412
 1.26957 -6.39952  1.20455
 1.27001 -6.39472  1.20455
 1.27044 -6.38992  1.20498
 1.27087 -6.38512  1.20542
 1.27131 -6.38034  1.20585
 1.27174 -6.37555  1.20629
 1.27217 -6.37077  1.20672
 1.27261   -6.366  1.20672
 1.27304 -6.36123  1.20715
 1.27347 -6.35646  1.20759
 1.27391  -6.3517  1.20802
 1.27434 -6.34695  1.20845
 1.27477  -6.3422  1.20889
 1.27521 -6.33746  1.20889
 1.27564 -6.33271  1.20932
 1.27608 -6.32798  1.20975
 1.27651 -6.32325  1.21019
 1.27694 -6.31852  1.21062
 1.27738  -6.3138  1.21105
 1.27781 -6.30908  1.21105
 1.27824 -6.30437  1.21149
 1.27868 -6.29966  1.21192
 1.27911 -6.29495  1.21235
 1.27954 -6.29026  1.21279
 1.27998 -6.28556  1.21322
 1.28041 -6.28087  1.21322
 1.28084 -6.27619  1.21365
 1.28128 -6.27151  1.21409
 1.28171 -6.26683  1.21452
 1.28214 -6.26216  1.21495
 1.28258  -6.2575  1.21495
 1.28301 -6.25284  1.21539
 1.28344 -6.24818  1.21582
 1.28388 -6.24352  1.21626
 1.28431 -6.23888  1.21669
 1.28474 -6.23424  1.21712
 1.28518  -6.2296  1.21712
 1.28561 -6.22496  1.21756
 1.28605 -6.22033  1.21799
 1.28648 -6.21571  1.21842
 1.28691 -6.21109  1.21886
 1.28735 -6.20647  1.21929
 1.28778 -6.20186  1.21929
 1.28821 -6.19725  1.21972
 1.28865 -6.19265  1.22016
 1.28908 -6.18805  1.22059
 1.28951 -6.18346  1.22102
 1.28995 -6.17888  1.22146
 1.29038 -6.17429  1.22146
 1.29081 -6.16971  1.22189
 1.29125 -6.16514  1.22232
 1.29168 -6.16057  1.22276
 1.29211   -6.156  1.22319
 1.29255 -6.15144  1.22362
 1.29298 -6.14688  1.22362
 1.29341 -6.14233  1.22406
 1.29385 -6.13778  1.22449
 1.29428 -6.13324  1.22492
 1.29471  -6.1287  1.22536
 1.29515 -6.12417  1.22536
 1.29558 -6.11964  1.22579
 1.29602 -6.11511  1.22623
 1.29645 -6.11059  1.22666
 1.29688 -6.10607  1.22709
 1.29732 -6.10156  1.22753
 1.29775 -6.09705  1.22753
 1.29818 -6.09255  1.22796
 1.29862 -6.08805  1.22839
 1.29905 -6.08356  1.22883
 1.29948 -6.07907  1.22926
 1.29992 -6.07458  1.22969
 1.30035  -6.0701  1.22969
 1.30078 -6.06562  1.23013
 1.30122 -6.06115  1.23056
 1.30165 -6.05668  1.23099
 1.30208 -6.05222  1.23143
 1.30252 -6.04776  1.23186
 1.30295  -6.0433  1.23186
 1.30338 -6.03885  1.23229
 1.30382 -6.03441  1.23273
 1.30425 -6.02997  1.23316
 1.30468 -6.02553  1.23359
 1.30512  -6.0211  1.23403
 1.30555 -6.01667  1.23403
 1.30599 -6.01224  1.23446
 1.30642 -6.00782  1.23489
 1.30685  -6.0034  1.23533
 1.30729 -5.99899  1.23576
 1.30772 -5.99459  1.23576
 1.30815 -5.99018   1.2362
 1.30859 -5.98578  1.23663
 1.30902 -5.98139  1.23706
 1.30945   -5.977   1.2375
 1.30989 -5.97261  1.23793
 1.31032 -5.96823  1.23793
 1.31075 -5.96386  1.23836
 1.31119 -5.95948   1.2388
 1.31162 -5.95511  1.23923
 1.31205 -5.95075  1.23966
 1.31249 -5.94639   1.2401
 1.31292 -5.94203   1.2401
 1.31335 -5.93768  1.24053
 1.31379 -5.93333  1.24096
 1.31422 -5.92899   1.2414
 1.31465 -5.92465  1.24183
 1.31509 -5.92032  1.24226
 1.31552 -5.91599  1.24226
 1.31596 -5.91166   1.2427
 1.31639 -5.90734  1.24313
 1.31682 -5.90302  1.24356
 1.31726 -5.89871    1.244
 1.31769  -5.8944  1.24443
 1.31812 -5.89009  1.24443
 1.31856 -5.88579  1.24486
 1.31899 -5.88149   1.2453
 1.31942  -5.8772  1.24573
 1.31986 -5.87291  1.24617
 1.32029 -5.86863  1.24617
 1.32072 -5.86434   1.2466
 1.32116 -5.86007  1.24703
 1.32159  -5.8558  1.24747
 1.32202 -5.85153   1.2479
 1.32246 -5.84726  1.24833
 1.32289   -5.843  1.24833
 1.32332 -5.83875  1.24877
 1.32376  -5.8345   1.2492
 1.32419 -5.83025  1.24963
 1.32462 -5.82601  1.25007
 1.32506 -5.82177   1.2505
 1.32549 -5.81753   1.2505
 1.32593  -5.8133  1.25093
 1.32636 -5.80907  1.25137
 1.32679 -5.80485   1.2518
 1.32723 -5.80063  1.25223
 1.32766 -5.79642  1.25223
 1.32809 -5.79221  1.25267
 1.32853   -5.788   1.2531
 1.32896  -5.7838  1.25353
 1.32939  -5.7796  1.25397
 1.32983  -5.7754   1.2544
 1.33026 -5.77121   1.2544
 1.33069 -5.76703  1.25483
 1.33113 -5.76284  1.25527
 1.33156 -5.75867   1.2557
 1.33199 -5.75449  1.25614
 1.33243 -5.75032  1.25657
 1.33286 -5.74616  1.25657
 1.33329 -5.74199    1.257
 1.33373 -5.73783  1.25744
 1.33416 -5.73368  1.25787
 1.33459 -5.72953   1.2583
 1.33503 -5.72538  1.25874
 1.33546 -5.72124  1.25874
  1.3359  -5.7171  1.25917
 1.33633 -5.71297   1.2596
 1.33676 -5.70884  1.26004
  1.3372 -5.70471  1.26047
 1.33763 -5.70059  1.26047
 1.33806 -5.69647   1.2609
  1.3385 -5.69236  1.26134
 1.33893 -5.68824  1.26177
 1.33936 -5.68414   1.2622
  1.3398 -5.68004  1.26264
 1.34023 -5.67594  1.26264
 1.34066 -5.67184  1.26307
  1.3411 -5.66775   1.2635
 1.34153 -5.66366  1.26394
 1.34196 -5.65958  1.26437
  1.3424  -5.6555   1.2648
 1.34283 -5.65143   1.2648
 1.34326 -5.64736  1.26524
  1.3437 -5.64329  1.26567
 1.34413 -5.63922  1.26611
 1.34456 -5.63516  1.26654
   1.345 -5.63111  1.26697
 1.34543 -5.62706  1.26697
 1.34587 -5.62301  1.26741
  1.3463 -5.61896  1.26784
 1.34673 -5.61492  1.26827
 1.34717 -5.61089  1.26871
  1.3476 -5.60686  1.26914
 1.34803 -5.60283  1.26914
 1.34847  -5.5988  1.26957
  1.3489 -5.59478  1.27001
 1.34933 -5.59076  1.27044
 1.34977 -5.58675  1.27087
  1.3502 -5.58274  1.27131
 1.35063 -5.57873  1.27131
 1.35107 -5.57473  1.27174
  1.3515 -5.57073  1.27217
 1.35193 -5.56674  1.27261
 1.35237 -5.56275  1.27304
  1.3528 -5.55876  1.27304
 1.35323 -5.55478  1.27347
 1.35367  -5.5508  1.27391
  1.3541 -5.54682  1.27434
 1.35453 -5.54285  1.27477
 1.35497 -5.53888  1.27521
  1.3554 -5.53492  1.27521
 1.35584 -5.53096  1.27564
 1.35627   -5.527  1.27608
  1.3567 -5.52305  1.27651
 1.35714  -5.5191  1.27694
 1.35757 -5.51515  1.27694
   1.358 -5.51121  1.27738
 1.35844 -5.50727  1.27781
 1.35887 -5.50334  1.27824
  1.3593 -5.49941  1.27868
 1.35974 -5.49548  1.27911
 1.36017 -5.49156  1.27911
  1.3606 -5.48764  1.27954
 1.36104 -5.48372  1.27998
 1.36147 -5.47981  1.28041
  1.3619  -5.4759  1.28084
 1.36234   -5.472  1.28128
 1.36277  -5.4681  1.28128
  1.3632  -5.4642  1.28171
 1.36364 -5.46031  1.28214
 1.36407 -5.45642  1.28258
  1.3645 -5.45253  1.28301
 1.36494 -5.44865  1.28344
 1.36537 -5.44477  1.28344
 1.36581  -5.4409  1.28388
 1.36624 -5.43702  1.28431
 1.36667 -5.43316  1.28474
 1.36711 -5.42929  1.28518
 1.36754 -5.42543  1.28561
 1.36797 -5.42158  1.28561
 1.36841 -5.41772  1.28605
 1.36884 -5.41387  1.28648
 1.36927 -5.41003  1.28691
 1.36971 -5.40618  1.28735
 1.37014 -5.40235  1.28735
 1.37057 -5.39851  1.28778
 1.37101 -5.39468  1.28821
 1.37144 -5.39085  1.28865
 1.37187 -5.38703  1.28908
 1.37231 -5.38321  1.28951
 1.37274 -5.37939  1.28951
 1.37317 -5.37558  1.28995
 1.37361 -5.37177  1.29038
 1.37404 -5.36796  1.29081
 1.37447 -5.36416  1.29125
 1.37491 -5.36036  1.29168
 1.37534 -5.35656  1.29168
 1.37578 -5.35277  1.29211
 1.37621 -5.34898  1.29255
 1.37664  -5.3452  1.29298
 1.37708 -5.34141  1.29341
 1.37751 -5.33764  1.29341
 1.37794 -5.33386  1.29385
 1.37838 -5.33009  1.29428
 1.37881 -5.32632  1.29471
 1.37924 -5.32256  1.29515
 1.37968  -5.3188  1.29558
 1.38011 -5.31504  1.29558
 1.38054 -5.31129  1.29602
 1.38098 -5.30754  1.29645
 1.38141 -5.30379  1.29688
 1.38184 -5.30005  1.29732
 1.38228 -5.29631  1.29775
 1.38271 -5.29258  1.29775
 1.38314 -5.28884  1.29818
 1.38358 -5.28512  1.29862
 1.38401 -5.28139  1.29905
 1.38444 -5.27767  1.29948
 1.38488 -5.27395  1.29992
 1.38531 -5.27024  1.29992
 1.38575 -5.26653  1.30035
 1.38618 -5.26282  1.30078
 1.38661 -5.25911  1.30122
 1.38705 -5.25541  1.30165
 1.38748 -5.25172  1.30165
 1.38791 -5.24802  1.30208
 1.38835 -5.24433  1.30252
 1.38878 -5.24064  1.30295
 1.38921 -5.23696  1.30338
 1.38965 -5.23328  1.30382
 1.39008  -5.2296  1.30382
 1.39051 -5.22593  1.30425
 1.39095 -5.22226  1.30468
 1.39138 -5.21859  1.30512
 1.39181 -5.21493  1.30555
 1.39225 -5.21127  1.30599
 1.39268 -5.20761  1.30599
 1.39311 -5.20396  1.30642
 1.39355 -5.20031  1.30685
 1.39398 -5.19666  1.30729
 1.39441 -5.19302  1.30772
 1.39485 -5.18938  1.30772
 1.39528 -5.18575  1.30815
 1.39572 -5.18211  1.30859
 1.39615 -5.17848  1.30902
 1.39658 -5.17486  1.30945
 1.39702 -5.17124  1.30989
 1.39745 -5.16762  1.30989
 1.39788   -5.164  1.31032
 1.39832 -5.16039  1.31075
 1.39875 -5.15678  1.31119
 1.39918 -5.15317  1.31162
 1.39962 -5.14957  1.31205
 1.40005 -5.14597  1.31205
 1.40048 -5.14238  1.31249
 1.40092 -5.13878  1.31292
 1.40135  -5.1352  1.31335
 1.40178 -5.13161  1.31379
 1.40222 -5.12803  1.31422
 1.40265 -5.12445  1.31422
 1.40308 -5.12087  1.31465
 1.40352  -5.1173  1.31509
 1.40395 -5.11373  1.31552
 1.40438 -5.11016  1.31596
 1.40482  -5.1066  1.31596
 1.40525 -5.10304  1.31639
 1.40569 -5.09949  1.31682
 1.40612 -5.09593  1.31726
 1.40655 -5.09238  1.31769
 1.40699 -5.08884  1.31812
 1.40742  -5.0853  1.31812
 1.40785 -5.08176  1.31856
 1.40829 -5.07822  1.31899
 1.40872 -5.07469  1.31942
 1.40915 -5.07116  1.31986
 1.40959 -5.06763  1.32029
 1.41002 -5.06411  1.32029
 1.41045 -5.06059  1.32072
 1.41089 -5.05707  1.32116
 1.41132 -5.05355  1.32159
 1.41175 -5.05005  1.32202
 1.41219 -5.04654  1.32202
 1.41262 -5.04303  1.32246
 1.41305 -5.03953  1.32289
 1.41349 -5.03603  1.32332
 1.41392 -5.03254  1.32376
 1.41435 -5.02905  1.32419
 1.41479 -5.02556  1.32419
 1.41522 -5.02208  1.32462
 1.41566 -5.01859  1.32506
 1.41609 -5.01512  1.32549
 1.41652 -5.01164  1.32593
 1.41696 -5.00817  1.32636
 1.41739  -5.0047  1.32636
 1.41782 -5.00124  1.32679
 1.41826 -4.99777  1.32723
 1.41869 -4.99431  1.32766
 1.41912 -4.99086  1.32809
 1.41956 -4.98741  1.32809
 1.41999 -4.98396  1.32853
 1.42042 -4.98051  1.32896
 1.42086 -4.97707  1.32939
 1.42129 -4.97362  1.32983
 1.42172 -4.97019  1.33026
 1.42216 -4.96675  1.33026
 1.42259 -4.96332  1.33069
 1.42302  -4.9599  1.33113
 1.42346 -4.95647  1.33156
 1.42389 -4.95305  1.33199
 1.42432 -4.94963  1.33243
 1.42476 -4.94622  1.33243
 1.42519  -4.9428  1.33286
 1.42563 -4.93939  1.33329
 1.42606 -4.93599  1.33373
 1.42649 -4.93259  1.33416
 1.42693 -4.92919  1.33459
 1.42736 -4.92579  1.33459
 1.42779  -4.9224  1.33503
 1.42823 -4.91901  1.33546
 1.42866 -4.91562   1.3359
 1.42909 -4.91224  1.33633
 1.42953 -4.90886  1.33633
 1.42996 -4.90548  1.33676
 1.43039  -4.9021   1.3372
 1.43083 -4.89873  1.33763
 1.43126 -4.89536  1.33806
 1.43169   -4.892   1.3385
 1.43213 -4.88863   1.3385
 1.43256 -4.88527  1.33893
 1.43299 -4.88192  1.33936
 1.43343 -4.87856   1.3398
 1.43386 -4.87521  1.34023
 1.43429 -4.87187  1.34066
 1.43473 -4.86852  1.34066
 1.43516 -4.86518   1.3411
  1.4356 -4.86184  1.34153
 1.43603 -4.85851  1.34196
 1.43646 -4.85517   1.3424
  1.4369 -4.85185   1.3424
 1.43733 -4.84852  1.34283
 1.43776  -4.8452  1.34326
  1.4382 -4.84187   1.3437
 1.43863 -4.83856  1.34413
 1.43906 -4.83524  1.34456
  1.4395 -4.83193  1.34456
 1.43993 -4.82862    1.345
 1.44036 -4.82532  1.34543
  1.4408 -4.82202  1.34587
 1.44123 -4.81872   1.3463
 1.44166 -4.81542  1.34673
  1.4421 -4.81213  1.34673
 1.44253 -4.80884  1.34717
 1.44296 -4.80555   1.3476
  1.4434 -4.80227  1.34803
 1.44383 -4.79899  1.34847
 1.44426 -4.79571  1.34847
  1.4447 -4.79243   1.3489
 1.44513 -4.78916  1.34933
 1.44557 -4.78589  1.34977
   1.446 -4.78262   1.3502
 1.44643 -4.77936  1.35063
 1.44687  -4.7761  1.35063
  1.4473 -4.77284  1.35107
 1.44773 -4.76959   1.3515
 1.44817 -4.76634  1.35193
  1.4486 -4.76309  1.35237
 1.44903 -4.75984   1.3528
 1.44947  -4.7566   1.3528
  1.4499 -4.75336  1.35323
 1.45033 -4.75012  1.35367
 1.45077 -4.74689   1.3541
  1.4512 -4.74366  1.35453
 1.45163 -4.74043  1.35453
 1.45207  -4.7372  1.35497
  1.4525 -4.73398   1.3554
 1.45293 -4.73076  1.35584
 1.45337 -4.72754  1.35627
  1.4538 -4.72433   1.3567
 1.45423 -4.72112   1.3567
 1.45467 -4.71791  1.35714
  1.4551 -4.71471  1.35757
 1.45554  -4.7115    1.358
 1.45597  -4.7083  1.35844
  1.4564 -4.70511  1.35887
 1.45684 -4.70191  1.35887
 1.45727 -4.69872   1.3593
  1.4577 -4.69553  1.35974
 1.45814 -4.69235  1.36017
 1.45857 -4.68917   1.3606
   1.459 -4.68599   1.3606
 1.45944 -4.68281  1.36104
 1.45987 -4.67964  1.36147
  1.4603 -4.67647   1.3619
 1.46074  -4.6733  1.36234
 1.46117 -4.67013  1.36277
  1.4616 -4.66697  1.36277
 1.46204 -4.66381   1.3632
 1.46247 -4.66066  1.36364
  1.4629  -4.6575  1.36407
 1.46334 -4.65435   1.3645
 1.46377  -4.6512  1.36494
  1.4642 -4.64806  1.36494
 1.46464 -4.64491  1.36537
 1.46507 -4.64177  1.36581
 1.46551 -4.63864  1.36624
 1.46594  -4.6355  1.36667
 1.46637 -4.63237  1.36667
 1.46681 -4.62924  1.36711
 1.46724 -4.62612  1.36754
 1.46767 -4.62299  1.36797
 1.46811 -4.61987  1.36841
 1.46854 -4.61676  1.36884
 1.46897 -4.61364  1.36884
 1.46941 -4.61053  1.36927
 1.46984 -4.60742  1.36971
 1.47027 -4.60431  1.37014
 1.47071 -4.60121  1.37057
 1.47114 -4.59811  1.37101
 1.47157 -4.59501  1.37101
 1.47201 -4.59192  1.37144
 1.47244 -4.58883  1.37187
 1.47287 -4.58574  1.37231
 1.47331 -4.58265  1.37274
 1.47374 -4.57957  1.37274
 1.47417 -4.57648  1.37317
 1.47461  -4.5734  1.37361
 1.47504 -4.57033  1.37404
 1.47548 -4.56725  1.37447
 1.47591 -4.56418  1.37491
 1.47634 -4.56112  1.37491
 1.47678 -4.55805  1.37534
 1.47721 -4.55499  1.37578
 1.47764 -4.55193  1.37621
 1.47808 -4.54887  1.37664
 1.47851 -4.54582  1.37708
 1.47894 -4.54277  1.37708
 1.47938 -4.53972  1.37751
 1.47981 -4.53667  1.37794
 1.48024 -4.53363  1.37838
 1.48068 -4.53059  1.37881
 1.48111 -4.52755  1.37881
 1.48154 -4.52451  1.37924
 1.48198 -4.52148  1.37968
 1.48241 -4.51845  1.38011
 1.48284 -4.51542  1.38054
 1.48328  -4.5124  1.38098
 1.48371 -4.50938  1.38098
 1.48414 -4.50636  1.38141
 1.48458 -4.50334  1.38184
 1.48501 -4.50033  1.38228
 1.48545 -4.49732  1.38271
 1.48588 -4.49431  1.38314
 1.48631  -4.4913  1.38314
 1.48675  -4.4883  1.38358
 1.48718  -4.4853  1.38401
 1.48761  -4.4823  1.38444
 1.48805 -4.47931  1.38488
 1.48848 -4.47631  1.38488
 1.48891 -4.47332  1.38531
 1.48935 -4.47034  1.38575
 1.48978 -4.46735  1.38618
 1.49021 -4.46437  1.38661
 1.49065 -4.46139  1.38705
 1.49108 -4.45841  1.38705
 1.49151 -4.45544  1.38748
 1.49195 -4.45247  1.38791
 1.49238  -4.4495  1.38835
 1.49281 -4.44653  1.38878
 1.49325 -4.44357  1.38921
 1.49368 -4.44061  1.38921
 1.49411 -4.43765  1.38965
 1.49455 -4.43469  1.39008
 1.49498 -4.43174  1.39051
 1.49542 -4.42879  1.39095
 1.49585 -4.42584  1.39095
 1.49628 -4.42289  1.39138
 1.49672 -4.41995  1.39181
 1.49715 -4.41701  1.39225
 1.49758 -4.41407  1.39268
 1.49802 -4.41114  1.39311
 1.49845 -4.40821  1.39311
 1.49888 -4.40528  1.39355
 1.49932 -4.40235  1.39398
 1.49975 -4.39942  1.39441
 1.50018  -4.3965  1.39485
 1.50062 -4.39358  1.39485
 1.50105 -4.39066  1.39528
 1.50148 -4.38775  1.39572
 1.50192 -4.38484  1.39615
 1.50235 -4.38193  1.39658
 1.50278 -4.37902  1.39702
 1.50322 -4.37612  1.39702
 1.50365 -4.37322  1.39745
 1.50408 -4.37032  1.39788
 1.50452 -4.36742  1.39832
 1.50495 -4.36452  1.39875
 1.50539 -4.36163  1.39918
 1.50582 -4.35874  1.39918
 1.50625 -4.35586  1.39962
 1.50669 -4.35297  1.40005
 1.50712 -4.35009  1.40048
 1.50755 -4.34721  1.40092
 1.50799 -4.34434  1.40092
 1.50842 -4.34146  1.40135
 1.50885 -4.33859  1.40178
 1.50929 -4.33572  1.40222
 1.50972 -4.33285  1.40265
 1.51015 -4.32999  1.40308
 1.51059 -4.32713  1.40308
 1.51102 -4.32427  1.40352
 1.51145 -4.32141  1.40395
 1.51189 -4.31856  1.40438
 1.51232 -4.31571  1.40482
 1.51275 -4.31286  1.40525
 1.51319 -4.31001  1.40525
 1.51362 -4.30717  1.40569
 1.51405 -4.30433  1.40612
 1.51449 -4.30149  1.40655
 1.51492 -4.29865  1.40699
 1.51536 -4.29582  1.40699
 1.51579 -4.29299  1.40742
 1.51622 -4.29016  1.40785
 1.51666 -4.28733  1.40829
 1.51709  -4.2845  1.40872
 1.51752 -4.28168  1.40915
 1.51796 -4.27886  1.40915
 1.51839 -4.27605  1.40959
 1.51882 -4.27323  1.41002
 1.51926 -4.27042  1.41045
 1.51969 -4.26761  1.41089
 1.52012  -4.2648  1.41132
 1.52056   -4.262  1.41132
 1.52099  -4.2592  1.41175
 1.52142  -4.2564  1.41219
 1.52186  -4.2536  1.41262
 1.52229  -4.2508  1.41305
 1.52272 -4.24801  1.41305
 1.52316 -4.24522  1.41349
 1.52359 -4.24243  1.41392
 1.52402 -4.23965  1.41435
 1.52446 -4.23686  1.41479
 1.52489 -4.23408  1.41522
 1.52533 -4.23131  1.41522
 1.52576 -4.22853  1.41566
 1.52619 -4.22576  1.41609
 1.52663 -4.22299  1.41652
 1.52706 -4.22022  1.41696
 1.52749 -4.21745  1.41696
 1.52793 -4.21469  1.41739
 1.52836 -4.21193  1.41782
 1.52879 -4.20917  1.41826
 1.52923 -4.20641  1.41869
 1.52966 -4.20366  1.41912
 1.53009 -4.20091  1.41912
 1.53053 -4.19816  1.41956
 1.53096 -4.19541  1.41999
 1.53139 -4.19266  1.42042
 1.53183 -4.18992  1.42086
 1.53226 -4.18718  1.42129
 1.53269 -4.18444  1.42129
 1.53313 -4.18171  1.42172
 1.53356 -4.17898  1.42216
 1.53399 -4.17625  1.42259
 1.53443 -4.17352  1.42302
 1.53486 -4.17079  1.42302
  1.5353 -4.16807  1.42346
 1.53573 -4.16535  1.42389
 1.53616 -4.16263  1.42432
  1.5366 -4.15991  1.42476
 1.53703  -4.1572  1.42519
 1.53746 -4.15449  1.42519
  1.5379 -4.15178  1.42563
 1.53833 -4.14907  1.42606
 1.53876 -4.14636  1.42649
  1.5392 -4.14366  1.42693
 1.53963 -4.14096  1.42736
 1.54006 -4.13827  1.42736
  1.5405 -4.13557  1.42779
 1.54093 -4.13288  1.42823
 1.54136 -4.13019  1.42866
  1.5418  -4.1275  1.42909
 1.54223 -4.12481  1.42909
 1.54266 -4.12213  1.42953
  1.5431 -4.11944  1.42996
 1.54353 -4.11677  1.43039
 1.54396 -4.11409  1.43083
  1.5444 -4.11142  1.43126
 1.54483 -4.10874  1.43126
 1.54527 -4.10607  1.43169
  1.5457  -4.1034  1.43213
 1.54613 -4.10074  1.43256
 1.54657 -4.09808  1.43299
   1.547 -4.09542  1.43343
 1.54743 -4.09276  1.43343
 1.54787  -4.0901  1.43386
  1.5483 -4.08745  1.43429
 1.54873 -4.08479  1.43473
 1.54917 -4.08214  1.43516
  1.5496  -4.0795  1.43516
 1.55003 -4.07685   1.4356
 1.55047 -4.07421  1.43603
  1.5509 -4.07157  1.43646
 1.55133 -4.06893   1.4369
 1.55177 -4.06629  1.43733
  1.5522 -4.06366  1.43733
 1.55263 -4.06103  1.43776
 1.55307  -4.0584   1.4382
  1.5535 -4.05577  1.43863
 1.55393 -4.05315  1.43906
 1.55437 -4.05053  1.43906
  1.5548 -4.04791   1.4395
 1.55524 -4.04529  1.43993
 1.55567 -4.04267  1.44036
  1.5561 -4.04006   1.4408
 1.55654 -4.03745  1.44123
 1.55697 -4.03484  1.44123
  1.5574 -4.03223  1.44166
 1.55784 -4.02963   1.4421
 1.55827 -4.02702  1.44253
  1.5587 -4.02442  1.44296
 1.55914 -4.02183  1.44296
 1.55957 -4.01923   1.4434
    1.56 -4.01664  1.44383
 1.56044 -4.01404  1.44426
 1.56087 -4.01146   1.4447
  1.5613 -4.00887  1.44513
 1.56174 -4.00628  1.44513
 1.56217  -4.0037  1.44557
  1.5626 -4.00112    1.446
 1.56304 -3.99854  1.44643
 1.56347 -3.99597  1.44687
  1.5639 -3.99339   1.4473
 1.56434 -3.99082   1.4473
 1.56477 -3.98825  1.44773
 1.56521 -3.98568  1.44817
 1.56564 -3.98312   1.4486
 1.56607 -3.98056  1.44903
 1.56651   -3.978  1.44903
 1.56694 -3.97544  1.44947
 1.56737 -3.97288   1.4499
 1.56781 -3.97033  1.45033
 1.56824 -3.96777  1.45077
 1.56867 -3.96522   1.4512
 1.56911 -3.96268   1.4512
 1.56954 -3.96013  1.45163
 1.56997 -3.95759  1.45207
 1.57041 -3.95505   1.4525
 1.57084 -3.95251  1.45293
 1.57127 -3.94997  1.45337
 1.57171 -3.94744  1.45337
 1.57214  -3.9449   1.4538
 1.57257 -3.94237  1.45423
 1.57301 -3.93984  1.45467
 1.57344 -3.93732   1.4551
 1.57387 -3.93479   1.4551
 1.57431 -3.93227  1.45554
 1.57474 -3.92975  1.45597
 1.57518 -3.92723   1.4564
 1.57561 -3.92472  1.45684
 1.57604 -3.92221  1.45727
 1.57648 -3.91969  1.45727
 1.57691 -3.91718   1.4577
 1.57734 -3.91468  1.45814
 1.57778 -3.91217  1.45857
 1.57821 -3.90967    1.459
 1.57864 -3.90717    1.459
 1.57908 -3.90467  1.45944
 1.57951 -3.90217  1.45987
 1.57994 -3.89968   1.4603
 1.58038 -3.89719  1.46074
 1.58081  -3.8947  1.46117
 1.58124 -3.89221  1.46117
 1.58168 -3.88972   1.4616
 1.58211 -3.88724  1.46204
 1.58254 -3.88476  1.46247
 1.58298 -3.88228   1.4629
 1.58341  -3.8798  1.46334
 1.58384 -3.87732  1.46334
 1.58428 -3.87485  1.46377
 1.58471 -3.87238   1.4642
 1.58515 -3.86991  1.46464
 1.58558 -3.86744  1.46507
 1.58601 -3.86498  1.46507
 1.58645 -3.86251  1.46551
 1.58688 -3.86005  1.46594
 1.58731 -3.85759  1.46637
 1.58775 -3.85514  1.46681
 1.58818 -3.85268  1.46724
 1.58861 -3.85023  1.46724
 1.58905 -3.84778  1.46767
 1.58948 -3.84533  1.46811
 1.58991 -3.84288  1.46854
 1.59035 -3.84044  1.46897
 1.59078   -3.838  1.46897
 1.59121 -3.83556  1.46941
 1.59165 -3.83312  1.46984
 1.59208 -3.83068  1.47027
 1.59251 -3.82825  1.47071
 1.59295 -3.82581  1.47114
 1.59338 -3.82338  1.47114
 1.59381 -3.82096  1.47157
 1.59425 -3.81853  1.47201
 1.59468 -3.81611  1.47244
 1.59512 -3.81368  1.47287
 1.59555 -3.81126  1.47287
 1.59598 -3.80885  1.47331
 1.59642 -3.80643  1.47374
 1.59685 -3.80401  1.47417
 1.59728  -3.8016  1.47461
 1.59772 -3.79919  1.47504
 1.59815 -3.79679  1.47504
 1.59858 -3.79438  1.47548
 1.59902 -3.79197  1.47591
 1.59945 -3.78957  1.47634
 1.59988 -3.78717  1.47678
 1.60032 -3.78478  1.47721
 1.60075 -3.78238  1.47721
 1.60118 -3.77998  1.47764
 1.60162 -3.77759  1.47808
 1.60205  -3.7752  1.47851
 1.60248 -3.77282  1.47894
 1.60292 -3.77043  1.47894
 1.60335 -3.76804  1.47938
 1.60378 -3.76566  1.47981
 1.60422 -3.76328  1.48024
 1.60465  -3.7609  1.48068
 1.60509 -3.75853  1.48111
 1.60552 -3.75615  1.48111
 1.60595 -3.75378  1.48154
 1.60639 -3.75141  1.48198
 1.60682 -3.74904  1.48241
 1.60725 -3.74668  1.48284
 1.60769 -3.74431  1.48284
 1.60812 -3.74195  1.48328
 1.60855 -3.73959  1.48371
 1.60899 -3.73723  1.48414
 1.60942 -3.73488  1.48458
 1.60985 -3.73252  1.48501
 1.61029 -3.73017  1.48501
 1.61072 -3.72782  1.48545
 1.61115 -3.72547  1.48588
 1.61159 -3.72312  1.48631
 1.61202 -3.72078  1.48675
 1.61245 -3.71844  1.48718
 1.61289  -3.7161  1.48718
 1.61332 -3.71376  1.48761
 1.61375 -3.71142  1.48805
 1.61419 -3.70908  1.48848
 1.61462 -3.70675  1.48891
 1.61506 -3.70442  1.48891
 1.61549 -3.70209  1.48935
 1.61592 -3.69976  1.48978
 1.61636 -3.69744  1.49021
 1.61679 -3.69512  1.49065
 1.61722 -3.69279  1.49108
 1.61766 -3.69047  1.49108
 1.61809 -3.68816  1.49151
 1.61852 -3.68584  1.49195
 1.61896 -3.68353  1.49238
 1.61939 -3.68122  1.49281
 1.61982 -3.67891  1.49281
 1.62026  -3.6766  1.49325
 1.62069 -3.67429  1.49368
 1.62112 -3.67199  1.49411
 1.62156 -3.66968  1.49455
 1.62199 -3.66738  1.49498
 1.62242 -3.66509  1.49498
 1.62286 -3.66279  1.49542
 1.62329 -3.66049  1.49585
 1.62372  -3.6582  1.49628
 1.62416 -3.65591  1.49672
 1.62459 -3.65362  1.49672
 1.62503 -3.65133  1.49715
 1.62546 -3.64905  1.49758
 1.62589 -3.64677  1.49802
 1.62633 -3.64448  1.49845
 1.62676  -3.6422  1.49888
 1.62719 -3.63993  1.49888
 1.62763 -3.63765  1.49932
 1.62806 -3.63538  1.49975
 1.62849  -3.6331  1.50018
 1.62893 -3.63083  1.50062
 1.62936 -3.62857  1.50105
 1.62979  -3.6263  1.50105
 1.63023 -3.62403  1.50148
 1.63066 -3.62177  1.50192
 1.63109 -3.61951  1.50235
 1.63153 -3.61725  1.50278
 1.63196 -3.61499  1.50278
 1.63239 -3.61274  1.50322
 1.63283 -3.61049  1.50365
 1.63326 -3.60823  1.50408
 1.63369 -3.60598  1.50452
 1.63413 -3.60374  1.50495
 1.63456 -3.60149  1.50495
 1.63499 -3.59925  1.50539
 1.63543   -3.597  1.50582
 1.63586 -3.59476  1.50625
  1.6363 -3.59252  1.50669
 1.63673 -3.59029  1.50669
 1.63716 -3.58805  1.50712
  1.6376 -3.58582  1.50755
 1.63803 -3.58359  1.50799
 1.63846 -3.58136  1.50842
  1.6389 -3.57913  1.50885
 1.63933  -3.5769  1.50885
 1.63976 -3.57468  1.50929
  1.6402 -3.57246  1.50972
 1.64063 -3.57024  1.51015
 1.64106 -3.56802  1.51059
  1.6415  -3.5658  1.51059
 1.64193 -3.56359  1.51102
 1.64236 -3.56137  1.51145
  1.6428 -3.55916  1.51189
 1.64323 -3.55695  1.51232
 1.64366 -3.55474  1.51275
  1.6441 -3.55254  1.51275
 1.64453 -3.55033  1.51319
 1.64496 -3.54813  1.51362
  1.6454 -3.54593  1.51405
 1.64583 -3.54373  1.51449
 1.64627 -3.54154  1.51449
  1.6467 -3.53934  1.51492
 1.64713 -3.53715  1.51536
 1.64757 -3.53495  1.51579
   1.648 -3.53276  1.51622
 1.64843 -3.53058  1.51666
 1.64887 -3.52839  1.51666
  1.6493 -3.52621  1.51709
 1.64973 -3.52402  1.51752
 1.65017 -3.52184  1.51796
  1.6506 -3.51966  1.51839
 1.65103 -3.51749  1.51882
 1.65147 -3.51531  1.51882
  1.6519 -3.51314  1.51926
 1.65233 -3.51096  1.51969
 1.65277 -3.50879  1.52012
  1.6532 -3.50663  1.52056
 1.65363 -3.50446  1.52099
 1.65407 -3.50229  1.52099
  1.6545 -3.50013  1.52142
 1.65493 -3.49797  1.52186
 1.65537 -3.49581  1.52229
  1.6558 -3.49365  1.52272
 1.65624 -3.49149  1.52272
 1.65667 -3.48934  1.52316
  1.6571 -3.48719  1.52359
 1.65754 -3.48504  1.52402
 1.65797 -3.48289  1.52446
  1.6584 -3.48074  1.52489
 1.65884 -3.47859  1.52489
 1.65927 -3.47645  1.52533
  1.6597 -3.47431  1.52576
 1.66014 -3.47217  1.52619
 1.66057 -3.47003  1.52663
   1.661 -3.46789  1.52663
 1.66144 -3.46575  1.52706
 1.66187 -3.46362  1.52749
  1.6623 -3.46149  1.52793
 1.66274 -3.45936  1.52836
 1.66317 -3.45723  1.52836
  1.6636  -3.4551  1.52879
 1.66404 -3.45298  1.52923
 1.66447 -3.45086  1.52966
  1.6649 -3.44873  1.53009
 1.66534 -3.44661  1.53053
 1.66577  -3.4445  1.53053
 1.66621 -3.44238  1.53096
 1.66664 -3.44027  1.53139
 1.66707 -3.43815  1.53183
 1.66751 -3.43604  1.53226
 1.66794 -3.43393  1.53226
 1.66837 -3.43182  1.53269
 1.66881 -3.42972  1.53313
 1.66924 -3.42761  1.53356
 1.66967 -3.42551  1.53399
 1.67011 -3.42341  1.53443
 1.67054 -3.42131  1.53443
 1.67097 -3.41921  1.53486
 1.67141 -3.41712   1.5353
 1.67184 -3.41502  1.53573
 1.67227 -3.41293  1.53616
 1.67271 -3.41084   1.5366
 1.67314 -3.40875   1.5366
 1.67357 -3.40666  1.53703
 1.67401 -3.40458  1.53746
 1.67444 -3.40249   1.5379
 1.67487 -3.40041  1.53833
 1.67531 -3.39833  1.53833
 1.67574 -3.39625  1.53876
 1.67618 -3.39417   1.5392
 1.67661  -3.3921  1.53963
 1.67704 -3.39002  1.54006
 1.67748 -3.38795   1.5405
 1.67791 -3.38588   1.5405
 1.67834 -3.38381  1.54093
 1.67878 -3.38174  1.54136
 1.67921 -3.37968   1.5418
 1.67964 -3.37761  1.54223
 1.68008 -3.37555  1.54223
 1.68051 -3.37349  1.54266
 1.68094 -3.37143   1.5431
 1.68138 -3.36937  1.54353
 1.68181 -3.36732  1.54396
 1.68224 -3.36526   1.5444
 1.68268 -3.36321   1.5444
 1.68311 -3.36116  1.54483
 1.68354 -3.35911  1.54527
 1.68398 -3.35706   1.5457
 1.68441 -3.35502  1.54613
 1.68484 -3.35297  1.54613
 1.68528 -3.35093  1.54657
 1.68571 -3.34889    1.547
 1.68615 -3.34685  1.54743
 1.68658 -3.34481  1.54787
 1.68701 -3.34277   1.5483
 1.68745 -3.34074   1.5483
 1.68788 -3.33871  1.54873
 1.68831 -3.33667  1.54917
 1.68875 -3.33464   1.5496
 1.68918 -3.33262  1.55003
 1.68961 -3.33059  1.55003
 1.69005 -3.32857  1.55047
 1.69048 -3.32654   1.5509
 1.69091 -3.32452  1.55133
 1.69135  -3.3225  1.55177
 1.69178 -3.32048   1.5522
 1.69221 -3.31847   1.5522
 1.69265 -3.31645  1.55263
 1.69308 -3.31444  1.55307
 1.69351 -3.31243   1.5535
 1.69395 -3.31042  1.55393
 1.69438 -3.30841  1.55437
 1.69481  -3.3064  1.55437
 1.69525 -3.30439   1.5548
 1.69568 -3.30239  1.55524
 1.69612 -3.30039  1.55567
 1.69655 -3.29839   1.5561
 1.69698 -3.29639   1.5561
 1.69742 -3.29439  1.55654
 1.69785 -3.29239  1.55697
 1.69828  -3.2904   1.5574
 1.69872 -3.28841  1.55784
 1.69915 -3.28642  1.55827
 1.69958 -3.28443  1.55827
 1.70002 -3.28244   1.5587
 1.70045 -3.28045  1.55914
 1.70088 -3.27847  1.55957
 1.70132 -3.27648     1.56
 1.70175  -3.2745     1.56
 1.70218 -3.27252  1.56044
 1.70262 -3.27054  1.56087
 1.70305 -3.26857   1.5613
 1.70348 -3.26659  1.56174
 1.70392 -3.26462  1.56217
 1.70435 -3.26265  1.56217
 1.70478 -3.26067   1.5626
 1.70522 -3.25871  1.56304
 1.70565 -3.25674  1.56347
 1.70609 -3.25477   1.5639
 1.70652 -3.25281   1.5639
 1.70695 -3.25084  1.56434
 1.70739 -3.24888  1.56477
 1.70782 -3.24692  1.56521
 1.70825 -3.24497  1.56564
 1.70869 -3.24301  1.56607
 1.70912 -3.24105  1.56607
 1.70955  -3.2391  1.56651
 1.70999 -3.23715  1.56694
 1.71042  -3.2352  1.56737
 1.71085 -3.23325  1.56781
 1.71129  -3.2313  1.56781
 1.71172 -3.22936  1.56824
 1.71215 -3.22741  1.56867
 1.71259 -3.22547  1.56911
 1.71302 -3.22353  1.56954
 1.71345 -3.22159  1.56997
 1.71389 -3.21965  1.56997
 1.71432 -3.21771  1.57041
 1.71475 -3.21578  1.57084
 1.71519 -3.21384  1.57127
 1.71562 -3.21191  1.57171
 1.71606 -3.20998  1.57171
 1.71649 -3.20805  1.57214
 1.71692 -3.20613  1.57257
 1.71736  -3.2042  1.57301
 1.71779 -3.20228  1.57344
 1.71822 -3.20035  1.57387
 1.71866 -3.19843  1.57387
 1.71909 -3.19651  1.57431
 1.71952 -3.19459  1.57474
 1.71996 -3.19268  1.57518
 1.72039 -3.19076  1.57561
 1.72082 -3.18885  1.57561
 1.72126 -3.18694  1.57604
 1.72169 -3.18502  1.57648
 1.72212 -3.18311  1.57691
 1.72256 -3.18121  1.57734
 1.72299  -3.1793  1.57778
 1.72342  -3.1774  1.57778
 1.72386 -3.17549  1.57821
 1.72429 -3.17359  1.57864
 1.72472 -3.17169  1.57908
 1.72516 -3.16979  1.57951
 1.72559  -3.1679  1.57994
 1.72603   -3.166  1.57994
 1.72646  -3.1641  1.58038
 1.72689 -3.16221  1.58081
 1.72733 -3.16032  1.58124
 1.72776 -3.15843  1.58168
 1.72819 -3.15654  1.58168
 1.72863 -3.15466  1.58211
 1.72906 -3.15277  1.58254
 1.72949 -3.15089  1.58298
 1.72993   -3.149  1.58341
 1.73036 -3.14712  1.58384
 1.73079 -3.14524  1.58384
 1.73123 -3.14337  1.58428
 1.73166 -3.14149  1.58471
 1.73209 -3.13961  1.58515
 1.73253 -3.13774  1.58558
 1.73296 -3.13587  1.58558
 1.73339   -3.134  1.58601
 1.73383 -3.13213  1.58645
 1.73426 -3.13026  1.58688
 1.73469 -3.12839  1.58731
 1.73513 -3.12653  1.58775
 1.73556 -3.12467  1.58775
   1.736  -3.1228  1.58818
 1.73643 -3.12094  1.58861
 1.73686 -3.11909  1.58905
  1.7373 -3.11723  1.58948
 1.73773 -3.11537  1.58948
 1.73816 -3.11352  1.58991
  1.7386 -3.11166  1.59035
 1.73903 -3.10981  1.59078
 1.73946 -3.10796  1.59121
  1.7399 -3.10611  1.59165
 1.74033 -3.10427  1.59165
 1.74076 -3.10242  1.59208
  1.7412 -3.10058  1.59251
 1.74163 -3.09873  1.59295
 1.74206 -3.09689  1.59338
  1.7425 -3.09505  1.59338
 1.74293 -3.09321  1.59381
 1.74336 -3.09137  1.59425
  1.7438 -3.08954  1.59468
 1.74423  -3.0877  1.59512
 1.74466 -3.08587  1.59555
  1.7451 -3.08404  1.59555
 1.74553 -3.08221  1.59598
 1.74597 -3.08038  1.59642
  1.7464 -3.07855  1.59685
 1.74683 -3.07673  1.59728
 1.74727  -3.0749  1.59728
  1.7477 -3.07308  1.59772
 1.74813 -3.07126  1.59815
 1.74857 -3.06944  1.59858
   1.749 -3.06762  1.59902
 1.74943  -3.0658  1.59945
 1.74987 -3.06399  1.59945
  1.7503 -3.06217  1.59988
 1.75073 -3.06036  1.60032
 1.75117 -3.05855  1.60075
  1.7516 -3.05674  1.60118
 1.75203 -3.05493  1.60118
 1.75247 -3.05312  1.60162
  1.7529 -3.05132  1.60205
 1.75333 -3.04951  1.60248
 1.75377 -3.04771  1.60292
  1.7542 -3.04591  1.60335
 1.75463 -3.04411  1.60335
 1.75507 -3.04231  1.60378
  1.7555 -3.04051  1.60422
 1.75594 -3.03871  1.60465
 1.75637 -3.03692  1.60509
  1.7568 -3.03512  1.60509
 1.75724 -3.03333  1.60552
 1.75767 -3.03154  1.60595
  1.7581 -3.02975  1.60639
 1.75854 -3.02796  1.60682
 1.75897 -3.02618  1.60725
  1.7594 -3.02439  1.60725
 1.75984 -3.02261  1.60769
 1.76027 -3.02083  1.60812
  1.7607 -3.01905  1.60855
 1.76114 -3.01727  1.60899
 1.76157 -3.01549  1.60899
   1.762 -3.01371  1.60942
 1.76244 -3.01193  1.60985
 1.76287 -3.01016  1.61029
  1.7633 -3.00839  1.61072
 1.76374 -3.00662  1.61115
 1.76417 -3.00485  1.61115
  1.7646 -3.00308  1.61159
 1.76504 -3.00131  1.61202
 1.76547 -2.99954  1.61245
 1.76591 -2.99778  1.61289
 1.76634 -2.99602  1.61289
 1.76677 -2.99426  1.61332
 1.76721 -2.99249  1.61375
 1.76764 -2.99074  1.61419
 1.76807 -2.98898  1.61462
 1.76851 -2.98722  1.61506
 1.76894 -2.98547  1.61506
 1.76937 -2.98371  1.61549
 1.76981 -2.98196  1.61592
 1.77024 -2.98021  1.61636
 1.77067 -2.97846  1.61679
 1.77111 -2.97671  1.61679
 1.77154 -2.97497  1.61722
 1.77197 -2.97322  1.61766
 1.77241 -2.97147  1.61809
 1.77284 -2.96973  1.61852
 1.77327 -2.96799  1.61896
 1.77371 -2.96625  1.61896
 1.77414 -2.96451  1.61939
 1.77457 -2.96277  1.61982
 1.77501 -2.96104  1.62026
 1.77544  -2.9593  1.62069
 1.77588 -2.95757  1.62069
 1.77631 -2.95584  1.62112
 1.77674 -2.95411  1.62156
 1.77718 -2.95238  1.62199
 1.77761 -2.95065  1.62242
 1.77804 -2.94892  1.62286
 1.77848  -2.9472  1.62286
 1.77891 -2.94547  1.62329
 1.77934 -2.94375  1.62372
 1.77978 -2.94203  1.62416
 1.78021 -2.94031  1.62459
 1.78064 -2.93859  1.62459
 1.78108 -2.93687  1.62503
 1.78151 -2.93515  1.62546
 1.78194 -2.93344  1.62589
 1.78238 -2.93173  1.62633
 1.78281 -2.93001  1.62676
 1.78324  -2.9283  1.62676
 1.78368 -2.92659  1.62719
 1.78411 -2.92488  1.62763
 1.78454 -2.92318  1.62806
 1.78498 -2.92147  1.62849
 1.78541 -2.91977  1.62849
 1.78585 -2.91806  1.62893
 1.78628 -2.91636  1.62936
 1.78671 -2.91466  1.62979
 1.78715 -2.91296  1.63023
 1.78758 -2.91126  1.63066
 1.78801 -2.90957  1.63066
 1.78845 -2.90787  1.63109
 1.78888 -2.90618  1.63153
 1.78931 -2.90449  1.63196
 1.78975 -2.90279  1.63239
 1.79018  -2.9011  1.63239
 1.79061 -2.89941  1.63283
 1.79105 -2.89773  1.63326
 1.79148 -2.89604  1.63369
 1.79191 -2.89436  1.63413
 1.79235 -2.89267  1.63456
 1.79278 -2.89099  1.63456
 1.79321 -2.88931  1.63499
 1.79365 -2.88763  1.63543
 1.79408 -2.88595  1.63586
 1.79451 -2.88427   1.6363
 1.79495  -2.8826   1.6363
 1.79538 -2.88092  1.63673
 1.79582 -2.87925  1.63716
 1.79625 -2.87758   1.6376
 1.79668 -2.87591  1.63803
 1.79712 -2.87424  1.63846
 1.79755 -2.87257  1.63846
 1.79798  -2.8709   1.6389
 1.79842 -2.86923  1.63933
 1.79885 -2.86757  1.63976
 1.79928 -2.86591   1.6402
 1.79972 -2.86424   1.6402
 1.80015 -2.86258  1.64063
 1.80058 -2.86092  1.64106
 1.80102 -2.85927   1.6415
 1.80145 -2.85761  1.64193
 1.80188 -2.85595  1.64236
 1.80232  -2.8543  1.64236
 1.80275 -2.85265   1.6428
 1.80318 -2.85099  1.64323
 1.80362 -2.84934  1.64366
 1.80405 -2.84769   1.6441
 1.80448 -2.84605   1.6441
 1.80492  -2.8444  1.64453
 1.80535 -2.84275  1.64496
 1.80579 -2.84111   1.6454
 1.80622 -2.83946  1.64583
 1.80665 -2.83782  1.64627
 1.80709 -2.83618  1.64627
 1.80752 -2.83454   1.6467
 1.80795  -2.8329  1.64713
 1.80839 -2.83127  1.64757
 1.80882 -2.82963    1.648
 1.80925   -2.828    1.648
 1.80969 -2.82636  1.64843
 1.81012 -2.82473  1.64887
 1.81055  -2.8231   1.6493
 1.81099 -2.82147  1.64973
 1.81142 -2.81984  1.65017
 1.81185 -2.81822  1.65017
 1.81229 -2.81659   1.6506
 1.81272 -2.81497  1.65103
 1.81315 -2.81334  1.65147
 1.81359 -2.81172   1.6519
 1.81402  -2.8101   1.6519
 1.81445 -2.80848  1.65233
 1.81489 -2.80686  1.65277
 1.81532 -2.80524   1.6532
 1.81576 -2.80363  1.65363
 1.81619 -2.80201  1.65407
 1.81662  -2.8004  1.65407
 1.81706 -2.79879   1.6545
 1.81749 -2.79718  1.65493
 1.81792 -2.79557  1.65537
 1.81836 -2.79396   1.6558
 1.81879 -2.79235   1.6558
 1.81922 -2.79074  1.65624
 1.81966 -2.78914  1.65667
 1.82009 -2.78753   1.6571
 1.82052 -2.78593  1.65754
 1.82096 -2.78433  1.65797
 1.82139 -2.78273  1.65797
 1.82182 -2.78113   1.6584
 1.82226 -2.77953  1.65884
 1.82269 -2.77794  1.65927
 1.82312 -2.77634   1.6597
 1.82356 -2.77475   1.6597
 1.82399 -2.77315  1.66014
 1.82442 -2.77156  1.66057
 1.82486 -2.76997    1.661
 1.82529 -2.76838  1.66144
 1.82573 -2.76679  1.66144
 1.82616 -2.76521  1.66187
 1.82659 -2.76362   1.6623
 1.82703 -2.76203  1.66274
 1.82746 -2.76045  1.66317
 1.82789 -2.75887   1.6636
 1.82833 -2.75729   1.6636
 1.82876 -2.75571  1.66404
 1.82919 -2.75413  1.66447
 1.82963 -2.75255   1.6649
 1.83006 -2.75098  1.66534
 1.83049  -2.7494  1.66577
 1.83093 -2.74783  1.66577
 1.83136 -2.74625  1.66621
 1.83179 -2.74468  1.66664
 1.83223 -2.74311  1.66707
 1.83266 -2.74154  1.66751
 1.83309 -2.73998  1.66751
 1.83353 -2.73841  1.66794
 1.83396 -2.73684  1.66837
 1.83439 -2.73528  1.66881
 1.83483 -2.73371  1.66924
 1.83526 -2.73215  1.66967
  1.8357 -2.73059  1.66967
 1.83613 -2.72903  1.67011
 1.83656 -2.72747  1.67054
   1.837 -2.72591  1.67097
 1.83743 -2.72436  1.67141
 1.83786  -2.7228  1.67141
  1.8383 -2.72125  1.67184
 1.83873  -2.7197  1.67227
 1.83916 -2.71814  1.67271
  1.8396 -2.71659  1.67314
 1.84003 -2.71504  1.67357
 1.84046  -2.7135  1.67357
  1.8409 -2.71195  1.67401
 1.84133  -2.7104  1.67444
 1.84176 -2.70886  1.67487
  1.8422 -2.70732  1.67531
 1.84263 -2.70577  1.67531
 1.84306 -2.70423  1.67574
  1.8435 -2.70269  1.67618
 1.84393 -2.70115  1.67661
 1.84436 -2.69961  1.67704
  1.8448 -2.69808  1.67704
 1.84523 -2.69654  1.67748
 1.84567 -2.69501  1.67791
  1.8461 -2.69347  1.67834
 1.84653 -2.69194  1.67878
 1.84697 -2.69041  1.67921
  1.8474 -2.68888  1.67921
 1.84783 -2.68735  1.67964
 1.84827 -2.68582  1.68008
  1.8487  -2.6843  1.68051
 1.84913 -2.68277  1.68094
 1.84957 -2.68125  1.68094
    1.85 -2.67973  1.68138