 kgrid  ValNew  Policy 
    0.55 -42.3898 0.603318
0.550433 -42.3422 0.603751
0.550867 -42.2948 0.604185
  0.5513 -42.2474 0.604618
0.551734 -42.2002 0.605052
0.552167  -42.153 0.605485
0.552601 -42.1059 0.605919
0.553034 -42.0589 0.605919
0.553468 -42.0119 0.606352
0.553901 -41.9651 0.606786
0.554335 -41.9183 0.607219
0.554768 -41.8716 0.607653
0.555202  -41.825 0.608086
0.555635 -41.7785  0.60852
0.556069 -41.7321 0.608953
0.556502 -41.6858 0.609386
0.556936 -41.6395 0.609386
0.557369 -41.5933  0.60982
0.557803 -41.5472 0.610253
0.558236 -41.5012 0.610687
 0.55867 -41.4553  0.61112
0.559103 -41.4094 0.611554
0.559537 -41.3636 0.611987
 0.55997 -41.3179 0.612421
0.560403 -41.2723 0.612854
0.560837 -41.2268 0.613288
 0.56127 -41.1813 0.613288
0.561704 -41.1359 0.613721
0.562137 -41.0906 0.614155
0.562571 -41.0454 0.614588
0.563004 -41.0003 0.615022
0.563438 -40.9552 0.615455
0.563871 -40.9102 0.615889
0.564305 -40.8653 0.616322
0.564738 -40.8205 0.616756
0.565172 -40.7757 0.616756
0.565605  -40.731 0.617189
0.566039 -40.6864 0.617623
0.566472 -40.6419 0.618056
0.566906 -40.5974 0.618489
0.567339 -40.5531 0.618923
0.567773 -40.5088 0.619356
0.568206 -40.4646  0.61979
 0.56864 -40.4204 0.620223
0.569073 -40.3764 0.620657
0.569507 -40.3324 0.620657
 0.56994 -40.2884  0.62109
0.570373 -40.2446 0.621524
0.570807 -40.2008 0.621957
 0.57124 -40.1571 0.622391
0.571674 -40.1135 0.622824
0.572107   -40.07 0.623258
0.572541 -40.0265 0.623691
0.572974 -39.9831 0.624125
0.573408 -39.9398 0.624558
0.573841 -39.8965 0.624558
0.574275 -39.8534 0.624992
0.574708 -39.8102 0.625425
0.575142 -39.7672 0.625859
0.575575 -39.7243 0.626292
0.576009 -39.6814 0.626726
0.576442 -39.6385 0.627159
0.576876 -39.5958 0.627593
0.577309 -39.5531 0.628026
0.577743 -39.5105 0.628459
0.578176  -39.468 0.628459
 0.57861 -39.4255 0.628893
0.579043 -39.3831 0.629326
0.579476 -39.3408  0.62976
 0.57991 -39.2985 0.630193
0.580343 -39.2563 0.630627
0.580777 -39.2142  0.63106
 0.58121 -39.1722 0.631494
0.581644 -39.1302 0.631927
0.582077 -39.0883 0.632361
0.582511 -39.0464 0.632361
0.582944 -39.0046 0.632794
0.583378 -38.9629 0.633228
0.583811 -38.9213 0.633661
0.584245 -38.8797 0.634095
0.584678 -38.8382 0.634528
0.585112 -38.7967 0.634962
0.585545 -38.7554 0.635395
0.585979 -38.7141 0.635829
0.586412 -38.6728 0.636262
0.586846 -38.6317 0.636696
0.587279 -38.5905 0.636696
0.587713 -38.5495 0.637129
0.588146 -38.5085 0.637563
 0.58858 -38.4676 0.637996
0.589013 -38.4268 0.638429
0.589446  -38.386 0.638863
 0.58988 -38.3453 0.639296
0.590313 -38.3046  0.63973
0.590747  -38.264 0.640163
 0.59118 -38.2235 0.640597
0.591614 -38.1831 0.640597
0.592047 -38.1427  0.64103
0.592481 -38.1024 0.641464
0.592914 -38.0621 0.641897
0.593348 -38.0219 0.642331
0.593781 -37.9818 0.642764
0.594215 -37.9417 0.643198
0.594648 -37.9017 0.643631
0.595082 -37.8618 0.644065
0.595515 -37.8219 0.644498
0.595949 -37.7821 0.644932
0.596382 -37.7423 0.644932
0.596816 -37.7026 0.645365
0.597249  -37.663 0.645799
0.597683 -37.6234 0.646232
0.598116 -37.5839 0.646666
 0.59855 -37.5445 0.647099
0.598983 -37.5051 0.647533
0.599416 -37.4658 0.647966
 0.59985 -37.4266 0.648399
0.600283 -37.3874 0.648833
0.600717 -37.3483 0.649266
 0.60115 -37.3092 0.649266
0.601584 -37.2702   0.6497
0.602017 -37.2312 0.650133
0.602451 -37.1923 0.650567
0.602884 -37.1535    0.651
0.603318 -37.1147 0.651434
0.603751  -37.076 0.651867
0.604185 -37.0374 0.652301
0.604618 -36.9988 0.652734
0.605052 -36.9603 0.653168
0.605485 -36.9219 0.653601
0.605919 -36.8834 0.653601
0.606352 -36.8451 0.654035
0.606786 -36.8068 0.654468
0.607219 -36.7686 0.654902
0.607653 -36.7304 0.655335
0.608086 -36.6923 0.655769
 0.60852 -36.6543 0.656202
0.608953 -36.6163 0.656636
0.609386 -36.5783 0.657069
 0.60982 -36.5405 0.657503
0.610253 -36.5027 0.657936
0.610687 -36.4649 0.657936
 0.61112 -36.4272 0.658369
0.611554 -36.3896 0.658803
0.611987  -36.352 0.659236
0.612421 -36.3145  0.65967
0.612854  -36.277 0.660103
0.613288 -36.2396 0.660537
0.613721 -36.2022  0.66097
0.614155 -36.1649 0.661404
0.614588 -36.1277 0.661837
0.615022 -36.0906 0.662271
0.615455 -36.0534 0.662271
0.615889 -36.0164 0.662704
0.616322 -35.9793 0.663138
0.616756 -35.9424 0.663571
0.617189 -35.9055 0.664005
0.617623 -35.8686 0.664438
0.618056 -35.8319 0.664872
0.618489 -35.7951 0.665305
0.618923 -35.7585 0.665739
0.619356 -35.7219 0.666172
 0.61979 -35.6853 0.666606
0.620223 -35.6488 0.666606
0.620657 -35.6123 0.667039
 0.62109 -35.5759 0.667472
0.621524 -35.5396 0.667906
0.621957 -35.5033 0.668339
0.622391 -35.4671 0.668773
0.622824 -35.4309 0.669206
0.623258 -35.3948  0.66964
0.623691 -35.3587 0.670073
0.624125 -35.3227 0.670507
0.624558 -35.2867  0.67094
0.624992 -35.2508  0.67094
0.625425  -35.215 0.671374
0.625859 -35.1792 0.671807
0.626292 -35.1434 0.672241
0.626726 -35.1077 0.672674
0.627159 -35.0721 0.673108
0.627593 -35.0365 0.673541
0.628026  -35.001 0.673975
0.628459 -34.9655 0.674408
0.628893 -34.9301 0.674842
0.629326 -34.8947 0.675275
 0.62976 -34.8594 0.675275
0.630193 -34.8241 0.675709
0.630627 -34.7889 0.676142
 0.63106 -34.7537 0.676576
0.631494 -34.7186 0.677009
0.631927 -34.6836 0.677442
0.632361 -34.6486 0.677876
0.632794 -34.6136 0.678309
0.633228 -34.5787 0.678743
0.633661 -34.5439 0.679176
0.634095 -34.5091  0.67961
0.634528 -34.4743  0.67961
0.634962 -34.4396 0.680043
0.635395  -34.405 0.680477
0.635829 -34.3704  0.68091
0.636262 -34.3358 0.681344
0.636696 -34.3013 0.681777
0.637129 -34.2669 0.682211
0.637563 -34.2325 0.682644
0.637996 -34.1982 0.683078
0.638429 -34.1639 0.683511
0.638863 -34.1297 0.683945
0.639296 -34.0955 0.683945
 0.63973 -34.0613 0.684378
0.640163 -34.0272 0.684812
0.640597 -33.9932 0.685245
 0.64103 -33.9592 0.685679
0.641464 -33.9253 0.686112
0.641897 -33.8914 0.686546
0.642331 -33.8575 0.686979
0.642764 -33.8238 0.687412
0.643198   -33.79 0.687846
0.643631 -33.7563 0.688279
0.644065 -33.7227 0.688279
0.644498 -33.6891 0.688713
0.644932 -33.6556 0.689146
0.645365 -33.6221  0.68958
0.645799 -33.5886 0.690013
0.646232 -33.5552 0.690447
0.646666 -33.5219  0.69088
0.647099 -33.4886 0.691314
0.647533 -33.4553 0.691747
0.647966 -33.4221 0.692181
0.648399  -33.389 0.692614
0.648833 -33.3559 0.692614
0.649266 -33.3228 0.693048
  0.6497 -33.2898 0.693481
0.650133 -33.2568 0.693915
0.650567 -33.2239 0.694348
   0.651  -33.191 0.694782
0.651434 -33.1582 0.695215
0.651867 -33.1254 0.695649
0.652301 -33.0927 0.696082
0.652734   -33.06 0.696516
0.653168 -33.0274 0.696949
0.653601 -32.9948 0.696949
0.654035 -32.9623 0.697382
0.654468 -32.9298 0.697816
0.654902 -32.8973 0.698249
0.655335 -32.8649 0.698683
0.655769 -32.8325 0.699116
0.656202 -32.8002  0.69955
0.656636  -32.768 0.699983
0.657069 -32.7358 0.700417
0.657503 -32.7036  0.70085
0.657936 -32.6715 0.701284
0.658369 -32.6394 0.701284
0.658803 -32.6074 0.701717
0.659236 -32.5754 0.702151
 0.65967 -32.5434 0.702584
0.660103 -32.5115 0.703018
0.660537 -32.4797 0.703451
 0.66097 -32.4479 0.703885
0.661404 -32.4161 0.704318
0.661837 -32.3844 0.704752
0.662271 -32.3528 0.705185
0.662704 -32.3211 0.705619
0.663138 -32.2896 0.705619
0.663571  -32.258 0.706052
0.664005 -32.2265 0.706485
0.664438 -32.1951 0.706919
0.664872 -32.1637 0.707352
0.665305 -32.1323 0.707786
0.665739  -32.101 0.708219
0.666172 -32.0698 0.708653
0.666606 -32.0385 0.709086
0.667039 -32.0074  0.70952
0.667472 -31.9762 0.709953
0.667906 -31.9452 0.709953
0.668339 -31.9141 0.710387
0.668773 -31.8831  0.71082
0.669206 -31.8521 0.711254
 0.66964 -31.8212 0.711687
0.670073 -31.7903 0.712121
0.670507 -31.7595 0.712554
 0.67094 -31.7287 0.712988
0.671374  -31.698 0.713421
0.671807 -31.6673 0.713855
0.672241 -31.6367 0.714288
0.672674  -31.606 0.714288
0.673108 -31.5755 0.714722
0.673541 -31.5449 0.715155
0.673975 -31.5145 0.715589
0.674408  -31.484 0.716022
0.674842 -31.4536 0.716455
0.675275 -31.4233 0.716889
0.675709 -31.3929 0.717322
0.676142 -31.3627 0.717756
0.676576 -31.3324 0.718189
0.677009 -31.3023 0.718623
0.677442 -31.2721 0.718623
0.677876  -31.242 0.719056
0.678309  -31.212  0.71949
0.678743 -31.1819 0.719923
0.679176  -31.152 0.720357
 0.67961  -31.122  0.72079
0.680043 -31.0921 0.721224
0.680477 -31.0623 0.721657
 0.68091 -31.0325 0.722091
0.681344 -31.0027 0.722524
0.681777  -30.973 0.722958
0.682211 -30.9433 0.722958
0.682644 -30.9136 0.723391
0.683078  -30.884 0.723825
0.683511 -30.8545 0.724258
0.683945 -30.8249 0.724692
0.684378 -30.7955 0.725125
0.684812  -30.766 0.725559
0.685245 -30.7366 0.725992
0.685679 -30.7073 0.726425
0.686112 -30.6779 0.726859
0.686546 -30.6487 0.727292
0.686979 -30.6194 0.727292
0.687412 -30.5902 0.727726
0.687846 -30.5611 0.728159
0.688279 -30.5319 0.728593
0.688713 -30.5029 0.729026
0.689146 -30.4738  0.72946
 0.68958 -30.4448 0.729893
0.690013 -30.4159 0.730327
0.690447  -30.387  0.73076
 0.69088 -30.3581 0.731194
0.691314 -30.3292 0.731627
0.691747 -30.3004 0.731627
0.692181 -30.2717 0.732061
0.692614  -30.243 0.732494
0.693048 -30.2143 0.732928
0.693481 -30.1856 0.733361
0.693915  -30.157 0.733795
0.694348 -30.1285 0.734228
0.694782 -30.0999 0.734662
0.695215 -30.0715 0.735095
0.695649  -30.043 0.735529
0.696082 -30.0146 0.735962
0.696516 -29.9862 0.735962
0.696949 -29.9579 0.736395
0.697382 -29.9296 0.736829
0.697816 -29.9013 0.737262
0.698249 -29.8731 0.737696
0.698683 -29.8449 0.738129
0.699116 -29.8168 0.738563
 0.69955 -29.7887 0.738996
0.699983 -29.7606  0.73943
0.700417 -29.7326 0.739863
 0.70085 -29.7046 0.740297
0.701284 -29.6767 0.740297
0.701717 -29.6488  0.74073
0.702151 -29.6209 0.741164
0.702584 -29.5931 0.741597
0.703018 -29.5653 0.742031
0.703451 -29.5375 0.742464
0.703885 -29.5098 0.742898
0.704318 -29.4821 0.743331
0.704752 -29.4544 0.743765
0.705185 -29.4268 0.744198
0.705619 -29.3993 0.744198
0.706052 -29.3717 0.744632
0.706485 -29.3442 0.745065
0.706919 -29.3168 0.745498
0.707352 -29.2893 0.745932
0.707786 -29.2619 0.746365
0.708219 -29.2346 0.746799
0.708653 -29.2073 0.747232
0.709086   -29.18 0.747666
 0.70952 -29.1528 0.748099
0.709953 -29.1256 0.748533
0.710387 -29.0984 0.748533
 0.71082 -29.0713 0.748966
0.711254 -29.0442   0.7494
0.711687 -29.0171 0.749833
0.712121 -28.9901 0.750267
0.712554 -28.9631   0.7507
0.712988 -28.9361 0.751134
0.713421 -28.9092 0.751567
0.713855 -28.8823 0.752001
0.714288 -28.8555 0.752434
0.714722 -28.8287 0.752868
0.715155 -28.8019 0.752868
0.715589 -28.7752 0.753301
0.716022 -28.7485 0.753735
0.716455 -28.7218 0.754168
0.716889 -28.6952 0.754602
0.717322 -28.6686 0.755035
0.717756  -28.642 0.755468
0.718189 -28.6155 0.755902
0.718623  -28.589 0.756335
0.719056 -28.5626 0.756769
 0.71949 -28.5362 0.757202
0.719923 -28.5098 0.757202
0.720357 -28.4834 0.757636
 0.72079 -28.4571 0.758069
0.721224 -28.4308 0.758503
0.721657 -28.4046 0.758936
0.722091 -28.3784  0.75937
0.722524 -28.3522 0.759803
0.722958 -28.3261 0.760237
0.723391    -28.3  0.76067
0.723825 -28.2739 0.761104
0.724258 -28.2479 0.761537
0.724692 -28.2218 0.761537
0.725125 -28.1959 0.761971
0.725559 -28.1699 0.762404
0.725992  -28.144 0.762838
0.726425 -28.1182 0.763271
0.726859 -28.0923 0.763705
0.727292 -28.0665 0.764138
0.727726 -28.0408 0.764572
0.728159 -28.0151 0.765005
0.728593 -27.9894 0.765438
0.729026 -27.9637 0.765438
 0.72946 -27.9381 0.765872
0.729893 -27.9125 0.766305
0.730327 -27.8869 0.766739
 0.73076 -27.8614 0.767172
0.731194 -27.8359 0.767606
0.731627 -27.8104 0.768039
0.732061  -27.785 0.768473
0.732494 -27.7596 0.768906
0.732928 -27.7343  0.76934
0.733361 -27.7089 0.769773
0.733795 -27.6836 0.769773
0.734228 -27.6584 0.770207
0.734662 -27.6331  0.77064
0.735095 -27.6079 0.771074
0.735529 -27.5828 0.771507
0.735962 -27.5577 0.771941
0.736395 -27.5326 0.772374
0.736829 -27.5075 0.772808
0.737262 -27.4825 0.773241
0.737696 -27.4575 0.773675
0.738129 -27.4325 0.773675
0.738563 -27.4076 0.774108
0.738996 -27.3827 0.774542
 0.73943 -27.3578 0.774975
0.739863 -27.3329 0.775408
0.740297 -27.3081 0.775842
 0.74073 -27.2834 0.776275
0.741164 -27.2586 0.776709
0.741597 -27.2339 0.777142
0.742031 -27.2093 0.777576
0.742464 -27.1846 0.778009
0.742898   -27.16 0.778009
0.743331 -27.1354 0.778443
0.743765 -27.1109 0.778876
0.744198 -27.0863  0.77931
0.744632 -27.0619 0.779743
0.745065 -27.0374 0.780177
0.745498  -27.013  0.78061
0.745932 -26.9886 0.781044
0.746365 -26.9642 0.781477
0.746799 -26.9399 0.781911
0.747232 -26.9156 0.782344
0.747666 -26.8913 0.782344
0.748099 -26.8671 0.782778
0.748533 -26.8429 0.783211
0.748966 -26.8187 0.783645
  0.7494 -26.7946 0.784078
0.749833 -26.7705 0.784512
0.750267 -26.7464 0.784945
  0.7507 -26.7223 0.785378
0.751134 -26.6983 0.785812
0.751567 -26.6744 0.786245
0.752001 -26.6504 0.786245
0.752434 -26.6265 0.786679
0.752868 -26.6026 0.787112
0.753301 -26.5787 0.787546
0.753735 -26.5549 0.787979
0.754168 -26.5311 0.788413
0.754602 -26.5073 0.788846
0.755035 -26.4836  0.78928
0.755468 -26.4598 0.789713
0.755902 -26.4362 0.790147
0.756335 -26.4125  0.79058
0.756769 -26.3889  0.79058
0.757202 -26.3653 0.791014
0.757636 -26.3417 0.791447
0.758069 -26.3182 0.791881
0.758503 -26.2947 0.792314
0.758936 -26.2712 0.792748
 0.75937 -26.2478 0.793181
0.759803 -26.2244 0.793615
0.760237  -26.201 0.794048
 0.76067 -26.1777 0.794481
0.761104 -26.1543 0.794481
0.761537  -26.131 0.794915
0.761971 -26.1078 0.795348
0.762404 -26.0845 0.795782
0.762838 -26.0613 0.796215
0.763271 -26.0382 0.796649
0.763705  -26.015 0.797082
0.764138 -25.9919 0.797516
0.764572 -25.9688 0.797949
0.765005 -25.9458 0.798383
0.765438 -25.9227 0.798383
0.765872 -25.8997 0.798816
0.766305 -25.8768  0.79925
0.766739 -25.8538 0.799683
0.767172 -25.8309 0.800117
0.767606  -25.808  0.80055
0.768039 -25.7852 0.800984
0.768473 -25.7623 0.801417
0.768906 -25.7395 0.801851
 0.76934 -25.7168 0.802284
0.769773  -25.694 0.802718
0.770207 -25.6713 0.802718
 0.77064 -25.6486 0.803151
0.771074  -25.626 0.803585
0.771507 -25.6034 0.804018
0.771941 -25.5808 0.804451
0.772374 -25.5582 0.804885
0.772808 -25.5357 0.805318
0.773241 -25.5131 0.805752
0.773675 -25.4907 0.806185
0.774108 -25.4682 0.806619
0.774542 -25.4458 0.806619
0.774975 -25.4234 0.807052
0.775408  -25.401 0.807486
0.775842 -25.3787 0.807919
0.776275 -25.3563 0.808353
0.776709 -25.3341 0.808786
0.777142 -25.3118  0.80922
0.777576 -25.2896 0.809653
0.778009 -25.2674 0.810087
0.778443 -25.2452  0.81052
0.778876 -25.2231  0.81052
 0.77931 -25.2009 0.810954
0.779743 -25.1788 0.811387
0.780177 -25.1568 0.811821
 0.78061 -25.1347 0.812254
0.781044 -25.1127 0.812688
0.781477 -25.0907 0.813121
0.781911 -25.0688 0.813555
0.782344 -25.0468 0.813988
0.782778 -25.0249 0.814421
0.783211 -25.0031 0.814855
0.783645 -24.9812 0.814855
0.784078 -24.9594 0.815288
0.784512 -24.9376 0.815722
0.784945 -24.9158 0.816155
0.785378 -24.8941 0.816589
0.785812 -24.8724 0.817022
0.786245 -24.8507 0.817456
0.786679  -24.829 0.817889
0.787112 -24.8074 0.818323
0.787546 -24.7858 0.818756
0.787979 -24.7642 0.818756
0.788413 -24.7427  0.81919
0.788846 -24.7212 0.819623
 0.78928 -24.6997 0.820057
0.789713 -24.6782  0.82049
0.790147 -24.6567 0.820924
 0.79058 -24.6353 0.821357
0.791014 -24.6139 0.821791
0.791447 -24.5926 0.822224
0.791881 -24.5712 0.822658
0.792314 -24.5499 0.822658
0.792748 -24.5286 0.823091
0.793181 -24.5074 0.823525
0.793615 -24.4861 0.823958
0.794048 -24.4649 0.824391
0.794481 -24.4437 0.824825
0.794915 -24.4226 0.825258
0.795348 -24.4014 0.825692
0.795782 -24.3803 0.826125
0.796215 -24.3593 0.826559
0.796649 -24.3382 0.826559
0.797082 -24.3172 0.826992
0.797516 -24.2962 0.827426
0.797949 -24.2752 0.827859
0.798383 -24.2543 0.828293
0.798816 -24.2333 0.828726
 0.79925 -24.2124  0.82916
0.799683 -24.1916 0.829593
0.800117 -24.1707 0.830027
 0.80055 -24.1499  0.83046
0.800984 -24.1291 0.830894
0.801417 -24.1083 0.830894
0.801851 -24.0876 0.831327
0.802284 -24.0669 0.831761
0.802718 -24.0462 0.832194
0.803151 -24.0255 0.832628
0.803585 -24.0048 0.833061
0.804018 -23.9842 0.833494
0.804451 -23.9636 0.833928
0.804885 -23.9431 0.834361
0.805318 -23.9225 0.834795
0.805752  -23.902 0.834795
0.806185 -23.8815 0.835228
0.806619  -23.861 0.835662
0.807052 -23.8406 0.836095
0.807486 -23.8202 0.836529
0.807919 -23.7998 0.836962
0.808353 -23.7794 0.837396
0.808786 -23.7591 0.837829
 0.80922 -23.7387 0.838263
0.809653 -23.7184 0.838696
0.810087 -23.6982 0.838696
 0.81052 -23.6779  0.83913
0.810954 -23.6577 0.839563
0.811387 -23.6375 0.839997
0.811821 -23.6173  0.84043
0.812254 -23.5972 0.840864
0.812688  -23.577 0.841297
0.813121 -23.5569 0.841731
0.813555 -23.5369 0.842164
0.813988 -23.5168 0.842598
0.814421 -23.4968 0.842598
0.814855 -23.4768 0.843031
0.815288 -23.4568 0.843464
0.815722 -23.4368 0.843898
0.816155 -23.4169 0.844331
0.816589  -23.397 0.844765
0.817022 -23.3771 0.845198
0.817456 -23.3573 0.845632
0.817889 -23.3374 0.846065
0.818323 -23.3176 0.846499
0.818756 -23.2978 0.846499
 0.81919 -23.2781 0.846932
0.819623 -23.2583 0.847366
0.820057 -23.2386 0.847799
 0.82049 -23.2189 0.848233
0.820924 -23.1992 0.848666
0.821357 -23.1796   0.8491
0.821791   -23.16 0.849533
0.822224 -23.1404 0.849967
0.822658 -23.1208   0.8504
0.823091 -23.1012 0.850834
0.823525 -23.0817 0.850834
0.823958 -23.0622 0.851267
0.824391 -23.0427 0.851701
0.824825 -23.0233 0.852134
0.825258 -23.0038 0.852568
0.825692 -22.9844 0.853001
0.826125  -22.965 0.853434
0.826559 -22.9456 0.853868
0.826992 -22.9263 0.854301
0.827426  -22.907 0.854301
0.827859 -22.8877 0.854735
0.828293 -22.8684 0.855168
0.828726 -22.8492 0.855602
 0.82916 -22.8299 0.856035
0.829593 -22.8107 0.856469
0.830027 -22.7915 0.856902
 0.83046 -22.7724 0.857336
0.830894 -22.7532 0.857769
0.831327 -22.7341 0.858203
0.831761  -22.715 0.858636
0.832194  -22.696 0.858636
0.832628 -22.6769  0.85907
0.833061 -22.6579 0.859503
0.833494 -22.6389 0.859937
0.833928 -22.6199  0.86037
0.834361  -22.601 0.860804
0.834795  -22.582 0.861237
0.835228 -22.5631 0.861671
0.835662 -22.5442 0.862104
0.836095 -22.5254 0.862538
0.836529 -22.5065 0.862538
0.836962 -22.4877 0.862971
0.837396 -22.4689 0.863404
0.837829 -22.4501 0.863838
0.838263 -22.4313 0.864271
0.838696 -22.4126 0.864705
 0.83913 -22.3939 0.865138
0.839563 -22.3752 0.865572
0.839997 -22.3565 0.866005
 0.84043 -22.3379 0.866439
0.840864 -22.3193 0.866439
0.841297 -22.3007 0.866872
0.841731 -22.2821 0.867306
0.842164 -22.2635 0.867739
0.842598  -22.245 0.868173
0.843031 -22.2265 0.868606
0.843464  -22.208  0.86904
0.843898 -22.1895 0.869473
0.844331 -22.1711 0.869907
0.844765 -22.1526  0.87034
0.845198 -22.1342  0.87034
0.845632 -22.1159 0.870774
0.846065 -22.0975 0.871207
0.846499 -22.0791 0.871641
0.846932 -22.0608 0.872074
0.847366 -22.0425 0.872508
0.847799 -22.0242 0.872941
0.848233  -22.006 0.873374
0.848666 -21.9878 0.873808
  0.8491 -21.9696 0.874241
0.849533 -21.9514 0.874241
0.849967 -21.9332 0.874675
  0.8504  -21.915 0.875108
0.850834 -21.8969 0.875542
0.851267 -21.8788 0.875975
0.851701 -21.8607 0.876409
0.852134 -21.8426 0.876842
0.852568 -21.8246 0.877276
0.853001 -21.8066 0.877709
0.853434 -21.7886 0.877709
0.853868 -21.7706 0.878143
0.854301 -21.7526 0.878576
0.854735 -21.7347  0.87901
0.855168 -21.7168 0.879443
0.855602 -21.6989 0.879877
0.856035  -21.681  0.88031
0.856469 -21.6631 0.880744
0.856902 -21.6453 0.881177
0.857336 -21.6275 0.881611
0.857769 -21.6097 0.881611
0.858203 -21.5919 0.882044
0.858636 -21.5742 0.882477
 0.85907 -21.5564 0.882911
0.859503 -21.5387 0.883344
0.859937  -21.521 0.883778
 0.86037 -21.5034 0.884211
0.860804 -21.4857 0.884645
0.861237 -21.4681 0.885078
0.861671 -21.4505 0.885512
0.862104 -21.4329 0.885512
0.862538 -21.4153 0.885945
0.862971 -21.3978 0.886379
0.863404 -21.3802 0.886812
0.863838 -21.3627 0.887246
0.864271 -21.3452 0.887679
0.864705 -21.3278 0.888113
0.865138 -21.3103 0.888546
0.865572 -21.2929  0.88898
0.866005 -21.2755 0.889413
0.866439 -21.2581 0.889413
0.866872 -21.2407 0.889847
0.867306 -21.2234  0.89028
0.867739 -21.2061 0.890714
0.868173 -21.1888 0.891147
0.868606 -21.1715 0.891581
 0.86904 -21.1542 0.892014
0.869473  -21.137 0.892447
0.869907 -21.1197 0.892881
 0.87034 -21.1025 0.893314
0.870774 -21.0853 0.893314
0.871207 -21.0682 0.893748
0.871641  -21.051 0.894181
0.872074 -21.0339 0.894615
0.872508 -21.0168 0.895048
0.872941 -20.9997 0.895482
0.873374 -20.9826 0.895915
0.873808 -20.9656 0.896349
0.874241 -20.9485 0.896782
0.874675 -20.9315 0.897216
0.875108 -20.9145 0.897216
0.875542 -20.8975 0.897649
0.875975 -20.8806 0.898083
0.876409 -20.8637 0.898516
0.876842 -20.8467  0.89895
0.877276 -20.8298 0.899383
0.877709  -20.813 0.899817
0.878143 -20.7961  0.90025
0.878576 -20.7793 0.900684
 0.87901 -20.7625 0.900684
0.879443 -20.7457 0.901117
0.879877 -20.7289 0.901551
 0.88031 -20.7121 0.901984
0.880744 -20.6954 0.902417
0.881177 -20.6786 0.902851
0.881611 -20.6619 0.903284
0.882044 -20.6453 0.903718
0.882477 -20.6286 0.904151
0.882911 -20.6119 0.904585
0.883344 -20.5953 0.904585
0.883778 -20.5787 0.905018
0.884211 -20.5621 0.905452
0.884645 -20.5455 0.905885
0.885078  -20.529 0.906319
0.885512 -20.5124 0.906752
0.885945 -20.4959 0.907186
0.886379 -20.4794 0.907619
0.886812 -20.4629 0.908053
0.887246 -20.4465 0.908486
0.887679   -20.43 0.908486
0.888113 -20.4136  0.90892
0.888546 -20.3972 0.909353
 0.88898 -20.3808 0.909787
0.889413 -20.3645  0.91022
0.889847 -20.3481 0.910654
 0.89028 -20.3318 0.911087
0.890714 -20.3155 0.911521
0.891147 -20.2992 0.911954
0.891581 -20.2829 0.912387
0.892014 -20.2666 0.912387
0.892447 -20.2504 0.912821
0.892881 -20.2342 0.913254
0.893314  -20.218 0.913688
0.893748 -20.2018 0.914121
0.894181 -20.1856 0.914555
0.894615 -20.1695 0.914988
0.895048 -20.1534 0.915422
0.895482 -20.1372 0.915855
0.895915 -20.1212 0.916289
0.896349 -20.1051 0.916289
0.896782  -20.089 0.916722
0.897216  -20.073 0.917156
0.897649 -20.0569 0.917589
0.898083 -20.0409 0.918023
0.898516  -20.025 0.918456
 0.89895  -20.009  0.91889
0.899383  -19.993 0.919323
0.899817 -19.9771 0.919757
 0.90025 -19.9612 0.919757
0.900684 -19.9453  0.92019
0.901117 -19.9294 0.920624
0.901551 -19.9136 0.921057
0.901984 -19.8977  0.92149
0.902417 -19.8819 0.921924
0.902851 -19.8661 0.922357
0.903284 -19.8503 0.922791
0.903718 -19.8345 0.923224
0.904151 -19.8188 0.923658
0.904585  -19.803 0.923658
0.905018 -19.7873 0.924091
0.905452 -19.7716 0.924525
0.905885 -19.7559 0.924958
0.906319 -19.7402 0.925392
0.906752 -19.7246 0.925825
0.907186  -19.709 0.926259
0.907619 -19.6934 0.926692
0.908053 -19.6778 0.927126
0.908486 -19.6622 0.927559
 0.90892 -19.6466 0.927559
0.909353 -19.6311 0.927993
0.909787 -19.6155 0.928426
 0.91022    -19.6  0.92886
0.910654 -19.5845 0.929293
0.911087  -19.569 0.929727
0.911521 -19.5536  0.93016
0.911954 -19.5381 0.930594
0.912387 -19.5227 0.931027
0.912821 -19.5073 0.931027
0.913254 -19.4919  0.93146
0.913688 -19.4765 0.931894
0.914121 -19.4612 0.932327
0.914555 -19.4458 0.932761
0.914988 -19.4305 0.933194
0.915422 -19.4152 0.933628
0.915855 -19.3999 0.934061
0.916289 -19.3847 0.934495
0.916722 -19.3694 0.934928
0.917156 -19.3542 0.934928
0.917589 -19.3389 0.935362
0.918023 -19.3237 0.935795
0.918456 -19.3085 0.936229
 0.91889 -19.2934 0.936662
0.919323 -19.2782 0.937096
0.919757 -19.2631 0.937529
 0.92019  -19.248 0.937963
0.920624 -19.2328 0.938396
0.921057 -19.2178 0.938396
 0.92149 -19.2027  0.93883
0.921924 -19.1876 0.939263
0.922357 -19.1726 0.939697
0.922791 -19.1576  0.94013
0.923224 -19.1426 0.940564
0.923658 -19.1276 0.940997
0.924091 -19.1126  0.94143
0.924525 -19.0976 0.941864
0.924958 -19.0827 0.942297
0.925392 -19.0678 0.942297
0.925825 -19.0529 0.942731
0.926259  -19.038 0.943164
0.926692 -19.0231 0.943598
0.927126 -19.0082 0.944031
0.927559 -18.9934 0.944465
0.927993 -18.9786 0.944898
0.928426 -18.9638 0.945332
 0.92886  -18.949 0.945765
0.929293 -18.9342 0.946199
0.929727 -18.9194 0.946199
 0.93016 -18.9047 0.946632
0.930594 -18.8899 0.947066
0.931027 -18.8752 0.947499
 0.93146 -18.8605 0.947933
0.931894 -18.8459 0.948366
0.932327 -18.8312   0.9488
0.932761 -18.8165 0.949233
0.933194 -18.8019 0.949667
0.933628 -18.7873 0.949667
0.934061 -18.7727   0.9501
0.934495 -18.7581 0.950534
0.934928 -18.7435 0.950967
0.935362  -18.729   0.9514
0.935795 -18.7144 0.951834
0.936229 -18.6999 0.952267
0.936662 -18.6854 0.952701
0.937096 -18.6709 0.953134
0.937529 -18.6564 0.953568
0.937963  -18.642 0.953568
0.938396 -18.6275 0.954001
 0.93883 -18.6131 0.954435
0.939263 -18.5987 0.954868
0.939697 -18.5843 0.955302
 0.94013 -18.5699 0.955735
0.940564 -18.5555 0.956169
0.940997 -18.5412 0.956602
 0.94143 -18.5269 0.957036
0.941864 -18.5125 0.957036
0.942297 -18.4982 0.957469
0.942731 -18.4839 0.957903
0.943164 -18.4697 0.958336
0.943598 -18.4554  0.95877
0.944031 -18.4412 0.959203
0.944465 -18.4269 0.959637
0.944898 -18.4127  0.96007
0.945332 -18.3985 0.960504
0.945765 -18.3844 0.960937
0.946199 -18.3702 0.960937
0.946632  -18.356  0.96137
0.947066 -18.3419 0.961804
0.947499 -18.3278 0.962237
0.947933 -18.3137 0.962671
0.948366 -18.2996 0.963104
  0.9488 -18.2855 0.963538
0.949233 -18.2715 0.963971
0.949667 -18.2574 0.964405
  0.9501 -18.2434 0.964405
0.950534 -18.2294 0.964838
0.950967 -18.2154 0.965272
  0.9514 -18.2014 0.965705
0.951834 -18.1874 0.966139
0.952267 -18.1735 0.966572
0.952701 -18.1595 0.967006
0.953134 -18.1456 0.967439
0.953568 -18.1317 0.967873
0.954001 -18.1178 0.968306
0.954435 -18.1039 0.968306
0.954868 -18.0901  0.96874
0.955302 -18.0762 0.969173
0.955735 -18.0624 0.969607
0.956169 -18.0485  0.97004
0.956602 -18.0347 0.970473
0.957036 -18.0209 0.970907
0.957469 -18.0072  0.97134
0.957903 -17.9934 0.971774
0.958336 -17.9797 0.971774
 0.95877 -17.9659 0.972207
0.959203 -17.9522 0.972641
0.959637 -17.9385 0.973074
 0.96007 -17.9248 0.973508
0.960504 -17.9112 0.973941
0.960937 -17.8975 0.974375
 0.96137 -17.8838 0.974808
0.961804 -17.8702 0.975242
0.962237 -17.8566 0.975675
0.962671  -17.843 0.975675
0.963104 -17.8294 0.976109
0.963538 -17.8158 0.976542
0.963971 -17.8023 0.976976
0.964405 -17.7887 0.977409
0.964838 -17.7752 0.977843
0.965272 -17.7617 0.978276
0.965705 -17.7482  0.97871
0.966139 -17.7347 0.979143
0.966572 -17.7212 0.979143
0.967006 -17.7078 0.979577
0.967439 -17.6943  0.98001
0.967873 -17.6809 0.980443
0.968306 -17.6675 0.980877
 0.96874 -17.6541  0.98131
0.969173 -17.6407 0.981744
0.969607 -17.6273 0.982177
 0.97004  -17.614 0.982611
0.970473 -17.6006 0.983044
0.970907 -17.5873 0.983044
 0.97134  -17.574 0.983478
0.971774 -17.5607 0.983911
0.972207 -17.5474 0.984345
0.972641 -17.5341 0.984778
0.973074 -17.5209 0.985212
0.973508 -17.5076 0.985645
0.973941 -17.4944 0.986079
0.974375 -17.4812 0.986512
0.974808  -17.468 0.986512
0.975242 -17.4548 0.986946
0.975675 -17.4416 0.987379
0.976109 -17.4284 0.987813
0.976542 -17.4153 0.988246
0.976976 -17.4022  0.98868
0.977409  -17.389 0.989113
0.977843 -17.3759 0.989547
0.978276 -17.3628  0.98998
 0.97871 -17.3498  0.98998
0.979143 -17.3367 0.990413
0.979577 -17.3236 0.990847
 0.98001 -17.3106  0.99128
0.980443 -17.2976 0.991714
0.980877 -17.2846 0.992147
 0.98131 -17.2716 0.992581
0.981744 -17.2586 0.993014
0.982177 -17.2456 0.993448
0.982611 -17.2327 0.993881
0.983044 -17.2197 0.993881
0.983478 -17.2068 0.994315
0.983911 -17.1939 0.994748
0.984345  -17.181 0.995182
0.984778 -17.1681 0.995615
0.985212 -17.1552 0.996049
0.985645 -17.1424 0.996482
0.986079 -17.1295 0.996916
0.986512 -17.1167 0.997349
0.986946 -17.1039 0.997349
0.987379  -17.091 0.997783
0.987813 -17.0782 0.998216
0.988246 -17.0655  0.99865
 0.98868 -17.0527 0.999083
0.989113 -17.0399 0.999517
0.989547 -17.0272  0.99995
 0.98998 -17.0145  1.00038
0.990413 -17.0018  1.00082
0.990847 -16.9891  1.00082
 0.99128 -16.9764  1.00125
0.991714 -16.9637  1.00168
0.992147  -16.951  1.00212
0.992581 -16.9384  1.00255
0.993014 -16.9257  1.00298
0.993448 -16.9131  1.00342
0.993881 -16.9005  1.00385
0.994315 -16.8879  1.00428
0.994748 -16.8753  1.00472
0.995182 -16.8628  1.00472
0.995615 -16.8502  1.00515
0.996049 -16.8377  1.00559
0.996482 -16.8251  1.00602
0.996916 -16.8126  1.00645
0.997349 -16.8001  1.00689
0.997783 -16.7876  1.00732
0.998216 -16.7751  1.00775
 0.99865 -16.7627  1.00819
0.999083 -16.7502  1.00819
0.999517 -16.7378  1.00862
 0.99995 -16.7254  1.00905
 1.00038 -16.7129  1.00949
 1.00082 -16.7005  1.00992
 1.00125 -16.6881  1.01035
 1.00168 -16.6758  1.01079
 1.00212 -16.6634  1.01122
 1.00255 -16.6511  1.01165
 1.00298 -16.6387  1.01165
 1.00342 -16.6264  1.01209
 1.00385 -16.6141  1.01252
 1.00428 -16.6018  1.01295
 1.00472 -16.5895  1.01339
 1.00515 -16.5772  1.01382
 1.00559  -16.565  1.01425
 1.00602 -16.5527  1.01469
 1.00645 -16.5405  1.01512
 1.00689 -16.5282  1.01556
 1.00732  -16.516  1.01556
 1.00775 -16.5038  1.01599
 1.00819 -16.4916  1.01642
 1.00862 -16.4795  1.01686
 1.00905 -16.4673  1.01729
 1.00949 -16.4552  1.01772
 1.00992  -16.443  1.01816
 1.01035 -16.4309  1.01859
 1.01079 -16.4188  1.01902
 1.01122 -16.4067  1.01902
 1.01165 -16.3946  1.01946
 1.01209 -16.3825  1.01989
 1.01252 -16.3705  1.02032
 1.01295 -16.3584  1.02076
 1.01339 -16.3464  1.02119
 1.01382 -16.3343  1.02162
 1.01425 -16.3223  1.02206
 1.01469 -16.3103  1.02249
 1.01512 -16.2984  1.02249
 1.01556 -16.2864  1.02292
 1.01599 -16.2744  1.02336
 1.01642 -16.2625  1.02379
 1.01686 -16.2505  1.02422
 1.01729 -16.2386  1.02466
 1.01772 -16.2267  1.02509
 1.01816 -16.2148  1.02553
 1.01859 -16.2029  1.02596
 1.01902  -16.191  1.02639
 1.01946 -16.1791  1.02639
 1.01989 -16.1673  1.02683
 1.02032 -16.1554  1.02726
 1.02076 -16.1436  1.02769
 1.02119 -16.1318  1.02813
 1.02162   -16.12  1.02856
 1.02206 -16.1082  1.02899
 1.02249 -16.0964  1.02943
 1.02292 -16.0846  1.02986
 1.02336 -16.0729  1.02986
 1.02379 -16.0611  1.03029
 1.02422 -16.0494  1.03073
 1.02466 -16.0377  1.03116
 1.02509  -16.026  1.03159
 1.02553 -16.0143  1.03203
 1.02596 -16.0026  1.03246
 1.02639 -15.9909  1.03289
 1.02683 -15.9792  1.03333
 1.02726 -15.9676  1.03333
 1.02769 -15.9559  1.03376
 1.02813 -15.9443  1.03419
 1.02856 -15.9327  1.03463
 1.02899 -15.9211  1.03506
 1.02943 -15.9095   1.0355
 1.02986 -15.8979  1.03593
 1.03029 -15.8864  1.03636
 1.03073 -15.8748   1.0368
 1.03116 -15.8633   1.0368
 1.03159 -15.8517  1.03723
 1.03203 -15.8402  1.03766
 1.03246 -15.8287   1.0381
 1.03289 -15.8172  1.03853
 1.03333 -15.8057  1.03896
 1.03376 -15.7942   1.0394
 1.03419 -15.7828  1.03983
 1.03463 -15.7713  1.04026
 1.03506 -15.7599  1.04026
  1.0355 -15.7484   1.0407
 1.03593  -15.737  1.04113
 1.03636 -15.7256  1.04156
  1.0368 -15.7142    1.042
 1.03723 -15.7028  1.04243
 1.03766 -15.6915  1.04286
  1.0381 -15.6801   1.0433
 1.03853 -15.6687  1.04373
 1.03896 -15.6574  1.04416
  1.0394 -15.6461  1.04416
 1.03983 -15.6348   1.0446
 1.04026 -15.6235  1.04503
  1.0407 -15.6122  1.04547
 1.04113 -15.6009   1.0459
 1.04156 -15.5896  1.04633
   1.042 -15.5784  1.04677
 1.04243 -15.5671   1.0472
 1.04286 -15.5559  1.04763
  1.0433 -15.5446  1.04763
 1.04373 -15.5334  1.04807
 1.04416 -15.5222   1.0485
  1.0446  -15.511  1.04893
 1.04503 -15.4999  1.04937
 1.04547 -15.4887   1.0498
  1.0459 -15.4775  1.05023
 1.04633 -15.4664  1.05067
 1.04677 -15.4553   1.0511
  1.0472 -15.4441   1.0511
 1.04763  -15.433  1.05153
 1.04807 -15.4219  1.05197
  1.0485 -15.4108   1.0524
 1.04893 -15.3997  1.05283
 1.04937 -15.3887  1.05327
  1.0498 -15.3776   1.0537
 1.05023 -15.3666  1.05413
 1.05067 -15.3555  1.05457
  1.0511 -15.3445  1.05457
 1.05153 -15.3335    1.055
 1.05197 -15.3225  1.05544
  1.0524 -15.3115  1.05587
 1.05283 -15.3005   1.0563
 1.05327 -15.2895  1.05674
  1.0537 -15.2786  1.05717
 1.05413 -15.2676   1.0576
 1.05457 -15.2567  1.05804
   1.055 -15.2458  1.05804
 1.05544 -15.2349  1.05847
 1.05587 -15.2239   1.0589
  1.0563  -15.213  1.05934
 1.05674 -15.2022  1.05977
 1.05717 -15.1913   1.0602
  1.0576 -15.1804  1.06064
 1.05804 -15.1696  1.06107
 1.05847 -15.1587   1.0615
  1.0589 -15.1479   1.0615
 1.05934 -15.1371  1.06194
 1.05977 -15.1263  1.06237
  1.0602 -15.1155   1.0628
 1.06064 -15.1047  1.06324
 1.06107 -15.0939  1.06367
  1.0615 -15.0832   1.0641
 1.06194 -15.0724  1.06454
 1.06237 -15.0617  1.06497
  1.0628 -15.0509  1.06497
 1.06324 -15.0402  1.06541
 1.06367 -15.0295  1.06584
  1.0641 -15.0188  1.06627
 1.06454 -15.0081  1.06671
 1.06497 -14.9974  1.06714
 1.06541 -14.9867  1.06757
 1.06584 -14.9761  1.06801
 1.06627 -14.9654  1.06844
 1.06671 -14.9548  1.06844
 1.06714 -14.9442  1.06887
 1.06757 -14.9336  1.06931
 1.06801 -14.9229  1.06974
 1.06844 -14.9123  1.07017
 1.06887 -14.9018  1.07061
 1.06931 -14.8912  1.07104
 1.06974 -14.8806  1.07147
 1.07017 -14.8701  1.07191
 1.07061 -14.8595  1.07234
 1.07104  -14.849  1.07234
 1.07147 -14.8385  1.07277
 1.07191 -14.8279  1.07321
 1.07234 -14.8174  1.07364
 1.07277 -14.8069  1.07407
 1.07321 -14.7965  1.07451
 1.07364  -14.786  1.07494
 1.07407 -14.7755  1.07538
 1.07451 -14.7651  1.07581
 1.07494 -14.7546  1.07581
 1.07538 -14.7442  1.07624
 1.07581 -14.7338  1.07668
 1.07624 -14.7234  1.07711
 1.07668  -14.713  1.07754
 1.07711 -14.7026  1.07798
 1.07754 -14.6922  1.07841
 1.07798 -14.6818  1.07884
 1.07841 -14.6715  1.07928
 1.07884 -14.6611  1.07928
 1.07928 -14.6508  1.07971
 1.07971 -14.6404  1.08014
 1.08014 -14.6301  1.08058
 1.08058 -14.6198  1.08101
 1.08101 -14.6095  1.08144
 1.08144 -14.5992  1.08188
 1.08188 -14.5889  1.08231
 1.08231 -14.5787  1.08274
 1.08274 -14.5684  1.08274
 1.08318 -14.5582  1.08318
 1.08361 -14.5479  1.08361
 1.08404 -14.5377  1.08404
 1.08448 -14.5275  1.08448
 1.08491 -14.5173  1.08491
 1.08535 -14.5071  1.08535
 1.08578 -14.4969  1.08578
 1.08621 -14.4867  1.08621
 1.08665 -14.4765  1.08621
 1.08708 -14.4664  1.08665
 1.08751 -14.4562  1.08708
 1.08795 -14.4461  1.08751
 1.08838 -14.4359  1.08795
 1.08881 -14.4258  1.08838
 1.08925 -14.4157  1.08881
 1.08968 -14.4056  1.08925
 1.09011 -14.3955  1.08968
 1.09055 -14.3854  1.08968
 1.09098 -14.3754  1.09011
 1.09141 -14.3653  1.09055
 1.09185 -14.3552  1.09098
 1.09228 -14.3452  1.09141
 1.09271 -14.3352  1.09185
 1.09315 -14.3251  1.09228
 1.09358 -14.3151  1.09271
 1.09401 -14.3051  1.09315
 1.09445 -14.2951  1.09315
 1.09488 -14.2851  1.09358
 1.09532 -14.2752  1.09401
 1.09575 -14.2652  1.09445
 1.09618 -14.2552  1.09488
 1.09662 -14.2453  1.09532
 1.09705 -14.2354  1.09575
 1.09748 -14.2254  1.09618
 1.09792 -14.2155  1.09662
 1.09835 -14.2056  1.09662
 1.09878 -14.1957  1.09705
 1.09922 -14.1858  1.09748
 1.09965 -14.1759  1.09792
 1.10008 -14.1661  1.09835
 1.10052 -14.1562  1.09878
 1.10095 -14.1464  1.09922
 1.10138 -14.1365  1.09965
 1.10182 -14.1267  1.10008
 1.10225 -14.1169  1.10008
 1.10268 -14.1071  1.10052
 1.10312 -14.0972  1.10095
 1.10355 -14.0875  1.10138
 1.10398 -14.0777  1.10182
 1.10442 -14.0679  1.10225
 1.10485 -14.0581  1.10268
 1.10529 -14.0484  1.10312
 1.10572 -14.0386  1.10355
 1.10615 -14.0289  1.10355
 1.10659 -14.0192  1.10398
 1.10702 -14.0094  1.10442
 1.10745 -13.9997  1.10485
 1.10789   -13.99  1.10529
 1.10832 -13.9803  1.10572
 1.10875 -13.9707  1.10615
 1.10919  -13.961  1.10659
 1.10962 -13.9513  1.10702
 1.11005 -13.9417  1.10702
 1.11049  -13.932  1.10745
 1.11092 -13.9224  1.10789
 1.11135 -13.9127  1.10832
 1.11179 -13.9031  1.10875
 1.11222 -13.8935  1.10919
 1.11265 -13.8839  1.10962
 1.11309 -13.8743  1.11005
 1.11352 -13.8648  1.11049
 1.11395 -13.8552  1.11049
 1.11439 -13.8456  1.11092
 1.11482 -13.8361  1.11135
 1.11526 -13.8265  1.11179
 1.11569  -13.817  1.11222
 1.11612 -13.8075  1.11265
 1.11656 -13.7979  1.11309
 1.11699 -13.7884  1.11352
 1.11742 -13.7789  1.11395
 1.11786 -13.7694  1.11395
 1.11829   -13.76  1.11439
 1.11872 -13.7505  1.11482
 1.11916  -13.741  1.11526
 1.11959 -13.7316  1.11569
 1.12002 -13.7221  1.11612
 1.12046 -13.7127  1.11656
 1.12089 -13.7033  1.11699
 1.12132 -13.6938  1.11742
 1.12176 -13.6844  1.11742
 1.12219  -13.675  1.11786
 1.12262 -13.6656  1.11829
 1.12306 -13.6563  1.11872
 1.12349 -13.6469  1.11916
 1.12392 -13.6375  1.11959
 1.12436 -13.6282  1.12002
 1.12479 -13.6188  1.12046
 1.12523 -13.6095  1.12089
 1.12566 -13.6002  1.12089
 1.12609 -13.5908  1.12132
 1.12653 -13.5815  1.12176
 1.12696 -13.5722  1.12219
 1.12739 -13.5629  1.12262
 1.12783 -13.5536  1.12306
 1.12826 -13.5444  1.12349
 1.12869 -13.5351  1.12392
 1.12913 -13.5258  1.12436
 1.12956 -13.5166  1.12436
 1.12999 -13.5073  1.12479
 1.13043 -13.4981  1.12523
 1.13086 -13.4889  1.12566
 1.13129 -13.4797  1.12609
 1.13173 -13.4705  1.12653
 1.13216 -13.4613  1.12696
 1.13259 -13.4521  1.12739
 1.13303 -13.4429  1.12783
 1.13346 -13.4337  1.12783
 1.13389 -13.4246  1.12826
 1.13433 -13.4154  1.12869
 1.13476 -13.4063  1.12913
  1.1352 -13.3971  1.12956
 1.13563  -13.388  1.12999
 1.13606 -13.3789  1.13043
  1.1365 -13.3698  1.13086
 1.13693 -13.3607  1.13129
 1.13736 -13.3516  1.13129
  1.1378 -13.3425  1.13173
 1.13823 -13.3334  1.13216
 1.13866 -13.3243  1.13259
  1.1391 -13.3153  1.13303
 1.13953 -13.3062  1.13346
 1.13996 -13.2972  1.13389
  1.1404 -13.2881  1.13433
 1.14083 -13.2791  1.13433
 1.14126 -13.2701  1.13476
  1.1417 -13.2611   1.1352
 1.14213 -13.2521  1.13563
 1.14256 -13.2431  1.13606
   1.143 -13.2341   1.1365
 1.14343 -13.2251  1.13693
 1.14386 -13.2161  1.13736
  1.1443 -13.2072   1.1378
 1.14473 -13.1982   1.1378
 1.14517 -13.1893  1.13823
  1.1456 -13.1804  1.13866
 1.14603 -13.1714   1.1391
 1.14647 -13.1625  1.13953
  1.1469 -13.1536  1.13996
 1.14733 -13.1447   1.1404
 1.14777 -13.1358  1.14083
  1.1482 -13.1269  1.14126
 1.14863 -13.1181  1.14126
 1.14907 -13.1092   1.1417
  1.1495 -13.1003  1.14213
 1.14993 -13.0915  1.14256
 1.15037 -13.0826    1.143
  1.1508 -13.0738  1.14343
 1.15123  -13.065  1.14386
 1.15167 -13.0561   1.1443
  1.1521 -13.0473  1.14473
 1.15253 -13.0385  1.14473
 1.15297 -13.0297  1.14517
  1.1534  -13.021   1.1456
 1.15383 -13.0122  1.14603
 1.15427 -13.0034  1.14647
  1.1547 -12.9946   1.1469
 1.15514 -12.9859  1.14733
 1.15557 -12.9771  1.14777
   1.156 -12.9684   1.1482
 1.15644 -12.9597   1.1482
 1.15687  -12.951  1.14863
  1.1573 -12.9422  1.14907
 1.15774 -12.9335   1.1495
 1.15817 -12.9248  1.14993
  1.1586 -12.9162  1.15037
 1.15904 -12.9075   1.1508
 1.15947 -12.8988  1.15123
  1.1599 -12.8901  1.15167
 1.16034 -12.8815  1.15167
 1.16077 -12.8728   1.1521
  1.1612 -12.8642  1.15253
 1.16164 -12.8556  1.15297
 1.16207 -12.8469   1.1534
  1.1625 -12.8383  1.15383
 1.16294 -12.8297  1.15427
 1.16337 -12.8211   1.1547
  1.1638 -12.8125  1.15514
 1.16424 -12.8039  1.15514
 1.16467 -12.7953  1.15557
 1.16511 -12.7868    1.156
 1.16554 -12.7782  1.15644
 1.16597 -12.7697  1.15687
 1.16641 -12.7611   1.1573
 1.16684 -12.7526  1.15774
 1.16727 -12.7441  1.15817
 1.16771 -12.7355  1.15817
 1.16814  -12.727   1.1586
 1.16857 -12.7185  1.15904
 1.16901   -12.71  1.15947
 1.16944 -12.7015   1.1599
 1.16987  -12.693  1.16034
 1.17031 -12.6846  1.16077
 1.17074 -12.6761   1.1612
 1.17117 -12.6676  1.16164
 1.17161 -12.6592  1.16164
 1.17204 -12.6507  1.16207
 1.17247 -12.6423   1.1625
 1.17291 -12.6339  1.16294
 1.17334 -12.6255  1.16337
 1.17377  -12.617   1.1638
 1.17421 -12.6086  1.16424
 1.17464 -12.6002  1.16467
 1.17508 -12.5919  1.16511
 1.17551 -12.5835  1.16511
 1.17594 -12.5751  1.16554
 1.17638 -12.5667  1.16597
 1.17681 -12.5584  1.16641
 1.17724   -12.55  1.16684
 1.17768 -12.5417  1.16727
 1.17811 -12.5333  1.16771
 1.17854  -12.525  1.16814
 1.17898 -12.5167  1.16857
 1.17941 -12.5084  1.16857
 1.17984 -12.5001  1.16901
 1.18028 -12.4918  1.16944
 1.18071 -12.4835  1.16987
 1.18114 -12.4752  1.17031
 1.18158 -12.4669  1.17074
 1.18201 -12.4587  1.17117
 1.18244 -12.4504  1.17161
 1.18288 -12.4421  1.17204
 1.18331 -12.4339  1.17204
 1.18374 -12.4257  1.17247
 1.18418 -12.4174  1.17291
 1.18461 -12.4092  1.17334
 1.18505  -12.401  1.17377
 1.18548 -12.3928  1.17421
 1.18591 -12.3846  1.17464
 1.18635 -12.3764  1.17508
 1.18678 -12.3682  1.17551
 1.18721   -12.36  1.17551
 1.18765 -12.3519  1.17594
 1.18808 -12.3437  1.17638
 1.18851 -12.3355  1.17681
 1.18895 -12.3274  1.17724
 1.18938 -12.3192  1.17768
 1.18981 -12.3111  1.17811
 1.19025  -12.303  1.17854
 1.19068 -12.2949  1.17854
 1.19111 -12.2868  1.17898
 1.19155 -12.2787  1.17941
 1.19198 -12.2706  1.17984
 1.19241 -12.2625  1.18028
 1.19285 -12.2544  1.18071
 1.19328 -12.2463  1.18114
 1.19371 -12.2382  1.18158
 1.19415 -12.2302  1.18201
 1.19458 -12.2221  1.18201
 1.19502 -12.2141  1.18244
 1.19545  -12.206  1.18288
 1.19588  -12.198  1.18331
 1.19632   -12.19  1.18374
 1.19675  -12.182  1.18418
 1.19718  -12.174  1.18461
 1.19762  -12.166  1.18505
 1.19805  -12.158  1.18548
 1.19848   -12.15  1.18548
 1.19892  -12.142  1.18591
 1.19935  -12.134  1.18635
 1.19978 -12.1261  1.18678
 1.20022 -12.1181  1.18721
 1.20065 -12.1101  1.18765
 1.20108 -12.1022  1.18808
 1.20152 -12.0943  1.18851
 1.20195 -12.0863  1.18895
 1.20238 -12.0784  1.18895
 1.20282 -12.0705  1.18938
 1.20325 -12.0626  1.18981
 1.20368 -12.0547  1.19025
 1.20412 -12.0468  1.19068
 1.20455 -12.0389  1.19111
 1.20498  -12.031  1.19155
 1.20542 -12.0232  1.19198
 1.20585 -12.0153  1.19241
 1.20629 -12.0074  1.19241
 1.20672 -11.9996  1.19285
 1.20715 -11.9917  1.19328
 1.20759 -11.9839  1.19371
 1.20802 -11.9761  1.19415
 1.20845 -11.9682  1.19458
 1.20889 -11.9604  1.19502
 1.20932 -11.9526  1.19545
 1.20975 -11.9448  1.19545
 1.21019  -11.937  1.19588
 1.21062 -11.9292  1.19632
 1.21105 -11.9214  1.19675
 1.21149 -11.9137  1.19718
 1.21192 -11.9059  1.19762
 1.21235 -11.8981  1.19805
 1.21279 -11.8904  1.19848
 1.21322 -11.8826  1.19892
 1.21365 -11.8749  1.19892
 1.21409 -11.8672  1.19935
 1.21452 -11.8594  1.19978
 1.21495 -11.8517  1.20022
 1.21539  -11.844  1.20065
 1.21582 -11.8363  1.20108
 1.21626 -11.8286  1.20152
 1.21669 -11.8209  1.20195
 1.21712 -11.8132  1.20238
 1.21756 -11.8055  1.20238
 1.21799 -11.7979  1.20282
 1.21842 -11.7902  1.20325
 1.21886 -11.7826  1.20368
 1.21929 -11.7749  1.20412
 1.21972 -11.7673  1.20455
 1.22016 -11.7596  1.20498
 1.22059  -11.752  1.20542
 1.22102 -11.7444  1.20542
 1.22146 -11.7368  1.20585
 1.22189 -11.7291  1.20629
 1.22232 -11.7215  1.20672
 1.22276 -11.7139  1.20715
 1.22319 -11.7063  1.20759
 1.22362 -11.6988  1.20802
 1.22406 -11.6912  1.20845
 1.22449 -11.6836  1.20889
 1.22492 -11.6761  1.20889
 1.22536 -11.6685  1.20932
 1.22579  -11.661  1.20975
 1.22623 -11.6534  1.21019
 1.22666 -11.6459  1.21062
 1.22709 -11.6383  1.21105
 1.22753 -11.6308  1.21149
 1.22796 -11.6233  1.21192
 1.22839 -11.6158  1.21235
 1.22883 -11.6083  1.21235
 1.22926 -11.6008  1.21279
 1.22969 -11.5933  1.21322
 1.23013 -11.5858  1.21365
 1.23056 -11.5783  1.21409
 1.23099 -11.5709  1.21452
 1.23143 -11.5634  1.21495
 1.23186  -11.556  1.21539
 1.23229 -11.5485  1.21539
 1.23273 -11.5411  1.21582
 1.23316 -11.5336  1.21626
 1.23359 -11.5262  1.21669
 1.23403 -11.5188  1.21712
 1.23446 -11.5114  1.21756
 1.23489  -11.504  1.21799
 1.23533 -11.4965  1.21842
 1.23576 -11.4892  1.21886
  1.2362 -11.4818  1.21929
 1.23663 -11.4744  1.21929
 1.23706  -11.467  1.21972
  1.2375 -11.4596  1.22016
 1.23793 -11.4523  1.22059
 1.23836 -11.4449  1.22102
  1.2388 -11.4376  1.22146
 1.23923 -11.4302  1.22189
 1.23966 -11.4229  1.22232
  1.2401 -11.4155  1.22232
 1.24053 -11.4082  1.22276
 1.24096 -11.4009  1.22319
  1.2414 -11.3936  1.22362
 1.24183 -11.3863  1.22406
 1.24226  -11.379  1.22449
  1.2427 -11.3717  1.22492
 1.24313 -11.3644  1.22536
 1.24356 -11.3571  1.22579
   1.244 -11.3498  1.22579
 1.24443 -11.3426  1.22623
 1.24486 -11.3353  1.22666
  1.2453  -11.328  1.22709
 1.24573 -11.3208  1.22753
 1.24617 -11.3136  1.22796
  1.2466 -11.3063  1.22839
 1.24703 -11.2991  1.22883
 1.24747 -11.2919  1.22883
  1.2479 -11.2847  1.22926
 1.24833 -11.2774  1.22969
 1.24877 -11.2702  1.23013
  1.2492  -11.263  1.23056
 1.24963 -11.2558  1.23099
 1.25007 -11.2487  1.23143
  1.2505 -11.2415  1.23186
 1.25093 -11.2343  1.23229
 1.25137 -11.2271  1.23229
  1.2518   -11.22  1.23273
 1.25223 -11.2128  1.23316
 1.25267 -11.2057  1.23359
  1.2531 -11.1985  1.23403
 1.25353 -11.1914  1.23446
 1.25397 -11.1843  1.23489
  1.2544 -11.1771  1.23533
 1.25483   -11.17  1.23576
 1.25527 -11.1629  1.23576
  1.2557 -11.1558   1.2362
 1.25614 -11.1487  1.23663
 1.25657 -11.1416  1.23706
   1.257 -11.1345   1.2375
 1.25744 -11.1275  1.23793
 1.25787 -11.1204  1.23836
  1.2583 -11.1133   1.2388
 1.25874 -11.1063   1.2388
 1.25917 -11.0992  1.23923
  1.2596 -11.0921  1.23966
 1.26004 -11.0851   1.2401
 1.26047 -11.0781  1.24053
  1.2609  -11.071  1.24096
 1.26134  -11.064   1.2414
 1.26177  -11.057  1.24183
  1.2622   -11.05  1.24226
 1.26264  -11.043  1.24226
 1.26307  -11.036   1.2427
  1.2635  -11.029  1.24313
 1.26394  -11.022  1.24356
 1.26437  -11.015    1.244
  1.2648  -11.008  1.24443
 1.26524 -11.0011  1.24486
 1.26567 -10.9941   1.2453
 1.26611 -10.9871  1.24573
 1.26654 -10.9802  1.24573
 1.26697 -10.9732  1.24617
 1.26741 -10.9663   1.2466
 1.26784 -10.9594  1.24703
 1.26827 -10.9524  1.24747
 1.26871 -10.9455   1.2479
 1.26914 -10.9386  1.24833
 1.26957 -10.9317  1.24877
 1.27001 -10.9248  1.24877
 1.27044 -10.9179   1.2492
 1.27087  -10.911  1.24963
 1.27131 -10.9041  1.25007
 1.27174 -10.8972   1.2505
 1.27217 -10.8904  1.25093
 1.27261 -10.8835  1.25137
 1.27304 -10.8766   1.2518
 1.27347 -10.8698  1.25223
 1.27391 -10.8629  1.25223
 1.27434 -10.8561  1.25267
 1.27477 -10.8492   1.2531
 1.27521 -10.8424  1.25353
 1.27564 -10.8356  1.25397
 1.27608 -10.8288   1.2544
 1.27651 -10.8219  1.25483
 1.27694 -10.8151  1.25527
 1.27738 -10.8083   1.2557
 1.27781 -10.8015   1.2557
 1.27824 -10.7947  1.25614
 1.27868  -10.788  1.25657
 1.27911 -10.7812    1.257
 1.27954 -10.7744  1.25744
 1.27998 -10.7676  1.25787
 1.28041 -10.7609   1.2583
 1.28084 -10.7541  1.25874
 1.28128 -10.7474  1.25874
 1.28171 -10.7406  1.25917
 1.28214 -10.7339   1.2596
 1.28258 -10.7271  1.26004
 1.28301 -10.7204  1.26047
 1.28344 -10.7137   1.2609
 1.28388  -10.707  1.26134
 1.28431 -10.7003  1.26177
 1.28474 -10.6936   1.2622
 1.28518 -10.6869   1.2622
 1.28561 -10.6802  1.26264
 1.28605 -10.6735  1.26307
 1.28648 -10.6668   1.2635
 1.28691 -10.6601  1.26394
 1.28735 -10.6535  1.26437
 1.28778 -10.6468   1.2648
 1.28821 -10.6401  1.26524
 1.28865 -10.6335  1.26524
 1.28908 -10.6268  1.26567
 1.28951 -10.6202  1.26611
 1.28995 -10.6136  1.26654
 1.29038 -10.6069  1.26697
 1.29081 -10.6003  1.26741
 1.29125 -10.5937  1.26784
 1.29168 -10.5871  1.26827
 1.29211 -10.5805  1.26871
 1.29255 -10.5739  1.26871
 1.29298 -10.5673  1.26914
 1.29341 -10.5607  1.26957
 1.29385 -10.5541  1.27001
 1.29428 -10.5475  1.27044
 1.29471 -10.5409  1.27087
 1.29515 -10.5344  1.27131
 1.29558 -10.5278  1.27174
 1.29602 -10.5212  1.27217
 1.29645 -10.5147  1.27217
 1.29688 -10.5081  1.27261
 1.29732 -10.5016  1.27304
 1.29775 -10.4951  1.27347
 1.29818 -10.4885  1.27391
 1.29862  -10.482  1.27434
 1.29905 -10.4755  1.27477
 1.29948  -10.469  1.27521
 1.29992 -10.4625  1.27521
 1.30035  -10.456  1.27564
 1.30078 -10.4495  1.27608
 1.30122  -10.443  1.27651
 1.30165 -10.4365  1.27694
 1.30208   -10.43  1.27738
 1.30252 -10.4235  1.27781
 1.30295 -10.4171  1.27824
 1.30338 -10.4106  1.27868
 1.30382 -10.4042  1.27868
 1.30425 -10.3977  1.27911
 1.30468 -10.3913  1.27954
 1.30512 -10.3848  1.27998
 1.30555 -10.3784  1.28041
 1.30599  -10.372  1.28084
 1.30642 -10.3655  1.28128
 1.30685 -10.3591  1.28171
 1.30729 -10.3527  1.28171
 1.30772 -10.3463  1.28214
 1.30815 -10.3399  1.28258
 1.30859 -10.3335  1.28301
 1.30902 -10.3271  1.28344
 1.30945 -10.3207  1.28388
 1.30989 -10.3143  1.28431
 1.31032 -10.3079  1.28474
 1.31075 -10.3016  1.28518
 1.31119 -10.2952  1.28518
 1.31162 -10.2888  1.28561
 1.31205 -10.2825  1.28605
 1.31249 -10.2761  1.28648
 1.31292 -10.2698  1.28691
 1.31335 -10.2635  1.28735
 1.31379 -10.2571  1.28778
 1.31422 -10.2508  1.28821
 1.31465 -10.2445  1.28821
 1.31509 -10.2382  1.28865
 1.31552 -10.2318  1.28908
 1.31596 -10.2255  1.28951
 1.31639 -10.2192  1.28995
 1.31682 -10.2129  1.29038
 1.31726 -10.2066  1.29081
 1.31769 -10.2004  1.29125
 1.31812 -10.1941  1.29168
 1.31856 -10.1878  1.29168
 1.31899 -10.1815  1.29211
 1.31942 -10.1753  1.29255
 1.31986  -10.169  1.29298
 1.32029 -10.1628  1.29341
 1.32072 -10.1565  1.29385
 1.32116 -10.1503  1.29428
 1.32159  -10.144  1.29471
 1.32202 -10.1378  1.29515
 1.32246 -10.1316  1.29515
 1.32289 -10.1253  1.29558
 1.32332 -10.1191  1.29602
 1.32376 -10.1129  1.29645
 1.32419 -10.1067  1.29688
 1.32462 -10.1005  1.29732
 1.32506 -10.0943  1.29775
 1.32549 -10.0881  1.29818
 1.32593 -10.0819  1.29818
 1.32636 -10.0758  1.29862
 1.32679 -10.0696  1.29905
 1.32723 -10.0634  1.29948
 1.32766 -10.0572  1.29992
 1.32809 -10.0511  1.30035
 1.32853 -10.0449  1.30078
 1.32896 -10.0388  1.30122
 1.32939 -10.0326  1.30165
 1.32983 -10.0265  1.30165
 1.33026 -10.0204  1.30208
 1.33069 -10.0142  1.30252
 1.33113 -10.0081  1.30295
 1.33156  -10.002  1.30338
 1.33199 -9.99587  1.30382
 1.33243 -9.98976  1.30425
 1.33286 -9.98366  1.30468
 1.33329 -9.97756  1.30468
 1.33373 -9.97146  1.30512
 1.33416 -9.96537  1.30555
 1.33459 -9.95929  1.30599
 1.33503 -9.95321  1.30642
 1.33546 -9.94714  1.30685
  1.3359 -9.94107  1.30729
 1.33633 -9.93501  1.30772
 1.33676 -9.92895  1.30815
  1.3372  -9.9229  1.30815
 1.33763 -9.91685  1.30859
 1.33806  -9.9108  1.30902
  1.3385 -9.90476  1.30945
 1.33893 -9.89873  1.30989
 1.33936  -9.8927  1.31032
  1.3398 -9.88668  1.31075
 1.34023 -9.88066  1.31119
 1.34066 -9.87465  1.31119
  1.3411 -9.86864  1.31162
 1.34153 -9.86264  1.31205
 1.34196 -9.85664  1.31249
  1.3424 -9.85064  1.31292
 1.34283 -9.84466  1.31335
 1.34326 -9.83867  1.31379
  1.3437  -9.8327  1.31422
 1.34413 -9.82672  1.31465
 1.34456 -9.82075  1.31465
   1.345 -9.81479  1.31509
 1.34543 -9.80883  1.31552
 1.34587 -9.80288  1.31596
  1.3463 -9.79693  1.31639
 1.34673 -9.79098  1.31682
 1.34717 -9.78504  1.31726
  1.3476 -9.77911  1.31769
 1.34803 -9.77318  1.31769
 1.34847 -9.76726  1.31812
  1.3489 -9.76134  1.31856
 1.34933 -9.75542  1.31899
 1.34977 -9.74951  1.31942
  1.3502 -9.74361  1.31986
 1.35063 -9.73771  1.32029
 1.35107 -9.73182  1.32072
  1.3515 -9.72593  1.32116
 1.35193 -9.72004  1.32116
 1.35237 -9.71416  1.32159
  1.3528 -9.70828  1.32202
 1.35323 -9.70241  1.32246
 1.35367 -9.69655  1.32289
  1.3541 -9.69069  1.32332
 1.35453 -9.68483  1.32376
 1.35497 -9.67898  1.32419
  1.3554 -9.67313  1.32419
 1.35584 -9.66729  1.32462
 1.35627 -9.66145  1.32506
  1.3567 -9.65562  1.32549
 1.35714 -9.64979  1.32593
 1.35757 -9.64397  1.32636
   1.358 -9.63815  1.32679
 1.35844 -9.63234  1.32723
 1.35887 -9.62653  1.32766
  1.3593 -9.62073  1.32766
 1.35974 -9.61493  1.32809
 1.36017 -9.60914  1.32853
  1.3606 -9.60335  1.32896
 1.36104 -9.59756  1.32939
 1.36147 -9.59178  1.32983
  1.3619 -9.58601  1.33026
 1.36234 -9.58024  1.33069
 1.36277 -9.57447  1.33069
  1.3632 -9.56871  1.33113
 1.36364 -9.56296  1.33156
 1.36407  -9.5572  1.33199
  1.3645 -9.55146  1.33243
 1.36494 -9.54572  1.33286
 1.36537 -9.53998  1.33329
 1.36581 -9.53425  1.33373
 1.36624 -9.52852  1.33373
 1.36667  -9.5228  1.33416
 1.36711 -9.51708  1.33459
 1.36754 -9.51136  1.33503
 1.36797 -9.50565  1.33546
 1.36841 -9.49995   1.3359
 1.36884 -9.49425  1.33633
 1.36927 -9.48856  1.33676
 1.36971 -9.48287   1.3372
 1.37014 -9.47718   1.3372
 1.37057  -9.4715  1.33763
 1.37101 -9.46582  1.33806
 1.37144 -9.46015   1.3385
 1.37187 -9.45448  1.33893
 1.37231 -9.44882  1.33936
 1.37274 -9.44316   1.3398
 1.37317 -9.43751  1.34023
 1.37361 -9.43186  1.34066
 1.37404 -9.42622  1.34066
 1.37447 -9.42058   1.3411
 1.37491 -9.41494  1.34153
 1.37534 -9.40931  1.34196
 1.37578 -9.40369   1.3424
 1.37621 -9.39807  1.34283
 1.37664 -9.39245  1.34326
 1.37708 -9.38684   1.3437
 1.37751 -9.38123   1.3437
 1.37794 -9.37563  1.34413
 1.37838 -9.37003  1.34456
 1.37881 -9.36443    1.345
 1.37924 -9.35884  1.34543
 1.37968 -9.35326  1.34587
 1.38011 -9.34768   1.3463
 1.38054 -9.34211  1.34673
 1.38098 -9.33654  1.34673
 1.38141 -9.33097  1.34717
 1.38184 -9.32541   1.3476
 1.38228 -9.31985  1.34803
 1.38271 -9.31429  1.34847
 1.38314 -9.30874   1.3489
 1.38358  -9.3032  1.34933
 1.38401 -9.29766  1.34977
 1.38444 -9.29213   1.3502
 1.38488  -9.2866   1.3502
 1.38531 -9.28107  1.35063
 1.38575 -9.27555  1.35107
 1.38618 -9.27003   1.3515
 1.38661 -9.26452  1.35193
 1.38705 -9.25901  1.35237
 1.38748 -9.25351   1.3528
 1.38791 -9.24801  1.35323
 1.38835 -9.24251  1.35323
 1.38878 -9.23702  1.35367
 1.38921 -9.23154   1.3541
 1.38965 -9.22605  1.35453
 1.39008 -9.22058  1.35497
 1.39051  -9.2151   1.3554
 1.39095 -9.20964  1.35584
 1.39138 -9.20417  1.35627
 1.39181 -9.19872   1.3567
 1.39225 -9.19326   1.3567
 1.39268 -9.18781  1.35714
 1.39311 -9.18236  1.35757
 1.39355 -9.17692    1.358
 1.39398 -9.17148  1.35844
 1.39441 -9.16605  1.35887
 1.39485 -9.16062   1.3593
 1.39528  -9.1552  1.35974
 1.39572 -9.14978  1.35974
 1.39615 -9.14436  1.36017
 1.39658 -9.13895   1.3606
 1.39702 -9.13354  1.36104
 1.39745 -9.12814  1.36147
 1.39788 -9.12274   1.3619
 1.39832 -9.11735  1.36234
 1.39875 -9.11196  1.36277
 1.39918 -9.10658  1.36277
 1.39962 -9.10119   1.3632
 1.40005 -9.09582  1.36364
 1.40048 -9.09044  1.36407
 1.40092 -9.08508   1.3645
 1.40135 -9.07971  1.36494
 1.40178 -9.07435  1.36537
 1.40222   -9.069  1.36581
 1.40265 -9.06365  1.36624
 1.40308  -9.0583  1.36624
 1.40352 -9.05296  1.36667
 1.40395 -9.04762  1.36711
 1.40438 -9.04229  1.36754
 1.40482 -9.03696  1.36797
 1.40525 -9.03163  1.36841
 1.40569 -9.02631  1.36884
 1.40612   -9.021  1.36927
 1.40655 -9.01569  1.36971
 1.40699 -9.01038  1.36971
 1.40742 -9.00507  1.37014
 1.40785 -8.99977  1.37057
 1.40829 -8.99448  1.37101
 1.40872 -8.98919  1.37144
 1.40915  -8.9839  1.37187
 1.40959 -8.97862  1.37231
 1.41002 -8.97334  1.37274
 1.41045 -8.96807  1.37274
 1.41089  -8.9628  1.37317
 1.41132 -8.95753  1.37361
 1.41175 -8.95227  1.37404
 1.41219 -8.94701  1.37447
 1.41262 -8.94176  1.37491
 1.41305 -8.93651  1.37534
 1.41349 -8.93127  1.37578
 1.41392 -8.92603  1.37578
 1.41435 -8.92079  1.37621
 1.41479 -8.91556  1.37664
 1.41522 -8.91033  1.37708
 1.41566  -8.9051  1.37751
 1.41609 -8.89989  1.37794
 1.41652 -8.89467  1.37838
 1.41696 -8.88946  1.37881
 1.41739 -8.88425  1.37881
 1.41782 -8.87905  1.37924
 1.41826 -8.87385  1.37968
 1.41869 -8.86866  1.38011
 1.41912 -8.86346  1.38054
 1.41956 -8.85828  1.38098
 1.41999  -8.8531  1.38141
 1.42042 -8.84792  1.38184
 1.42086 -8.84275  1.38228
 1.42129 -8.83758  1.38228
 1.42172 -8.83241  1.38271
 1.42216 -8.82725  1.38314
 1.42259 -8.82209  1.38358
 1.42302 -8.81693  1.38401
 1.42346 -8.81179  1.38444
 1.42389 -8.80664  1.38488
 1.42432  -8.8015  1.38531
 1.42476 -8.79636  1.38575
 1.42519 -8.79123  1.38575
 1.42563  -8.7861  1.38618
 1.42606 -8.78097  1.38661
 1.42649 -8.77585  1.38705
 1.42693 -8.77074  1.38748
 1.42736 -8.76562  1.38791
 1.42779 -8.76052  1.38835
 1.42823 -8.75541  1.38878
 1.42866 -8.75031  1.38878
 1.42909 -8.74521  1.38921
 1.42953 -8.74012  1.38965
 1.42996 -8.73503  1.39008
 1.43039 -8.72995  1.39051
 1.43083 -8.72487  1.39095
 1.43126 -8.71979  1.39138
 1.43169 -8.71472  1.39181
 1.43213 -8.70965  1.39181
 1.43256 -8.70458  1.39225
 1.43299 -8.69952  1.39268
 1.43343 -8.69447  1.39311
 1.43386 -8.68941  1.39355
 1.43429 -8.68437  1.39398
 1.43473 -8.67932  1.39441
 1.43516 -8.67428  1.39485
  1.4356 -8.66925  1.39485
 1.43603 -8.66421  1.39528
 1.43646 -8.65918  1.39572
  1.4369 -8.65416  1.39615
 1.43733 -8.64914  1.39658
 1.43776 -8.64412  1.39702
  1.4382 -8.63911  1.39745
 1.43863  -8.6341  1.39788
 1.43906  -8.6291  1.39832
  1.4395 -8.62409  1.39832
 1.43993  -8.6191  1.39875
 1.44036  -8.6141  1.39918
  1.4408 -8.60911  1.39962
 1.44123 -8.60413  1.40005
 1.44166 -8.59915  1.40048
  1.4421 -8.59417  1.40092
 1.44253  -8.5892  1.40135
 1.44296 -8.58423  1.40135
  1.4434 -8.57926  1.40178
 1.44383  -8.5743  1.40222
 1.44426 -8.56934  1.40265
  1.4447 -8.56439  1.40308
 1.44513 -8.55944  1.40352
 1.44557 -8.55449  1.40395
   1.446 -8.54955  1.40438
 1.44643 -8.54461  1.40482
 1.44687 -8.53968  1.40482
  1.4473 -8.53474  1.40525
 1.44773 -8.52982  1.40569
 1.44817 -8.52489  1.40612
  1.4486 -8.51997  1.40655
 1.44903 -8.51506  1.40699
 1.44947 -8.51015  1.40742
  1.4499 -8.50524  1.40785
 1.45033 -8.50034  1.40785
 1.45077 -8.49544  1.40829
  1.4512 -8.49054  1.40872
 1.45163 -8.48565  1.40915
 1.45207 -8.48076  1.40959
  1.4525 -8.47587  1.41002
 1.45293 -8.47099  1.41045
 1.45337 -8.46612  1.41089
  1.4538 -8.46125  1.41089
 1.45423 -8.45637  1.41132
 1.45467 -8.45151  1.41175
  1.4551 -8.44665  1.41219
 1.45554 -8.44179  1.41262
 1.45597 -8.43693  1.41305
  1.4564 -8.43208  1.41349
 1.45684 -8.42724  1.41392
 1.45727  -8.4224  1.41435
  1.4577 -8.41756  1.41435
 1.45814 -8.41272  1.41479
 1.45857 -8.40789  1.41522
   1.459 -8.40306  1.41566
 1.45944 -8.39824  1.41609
 1.45987 -8.39342  1.41652
  1.4603  -8.3886  1.41696
 1.46074 -8.38379  1.41739
 1.46117 -8.37898  1.41739
  1.4616 -8.37417  1.41782
 1.46204 -8.36937  1.41826
 1.46247 -8.36457  1.41869
  1.4629 -8.35978  1.41912
 1.46334 -8.35499  1.41956
 1.46377  -8.3502  1.41999
  1.4642 -8.34542  1.42042
 1.46464 -8.34064  1.42042
 1.46507 -8.33587  1.42086
 1.46551 -8.33109  1.42129
 1.46594 -8.32632  1.42172
 1.46637 -8.32156  1.42216
 1.46681  -8.3168  1.42259
 1.46724 -8.31204  1.42302
 1.46767 -8.30729  1.42346
 1.46811 -8.30254  1.42346
 1.46854  -8.2978  1.42389
 1.46897 -8.29305  1.42432
 1.46941 -8.28831  1.42476
 1.46984 -8.28358  1.42519
 1.47027 -8.27885  1.42563
 1.47071 -8.27412  1.42606
 1.47114  -8.2694  1.42649
 1.47157 -8.26468  1.42693
 1.47201 -8.25996  1.42693
 1.47244 -8.25525  1.42736
 1.47287 -8.25054  1.42779
 1.47331 -8.24583  1.42823
 1.47374 -8.24113  1.42866
 1.47417 -8.23643  1.42909
 1.47461 -8.23174  1.42953
 1.47504 -8.22705  1.42996
 1.47548 -8.22236  1.42996
 1.47591 -8.21767  1.43039
 1.47634 -8.21299  1.43083
 1.47678 -8.20832  1.43126
 1.47721 -8.20364  1.43169
 1.47764 -8.19897  1.43213
 1.47808 -8.19431  1.43256
 1.47851 -8.18965  1.43299
 1.47894 -8.18499  1.43299
 1.47938 -8.18033  1.43343
 1.47981 -8.17568  1.43386
 1.48024 -8.17103  1.43429
 1.48068 -8.16639  1.43473
 1.48111 -8.16175  1.43516
 1.48154 -8.15711   1.4356
 1.48198 -8.15248  1.43603
 1.48241 -8.14785  1.43646
 1.48284 -8.14322  1.43646
 1.48328  -8.1386   1.4369
 1.48371 -8.13398  1.43733
 1.48414 -8.12936  1.43776
 1.48458 -8.12475   1.4382
 1.48501 -8.12014  1.43863
 1.48545 -8.11554  1.43906
 1.48588 -8.11094   1.4395
 1.48631 -8.10634   1.4395
 1.48675 -8.10174  1.43993
 1.48718 -8.09715  1.44036
 1.48761 -8.09257   1.4408
 1.48805 -8.08798  1.44123
 1.48848  -8.0834  1.44166
 1.48891 -8.07883   1.4421
 1.48935 -8.07425  1.44253
 1.48978 -8.06968  1.44253
 1.49021 -8.06512  1.44296
 1.49065 -8.06055   1.4434
 1.49108 -8.05599  1.44383
 1.49151 -8.05144  1.44426
 1.49195 -8.04688   1.4447
 1.49238 -8.04234  1.44513
 1.49281 -8.03779  1.44557
 1.49325 -8.03325    1.446
 1.49368 -8.02871    1.446
 1.49411 -8.02418  1.44643
 1.49455 -8.01964  1.44687
 1.49498 -8.01512   1.4473
 1.49542 -8.01059  1.44773
 1.49585 -8.00607  1.44817
 1.49628 -8.00155   1.4486
 1.49672 -7.99704  1.44903
 1.49715 -7.99253  1.44903
 1.49758 -7.98802  1.44947
 1.49802 -7.98352   1.4499
 1.49845 -7.97902  1.45033
 1.49888 -7.97452  1.45077
 1.49932 -7.97003   1.4512
 1.49975 -7.96554  1.45163
 1.50018 -7.96105  1.45207
 1.50062 -7.95657  1.45207
 1.50105 -7.95209   1.4525
 1.50148 -7.94761  1.45293
 1.50192 -7.94314  1.45337
 1.50235 -7.93867   1.4538
 1.50278  -7.9342  1.45423
 1.50322 -7.92974  1.45467
 1.50365 -7.92528   1.4551
 1.50408 -7.92082  1.45554
 1.50452 -7.91637  1.45554
 1.50495 -7.91192  1.45597
 1.50539 -7.90747   1.4564
 1.50582 -7.90303  1.45684
 1.50625 -7.89859  1.45727
 1.50669 -7.89416   1.4577
 1.50712 -7.88973  1.45814
 1.50755  -7.8853  1.45857
 1.50799 -7.88087  1.45857
 1.50842 -7.87645    1.459
 1.50885 -7.87203  1.45944
 1.50929 -7.86761  1.45987
 1.50972  -7.8632   1.4603
 1.51015 -7.85879  1.46074
 1.51059 -7.85439  1.46117
 1.51102 -7.84999   1.4616
 1.51145 -7.84559   1.4616
 1.51189 -7.84119  1.46204
 1.51232  -7.8368  1.46247
 1.51275 -7.83241   1.4629
 1.51319 -7.82803  1.46334
 1.51362 -7.82364  1.46377
 1.51405 -7.81926   1.4642
 1.51449 -7.81489  1.46464
 1.51492 -7.81052  1.46464
 1.51536 -7.80615  1.46507
 1.51579 -7.80178  1.46551
 1.51622 -7.79742  1.46594
 1.51666 -7.79306  1.46637
 1.51709 -7.78871  1.46681
 1.51752 -7.78435  1.46724
 1.51796 -7.78001  1.46767
 1.51839 -7.77566  1.46811
 1.51882 -7.77132  1.46811
 1.51926 -7.76698  1.46854
 1.51969 -7.76264  1.46897
 1.52012 -7.75831  1.46941
 1.52056 -7.75398  1.46984
 1.52099 -7.74965  1.47027
 1.52142 -7.74533  1.47071
 1.52186 -7.74101  1.47114
 1.52229  -7.7367  1.47114
 1.52272 -7.73238  1.47157
 1.52316 -7.72807  1.47201
 1.52359 -7.72377  1.47244
 1.52402 -7.71946  1.47287
 1.52446 -7.71516  1.47331
 1.52489 -7.71087  1.47374
 1.52533 -7.70657  1.47417
 1.52576 -7.70228  1.47417
 1.52619 -7.69799  1.47461
 1.52663 -7.69371  1.47504
 1.52706 -7.68943  1.47548
 1.52749 -7.68515  1.47591
 1.52793 -7.68088  1.47634
 1.52836 -7.67661  1.47678
 1.52879 -7.67234  1.47721
 1.52923 -7.66808  1.47721
 1.52966 -7.66381  1.47764
 1.53009 -7.65956  1.47808
 1.53053  -7.6553  1.47851
 1.53096 -7.65105  1.47894
 1.53139  -7.6468  1.47938
 1.53183 -7.64255  1.47981
 1.53226 -7.63831  1.48024
 1.53269 -7.63407  1.48024
 1.53313 -7.62984  1.48068
 1.53356 -7.62561  1.48111
 1.53399 -7.62138  1.48154
 1.53443 -7.61715  1.48198
 1.53486 -7.61293  1.48241
  1.5353 -7.60871  1.48284
 1.53573 -7.60449  1.48328
 1.53616 -7.60028  1.48371
  1.5366 -7.59607  1.48371
 1.53703 -7.59186  1.48414
 1.53746 -7.58765  1.48458
  1.5379 -7.58345  1.48501
 1.53833 -7.57926  1.48545
 1.53876 -7.57506  1.48588
  1.5392 -7.57087  1.48631
 1.53963 -7.56668  1.48675
 1.54006  -7.5625  1.48675
  1.5405 -7.55831  1.48718
 1.54093 -7.55413  1.48761
 1.54136 -7.54996  1.48805
  1.5418 -7.54579  1.48848
 1.54223 -7.54162  1.48891
 1.54266 -7.53745  1.48935
  1.5431 -7.53329  1.48978
 1.54353 -7.52913  1.48978
 1.54396 -7.52497  1.49021
  1.5444 -7.52081  1.49065
 1.54483 -7.51666  1.49108
 1.54527 -7.51252  1.49151
  1.5457 -7.50837  1.49195
 1.54613 -7.50423  1.49238
 1.54657 -7.50009  1.49281
   1.547 -7.49596  1.49325
 1.54743 -7.49182  1.49325
 1.54787 -7.48769  1.49368
  1.5483 -7.48357  1.49411
 1.54873 -7.47944  1.49455
 1.54917 -7.47532  1.49498
  1.5496 -7.47121  1.49542
 1.55003 -7.46709  1.49585
 1.55047 -7.46298  1.49628
  1.5509 -7.45887  1.49628
 1.55133 -7.45477  1.49672
 1.55177 -7.45067  1.49715
  1.5522 -7.44657  1.49758
 1.55263 -7.44247  1.49802
 1.55307 -7.43838  1.49845
  1.5535 -7.43429  1.49888
 1.55393  -7.4302  1.49932
 1.55437 -7.42612  1.49932
  1.5548 -7.42204  1.49975
 1.55524 -7.41796  1.50018
 1.55567 -7.41389  1.50062
  1.5561 -7.40982  1.50105
 1.55654 -7.40575  1.50148
 1.55697 -7.40168  1.50192
  1.5574 -7.39762  1.50235
 1.55784 -7.39356  1.50235
 1.55827 -7.38951  1.50278
  1.5587 -7.38545  1.50322
 1.55914  -7.3814  1.50365
 1.55957 -7.37735  1.50408
    1.56 -7.37331  1.50452
 1.56044 -7.36927  1.50495
 1.56087 -7.36523  1.50539
  1.5613  -7.3612  1.50539
 1.56174 -7.35716  1.50582
 1.56217 -7.35313  1.50625
  1.5626 -7.34911  1.50669
 1.56304 -7.34508  1.50712
 1.56347 -7.34106  1.50755
  1.5639 -7.33705  1.50799
 1.56434 -7.33303  1.50842
 1.56477 -7.32902  1.50885
 1.56521 -7.32501  1.50885
 1.56564 -7.32101  1.50929
 1.56607   -7.317  1.50972
 1.56651   -7.313  1.51015
 1.56694 -7.30901  1.51059
 1.56737 -7.30501  1.51102
 1.56781 -7.30102  1.51145
 1.56824 -7.29703  1.51189
 1.56867 -7.29305  1.51189
 1.56911 -7.28907  1.51232
 1.56954 -7.28509  1.51275
 1.56997 -7.28111  1.51319
 1.57041 -7.27714  1.51362
 1.57084 -7.27317  1.51405
 1.57127  -7.2692  1.51449
 1.57171 -7.26524  1.51492
 1.57214 -7.26128  1.51492
 1.57257 -7.25732  1.51536
 1.57301 -7.25336  1.51579
 1.57344 -7.24941  1.51622
 1.57387 -7.24546  1.51666
 1.57431 -7.24151  1.51709
 1.57474 -7.23757  1.51752
 1.57518 -7.23363  1.51796
 1.57561 -7.22969  1.51796
 1.57604 -7.22575  1.51839
 1.57648 -7.22182  1.51882
 1.57691 -7.21789  1.51926
 1.57734 -7.21396  1.51969
 1.57778 -7.21004  1.52012
 1.57821 -7.20612  1.52056
 1.57864  -7.2022  1.52099
 1.57908 -7.19829  1.52099
 1.57951 -7.19437  1.52142
 1.57994 -7.19046  1.52186
 1.58038 -7.18656  1.52229
 1.58081 -7.18265  1.52272
 1.58124 -7.17875  1.52316
 1.58168 -7.17486  1.52359
 1.58211 -7.17096  1.52402
 1.58254 -7.16707  1.52402
 1.58298 -7.16318  1.52446
 1.58341 -7.15929  1.52489
 1.58384 -7.15541  1.52533
 1.58428 -7.15153  1.52576
 1.58471 -7.14765  1.52619
 1.58515 -7.14378  1.52663
 1.58558  -7.1399  1.52706
 1.58601 -7.13603  1.52749
 1.58645 -7.13217  1.52749
 1.58688  -7.1283  1.52793
 1.58731 -7.12444  1.52836
 1.58775 -7.12058  1.52879
 1.58818 -7.11673  1.52923
 1.58861 -7.11288  1.52966
 1.58905 -7.10903  1.53009
 1.58948 -7.10518  1.53053
 1.58991 -7.10134  1.53053
 1.59035 -7.09749  1.53096
 1.59078 -7.09366  1.53139
 1.59121 -7.08982  1.53183
 1.59165 -7.08599  1.53226
 1.59208 -7.08216  1.53269
 1.59251 -7.07833  1.53313
 1.59295 -7.07451  1.53356
 1.59338 -7.07069  1.53356
 1.59381 -7.06687  1.53399
 1.59425 -7.06305  1.53443
 1.59468 -7.05924  1.53486
 1.59512 -7.05542   1.5353
 1.59555 -7.05162  1.53573
 1.59598 -7.04781  1.53616
 1.59642 -7.04401   1.5366
 1.59685 -7.04021   1.5366
 1.59728 -7.03641  1.53703
 1.59772 -7.03262  1.53746
 1.59815 -7.02883   1.5379
 1.59858 -7.02504  1.53833
 1.59902 -7.02125  1.53876
 1.59945 -7.01747   1.5392
 1.59988 -7.01369  1.53963
 1.60032 -7.00992  1.53963
 1.60075 -7.00614  1.54006
 1.60118 -7.00237   1.5405
 1.60162  -6.9986  1.54093
 1.60205 -6.99483  1.54136
 1.60248 -6.99107   1.5418
 1.60292 -6.98731  1.54223
 1.60335 -6.98355  1.54266
 1.60378  -6.9798  1.54266
 1.60422 -6.97604   1.5431
 1.60465 -6.97229  1.54353
 1.60509 -6.96854  1.54396
 1.60552  -6.9648   1.5444
 1.60595 -6.96106  1.54483
 1.60639 -6.95732  1.54527
 1.60682 -6.95358   1.5457
 1.60725 -6.94985  1.54613
 1.60769 -6.94612  1.54613
 1.60812 -6.94239  1.54657
 1.60855 -6.93866    1.547
 1.60899 -6.93494  1.54743
 1.60942 -6.93122  1.54787
 1.60985  -6.9275   1.5483
 1.61029 -6.92379  1.54873
 1.61072 -6.92008  1.54917
 1.61115 -6.91637  1.54917
 1.61159 -6.91266   1.5496
 1.61202 -6.90895  1.55003
 1.61245 -6.90525  1.55047
 1.61289 -6.90155   1.5509
 1.61332 -6.89786  1.55133
 1.61375 -6.89417  1.55177
 1.61419 -6.89048   1.5522
 1.61462 -6.88679   1.5522
 1.61506  -6.8831  1.55263
 1.61549 -6.87942  1.55307
 1.61592 -6.87574   1.5535
 1.61636 -6.87206  1.55393
 1.61679 -6.86838  1.55437
 1.61722 -6.86471   1.5548
 1.61766 -6.86104  1.55524
 1.61809 -6.85738  1.55524
 1.61852 -6.85371  1.55567
 1.61896 -6.85005   1.5561
 1.61939 -6.84639  1.55654
 1.61982 -6.84273  1.55697
 1.62026 -6.83908   1.5574
 1.62069 -6.83543  1.55784
 1.62112 -6.83178  1.55827
 1.62156 -6.82814  1.55827
 1.62199 -6.82449   1.5587
 1.62242 -6.82085  1.55914
 1.62286 -6.81721  1.55957
 1.62329 -6.81358     1.56
 1.62372 -6.80995  1.56044
 1.62416 -6.80632  1.56087
 1.62459 -6.80269   1.5613
 1.62503 -6.79907   1.5613
 1.62546 -6.79544  1.56174
 1.62589 -6.79182  1.56217
 1.62633  -6.7882   1.5626
 1.62676 -6.78459  1.56304
 1.62719 -6.78098  1.56347
 1.62763 -6.77737   1.5639
 1.62806 -6.77376  1.56434
 1.62849 -6.77016  1.56434
 1.62893 -6.76656  1.56477
 1.62936 -6.76296  1.56521
 1.62979 -6.75936  1.56564
 1.63023 -6.75577  1.56607
 1.63066 -6.75218  1.56651
 1.63109 -6.74859  1.56694
 1.63153   -6.745  1.56737
 1.63196 -6.74142  1.56781
 1.63239 -6.73784  1.56781
 1.63283 -6.73426  1.56824
 1.63326 -6.73068  1.56867
 1.63369 -6.72711  1.56911
 1.63413 -6.72354  1.56954
 1.63456 -6.71997  1.56997
 1.63499 -6.71641  1.57041
 1.63543 -6.71284  1.57084
 1.63586 -6.70928  1.57084
  1.6363 -6.70572  1.57127
 1.63673 -6.70217  1.57171
 1.63716 -6.69862  1.57214
  1.6376 -6.69507  1.57257
 1.63803 -6.69152  1.57301
 1.63846 -6.68797  1.57344
  1.6389 -6.68443  1.57387
 1.63933 -6.68089  1.57387
 1.63976 -6.67735  1.57431
  1.6402 -6.67382  1.57474
 1.64063 -6.67028  1.57518
 1.64106 -6.66675  1.57561
  1.6415 -6.66323  1.57604
 1.64193  -6.6597  1.57648
 1.64236 -6.65618  1.57691
  1.6428 -6.65266  1.57691
 1.64323 -6.64914  1.57734
 1.64366 -6.64563  1.57778
  1.6441 -6.64211  1.57821
 1.64453  -6.6386  1.57864
 1.64496  -6.6351  1.57908
  1.6454 -6.63159  1.57951
 1.64583 -6.62809  1.57994
 1.64627 -6.62459  1.57994
  1.6467 -6.62109  1.58038
 1.64713  -6.6176  1.58081
 1.64757  -6.6141  1.58124
   1.648 -6.61061  1.58168
 1.64843 -6.60713  1.58211
 1.64887 -6.60364  1.58254
  1.6493 -6.60016  1.58298
 1.64973 -6.59668  1.58298
 1.65017  -6.5932  1.58341
  1.6506 -6.58973  1.58384
 1.65103 -6.58625  1.58428
 1.65147 -6.58278  1.58471
  1.6519 -6.57931  1.58515
 1.65233 -6.57585  1.58558
 1.65277 -6.57239  1.58601
  1.6532 -6.56893  1.58601
 1.65363 -6.56547  1.58645
 1.65407 -6.56201  1.58688
  1.6545 -6.55856  1.58731
 1.65493 -6.55511  1.58775
 1.65537 -6.55166  1.58818
  1.6558 -6.54821  1.58861
 1.65624 -6.54477  1.58905
 1.65667 -6.54133  1.58905
  1.6571 -6.53789  1.58948
 1.65754 -6.53446  1.58991
 1.65797 -6.53102  1.59035
  1.6584 -6.52759  1.59078
 1.65884 -6.52416  1.59121
 1.65927 -6.52074  1.59165
  1.6597 -6.51731  1.59208
 1.66014 -6.51389  1.59208
 1.66057 -6.51047  1.59251
   1.661 -6.50706  1.59295
 1.66144 -6.50364  1.59338
 1.66187 -6.50023  1.59381
  1.6623 -6.49682  1.59425
 1.66274 -6.49341  1.59468
 1.66317 -6.49001  1.59512
  1.6636 -6.48661  1.59512
 1.66404 -6.48321  1.59555
 1.66447 -6.47981  1.59598
  1.6649 -6.47641  1.59642
 1.66534 -6.47302  1.59685
 1.66577 -6.46963  1.59728
 1.66621 -6.46624  1.59772
 1.66664 -6.46286  1.59815
 1.66707 -6.45948  1.59858
 1.66751  -6.4561  1.59858
 1.66794 -6.45272  1.59902
 1.66837 -6.44934  1.59945
 1.66881 -6.44597  1.59988
 1.66924  -6.4426  1.60032
 1.66967 -6.43923  1.60075
 1.67011 -6.43586  1.60118
 1.67054  -6.4325  1.60162
 1.67097 -6.42914  1.60162
 1.67141 -6.42578  1.60205
 1.67184 -6.42242  1.60248
 1.67227 -6.41906  1.60292
 1.67271 -6.41571  1.60335
 1.67314 -6.41236  1.60378
 1.67357 -6.40902  1.60422
 1.67401 -6.40567  1.60465
 1.67444 -6.40233  1.60465
 1.67487 -6.39899  1.60509
 1.67531 -6.39565  1.60552
 1.67574 -6.39231  1.60595
 1.67618 -6.38898  1.60639
 1.67661 -6.38565  1.60682
 1.67704 -6.38232  1.60725
 1.67748 -6.37899  1.60769
 1.67791 -6.37567  1.60769
 1.67834 -6.37235  1.60812
 1.67878 -6.36903  1.60855
 1.67921 -6.36571  1.60899
 1.67964  -6.3624  1.60942
 1.68008 -6.35908  1.60985
 1.68051 -6.35577  1.61029
 1.68094 -6.35247  1.61072
 1.68138 -6.34916  1.61072
 1.68181 -6.34586  1.61115
 1.68224 -6.34256  1.61159
 1.68268 -6.33926  1.61202
 1.68311 -6.33596  1.61245
 1.68354 -6.33267  1.61289
 1.68398 -6.32938  1.61332
 1.68441 -6.32609  1.61375
 1.68484  -6.3228  1.61375
 1.68528 -6.31952  1.61419
 1.68571 -6.31623  1.61462
 1.68615 -6.31295  1.61506
 1.68658 -6.30968  1.61549
 1.68701  -6.3064  1.61592
 1.68745 -6.30313  1.61636
 1.68788 -6.29986  1.61679
 1.68831 -6.29659  1.61679
 1.68875 -6.29332  1.61722
 1.68918 -6.29006  1.61766
 1.68961  -6.2868  1.61809
 1.69005 -6.28354  1.61852
 1.69048 -6.28028  1.61896
 1.69091 -6.27702  1.61939
 1.69135 -6.27377  1.61982
 1.69178 -6.27052  1.61982
 1.69221 -6.26727  1.62026
 1.69265 -6.26403  1.62069
 1.69308 -6.26078  1.62112
 1.69351 -6.25754  1.62156
 1.69395  -6.2543  1.62199
 1.69438 -6.25107  1.62242
 1.69481 -6.24783  1.62286
 1.69525  -6.2446  1.62286
 1.69568 -6.24137  1.62329
 1.69612 -6.23814  1.62372
 1.69655 -6.23491  1.62416
 1.69698 -6.23169  1.62459
 1.69742 -6.22847  1.62503
 1.69785 -6.22525  1.62546
 1.69828 -6.22204  1.62589
 1.69872 -6.21882  1.62633
 1.69915 -6.21561  1.62633
 1.69958  -6.2124  1.62676
 1.70002 -6.20919  1.62719
 1.70045 -6.20598  1.62763
 1.70088 -6.20278  1.62806
 1.70132 -6.19958  1.62849
 1.70175 -6.19638  1.62893
 1.70218 -6.19319  1.62936
 1.70262 -6.18999  1.62936
 1.70305  -6.1868  1.62979
 1.70348 -6.18361  1.63023
 1.70392 -6.18042  1.63066
 1.70435 -6.17724  1.63109
 1.70478 -6.17405  1.63153
 1.70522 -6.17087  1.63196
 1.70565 -6.16769  1.63239
 1.70609 -6.16452  1.63239
 1.70652 -6.16134  1.63283
 1.70695 -6.15817  1.63326
 1.70739   -6.155  1.63369
 1.70782 -6.15183  1.63413
 1.70825 -6.14866  1.63456
 1.70869  -6.1455  1.63499
 1.70912 -6.14234  1.63543
 1.70955 -6.13918  1.63543
 1.70999 -6.13602  1.63586
 1.71042 -6.13287   1.6363
 1.71085 -6.12972  1.63673
 1.71129 -6.12657  1.63716
 1.71172 -6.12342   1.6376
 1.71215 -6.12027  1.63803
 1.71259 -6.11713  1.63846
 1.71302 -6.11399  1.63846
 1.71345 -6.11085   1.6389
 1.71389 -6.10771  1.63933
 1.71432 -6.10457  1.63976
 1.71475 -6.10144   1.6402
 1.71519 -6.09831  1.64063
 1.71562 -6.09518  1.64106
 1.71606 -6.09206   1.6415
 1.71649 -6.08893   1.6415
 1.71692 -6.08581  1.64193
 1.71736 -6.08269  1.64236
 1.71779 -6.07957   1.6428
 1.71822 -6.07645  1.64323
 1.71866 -6.07334  1.64366
 1.71909 -6.07023   1.6441
 1.71952 -6.06712  1.64453
 1.71996 -6.06401  1.64453
 1.72039 -6.06091  1.64496
 1.72082  -6.0578   1.6454
 1.72126  -6.0547  1.64583
 1.72169  -6.0516  1.64627
 1.72212 -6.04851   1.6467
 1.72256 -6.04541  1.64713
 1.72299 -6.04232  1.64757
 1.72342 -6.03923  1.64757
 1.72386 -6.03614    1.648
 1.72429 -6.03306  1.64843
 1.72472 -6.02997  1.64887
 1.72516 -6.02689   1.6493
 1.72559 -6.02381  1.64973
 1.72603 -6.02073  1.65017
 1.72646 -6.01766   1.6506
 1.72689 -6.01459   1.6506
 1.72733 -6.01151  1.65103
 1.72776 -6.00844  1.65147
 1.72819 -6.00538   1.6519
 1.72863 -6.00231  1.65233
 1.72906 -5.99925  1.65277
 1.72949 -5.99619   1.6532
 1.72993 -5.99313  1.65363
 1.73036 -5.99008  1.65363
 1.73079 -5.98702  1.65407
 1.73123 -5.98397   1.6545
 1.73166 -5.98092  1.65493
 1.73209 -5.97787  1.65537
 1.73253 -5.97482   1.6558
 1.73296 -5.97178  1.65624
 1.73339 -5.96874  1.65667
 1.73383  -5.9657  1.65667
 1.73426 -5.96266   1.6571
 1.73469 -5.95963  1.65754
 1.73513 -5.95659  1.65797
 1.73556 -5.95356   1.6584
   1.736 -5.95053  1.65884
 1.73643  -5.9475  1.65927
 1.73686 -5.94448   1.6597
  1.7373 -5.94146   1.6597
 1.73773 -5.93843  1.66014
 1.73816 -5.93542  1.66057
  1.7386  -5.9324    1.661
 1.73903 -5.92938  1.66144
 1.73946 -5.92637  1.66187
  1.7399 -5.92336   1.6623
 1.74033 -5.92035  1.66274
 1.74076 -5.91735  1.66274
  1.7412 -5.91434  1.66317
 1.74163 -5.91134   1.6636
 1.74206 -5.90834  1.66404
  1.7425 -5.90534  1.66447
 1.74293 -5.90234   1.6649
 1.74336 -5.89935  1.66534
  1.7438 -5.89636  1.66577
 1.74423 -5.89337  1.66577
 1.74466 -5.89038  1.66621
  1.7451 -5.88739  1.66664
 1.74553 -5.88441  1.66707
 1.74597 -5.88142  1.66751
  1.7464 -5.87844  1.66794
 1.74683 -5.87547  1.66837
 1.74727 -5.87249  1.66881
  1.7477 -5.86952  1.66881
 1.74813 -5.86654  1.66924
 1.74857 -5.86357  1.66967
   1.749 -5.86061  1.67011
 1.74943 -5.85764  1.67054
 1.74987 -5.85468  1.67097
  1.7503 -5.85171  1.67141
 1.75073 -5.84875  1.67184
 1.75117  -5.8458  1.67184
  1.7516 -5.84284  1.67227
 1.75203 -5.83989  1.67271
 1.75247 -5.83693  1.67314
  1.7529 -5.83398  1.67357
 1.75333 -5.83104  1.67401
 1.75377 -5.82809  1.67444
  1.7542 -5.82515  1.67487
 1.75463 -5.82221  1.67487
 1.75507 -5.81927  1.67531
  1.7555 -5.81633  1.67574
 1.75594 -5.81339  1.67618
 1.75637 -5.81046  1.67661
  1.7568 -5.80753  1.67704
 1.75724  -5.8046  1.67748
 1.75767 -5.80167  1.67791
  1.7581 -5.79874  1.67791
 1.75854 -5.79582  1.67834
 1.75897  -5.7929  1.67878
  1.7594 -5.78998  1.67921
 1.75984 -5.78706  1.67964
 1.76027 -5.78414  1.68008
  1.7607 -5.78123  1.68051
 1.76114 -5.77832  1.68094
 1.76157 -5.77541  1.68094
   1.762  -5.7725  1.68138
 1.76244 -5.76959  1.68181
 1.76287 -5.76669  1.68224
  1.7633 -5.76378  1.68268
 1.76374 -5.76088  1.68311
 1.76417 -5.75799  1.68354
  1.7646 -5.75509  1.68398
 1.76504 -5.75219  1.68398
 1.76547  -5.7493  1.68441
 1.76591 -5.74641  1.68484
 1.76634 -5.74352  1.68528
 1.76677 -5.74064  1.68571
 1.76721 -5.73775  1.68615
 1.76764 -5.73487  1.68658
 1.76807 -5.73199  1.68701
 1.76851 -5.72911  1.68701
 1.76894 -5.72623  1.68745
 1.76937 -5.72336  1.68788
 1.76981 -5.72048  1.68831
 1.77024 -5.71761  1.68875
 1.77067 -5.71474  1.68918
 1.77111 -5.71188  1.68961
 1.77154 -5.70901  1.69005
 1.77197 -5.70615  1.69005
 1.77241 -5.70329  1.69048
 1.77284 -5.70043  1.69091
 1.77327 -5.69757  1.69135
 1.77371 -5.69471  1.69178
 1.77414 -5.69186  1.69221
 1.77457 -5.68901  1.69265
 1.77501 -5.68616  1.69308
 1.77544 -5.68331  1.69308
 1.77588 -5.68046  1.69351
 1.77631 -5.67762  1.69395
 1.77674 -5.67478  1.69438
 1.77718 -5.67194  1.69481
 1.77761  -5.6691  1.69525
 1.77804 -5.66626  1.69568
 1.77848 -5.66343  1.69612
 1.77891 -5.66059  1.69612
 1.77934 -5.65776  1.69655
 1.77978 -5.65493  1.69698
 1.78021 -5.65211  1.69742
 1.78064 -5.64928  1.69785
 1.78108 -5.64646  1.69828
 1.78151 -5.64364  1.69872
 1.78194 -5.64082  1.69915
 1.78238   -5.638  1.69915
 1.78281 -5.63518  1.69958
 1.78324 -5.63237  1.70002
 1.78368 -5.62956  1.70045
 1.78411 -5.62675  1.70088
 1.78454 -5.62394  1.70132
 1.78498 -5.62113  1.70175
 1.78541 -5.61833  1.70218
 1.78585 -5.61553  1.70218
 1.78628 -5.61273  1.70262
 1.78671 -5.60993  1.70305
 1.78715 -5.60713  1.70348
 1.78758 -5.60433  1.70392
 1.78801 -5.60154  1.70435
 1.78845 -5.59875  1.70478
 1.78888 -5.59596  1.70522
 1.78931 -5.59317  1.70522
 1.78975 -5.59039  1.70565
 1.79018  -5.5876  1.70609
 1.79061 -5.58482  1.70652
 1.79105 -5.58204  1.70695
 1.79148 -5.57926  1.70739
 1.79191 -5.57649  1.70782
 1.79235 -5.57371  1.70825
 1.79278 -5.57094  1.70825
 1.79321 -5.56817  1.70869
 1.79365  -5.5654  1.70912
 1.79408 -5.56263  1.70955
 1.79451 -5.55987  1.70999
 1.79495  -5.5571  1.71042
 1.79538 -5.55434  1.71085
 1.79582 -5.55158  1.71129
 1.79625 -5.54883  1.71129
 1.79668 -5.54607  1.71172
 1.79712 -5.54331  1.71215
 1.79755 -5.54056  1.71259
 1.79798 -5.53781  1.71302
 1.79842 -5.53506  1.71345
 1.79885 -5.53232  1.71389
 1.79928 -5.52957  1.71432
 1.79972 -5.52683  1.71432
 1.80015 -5.52409  1.71475
 1.80058 -5.52135  1.71519
 1.80102 -5.51861  1.71562
 1.80145 -5.51587  1.71606
 1.80188 -5.51314  1.71649
 1.80232 -5.51041  1.71692
 1.80275 -5.50768  1.71736
 1.80318 -5.50495  1.71736
 1.80362 -5.50222  1.71779
 1.80405 -5.49949  1.71822
 1.80448 -5.49677  1.71866
 1.80492 -5.49405  1.71909
 1.80535 -5.49133  1.71952
 1.80579 -5.48861  1.71996
 1.80622  -5.4859  1.72039
 1.80665 -5.48318  1.72039
 1.80709 -5.48047  1.72082
 1.80752 -5.47776  1.72126
 1.80795 -5.47505  1.72169
 1.80839 -5.47234  1.72212
 1.80882 -5.46964  1.72256
 1.80925 -5.46693  1.72299
 1.80969 -5.46423  1.72342
 1.81012 -5.46153  1.72342
 1.81055 -5.45883  1.72386
 1.81099 -5.45614  1.72429
 1.81142 -5.45344  1.72472
 1.81185 -5.45075  1.72516
 1.81229 -5.44806  1.72559
 1.81272 -5.44537  1.72603
 1.81315 -5.44268  1.72646
 1.81359    -5.44  1.72646
 1.81402 -5.43731  1.72689
 1.81445 -5.43463  1.72733
 1.81489 -5.43195  1.72776
 1.81532 -5.42927  1.72819
 1.81576 -5.42659  1.72863
 1.81619 -5.42392  1.72906
 1.81662 -5.42125  1.72949
 1.81706 -5.41858  1.72949
 1.81749  -5.4159  1.72993
 1.81792 -5.41324  1.73036
 1.81836 -5.41057  1.73079
 1.81879 -5.40791  1.73123
 1.81922 -5.40524  1.73166
 1.81966 -5.40258  1.73209
 1.82009 -5.39992  1.73253
 1.82052 -5.39727  1.73253
 1.82096 -5.39461  1.73296
 1.82139 -5.39196  1.73339
 1.82182  -5.3893  1.73383
 1.82226 -5.38665  1.73426
 1.82269 -5.38401  1.73469
 1.82312 -5.38136  1.73513
 1.82356 -5.37871  1.73556
 1.82399 -5.37607  1.73556
 1.82442 -5.37343    1.736
 1.82486 -5.37079  1.73643
 1.82529 -5.36815  1.73686
 1.82573 -5.36551   1.7373
 1.82616 -5.36288  1.73773
 1.82659 -5.36025  1.73816
 1.82703 -5.35762   1.7386
 1.82746 -5.35499   1.7386
 1.82789 -5.35236  1.73903
 1.82833 -5.34973  1.73946
 1.82876 -5.34711   1.7399
 1.82919 -5.34448  1.74033
 1.82963 -5.34186  1.74076
 1.83006 -5.33924   1.7412
 1.83049 -5.33663   1.7412
 1.83093 -5.33401  1.74163
 1.83136  -5.3314  1.74206
 1.83179 -5.32878   1.7425
 1.83223 -5.32617  1.74293
 1.83266 -5.32356  1.74336
 1.83309 -5.32096   1.7438
 1.83353 -5.31835  1.74423
 1.83396 -5.31575  1.74423
 1.83439 -5.31315  1.74466
 1.83483 -5.31055   1.7451
 1.83526 -5.30795  1.74553
  1.8357 -5.30535  1.74597
 1.83613 -5.30276   1.7464
 1.83656 -5.30016  1.74683
   1.837 -5.29757  1.74727
 1.83743 -5.29498   1.7477
 1.83786 -5.29239   1.7477
  1.8383  -5.2898  1.74813
 1.83873 -5.28722  1.74857
 1.83916 -5.28464    1.749
  1.8396 -5.28205  1.74943
 1.84003 -5.27947  1.74987
 1.84046  -5.2769   1.7503
  1.8409 -5.27432  1.75073
 1.84133 -5.27175  1.75073
 1.84176 -5.26917  1.75117
  1.8422  -5.2666   1.7516
 1.84263 -5.26403  1.75203
 1.84306 -5.26146  1.75247
  1.8435  -5.2589   1.7529
 1.84393 -5.25633  1.75333
 1.84436 -5.25377  1.75333
  1.8448 -5.25121  1.75377
 1.84523 -5.24865   1.7542
 1.84567 -5.24609  1.75463
  1.8461 -5.24353  1.75507
 1.84653 -5.24098   1.7555
 1.84697 -5.23842  1.75594
  1.8474 -5.23587  1.75637
 1.84783 -5.23332  1.75637
 1.84827 -5.23077   1.7568
  1.8487 -5.22823  1.75724
 1.84913 -5.22568  1.75767
 1.84957 -5.22314   1.7581
    1.85  -5.2206  1.75854