 kgrid  ValNew  Policy 
      0.55   -7.95677       0.55
  0.551301   -7.84066       0.55
  0.552603   -7.72669       0.55
  0.553904   -7.61481       0.55
  0.555205   -7.50499       0.55
  0.556507   -7.39717       0.55
  0.557808    -7.2913       0.55
  0.559109   -7.18735       0.55
   0.56041   -7.08528       0.55
  0.561712   -6.98504       0.55
  0.563013   -6.88659       0.55
  0.564314    -6.7899       0.55
  0.565616   -6.69492       0.55
  0.566917   -6.60162       0.55
  0.568218   -6.50997       0.55
   0.56952   -6.41993       0.55
  0.570821   -6.33146       0.55
  0.572122   -6.24453       0.55
  0.573423   -6.15912       0.55
  0.574725   -6.07518       0.55
  0.576026   -5.99268       0.55
  0.577327   -5.91161       0.55
  0.578629   -5.83192       0.55
   0.57993   -5.75359       0.55
  0.581231   -5.67659       0.55
  0.582533   -5.60089       0.55
  0.583834   -5.52648       0.55
  0.585135   -5.45331       0.55
  0.586436   -5.38136       0.55
  0.587738   -5.31062       0.55
  0.589039   -5.24105       0.55
   0.59034   -5.17264       0.55
  0.591642   -5.10536       0.55
  0.592943   -5.03918       0.55
  0.594244   -4.97409       0.55
  0.595546   -4.91006       0.55
  0.596847   -4.84707       0.55
  0.598148   -4.78511       0.55
  0.599449   -4.72415       0.55
  0.600751   -4.66417       0.55
  0.602052   -4.60515       0.55
  0.603353   -4.54708       0.55
  0.604655   -4.48994       0.55
  0.605956    -4.4337       0.55
  0.607257   -4.37835       0.55
  0.608559   -4.32388       0.55
   0.60986   -4.27027       0.55
  0.611161    -4.2175       0.55
  0.612462   -4.16555       0.55
  0.613764   -4.11441       0.55
  0.615065   -4.06407       0.55
  0.616366    -4.0145       0.55
  0.617668    -3.9657       0.55
  0.618969   -3.91765       0.55
   0.62027   -3.87034       0.55
  0.621572   -3.82375       0.55
  0.622873   -3.77787       0.55
  0.624174   -3.73268       0.55
  0.625475   -3.68818       0.55
  0.626777   -3.64435       0.55
  0.628078   -3.60118       0.55
  0.629379   -3.55866       0.55
  0.630681   -3.51677       0.55
  0.631982   -3.47551       0.55
  0.633283   -3.43486       0.55
  0.634585   -3.39481       0.55
  0.635886   -3.35535       0.55
  0.637187   -3.31647       0.55
  0.638488   -3.27816       0.55
   0.63979   -3.24042       0.55
  0.641091   -3.20322       0.55
  0.642392   -3.16656       0.55
  0.643694   -3.13043       0.55
  0.644995   -3.09483       0.55
  0.646296   -3.05973       0.55
  0.647598   -3.02514       0.55
  0.648899   -2.99105       0.55
    0.6502   -2.95744       0.55
  0.651502   -2.92431       0.55
  0.652803   -2.89165       0.55
  0.654104   -2.85945       0.55
  0.655405    -2.8277       0.55
  0.656707    -2.7964       0.55
  0.658008   -2.76554       0.55
  0.659309   -2.73511       0.55
  0.660611    -2.7051       0.55
  0.661912   -2.67551       0.55
  0.663213   -2.64633       0.55
  0.664515   -2.61755       0.55
  0.665816   -2.58917       0.55
  0.667117   -2.56118       0.55
  0.668418   -2.53357       0.55
   0.66972   -2.50634       0.55
  0.671021   -2.47947       0.55
  0.672322   -2.45298       0.55
  0.673624   -2.42684       0.55
  0.674925   -2.40105       0.55
  0.676226   -2.37561       0.55
  0.677528   -2.35051       0.55
  0.678829   -2.32574       0.55
   0.68013   -2.30131       0.55
  0.681431    -2.2772       0.55
  0.682733   -2.25341       0.55
  0.684034   -2.22994       0.55
  0.685335   -2.20677       0.55
  0.686637   -2.18391       0.55
  0.687938   -2.16135       0.55
  0.689239   -2.13909       0.55
  0.690541   -2.11711       0.55
  0.691842   -2.09542       0.55
  0.693143   -2.07401       0.55
  0.694444   -2.05288       0.55
  0.695746   -2.03202       0.55
  0.697047   -2.01143       0.55
  0.698348    -1.9911       0.55
   0.69965   -1.97104       0.55
  0.700951   -1.95122       0.55
  0.702252   -1.93167       0.55
  0.703554   -1.91235       0.55
  0.704855   -1.89329       0.55
  0.706156   -1.87446       0.55
  0.707457   -1.85587       0.55
  0.708759   -1.83752       0.55
   0.71006   -1.81939       0.55
  0.711361   -1.80149       0.55
  0.712663   -1.78381       0.55
  0.713964   -1.76636       0.55
  0.715265   -1.74911       0.55
  0.716567   -1.73209       0.55
  0.717868   -1.71527       0.55
  0.719169   -1.69866       0.55
   0.72047   -1.68225       0.55
  0.721772   -1.66604       0.55
  0.723073   -1.65003       0.55
  0.724374   -1.63422       0.55
  0.725676   -1.61859       0.55
  0.726977   -1.60316       0.55
  0.728278   -1.58791       0.55
   0.72958   -1.57285       0.55
  0.730881   -1.55796       0.55
  0.732182   -1.54326       0.55
  0.733483   -1.52873       0.55
  0.734785   -1.51437       0.55
  0.736086   -1.50018       0.55
  0.737387   -1.48617       0.55
  0.738689   -1.47231       0.55
   0.73999   -1.45863       0.55
  0.741291    -1.4451       0.55
  0.742593   -1.43173       0.55
  0.743894   -1.41852       0.55
  0.745195   -1.40546       0.55
  0.746496   -1.39255       0.55
  0.747798    -1.3798       0.55
  0.749099   -1.36719       0.55
    0.7504   -1.35473       0.55
  0.751702   -1.34241       0.55
  0.753003   -1.33023       0.55
  0.754304    -1.3182       0.55
  0.755606    -1.3063       0.55
  0.756907   -1.29453       0.55
  0.758208   -1.28291       0.55
   0.75951   -1.27141       0.55
  0.760811   -1.26004       0.55
  0.762112    -1.2488       0.55
  0.763413   -1.23769       0.55
  0.764715   -1.22671       0.55
  0.766016   -1.21585       0.55
  0.767317    -1.2051       0.55
  0.768619   -1.19448       0.55
   0.76992   -1.18398       0.55
  0.771221    -1.1736       0.55
  0.772523   -1.16333       0.55
  0.773824   -1.15317       0.55
  0.775125   -1.14313       0.55
  0.776426   -1.13319       0.55
  0.777728   -1.12337       0.55
  0.779029   -1.11365       0.55
   0.78033   -1.10404       0.55
  0.781632   -1.09454       0.55
  0.782933   -1.08514       0.55
  0.784234   -1.07584       0.55
  0.785536   -1.06664       0.55
  0.786837   -1.05754       0.55
  0.788138   -1.04854       0.55
  0.789439   -1.03964       0.55
  0.790741   -1.03083       0.55
  0.792042   -1.02212       0.55
  0.793343    -1.0135       0.55
  0.794645   -1.00497       0.55
  0.795946  -0.996529       0.55
  0.797247  -0.988182       0.55
  0.798549  -0.979922       0.55
   0.79985   -0.97175       0.55
  0.801151  -0.963665       0.55
  0.802452  -0.955664       0.55
  0.803754  -0.947748       0.55
  0.805055  -0.939914       0.55
  0.806356  -0.932163       0.55
  0.807658  -0.924492       0.55
  0.808959  -0.916902       0.55
   0.81026   -0.90939       0.55
  0.811562  -0.901956       0.55
  0.812863  -0.894599       0.55
  0.814164  -0.887318       0.55
  0.815465  -0.880112       0.55
  0.816767  -0.872979       0.55
  0.818068  -0.865921       0.55
  0.819369  -0.858934       0.55
  0.820671  -0.852019       0.55
  0.821972  -0.845174       0.55
  0.823273  -0.838398       0.55
  0.824575  -0.831692       0.55
  0.825876  -0.825053       0.55
  0.827177  -0.818482       0.55
  0.828478  -0.811976       0.55
   0.82978  -0.805536       0.55
  0.831081  -0.799161       0.55
  0.832382   -0.79285       0.55
  0.833684  -0.786601       0.55
  0.834985  -0.780415       0.55
  0.836286  -0.774291       0.55
  0.837588  -0.768227       0.55
  0.838889  -0.762224       0.55
   0.84019   -0.75628       0.55
  0.841491  -0.750394       0.55
  0.842793  -0.744567       0.55
  0.844094  -0.738796       0.55
  0.845395  -0.733083       0.55
  0.846697  -0.727425       0.55
  0.847998  -0.721822       0.55
  0.849299  -0.716274       0.55
  0.850601  -0.710781       0.55
  0.851902   -0.70534       0.55
  0.853203  -0.699952       0.55
  0.854505  -0.694616       0.55
  0.855806  -0.689332       0.55
  0.857107  -0.684098       0.55
  0.858408  -0.678915       0.55
   0.85971  -0.673782       0.55
  0.861011  -0.668697       0.55
  0.862312  -0.663662       0.55
  0.863614  -0.658674       0.55
  0.864915  -0.653733       0.55
  0.866216   -0.64884       0.55
  0.867518  -0.643993       0.55
  0.868819  -0.639191       0.55
   0.87012  -0.634435       0.55
  0.871421  -0.629724       0.55
  0.872723  -0.625057       0.55
  0.874024  -0.620434       0.55
  0.875325  -0.615854       0.55
  0.876627  -0.611317       0.55
  0.877928  -0.606822       0.55
  0.879229  -0.602369       0.55
  0.880531  -0.597957       0.55
  0.881832  -0.593586       0.55
  0.883133  -0.589256       0.55
  0.884434  -0.584966       0.55
  0.885736  -0.580715       0.55
  0.887037  -0.576503       0.55
  0.888338   -0.57233       0.55
   0.88964  -0.568195       0.55
  0.890941  -0.564098       0.55
  0.892242  -0.560038       0.55
  0.893544  -0.556015       0.55
  0.894845  -0.552029       0.55
  0.896146  -0.548079       0.55
  0.897447  -0.544165       0.55
  0.898749  -0.540286       0.55
   0.90005  -0.536442       0.55
  0.901351  -0.532633       0.55
  0.902653  -0.528858       0.55
  0.903954  -0.525117       0.55
  0.905255  -0.521409       0.55
  0.906557  -0.517734       0.55
  0.907858  -0.514093       0.55
  0.909159  -0.510483       0.55
   0.91046  -0.506906       0.55
  0.911762   -0.50336       0.55
  0.913063  -0.499846       0.55
  0.914364  -0.496363       0.55
  0.915666   -0.49291       0.55
  0.916967  -0.489488       0.55
  0.918268  -0.486096       0.55
   0.91957  -0.482734       0.55
  0.920871  -0.479401       0.55
  0.922172  -0.476097       0.55
  0.923473  -0.472822       0.55
  0.924775  -0.469576       0.55
  0.926076  -0.466357       0.55
  0.927377  -0.463167       0.55
  0.928679  -0.460004       0.55
   0.92998  -0.456869       0.55
  0.931281  -0.453761       0.55
  0.932583  -0.450679       0.55
  0.933884  -0.447624       0.55
  0.935185  -0.444595       0.55
  0.936486  -0.441592       0.55
  0.937788  -0.438615       0.55
  0.939089  -0.435663       0.55
   0.94039  -0.432736       0.55
  0.941692  -0.429834       0.55
  0.942993  -0.426957       0.55
  0.944294  -0.424104       0.55
  0.945596  -0.421275       0.55
  0.946897   -0.41847       0.55
  0.948198  -0.415689       0.55
  0.949499  -0.412931       0.55
  0.950801  -0.410196       0.55
  0.952102  -0.407484       0.55
  0.953403  -0.404795       0.55
  0.954705  -0.402128       0.55
  0.956006  -0.399484       0.55
  0.957307  -0.396861       0.55
  0.958609  -0.394261       0.55
   0.95991  -0.391681       0.55
  0.961211  -0.389124       0.55
  0.962513  -0.386587       0.55
  0.963814  -0.384071       0.55
  0.965115  -0.381576       0.55
  0.966416  -0.379102       0.55
  0.967718  -0.376647       0.55
  0.969019  -0.374213       0.55
   0.97032  -0.371799       0.55
  0.971622  -0.369405       0.55
  0.972923   -0.36703       0.55
  0.974224  -0.364674       0.55
  0.975526  -0.362337       0.55
  0.976827   -0.36002       0.55
  0.978128  -0.357721       0.55
  0.979429   -0.35544       0.55
  0.980731  -0.353179       0.55
  0.982032  -0.350935       0.55
  0.983333  -0.348709       0.55
  0.984635  -0.346501       0.55
  0.985936  -0.344311       0.55
  0.987237  -0.342139       0.55
  0.988539  -0.339983       0.55
   0.98984  -0.337845       0.55
  0.991141  -0.335724       0.55
  0.992442   -0.33362       0.55
  0.993744  -0.331532       0.55
  0.995045  -0.329461       0.55
  0.996346  -0.327407       0.55
  0.997648  -0.325368       0.55
  0.998949  -0.323346       0.55
   1.00025  -0.321339       0.55
   1.00155  -0.319348       0.55
   1.00285  -0.317373       0.55
   1.00415  -0.315414       0.55
   1.00546  -0.313469       0.55
   1.00676   -0.31154       0.55
   1.00806  -0.309626       0.55
   1.00936  -0.307726       0.55
   1.01066  -0.305842       0.55
   1.01196  -0.303972       0.55
   1.01326  -0.302116       0.55
   1.01456  -0.300275       0.55
   1.01587  -0.298448       0.55
   1.01717  -0.296635       0.55
   1.01847  -0.294836       0.55
   1.01977  -0.293051       0.55
   1.02107  -0.291279       0.55
   1.02237  -0.289521       0.55
   1.02367  -0.287777       0.55
   1.02497  -0.286045       0.55
   1.02628  -0.284327       0.55
   1.02758  -0.282622       0.55
   1.02888   -0.28093       0.55
   1.03018  -0.279251       0.55
   1.03148  -0.277584       0.55
   1.03278   -0.27593       0.55
   1.03408  -0.274289       0.55
   1.03539  -0.272659       0.55
   1.03669  -0.271042       0.55
   1.03799  -0.269438       0.55
   1.03929  -0.267845       0.55
   1.04059  -0.266264       0.55
   1.04189  -0.264695       0.55
   1.04319  -0.263137       0.55
   1.04449  -0.261592       0.55
    1.0458  -0.260057       0.55
    1.0471  -0.258534       0.55
    1.0484  -0.257023       0.55
    1.0497  -0.255522       0.55
     1.051  -0.254033       0.55
    1.0523  -0.252554       0.55
    1.0536  -0.251087       0.55
    1.0549   -0.24963       0.55
   1.05621  -0.248184       0.55
   1.05751  -0.246748       0.55
   1.05881  -0.245323       0.55
   1.06011  -0.243909       0.55
   1.06141  -0.242504       0.55
   1.06271   -0.24111       0.55
   1.06401  -0.239727       0.55
   1.06532  -0.238353       0.55
   1.06662  -0.236989       0.55
   1.06792  -0.235635       0.55
   1.06922  -0.234291       0.55
   1.07052  -0.232956       0.55
   1.07182  -0.231631       0.55
   1.07312  -0.230316       0.55
   1.07442   -0.22901       0.55
   1.07573  -0.227713       0.55
   1.07703  -0.226426       0.55
   1.07833  -0.225148       0.55
   1.07963  -0.223879       0.55
   1.08093  -0.222619       0.55
   1.08223  -0.221368       0.55
   1.08353  -0.220126       0.55
   1.08483  -0.218892       0.55
   1.08614  -0.217668       0.55
   1.08744  -0.216452       0.55
   1.08874  -0.215245       0.55
   1.09004  -0.214046       0.55
   1.09134  -0.212856       0.55
   1.09264  -0.211674       0.55
   1.09394    -0.2105       0.55
   1.09525  -0.209335       0.55
   1.09655  -0.208178       0.55
   1.09785  -0.207028       0.55
   1.09915  -0.205887       0.55
   1.10045  -0.204754       0.55
   1.10175  -0.203629       0.55
   1.10305  -0.202511       0.55
   1.10435  -0.201402       0.55
   1.10566  -0.200299       0.55
   1.10696  -0.199205       0.55
   1.10826  -0.198118       0.55
   1.10956  -0.197039       0.55
   1.11086  -0.195967       0.55
   1.11216  -0.194902       0.55
   1.11346  -0.193845       0.55
   1.11476  -0.192795       0.55
   1.11607  -0.191752       0.55
   1.11737  -0.190717       0.55
   1.11867  -0.189688       0.55
   1.11997  -0.188667       0.55
   1.12127  -0.187652       0.55
   1.12257  -0.186644       0.55
   1.12387  -0.185643       0.55
   1.12518  -0.184649       0.55
   1.12648  -0.183662       0.55
   1.12778  -0.182681       0.55
   1.12908  -0.181707       0.55
   1.13038   -0.18074       0.55
   1.13168  -0.179779       0.55
   1.13298  -0.178824       0.55
   1.13428  -0.177876       0.55
   1.13559  -0.176935       0.55
   1.13689  -0.175999       0.55
   1.13819   -0.17507       0.55
   1.13949  -0.174147       0.55
   1.14079   -0.17323       0.55
   1.14209  -0.172319       0.55
   1.14339  -0.171415       0.55
   1.14469  -0.170516       0.55
     1.146  -0.169623       0.55
    1.1473  -0.168736       0.55
    1.1486  -0.167856       0.55
    1.1499   -0.16698       0.55
    1.1512  -0.166111       0.55
    1.1525  -0.165247       0.55
    1.1538  -0.164389       0.55
   1.15511  -0.163537       0.55
   1.15641   -0.16269       0.55
   1.15771  -0.161849       0.55
   1.15901  -0.161013       0.55
   1.16031  -0.160183       0.55
   1.16161  -0.159358       0.55
   1.16291  -0.158539       0.55
   1.16421  -0.157725       0.55
   1.16552  -0.156916       0.55
   1.16682  -0.156112       0.55
   1.16812  -0.155314       0.55
   1.16942  -0.154521       0.55
   1.17072  -0.153733       0.55
   1.17202   -0.15295       0.55
   1.17332  -0.152172       0.55
   1.17462  -0.151399       0.55
   1.17593  -0.150631       0.55
   1.17723  -0.149867       0.55
   1.17853  -0.149109       0.55
   1.17983  -0.148356       0.55
   1.18113  -0.147607       0.55
   1.18243  -0.146864       0.55
   1.18373  -0.146125       0.55
   1.18504   -0.14539       0.55
   1.18634  -0.144661       0.55
   1.18764  -0.143936       0.55
   1.18894  -0.143215       0.55
   1.19024  -0.142499       0.55
   1.19154  -0.141788       0.55
   1.19284  -0.141081       0.55
   1.19414  -0.140379       0.55
   1.19545  -0.139681       0.55
   1.19675  -0.138987       0.55
   1.19805  -0.138298       0.55
   1.19935  -0.137613       0.55
   1.20065  -0.136932       0.55
   1.20195  -0.136256       0.55
   1.20325  -0.135584       0.55
   1.20455  -0.134916       0.55
   1.20586  -0.134252       0.55
   1.20716  -0.133592       0.55
   1.20846  -0.132936       0.55
   1.20976  -0.132285       0.55
   1.21106  -0.131637       0.55
   1.21236  -0.130994       0.55
   1.21366  -0.130354       0.55
   1.21496  -0.129719       0.55
   1.21627  -0.129087       0.55
   1.21757   -0.12846       0.55
   1.21887  -0.127836       0.55
   1.22017  -0.127216       0.55
   1.22147  -0.126599       0.55
   1.22277  -0.125987       0.55
   1.22407  -0.125378       0.55
   1.22538  -0.124773       0.55
   1.22668  -0.124172       0.55
   1.22798  -0.123574       0.55
   1.22928   -0.12298       0.55
   1.23058   -0.12239       0.55
   1.23188  -0.121803       0.55
   1.23318  -0.121219       0.55
   1.23448   -0.12064       0.55
   1.23579  -0.120063       0.55
   1.23709  -0.119491       0.55
   1.23839  -0.118921       0.55
   1.23969  -0.118355       0.55
   1.24099  -0.117793       0.55
   1.24229  -0.117234       0.55
   1.24359  -0.116678       0.55
   1.24489  -0.116126       0.55
    1.2462  -0.115577       0.55
    1.2475  -0.115031       0.55
    1.2488  -0.114488       0.55
    1.2501  -0.113949       0.55
    1.2514  -0.113413       0.55
    1.2527   -0.11288       0.55
     1.254   -0.11235       0.55
   1.25531  -0.111823       0.55
   1.25661    -0.1113       0.55
   1.25791  -0.110779       0.55
   1.25921  -0.110262       0.55
   1.26051  -0.109748       0.55
   1.26181  -0.109237       0.55
   1.26311  -0.108728       0.55
   1.26441  -0.108223       0.55
   1.26572  -0.107721       0.55
   1.26702  -0.107221       0.55
   1.26832  -0.106725       0.55
   1.26962  -0.106231       0.55
   1.27092  -0.105741       0.55
   1.27222  -0.105253       0.55
   1.27352  -0.104768       0.55
   1.27482  -0.104286       0.55
   1.27613  -0.103807       0.55
   1.27743   -0.10333       0.55
   1.27873  -0.102857       0.55
   1.28003  -0.102386       0.55
   1.28133  -0.101917       0.55
   1.28263  -0.101452       0.55
   1.28393  -0.100989       0.55
   1.28524  -0.100529       0.55
   1.28654  -0.100071       0.55
   1.28784 -0.0996161       0.55
   1.28914 -0.0991638       0.55
   1.29044  -0.098714       0.55
   1.29174 -0.0982669       0.55
   1.29304 -0.0978223       0.55
   1.29434 -0.0973803       0.55
   1.29565 -0.0969408       0.55
   1.29695 -0.0965037       0.55
   1.29825 -0.0960692       0.55
   1.29955 -0.0956372       0.55
   1.30085 -0.0952076       0.55
   1.30215 -0.0947804       0.55
   1.30345 -0.0943557       0.55
   1.30475 -0.0939334       0.55
   1.30606 -0.0935134       0.55
   1.30736 -0.0930959       0.55
   1.30866 -0.0926807       0.55
   1.30996 -0.0922678       0.55
   1.31126 -0.0918572       0.55
   1.31256  -0.091449       0.55
   1.31386 -0.0910431       0.55
   1.31517 -0.0906394       0.55
   1.31647  -0.090238       0.55
   1.31777 -0.0898388       0.55
   1.31907 -0.0894419       0.55
   1.32037 -0.0890472       0.55
   1.32167 -0.0886547       0.55
   1.32297 -0.0882644       0.55
   1.32427 -0.0878762       0.55
   1.32558 -0.0874902       0.55
   1.32688 -0.0871063       0.55
   1.32818 -0.0867246       0.55
   1.32948  -0.086345       0.55
   1.33078 -0.0859675       0.55
   1.33208 -0.0855921       0.55
   1.33338 -0.0852187       0.55
   1.33468 -0.0848474       0.55
   1.33599 -0.0844782       0.55
   1.33729 -0.0841109       0.55
   1.33859 -0.0837457       0.55
   1.33989 -0.0833825       0.55
   1.34119 -0.0830213       0.55
   1.34249 -0.0826621       0.55
   1.34379 -0.0823048       0.55
    1.3451 -0.0819495       0.55
    1.3464 -0.0815961       0.55
    1.3477 -0.0812447       0.55
     1.349 -0.0808951       0.55
    1.3503 -0.0805475       0.55
    1.3516 -0.0802017       0.55
    1.3529 -0.0798578       0.55
    1.3542 -0.0795158       0.55
   1.35551 -0.0791756       0.55
   1.35681 -0.0788373       0.55
   1.35811 -0.0785008       0.55
   1.35941 -0.0781661       0.55
   1.36071 -0.0778332       0.55
   1.36201 -0.0775022       0.55
   1.36331 -0.0771728       0.55
   1.36461 -0.0768453       0.55
   1.36592 -0.0765195       0.55
   1.36722 -0.0761955       0.55
   1.36852 -0.0758731       0.55
   1.36982 -0.0755526       0.55
   1.37112 -0.0752337       0.55
   1.37242 -0.0749165       0.55
   1.37372  -0.074601       0.55
   1.37503 -0.0742872       0.55
   1.37633 -0.0739751       0.55
   1.37763 -0.0736646       0.55
   1.37893 -0.0733558       0.55
   1.38023 -0.0730485       0.55
   1.38153  -0.072743       0.55
   1.38283  -0.072439       0.55
   1.38413 -0.0721367       0.55
   1.38544 -0.0718359       0.55
   1.38674 -0.0715367       0.55
   1.38804 -0.0712391       0.55
   1.38934 -0.0709431       0.55
   1.39064 -0.0706486       0.55
   1.39194 -0.0703556       0.55
   1.39324 -0.0700642       0.55
   1.39454 -0.0697744       0.55
   1.39585  -0.069486       0.55
   1.39715 -0.0691991       0.55
   1.39845 -0.0689138       0.55
   1.39975 -0.0686299       0.55
   1.40105 -0.0683475       0.55
   1.40235 -0.0680665       0.55
   1.40365 -0.0677871       0.55
   1.40495  -0.067509       0.55
   1.40626 -0.0672325       0.55
   1.40756 -0.0669573       0.55
   1.40886 -0.0666836       0.55
   1.41016 -0.0664113       0.55
   1.41146 -0.0661404       0.55
   1.41276 -0.0658708       0.55
   1.41406 -0.0656027       0.55
   1.41537  -0.065336       0.55
   1.41667 -0.0650706       0.55
   1.41797 -0.0648066       0.55
   1.41927 -0.0645439       0.55
   1.42057 -0.0642826       0.55
   1.42187 -0.0640226       0.55
   1.42317 -0.0637639       0.55
   1.42447 -0.0635066       0.55
   1.42578 -0.0632506       0.55
   1.42708 -0.0629959       0.55
   1.42838 -0.0627424       0.55
   1.42968 -0.0624903       0.55
   1.43098 -0.0622394       0.55
   1.43228 -0.0619899       0.55
   1.43358 -0.0617415       0.55
   1.43488 -0.0614945       0.55
   1.43619 -0.0612487       0.55
   1.43749 -0.0610041       0.55
   1.43879 -0.0607607       0.55
   1.44009 -0.0605186       0.55
   1.44139 -0.0602777       0.55
   1.44269  -0.060038       0.55
   1.44399 -0.0597996       0.55
    1.4453 -0.0595623       0.55
    1.4466 -0.0593262       0.55
    1.4479 -0.0590913       0.55
    1.4492 -0.0588575       0.55
    1.4505  -0.058625       0.55
    1.4518 -0.0583936       0.55
    1.4531 -0.0581633       0.55
    1.4544 -0.0579342       0.55
   1.45571 -0.0577062       0.55
   1.45701 -0.0574794       0.55
   1.45831 -0.0572537       0.55
   1.45961 -0.0570291       0.55
   1.46091 -0.0568056       0.55
   1.46221 -0.0565832       0.55
   1.46351  -0.056362       0.55
   1.46481 -0.0561418       0.55
   1.46612 -0.0559227       0.55
   1.46742 -0.0557047       0.55
   1.46872 -0.0554877       0.55
   1.47002 -0.0552719       0.55
   1.47132 -0.0550571       0.55
   1.47262 -0.0548433       0.55
   1.47392 -0.0546306       0.55
   1.47523 -0.0544189       0.55
   1.47653 -0.0542083       0.55
   1.47783 -0.0539987       0.55
   1.47913 -0.0537901       0.55
   1.48043 -0.0535826       0.55
   1.48173  -0.053376       0.55
   1.48303 -0.0531705       0.55
   1.48433 -0.0529659       0.55
   1.48564 -0.0527624       0.55
   1.48694 -0.0525598       0.55
   1.48824 -0.0523582       0.55
   1.48954 -0.0521576       0.55
   1.49084  -0.051958       0.55
   1.49214 -0.0517593       0.55
   1.49344 -0.0515616       0.55
   1.49474 -0.0513649       0.55
   1.49605  -0.051169       0.55
   1.49735 -0.0509742       0.55
   1.49865 -0.0507803       0.55
   1.49995 -0.0505873       0.55
   1.50125 -0.0503952       0.55
   1.50255  -0.050204       0.55
   1.50385 -0.0500138       0.55
   1.50516 -0.0498245       0.55
   1.50646 -0.0496361       0.55
   1.50776 -0.0494486       0.55
   1.50906 -0.0492619       0.55
   1.51036 -0.0490762       0.55
   1.51166 -0.0488914       0.55
   1.51296 -0.0487074       0.55
   1.51426 -0.0485243       0.55
   1.51557 -0.0483421       0.55
   1.51687 -0.0481607       0.55
   1.51817 -0.0479802       0.55
   1.51947 -0.0478005       0.55
   1.52077 -0.0476217       0.55
   1.52207 -0.0474438       0.55
   1.52337 -0.0472667       0.55
   1.52467 -0.0470904       0.55
   1.52598 -0.0469149       0.55
   1.52728 -0.0467403       0.55
   1.52858 -0.0465665       0.55
   1.52988 -0.0463935       0.55
   1.53118 -0.0462214       0.55
   1.53248   -0.04605       0.55
   1.53378 -0.0458794       0.55
   1.53509 -0.0457097       0.55
   1.53639 -0.0455407       0.55
   1.53769 -0.0453725       0.55
   1.53899 -0.0452051       0.55
   1.54029 -0.0450385       0.55
   1.54159 -0.0448726       0.55
   1.54289 -0.0447075       0.55
   1.54419 -0.0445432       0.55
    1.5455 -0.0443797       0.55
    1.5468 -0.0442169       0.55
    1.5481 -0.0440549       0.55
    1.5494 -0.0438936       0.55
    1.5507  -0.043733       0.55
     1.552 -0.0435732       0.55
    1.5533 -0.0434142       0.55
    1.5546 -0.0432559       0.55
   1.55591 -0.0430983       0.55
   1.55721 -0.0429414       0.55
   1.55851 -0.0427852       0.55
   1.55981 -0.0426298       0.55
   1.56111 -0.0424751       0.55
   1.56241 -0.0423211       0.55
   1.56371 -0.0421677       0.55
   1.56502 -0.0420151       0.55
   1.56632 -0.0418632       0.55
   1.56762  -0.041712       0.55
   1.56892 -0.0415615       0.55
   1.57022 -0.0414116       0.55
   1.57152 -0.0412625       0.55
   1.57282  -0.041114       0.55
   1.57412 -0.0409662       0.55
   1.57543 -0.0408191       0.55
   1.57673 -0.0406726       0.55
   1.57803 -0.0405268       0.55
   1.57933 -0.0403817       0.55
   1.58063 -0.0402372       0.55
   1.58193 -0.0400933       0.55
   1.58323 -0.0399501       0.55
   1.58453 -0.0398076       0.55
   1.58584 -0.0396657       0.55
   1.58714 -0.0395244       0.55
   1.58844 -0.0393838       0.55
   1.58974 -0.0392438       0.55
   1.59104 -0.0391045       0.55
   1.59234 -0.0389657       0.55
   1.59364 -0.0388276       0.55
   1.59494 -0.0386901       0.55
   1.59625 -0.0385532       0.55
   1.59755 -0.0384169       0.55
   1.59885 -0.0382813       0.55
   1.60015 -0.0381462       0.55
   1.60145 -0.0380118       0.55
   1.60275 -0.0378779       0.55
   1.60405 -0.0377446       0.55
   1.60536  -0.037612       0.55
   1.60666 -0.0374799       0.55
   1.60796 -0.0373484       0.55
   1.60926 -0.0372175       0.55
   1.61056 -0.0370871       0.55
   1.61186 -0.0369574       0.55
   1.61316 -0.0368282       0.55
   1.61446 -0.0366996       0.55
   1.61577 -0.0365715       0.55
   1.61707  -0.036444       0.55
   1.61837 -0.0363171       0.55
   1.61967 -0.0361907       0.55
   1.62097 -0.0360649       0.55
   1.62227 -0.0359396       0.55
   1.62357 -0.0358149       0.55
   1.62487 -0.0356908       0.55
   1.62618 -0.0355671       0.55
   1.62748 -0.0354441       0.55
   1.62878 -0.0353215       0.55
   1.63008 -0.0351995       0.55
   1.63138  -0.035078       0.55
   1.63268 -0.0349571       0.55
   1.63398 -0.0348367       0.55
   1.63529 -0.0347168       0.55
   1.63659 -0.0345974       0.55
   1.63789 -0.0344785       0.55
   1.63919 -0.0343602       0.55
   1.64049 -0.0342424       0.55
   1.64179  -0.034125       0.55
   1.64309 -0.0340082       0.55
   1.64439 -0.0338919       0.55
    1.6457 -0.0337761       0.55
     1.647 -0.0336608       0.55
    1.6483  -0.033546       0.55
    1.6496 -0.0334317       0.55
    1.6509 -0.0333179       0.55
    1.6522 -0.0332045       0.55
    1.6535 -0.0330917       0.55
    1.6548 -0.0329793       0.55
   1.65611 -0.0328674       0.55
   1.65741  -0.032756       0.55
   1.65871 -0.0326451       0.55
   1.66001 -0.0325346       0.55
   1.66131 -0.0324247       0.55
   1.66261 -0.0323152       0.55
   1.66391 -0.0322061       0.55
   1.66522 -0.0320975       0.55
   1.66652 -0.0319894       0.55
   1.66782 -0.0318818       0.55
   1.66912 -0.0317746       0.55
   1.67042 -0.0316678       0.55
   1.67172 -0.0315615       0.55
   1.67302 -0.0314557       0.55
   1.67432 -0.0313503       0.55
   1.67563 -0.0312453       0.55
   1.67693 -0.0311408       0.55
   1.67823 -0.0310368       0.55
   1.67953 -0.0309331       0.55
   1.68083 -0.0308299       0.55
   1.68213 -0.0307272       0.55
   1.68343 -0.0306249       0.55
   1.68473  -0.030523       0.55
   1.68604 -0.0304215       0.55
   1.68734 -0.0303205       0.55
   1.68864 -0.0302199       0.55
   1.68994 -0.0301197       0.55
   1.69124 -0.0300199       0.55
   1.69254 -0.0299205       0.55
   1.69384 -0.0298216       0.55
   1.69515 -0.0297231       0.55
   1.69645  -0.029625       0.55
   1.69775 -0.0295272       0.55
   1.69905 -0.0294299       0.55
   1.70035  -0.029333       0.55
   1.70165 -0.0292365       0.55
   1.70295 -0.0291405       0.55
   1.70425 -0.0290448       0.55
   1.70556 -0.0289495       0.55
   1.70686 -0.0288546       0.55
   1.70816   -0.02876       0.55
   1.70946 -0.0286659       0.55
   1.71076 -0.0285722       0.55
   1.71206 -0.0284788       0.55
   1.71336 -0.0283859       0.55
   1.71466 -0.0282933       0.55
   1.71597 -0.0282011       0.55
   1.71727 -0.0281093       0.55
   1.71857 -0.0280178       0.55
   1.71987 -0.0279268       0.55
   1.72117 -0.0278361       0.55
   1.72247 -0.0277458       0.55
   1.72377 -0.0276558       0.55
   1.72508 -0.0275662       0.55
   1.72638  -0.027477       0.55
   1.72768 -0.0273882       0.55
   1.72898 -0.0272997       0.55
   1.73028 -0.0272116       0.55
   1.73158 -0.0271238       0.55
   1.73288 -0.0270364       0.55
   1.73418 -0.0269493       0.55
   1.73549 -0.0268626       0.55
   1.73679 -0.0267763       0.55
   1.73809 -0.0266903       0.55
   1.73939 -0.0266046       0.55
   1.74069 -0.0265193       0.55
   1.74199 -0.0264344       0.55
   1.74329 -0.0263497       0.55
   1.74459 -0.0262655       0.55
    1.7459 -0.0261815       0.55
    1.7472 -0.0260979       0.55
    1.7485 -0.0260147       0.55
    1.7498 -0.0259317       0.55
    1.7511 -0.0258492       0.55
    1.7524 -0.0257669       0.55
    1.7537  -0.025685       0.55
   1.75501 -0.0256034       0.55
   1.75631 -0.0255221       0.55
   1.75761 -0.0254412       0.55
   1.75891 -0.0253605       0.55
   1.76021 -0.0252802       0.55
   1.76151 -0.0252003       0.55
   1.76281 -0.0251206       0.55
   1.76411 -0.0250413       0.55
   1.76542 -0.0249622       0.55
   1.76672 -0.0248835       0.55
   1.76802 -0.0248051       0.55
   1.76932  -0.024727       0.55
   1.77062 -0.0246493       0.55
   1.77192 -0.0245718       0.55
   1.77322 -0.0244946       0.55
   1.77452 -0.0244178       0.55
   1.77583 -0.0243412       0.55
   1.77713  -0.024265       0.55
   1.77843  -0.024189       0.55
   1.77973 -0.0241134       0.55
   1.78103  -0.024038       0.55
   1.78233  -0.023963       0.55
   1.78363 -0.0238882       0.55
   1.78493 -0.0238138       0.55
   1.78624 -0.0237396       0.55
   1.78754 -0.0236657       0.55
   1.78884 -0.0235921       0.55
   1.79014 -0.0235188       0.55
   1.79144 -0.0234458       0.55
   1.79274 -0.0233731       0.55
   1.79404 -0.0233007       0.55
   1.79535 -0.0232285       0.55
   1.79665 -0.0231566       0.55
   1.79795 -0.0230851       0.55
   1.79925 -0.0230137       0.55
   1.80055 -0.0229427       0.55
   1.80185 -0.0228719       0.55
   1.80315 -0.0228015       0.55
   1.80445 -0.0227312       0.55
   1.80576 -0.0226613       0.55
   1.80706 -0.0225916       0.55
   1.80836 -0.0225222       0.55
   1.80966 -0.0224531       0.55
   1.81096 -0.0223843       0.55
   1.81226 -0.0223157       0.55
   1.81356 -0.0222473       0.55
   1.81486 -0.0221793       0.55
   1.81617 -0.0221115       0.55
   1.81747 -0.0220439       0.55
   1.81877 -0.0219767       0.55
   1.82007 -0.0219096       0.55
   1.82137 -0.0218429       0.55
   1.82267 -0.0217764       0.55
   1.82397 -0.0217101       0.55
   1.82528 -0.0216441       0.55
   1.82658 -0.0215784       0.55
   1.82788 -0.0215129       0.55
   1.82918 -0.0214477       0.55
   1.83048 -0.0213827       0.55
   1.83178 -0.0213179       0.55
   1.83308 -0.0212534       0.55
   1.83438 -0.0211892       0.55
   1.83569 -0.0211252       0.55
   1.83699 -0.0210614       0.55
   1.83829 -0.0209979       0.55
   1.83959 -0.0209346       0.55
   1.84089 -0.0208716       0.55
   1.84219 -0.0208088       0.55
   1.84349 -0.0207462       0.55
   1.84479 -0.0206839       0.55
    1.8461 -0.0206218       0.55
    1.8474   -0.02056       0.55
    1.8487 -0.0204984       0.55
      1.85  -0.020437       0.55