 kgrid  ValNew  Policy 
    0.55 -46.1047 0.576009
0.550433 -46.0509 0.576442
0.550867 -45.9972 0.576876
  0.5513 -45.9437 0.577309
0.551734 -45.8904 0.577743
0.552167 -45.8371 0.577743
0.552601 -45.7839 0.578176
0.553034 -45.7309  0.57861
0.553468  -45.678 0.579043
0.553901 -45.6253 0.579043
0.554335 -45.5726 0.579476
0.554768 -45.5201  0.57991
0.555202 -45.4677 0.580343
0.555635 -45.4154 0.580777
0.556069 -45.3632  0.58121
0.556502 -45.3111  0.58121
0.556936 -45.2591 0.581644
0.557369 -45.2072 0.582077
0.557803 -45.1555 0.582511
0.558236 -45.1038 0.582944
 0.55867 -45.0522 0.583378
0.559103 -45.0007 0.583378
0.559537 -44.9493 0.583811
 0.55997 -44.8981 0.584245
0.560403 -44.8469 0.584678
0.560837 -44.7958 0.585112
 0.56127 -44.7448 0.585545
0.561704  -44.694 0.585979
0.562137 -44.6432 0.585979
0.562571 -44.5925 0.586412
0.563004 -44.5419 0.586846
0.563438 -44.4914 0.587279
0.563871  -44.441 0.587713
0.564305 -44.3907 0.588146
0.564738 -44.3405 0.588146
0.565172 -44.2904  0.58858
0.565605 -44.2404 0.589013
0.566039 -44.1904 0.589446
0.566472 -44.1406  0.58988
0.566906 -44.0909 0.590313
0.567339 -44.0413 0.590747
0.567773 -43.9917 0.590747
0.568206 -43.9423  0.59118
 0.56864 -43.8929 0.591614
0.569073 -43.8436 0.592047
0.569507 -43.7945 0.592481
 0.56994 -43.7454 0.592914
0.570373 -43.6964 0.593348
0.570807 -43.6475 0.593781
 0.57124 -43.5987 0.593781
0.571674 -43.5499 0.594215
0.572107 -43.5013 0.594648
0.572541 -43.4527 0.595082
0.572974 -43.4043 0.595515
0.573408 -43.3559 0.595949
0.573841 -43.3077 0.596382
0.574275 -43.2595 0.596382
0.574708 -43.2114 0.596816
0.575142 -43.1633 0.597249
0.575575 -43.1154 0.597683
0.576009 -43.0676 0.598116
0.576442 -43.0198  0.59855
0.576876 -42.9722 0.598983
0.577309 -42.9246 0.598983
0.577743 -42.8771 0.599416
0.578176 -42.8297  0.59985
 0.57861 -42.7824 0.600283
0.579043 -42.7351 0.600717
0.579476  -42.688  0.60115
 0.57991 -42.6409 0.601584
0.580343  -42.594 0.601584
0.580777  -42.547 0.602017
 0.58121 -42.5002 0.602451
0.581644 -42.4535 0.602884
0.582077 -42.4069 0.603318
0.582511 -42.3603 0.603751
0.582944 -42.3138 0.604185
0.583378 -42.2674 0.604185
0.583811 -42.2211 0.604618
0.584245 -42.1749 0.605052
0.584678 -42.1287 0.605485
0.585112 -42.0826 0.605919
0.585545 -42.0366 0.606352
0.585979 -41.9907 0.606786
0.586412 -41.9449 0.607219
0.586846 -41.8992 0.607219
0.587279 -41.8535 0.607653
0.587713 -41.8079 0.608086
0.588146 -41.7624  0.60852
 0.58858 -41.7169 0.608953
0.589013 -41.6716 0.609386
0.589446 -41.6263  0.60982
 0.58988 -41.5811 0.610253
0.590313  -41.536 0.610253
0.590747 -41.4909 0.610687
 0.59118  -41.446  0.61112
0.591614 -41.4011 0.611554
0.592047 -41.3563 0.611987
0.592481 -41.3115 0.612421
0.592914 -41.2669 0.612854
0.593348 -41.2223 0.613288
0.593781 -41.1778 0.613288
0.594215 -41.1333 0.613721
0.594648  -41.089 0.614155
0.595082 -41.0447 0.614588
0.595515 -41.0005 0.615022
0.595949 -40.9563 0.615455
0.596382 -40.9123 0.615889
0.596816 -40.8683 0.616322
0.597249 -40.8244 0.616322
0.597683 -40.7805 0.616756
0.598116 -40.7367 0.617189
 0.59855  -40.693 0.617623
0.598983 -40.6494 0.618056
0.599416 -40.6059 0.618489
 0.59985 -40.5624 0.618923
0.600283  -40.519 0.619356
0.600717 -40.4757  0.61979
 0.60115 -40.4324  0.61979
0.601584 -40.3892 0.620223
0.602017 -40.3461 0.620657
0.602451  -40.303  0.62109
0.602884 -40.2601 0.621524
0.603318 -40.2172 0.621957
0.603751 -40.1743 0.622391
0.604185 -40.1316 0.622824
0.604618 -40.0889 0.622824
0.605052 -40.0463 0.623258
0.605485 -40.0037 0.623691
0.605919 -39.9612 0.624125
0.606352 -39.9188 0.624558
0.606786 -39.8765 0.624992
0.607219 -39.8342 0.625425
0.607653 -39.7921 0.625859
0.608086 -39.7499 0.625859
 0.60852 -39.7078 0.626292
0.608953 -39.6658 0.626726
0.609386 -39.6239 0.627159
 0.60982  -39.582 0.627593
0.610253 -39.5403 0.628026
0.610687 -39.4985 0.628459
 0.61112 -39.4569 0.628893
0.611554 -39.4153 0.629326
0.611987 -39.3738 0.629326
0.612421 -39.3323  0.62976
0.612854 -39.2909 0.630193
0.613288 -39.2496 0.630627
0.613721 -39.2083  0.63106
0.614155 -39.1671 0.631494
0.614588  -39.126 0.631927
0.615022 -39.0849 0.632361
0.615455 -39.0439 0.632794
0.615889  -39.003 0.632794
0.616322 -38.9621 0.633228
0.616756 -38.9213 0.633661
0.617189 -38.8805 0.634095
0.617623 -38.8398 0.634528
0.618056 -38.7992 0.634962
0.618489 -38.7587 0.635395
0.618923 -38.7182 0.635829
0.619356 -38.6778 0.636262
 0.61979 -38.6374 0.636262
0.620223 -38.5971 0.636696
0.620657 -38.5569 0.637129
 0.62109 -38.5167 0.637563
0.621524 -38.4766 0.637996
0.621957 -38.4365 0.638429
0.622391 -38.3966 0.638863
0.622824 -38.3566 0.639296
0.623258 -38.3168  0.63973
0.623691  -38.277  0.63973
0.624125 -38.2372 0.640163
0.624558 -38.1976 0.640597
0.624992 -38.1579  0.64103
0.625425 -38.1184 0.641464
0.625859 -38.0789 0.641897
0.626292 -38.0395 0.642331
0.626726 -38.0001 0.642764
0.627159 -37.9608 0.643198
0.627593 -37.9216 0.643198
0.628026 -37.8824 0.643631
0.628459 -37.8433 0.644065
0.628893 -37.8042 0.644498
0.629326 -37.7652 0.644932
 0.62976 -37.7262 0.645365
0.630193 -37.6874 0.645799
0.630627 -37.6486 0.646232
 0.63106 -37.6098 0.646666
0.631494 -37.5711 0.646666
0.631927 -37.5324 0.647099
0.632361 -37.4938 0.647533
0.632794 -37.4553 0.647966
0.633228 -37.4168 0.648399
0.633661 -37.3784 0.648833
0.634095 -37.3401 0.649266
0.634528 -37.3018   0.6497
0.634962 -37.2636 0.650133
0.635395 -37.2254 0.650133
0.635829 -37.1873 0.650567
0.636262 -37.1492    0.651
0.636696 -37.1112 0.651434
0.637129 -37.0733 0.651867
0.637563 -37.0354 0.652301
0.637996 -36.9975 0.652734
0.638429 -36.9598 0.653168
0.638863 -36.9221 0.653601
0.639296 -36.8844 0.653601
 0.63973 -36.8468 0.654035
0.640163 -36.8093 0.654468
0.640597 -36.7718 0.654902
 0.64103 -36.7343 0.655335
0.641464  -36.697 0.655769
0.641897 -36.6597 0.656202
0.642331 -36.6224 0.656636
0.642764 -36.5852 0.657069
0.643198  -36.548 0.657069
0.643631 -36.5109 0.657503
0.644065 -36.4739 0.657936
0.644498 -36.4369 0.658369
0.644932    -36.4 0.658803
0.645365 -36.3631 0.659236
0.645799 -36.3263  0.65967
0.646232 -36.2895 0.660103
0.646666 -36.2528 0.660537
0.647099 -36.2162 0.660537
0.647533 -36.1796  0.66097
0.647966  -36.143 0.661404
0.648399 -36.1065 0.661837
0.648833 -36.0701 0.662271
0.649266 -36.0337 0.662704
  0.6497 -35.9974 0.663138
0.650133 -35.9611 0.663571
0.650567 -35.9249 0.664005
   0.651 -35.8888 0.664005
0.651434 -35.8526 0.664438
0.651867 -35.8166 0.664872
0.652301 -35.7806 0.665305
0.652734 -35.7446 0.665739
0.653168 -35.7087 0.666172
0.653601 -35.6729 0.666606
0.654035 -35.6371 0.667039
0.654468 -35.6014 0.667472
0.654902 -35.5657 0.667906
0.655335   -35.53 0.667906
0.655769 -35.4944 0.668339
0.656202 -35.4589 0.668773
0.656636 -35.4234 0.669206
0.657069  -35.388  0.66964
0.657503 -35.3526 0.670073
0.657936 -35.3173 0.670507
0.658369  -35.282  0.67094
0.658803 -35.2468 0.671374
0.659236 -35.2117 0.671374
 0.65967 -35.1765 0.671807
0.660103 -35.1415 0.672241
0.660537 -35.1065 0.672674
 0.66097 -35.0715 0.673108
0.661404 -35.0366 0.673541
0.661837 -35.0017 0.673975
0.662271 -34.9669 0.674408
0.662704 -34.9322 0.674842
0.663138 -34.8975 0.674842
0.663571 -34.8628 0.675275
0.664005 -34.8282 0.675709
0.664438 -34.7936 0.676142
0.664872 -34.7591 0.676576
0.665305 -34.7246 0.677009
0.665739 -34.6902 0.677442
0.666172 -34.6559 0.677876
0.666606 -34.6216 0.678309
0.667039 -34.5873 0.678743
0.667472 -34.5531 0.678743
0.667906 -34.5189 0.679176
0.668339 -34.4848  0.67961
0.668773 -34.4508 0.680043
0.669206 -34.4167 0.680477
 0.66964 -34.3828  0.68091
0.670073 -34.3489 0.681344
0.670507  -34.315 0.681777
 0.67094 -34.2812 0.682211
0.671374 -34.2474 0.682211
0.671807 -34.2137 0.682644
0.672241   -34.18 0.683078
0.672674 -34.1464 0.683511
0.673108 -34.1128 0.683945
0.673541 -34.0793 0.684378
0.673975 -34.0458 0.684812
0.674408 -34.0124 0.685245
0.674842  -33.979 0.685679
0.675275 -33.9457 0.685679
0.675709 -33.9124 0.686112
0.676142 -33.8791 0.686546
0.676576 -33.8459 0.686979
0.677009 -33.8128 0.687412
0.677442 -33.7797 0.687846
0.677876 -33.7466 0.688279
0.678309 -33.7136 0.688713
0.678743 -33.6807 0.689146
0.679176 -33.6478  0.68958
 0.67961 -33.6149  0.68958
0.680043 -33.5821 0.690013
0.680477 -33.5493 0.690447
 0.68091 -33.5166  0.69088
0.681344 -33.4839 0.691314
0.681777 -33.4513 0.691747
0.682211 -33.4187 0.692181
0.682644 -33.3861 0.692614
0.683078 -33.3536 0.693048
0.683511 -33.3212 0.693048
0.683945 -33.2888 0.693481
0.684378 -33.2564 0.693915
0.684812 -33.2241 0.694348
0.685245 -33.1918 0.694782
0.685679 -33.1596 0.695215
0.686112 -33.1274 0.695649
0.686546 -33.0953 0.696082
0.686979 -33.0632 0.696516
0.687412 -33.0312 0.696516
0.687846 -32.9992 0.696949
0.688279 -32.9672 0.697382
0.688713 -32.9353 0.697816
0.689146 -32.9034 0.698249
 0.68958 -32.8716 0.698683
0.690013 -32.8398 0.699116
0.690447 -32.8081  0.69955
 0.69088 -32.7764 0.699983
0.691314 -32.7448 0.699983
0.691747 -32.7132 0.700417
0.692181 -32.6817  0.70085
0.692614 -32.6501 0.701284
0.693048 -32.6187 0.701717
0.693481 -32.5872 0.702151
0.693915 -32.5559 0.702584
0.694348 -32.5245 0.703018
0.694782 -32.4933 0.703451
0.695215  -32.462 0.703885
0.695649 -32.4308 0.703885
0.696082 -32.3996 0.704318
0.696516 -32.3685 0.704752
0.696949 -32.3374 0.705185
0.697382 -32.3064 0.705619
0.697816 -32.2754 0.706052
0.698249 -32.2445 0.706485
0.698683 -32.2136 0.706919
0.699116 -32.1827 0.707352
 0.69955 -32.1519 0.707352
0.699983 -32.1211 0.707786
0.700417 -32.0904 0.708219
 0.70085 -32.0597 0.708653
0.701284 -32.0291 0.709086
0.701717 -31.9985  0.70952
0.702151 -31.9679 0.709953
0.702584 -31.9374 0.710387
0.703018 -31.9069  0.71082
0.703451 -31.8765  0.71082
0.703885 -31.8461 0.711254
0.704318 -31.8157 0.711687
0.704752 -31.7854 0.712121
0.705185 -31.7551 0.712554
0.705619 -31.7249 0.712988
0.706052 -31.6947 0.713421
0.706485 -31.6646 0.713855
0.706919 -31.6345 0.714288
0.707352 -31.6044 0.714722
0.707786 -31.5744 0.714722
0.708219 -31.5444 0.715155
0.708653 -31.5145 0.715589
0.709086 -31.4846 0.716022
 0.70952 -31.4547 0.716455
0.709953 -31.4249 0.716889
0.710387 -31.3951 0.717322
 0.71082 -31.3654 0.717756
0.711254 -31.3357 0.718189
0.711687  -31.306 0.718189
0.712121 -31.2764 0.718623
0.712554 -31.2468 0.719056
0.712988 -31.2173  0.71949
0.713421 -31.1878 0.719923
0.713855 -31.1583 0.720357
0.714288 -31.1289  0.72079
0.714722 -31.0996 0.721224
0.715155 -31.0702 0.721657
0.715589 -31.0409 0.721657
0.716022 -31.0117 0.722091
0.716455 -30.9825 0.722524
0.716889 -30.9533 0.722958
0.717322 -30.9241 0.723391
0.717756  -30.895 0.723825
0.718189  -30.866 0.724258
0.718623  -30.837 0.724692
0.719056  -30.808 0.725125
 0.71949 -30.7791 0.725559
0.719923 -30.7502 0.725559
0.720357 -30.7213 0.725992
 0.72079 -30.6925 0.726425
0.721224 -30.6637 0.726859
0.721657 -30.6349 0.727292
0.722091 -30.6062 0.727726
0.722524 -30.5776 0.728159
0.722958 -30.5489 0.728593
0.723391 -30.5203 0.729026
0.723825 -30.4918 0.729026
0.724258 -30.4633  0.72946
0.724692 -30.4348 0.729893
0.725125 -30.4063 0.730327
0.725559 -30.3779  0.73076
0.725992 -30.3496 0.731194
0.726425 -30.3213 0.731627
0.726859  -30.293 0.732061
0.727292 -30.2647 0.732494
0.727726 -30.2365 0.732494
0.728159 -30.2083 0.732928
0.728593 -30.1802 0.733361
0.729026 -30.1521 0.733795
 0.72946  -30.124 0.734228
0.729893  -30.096 0.734662
0.730327  -30.068 0.735095
 0.73076 -30.0401 0.735529
0.731194 -30.0122 0.735962
0.731627 -29.9843 0.736395
0.732061 -29.9565 0.736395
0.732494 -29.9287 0.736829
0.732928 -29.9009 0.737262
0.733361 -29.8732 0.737696
0.733795 -29.8455 0.738129
0.734228 -29.8178 0.738563
0.734662 -29.7902 0.738996
0.735095 -29.7626  0.73943
0.735529 -29.7351 0.739863
0.735962 -29.7076 0.739863
0.736395 -29.6801 0.740297
0.736829 -29.6527  0.74073
0.737262 -29.6253 0.741164
0.737696 -29.5979 0.741597
0.738129 -29.5706 0.742031
0.738563 -29.5433 0.742464
0.738996  -29.516 0.742898
 0.73943 -29.4888 0.743331
0.739863 -29.4616 0.743331
0.740297 -29.4345 0.743765
 0.74073 -29.4074 0.744198
0.741164 -29.3803 0.744632
0.741597 -29.3532 0.745065
0.742031 -29.3262 0.745498
0.742464 -29.2993 0.745932
0.742898 -29.2723 0.746365
0.743331 -29.2455 0.746799
0.743765 -29.2186 0.746799
0.744198 -29.1918 0.747232
0.744632  -29.165 0.747666
0.745065 -29.1382 0.748099
0.745498 -29.1115 0.748533
0.745932 -29.0848 0.748966
0.746365 -29.0581   0.7494
0.746799 -29.0315 0.749833
0.747232  -29.005 0.750267
0.747666 -28.9784   0.7507
0.748099 -28.9519   0.7507
0.748533 -28.9254 0.751134
0.748966  -28.899 0.751567
  0.7494 -28.8726 0.752001
0.749833 -28.8462 0.752434
0.750267 -28.8198 0.752868
  0.7507 -28.7935 0.753301
0.751134 -28.7673 0.753735
0.751567  -28.741 0.754168
0.752001 -28.7148 0.754168
0.752434 -28.6886 0.754602
0.752868 -28.6625 0.755035
0.753301 -28.6364 0.755468
0.753735 -28.6103 0.755902
0.754168 -28.5843 0.756335
0.754602 -28.5583 0.756769
0.755035 -28.5323 0.757202
0.755468 -28.5064 0.757636
0.755902 -28.4805 0.757636
0.756335 -28.4546 0.758069
0.756769 -28.4288 0.758503
0.757202  -28.403 0.758936
0.757636 -28.3772  0.75937
0.758069 -28.3515 0.759803
0.758503 -28.3258 0.760237
0.758936 -28.3002  0.76067
 0.75937 -28.2745 0.761104
0.759803 -28.2489 0.761104
0.760237 -28.2234 0.761537
 0.76067 -28.1978 0.761971
0.761104 -28.1723 0.762404
0.761537 -28.1468 0.762838
0.761971 -28.1214 0.763271
0.762404  -28.096 0.763705
0.762838 -28.0706 0.764138
0.763271 -28.0453 0.764572
0.763705   -28.02 0.764572
0.764138 -27.9947 0.765005
0.764572 -27.9695 0.765438
0.765005 -27.9443 0.765872
0.765438 -27.9191 0.766305
0.765872  -27.894 0.766739
0.766305 -27.8688 0.767172
0.766739 -27.8438 0.767606
0.767172 -27.8187 0.768039
0.767606 -27.7937 0.768039
0.768039 -27.7687 0.768473
0.768473 -27.7438 0.768906
0.768906 -27.7189  0.76934
 0.76934  -27.694 0.769773
0.769773 -27.6691 0.770207
0.770207 -27.6443  0.77064
 0.77064 -27.6195 0.771074
0.771074 -27.5947 0.771507
0.771507   -27.57 0.771941
0.771941 -27.5453 0.771941
0.772374 -27.5206 0.772374
0.772808  -27.496 0.772808
0.773241 -27.4714 0.773241
0.773675 -27.4468 0.773675
0.774108 -27.4223 0.774108
0.774542 -27.3978 0.774542
0.774975 -27.3733 0.774975
0.775408 -27.3489 0.775408
0.775842 -27.3245 0.775408
0.776275 -27.3001 0.775842
0.776709 -27.2757 0.776275
0.777142 -27.2514 0.776709
0.777576 -27.2271 0.777142
0.778009 -27.2028 0.777576
0.778443 -27.1786 0.778009
0.778876 -27.1544 0.778443
 0.77931 -27.1302 0.778876
0.779743 -27.1061 0.778876
0.780177  -27.082  0.77931
 0.78061 -27.0579 0.779743
0.781044 -27.0339 0.780177
0.781477 -27.0098  0.78061
0.781911 -26.9858 0.781044
0.782344 -26.9619 0.781477
0.782778  -26.938 0.781911
0.783211 -26.9141 0.782344
0.783645 -26.8902 0.782344
0.784078 -26.8664 0.782778
0.784512 -26.8426 0.783211
0.784945 -26.8188 0.783645
0.785378  -26.795 0.784078
0.785812 -26.7713 0.784512
0.786245 -26.7476 0.784945
0.786679  -26.724 0.785378
0.787112 -26.7004 0.785812
0.787546 -26.6768 0.785812
0.787979 -26.6532 0.786245
0.788413 -26.6296 0.786679
0.788846 -26.6061 0.787112
 0.78928 -26.5826 0.787546
0.789713 -26.5592 0.787979
0.790147 -26.5358 0.788413
 0.79058 -26.5124 0.788846
0.791014  -26.489  0.78928
0.791447 -26.4657  0.78928
0.791881 -26.4424 0.789713
0.792314 -26.4191 0.790147
0.792748 -26.3959  0.79058
0.793181 -26.3726 0.791014
0.793615 -26.3494 0.791447
0.794048 -26.3263 0.791881
0.794481 -26.3032 0.792314
0.794915 -26.2801 0.792748
0.795348  -26.257 0.792748
0.795782 -26.2339 0.793181
0.796215 -26.2109 0.793615
0.796649 -26.1879 0.794048
0.797082  -26.165 0.794481
0.797516  -26.142 0.794915
0.797949 -26.1191 0.795348
0.798383 -26.0963 0.795782
0.798816 -26.0734 0.796215
 0.79925 -26.0506 0.796215
0.799683 -26.0278 0.796649
0.800117 -26.0051 0.797082
 0.80055 -25.9823 0.797516
0.800984 -25.9596 0.797949
0.801417 -25.9369 0.798383
0.801851 -25.9143 0.798816
0.802284 -25.8917  0.79925
0.802718 -25.8691 0.799683
0.803151 -25.8465 0.799683
0.803585  -25.824 0.800117
0.804018 -25.8015  0.80055
0.804451  -25.779 0.800984
0.804885 -25.7565 0.801417
0.805318 -25.7341 0.801851
0.805752 -25.7117 0.802284
0.806185 -25.6894 0.802718
0.806619  -25.667 0.803151
0.807052 -25.6447 0.803151
0.807486 -25.6224 0.803585
0.807919 -25.6002 0.804018
0.808353 -25.5779 0.804451
0.808786 -25.5557 0.804885
 0.80922 -25.5335 0.805318
0.809653 -25.5114 0.805752
0.810087 -25.4893 0.806185
 0.81052 -25.4672 0.806619
0.810954 -25.4451 0.806619
0.811387 -25.4231 0.807052
0.811821  -25.401 0.807486
0.812254  -25.379 0.807919
0.812688 -25.3571 0.808353
0.813121 -25.3351 0.808786
0.813555 -25.3132  0.80922
0.813988 -25.2914 0.809653
0.814421 -25.2695 0.810087
0.814855 -25.2477 0.810087
0.815288 -25.2259  0.81052
0.815722 -25.2041 0.810954
0.816155 -25.1823 0.811387
0.816589 -25.1606 0.811821
0.817022 -25.1389 0.812254
0.817456 -25.1173 0.812688
0.817889 -25.0956 0.813121
0.818323  -25.074 0.813555
0.818756 -25.0524 0.813555
 0.81919 -25.0309 0.813988
0.819623 -25.0093 0.814421
0.820057 -24.9878 0.814855
 0.82049 -24.9663 0.815288
0.820924 -24.9449 0.815722
0.821357 -24.9234 0.816155
0.821791  -24.902 0.816589
0.822224 -24.8806 0.817022
0.822658 -24.8593 0.817022
0.823091  -24.838 0.817456
0.823525 -24.8167 0.817889
0.823958 -24.7954 0.818323
0.824391 -24.7741 0.818756
0.824825 -24.7529  0.81919
0.825258 -24.7317 0.819623
0.825692 -24.7105 0.820057
0.826125 -24.6894  0.82049
0.826559 -24.6683  0.82049
0.826992 -24.6472 0.820924
0.827426 -24.6261 0.821357
0.827859  -24.605 0.821791
0.828293  -24.584 0.822224
0.828726  -24.563 0.822658
 0.82916  -24.542 0.823091
0.829593 -24.5211 0.823525
0.830027 -24.5002 0.823958
 0.83046 -24.4793 0.823958
0.830894 -24.4584 0.824391
0.831327 -24.4376 0.824825
0.831761 -24.4167 0.825258
0.832194  -24.396 0.825692
0.832628 -24.3752 0.826125
0.833061 -24.3544 0.826559
0.833494 -24.3337 0.826992
0.833928  -24.313 0.827426
0.834361 -24.2924 0.827426
0.834795 -24.2717 0.827859
0.835228 -24.2511 0.828293
0.835662 -24.2305 0.828726
0.836095 -24.2099  0.82916
0.836529 -24.1894 0.829593
0.836962 -24.1689 0.830027
0.837396 -24.1484  0.83046
0.837829 -24.1279 0.830894
0.838263 -24.1074 0.830894
0.838696  -24.087 0.831327
 0.83913 -24.0666 0.831761
0.839563 -24.0462 0.832194
0.839997 -24.0259 0.832628
 0.84043 -24.0056 0.833061
0.840864 -23.9853 0.833494
0.841297  -23.965 0.833928
0.841731 -23.9447 0.834361
0.842164 -23.9245 0.834361
0.842598 -23.9043 0.834795
0.843031 -23.8841 0.835228
0.843464 -23.8639 0.835662
0.843898 -23.8438 0.836095
0.844331 -23.8237 0.836529
0.844765 -23.8036 0.836962
0.845198 -23.7835 0.837396
0.845632 -23.7635 0.837829
0.846065 -23.7435 0.837829
0.846499 -23.7235 0.838263
0.846932 -23.7035 0.838696
0.847366 -23.6836  0.83913
0.847799 -23.6637 0.839563
0.848233 -23.6438 0.839997
0.848666 -23.6239  0.84043
  0.8491 -23.6041 0.840864
0.849533 -23.5842 0.841297
0.849967 -23.5644 0.841297
  0.8504 -23.5446 0.841731
0.850834 -23.5249 0.842164
0.851267 -23.5052 0.842598
0.851701 -23.4854 0.843031
0.852134 -23.4658 0.843464
0.852568 -23.4461 0.843898
0.853001 -23.4265 0.844331
0.853434 -23.4068 0.844765
0.853868 -23.3873 0.844765
0.854301 -23.3677 0.845198
0.854735 -23.3481 0.845632
0.855168 -23.3286 0.846065
0.855602 -23.3091 0.846499
0.856035 -23.2896 0.846932
0.856469 -23.2702 0.847366
0.856902 -23.2507 0.847799
0.857336 -23.2313 0.848233
0.857769 -23.2119 0.848233
0.858203 -23.1926 0.848666
0.858636 -23.1732   0.8491
 0.85907 -23.1539 0.849533
0.859503 -23.1346 0.849967
0.859937 -23.1153   0.8504
 0.86037 -23.0961 0.850834
0.860804 -23.0769 0.851267
0.861237 -23.0577 0.851267
0.861671 -23.0385 0.851701
0.862104 -23.0193 0.852134
0.862538 -23.0002 0.852568
0.862971 -22.9811 0.853001
0.863404  -22.962 0.853434
0.863838 -22.9429 0.853868
0.864271 -22.9239 0.854301
0.864705 -22.9048 0.854735
0.865138 -22.8858 0.854735
0.865572 -22.8668 0.855168
0.866005 -22.8479 0.855602
0.866439 -22.8289 0.856035
0.866872   -22.81 0.856469
0.867306 -22.7911 0.856902
0.867739 -22.7723 0.857336
0.868173 -22.7534 0.857769
0.868606 -22.7346 0.858203
 0.86904 -22.7158 0.858203
0.869473  -22.697 0.858636
0.869907 -22.6782  0.85907
 0.87034 -22.6595 0.859503
0.870774 -22.6408 0.859937
0.871207 -22.6221  0.86037
0.871641 -22.6034 0.860804
0.872074 -22.5847 0.861237
0.872508 -22.5661 0.861671
0.872941 -22.5475 0.861671
0.873374 -22.5289 0.862104
0.873808 -22.5103 0.862538
0.874241 -22.4918 0.862971
0.874675 -22.4733 0.863404
0.875108 -22.4548 0.863838
0.875542 -22.4363 0.864271
0.875975 -22.4178 0.864705
0.876409 -22.3994 0.865138
0.876842  -22.381 0.865138
0.877276 -22.3626 0.865572
0.877709 -22.3442 0.866005
0.878143 -22.3258 0.866439
0.878576 -22.3075 0.866872
 0.87901 -22.2892 0.867306
0.879443 -22.2709 0.867739
0.879877 -22.2526 0.868173
 0.88031 -22.2344 0.868606
0.880744 -22.2162 0.868606
0.881177 -22.1979  0.86904
0.881611 -22.1798 0.869473
0.882044 -22.1616 0.869907
0.882477 -22.1434  0.87034
0.882911 -22.1253 0.870774
0.883344 -22.1072 0.871207
0.883778 -22.0891 0.871641
0.884211 -22.0711 0.872074
0.884645  -22.053 0.872074
0.885078  -22.035 0.872508
0.885512  -22.017 0.872941
0.885945  -21.999 0.873374
0.886379 -21.9811 0.873808
0.886812 -21.9631 0.874241
0.887246 -21.9452 0.874675
0.887679 -21.9273 0.875108
0.888113 -21.9095 0.875108
0.888546 -21.8916 0.875542
 0.88898 -21.8738 0.875975
0.889413 -21.8559 0.876409
0.889847 -21.8382 0.876842
 0.89028 -21.8204 0.877276
0.890714 -21.8026 0.877709
0.891147 -21.7849 0.878143
0.891581 -21.7672 0.878576
0.892014 -21.7495 0.878576
0.892447 -21.7318  0.87901
0.892881 -21.7142 0.879443
0.893314 -21.6965 0.879877
0.893748 -21.6789  0.88031
0.894181 -21.6613 0.880744
0.894615 -21.6438 0.881177
0.895048 -21.6262 0.881611
0.895482 -21.6087 0.882044
0.895915 -21.5912 0.882044
0.896349 -21.5737 0.882477
0.896782 -21.5562 0.882911
0.897216 -21.5387 0.883344
0.897649 -21.5213 0.883778
0.898083 -21.5039 0.884211
0.898516 -21.4865 0.884645
 0.89895 -21.4691 0.885078
0.899383 -21.4518 0.885512
0.899817 -21.4344 0.885512
 0.90025 -21.4171 0.885945
0.900684 -21.3998 0.886379
0.901117 -21.3826 0.886812
0.901551 -21.3653 0.887246
0.901984 -21.3481 0.887679
0.902417 -21.3308 0.888113
0.902851 -21.3137 0.888546
0.903284 -21.2965 0.888546
0.903718 -21.2793  0.88898
0.904151 -21.2622 0.889413
0.904585  -21.245 0.889847
0.905018 -21.2279  0.89028
0.905452 -21.2109 0.890714
0.905885 -21.1938 0.891147
0.906319 -21.1768 0.891581
0.906752 -21.1597 0.892014
0.907186 -21.1427 0.892014
0.907619 -21.1257 0.892447
0.908053 -21.1088 0.892881
0.908486 -21.0918 0.893314
 0.90892 -21.0749 0.893748
0.909353  -21.058 0.894181
0.909787 -21.0411 0.894615
 0.91022 -21.0242 0.895048
0.910654 -21.0074 0.895482
0.911087 -20.9906 0.895482
0.911521 -20.9737 0.895915
0.911954 -20.9569 0.896349
0.912387 -20.9402 0.896782
0.912821 -20.9234 0.897216
0.913254 -20.9067 0.897649
0.913688 -20.8899 0.898083
0.914121 -20.8732 0.898516
0.914555 -20.8566  0.89895
0.914988 -20.8399  0.89895
0.915422 -20.8232 0.899383
0.915855 -20.8066 0.899817
0.916289   -20.79  0.90025
0.916722 -20.7734 0.900684
0.917156 -20.7568 0.901117
0.917589 -20.7403 0.901551
0.918023 -20.7238 0.901984
0.918456 -20.7072 0.901984
 0.91889 -20.6907 0.902417
0.919323 -20.6743 0.902851
0.919757 -20.6578 0.903284
 0.92019 -20.6414 0.903718
0.920624 -20.6249 0.904151
0.921057 -20.6085 0.904585
 0.92149 -20.5921 0.905018
0.921924 -20.5758 0.905452
0.922357 -20.5594 0.905452
0.922791 -20.5431 0.905885
0.923224 -20.5268 0.906319
0.923658 -20.5105 0.906752
0.924091 -20.4942 0.907186
0.924525 -20.4779 0.907619
0.924958 -20.4617 0.908053
0.925392 -20.4455 0.908486
0.925825 -20.4293 0.908486
0.926259 -20.4131  0.90892
0.926692 -20.3969 0.909353
0.927126 -20.3807 0.909787
0.927559 -20.3646  0.91022
0.927993 -20.3485 0.910654
0.928426 -20.3324 0.911087
 0.92886 -20.3163 0.911521
0.929293 -20.3002 0.911954
0.929727 -20.2842 0.911954
 0.93016 -20.2682 0.912387
0.930594 -20.2522 0.912821
0.931027 -20.2362 0.913254
 0.93146 -20.2202 0.913688
0.931894 -20.2042 0.914121
0.932327 -20.1883 0.914555
0.932761 -20.1724 0.914988
0.933194 -20.1565 0.915422
0.933628 -20.1406 0.915422
0.934061 -20.1247 0.915855
0.934495 -20.1089 0.916289
0.934928  -20.093 0.916722
0.935362 -20.0772 0.917156
0.935795 -20.0614 0.917589
0.936229 -20.0456 0.918023
0.936662 -20.0299 0.918456
0.937096 -20.0141 0.918456
0.937529 -19.9984  0.91889
0.937963 -19.9827 0.919323
0.938396  -19.967 0.919757
 0.93883 -19.9513  0.92019
0.939263 -19.9356 0.920624
0.939697   -19.92 0.921057
 0.94013 -19.9043  0.92149
0.940564 -19.8887 0.921924
0.940997 -19.8731 0.921924
 0.94143 -19.8576 0.922357
0.941864  -19.842 0.922791
0.942297 -19.8265 0.923224
0.942731 -19.8109 0.923658
0.943164 -19.7954 0.924091
0.943598 -19.7799 0.924525
0.944031 -19.7645 0.924958
0.944465  -19.749 0.925392
0.944898 -19.7336 0.925392
0.945332 -19.7181 0.925825
0.945765 -19.7027 0.926259
0.946199 -19.6873 0.926692
0.946632  -19.672 0.927126
0.947066 -19.6566 0.927559
0.947499 -19.6413 0.927993
0.947933 -19.6259 0.928426
0.948366 -19.6106 0.928426
  0.9488 -19.5953  0.92886
0.949233 -19.5801 0.929293
0.949667 -19.5648 0.929727
  0.9501 -19.5496  0.93016
0.950534 -19.5343 0.930594
0.950967 -19.5191 0.931027
  0.9514  -19.504  0.93146
0.951834 -19.4888 0.931894
0.952267 -19.4736 0.931894
0.952701 -19.4585 0.932327
0.953134 -19.4434 0.932761
0.953568 -19.4282 0.933194
0.954001 -19.4131 0.933628
0.954435 -19.3981 0.934061
0.954868  -19.383 0.934495
0.955302  -19.368 0.934928
0.955735  -19.353 0.935362
0.956169 -19.3379 0.935362
0.956602 -19.3229 0.935795
0.957036  -19.308 0.936229
0.957469  -19.293 0.936662
0.957903 -19.2781 0.937096
0.958336 -19.2631 0.937529
 0.95877 -19.2482 0.937963
0.959203 -19.2333 0.938396
0.959637 -19.2184 0.938396
 0.96007 -19.2036  0.93883
0.960504 -19.1887 0.939263
0.960937 -19.1739 0.939697
 0.96137 -19.1591  0.94013
0.961804 -19.1443 0.940564
0.962237 -19.1295 0.940997
0.962671 -19.1147  0.94143
0.963104    -19.1 0.941864
0.963538 -19.0852 0.941864
0.963971 -19.0705 0.942297
0.964405 -19.0558 0.942731
0.964838 -19.0411 0.943164
0.965272 -19.0264 0.943598
0.965705 -19.0118 0.944031
0.966139 -18.9971 0.944465
0.966572 -18.9825 0.944898
0.967006 -18.9679 0.944898
0.967439 -18.9533 0.945332
0.967873 -18.9387 0.945765
0.968306 -18.9241 0.946199
 0.96874 -18.9096 0.946632
0.969173 -18.8951 0.947066
0.969607 -18.8805 0.947499
 0.97004  -18.866 0.947933
0.970473 -18.8516 0.948366
0.970907 -18.8371 0.948366
 0.97134 -18.8226   0.9488
0.971774 -18.8082 0.949233
0.972207 -18.7938 0.949667
0.972641 -18.7793   0.9501
0.973074  -18.765 0.950534
0.973508 -18.7506 0.950967
0.973941 -18.7362   0.9514
0.974375 -18.7219   0.9514
0.974808 -18.7075 0.951834
0.975242 -18.6932 0.952267
0.975675 -18.6789 0.952701
0.976109 -18.6646 0.953134
0.976542 -18.6503 0.953568
0.976976 -18.6361 0.954001
0.977409 -18.6219 0.954435
0.977843 -18.6076 0.954868
0.978276 -18.5934 0.954868
 0.97871 -18.5792 0.955302
0.979143  -18.565 0.955735
0.979577 -18.5509 0.956169
 0.98001 -18.5367 0.956602
0.980443 -18.5226 0.957036
0.980877 -18.5085 0.957469
 0.98131 -18.4944 0.957903
0.981744 -18.4803 0.958336
0.982177 -18.4662 0.958336
0.982611 -18.4521  0.95877
0.983044 -18.4381 0.959203
0.983478  -18.424 0.959637
0.983911   -18.41  0.96007
0.984345  -18.396 0.960504
0.984778  -18.382 0.960937
0.985212 -18.3681  0.96137
0.985645 -18.3541  0.96137
0.986079 -18.3402 0.961804
0.986512 -18.3262 0.962237
0.986946 -18.3123 0.962671
0.987379 -18.2984 0.963104
0.987813 -18.2845 0.963538
0.988246 -18.2707 0.963971
 0.98868 -18.2568 0.964405
0.989113  -18.243 0.964838
0.989547 -18.2292 0.964838
 0.98998 -18.2153 0.965272
0.990413 -18.2016 0.965705
0.990847 -18.1878 0.966139
 0.99128  -18.174 0.966572
0.991714 -18.1603 0.967006
0.992147 -18.1465 0.967439
0.992581 -18.1328 0.967873
0.993014 -18.1191 0.967873
0.993448 -18.1054 0.968306
0.993881 -18.0917  0.96874
0.994315  -18.078 0.969173
0.994748 -18.0644 0.969607
0.995182 -18.0507  0.97004
0.995615 -18.0371 0.970473
0.996049 -18.0235 0.970907
0.996482 -18.0099  0.97134
0.996916 -17.9963  0.97134
0.997349 -17.9828 0.971774
0.997783 -17.9692 0.972207
0.998216 -17.9557 0.972641
 0.99865 -17.9422 0.973074
0.999083 -17.9287 0.973508
0.999517 -17.9152 0.973941
 0.99995 -17.9017 0.974375
 1.00038 -17.8882 0.974375
 1.00082 -17.8748 0.974808
 1.00125 -17.8613 0.975242
 1.00168 -17.8479 0.975675
 1.00212 -17.8345 0.976109
 1.00255 -17.8211 0.976542
 1.00298 -17.8077 0.976976
 1.00342 -17.7943 0.977409
 1.00385  -17.781 0.977843
 1.00428 -17.7676 0.977843
 1.00472 -17.7543 0.978276
 1.00515  -17.741  0.97871
 1.00559 -17.7277 0.979143
 1.00602 -17.7144 0.979577
 1.00645 -17.7011  0.98001
 1.00689 -17.6879 0.980443
 1.00732 -17.6746 0.980877
 1.00775 -17.6614 0.980877
 1.00819 -17.6482  0.98131
 1.00862  -17.635 0.981744
 1.00905 -17.6218 0.982177
 1.00949 -17.6086 0.982611
 1.00992 -17.5955 0.983044
 1.01035 -17.5823 0.983478
 1.01079 -17.5692 0.983911
 1.01122 -17.5561 0.984345
 1.01165  -17.543 0.984345
 1.01209 -17.5299 0.984778
 1.01252 -17.5168 0.985212
 1.01295 -17.5037 0.985645
 1.01339 -17.4907 0.986079
 1.01382 -17.4776 0.986512
 1.01425 -17.4646 0.986946
 1.01469 -17.4516 0.987379
 1.01512 -17.4386 0.987379
 1.01556 -17.4256 0.987813
 1.01599 -17.4126 0.988246
 1.01642 -17.3997  0.98868
 1.01686 -17.3867 0.989113
 1.01729 -17.3738 0.989547
 1.01772 -17.3609  0.98998
 1.01816  -17.348 0.990413
 1.01859 -17.3351 0.990413
 1.01902 -17.3222 0.990847
 1.01946 -17.3093  0.99128
 1.01989 -17.2965 0.991714
 1.02032 -17.2836 0.992147
 1.02076 -17.2708 0.992581
 1.02119  -17.258 0.993014
 1.02162 -17.2452 0.993448
 1.02206 -17.2324 0.993881
 1.02249 -17.2196 0.993881
 1.02292 -17.2069 0.994315
 1.02336 -17.1941 0.994748
 1.02379 -17.1814 0.995182
 1.02422 -17.1687 0.995615
 1.02466  -17.156 0.996049
 1.02509 -17.1433 0.996482
 1.02553 -17.1306 0.996916
 1.02596 -17.1179 0.996916
 1.02639 -17.1053 0.997349
 1.02683 -17.0926 0.997783
 1.02726   -17.08 0.998216
 1.02769 -17.0674  0.99865
 1.02813 -17.0548 0.999083
 1.02856 -17.0422 0.999517
 1.02899 -17.0296  0.99995
 1.02943 -17.0171  1.00038
 1.02986 -17.0045  1.00038
 1.03029  -16.992  1.00082
 1.03073 -16.9794  1.00125
 1.03116 -16.9669  1.00168
 1.03159 -16.9544  1.00212
 1.03203 -16.9419  1.00255
 1.03246 -16.9295  1.00298
 1.03289  -16.917  1.00342
 1.03333 -16.9045  1.00342
 1.03376 -16.8921  1.00385
 1.03419 -16.8797  1.00428
 1.03463 -16.8673  1.00472
 1.03506 -16.8549  1.00515
  1.0355 -16.8425  1.00559
 1.03593 -16.8301  1.00602
 1.03636 -16.8177  1.00645
  1.0368 -16.8054  1.00645
 1.03723 -16.7931  1.00689
 1.03766 -16.7807  1.00732
  1.0381 -16.7684  1.00775
 1.03853 -16.7561  1.00819
 1.03896 -16.7438  1.00862
  1.0394 -16.7316  1.00905
 1.03983 -16.7193  1.00949
 1.04026 -16.7071  1.00992
  1.0407 -16.6948  1.00992
 1.04113 -16.6826  1.01035
 1.04156 -16.6704  1.01079
   1.042 -16.6582  1.01122
 1.04243  -16.646  1.01165
 1.04286 -16.6338  1.01209
  1.0433 -16.6217  1.01252
 1.04373 -16.6095  1.01295
 1.04416 -16.5974  1.01295
  1.0446 -16.5853  1.01339
 1.04503 -16.5731  1.01382
 1.04547  -16.561  1.01425
  1.0459 -16.5489  1.01469
 1.04633 -16.5369  1.01512
 1.04677 -16.5248  1.01556
  1.0472 -16.5128  1.01599
 1.04763 -16.5007  1.01642
 1.04807 -16.4887  1.01642
  1.0485 -16.4767  1.01686
 1.04893 -16.4647  1.01729
 1.04937 -16.4527  1.01772
  1.0498 -16.4407  1.01816
 1.05023 -16.4287  1.01859
 1.05067 -16.4168  1.01902
  1.0511 -16.4048  1.01946
 1.05153 -16.3929  1.01946
 1.05197  -16.381  1.01989
  1.0524 -16.3691  1.02032
 1.05283 -16.3572  1.02076
 1.05327 -16.3453  1.02119
  1.0537 -16.3334  1.02162
 1.05413 -16.3216  1.02206
 1.05457 -16.3097  1.02249
   1.055 -16.2979  1.02249
 1.05544 -16.2861  1.02292
 1.05587 -16.2743  1.02336
  1.0563 -16.2625  1.02379
 1.05674 -16.2507  1.02422
 1.05717 -16.2389  1.02466
  1.0576 -16.2271  1.02509
 1.05804 -16.2154  1.02553
 1.05847 -16.2036  1.02596
  1.0589 -16.1919  1.02596
 1.05934 -16.1802  1.02639
 1.05977 -16.1685  1.02683
  1.0602 -16.1568  1.02726
 1.06064 -16.1451  1.02769
 1.06107 -16.1334  1.02813
  1.0615 -16.1218  1.02856
 1.06194 -16.1101  1.02899
 1.06237 -16.0985  1.02899
  1.0628 -16.0869  1.02943
 1.06324 -16.0753  1.02986
 1.06367 -16.0637  1.03029
  1.0641 -16.0521  1.03073
 1.06454 -16.0405  1.03116
 1.06497 -16.0289  1.03159
 1.06541 -16.0174  1.03203
 1.06584 -16.0058  1.03246
 1.06627 -15.9943  1.03246
 1.06671 -15.9828  1.03289
 1.06714 -15.9713  1.03333
 1.06757 -15.9598  1.03376
 1.06801 -15.9483  1.03419
 1.06844 -15.9368  1.03463
 1.06887 -15.9254  1.03506
 1.06931 -15.9139   1.0355
 1.06974 -15.9025   1.0355
 1.07017  -15.891  1.03593
 1.07061 -15.8796  1.03636
 1.07104 -15.8682   1.0368
 1.07147 -15.8568  1.03723
 1.07191 -15.8454  1.03766
 1.07234 -15.8341   1.0381
 1.07277 -15.8227  1.03853
 1.07321 -15.8114  1.03853
 1.07364    -15.8  1.03896
 1.07407 -15.7887   1.0394
 1.07451 -15.7774  1.03983
 1.07494 -15.7661  1.04026
 1.07538 -15.7548   1.0407
 1.07581 -15.7435  1.04113
 1.07624 -15.7322  1.04156
 1.07668  -15.721    1.042
 1.07711 -15.7097    1.042
 1.07754 -15.6985  1.04243
 1.07798 -15.6873  1.04286
 1.07841  -15.676   1.0433
 1.07884 -15.6648  1.04373
 1.07928 -15.6537  1.04416
 1.07971 -15.6425   1.0446
 1.08014 -15.6313  1.04503
 1.08058 -15.6201  1.04503
 1.08101  -15.609  1.04547
 1.08144 -15.5979   1.0459
 1.08188 -15.5867  1.04633
 1.08231 -15.5756  1.04677
 1.08274 -15.5645   1.0472
 1.08318 -15.5534  1.04763
 1.08361 -15.5423  1.04807
 1.08404 -15.5313  1.04807
 1.08448 -15.5202   1.0485
 1.08491 -15.5091  1.04893
 1.08535 -15.4981  1.04937
 1.08578 -15.4871   1.0498
 1.08621 -15.4761  1.05023
 1.08665 -15.4651  1.05067
 1.08708 -15.4541   1.0511
 1.08751 -15.4431  1.05153
 1.08795 -15.4321  1.05153
 1.08838 -15.4211  1.05197
 1.08881 -15.4102   1.0524
 1.08925 -15.3992  1.05283
 1.08968 -15.3883  1.05327
 1.09011 -15.3774   1.0537
 1.09055 -15.3665  1.05413
 1.09098 -15.3556  1.05457
 1.09141 -15.3447  1.05457
 1.09185 -15.3338    1.055
 1.09228 -15.3229  1.05544
 1.09271 -15.3121  1.05587
 1.09315 -15.3012   1.0563
 1.09358 -15.2904  1.05674
 1.09401 -15.2796  1.05717
 1.09445 -15.2688   1.0576
 1.09488  -15.258   1.0576
 1.09532 -15.2472  1.05804
 1.09575 -15.2364  1.05847
 1.09618 -15.2256   1.0589
 1.09662 -15.2149  1.05934
 1.09705 -15.2041  1.05977
 1.09748 -15.1934   1.0602
 1.09792 -15.1826  1.06064
 1.09835 -15.1719  1.06107
 1.09878 -15.1612  1.06107
 1.09922 -15.1505   1.0615
 1.09965 -15.1398  1.06194
 1.10008 -15.1291  1.06237
 1.10052 -15.1185   1.0628
 1.10095 -15.1078  1.06324
 1.10138 -15.0972  1.06367
 1.10182 -15.0865   1.0641
 1.10225 -15.0759   1.0641
 1.10268 -15.0653  1.06454
 1.10312 -15.0547  1.06497
 1.10355 -15.0441  1.06541
 1.10398 -15.0335  1.06584
 1.10442 -15.0229  1.06627
 1.10485 -15.0124  1.06671
 1.10529 -15.0018  1.06714
 1.10572 -14.9913  1.06714
 1.10615 -14.9807  1.06757
 1.10659 -14.9702  1.06801
 1.10702 -14.9597  1.06844
 1.10745 -14.9492  1.06887
 1.10789 -14.9387  1.06931
 1.10832 -14.9282  1.06974
 1.10875 -14.9177  1.07017
 1.10919 -14.9073  1.07017
 1.10962 -14.8968  1.07061
 1.11005 -14.8864  1.07104
 1.11049  -14.876  1.07147
 1.11092 -14.8655  1.07191
 1.11135 -14.8551  1.07234
 1.11179 -14.8447  1.07277
 1.11222 -14.8343  1.07321
 1.11265  -14.824  1.07364
 1.11309 -14.8136  1.07364
 1.11352 -14.8032  1.07407
 1.11395 -14.7929  1.07451
 1.11439 -14.7825  1.07494
 1.11482 -14.7722  1.07538
 1.11526 -14.7619  1.07581
 1.11569 -14.7516  1.07624
 1.11612 -14.7413  1.07668
 1.11656  -14.731  1.07668
 1.11699 -14.7207  1.07711
 1.11742 -14.7104  1.07754
 1.11786 -14.7001  1.07798
 1.11829 -14.6899  1.07841
 1.11872 -14.6796  1.07884
 1.11916 -14.6694  1.07928
 1.11959 -14.6592  1.07971
 1.12002  -14.649  1.07971
 1.12046 -14.6388  1.08014
 1.12089 -14.6286  1.08058
 1.12132 -14.6184  1.08101
 1.12176 -14.6082  1.08144
 1.12219 -14.5981  1.08188
 1.12262 -14.5879  1.08231
 1.12306 -14.5778  1.08274
 1.12349 -14.5676  1.08274
 1.12392 -14.5575  1.08318
 1.12436 -14.5474  1.08361
 1.12479 -14.5373  1.08404
 1.12523 -14.5272  1.08448
 1.12566 -14.5171  1.08491
 1.12609  -14.507  1.08535
 1.12653  -14.497  1.08578
 1.12696 -14.4869  1.08621
 1.12739 -14.4768  1.08621
 1.12783 -14.4668  1.08665
 1.12826 -14.4568  1.08708
 1.12869 -14.4468  1.08751
 1.12913 -14.4367  1.08795
 1.12956 -14.4268  1.08838
 1.12999 -14.4168  1.08881
 1.13043 -14.4068  1.08925
 1.13086 -14.3968  1.08925
 1.13129 -14.3868  1.08968
 1.13173 -14.3769  1.09011
 1.13216 -14.3669  1.09055
 1.13259  -14.357  1.09098
 1.13303 -14.3471  1.09141
 1.13346 -14.3372  1.09185
 1.13389 -14.3273  1.09228
 1.13433 -14.3174  1.09228
 1.13476 -14.3075  1.09271
  1.1352 -14.2976  1.09315
 1.13563 -14.2877  1.09358
 1.13606 -14.2779  1.09401
  1.1365  -14.268  1.09445
 1.13693 -14.2582  1.09488
 1.13736 -14.2484  1.09532
  1.1378 -14.2385  1.09532
 1.13823 -14.2287  1.09575
 1.13866 -14.2189  1.09618
  1.1391 -14.2091  1.09662
 1.13953 -14.1994  1.09705
 1.13996 -14.1896  1.09748
  1.1404 -14.1798  1.09792
 1.14083 -14.1701  1.09835
 1.14126 -14.1603  1.09878
  1.1417 -14.1506  1.09878
 1.14213 -14.1408  1.09922
 1.14256 -14.1311  1.09965
   1.143 -14.1214  1.10008
 1.14343 -14.1117  1.10052
 1.14386  -14.102  1.10095
  1.1443 -14.0923  1.10138
 1.14473 -14.0827  1.10182
 1.14517  -14.073  1.10182
  1.1456 -14.0634  1.10225
 1.14603 -14.0537  1.10268
 1.14647 -14.0441  1.10312
  1.1469 -14.0344  1.10355
 1.14733 -14.0248  1.10398
 1.14777 -14.0152  1.10442
  1.1482 -14.0056  1.10485
 1.14863  -13.996  1.10485
 1.14907 -13.9864  1.10529
  1.1495 -13.9769  1.10572
 1.14993 -13.9673  1.10615
 1.15037 -13.9577  1.10659
  1.1508 -13.9482  1.10702
 1.15123 -13.9387  1.10745
 1.15167 -13.9291  1.10789
  1.1521 -13.9196  1.10789
 1.15253 -13.9101  1.10832
 1.15297 -13.9006  1.10875
  1.1534 -13.8911  1.10919
 1.15383 -13.8816  1.10962
 1.15427 -13.8722  1.11005
  1.1547 -13.8627  1.11049
 1.15514 -13.8532  1.11092
 1.15557 -13.8438  1.11092
   1.156 -13.8343  1.11135
 1.15644 -13.8249  1.11179
 1.15687 -13.8155  1.11222
  1.1573 -13.8061  1.11265
 1.15774 -13.7967  1.11309
 1.15817 -13.7873  1.11352
  1.1586 -13.7779  1.11395
 1.15904 -13.7685  1.11395
 1.15947 -13.7591  1.11439
  1.1599 -13.7498  1.11482
 1.16034 -13.7404  1.11526
 1.16077 -13.7311  1.11569
  1.1612 -13.7218  1.11612
 1.16164 -13.7124  1.11656
 1.16207 -13.7031  1.11699
  1.1625 -13.6938  1.11742
 1.16294 -13.6845  1.11742
 1.16337 -13.6752  1.11786
  1.1638 -13.6659  1.11829
 1.16424 -13.6567  1.11872
 1.16467 -13.6474  1.11916
 1.16511 -13.6381  1.11959
 1.16554 -13.6289  1.12002
 1.16597 -13.6197  1.12046
 1.16641 -13.6104  1.12046
 1.16684 -13.6012  1.12089
 1.16727  -13.592  1.12132
 1.16771 -13.5828  1.12176
 1.16814 -13.5736  1.12219
 1.16857 -13.5644  1.12262
 1.16901 -13.5552  1.12306
 1.16944 -13.5461  1.12349
 1.16987 -13.5369  1.12349
 1.17031 -13.5277  1.12392
 1.17074 -13.5186  1.12436
 1.17117 -13.5095  1.12479
 1.17161 -13.5003  1.12523
 1.17204 -13.4912  1.12566
 1.17247 -13.4821  1.12609
 1.17291  -13.473  1.12653
 1.17334 -13.4639  1.12653
 1.17377 -13.4548  1.12696
 1.17421 -13.4458  1.12739
 1.17464 -13.4367  1.12783
 1.17508 -13.4276  1.12826
 1.17551 -13.4186  1.12869
 1.17594 -13.4095  1.12913
 1.17638 -13.4005  1.12956
 1.17681 -13.3915  1.12999
 1.17724 -13.3825  1.12999
 1.17768 -13.3734  1.13043
 1.17811 -13.3644  1.13086
 1.17854 -13.3554  1.13129
 1.17898 -13.3465  1.13173
 1.17941 -13.3375  1.13216
 1.17984 -13.3285  1.13259
 1.18028 -13.3196  1.13303
 1.18071 -13.3106  1.13303
 1.18114 -13.3017  1.13346
 1.18158 -13.2927  1.13389
 1.18201 -13.2838  1.13433
 1.18244 -13.2749  1.13476
 1.18288  -13.266   1.1352
 1.18331 -13.2571  1.13563
 1.18374 -13.2482  1.13606
 1.18418 -13.2393  1.13606
 1.18461 -13.2304   1.1365
 1.18505 -13.2215  1.13693
 1.18548 -13.2127  1.13736
 1.18591 -13.2038   1.1378
 1.18635  -13.195  1.13823
 1.18678 -13.1862  1.13866
 1.18721 -13.1773   1.1391
 1.18765 -13.1685   1.1391
 1.18808 -13.1597  1.13953
 1.18851 -13.1509  1.13996
 1.18895 -13.1421   1.1404
 1.18938 -13.1333  1.14083
 1.18981 -13.1245  1.14126
 1.19025 -13.1157   1.1417
 1.19068  -13.107  1.14213
 1.19111 -13.0982  1.14213
 1.19155 -13.0895  1.14256
 1.19198 -13.0807    1.143
 1.19241  -13.072  1.14343
 1.19285 -13.0633  1.14386
 1.19328 -13.0546   1.1443
 1.19371 -13.0459  1.14473
 1.19415 -13.0372  1.14517
 1.19458 -13.0285  1.14517
 1.19502 -13.0198   1.1456
 1.19545 -13.0111  1.14603
 1.19588 -13.0024  1.14647
 1.19632 -12.9938   1.1469
 1.19675 -12.9851  1.14733
 1.19718 -12.9765  1.14777
 1.19762 -12.9678   1.1482
 1.19805 -12.9592   1.1482
 1.19848 -12.9506  1.14863
 1.19892  -12.942  1.14907
 1.19935 -12.9334   1.1495
 1.19978 -12.9248  1.14993
 1.20022 -12.9162  1.15037
 1.20065 -12.9076   1.1508
 1.20108  -12.899  1.15123
 1.20152 -12.8905  1.15167
 1.20195 -12.8819  1.15167
 1.20238 -12.8734   1.1521
 1.20282 -12.8648  1.15253
 1.20325 -12.8563  1.15297
 1.20368 -12.8478   1.1534
 1.20412 -12.8392  1.15383
 1.20455 -12.8307  1.15427
 1.20498 -12.8222   1.1547
 1.20542 -12.8137   1.1547
 1.20585 -12.8052  1.15514
 1.20629 -12.7968  1.15557
 1.20672 -12.7883    1.156
 1.20715 -12.7798  1.15644
 1.20759 -12.7714  1.15687
 1.20802 -12.7629   1.1573
 1.20845 -12.7545  1.15774
 1.20889  -12.746  1.15774
 1.20932 -12.7376  1.15817
 1.20975 -12.7292   1.1586
 1.21019 -12.7208  1.15904
 1.21062 -12.7124  1.15947
 1.21105  -12.704   1.1599
 1.21149 -12.6956  1.16034
 1.21192 -12.6872  1.16077
 1.21235 -12.6788  1.16077
 1.21279 -12.6705   1.1612
 1.21322 -12.6621  1.16164
 1.21365 -12.6538  1.16207
 1.21409 -12.6454   1.1625
 1.21452 -12.6371  1.16294
 1.21495 -12.6288  1.16337
 1.21539 -12.6204   1.1638
 1.21582 -12.6121   1.1638
 1.21626 -12.6038  1.16424
 1.21669 -12.5955  1.16467
 1.21712 -12.5872  1.16511
 1.21756 -12.5789  1.16554
 1.21799 -12.5707  1.16597
 1.21842 -12.5624  1.16641
 1.21886 -12.5541  1.16684
 1.21929 -12.5459  1.16684
 1.21972 -12.5376  1.16727
 1.22016 -12.5294  1.16771
 1.22059 -12.5212  1.16814
 1.22102 -12.5129  1.16857
 1.22146 -12.5047  1.16901
 1.22189 -12.4965  1.16944
 1.22232 -12.4883  1.16987
 1.22276 -12.4801  1.16987
 1.22319 -12.4719  1.17031
 1.22362 -12.4638  1.17074
 1.22406 -12.4556  1.17117
 1.22449 -12.4474  1.17161
 1.22492 -12.4393  1.17204
 1.22536 -12.4311  1.17247
 1.22579  -12.423  1.17291
 1.22623 -12.4148  1.17291
 1.22666 -12.4067  1.17334
 1.22709 -12.3986  1.17377
 1.22753 -12.3905  1.17421
 1.22796 -12.3824  1.17464
 1.22839 -12.3743  1.17508
 1.22883 -12.3662  1.17551
 1.22926 -12.3581  1.17594
 1.22969   -12.35  1.17594
 1.23013  -12.342  1.17638
 1.23056 -12.3339  1.17681
 1.23099 -12.3258  1.17724
 1.23143 -12.3178  1.17768
 1.23186 -12.3097  1.17811
 1.23229 -12.3017  1.17854
 1.23273 -12.2937  1.17898
 1.23316 -12.2857  1.17941
 1.23359 -12.2776  1.17941
 1.23403 -12.2696  1.17984
 1.23446 -12.2616  1.18028
 1.23489 -12.2537  1.18071
 1.23533 -12.2457  1.18114
 1.23576 -12.2377  1.18158
  1.2362 -12.2297  1.18201
 1.23663 -12.2218  1.18244
 1.23706 -12.2138  1.18244
  1.2375 -12.2059  1.18288
 1.23793 -12.1979  1.18331
 1.23836   -12.19  1.18374
  1.2388 -12.1821  1.18418
 1.23923 -12.1741  1.18461
 1.23966 -12.1662  1.18505
  1.2401 -12.1583  1.18548
 1.24053 -12.1504  1.18548
 1.24096 -12.1425  1.18591
  1.2414 -12.1346  1.18635
 1.24183 -12.1268  1.18678
 1.24226 -12.1189  1.18721
  1.2427  -12.111  1.18765
 1.24313 -12.1032  1.18808
 1.24356 -12.0953  1.18851
   1.244 -12.0875  1.18851
 1.24443 -12.0796  1.18895
 1.24486 -12.0718  1.18938
  1.2453  -12.064  1.18981
 1.24573 -12.0562  1.19025
 1.24617 -12.0484  1.19068
  1.2466 -12.0406  1.19111
 1.24703 -12.0328  1.19155
 1.24747  -12.025  1.19155
  1.2479 -12.0172  1.19198
 1.24833 -12.0094  1.19241
 1.24877 -12.0017  1.19285
  1.2492 -11.9939  1.19328
 1.24963 -11.9861  1.19371
 1.25007 -11.9784  1.19415
  1.2505 -11.9707  1.19458
 1.25093 -11.9629  1.19458
 1.25137 -11.9552  1.19502
  1.2518 -11.9475  1.19545
 1.25223 -11.9398  1.19588
 1.25267 -11.9321  1.19632
  1.2531 -11.9244  1.19675
 1.25353 -11.9167  1.19718
 1.25397  -11.909  1.19762
  1.2544 -11.9013  1.19762
 1.25483 -11.8936  1.19805
 1.25527  -11.886  1.19848
  1.2557 -11.8783  1.19892
 1.25614 -11.8707  1.19935
 1.25657  -11.863  1.19978
   1.257 -11.8554  1.20022
 1.25744 -11.8478  1.20065
 1.25787 -11.8401  1.20065
  1.2583 -11.8325  1.20108
 1.25874 -11.8249  1.20152
 1.25917 -11.8173  1.20195
  1.2596 -11.8097  1.20238
 1.26004 -11.8021  1.20282
 1.26047 -11.7945  1.20325
  1.2609 -11.7869  1.20368
 1.26134 -11.7794  1.20368
 1.26177 -11.7718  1.20412
  1.2622 -11.7643  1.20455
 1.26264 -11.7567  1.20498
 1.26307 -11.7492  1.20542
  1.2635 -11.7416  1.20585
 1.26394 -11.7341  1.20629
 1.26437 -11.7266  1.20672
  1.2648 -11.7191  1.20672
 1.26524 -11.7115  1.20715
 1.26567  -11.704  1.20759
 1.26611 -11.6965  1.20802
 1.26654  -11.689  1.20845
 1.26697 -11.6816  1.20889
 1.26741 -11.6741  1.20932
 1.26784 -11.6666  1.20975
 1.26827 -11.6591  1.20975
 1.26871 -11.6517  1.21019
 1.26914 -11.6442  1.21062
 1.26957 -11.6368  1.21105
 1.27001 -11.6293  1.21149
 1.27044 -11.6219  1.21192
 1.27087 -11.6145  1.21235
 1.27131 -11.6071  1.21279
 1.27174 -11.5997  1.21279
 1.27217 -11.5923  1.21322
 1.27261 -11.5848  1.21365
 1.27304 -11.5775  1.21409
 1.27347 -11.5701  1.21452
 1.27391 -11.5627  1.21495
 1.27434 -11.5553  1.21539
 1.27477 -11.5479  1.21582
 1.27521 -11.5406  1.21582
 1.27564 -11.5332  1.21626
 1.27608 -11.5259  1.21669
 1.27651 -11.5185  1.21712
 1.27694 -11.5112  1.21756
 1.27738 -11.5039  1.21799
 1.27781 -11.4965  1.21842
 1.27824 -11.4892  1.21886
 1.27868 -11.4819  1.21886
 1.27911 -11.4746  1.21929
 1.27954 -11.4673  1.21972
 1.27998   -11.46  1.22016
 1.28041 -11.4527  1.22059
 1.28084 -11.4455  1.22102
 1.28128 -11.4382  1.22146
 1.28171 -11.4309  1.22189
 1.28214 -11.4237  1.22189
 1.28258 -11.4164  1.22232
 1.28301 -11.4092  1.22276
 1.28344 -11.4019  1.22319
 1.28388 -11.3947  1.22362
 1.28431 -11.3875  1.22406
 1.28474 -11.3802  1.22449
 1.28518  -11.373  1.22492
 1.28561 -11.3658  1.22492
 1.28605 -11.3586  1.22536
 1.28648 -11.3514  1.22579
 1.28691 -11.3442  1.22623
 1.28735  -11.337  1.22666
 1.28778 -11.3299  1.22709
 1.28821 -11.3227  1.22753
 1.28865 -11.3155  1.22796
 1.28908 -11.3084  1.22796
 1.28951 -11.3012  1.22839
 1.28995 -11.2941  1.22883
 1.29038 -11.2869  1.22926
 1.29081 -11.2798  1.22969
 1.29125 -11.2726  1.23013
 1.29168 -11.2655  1.23056
 1.29211 -11.2584  1.23099
 1.29255 -11.2513  1.23099
 1.29298 -11.2442  1.23143
 1.29341 -11.2371  1.23186
 1.29385   -11.23  1.23229
 1.29428 -11.2229  1.23273
 1.29471 -11.2158  1.23316
 1.29515 -11.2088  1.23359
 1.29558 -11.2017  1.23403
 1.29602 -11.1946  1.23403
 1.29645 -11.1876  1.23446
 1.29688 -11.1805  1.23489
 1.29732 -11.1735  1.23533
 1.29775 -11.1664  1.23576
 1.29818 -11.1594   1.2362
 1.29862 -11.1524  1.23663
 1.29905 -11.1454  1.23706
 1.29948 -11.1384  1.23706
 1.29992 -11.1313   1.2375
 1.30035 -11.1243  1.23793
 1.30078 -11.1173  1.23836
 1.30122 -11.1104   1.2388
 1.30165 -11.1034  1.23923
 1.30208 -11.0964  1.23966
 1.30252 -11.0894   1.2401
 1.30295 -11.0825   1.2401
 1.30338 -11.0755  1.24053
 1.30382 -11.0685  1.24096
 1.30425 -11.0616   1.2414
 1.30468 -11.0547  1.24183
 1.30512 -11.0477  1.24226
 1.30555 -11.0408   1.2427
 1.30599 -11.0339  1.24313
 1.30642  -11.027  1.24313
 1.30685   -11.02  1.24356
 1.30729 -11.0131    1.244
 1.30772 -11.0062  1.24443
 1.30815 -10.9993  1.24486
 1.30859 -10.9925   1.2453
 1.30902 -10.9856  1.24573
 1.30945 -10.9787  1.24617
 1.30989 -10.9718  1.24617
 1.31032  -10.965   1.2466
 1.31075 -10.9581  1.24703
 1.31119 -10.9512  1.24747
 1.31162 -10.9444   1.2479
 1.31205 -10.9376  1.24833
 1.31249 -10.9307  1.24877
 1.31292 -10.9239   1.2492
 1.31335 -10.9171   1.2492
 1.31379 -10.9102  1.24963
 1.31422 -10.9034  1.25007
 1.31465 -10.8966   1.2505
 1.31509 -10.8898  1.25093
 1.31552  -10.883  1.25137
 1.31596 -10.8762   1.2518
 1.31639 -10.8695  1.25223
 1.31682 -10.8627  1.25223
 1.31726 -10.8559  1.25267
 1.31769 -10.8491   1.2531
 1.31812 -10.8424  1.25353
 1.31856 -10.8356  1.25397
 1.31899 -10.8289   1.2544
 1.31942 -10.8221  1.25483
 1.31986 -10.8154  1.25527
 1.32029 -10.8087  1.25527
 1.32072 -10.8019   1.2557
 1.32116 -10.7952  1.25614
 1.32159 -10.7885  1.25657
 1.32202 -10.7818    1.257
 1.32246 -10.7751  1.25744
 1.32289 -10.7684  1.25787
 1.32332 -10.7617   1.2583
 1.32376  -10.755   1.2583
 1.32419 -10.7483  1.25874
 1.32462 -10.7417  1.25917
 1.32506  -10.735   1.2596
 1.32549 -10.7283  1.26004
 1.32593 -10.7217  1.26047
 1.32636  -10.715   1.2609
 1.32679 -10.7084  1.26134
 1.32723 -10.7017  1.26134
 1.32766 -10.6951  1.26177
 1.32809 -10.6885   1.2622
 1.32853 -10.6818  1.26264
 1.32896 -10.6752  1.26307
 1.32939 -10.6686   1.2635
 1.32983  -10.662  1.26394
 1.33026 -10.6554  1.26437
 1.33069 -10.6488  1.26437
 1.33113 -10.6422   1.2648
 1.33156 -10.6356  1.26524
 1.33199 -10.6291  1.26567
 1.33243 -10.6225  1.26611
 1.33286 -10.6159  1.26654
 1.33329 -10.6093  1.26697
 1.33373 -10.6028  1.26741
 1.33416 -10.5962  1.26741
 1.33459 -10.5897  1.26784
 1.33503 -10.5831  1.26827
 1.33546 -10.5766  1.26871
  1.3359 -10.5701  1.26914
 1.33633 -10.5636  1.26957
 1.33676  -10.557  1.27001
  1.3372 -10.5505  1.27044
 1.33763  -10.544  1.27044
 1.33806 -10.5375  1.27087
  1.3385  -10.531  1.27131
 1.33893 -10.5245  1.27174
 1.33936  -10.518  1.27217
  1.3398 -10.5116  1.27261
 1.34023 -10.5051  1.27304
 1.34066 -10.4986  1.27347
  1.3411 -10.4922  1.27347
 1.34153 -10.4857  1.27391
 1.34196 -10.4792  1.27434
  1.3424 -10.4728  1.27477
 1.34283 -10.4663  1.27521
 1.34326 -10.4599  1.27564
  1.3437 -10.4535  1.27608
 1.34413 -10.4471  1.27651
 1.34456 -10.4406  1.27651
   1.345 -10.4342  1.27694
 1.34543 -10.4278  1.27738
 1.34587 -10.4214  1.27781
  1.3463  -10.415  1.27824
 1.34673 -10.4086  1.27868
 1.34717 -10.4022  1.27911
  1.3476 -10.3958  1.27954
 1.34803 -10.3895  1.27954
 1.34847 -10.3831  1.27998
  1.3489 -10.3767  1.28041
 1.34933 -10.3703  1.28084
 1.34977  -10.364  1.28128
  1.3502 -10.3576  1.28171
 1.35063 -10.3513  1.28214
 1.35107  -10.345  1.28258
  1.3515 -10.3386  1.28258
 1.35193 -10.3323  1.28301
 1.35237  -10.326  1.28344
  1.3528 -10.3196  1.28388
 1.35323 -10.3133  1.28431
 1.35367  -10.307  1.28474
  1.3541 -10.3007  1.28518
 1.35453 -10.2944  1.28561
 1.35497 -10.2881  1.28561
  1.3554 -10.2818  1.28605
 1.35584 -10.2755  1.28648
 1.35627 -10.2693  1.28691
  1.3567  -10.263  1.28735
 1.35714 -10.2567  1.28778
 1.35757 -10.2505  1.28821
   1.358 -10.2442  1.28865
 1.35844  -10.238  1.28865
 1.35887 -10.2317  1.28908
  1.3593 -10.2255  1.28951
 1.35974 -10.2192  1.28995
 1.36017  -10.213  1.29038
  1.3606 -10.2068  1.29081
 1.36104 -10.2006  1.29125
 1.36147 -10.1943  1.29168
  1.3619 -10.1881  1.29168
 1.36234 -10.1819  1.29211
 1.36277 -10.1757  1.29255
  1.3632 -10.1695  1.29298
 1.36364 -10.1633  1.29341
 1.36407 -10.1572  1.29385
  1.3645  -10.151  1.29428
 1.36494 -10.1448  1.29471
 1.36537 -10.1386  1.29471
 1.36581 -10.1325  1.29515
 1.36624 -10.1263  1.29558
 1.36667 -10.1201  1.29602
 1.36711  -10.114  1.29645
 1.36754 -10.1079  1.29688
 1.36797 -10.1017  1.29732
 1.36841 -10.0956  1.29775
 1.36884 -10.0895  1.29775
 1.36927 -10.0833  1.29818
 1.36971 -10.0772  1.29862
 1.37014 -10.0711  1.29905
 1.37057  -10.065  1.29948
 1.37101 -10.0589  1.29992
 1.37144 -10.0528  1.30035
 1.37187 -10.0467  1.30035
 1.37231 -10.0406  1.30078
 1.37274 -10.0345  1.30122
 1.37317 -10.0284  1.30165
 1.37361 -10.0224  1.30208
 1.37404 -10.0163  1.30252
 1.37447 -10.0102  1.30295
 1.37491 -10.0042  1.30338
 1.37534 -9.99812  1.30338
 1.37578 -9.99207  1.30382
 1.37621 -9.98603  1.30425
 1.37664 -9.97999  1.30468
 1.37708 -9.97396  1.30512
 1.37751 -9.96793  1.30555
 1.37794 -9.96191  1.30599
 1.37838 -9.95589  1.30642
 1.37881 -9.94987  1.30642
 1.37924 -9.94386  1.30685
 1.37968 -9.93786  1.30729
 1.38011 -9.93186  1.30772
 1.38054 -9.92587  1.30815
 1.38098 -9.91988  1.30859
 1.38141 -9.91389  1.30902
 1.38184 -9.90791  1.30945
 1.38228 -9.90194  1.30945
 1.38271 -9.89597  1.30989
 1.38314    -9.89  1.31032
 1.38358 -9.88404  1.31075
 1.38401 -9.87809  1.31119
 1.38444 -9.87214  1.31162
 1.38488 -9.86619  1.31205
 1.38531 -9.86025  1.31249
 1.38575 -9.85432  1.31249
 1.38618 -9.84839  1.31292
 1.38661 -9.84246  1.31335
 1.38705 -9.83654  1.31379
 1.38748 -9.83062  1.31422
 1.38791 -9.82471  1.31465
 1.38835 -9.81881  1.31509
 1.38878 -9.81291  1.31552
 1.38921 -9.80701  1.31552
 1.38965 -9.80112  1.31596
 1.39008 -9.79523  1.31639
 1.39051 -9.78935  1.31682
 1.39095 -9.78347  1.31726
 1.39138  -9.7776  1.31769
 1.39181 -9.77173  1.31812
 1.39225 -9.76587  1.31856
 1.39268 -9.76001  1.31856
 1.39311 -9.75415  1.31899
 1.39355  -9.7483  1.31942
 1.39398 -9.74246  1.31986
 1.39441 -9.73662  1.32029
 1.39485 -9.73079  1.32072
 1.39528 -9.72496  1.32116
 1.39572 -9.71913  1.32159
 1.39615 -9.71331  1.32159
 1.39658  -9.7075  1.32202
 1.39702 -9.70168  1.32246
 1.39745 -9.69588  1.32289
 1.39788 -9.69008  1.32332
 1.39832 -9.68428  1.32376
 1.39875 -9.67849  1.32419
 1.39918  -9.6727  1.32462
 1.39962 -9.66692  1.32462
 1.40005 -9.66114  1.32506
 1.40048 -9.65537  1.32549
 1.40092  -9.6496  1.32593
 1.40135 -9.64383  1.32636
 1.40178 -9.63808  1.32679
 1.40222 -9.63232  1.32723
 1.40265 -9.62657  1.32766
 1.40308 -9.62083  1.32766
 1.40352 -9.61509  1.32809
 1.40395 -9.60935  1.32853
 1.40438 -9.60362  1.32896
 1.40482 -9.59789  1.32939
 1.40525 -9.59217  1.32983
 1.40569 -9.58645  1.33026
 1.40612 -9.58074  1.33026
 1.40655 -9.57503  1.33069
 1.40699 -9.56933  1.33113
 1.40742 -9.56363  1.33156
 1.40785 -9.55794  1.33199
 1.40829 -9.55225  1.33243
 1.40872 -9.54656  1.33286
 1.40915 -9.54088  1.33329
 1.40959 -9.53521  1.33329
 1.41002 -9.52953  1.33373
 1.41045 -9.52387  1.33416
 1.41089  -9.5182  1.33459
 1.41132 -9.51255  1.33503
 1.41175 -9.50689  1.33546
 1.41219 -9.50125   1.3359
 1.41262  -9.4956  1.33633
 1.41305 -9.48996  1.33633
 1.41349 -9.48433  1.33676
 1.41392  -9.4787   1.3372
 1.41435 -9.47307  1.33763
 1.41479 -9.46745  1.33806
 1.41522 -9.46183   1.3385
 1.41566 -9.45622  1.33893
 1.41609 -9.45062  1.33936
 1.41652 -9.44501  1.33936
 1.41696 -9.43941   1.3398
 1.41739 -9.43382  1.34023
 1.41782 -9.42823  1.34066
 1.41826 -9.42264   1.3411
 1.41869 -9.41706  1.34153
 1.41912 -9.41149  1.34196
 1.41956 -9.40592   1.3424
 1.41999 -9.40035   1.3424
 1.42042 -9.39479  1.34283
 1.42086 -9.38923  1.34326
 1.42129 -9.38367   1.3437
 1.42172 -9.37813  1.34413
 1.42216 -9.37258  1.34456
 1.42259 -9.36704    1.345
 1.42302 -9.36151  1.34543
 1.42346 -9.35598  1.34543
 1.42389 -9.35045  1.34587
 1.42432 -9.34492   1.3463
 1.42476 -9.33941  1.34673
 1.42519 -9.33389  1.34717
 1.42563 -9.32838   1.3476
 1.42606 -9.32288  1.34803
 1.42649 -9.31738  1.34847
 1.42693 -9.31188  1.34847
 1.42736 -9.30639   1.3489
 1.42779  -9.3009  1.34933
 1.42823 -9.29542  1.34977
 1.42866 -9.28994   1.3502
 1.42909 -9.28447  1.35063
 1.42953   -9.279  1.35107
 1.42996 -9.27353   1.3515
 1.43039 -9.26807   1.3515
 1.43083 -9.26261  1.35193
 1.43126 -9.25716  1.35237
 1.43169 -9.25171   1.3528
 1.43213 -9.24627  1.35323
 1.43256 -9.24083  1.35367
 1.43299  -9.2354   1.3541
 1.43343 -9.22997   1.3541
 1.43386 -9.22454  1.35453
 1.43429 -9.21912  1.35497
 1.43473  -9.2137   1.3554
 1.43516 -9.20829  1.35584
  1.4356 -9.20288  1.35627
 1.43603 -9.19747   1.3567
 1.43646 -9.19208  1.35714
  1.4369 -9.18668  1.35714
 1.43733 -9.18129  1.35757
 1.43776  -9.1759    1.358
  1.4382 -9.17051  1.35844
 1.43863 -9.16514  1.35887
 1.43906 -9.15976   1.3593
  1.4395 -9.15439  1.35974
 1.43993 -9.14903  1.36017
 1.44036 -9.14367  1.36017
  1.4408 -9.13831   1.3606
 1.44123 -9.13295  1.36104
 1.44166  -9.1276  1.36147
  1.4421 -9.12226   1.3619
 1.44253 -9.11692  1.36234
 1.44296 -9.11158  1.36277
  1.4434 -9.10625   1.3632
 1.44383 -9.10092   1.3632
 1.44426  -9.0956  1.36364
  1.4447 -9.09028  1.36407
 1.44513 -9.08496   1.3645
 1.44557 -9.07965  1.36494
   1.446 -9.07435  1.36537
 1.44643 -9.06905  1.36581
 1.44687 -9.06375  1.36624
  1.4473 -9.05845  1.36624
 1.44773 -9.05316  1.36667
 1.44817 -9.04788  1.36711
  1.4486 -9.04259  1.36754
 1.44903 -9.03732  1.36797
 1.44947 -9.03204  1.36841
  1.4499 -9.02678  1.36884
 1.45033 -9.02151  1.36927
 1.45077 -9.01625  1.36927
  1.4512 -9.01099  1.36971
 1.45163 -9.00574  1.37014
 1.45207 -9.00049  1.37057
  1.4525 -8.99525  1.37101
 1.45293 -8.99001  1.37144
 1.45337 -8.98477  1.37187
  1.4538 -8.97954  1.37231
 1.45423 -8.97431  1.37231
 1.45467 -8.96909  1.37274
  1.4551 -8.96387  1.37317
 1.45554 -8.95865  1.37361
 1.45597 -8.95344  1.37404
  1.4564 -8.94824  1.37447
 1.45684 -8.94304  1.37491
 1.45727 -8.93784  1.37491
  1.4577 -8.93264  1.37534
 1.45814 -8.92745  1.37578
 1.45857 -8.92226  1.37621
   1.459 -8.91708  1.37664
 1.45944  -8.9119  1.37708
 1.45987 -8.90673  1.37751
  1.4603 -8.90156  1.37794
 1.46074 -8.89639  1.37794
 1.46117 -8.89123  1.37838
  1.4616 -8.88607  1.37881
 1.46204 -8.88092  1.37924
 1.46247 -8.87577  1.37968
  1.4629 -8.87062  1.38011
 1.46334 -8.86548  1.38054
 1.46377 -8.86034  1.38098
  1.4642 -8.85521  1.38098
 1.46464 -8.85008  1.38141
 1.46507 -8.84495  1.38184
 1.46551 -8.83983  1.38228
 1.46594 -8.83471  1.38271
 1.46637  -8.8296  1.38314
 1.46681 -8.82449  1.38358
 1.46724 -8.81939  1.38401
 1.46767 -8.81429  1.38401
 1.46811 -8.80919  1.38444
 1.46854 -8.80409  1.38488
 1.46897   -8.799  1.38531
 1.46941 -8.79392  1.38575
 1.46984 -8.78884  1.38618
 1.47027 -8.78376  1.38661
 1.47071 -8.77869  1.38705
 1.47114 -8.77362  1.38705
 1.47157 -8.76855  1.38748
 1.47201 -8.76349  1.38791
 1.47244 -8.75843  1.38835
 1.47287 -8.75338  1.38878
 1.47331 -8.74833  1.38921
 1.47374 -8.74328  1.38965
 1.47417 -8.73824  1.38965
 1.47461  -8.7332  1.39008
 1.47504 -8.72817  1.39051
 1.47548 -8.72314  1.39095
 1.47591 -8.71811  1.39138
 1.47634 -8.71309  1.39181
 1.47678 -8.70807  1.39225
 1.47721 -8.70306  1.39268
 1.47764 -8.69805  1.39268
 1.47808 -8.69304  1.39311
 1.47851 -8.68803  1.39355
 1.47894 -8.68303  1.39398
 1.47938 -8.67804  1.39441
 1.47981 -8.67305  1.39485
 1.48024 -8.66806  1.39528
 1.48068 -8.66308  1.39572
 1.48111  -8.6581  1.39572
 1.48154 -8.65312  1.39615
 1.48198 -8.64815  1.39658
 1.48241 -8.64318  1.39702
 1.48284 -8.63822  1.39745
 1.48328 -8.63326  1.39788
 1.48371  -8.6283  1.39832
 1.48414 -8.62335  1.39875
 1.48458  -8.6184  1.39875
 1.48501 -8.61346  1.39918
 1.48545 -8.60852  1.39962
 1.48588 -8.60358  1.40005
 1.48631 -8.59864  1.40048
 1.48675 -8.59372  1.40092
 1.48718 -8.58879  1.40135
 1.48761 -8.58387  1.40178
 1.48805 -8.57895  1.40178
 1.48848 -8.57404  1.40222
 1.48891 -8.56913  1.40265
 1.48935 -8.56422  1.40308
 1.48978 -8.55932  1.40352
 1.49021 -8.55442  1.40395
 1.49065 -8.54952  1.40438
 1.49108 -8.54463  1.40482
 1.49151 -8.53974  1.40482
 1.49195 -8.53486  1.40525
 1.49238 -8.52998  1.40569
 1.49281  -8.5251  1.40612
 1.49325 -8.52023  1.40655
 1.49368 -8.51536  1.40699
 1.49411  -8.5105  1.40742
 1.49455 -8.50564  1.40742
 1.49498 -8.50078  1.40785
 1.49542 -8.49593  1.40829
 1.49585 -8.49108  1.40872
 1.49628 -8.48623  1.40915
 1.49672 -8.48139  1.40959
 1.49715 -8.47655  1.41002
 1.49758 -8.47171  1.41045
 1.49802 -8.46688  1.41045
 1.49845 -8.46206  1.41089
 1.49888 -8.45723  1.41132
 1.49932 -8.45241  1.41175
 1.49975 -8.44759  1.41219
 1.50018 -8.44278  1.41262
 1.50062 -8.43797  1.41305
 1.50105 -8.43317  1.41349
 1.50148 -8.42837  1.41349
 1.50192 -8.42357  1.41392
 1.50235 -8.41877  1.41435
 1.50278 -8.41398  1.41479
 1.50322  -8.4092  1.41522
 1.50365 -8.40441  1.41566
 1.50408 -8.39964  1.41609
 1.50452 -8.39486  1.41652
 1.50495 -8.39009  1.41652
 1.50539 -8.38532  1.41696
 1.50582 -8.38055  1.41739
 1.50625 -8.37579  1.41782
 1.50669 -8.37104  1.41826
 1.50712 -8.36628  1.41869
 1.50755 -8.36153  1.41912
 1.50799 -8.35679  1.41912
 1.50842 -8.35204  1.41956
 1.50885  -8.3473  1.41999
 1.50929 -8.34257  1.42042
 1.50972 -8.33784  1.42086
 1.51015 -8.33311  1.42129
 1.51059 -8.32838  1.42172
 1.51102 -8.32366  1.42216
 1.51145 -8.31895  1.42216
 1.51189 -8.31423  1.42259
 1.51232 -8.30952  1.42302
 1.51275 -8.30481  1.42346
 1.51319 -8.30011  1.42389
 1.51362 -8.29541  1.42432
 1.51405 -8.29072  1.42476
 1.51449 -8.28603  1.42519
 1.51492 -8.28134  1.42519
 1.51536 -8.27665  1.42563
 1.51579 -8.27197  1.42606
 1.51622 -8.26729  1.42649
 1.51666 -8.26262  1.42693
 1.51709 -8.25795  1.42736
 1.51752 -8.25328  1.42779
 1.51796 -8.24862  1.42823
 1.51839 -8.24396  1.42823
 1.51882  -8.2393  1.42866
 1.51926 -8.23465  1.42909
 1.51969    -8.23  1.42953
 1.52012 -8.22535  1.42996
 1.52056 -8.22071  1.43039
 1.52099 -8.21607  1.43083
 1.52142 -8.21144  1.43126
 1.52186 -8.20681  1.43126
 1.52229 -8.20218  1.43169
 1.52272 -8.19755  1.43213
 1.52316 -8.19293  1.43256
 1.52359 -8.18831  1.43299
 1.52402  -8.1837  1.43343
 1.52446 -8.17909  1.43386
 1.52489 -8.17449  1.43386
 1.52533 -8.16988  1.43429
 1.52576 -8.16528  1.43473
 1.52619 -8.16068  1.43516
 1.52663 -8.15609   1.4356
 1.52706  -8.1515  1.43603
 1.52749 -8.14692  1.43646
 1.52793 -8.14233   1.4369
 1.52836 -8.13776   1.4369
 1.52879 -8.13318  1.43733
 1.52923 -8.12861  1.43776
 1.52966 -8.12404   1.4382
 1.53009 -8.11947  1.43863
 1.53053 -8.11491  1.43906
 1.53096 -8.11035   1.4395
 1.53139  -8.1058  1.43993
 1.53183 -8.10125  1.43993
 1.53226  -8.0967  1.44036
 1.53269 -8.09216   1.4408
 1.53313 -8.08761  1.44123
 1.53356 -8.08308  1.44166
 1.53399 -8.07854   1.4421
 1.53443 -8.07401  1.44253
 1.53486 -8.06949  1.44296
  1.5353 -8.06496  1.44296
 1.53573 -8.06044   1.4434
 1.53616 -8.05593  1.44383
  1.5366 -8.05141  1.44426
 1.53703  -8.0469   1.4447
 1.53746  -8.0424  1.44513
  1.5379 -8.03789  1.44557
 1.53833 -8.03339  1.44557
 1.53876  -8.0289    1.446
  1.5392  -8.0244  1.44643
 1.53963 -8.01991  1.44687
 1.54006 -8.01543   1.4473
  1.5405 -8.01095  1.44773
 1.54093 -8.00647  1.44817
 1.54136 -8.00199   1.4486
  1.5418 -7.99752   1.4486
 1.54223 -7.99305  1.44903
 1.54266 -7.98858  1.44947
  1.5431 -7.98412   1.4499
 1.54353 -7.97966  1.45033
 1.54396  -7.9752  1.45077
  1.5444 -7.97075   1.4512
 1.54483  -7.9663  1.45163
 1.54527 -7.96186  1.45163
  1.5457 -7.95742  1.45207
 1.54613 -7.95298   1.4525
 1.54657 -7.94854  1.45293
   1.547 -7.94411  1.45337
 1.54743 -7.93968   1.4538
 1.54787 -7.93525  1.45423
  1.5483 -7.93083  1.45467
 1.54873 -7.92641  1.45467
 1.54917   -7.922   1.4551
  1.5496 -7.91758  1.45554
 1.55003 -7.91318  1.45597
 1.55047 -7.90877   1.4564
  1.5509 -7.90437  1.45684
 1.55133 -7.89997  1.45727
 1.55177 -7.89557  1.45727
  1.5522 -7.89118   1.4577
 1.55263 -7.88679  1.45814
 1.55307 -7.88241  1.45857
  1.5535 -7.87802    1.459
 1.55393 -7.87364  1.45944
 1.55437 -7.86927  1.45987
  1.5548  -7.8649   1.4603
 1.55524 -7.86053   1.4603
 1.55567 -7.85616  1.46074
  1.5561  -7.8518  1.46117
 1.55654 -7.84744   1.4616
 1.55697 -7.84308  1.46204
  1.5574 -7.83873  1.46247
 1.55784 -7.83438   1.4629
 1.55827 -7.83003  1.46334
  1.5587 -7.82569  1.46334
 1.55914 -7.82135  1.46377
 1.55957 -7.81701   1.4642
    1.56 -7.81268  1.46464
 1.56044 -7.80835  1.46507
 1.56087 -7.80402  1.46551
  1.5613  -7.7997  1.46594
 1.56174 -7.79538  1.46637
 1.56217 -7.79106  1.46637
  1.5626 -7.78674  1.46681
 1.56304 -7.78243  1.46724
 1.56347 -7.77813  1.46767
  1.5639 -7.77382  1.46811
 1.56434 -7.76952  1.46854
 1.56477 -7.76522  1.46897
 1.56521 -7.76093  1.46897
 1.56564 -7.75664  1.46941
 1.56607 -7.75235  1.46984
 1.56651 -7.74806  1.47027
 1.56694 -7.74378  1.47071
 1.56737  -7.7395  1.47114
 1.56781 -7.73523  1.47157
 1.56824 -7.73095  1.47201
 1.56867 -7.72668  1.47201
 1.56911 -7.72242  1.47244
 1.56954 -7.71816  1.47287
 1.56997 -7.71389  1.47331
 1.57041 -7.70964  1.47374
 1.57084 -7.70538  1.47417
 1.57127 -7.70113  1.47461
 1.57171 -7.69689  1.47504
 1.57214 -7.69264  1.47504
 1.57257  -7.6884  1.47548
 1.57301 -7.68417  1.47591
 1.57344 -7.67993  1.47634
 1.57387  -7.6757  1.47678
 1.57431 -7.67147  1.47721
 1.57474 -7.66725  1.47764
 1.57518 -7.66303  1.47764
 1.57561 -7.65881  1.47808
 1.57604 -7.65459  1.47851
 1.57648 -7.65038  1.47894
 1.57691 -7.64617  1.47938
 1.57734 -7.64196  1.47981
 1.57778 -7.63776  1.48024
 1.57821 -7.63356  1.48068
 1.57864 -7.62936  1.48068
 1.57908 -7.62517  1.48111
 1.57951 -7.62098  1.48154
 1.57994 -7.61679  1.48198
 1.58038 -7.61261  1.48241
 1.58081 -7.60842  1.48284
 1.58124 -7.60425  1.48328
 1.58168 -7.60007  1.48371
 1.58211  -7.5959  1.48371
 1.58254 -7.59173  1.48414
 1.58298 -7.58757  1.48458
 1.58341  -7.5834  1.48501
 1.58384 -7.57924  1.48545
 1.58428 -7.57509  1.48588
 1.58471 -7.57093  1.48631
 1.58515 -7.56678  1.48631
 1.58558 -7.56264  1.48675
 1.58601 -7.55849  1.48718
 1.58645 -7.55435  1.48761
 1.58688 -7.55021  1.48805
 1.58731 -7.54608  1.48848
 1.58775 -7.54194  1.48891
 1.58818 -7.53782  1.48935
 1.58861 -7.53369  1.48935
 1.58905 -7.52957  1.48978
 1.58948 -7.52545  1.49021
 1.58991 -7.52133  1.49065
 1.59035 -7.51721  1.49108
 1.59078  -7.5131  1.49151
 1.59121   -7.509  1.49195
 1.59165 -7.50489  1.49238
 1.59208 -7.50079  1.49238
 1.59251 -7.49669  1.49281
 1.59295  -7.4926  1.49325
 1.59338  -7.4885  1.49368
 1.59381 -7.48441  1.49411
 1.59425 -7.48033  1.49455
 1.59468 -7.47624  1.49498
 1.59512 -7.47216  1.49542
 1.59555 -7.46809  1.49542
 1.59598 -7.46401  1.49585
 1.59642 -7.45994  1.49628
 1.59685 -7.45587  1.49672
 1.59728  -7.4518  1.49715
 1.59772 -7.44774  1.49758
 1.59815 -7.44368  1.49802
 1.59858 -7.43963  1.49845
 1.59902 -7.43557  1.49845
 1.59945 -7.43152  1.49888
 1.59988 -7.42747  1.49932
 1.60032 -7.42343  1.49975
 1.60075 -7.41939  1.50018
 1.60118 -7.41535  1.50062
 1.60162 -7.41131  1.50105
 1.60205 -7.40728  1.50105
 1.60248 -7.40325  1.50148
 1.60292 -7.39922  1.50192
 1.60335  -7.3952  1.50235
 1.60378 -7.39118  1.50278
 1.60422 -7.38716  1.50322
 1.60465 -7.38314  1.50365
 1.60509 -7.37913  1.50408
 1.60552 -7.37512  1.50408
 1.60595 -7.37112  1.50452
 1.60639 -7.36711  1.50495
 1.60682 -7.36311  1.50539
 1.60725 -7.35911  1.50582
 1.60769 -7.35512  1.50625
 1.60812 -7.35113  1.50669
 1.60855 -7.34714  1.50712
 1.60899 -7.34315  1.50712
 1.60942 -7.33917  1.50755
 1.60985 -7.33519  1.50799
 1.61029 -7.33121  1.50842
 1.61072 -7.32724  1.50885
 1.61115 -7.32327  1.50929
 1.61159  -7.3193  1.50972
 1.61202 -7.31534  1.50972
 1.61245 -7.31137  1.51015
 1.61289 -7.30741  1.51059
 1.61332 -7.30345  1.51102
 1.61375  -7.2995  1.51145
 1.61419 -7.29555  1.51189
 1.61462  -7.2916  1.51232
 1.61506 -7.28766  1.51275
 1.61549 -7.28371  1.51275
 1.61592 -7.27977  1.51319
 1.61636 -7.27584  1.51362
 1.61679  -7.2719  1.51405
 1.61722 -7.26797  1.51449
 1.61766 -7.26404  1.51492
 1.61809 -7.26012  1.51536
 1.61852  -7.2562  1.51579
 1.61896 -7.25228  1.51579
 1.61939 -7.24836  1.51622
 1.61982 -7.24445  1.51666
 1.62026 -7.24053  1.51709
 1.62069 -7.23663  1.51752
 1.62112 -7.23272  1.51796
 1.62156 -7.22882  1.51839
 1.62199 -7.22492  1.51882
 1.62242 -7.22102  1.51882
 1.62286 -7.21713  1.51926
 1.62329 -7.21324  1.51969
 1.62372 -7.20935  1.52012
 1.62416 -7.20546  1.52056
 1.62459 -7.20158  1.52099
 1.62503  -7.1977  1.52142
 1.62546 -7.19383  1.52142
 1.62589 -7.18995  1.52186
 1.62633 -7.18608  1.52229
 1.62676 -7.18221  1.52272
 1.62719 -7.17834  1.52316
 1.62763 -7.17448  1.52359
 1.62806 -7.17062  1.52402
 1.62849 -7.16676  1.52446
 1.62893 -7.16291  1.52446
 1.62936 -7.15906  1.52489
 1.62979 -7.15521  1.52533
 1.63023 -7.15136  1.52576
 1.63066 -7.14752  1.52619
 1.63109 -7.14368  1.52663
 1.63153 -7.13984  1.52706
 1.63196 -7.13601  1.52749
 1.63239 -7.13217  1.52749
 1.63283 -7.12834  1.52793
 1.63326 -7.12452  1.52836
 1.63369 -7.12069  1.52879
 1.63413 -7.11687  1.52923
 1.63456 -7.11305  1.52966
 1.63499 -7.10924  1.53009
 1.63543 -7.10542  1.53009
 1.63586 -7.10161  1.53053
  1.6363 -7.09781  1.53096
 1.63673   -7.094  1.53139
 1.63716  -7.0902  1.53183
  1.6376  -7.0864  1.53226
 1.63803  -7.0826  1.53269
 1.63846 -7.07881  1.53313
  1.6389 -7.07502  1.53313
 1.63933 -7.07123  1.53356
 1.63976 -7.06744  1.53399
  1.6402 -7.06366  1.53443
 1.64063 -7.05988  1.53486
 1.64106  -7.0561   1.5353
  1.6415 -7.05233  1.53573
 1.64193 -7.04856  1.53616
 1.64236 -7.04479  1.53616
  1.6428 -7.04102   1.5366
 1.64323 -7.03726  1.53703
 1.64366  -7.0335  1.53746
  1.6441 -7.02974   1.5379
 1.64453 -7.02598  1.53833
 1.64496 -7.02223  1.53876
  1.6454 -7.01848   1.5392
 1.64583 -7.01473   1.5392
 1.64627 -7.01099  1.53963
  1.6467 -7.00724  1.54006
 1.64713  -7.0035   1.5405
 1.64757 -6.99977  1.54093
   1.648 -6.99603  1.54136
 1.64843  -6.9923   1.5418
 1.64887 -6.98857   1.5418
  1.6493 -6.98485  1.54223
 1.64973 -6.98112  1.54266
 1.65017  -6.9774   1.5431
  1.6506 -6.97368  1.54353
 1.65103 -6.96997  1.54396
 1.65147 -6.96626   1.5444
  1.6519 -6.96255  1.54483
 1.65233 -6.95884  1.54483
 1.65277 -6.95513  1.54527
  1.6532 -6.95143   1.5457
 1.65363 -6.94773  1.54613
 1.65407 -6.94403  1.54657
  1.6545 -6.94034    1.547
 1.65493 -6.93665  1.54743
 1.65537 -6.93296  1.54787
  1.6558 -6.92927  1.54787
 1.65624 -6.92559   1.5483
 1.65667 -6.92191  1.54873
  1.6571 -6.91823  1.54917
 1.65754 -6.91456   1.5496
 1.65797 -6.91088  1.55003
  1.6584 -6.90721  1.55047
 1.65884 -6.90354  1.55047
 1.65927 -6.89988   1.5509
  1.6597 -6.89622  1.55133
 1.66014 -6.89256  1.55177
 1.66057  -6.8889   1.5522
   1.661 -6.88524  1.55263
 1.66144 -6.88159  1.55307
 1.66187 -6.87794   1.5535
  1.6623  -6.8743   1.5535
 1.66274 -6.87065  1.55393
 1.66317 -6.86701  1.55437
  1.6636 -6.86337   1.5548
 1.66404 -6.85973  1.55524
 1.66447  -6.8561  1.55567
  1.6649 -6.85247   1.5561
 1.66534 -6.84884   1.5561
 1.66577 -6.84521  1.55654
 1.66621 -6.84159  1.55697
 1.66664 -6.83797   1.5574
 1.66707 -6.83435  1.55784
 1.66751 -6.83073  1.55827
 1.66794 -6.82712   1.5587
 1.66837 -6.82351  1.55914
 1.66881  -6.8199  1.55914
 1.66924  -6.8163  1.55957
 1.66967 -6.81269     1.56
 1.67011 -6.80909  1.56044
 1.67054 -6.80549  1.56087
 1.67097  -6.8019   1.5613
 1.67141 -6.79831  1.56174
 1.67184 -6.79472  1.56217
 1.67227 -6.79113  1.56217
 1.67271 -6.78754   1.5626
 1.67314 -6.78396  1.56304
 1.67357 -6.78038  1.56347
 1.67401  -6.7768   1.5639
 1.67444 -6.77323  1.56434
 1.67487 -6.76966  1.56477
 1.67531 -6.76609  1.56477
 1.67574 -6.76252  1.56521
 1.67618 -6.75895  1.56564
 1.67661 -6.75539  1.56607
 1.67704 -6.75183  1.56651
 1.67748 -6.74827  1.56694
 1.67791 -6.74472  1.56737
 1.67834 -6.74117  1.56781
 1.67878 -6.73762  1.56781
 1.67921 -6.73407  1.56824
 1.67964 -6.73052  1.56867
 1.68008 -6.72698  1.56911
 1.68051 -6.72344  1.56954
 1.68094  -6.7199  1.56997
 1.68138 -6.71637  1.57041
 1.68181 -6.71284  1.57084
 1.68224 -6.70931  1.57084
 1.68268 -6.70578  1.57127
 1.68311 -6.70226  1.57171
 1.68354 -6.69873  1.57214
 1.68398 -6.69521  1.57257
 1.68441  -6.6917  1.57301
 1.68484 -6.68818  1.57344
 1.68528 -6.68467  1.57344
 1.68571 -6.68116  1.57387
 1.68615 -6.67765  1.57431
 1.68658 -6.67415  1.57474
 1.68701 -6.67064  1.57518
 1.68745 -6.66715  1.57561
 1.68788 -6.66365  1.57604
 1.68831 -6.66015  1.57648
 1.68875 -6.65666  1.57648
 1.68918 -6.65317  1.57691
 1.68961 -6.64968  1.57734
 1.69005  -6.6462  1.57778
 1.69048 -6.64271  1.57821
 1.69091 -6.63923  1.57864
 1.69135 -6.63576  1.57908
 1.69178 -6.63228  1.57951
 1.69221 -6.62881  1.57951
 1.69265 -6.62534  1.57994
 1.69308 -6.62187  1.58038
 1.69351  -6.6184  1.58081
 1.69395 -6.61494  1.58124
 1.69438 -6.61148  1.58168
 1.69481 -6.60802  1.58211
 1.69525 -6.60457  1.58211
 1.69568 -6.60111  1.58254
 1.69612 -6.59766  1.58298
 1.69655 -6.59421  1.58341
 1.69698 -6.59077  1.58384
 1.69742 -6.58732  1.58428
 1.69785 -6.58388  1.58471
 1.69828 -6.58044  1.58515
 1.69872 -6.57701  1.58515
 1.69915 -6.57357  1.58558
 1.69958 -6.57014  1.58601
 1.70002 -6.56671  1.58645
 1.70045 -6.56328  1.58688
 1.70088 -6.55986  1.58731
 1.70132 -6.55644  1.58775
 1.70175 -6.55302  1.58818
 1.70218  -6.5496  1.58818
 1.70262 -6.54619  1.58861
 1.70305 -6.54277  1.58905
 1.70348 -6.53936  1.58948
 1.70392 -6.53596  1.58991
 1.70435 -6.53255  1.59035
 1.70478 -6.52915  1.59078
 1.70522 -6.52575  1.59078
 1.70565 -6.52235  1.59121
 1.70609 -6.51895  1.59165
 1.70652 -6.51556  1.59208
 1.70695 -6.51217  1.59251
 1.70739 -6.50878  1.59295
 1.70782 -6.50539  1.59338
 1.70825 -6.50201  1.59381
 1.70869 -6.49863  1.59381
 1.70912 -6.49525  1.59425
 1.70955 -6.49187  1.59468
 1.70999  -6.4885  1.59512
 1.71042 -6.48513  1.59555
 1.71085 -6.48176  1.59598
 1.71129 -6.47839  1.59642
 1.71172 -6.47503  1.59685
 1.71215 -6.47166  1.59685
 1.71259  -6.4683  1.59728
 1.71302 -6.46494  1.59772
 1.71345 -6.46159  1.59815
 1.71389 -6.45823  1.59858
 1.71432 -6.45488  1.59902
 1.71475 -6.45153  1.59945
 1.71519 -6.44819  1.59945
 1.71562 -6.44484  1.59988
 1.71606  -6.4415  1.60032
 1.71649 -6.43816  1.60075
 1.71692 -6.43483  1.60118
 1.71736 -6.43149  1.60162
 1.71779 -6.42816  1.60205
 1.71822 -6.42483  1.60248
 1.71866  -6.4215  1.60248
 1.71909 -6.41818  1.60292
 1.71952 -6.41485  1.60335
 1.71996 -6.41153  1.60378
 1.72039 -6.40821  1.60422
 1.72082  -6.4049  1.60465
 1.72126 -6.40158  1.60509
 1.72169 -6.39827  1.60552
 1.72212 -6.39496  1.60552
 1.72256 -6.39165  1.60595
 1.72299 -6.38835  1.60639
 1.72342 -6.38505  1.60682
 1.72386 -6.38175  1.60725
 1.72429 -6.37845  1.60769
 1.72472 -6.37516  1.60812
 1.72516 -6.37186  1.60812
 1.72559 -6.36857  1.60855
 1.72603 -6.36528  1.60899
 1.72646   -6.362  1.60942
 1.72689 -6.35871  1.60985
 1.72733 -6.35543  1.61029
 1.72776 -6.35215  1.61072
 1.72819 -6.34887  1.61115
 1.72863  -6.3456  1.61115
 1.72906 -6.34232  1.61159
 1.72949 -6.33905  1.61202
 1.72993 -6.33579  1.61245
 1.73036 -6.33252  1.61289
 1.73079 -6.32926  1.61332
 1.73123   -6.326  1.61375
 1.73166 -6.32274  1.61375
 1.73209 -6.31948  1.61419
 1.73253 -6.31622  1.61462
 1.73296 -6.31297  1.61506
 1.73339 -6.30972  1.61549
 1.73383 -6.30647  1.61592
 1.73426 -6.30323  1.61636
 1.73469 -6.29999  1.61679
 1.73513 -6.29674  1.61679
 1.73556  -6.2935  1.61722
   1.736 -6.29027  1.61766
 1.73643 -6.28703  1.61809
 1.73686  -6.2838  1.61852
  1.7373 -6.28057  1.61896
 1.73773 -6.27734  1.61939
 1.73816 -6.27412  1.61939
  1.7386 -6.27089  1.61982
 1.73903 -6.26767  1.62026
 1.73946 -6.26445  1.62069
  1.7399 -6.26124  1.62112
 1.74033 -6.25802  1.62156
 1.74076 -6.25481  1.62199
  1.7412  -6.2516  1.62242
 1.74163 -6.24839  1.62242
 1.74206 -6.24519  1.62286
  1.7425 -6.24198  1.62329
 1.74293 -6.23878  1.62372
 1.74336 -6.23558  1.62416
  1.7438 -6.23239  1.62459
 1.74423 -6.22919  1.62503
 1.74466   -6.226  1.62546
  1.7451 -6.22281  1.62546
 1.74553 -6.21962  1.62589
 1.74597 -6.21644  1.62633
  1.7464 -6.21325  1.62676
 1.74683 -6.21007  1.62719
 1.74727 -6.20689  1.62763
  1.7477 -6.20371  1.62806
 1.74813 -6.20054  1.62806
 1.74857 -6.19737  1.62849
   1.749  -6.1942  1.62893
 1.74943 -6.19103  1.62936
 1.74987 -6.18786  1.62979
  1.7503  -6.1847  1.63023
 1.75073 -6.18154  1.63066
 1.75117 -6.17838  1.63109
  1.7516 -6.17522  1.63109
 1.75203 -6.17206  1.63153
 1.75247 -6.16891  1.63196
  1.7529 -6.16576  1.63239
 1.75333 -6.16261  1.63283
 1.75377 -6.15946  1.63326
  1.7542 -6.15632  1.63369
 1.75463 -6.15318  1.63413
 1.75507 -6.15004  1.63413
  1.7555  -6.1469  1.63456
 1.75594 -6.14376  1.63499
 1.75637 -6.14063  1.63543
  1.7568  -6.1375  1.63586
 1.75724 -6.13437   1.6363
 1.75767 -6.13124  1.63673
  1.7581 -6.12811  1.63673
 1.75854 -6.12499  1.63716
 1.75897 -6.12187   1.6376
  1.7594 -6.11875  1.63803
 1.75984 -6.11563  1.63846
 1.76027 -6.11252   1.6389
  1.7607 -6.10941  1.63933
 1.76114  -6.1063  1.63976
 1.76157 -6.10319  1.63976
   1.762 -6.10008   1.6402
 1.76244 -6.09698  1.64063
 1.76287 -6.09388  1.64106
  1.7633 -6.09078   1.6415
 1.76374 -6.08768  1.64193
 1.76417 -6.08458  1.64236
  1.7646 -6.08149  1.64236
 1.76504  -6.0784   1.6428
 1.76547 -6.07531  1.64323
 1.76591 -6.07222  1.64366
 1.76634 -6.06914   1.6441
 1.76677 -6.06605  1.64453
 1.76721 -6.06297  1.64496
 1.76764  -6.0599   1.6454
 1.76807 -6.05682   1.6454
 1.76851 -6.05374  1.64583
 1.76894 -6.05067  1.64627
 1.76937  -6.0476   1.6467
 1.76981 -6.04453  1.64713
 1.77024 -6.04147  1.64757
 1.77067  -6.0384    1.648
 1.77111 -6.03534  1.64843
 1.77154 -6.03228  1.64843
 1.77197 -6.02922  1.64887
 1.77241 -6.02617   1.6493
 1.77284 -6.02311  1.64973
 1.77327 -6.02006  1.65017
 1.77371 -6.01701   1.6506
 1.77414 -6.01397  1.65103
 1.77457 -6.01092  1.65103
 1.77501 -6.00788  1.65147
 1.77544 -6.00484   1.6519
 1.77588  -6.0018  1.65233
 1.77631 -5.99876  1.65277
 1.77674 -5.99572   1.6532
 1.77718 -5.99269  1.65363
 1.77761 -5.98966  1.65407
 1.77804 -5.98663  1.65407
 1.77848 -5.98361   1.6545
 1.77891 -5.98058  1.65493
 1.77934 -5.97756  1.65537
 1.77978 -5.97454   1.6558
 1.78021 -5.97152  1.65624
 1.78064  -5.9685  1.65667
 1.78108 -5.96549  1.65667
 1.78151 -5.96248   1.6571
 1.78194 -5.95946  1.65754
 1.78238 -5.95646  1.65797
 1.78281 -5.95345   1.6584
 1.78324 -5.95045  1.65884
 1.78368 -5.94744  1.65927
 1.78411 -5.94444   1.6597
 1.78454 -5.94145   1.6597
 1.78498 -5.93845  1.66014
 1.78541 -5.93545  1.66057
 1.78585 -5.93246    1.661
 1.78628 -5.92947  1.66144
 1.78671 -5.92648  1.66187
 1.78715  -5.9235   1.6623
 1.78758 -5.92051  1.66274
 1.78801 -5.91753  1.66274
 1.78845 -5.91455  1.66317
 1.78888 -5.91157   1.6636
 1.78931  -5.9086  1.66404
 1.78975 -5.90562  1.66447
 1.79018 -5.90265   1.6649
 1.79061 -5.89968  1.66534
 1.79105 -5.89671  1.66534
 1.79148 -5.89375  1.66577
 1.79191 -5.89078  1.66621
 1.79235 -5.88782  1.66664
 1.79278 -5.88486  1.66707
 1.79321  -5.8819  1.66751
 1.79365 -5.87895  1.66794
 1.79408 -5.87599  1.66837
 1.79451 -5.87304  1.66837
 1.79495 -5.87009  1.66881
 1.79538 -5.86714  1.66924
 1.79582  -5.8642  1.66967
 1.79625 -5.86125  1.67011
 1.79668 -5.85831  1.67054
 1.79712 -5.85537  1.67097
 1.79755 -5.85243  1.67097
 1.79798  -5.8495  1.67141
 1.79842 -5.84656  1.67184
 1.79885 -5.84363  1.67227
 1.79928  -5.8407  1.67271
 1.79972 -5.83777  1.67314
 1.80015 -5.83484  1.67357
 1.80058 -5.83192  1.67401
 1.80102   -5.829  1.67401
 1.80145 -5.82608  1.67444
 1.80188 -5.82316  1.67487
 1.80232 -5.82024  1.67531
 1.80275 -5.81733  1.67574
 1.80318 -5.81441  1.67618
 1.80362  -5.8115  1.67661
 1.80405  -5.8086  1.67661
 1.80448 -5.80569  1.67704
 1.80492 -5.80278  1.67748
 1.80535 -5.79988  1.67791
 1.80579 -5.79698  1.67834
 1.80622 -5.79408  1.67878
 1.80665 -5.79118  1.67921
 1.80709 -5.78829  1.67964
 1.80752  -5.7854  1.67964
 1.80795  -5.7825  1.68008
 1.80839 -5.77961  1.68051
 1.80882 -5.77673  1.68094
 1.80925 -5.77384  1.68138
 1.80969 -5.77096  1.68181
 1.81012 -5.76808  1.68224
 1.81055  -5.7652  1.68268
 1.81099 -5.76232  1.68268
 1.81142 -5.75944  1.68311
 1.81185 -5.75657  1.68354
 1.81229  -5.7537  1.68398
 1.81272 -5.75083  1.68441
 1.81315 -5.74796  1.68484
 1.81359 -5.74509  1.68528
 1.81402 -5.74223  1.68528
 1.81445 -5.73937  1.68571
 1.81489 -5.73651  1.68615
 1.81532 -5.73365  1.68658
 1.81576 -5.73079  1.68701
 1.81619 -5.72794  1.68745
 1.81662 -5.72508  1.68788
 1.81706 -5.72223  1.68831
 1.81749 -5.71938  1.68831
 1.81792 -5.71654  1.68875
 1.81836 -5.71369  1.68918
 1.81879 -5.71085  1.68961
 1.81922 -5.70801  1.69005
 1.81966 -5.70517  1.69048
 1.82009 -5.70233  1.69091
 1.82052 -5.69949  1.69091
 1.82096 -5.69666  1.69135
 1.82139 -5.69383  1.69178
 1.82182   -5.691  1.69221
 1.82226 -5.68817  1.69265
 1.82269 -5.68534  1.69308
 1.82312 -5.68252  1.69351
 1.82356  -5.6797  1.69395
 1.82399 -5.67688  1.69395
 1.82442 -5.67406  1.69438
 1.82486 -5.67124  1.69481
 1.82529 -5.66842  1.69525
 1.82573 -5.66561  1.69568
 1.82616  -5.6628  1.69612
 1.82659 -5.65999  1.69655
 1.82703 -5.65718  1.69655
 1.82746 -5.65438  1.69698
 1.82789 -5.65157  1.69742
 1.82833 -5.64877  1.69785
 1.82876 -5.64597  1.69828
 1.82919 -5.64317  1.69872
 1.82963 -5.64038  1.69915
 1.83006 -5.63758  1.69958
 1.83049 -5.63479  1.69958
 1.83093   -5.632  1.70002
 1.83136 -5.62921  1.70045
 1.83179 -5.62642  1.70088
 1.83223 -5.62364  1.70132
 1.83266 -5.62085  1.70175
 1.83309 -5.61807  1.70218
 1.83353 -5.61529  1.70262
 1.83396 -5.61251  1.70262
 1.83439 -5.60974  1.70305
 1.83483 -5.60696  1.70348
 1.83526 -5.60419  1.70392
  1.8357 -5.60142  1.70435
 1.83613 -5.59865  1.70478
 1.83656 -5.59588  1.70522
   1.837 -5.59312  1.70522
 1.83743 -5.59035  1.70565
 1.83786 -5.58759  1.70609
  1.8383 -5.58483  1.70652
 1.83873 -5.58208  1.70695
 1.83916 -5.57932  1.70739
  1.8396 -5.57657  1.70782
 1.84003 -5.57381  1.70825
 1.84046 -5.57106  1.70825
  1.8409 -5.56831  1.70869
 1.84133 -5.56557  1.70912
 1.84176 -5.56282  1.70955
  1.8422 -5.56008  1.70999
 1.84263 -5.55734  1.71042
 1.84306  -5.5546  1.71085
  1.8435 -5.55186  1.71085
 1.84393 -5.54912  1.71129
 1.84436 -5.54639  1.71172
  1.8448 -5.54366  1.71215
 1.84523 -5.54093  1.71259
 1.84567  -5.5382  1.71302
  1.8461 -5.53547  1.71345
 1.84653 -5.53275  1.71389
 1.84697 -5.53002  1.71389
  1.8474  -5.5273  1.71432
 1.84783 -5.52458  1.71475
 1.84827 -5.52186  1.71519
  1.8487 -5.51914  1.71562
 1.84913 -5.51643  1.71606
 1.84957 -5.51372  1.71649
    1.85 -5.51101  1.71649