 kgrid  ValNew  Policy 
    0.55  -51.962     0.55
0.550433  -51.859     0.55
0.550867 -51.7568     0.55
  0.5513 -51.6553     0.55
0.551734 -51.5545     0.55
0.552167 -51.4545     0.55
0.552601 -51.3552     0.55
0.553034 -51.2567     0.55
0.553468 -51.1588     0.55
0.553901 -51.0617     0.55
0.554335 -50.9652     0.55
0.554768 -50.8695     0.55
0.555202 -50.7744     0.55
0.555635 -50.6801     0.55
0.556069 -50.5864     0.55
0.556502 -50.4933     0.55
0.556936  -50.401     0.55
0.557369 -50.3093     0.55
0.557803 -50.2183     0.55
0.558236 -50.1279     0.55
 0.55867 -50.0381     0.55
0.559103  -49.949     0.55
0.559537 -49.8606     0.55
 0.55997 -49.7727     0.55
0.560403 -49.6855     0.55
0.560837 -49.5989     0.55
 0.56127 -49.5129     0.55
0.561704 -49.4275     0.55
0.562137 -49.3427     0.55
0.562571 -49.2585     0.55
0.563004 -49.1749     0.55
0.563438 -49.0919     0.55
0.563871 -49.0095     0.55
0.564305 -48.9276     0.55
0.564738 -48.8464     0.55
0.565172 -48.7656     0.55
0.565605 -48.6855     0.55
0.566039 -48.6059     0.55
0.566472 -48.5268     0.55
0.566906 -48.4483     0.55
0.567339 -48.3704     0.55
0.567773  -48.293     0.55
0.568206 -48.2161     0.55
 0.56864 -48.1397     0.55
0.569073 -48.0639     0.55
0.569507 -47.9886     0.55
 0.56994 -47.9138     0.55
0.570373 -47.8395     0.55
0.570807 -47.7657     0.55
 0.57124 -47.6925     0.55
0.571674 -47.6197     0.55
0.572107 -47.5474     0.55
0.572541 -47.4756     0.55
0.572974 -47.4044     0.55
0.573408 -47.3335     0.55
0.573841 -47.2632     0.55
0.574275 -47.1934     0.55
0.574708  -47.124     0.55
0.575142 -47.0551     0.55
0.575575 -46.9866     0.55
0.576009 -46.9186     0.55
0.576442 -46.8511     0.55
0.576876  -46.784     0.55
0.577309 -46.7174     0.55
0.577743 -46.6512     0.55
0.578176 -46.5854     0.55
 0.57861 -46.5201     0.55
0.579043 -46.4553     0.55
0.579476 -46.3908     0.55
 0.57991 -46.3268     0.55
0.580343 -46.2632     0.55
0.580777 -46.1999 0.550433
 0.58121 -46.1368 0.550433
0.581644 -46.0739 0.550867
0.582077 -46.0111   0.5513
0.582511 -45.9486   0.5513
0.582944 -45.8861 0.551734
0.583378  -45.824 0.552167
0.583811 -45.7619 0.552167
0.584245    -45.7 0.552601
0.584678 -45.6384 0.553034
0.585112 -45.5768 0.553034
0.585545 -45.5155 0.553468
0.585979 -45.4544 0.553901
0.586412 -45.3933 0.553901
0.586846 -45.3325 0.554335
0.587279 -45.2719 0.554768
0.587713 -45.2114 0.554768
0.588146 -45.1511 0.555202
 0.58858  -45.091 0.555635
0.589013  -45.031 0.555635
0.589446 -44.9712 0.556069
 0.58988 -44.9116 0.556502
0.590313 -44.8521 0.556502
0.590747 -44.7928 0.556936
 0.59118 -44.7336 0.557369
0.591614 -44.6746 0.557369
0.592047 -44.6158 0.557803
0.592481 -44.5572 0.558236
0.592914 -44.4987 0.558236
0.593348 -44.4404  0.55867
0.593781 -44.3822 0.559103
0.594215 -44.3242 0.559103
0.594648 -44.2663 0.559537
0.595082 -44.2087  0.55997
0.595515 -44.1511  0.55997
0.595949 -44.0937 0.560403
0.596382 -44.0366 0.560837
0.596816 -43.9795 0.560837
0.597249 -43.9226  0.56127
0.597683 -43.8658 0.561704
0.598116 -43.8093 0.561704
 0.59855 -43.7528 0.562137
0.598983 -43.6965 0.562571
0.599416 -43.6404 0.562571
 0.59985 -43.5844 0.563004
0.600283 -43.5285 0.563438
0.600717 -43.4729 0.563438
 0.60115 -43.4173 0.563871
0.601584 -43.3619 0.564305
0.602017 -43.3067 0.564305
0.602451 -43.2516 0.564738
0.602884 -43.1966 0.565172
0.603318 -43.1419 0.565605
0.603751 -43.0871 0.565605
0.604185 -43.0326 0.566039
0.604618 -42.9782 0.566472
0.605052 -42.9239 0.566472
0.605485 -42.8697 0.566906
0.605919 -42.8157 0.567339
0.606352 -42.7618 0.567773
0.606786  -42.708 0.567773
0.607219 -42.6544 0.568206
0.607653 -42.6009  0.56864
0.608086 -42.5475  0.56864
 0.60852 -42.4942 0.569073
0.608953 -42.4411 0.569507
0.609386 -42.3881  0.56994
 0.60982 -42.3352  0.56994
0.610253 -42.2825 0.570373
0.610687 -42.2298 0.570807
 0.61112 -42.1774  0.57124
0.611554  -42.125  0.57124
0.611987 -42.0727 0.571674
0.612421 -42.0206 0.572107
0.612854 -41.9686 0.572107
0.613288 -41.9167 0.572541
0.613721 -41.8649 0.572974
0.614155 -41.8133 0.573408
0.614588 -41.7618 0.573408
0.615022 -41.7104 0.573841
0.615455 -41.6591 0.574275
0.615889 -41.6079 0.574708
0.616322 -41.5569 0.574708
0.616756 -41.5059 0.575142
0.617189 -41.4551 0.575575
0.617623 -41.4045 0.576009
0.618056 -41.3539 0.576009
0.618489 -41.3034 0.576442
0.618923 -41.2531 0.576876
0.619356 -41.2029 0.576876
 0.61979 -41.1527 0.577309
0.620223 -41.1027 0.577743
0.620657 -41.0529 0.578176
 0.62109 -41.0031 0.578176
0.621524 -40.9534  0.57861
0.621957 -40.9039 0.579043
0.622391 -40.8545 0.579476
0.622824 -40.8052 0.579476
0.623258 -40.7559  0.57991
0.623691 -40.7069 0.580343
0.624125 -40.6579 0.580777
0.624558  -40.609 0.580777
0.624992 -40.5602  0.58121
0.625425 -40.5116 0.581644
0.625859  -40.463 0.582077
0.626292 -40.4146 0.582077
0.626726 -40.3662 0.582511
0.627159 -40.3179 0.582944
0.627593 -40.2697 0.583378
0.628026 -40.2217 0.583811
0.628459 -40.1737 0.583811
0.628893 -40.1257 0.584245
0.629326 -40.0779 0.584678
 0.62976 -40.0302 0.585112
0.630193 -39.9826 0.585545
0.630627  -39.935 0.585545
 0.63106 -39.8876 0.585979
0.631494 -39.8402 0.586412
0.631927 -39.7929 0.586846
0.632361 -39.7458 0.587279
0.632794 -39.6987 0.587279
0.633228 -39.6516 0.587713
0.633661 -39.6047 0.588146
0.634095 -39.5579  0.58858
0.634528 -39.5112 0.589013
0.634962 -39.4645 0.589013
0.635395  -39.418 0.589446
0.635829 -39.3715  0.58988
0.636262 -39.3251 0.590313
0.636696 -39.2788 0.590747
0.637129 -39.2326 0.590747
0.637563 -39.1864  0.59118
0.637996 -39.1404 0.591614
0.638429 -39.0944 0.592047
0.638863 -39.0486 0.592481
0.639296 -39.0028 0.592481
 0.63973  -38.957 0.592914
0.640163 -38.9114 0.593348
0.640597 -38.8659 0.593781
 0.64103 -38.8204 0.594215
0.641464 -38.7751 0.594648
0.641897 -38.7298 0.594648
0.642331 -38.6846 0.595082
0.642764 -38.6394 0.595515
0.643198 -38.5944 0.595949
0.643631 -38.5495 0.596382
0.644065 -38.5046 0.596382
0.644498 -38.4598 0.596816
0.644932 -38.4151 0.597249
0.645365 -38.3704 0.597683
0.645799 -38.3259 0.598116
0.646232 -38.2814 0.598116
0.646666  -38.237  0.59855
0.647099 -38.1927 0.598983
0.647533 -38.1485 0.599416
0.647966 -38.1043  0.59985
0.648399 -38.0603  0.59985
0.648833 -38.0162 0.600283
0.649266 -37.9723 0.600717
  0.6497 -37.9285  0.60115
0.650133 -37.8847 0.601584
0.650567 -37.8411 0.602017
   0.651 -37.7974 0.602017
0.651434 -37.7539 0.602451
0.651867 -37.7104 0.602884
0.652301 -37.6671 0.603318
0.652734 -37.6238 0.603751
0.653168 -37.5806 0.603751
0.653601 -37.5374 0.604185
0.654035 -37.4943 0.604618
0.654468 -37.4514 0.605052
0.654902 -37.4084 0.605485
0.655335 -37.3656 0.605919
0.655769 -37.3228 0.605919
0.656202 -37.2801 0.606352
0.656636 -37.2375 0.606786
0.657069  -37.195 0.607219
0.657503 -37.1525 0.607653
0.657936 -37.1101 0.607653
0.658369 -37.0678 0.608086
0.658803 -37.0256  0.60852
0.659236 -36.9834 0.608953
 0.65967 -36.9413 0.609386
0.660103 -36.8993  0.60982
0.660537 -36.8573  0.60982
 0.66097 -36.8154 0.610253
0.661404 -36.7736 0.610687
0.661837 -36.7319  0.61112
0.662271 -36.6902 0.611554
0.662704 -36.6486 0.611554
0.663138 -36.6071 0.611987
0.663571 -36.5657 0.612421
0.664005 -36.5243 0.612854
0.664438  -36.483 0.613288
0.664872 -36.4418 0.613721
0.665305 -36.4006 0.613721
0.665739 -36.3595 0.614155
0.666172 -36.3184 0.614588
0.666606 -36.2775 0.615022
0.667039 -36.2366 0.615455
0.667472 -36.1958 0.615889
0.667906  -36.155 0.615889
0.668339 -36.1143 0.616322
0.668773 -36.0737 0.616756
0.669206 -36.0331 0.617189
 0.66964 -35.9926 0.617623
0.670073 -35.9522 0.617623
0.670507 -35.9119 0.618056
 0.67094 -35.8716 0.618489
0.671374 -35.8314 0.618923
0.671807 -35.7912 0.619356
0.672241 -35.7512  0.61979
0.672674 -35.7112  0.61979
0.673108 -35.6712 0.620223
0.673541 -35.6313 0.620657
0.673975 -35.5915  0.62109
0.674408 -35.5517 0.621524
0.674842 -35.5121 0.621957
0.675275 -35.4724 0.621957
0.675709 -35.4329 0.622391
0.676142 -35.3934 0.622824
0.676576 -35.3539 0.623258
0.677009 -35.3146 0.623691
0.677442 -35.2753 0.624125
0.677876 -35.2361 0.624125
0.678309 -35.1969 0.624558
0.678743 -35.1578 0.624992
0.679176 -35.1188 0.625425
 0.67961 -35.0798 0.625859
0.680043 -35.0409 0.626292
0.680477 -35.0021 0.626292
 0.68091 -34.9633 0.626726
0.681344 -34.9245 0.627159
0.681777 -34.8859 0.627593
0.682211 -34.8473 0.628026
0.682644 -34.8088 0.628026
0.683078 -34.7703 0.628459
0.683511 -34.7319 0.628893
0.683945 -34.6936 0.629326
0.684378 -34.6553  0.62976
0.684812 -34.6171 0.630193
0.685245 -34.5789 0.630193
0.685679 -34.5408 0.630627
0.686112 -34.5028  0.63106
0.686546 -34.4648 0.631494
0.686979 -34.4269 0.631927
0.687412  -34.389 0.632361
0.687846 -34.3513 0.632361
0.688279 -34.3135 0.632794
0.688713 -34.2758 0.633228
0.689146 -34.2382 0.633661
 0.68958 -34.2007 0.634095
0.690013 -34.1632 0.634528
0.690447 -34.1258 0.634528
 0.69088 -34.0884 0.634962
0.691314 -34.0511 0.635395
0.691747 -34.0138 0.635829
0.692181 -33.9766 0.636262
0.692614 -33.9395 0.636696
0.693048 -33.9024 0.637129
0.693481 -33.8654 0.637129
0.693915 -33.8284 0.637563
0.694348 -33.7915 0.637996
0.694782 -33.7546 0.638429
0.695215 -33.7178 0.638863
0.695649 -33.6811 0.639296
0.696082 -33.6444 0.639296
0.696516 -33.6078  0.63973
0.696949 -33.5713 0.640163
0.697382 -33.5348 0.640597
0.697816 -33.4983  0.64103
0.698249 -33.4619 0.641464
0.698683 -33.4256 0.641464
0.699116 -33.3893 0.641897
 0.69955 -33.3531 0.642331
0.699983 -33.3169 0.642764
0.700417 -33.2808 0.643198
 0.70085 -33.2448 0.643631
0.701284 -33.2088 0.643631
0.701717 -33.1728 0.644065
0.702151 -33.1369 0.644498
0.702584 -33.1011 0.644932
0.703018 -33.0653 0.645365
0.703451 -33.0296 0.645799
0.703885  -32.994 0.645799
0.704318 -32.9584 0.646232
0.704752 -32.9228 0.646666
0.705185 -32.8873 0.647099
0.705619 -32.8518 0.647533
0.706052 -32.8165 0.647966
0.706485 -32.7811 0.647966
0.706919 -32.7459 0.648399
0.707352 -32.7106 0.648833
0.707786 -32.6754 0.649266
0.708219 -32.6403   0.6497
0.708653 -32.6053 0.650133
0.709086 -32.5703 0.650567
 0.70952 -32.5353 0.650567
0.709953 -32.5004    0.651
0.710387 -32.4655 0.651434
 0.71082 -32.4307 0.651867
0.711254  -32.396 0.652301
0.711687 -32.3613 0.652734
0.712121 -32.3267 0.652734
0.712554 -32.2921 0.653168
0.712988 -32.2575 0.653601
0.713421 -32.2231 0.654035
0.713855 -32.1887 0.654468
0.714288 -32.1543 0.654902
0.714722   -32.12 0.654902
0.715155 -32.0857 0.655335
0.715589 -32.0515 0.655769
0.716022 -32.0173 0.656202
0.716455 -31.9832 0.656636
0.716889 -31.9491 0.657069
0.717322 -31.9151 0.657069
0.717756 -31.8812 0.657503
0.718189 -31.8472 0.657936
0.718623 -31.8134 0.658369
0.719056 -31.7796 0.658803
 0.71949 -31.7458 0.659236
0.719923 -31.7121  0.65967
0.720357 -31.6785  0.65967
 0.72079 -31.6449 0.660103
0.721224 -31.6113 0.660537
0.721657 -31.5778  0.66097
0.722091 -31.5444 0.661404
0.722524  -31.511 0.661837
0.722958 -31.4776 0.661837
0.723391 -31.4443 0.662271
0.723825  -31.411 0.662704
0.724258 -31.3778 0.663138
0.724692 -31.3447 0.663571
0.725125 -31.3116 0.664005
0.725559 -31.2786 0.664005
0.725992 -31.2455 0.664438
0.726425 -31.2126 0.664872
0.726859 -31.1797 0.665305
0.727292 -31.1468 0.665739
0.727726  -31.114 0.666172
0.728159 -31.0813 0.666172
0.728593 -31.0485 0.666606
0.729026 -31.0159 0.667039
 0.72946 -30.9833 0.667472
0.729893 -30.9507 0.667906
0.730327 -30.9182 0.668339
 0.73076 -30.8857 0.668339
0.731194 -30.8533 0.668773
0.731627 -30.8209 0.669206
0.732061 -30.7886  0.66964
0.732494 -30.7563 0.670073
0.732928 -30.7241 0.670507
0.733361 -30.6919  0.67094
0.733795 -30.6598  0.67094
0.734228 -30.6277 0.671374
0.734662 -30.5957 0.671807
0.735095 -30.5637 0.672241
0.735529 -30.5317 0.672674
0.735962 -30.4998 0.673108
0.736395  -30.468 0.673108
0.736829 -30.4362 0.673541
0.737262 -30.4044 0.673975
0.737696 -30.3727 0.674408
0.738129  -30.341 0.674842
0.738563 -30.3094 0.675275
0.738996 -30.2779 0.675275
 0.73943 -30.2463 0.675709
0.739863 -30.2149 0.676142
0.740297 -30.1834 0.676576
 0.74073  -30.152 0.677009
0.741164 -30.1207 0.677442
0.741597 -30.0894 0.677876
0.742031 -30.0582 0.677876
0.742464  -30.027 0.678309
0.742898 -29.9958 0.678743
0.743331 -29.9647 0.679176
0.743765 -29.9336  0.67961
0.744198 -29.9026 0.680043
0.744632 -29.8716 0.680043
0.745065 -29.8407 0.680477
0.745498 -29.8098  0.68091
0.745932  -29.779 0.681344
0.746365 -29.7482 0.681777
0.746799 -29.7174 0.682211
0.747232 -29.6867 0.682211
0.747666 -29.6561 0.682644
0.748099 -29.6254 0.683078
0.748533 -29.5948 0.683511
0.748966 -29.5643 0.683945
  0.7494 -29.5338 0.684378
0.749833 -29.5034 0.684812
0.750267  -29.473 0.684812
  0.7507 -29.4426 0.685245
0.751134 -29.4123 0.685679
0.751567 -29.3821 0.686112
0.752001 -29.3518 0.686546
0.752434 -29.3217 0.686979
0.752868 -29.2915 0.686979
0.753301 -29.2614 0.687412
0.753735 -29.2314 0.687846
0.754168 -29.2014 0.688279
0.754602 -29.1714 0.688713
0.755035 -29.1415 0.689146
0.755468 -29.1116 0.689146
0.755902 -29.0818  0.68958
0.756335  -29.052 0.690013
0.756769 -29.0222 0.690447
0.757202 -28.9925  0.69088
0.757636 -28.9629 0.691314
0.758069 -28.9333 0.691747
0.758503 -28.9037 0.691747
0.758936 -28.8741 0.692181
 0.75937 -28.8446 0.692614
0.759803 -28.8152 0.693048
0.760237 -28.7858 0.693481
 0.76067 -28.7564 0.693915
0.761104 -28.7271 0.693915
0.761537 -28.6978 0.694348
0.761971 -28.6685 0.694782
0.762404 -28.6393 0.695215
0.762838 -28.6102 0.695649
0.763271 -28.5811 0.696082
0.763705  -28.552 0.696516
0.764138  -28.523 0.696516
0.764572  -28.494 0.696949
0.765005  -28.465 0.697382
0.765438 -28.4361 0.697816
0.765872 -28.4072 0.698249
0.766305 -28.3784 0.698683
0.766739 -28.3496 0.698683
0.767172 -28.3209 0.699116
0.767606 -28.2921  0.69955
0.768039 -28.2635 0.699983
0.768473 -28.2349 0.700417
0.768906 -28.2063  0.70085
 0.76934 -28.1777  0.70085
0.769773 -28.1492 0.701284
0.770207 -28.1207 0.701717
 0.77064 -28.0923 0.702151
0.771074 -28.0639 0.702584
0.771507 -28.0356 0.703018
0.771941 -28.0073 0.703018
0.772374  -27.979 0.703451
0.772808 -27.9508 0.703885
0.773241 -27.9226 0.704318
0.773675 -27.8944 0.704752
0.774108 -27.8663 0.705185
0.774542 -27.8383 0.705619
0.774975 -27.8103 0.705619
0.775408 -27.7823 0.706052
0.775842 -27.7543 0.706485
0.776275 -27.7264 0.706919
0.776709 -27.6985 0.707352
0.777142 -27.6707 0.707786
0.777576 -27.6429 0.707786
0.778009 -27.6151 0.708219
0.778443 -27.5874 0.708653
0.778876 -27.5597 0.709086
 0.77931 -27.5321  0.70952
0.779743 -27.5045 0.709953
0.780177 -27.4769 0.710387
 0.78061 -27.4494 0.710387
0.781044 -27.4219  0.71082
0.781477 -27.3945 0.711254
0.781911 -27.3671 0.711687
0.782344 -27.3397 0.712121
0.782778 -27.3124 0.712554
0.783211 -27.2851 0.712554
0.783645 -27.2578 0.712988
0.784078 -27.2306 0.713421
0.784512 -27.2034 0.713855
0.784945 -27.1763 0.714288
0.785378 -27.1492 0.714722
0.785812 -27.1221 0.714722
0.786245  -27.095 0.715155
0.786679  -27.068 0.715589
0.787112 -27.0411 0.716022
0.787546 -27.0142 0.716455
0.787979 -26.9873 0.716889
0.788413 -26.9605 0.717322
0.788846 -26.9336 0.717322
 0.78928 -26.9069 0.717756
0.789713 -26.8801 0.718189
0.790147 -26.8534 0.718623
 0.79058 -26.8268 0.719056
0.791014 -26.8002  0.71949
0.791447 -26.7736  0.71949
0.791881  -26.747 0.719923
0.792314 -26.7205 0.720357
0.792748  -26.694  0.72079
0.793181 -26.6676 0.721224
0.793615 -26.6412 0.721657
0.794048 -26.6148 0.721657
0.794481 -26.5885 0.722091
0.794915 -26.5622 0.722524
0.795348 -26.5359 0.722958
0.795782 -26.5097 0.723391
0.796215 -26.4835 0.723825
0.796649 -26.4573 0.724258
0.797082 -26.4312 0.724258
0.797516 -26.4051 0.724692
0.797949 -26.3791 0.725125
0.798383 -26.3531 0.725559
0.798816 -26.3271 0.725992
 0.79925 -26.3012 0.726425
0.799683 -26.2753 0.726425
0.800117 -26.2494 0.726859
 0.80055 -26.2236 0.727292
0.800984 -26.1978 0.727726
0.801417  -26.172 0.728159
0.801851 -26.1463 0.728593
0.802284 -26.1206 0.729026
0.802718 -26.0949 0.729026
0.803151 -26.0693  0.72946
0.803585 -26.0437 0.729893
0.804018 -26.0182 0.730327
0.804451 -25.9926  0.73076
0.804885 -25.9672 0.731194
0.805318 -25.9417 0.731194
0.805752 -25.9163 0.731627
0.806185 -25.8909 0.732061
0.806619 -25.8656 0.732494
0.807052 -25.8403 0.732928
0.807486  -25.815 0.733361
0.807919 -25.7897 0.733361
0.808353 -25.7645 0.733795
0.808786 -25.7393 0.734228
 0.80922 -25.7142 0.734662
0.809653 -25.6891 0.735095
0.810087  -25.664 0.735529
 0.81052  -25.639 0.735962
0.810954  -25.614 0.735962
0.811387  -25.589 0.736395
0.811821 -25.5641 0.736829
0.812254 -25.5392 0.737262
0.812688 -25.5143 0.737696
0.813121 -25.4895 0.738129
0.813555 -25.4647 0.738129
0.813988 -25.4399 0.738563
0.814421 -25.4152 0.738996
0.814855 -25.3904  0.73943
0.815288 -25.3658 0.739863
0.815722 -25.3411 0.740297
0.816155 -25.3165 0.740297
0.816589  -25.292  0.74073
0.817022 -25.2674 0.741164
0.817456 -25.2429 0.741597
0.817889 -25.2184 0.742031
0.818323  -25.194 0.742464
0.818756 -25.1696 0.742898
 0.81919 -25.1452 0.742898
0.819623 -25.1209 0.743331
0.820057 -25.0966 0.743765
 0.82049 -25.0723 0.744198
0.820924 -25.0481 0.744632
0.821357 -25.0238 0.745065
0.821791 -24.9997 0.745065
0.822224 -24.9755 0.745498
0.822658 -24.9514 0.745932
0.823091 -24.9273 0.746365
0.823525 -24.9033 0.746799
0.823958 -24.8793 0.747232
0.824391 -24.8553 0.747232
0.824825 -24.8313 0.747666
0.825258 -24.8074 0.748099
0.825692 -24.7835 0.748533
0.826125 -24.7596 0.748966
0.826559 -24.7358   0.7494
0.826992  -24.712 0.749833
0.827426 -24.6882 0.749833
0.827859 -24.6645 0.750267
0.828293 -24.6408   0.7507
0.828726 -24.6171 0.751134
 0.82916 -24.5935 0.751567
0.829593 -24.5699 0.752001
0.830027 -24.5463 0.752001
 0.83046 -24.5228 0.752434
0.830894 -24.4993 0.752868
0.831327 -24.4758 0.753301
0.831761 -24.4523 0.753735
0.832194 -24.4289 0.754168
0.832628 -24.4055 0.754602
0.833061 -24.3822 0.754602
0.833494 -24.3588 0.755035
0.833928 -24.3355 0.755468
0.834361 -24.3123 0.755902
0.834795  -24.289 0.756335
0.835228 -24.2658 0.756769
0.835662 -24.2427 0.756769
0.836095 -24.2195 0.757202
0.836529 -24.1964 0.757636
0.836962 -24.1733 0.758069
0.837396 -24.1502 0.758503
0.837829 -24.1272 0.758936
0.838263 -24.1042 0.758936
0.838696 -24.0813  0.75937
 0.83913 -24.0583 0.759803
0.839563 -24.0354 0.760237
0.839997 -24.0126  0.76067
 0.84043 -23.9897 0.761104
0.840864 -23.9669 0.761537
0.841297 -23.9441 0.761537
0.841731 -23.9214 0.761971
0.842164 -23.8987 0.762404
0.842598  -23.876 0.762838
0.843031 -23.8533 0.763271
0.843464 -23.8307 0.763705
0.843898 -23.8081 0.763705
0.844331 -23.7855 0.764138
0.844765 -23.7629 0.764572
0.845198 -23.7404 0.765005
0.845632 -23.7179 0.765438
0.846065 -23.6955 0.765872
0.846499 -23.6731 0.765872
0.846932 -23.6507 0.766305
0.847366 -23.6283 0.766739
0.847799 -23.6059 0.767172
0.848233 -23.5836 0.767606
0.848666 -23.5614 0.768039
  0.8491 -23.5391 0.768473
0.849533 -23.5169 0.768473
0.849967 -23.4947 0.768906
  0.8504 -23.4725  0.76934
0.850834 -23.4504 0.769773
0.851267 -23.4283 0.770207
0.851701 -23.4062  0.77064
0.852134 -23.3842  0.77064
0.852568 -23.3621 0.771074
0.853001 -23.3401 0.771507
0.853434 -23.3182 0.771941
0.853868 -23.2962 0.772374
0.854301 -23.2743 0.772808
0.854735 -23.2525 0.772808
0.855168 -23.2306 0.773241
0.855602 -23.2088 0.773675
0.856035  -23.187 0.774108
0.856469 -23.1652 0.774542
0.856902 -23.1435 0.774975
0.857336 -23.1218 0.774975
0.857769 -23.1001 0.775408
0.858203 -23.0784 0.775842
0.858636 -23.0568 0.776275
 0.85907 -23.0352 0.776709
0.859503 -23.0136 0.777142
0.859937 -22.9921 0.777576
 0.86037 -22.9706 0.777576
0.860804 -22.9491 0.778009
0.861237 -22.9276 0.778443
0.861671 -22.9062 0.778876
0.862104 -22.8848  0.77931
0.862538 -22.8634 0.779743
0.862971  -22.842 0.779743
0.863404 -22.8207 0.780177
0.863838 -22.7994  0.78061
0.864271 -22.7782 0.781044
0.864705 -22.7569 0.781477
0.865138 -22.7357 0.781911
0.865572 -22.7145 0.782344
0.866005 -22.6934 0.782344
0.866439 -22.6722 0.782778
0.866872 -22.6511 0.783211
0.867306   -22.63 0.783645
0.867739  -22.609 0.784078
0.868173  -22.588 0.784512
0.868606  -22.567 0.784512
 0.86904  -22.546 0.784945
0.869473  -22.525 0.785378
0.869907 -22.5041 0.785812
 0.87034 -22.4832 0.786245
0.870774 -22.4624 0.786679
0.871207 -22.4415 0.786679
0.871641 -22.4207 0.787112
0.872074 -22.3999 0.787546
0.872508 -22.3792 0.787979
0.872941 -22.3584 0.788413
0.873374 -22.3377 0.788846
0.873808 -22.3171  0.78928
0.874241 -22.2964  0.78928
0.874675 -22.2758 0.789713
0.875108 -22.2552 0.790147
0.875542 -22.2346  0.79058
0.875975 -22.2141 0.791014
0.876409 -22.1936 0.791447
0.876842 -22.1731 0.791447
0.877276 -22.1526 0.791881
0.877709 -22.1321 0.792314
0.878143 -22.1117 0.792748
0.878576 -22.0913 0.793181
 0.87901  -22.071 0.793615
0.879443 -22.0506 0.793615
0.879877 -22.0303 0.794048
 0.88031   -22.01 0.794481
0.880744 -21.9898 0.794915
0.881177 -21.9695 0.795348
0.881611 -21.9493 0.795782
0.882044 -21.9291 0.795782
0.882477  -21.909 0.796215
0.882911 -21.8888 0.796649
0.883344 -21.8687 0.797082
0.883778 -21.8486 0.797516
0.884211 -21.8286 0.797949
0.884645 -21.8085 0.798383
0.885078 -21.7885 0.798383
0.885512 -21.7685 0.798816
0.885945 -21.7486  0.79925
0.886379 -21.7286 0.799683
0.886812 -21.7087 0.800117
0.887246 -21.6889  0.80055
0.887679  -21.669  0.80055
0.888113 -21.6492 0.800984
0.888546 -21.6294 0.801417
 0.88898 -21.6096 0.801851
0.889413 -21.5898 0.802284
0.889847 -21.5701 0.802718
 0.89028 -21.5504 0.802718
0.890714 -21.5307 0.803151
0.891147  -21.511 0.803585
0.891581 -21.4914 0.804018
0.892014 -21.4718 0.804451
0.892447 -21.4522 0.804885
0.892881 -21.4326 0.805318
0.893314 -21.4131 0.805318
0.893748 -21.3936 0.805752
0.894181 -21.3741 0.806185
0.894615 -21.3546 0.806619
0.895048 -21.3352 0.807052
0.895482 -21.3158 0.807486
0.895915 -21.2964 0.807486
0.896349  -21.277 0.807919
0.896782 -21.2577 0.808353
0.897216 -21.2383 0.808786
0.897649  -21.219  0.80922
0.898083 -21.1998 0.809653
0.898516 -21.1805 0.809653
 0.89895 -21.1613 0.810087
0.899383 -21.1421  0.81052
0.899817 -21.1229 0.810954
 0.90025 -21.1038 0.811387
0.900684 -21.0847 0.811821
0.901117 -21.0656 0.812254
0.901551 -21.0465 0.812254
0.901984 -21.0274 0.812688
0.902417 -21.0084 0.813121
0.902851 -20.9894 0.813555
0.903284 -20.9704 0.813988
0.903718 -20.9514 0.814421
0.904151 -20.9325 0.814421
0.904585 -20.9136 0.814855
0.905018 -20.8947 0.815288
0.905452 -20.8758 0.815722
0.905885  -20.857 0.816155
0.906319 -20.8382 0.816589
0.906752 -20.8194 0.816589
0.907186 -20.8006 0.817022
0.907619 -20.7818 0.817456
0.908053 -20.7631 0.817889
0.908486 -20.7444 0.818323
 0.90892 -20.7257 0.818756
0.909353 -20.7071  0.81919
0.909787 -20.6884  0.81919
 0.91022 -20.6698 0.819623
0.910654 -20.6512 0.820057
0.911087 -20.6326  0.82049
0.911521 -20.6141 0.820924
0.911954 -20.5956 0.821357
0.912387 -20.5771 0.821357
0.912821 -20.5586 0.821791
0.913254 -20.5401 0.822224
0.913688 -20.5217 0.822658
0.914121 -20.5033 0.823091
0.914555 -20.4849 0.823525
0.914988 -20.4666 0.823525
0.915422 -20.4482 0.823958
0.915855 -20.4299 0.824391
0.916289 -20.4116 0.824825
0.916722 -20.3933 0.825258
0.917156 -20.3751 0.825692
0.917589 -20.3569 0.826125
0.918023 -20.3386 0.826125
0.918456 -20.3205 0.826559
 0.91889 -20.3023 0.826992
0.919323 -20.2842 0.827426
0.919757  -20.266 0.827859
 0.92019 -20.2479 0.828293
0.920624 -20.2299 0.828293
0.921057 -20.2118 0.828726
 0.92149 -20.1938  0.82916
0.921924 -20.1758 0.829593
0.922357 -20.1578 0.830027
0.922791 -20.1398  0.83046
0.923224 -20.1219  0.83046
0.923658  -20.104 0.830894
0.924091 -20.0861 0.831327
0.924525 -20.0682 0.831761
0.924958 -20.0503 0.832194
0.925392 -20.0325 0.832628
0.925825 -20.0147 0.832628
0.926259 -19.9969 0.833061
0.926692 -19.9791 0.833494
0.927126 -19.9614 0.833928
0.927559 -19.9437 0.834361
0.927993  -19.926 0.834795
0.928426 -19.9083 0.835228
 0.92886 -19.8906 0.835228
0.929293  -19.873 0.835662
0.929727 -19.8554 0.836095
 0.93016 -19.8378 0.836529
0.930594 -19.8202 0.836962
0.931027 -19.8027 0.837396
 0.93146 -19.7851 0.837396
0.931894 -19.7676 0.837829
0.932327 -19.7501 0.838263
0.932761 -19.7327 0.838696
0.933194 -19.7152  0.83913
0.933628 -19.6978 0.839563
0.934061 -19.6804 0.839563
0.934495  -19.663 0.839997
0.934928 -19.6456  0.84043
0.935362 -19.6283 0.840864
0.935795  -19.611 0.841297
0.936229 -19.5937 0.841731
0.936662 -19.5764 0.842164
0.937096 -19.5591 0.842164
0.937529 -19.5419 0.842598
0.937963 -19.5247 0.843031
0.938396 -19.5075 0.843464
 0.93883 -19.4903 0.843898
0.939263 -19.4732 0.844331
0.939697  -19.456 0.844331
 0.94013 -19.4389 0.844765
0.940564 -19.4218 0.845198
0.940997 -19.4047 0.845632
 0.94143 -19.3877 0.846065
0.941864 -19.3707 0.846499
0.942297 -19.3537 0.846499
0.942731 -19.3367 0.846932
0.943164 -19.3197 0.847366
0.943598 -19.3027 0.847799
0.944031 -19.2858 0.848233
0.944465 -19.2689 0.848666
0.944898  -19.252 0.848666
0.945332 -19.2352   0.8491
0.945765 -19.2183 0.849533
0.946199 -19.2015 0.849967
0.946632 -19.1847   0.8504
0.947066 -19.1679 0.850834
0.947499 -19.1511 0.851267
0.947933 -19.1344 0.851267
0.948366 -19.1176 0.851701
  0.9488 -19.1009 0.852134
0.949233 -19.0842 0.852568
0.949667 -19.0676 0.853001
  0.9501 -19.0509 0.853434
0.950534 -19.0343 0.853434
0.950967 -19.0177 0.853868
  0.9514 -19.0011 0.854301
0.951834 -18.9845 0.854735
0.952267  -18.968 0.855168
0.952701 -18.9515 0.855602
0.953134 -18.9349 0.855602
0.953568 -18.9185 0.856035
0.954001  -18.902 0.856469
0.954435 -18.8855 0.856902
0.954868 -18.8691 0.857336
0.955302 -18.8527 0.857769
0.955735 -18.8363 0.857769
0.956169 -18.8199 0.858203
0.956602 -18.8036 0.858636
0.957036 -18.7872  0.85907
0.957469 -18.7709 0.859503
0.957903 -18.7546 0.859937
0.958336 -18.7384  0.86037
 0.95877 -18.7221  0.86037
0.959203 -18.7059 0.860804
0.959637 -18.6896 0.861237
 0.96007 -18.6734 0.861671
0.960504 -18.6573 0.862104
0.960937 -18.6411 0.862538
 0.96137  -18.625 0.862538
0.961804 -18.6088 0.862971
0.962237 -18.5927 0.863404
0.962671 -18.5766 0.863838
0.963104 -18.5606 0.864271
0.963538 -18.5445 0.864705
0.963971 -18.5285 0.864705
0.964405 -18.5125 0.865138
0.964838 -18.4965 0.865572
0.965272 -18.4805 0.866005
0.965705 -18.4646 0.866439
0.966139 -18.4487 0.866872
0.966572 -18.4327 0.866872
0.967006 -18.4168 0.867306
0.967439  -18.401 0.867739
0.967873 -18.3851 0.868173
0.968306 -18.3693 0.868606
 0.96874 -18.3534  0.86904
0.969173 -18.3376 0.869473
0.969607 -18.3219 0.869473
 0.97004 -18.3061 0.869907
0.970473 -18.2903  0.87034
0.970907 -18.2746 0.870774
 0.97134 -18.2589 0.871207
0.971774 -18.2432 0.871641
0.972207 -18.2275 0.871641
0.972641 -18.2119 0.872074
0.973074 -18.1962 0.872508
0.973508 -18.1806 0.872941
0.973941  -18.165 0.873374
0.974375 -18.1495 0.873808
0.974808 -18.1339 0.873808
0.975242 -18.1183 0.874241
0.975675 -18.1028 0.874675
0.976109 -18.0873 0.875108
0.976542 -18.0718 0.875542
0.976976 -18.0563 0.875975
0.977409 -18.0409 0.876409
0.977843 -18.0254 0.876409
0.978276   -18.01 0.876842
 0.97871 -17.9946 0.877276
0.979143 -17.9792 0.877709
0.979577 -17.9639 0.878143
 0.98001 -17.9485 0.878576
0.980443 -17.9332 0.878576
0.980877 -17.9179  0.87901
 0.98131 -17.9026 0.879443
0.981744 -17.8873 0.879877
0.982177 -17.8721  0.88031
0.982611 -17.8568 0.880744
0.983044 -17.8416 0.880744
0.983478 -17.8264 0.881177
0.983911 -17.8112 0.881611
0.984345  -17.796 0.882044
0.984778 -17.7809 0.882477
0.985212 -17.7658 0.882911
0.985645 -17.7506 0.882911
0.986079 -17.7355 0.883344
0.986512 -17.7205 0.883778
0.986946 -17.7054 0.884211
0.987379 -17.6903 0.884645
0.987813 -17.6753 0.885078
0.988246 -17.6603 0.885078
 0.98868 -17.6453 0.885512
0.989113 -17.6303 0.885945
0.989547 -17.6154 0.886379
 0.98998 -17.6004 0.886812
0.990413 -17.5855 0.887246
0.990847 -17.5706 0.887679
 0.99128 -17.5557 0.887679
0.991714 -17.5408 0.888113
0.992147  -17.526 0.888546
0.992581 -17.5111  0.88898
0.993014 -17.4963 0.889413
0.993448 -17.4815 0.889847
0.993881 -17.4667 0.889847
0.994315  -17.452  0.89028
0.994748 -17.4372 0.890714
0.995182 -17.4225 0.891147
0.995615 -17.4077 0.891581
0.996049  -17.393 0.892014
0.996482 -17.3784 0.892014
0.996916 -17.3637 0.892447
0.997349  -17.349 0.892881
0.997783 -17.3344 0.893314
0.998216 -17.3198 0.893748
 0.99865 -17.3052 0.894181
0.999083 -17.2906 0.894181
0.999517  -17.276 0.894615
 0.99995 -17.2615 0.895048
 1.00038 -17.2469 0.895482
 1.00082 -17.2324 0.895915
 1.00125 -17.2179 0.896349
 1.00168 -17.2034 0.896782
 1.00212  -17.189 0.896782
 1.00255 -17.1745 0.897216
 1.00298 -17.1601 0.897649
 1.00342 -17.1457 0.898083
 1.00385 -17.1313 0.898516
 1.00428 -17.1169  0.89895
 1.00472 -17.1025  0.89895
 1.00515 -17.0881 0.899383
 1.00559 -17.0738 0.899817
 1.00602 -17.0595  0.90025
 1.00645 -17.0452 0.900684
 1.00689 -17.0309 0.901117
 1.00732 -17.0166 0.901117
 1.00775 -17.0024 0.901551
 1.00819 -16.9881 0.901984
 1.00862 -16.9739 0.902417
 1.00905 -16.9597 0.902851
 1.00949 -16.9455 0.903284
 1.00992 -16.9313 0.903284
 1.01035 -16.9172 0.903718
 1.01079  -16.903 0.904151
 1.01122 -16.8889 0.904585
 1.01165 -16.8748 0.905018
 1.01209 -16.8607 0.905452
 1.01252 -16.8466 0.905885
 1.01295 -16.8326 0.905885
 1.01339 -16.8185 0.906319
 1.01382 -16.8045 0.906752
 1.01425 -16.7905 0.907186
 1.01469 -16.7765 0.907619
 1.01512 -16.7625 0.908053
 1.01556 -16.7485 0.908053
 1.01599 -16.7346 0.908486
 1.01642 -16.7206  0.90892
 1.01686 -16.7067 0.909353
 1.01729 -16.6928 0.909787
 1.01772 -16.6789  0.91022
 1.01816 -16.6651  0.91022
 1.01859 -16.6512 0.910654
 1.01902 -16.6374 0.911087
 1.01946 -16.6235 0.911521
 1.01989 -16.6097 0.911954
 1.02032 -16.5959 0.912387
 1.02076 -16.5822 0.912387
 1.02119 -16.5684 0.912821
 1.02162 -16.5547 0.913254
 1.02206 -16.5409 0.913688
 1.02249 -16.5272 0.914121
 1.02292 -16.5135 0.914555
 1.02336 -16.4998 0.914555
 1.02379 -16.4862 0.914988
 1.02422 -16.4725 0.915422
 1.02466 -16.4589 0.915855
 1.02509 -16.4452 0.916289
 1.02553 -16.4316 0.916722
 1.02596  -16.418 0.917156
 1.02639 -16.4045 0.917156
 1.02683 -16.3909 0.917589
 1.02726 -16.3774 0.918023
 1.02769 -16.3638 0.918456
 1.02813 -16.3503  0.91889
 1.02856 -16.3368 0.919323
 1.02899 -16.3233 0.919323
 1.02943 -16.3098 0.919757
 1.02986 -16.2964  0.92019
 1.03029 -16.2829 0.920624
 1.03073 -16.2695 0.921057
 1.03116 -16.2561  0.92149
 1.03159 -16.2427  0.92149
 1.03203 -16.2293 0.921924
 1.03246  -16.216 0.922357
 1.03289 -16.2026 0.922791
 1.03333 -16.1893 0.923224
 1.03376  -16.176 0.923658
 1.03419 -16.1627 0.923658
 1.03463 -16.1494 0.924091
 1.03506 -16.1361 0.924525
  1.0355 -16.1228 0.924958
 1.03593 -16.1096 0.925392
 1.03636 -16.0964 0.925825
  1.0368 -16.0831 0.925825
 1.03723 -16.0699 0.926259
 1.03766 -16.0567 0.926692
  1.0381 -16.0436 0.927126
 1.03853 -16.0304 0.927559
 1.03896 -16.0173 0.927993
  1.0394 -16.0041 0.928426
 1.03983  -15.991 0.928426
 1.04026 -15.9779  0.92886
  1.0407 -15.9648 0.929293
 1.04113 -15.9518 0.929727
 1.04156 -15.9387  0.93016
   1.042 -15.9257 0.930594
 1.04243 -15.9126 0.930594
 1.04286 -15.8996 0.931027
  1.0433 -15.8866  0.93146
 1.04373 -15.8737 0.931894
 1.04416 -15.8607 0.932327
  1.0446 -15.8477 0.932761
 1.04503 -15.8348 0.932761
 1.04547 -15.8219 0.933194
  1.0459 -15.8089 0.933628
 1.04633 -15.7961 0.934061
 1.04677 -15.7832 0.934495
  1.0472 -15.7703 0.934928
 1.04763 -15.7575 0.935362
 1.04807 -15.7446 0.935362
  1.0485 -15.7318 0.935795
 1.04893  -15.719 0.936229
 1.04937 -15.7062 0.936662
  1.0498 -15.6934 0.937096
 1.05023 -15.6806 0.937529
 1.05067 -15.6679 0.937529
  1.0511 -15.6551 0.937963
 1.05153 -15.6424 0.938396
 1.05197 -15.6297  0.93883
  1.0524  -15.617 0.939263
 1.05283 -15.6043 0.939697
 1.05327 -15.5916 0.939697
  1.0537  -15.579  0.94013
 1.05413 -15.5663 0.940564
 1.05457 -15.5537 0.940997
   1.055 -15.5411  0.94143
 1.05544 -15.5285 0.941864
 1.05587 -15.5159 0.941864
  1.0563 -15.5033 0.942297
 1.05674 -15.4908 0.942731
 1.05717 -15.4782 0.943164
  1.0576 -15.4657 0.943598
 1.05804 -15.4532 0.944031
 1.05847 -15.4407 0.944031
  1.0589 -15.4282 0.944465
 1.05934 -15.4157 0.944898
 1.05977 -15.4032 0.945332
  1.0602 -15.3908 0.945765
 1.06064 -15.3783 0.946199
 1.06107 -15.3659 0.946632
  1.0615 -15.3535 0.946632
 1.06194 -15.3411 0.947066
 1.06237 -15.3287 0.947499
  1.0628 -15.3164 0.947933
 1.06324  -15.304 0.948366
 1.06367 -15.2917   0.9488
  1.0641 -15.2793   0.9488
 1.06454  -15.267 0.949233
 1.06497 -15.2547 0.949667
 1.06541 -15.2424   0.9501
 1.06584 -15.2302 0.950534
 1.06627 -15.2179 0.950967
 1.06671 -15.2056 0.950967
 1.06714 -15.1934   0.9514
 1.06757 -15.1812 0.951834
 1.06801  -15.169 0.952267
 1.06844 -15.1568 0.952701
 1.06887 -15.1446 0.953134
 1.06931 -15.1324 0.953134
 1.06974 -15.1203 0.953568
 1.07017 -15.1081 0.954001
 1.07061  -15.096 0.954435
 1.07104 -15.0839 0.954868
 1.07147 -15.0718 0.955302
 1.07191 -15.0597 0.955302
 1.07234 -15.0476 0.955735
 1.07277 -15.0356 0.956169
 1.07321 -15.0235 0.956602
 1.07364 -15.0115 0.957036
 1.07407 -14.9995 0.957469
 1.07451 -14.9875 0.957469
 1.07494 -14.9755 0.957903
 1.07538 -14.9635 0.958336
 1.07581 -14.9515  0.95877
 1.07624 -14.9395 0.959203
 1.07668 -14.9276 0.959637
 1.07711 -14.9157  0.96007
 1.07754 -14.9038  0.96007
 1.07798 -14.8918 0.960504
 1.07841   -14.88 0.960937
 1.07884 -14.8681  0.96137
 1.07928 -14.8562 0.961804
 1.07971 -14.8444 0.962237
 1.08014 -14.8325 0.962237
 1.08058 -14.8207 0.962671
 1.08101 -14.8089 0.963104
 1.08144 -14.7971 0.963538
 1.08188 -14.7853 0.963971
 1.08231 -14.7735 0.964405
 1.08274 -14.7617 0.964405
 1.08318   -14.75 0.964838
 1.08361 -14.7382 0.965272
 1.08404 -14.7265 0.965705
 1.08448 -14.7148 0.966139
 1.08491 -14.7031 0.966572
 1.08535 -14.6914 0.966572
 1.08578 -14.6797 0.967006
 1.08621 -14.6681 0.967439
 1.08665 -14.6564 0.967873
 1.08708 -14.6448 0.968306
 1.08751 -14.6332  0.96874
 1.08795 -14.6215  0.96874
 1.08838 -14.6099 0.969173
 1.08881 -14.5983 0.969607
 1.08925 -14.5868  0.97004
 1.08968 -14.5752 0.970473
 1.09011 -14.5637 0.970907
 1.09055 -14.5521  0.97134
 1.09098 -14.5406  0.97134
 1.09141 -14.5291 0.971774
 1.09185 -14.5176 0.972207
 1.09228 -14.5061 0.972641
 1.09271 -14.4946 0.973074
 1.09315 -14.4831 0.973508
 1.09358 -14.4717 0.973508
 1.09401 -14.4602 0.973941
 1.09445 -14.4488 0.974375
 1.09488 -14.4374 0.974808
 1.09532  -14.426 0.975242
 1.09575 -14.4146 0.975675
 1.09618 -14.4032 0.975675
 1.09662 -14.3919 0.976109
 1.09705 -14.3805 0.976542
 1.09748 -14.3692 0.976976
 1.09792 -14.3578 0.977409
 1.09835 -14.3465 0.977843
 1.09878 -14.3352 0.977843
 1.09922 -14.3239 0.978276
 1.09965 -14.3126  0.97871
 1.10008 -14.3014 0.979143
 1.10052 -14.2901 0.979577
 1.10095 -14.2789  0.98001
 1.10138 -14.2676  0.98001
 1.10182 -14.2564 0.980443
 1.10225 -14.2452 0.980877
 1.10268  -14.234  0.98131
 1.10312 -14.2228 0.981744
 1.10355 -14.2116 0.982177
 1.10398 -14.2005 0.982611
 1.10442 -14.1893 0.982611
 1.10485 -14.1782 0.983044
 1.10529  -14.167 0.983478
 1.10572 -14.1559 0.983911
 1.10615 -14.1448 0.984345
 1.10659 -14.1337 0.984778
 1.10702 -14.1227 0.984778
 1.10745 -14.1116 0.985212
 1.10789 -14.1005 0.985645
 1.10832 -14.0895 0.986079
 1.10875 -14.0785 0.986512
 1.10919 -14.0674 0.986946
 1.10962 -14.0564 0.986946
 1.11005 -14.0454 0.987379
 1.11049 -14.0344 0.987813
 1.11092 -14.0235 0.988246
 1.11135 -14.0125  0.98868
 1.11179 -14.0016 0.989113
 1.11222 -13.9906 0.989113
 1.11265 -13.9797 0.989547
 1.11309 -13.9688  0.98998
 1.11352 -13.9579 0.990413
 1.11395  -13.947 0.990847
 1.11439 -13.9361  0.99128
 1.11482 -13.9252  0.99128
 1.11526 -13.9143 0.991714
 1.11569 -13.9035 0.992147
 1.11612 -13.8927 0.992581
 1.11656 -13.8818 0.993014
 1.11699  -13.871 0.993448
 1.11742 -13.8602 0.993448
 1.11786 -13.8494 0.993881
 1.11829 -13.8386 0.994315
 1.11872 -13.8279 0.994748
 1.11916 -13.8171 0.995182
 1.11959 -13.8064 0.995615
 1.12002 -13.7957 0.996049
 1.12046 -13.7849 0.996049
 1.12089 -13.7742 0.996482
 1.12132 -13.7635 0.996916
 1.12176 -13.7528 0.997349
 1.12219 -13.7421 0.997783
 1.12262 -13.7315 0.998216
 1.12306 -13.7208 0.998216
 1.12349 -13.7102  0.99865
 1.12392 -13.6995 0.999083
 1.12436 -13.6889 0.999517
 1.12479 -13.6783  0.99995
 1.12523 -13.6677  1.00038
 1.12566 -13.6571  1.00038
 1.12609 -13.6465  1.00082
 1.12653  -13.636  1.00125
 1.12696 -13.6254  1.00168
 1.12739 -13.6149  1.00212
 1.12783 -13.6043  1.00255
 1.12826 -13.5938  1.00255
 1.12869 -13.5833  1.00298
 1.12913 -13.5728  1.00342
 1.12956 -13.5623  1.00385
 1.12999 -13.5518  1.00428
 1.13043 -13.5414  1.00472
 1.13086 -13.5309  1.00472
 1.13129 -13.5205  1.00515
 1.13173   -13.51  1.00559
 1.13216 -13.4996  1.00602
 1.13259 -13.4892  1.00645
 1.13303 -13.4788  1.00689
 1.13346 -13.4684  1.00689
 1.13389  -13.458  1.00732
 1.13433 -13.4477  1.00775
 1.13476 -13.4373  1.00819
  1.1352 -13.4269  1.00862
 1.13563 -13.4166  1.00905
 1.13606 -13.4063  1.00905
  1.1365  -13.396  1.00949
 1.13693 -13.3857  1.00992
 1.13736 -13.3754  1.01035
  1.1378 -13.3651  1.01079
 1.13823 -13.3548  1.01122
 1.13866 -13.3446  1.01165
  1.1391 -13.3343  1.01165
 1.13953 -13.3241  1.01209
 1.13996 -13.3138  1.01252
  1.1404 -13.3036  1.01295
 1.14083 -13.2934  1.01339
 1.14126 -13.2832  1.01382
  1.1417  -13.273  1.01382
 1.14213 -13.2628  1.01425
 1.14256 -13.2527  1.01469
   1.143 -13.2425  1.01512
 1.14343 -13.2324  1.01556
 1.14386 -13.2222  1.01599
  1.1443 -13.2121  1.01599
 1.14473  -13.202  1.01642
 1.14517 -13.1919  1.01686
  1.1456 -13.1818  1.01729
 1.14603 -13.1717  1.01772
 1.14647 -13.1616  1.01816
  1.1469 -13.1516  1.01816
 1.14733 -13.1415  1.01859
 1.14777 -13.1315  1.01902
  1.1482 -13.1214  1.01946
 1.14863 -13.1114  1.01989
 1.14907 -13.1014  1.02032
  1.1495 -13.0914  1.02032
 1.14993 -13.0814  1.02076
 1.15037 -13.0714  1.02119
  1.1508 -13.0615  1.02162
 1.15123 -13.0515  1.02206
 1.15167 -13.0416  1.02249
  1.1521 -13.0316  1.02249
 1.15253 -13.0217  1.02292
 1.15297 -13.0118  1.02336
  1.1534 -13.0019  1.02379
 1.15383  -12.992  1.02422
 1.15427 -12.9821  1.02466
  1.1547 -12.9722  1.02466
 1.15514 -12.9624  1.02509
 1.15557 -12.9525  1.02553
   1.156 -12.9426  1.02596
 1.15644 -12.9328  1.02639
 1.15687  -12.923  1.02683
  1.1573 -12.9132  1.02683
 1.15774 -12.9034  1.02726
 1.15817 -12.8936  1.02769
  1.1586 -12.8838  1.02813
 1.15904  -12.874  1.02856
 1.15947 -12.8642  1.02899
  1.1599 -12.8545  1.02943
 1.16034 -12.8447  1.02943
 1.16077  -12.835  1.02986
  1.1612 -12.8253  1.03029
 1.16164 -12.8155  1.03073
 1.16207 -12.8058  1.03116
  1.1625 -12.7961  1.03159
 1.16294 -12.7865  1.03159
 1.16337 -12.7768  1.03203
  1.1638 -12.7671  1.03246
 1.16424 -12.7575  1.03289
 1.16467 -12.7478  1.03333
 1.16511 -12.7382  1.03376
 1.16554 -12.7285  1.03376
 1.16597 -12.7189  1.03419
 1.16641 -12.7093  1.03463
 1.16684 -12.6997  1.03506
 1.16727 -12.6901   1.0355
 1.16771 -12.6806  1.03593
 1.16814  -12.671  1.03593
 1.16857 -12.6614  1.03636
 1.16901 -12.6519   1.0368
 1.16944 -12.6423  1.03723
 1.16987 -12.6328  1.03766
 1.17031 -12.6233   1.0381
 1.17074 -12.6138   1.0381
 1.17117 -12.6043  1.03853
 1.17161 -12.5948  1.03896
 1.17204 -12.5853   1.0394
 1.17247 -12.5758  1.03983
 1.17291 -12.5664  1.04026
 1.17334 -12.5569  1.04026
 1.17377 -12.5475   1.0407
 1.17421  -12.538  1.04113
 1.17464 -12.5286  1.04156
 1.17508 -12.5192    1.042
 1.17551 -12.5098  1.04243
 1.17594 -12.5004  1.04286
 1.17638  -12.491  1.04286
 1.17681 -12.4816   1.0433
 1.17724 -12.4723  1.04373
 1.17768 -12.4629  1.04416
 1.17811 -12.4536   1.0446
 1.17854 -12.4442  1.04503
 1.17898 -12.4349  1.04503
 1.17941 -12.4256  1.04547
 1.17984 -12.4163   1.0459
 1.18028  -12.407  1.04633
 1.18071 -12.3977  1.04677
 1.18114 -12.3884   1.0472
 1.18158 -12.3791   1.0472
 1.18201 -12.3699  1.04763
 1.18244 -12.3606  1.04807
 1.18288 -12.3514   1.0485
 1.18331 -12.3421  1.04893
 1.18374 -12.3329  1.04937
 1.18418 -12.3237  1.04937
 1.18461 -12.3145   1.0498
 1.18505 -12.3053  1.05023
 1.18548 -12.2961  1.05067
 1.18591 -12.2869   1.0511
 1.18635 -12.2777  1.05153
 1.18678 -12.2686  1.05153
 1.18721 -12.2594  1.05197
 1.18765 -12.2503   1.0524
 1.18808 -12.2411  1.05283
 1.18851  -12.232  1.05327
 1.18895 -12.2229   1.0537
 1.18938 -12.2138   1.0537
 1.18981 -12.2047  1.05413
 1.19025 -12.1956  1.05457
 1.19068 -12.1865    1.055
 1.19111 -12.1775  1.05544
 1.19155 -12.1684  1.05587
 1.19198 -12.1594  1.05587
 1.19241 -12.1503   1.0563
 1.19285 -12.1413  1.05674
 1.19328 -12.1323  1.05717
 1.19371 -12.1232   1.0576
 1.19415 -12.1142  1.05804
 1.19458 -12.1052  1.05804
 1.19502 -12.0963  1.05847
 1.19545 -12.0873   1.0589
 1.19588 -12.0783  1.05934
 1.19632 -12.0693  1.05977
 1.19675 -12.0604   1.0602
 1.19718 -12.0514  1.06064
 1.19762 -12.0425  1.06064
 1.19805 -12.0336  1.06107
 1.19848 -12.0247   1.0615
 1.19892 -12.0158  1.06194
 1.19935 -12.0069  1.06237
 1.19978  -11.998   1.0628
 1.20022 -11.9891   1.0628
 1.20065 -11.9802  1.06324
 1.20108 -11.9714  1.06367
 1.20152 -11.9625   1.0641
 1.20195 -11.9537  1.06454
 1.20238 -11.9448  1.06497
 1.20282  -11.936  1.06497
 1.20325 -11.9272  1.06541
 1.20368 -11.9184  1.06584
 1.20412 -11.9096  1.06627
 1.20455 -11.9008  1.06671
 1.20498  -11.892  1.06714
 1.20542 -11.8832  1.06714
 1.20585 -11.8744  1.06757
 1.20629 -11.8657  1.06801
 1.20672 -11.8569  1.06844
 1.20715 -11.8482  1.06887
 1.20759 -11.8395  1.06931
 1.20802 -11.8307  1.06931
 1.20845  -11.822  1.06974
 1.20889 -11.8133  1.07017
 1.20932 -11.8046  1.07061
 1.20975 -11.7959  1.07104
 1.21019 -11.7873  1.07147
 1.21062 -11.7786  1.07147
 1.21105 -11.7699  1.07191
 1.21149 -11.7613  1.07234
 1.21192 -11.7526  1.07277
 1.21235  -11.744  1.07321
 1.21279 -11.7354  1.07364
 1.21322 -11.7267  1.07364
 1.21365 -11.7181  1.07407
 1.21409 -11.7095  1.07451
 1.21452 -11.7009  1.07494
 1.21495 -11.6923  1.07538
 1.21539 -11.6838  1.07581
 1.21582 -11.6752  1.07624
 1.21626 -11.6666  1.07624
 1.21669 -11.6581  1.07668
 1.21712 -11.6495  1.07711
 1.21756  -11.641  1.07754
 1.21799 -11.6325  1.07798
 1.21842  -11.624  1.07841
 1.21886 -11.6155  1.07841
 1.21929 -11.6069  1.07884
 1.21972 -11.5985  1.07928
 1.22016   -11.59  1.07971
 1.22059 -11.5815  1.08014
 1.22102  -11.573  1.08058
 1.22146 -11.5646  1.08058
 1.22189 -11.5561  1.08101
 1.22232 -11.5477  1.08144
 1.22276 -11.5392  1.08188
 1.22319 -11.5308  1.08231
 1.22362 -11.5224  1.08274
 1.22406  -11.514  1.08274
 1.22449 -11.5056  1.08318
 1.22492 -11.4972  1.08361
 1.22536 -11.4888  1.08404
 1.22579 -11.4804  1.08448
 1.22623 -11.4721  1.08491
 1.22666 -11.4637  1.08491
 1.22709 -11.4553  1.08535
 1.22753  -11.447  1.08578
 1.22796 -11.4387  1.08621
 1.22839 -11.4303  1.08665
 1.22883  -11.422  1.08708
 1.22926 -11.4137  1.08708
 1.22969 -11.4054  1.08751
 1.23013 -11.3971  1.08795
 1.23056 -11.3888  1.08838
 1.23099 -11.3805  1.08881
 1.23143 -11.3723  1.08925
 1.23186  -11.364  1.08925
 1.23229 -11.3558  1.08968
 1.23273 -11.3475  1.09011
 1.23316 -11.3393  1.09055
 1.23359  -11.331  1.09098
 1.23403 -11.3228  1.09141
 1.23446 -11.3146  1.09141
 1.23489 -11.3064  1.09185
 1.23533 -11.2982  1.09228
 1.23576   -11.29  1.09271
  1.2362 -11.2818  1.09315
 1.23663 -11.2736  1.09358
 1.23706 -11.2655  1.09358
  1.2375 -11.2573  1.09401
 1.23793 -11.2492  1.09445
 1.23836  -11.241  1.09488
  1.2388 -11.2329  1.09532
 1.23923 -11.2248  1.09575
 1.23966 -11.2167  1.09618
  1.2401 -11.2085  1.09618
 1.24053 -11.2004  1.09662
 1.24096 -11.1923  1.09705
  1.2414 -11.1842  1.09748
 1.24183 -11.1762  1.09792
 1.24226 -11.1681  1.09835
  1.2427   -11.16  1.09835
 1.24313  -11.152  1.09878
 1.24356 -11.1439  1.09922
   1.244 -11.1359  1.09965
 1.24443 -11.1279  1.10008
 1.24486 -11.1198  1.10052
  1.2453 -11.1118  1.10052
 1.24573 -11.1038  1.10095
 1.24617 -11.0958  1.10138
  1.2466 -11.0878  1.10182
 1.24703 -11.0798  1.10225
 1.24747 -11.0718  1.10268
  1.2479 -11.0639  1.10268
 1.24833 -11.0559  1.10312
 1.24877  -11.048  1.10355
  1.2492   -11.04  1.10398
 1.24963 -11.0321  1.10442
 1.25007 -11.0241  1.10485
  1.2505 -11.0162  1.10485
 1.25093 -11.0083  1.10529
 1.25137 -11.0004  1.10572
  1.2518 -10.9925  1.10615
 1.25223 -10.9846  1.10659
 1.25267 -10.9767  1.10702
  1.2531 -10.9688  1.10702
 1.25353  -10.961  1.10745
 1.25397 -10.9531  1.10789
  1.2544 -10.9452  1.10832
 1.25483 -10.9374  1.10875
 1.25527 -10.9296  1.10919
  1.2557 -10.9217  1.10919
 1.25614 -10.9139  1.10962
 1.25657 -10.9061  1.11005
   1.257 -10.8983  1.11049
 1.25744 -10.8905  1.11092
 1.25787 -10.8827  1.11135
  1.2583 -10.8749  1.11135
 1.25874 -10.8671  1.11179
 1.25917 -10.8593  1.11222
  1.2596 -10.8516  1.11265
 1.26004 -10.8438  1.11309
 1.26047  -10.836  1.11352
  1.2609 -10.8283  1.11352
 1.26134 -10.8206  1.11395
 1.26177 -10.8128  1.11439
  1.2622 -10.8051  1.11482
 1.26264 -10.7974  1.11526
 1.26307 -10.7897  1.11569
  1.2635  -10.782  1.11569
 1.26394 -10.7743  1.11612
 1.26437 -10.7666  1.11656
  1.2648  -10.759  1.11699
 1.26524 -10.7513  1.11742
 1.26567 -10.7436  1.11786
 1.26611  -10.736  1.11829
 1.26654 -10.7283  1.11829
 1.26697 -10.7207  1.11872
 1.26741  -10.713  1.11916
 1.26784 -10.7054  1.11959
 1.26827 -10.6978  1.12002
 1.26871 -10.6902  1.12046
 1.26914 -10.6826  1.12046
 1.26957  -10.675  1.12089
 1.27001 -10.6674  1.12132
 1.27044 -10.6598  1.12176
 1.27087 -10.6522  1.12219
 1.27131 -10.6447  1.12262
 1.27174 -10.6371  1.12262
 1.27217 -10.6296  1.12306
 1.27261  -10.622  1.12349
 1.27304 -10.6145  1.12392
 1.27347  -10.607  1.12436
 1.27391 -10.5994  1.12479
 1.27434 -10.5919  1.12479
 1.27477 -10.5844  1.12523
 1.27521 -10.5769  1.12566
 1.27564 -10.5694  1.12609
 1.27608 -10.5619  1.12653
 1.27651 -10.5544  1.12696
 1.27694  -10.547  1.12696
 1.27738 -10.5395  1.12739
 1.27781  -10.532  1.12783
 1.27824 -10.5246  1.12826
 1.27868 -10.5171  1.12869
 1.27911 -10.5097  1.12913
 1.27954 -10.5023  1.12913
 1.27998 -10.4948  1.12956
 1.28041 -10.4874  1.12999
 1.28084   -10.48  1.13043
 1.28128 -10.4726  1.13086
 1.28171 -10.4652  1.13129
 1.28214 -10.4578  1.13129
 1.28258 -10.4504  1.13173
 1.28301 -10.4431  1.13216
 1.28344 -10.4357  1.13259
 1.28388 -10.4283  1.13303
 1.28431  -10.421  1.13346
 1.28474 -10.4136  1.13389
 1.28518 -10.4063  1.13389
 1.28561  -10.399  1.13433
 1.28605 -10.3916  1.13476
 1.28648 -10.3843   1.1352
 1.28691  -10.377  1.13563
 1.28735 -10.3697  1.13606
 1.28778 -10.3624  1.13606
 1.28821 -10.3551   1.1365
 1.28865 -10.3478  1.13693
 1.28908 -10.3405  1.13736
 1.28951 -10.3333   1.1378
 1.28995  -10.326  1.13823
 1.29038 -10.3188  1.13823
 1.29081 -10.3115  1.13866
 1.29125 -10.3043   1.1391
 1.29168  -10.297  1.13953
 1.29211 -10.2898  1.13996
 1.29255 -10.2826   1.1404
 1.29298 -10.2754   1.1404
 1.29341 -10.2681  1.14083
 1.29385 -10.2609  1.14126
 1.29428 -10.2537   1.1417
 1.29471 -10.2466  1.14213
 1.29515 -10.2394  1.14256
 1.29558 -10.2322  1.14256
 1.29602  -10.225    1.143
 1.29645 -10.2179  1.14343
 1.29688 -10.2107  1.14386
 1.29732 -10.2036   1.1443
 1.29775 -10.1964  1.14473
 1.29818 -10.1893  1.14473
 1.29862 -10.1822  1.14517
 1.29905  -10.175   1.1456
 1.29948 -10.1679  1.14603
 1.29992 -10.1608  1.14647
 1.30035 -10.1537   1.1469
 1.30078 -10.1466   1.1469
 1.30122 -10.1395  1.14733
 1.30165 -10.1324  1.14777
 1.30208 -10.1254   1.1482
 1.30252 -10.1183  1.14863
 1.30295 -10.1112  1.14907
 1.30338 -10.1042  1.14907
 1.30382 -10.0971   1.1495
 1.30425 -10.0901  1.14993
 1.30468  -10.083  1.15037
 1.30512  -10.076   1.1508
 1.30555  -10.069  1.15123
 1.30599  -10.062  1.15123
 1.30642  -10.055  1.15167
 1.30685  -10.048   1.1521
 1.30729  -10.041  1.15253
 1.30772  -10.034  1.15297
 1.30815  -10.027   1.1534
 1.30859   -10.02   1.1534
 1.30902  -10.013  1.15383
 1.30945 -10.0061  1.15427
 1.30989 -9.99913   1.1547
 1.31032 -9.99218  1.15514
 1.31075 -9.98523  1.15557
 1.31119  -9.9783  1.15557
 1.31162 -9.97136    1.156
 1.31205 -9.96444  1.15644
 1.31249 -9.95752  1.15687
 1.31292 -9.95061   1.1573
 1.31335  -9.9437  1.15774
 1.31379  -9.9368  1.15774
 1.31422 -9.92991  1.15817
 1.31465 -9.92302   1.1586
 1.31509 -9.91614  1.15904
 1.31552 -9.90927  1.15947
 1.31596  -9.9024   1.1599
 1.31639 -9.89554   1.1599
 1.31682 -9.88869  1.16034
 1.31726 -9.88184  1.16077
 1.31769 -9.87499   1.1612
 1.31812 -9.86816  1.16164
 1.31856 -9.86133  1.16207
 1.31899 -9.85451   1.1625
 1.31942 -9.84769   1.1625
 1.31986 -9.84088  1.16294
 1.32029 -9.83408  1.16337
 1.32072 -9.82728   1.1638
 1.32116 -9.82049  1.16424
 1.32159 -9.81371  1.16467
 1.32202 -9.80693  1.16467
 1.32246 -9.80015  1.16511
 1.32289 -9.79339  1.16554
 1.32332 -9.78663  1.16597
 1.32376 -9.77987  1.16641
 1.32419 -9.77313  1.16684
 1.32462 -9.76639  1.16684
 1.32506 -9.75965  1.16727
 1.32549 -9.75292  1.16771
 1.32593  -9.7462  1.16814
 1.32636 -9.73948  1.16857
 1.32679 -9.73278  1.16901
 1.32723 -9.72607  1.16901
 1.32766 -9.71937  1.16944
 1.32809 -9.71268  1.16987
 1.32853   -9.706  1.17031
 1.32896 -9.69932  1.17074
 1.32939 -9.69265  1.17117
 1.32983 -9.68598  1.17117
 1.33026 -9.67932  1.17161
 1.33069 -9.67266  1.17204
 1.33113 -9.66601  1.17247
 1.33156 -9.65937  1.17291
 1.33199 -9.65274  1.17334
 1.33243 -9.64611  1.17334
 1.33286 -9.63948  1.17377
 1.33329 -9.63286  1.17421
 1.33373 -9.62625  1.17464
 1.33416 -9.61965  1.17508
 1.33459 -9.61305  1.17551
 1.33503 -9.60646  1.17551
 1.33546 -9.59987  1.17594
  1.3359 -9.59329  1.17638
 1.33633 -9.58671  1.17681
 1.33676 -9.58014  1.17724
  1.3372 -9.57358  1.17768
 1.33763 -9.56702  1.17768
 1.33806 -9.56047  1.17811
  1.3385 -9.55392  1.17854
 1.33893 -9.54738  1.17898
 1.33936 -9.54085  1.17941
  1.3398 -9.53433  1.17984
 1.34023 -9.52781  1.17984
 1.34066 -9.52129  1.18028
  1.3411 -9.51478  1.18071
 1.34153 -9.50828  1.18114
 1.34196 -9.50178  1.18158
  1.3424 -9.49529  1.18201
 1.34283  -9.4888  1.18201
 1.34326 -9.48232  1.18244
  1.3437 -9.47585  1.18288
 1.34413 -9.46938  1.18331
 1.34456 -9.46292  1.18374
   1.345 -9.45647  1.18418
 1.34543 -9.45002  1.18418
 1.34587 -9.44357  1.18461
  1.3463 -9.43713  1.18505
 1.34673  -9.4307  1.18548
 1.34717 -9.42427  1.18591
  1.3476 -9.41785  1.18635
 1.34803 -9.41144  1.18635
 1.34847 -9.40503  1.18678
  1.3489 -9.39863  1.18721
 1.34933 -9.39223  1.18765
 1.34977 -9.38584  1.18808
  1.3502 -9.37945  1.18851
 1.35063 -9.37308  1.18851
 1.35107  -9.3667  1.18895
  1.3515 -9.36033  1.18938
 1.35193 -9.35397  1.18981
 1.35237 -9.34761  1.19025
  1.3528 -9.34126  1.19068
 1.35323 -9.33492  1.19111
 1.35367 -9.32858  1.19111
  1.3541 -9.32224  1.19155
 1.35453 -9.31592  1.19198
 1.35497 -9.30959  1.19241
  1.3554 -9.30328  1.19285
 1.35584 -9.29697  1.19328
 1.35627 -9.29066  1.19328
  1.3567 -9.28436  1.19371
 1.35714 -9.27807  1.19415
 1.35757 -9.27178  1.19458
   1.358  -9.2655  1.19502
 1.35844 -9.25923  1.19545
 1.35887 -9.25296  1.19545
  1.3593 -9.24669  1.19588
 1.35974 -9.24043  1.19632
 1.36017 -9.23418  1.19675
  1.3606 -9.22793  1.19718
 1.36104 -9.22169  1.19762
 1.36147 -9.21545  1.19762
  1.3619 -9.20922  1.19805
 1.36234   -9.203  1.19848
 1.36277 -9.19678  1.19892
  1.3632 -9.19056  1.19935
 1.36364 -9.18436  1.19978
 1.36407 -9.17815  1.19978
  1.3645 -9.17196  1.20022
 1.36494 -9.16576  1.20065
 1.36537 -9.15958  1.20108
 1.36581  -9.1534  1.20152
 1.36624 -9.14723  1.20195
 1.36667 -9.14106  1.20195
 1.36711 -9.13489  1.20238
 1.36754 -9.12873  1.20282
 1.36797 -9.12258  1.20325
 1.36841 -9.11643  1.20368
 1.36884 -9.11029  1.20412
 1.36927 -9.10416  1.20412
 1.36971 -9.09803  1.20455
 1.37014  -9.0919  1.20498
 1.37057 -9.08578  1.20542
 1.37101 -9.07967  1.20585
 1.37144 -9.07356  1.20629
 1.37187 -9.06746  1.20629
 1.37231 -9.06136  1.20672
 1.37274 -9.05527  1.20715
 1.37317 -9.04918  1.20759
 1.37361  -9.0431  1.20802
 1.37404 -9.03703  1.20845
 1.37447 -9.03096  1.20845
 1.37491 -9.02489  1.20889
 1.37534 -9.01883  1.20932
 1.37578 -9.01278  1.20975
 1.37621 -9.00673  1.21019
 1.37664 -9.00069  1.21062
 1.37708 -8.99465  1.21062
 1.37751 -8.98862  1.21105
 1.37794 -8.98259  1.21149
 1.37838 -8.97657  1.21192
 1.37881 -8.97056  1.21235
 1.37924 -8.96455  1.21279
 1.37968 -8.95855  1.21279
 1.38011 -8.95254  1.21322
 1.38054 -8.94655  1.21365
 1.38098 -8.94056  1.21409
 1.38141 -8.93458  1.21452
 1.38184  -8.9286  1.21495
 1.38228 -8.92263  1.21495
 1.38271 -8.91666  1.21539
 1.38314  -8.9107  1.21582
 1.38358 -8.90474  1.21626
 1.38401 -8.89879  1.21669
 1.38444 -8.89285  1.21712
 1.38488 -8.88691  1.21756
 1.38531 -8.88097  1.21756
 1.38575 -8.87504  1.21799
 1.38618 -8.86911  1.21842
 1.38661  -8.8632  1.21886
 1.38705 -8.85728  1.21929
 1.38748 -8.85138  1.21972
 1.38791 -8.84547  1.21972
 1.38835 -8.83957  1.22016
 1.38878 -8.83368  1.22059
 1.38921 -8.82779  1.22102
 1.38965 -8.82191  1.22146
 1.39008 -8.81603  1.22146
 1.39051 -8.81016  1.22189
 1.39095 -8.80429  1.22232
 1.39138 -8.79843  1.22276
 1.39181 -8.79257  1.22319
 1.39225 -8.78672  1.22362
 1.39268 -8.78088  1.22362
 1.39311 -8.77504  1.22406
 1.39355  -8.7692  1.22449
 1.39398 -8.76337  1.22492
 1.39441 -8.75754  1.22536
 1.39485 -8.75173  1.22579
 1.39528 -8.74591  1.22579
 1.39572  -8.7401  1.22623
 1.39615  -8.7343  1.22666
 1.39658  -8.7285  1.22709
 1.39702  -8.7227  1.22753
 1.39745 -8.71691  1.22796
 1.39788 -8.71113  1.22796
 1.39832 -8.70535  1.22839
 1.39875 -8.69958  1.22883
 1.39918 -8.69381  1.22926
 1.39962 -8.68804  1.22969
 1.40005 -8.68229  1.23013
 1.40048 -8.67654  1.23056
 1.40092 -8.67079  1.23056
 1.40135 -8.66504  1.23099
 1.40178  -8.6593  1.23143
 1.40222 -8.65357  1.23186
 1.40265 -8.64784  1.23229
 1.40308 -8.64212  1.23273
 1.40352 -8.63641  1.23273
 1.40395 -8.63069  1.23316
 1.40438 -8.62498  1.23359
 1.40482 -8.61928  1.23403
 1.40525 -8.61358  1.23446
 1.40569 -8.60789  1.23489
 1.40612 -8.60221  1.23489
 1.40655 -8.59652  1.23533
 1.40699 -8.59084  1.23576
 1.40742 -8.58517   1.2362
 1.40785  -8.5795  1.23663
 1.40829 -8.57384  1.23706
 1.40872 -8.56819  1.23706
 1.40915 -8.56253   1.2375
 1.40959 -8.55688  1.23793
 1.41002 -8.55124  1.23836
 1.41045 -8.54561   1.2388
 1.41089 -8.53997  1.23923
 1.41132 -8.53435  1.23923
 1.41175 -8.52872  1.23966
 1.41219 -8.52311   1.2401
 1.41262 -8.51749  1.24053
 1.41305 -8.51189  1.24096
 1.41349 -8.50628   1.2414
 1.41392 -8.50069   1.2414
 1.41435 -8.49509  1.24183
 1.41479  -8.4895  1.24226
 1.41522 -8.48392   1.2427
 1.41566 -8.47834  1.24313
 1.41609 -8.47277  1.24356
 1.41652  -8.4672  1.24356
 1.41696 -8.46164    1.244
 1.41739 -8.45608  1.24443
 1.41782 -8.45052  1.24486
 1.41826 -8.44498   1.2453
 1.41869 -8.43943  1.24573
 1.41912 -8.43389  1.24573
 1.41956 -8.42836  1.24617
 1.41999 -8.42283   1.2466
 1.42042  -8.4173  1.24703
 1.42086 -8.41179  1.24747
 1.42129 -8.40627   1.2479
 1.42172 -8.40076   1.2479
 1.42216 -8.39526  1.24833
 1.42259 -8.38975  1.24877
 1.42302 -8.38426   1.2492
 1.42346 -8.37877  1.24963
 1.42389 -8.37328  1.25007
 1.42432  -8.3678  1.25007
 1.42476 -8.36233   1.2505
 1.42519 -8.35685  1.25093
 1.42563 -8.35139  1.25137
 1.42606 -8.34592   1.2518
 1.42649 -8.34047  1.25223
 1.42693 -8.33502  1.25223
 1.42736 -8.32957  1.25267
 1.42779 -8.32412   1.2531
 1.42823 -8.31868  1.25353
 1.42866 -8.31325  1.25397
 1.42909 -8.30782   1.2544
 1.42953  -8.3024   1.2544
 1.42996 -8.29698  1.25483
 1.43039 -8.29156  1.25527
 1.43083 -8.28615   1.2557
 1.43126 -8.28075  1.25614
 1.43169 -8.27535  1.25657
 1.43213 -8.26996  1.25657
 1.43256 -8.26456    1.257
 1.43299 -8.25918  1.25744
 1.43343 -8.25379  1.25787
 1.43386 -8.24842   1.2583
 1.43429 -8.24305  1.25874
 1.43473 -8.23768  1.25874
 1.43516 -8.23232  1.25917
  1.4356 -8.22696   1.2596
 1.43603  -8.2216  1.26004
 1.43646 -8.21625  1.26047
  1.4369 -8.21091   1.2609
 1.43733 -8.20557   1.2609
 1.43776 -8.20024  1.26134
  1.4382  -8.1949  1.26177
 1.43863 -8.18958   1.2622
 1.43906 -8.18426  1.26264
  1.4395 -8.17894  1.26307
 1.43993 -8.17363  1.26307
 1.44036 -8.16832   1.2635
  1.4408 -8.16302  1.26394
 1.44123 -8.15772  1.26437
 1.44166 -8.15243   1.2648
  1.4421 -8.14714  1.26524
 1.44253 -8.14186  1.26524
 1.44296 -8.13658  1.26567
  1.4434  -8.1313  1.26611
 1.44383 -8.12603  1.26654
 1.44426 -8.12076  1.26697
  1.4447  -8.1155  1.26741
 1.44513 -8.11025  1.26741
 1.44557 -8.10499  1.26784
   1.446 -8.09974  1.26827
 1.44643  -8.0945  1.26871
 1.44687 -8.08926  1.26914
  1.4473 -8.08403  1.26957
 1.44773  -8.0788  1.26957
 1.44817 -8.07357  1.27001
  1.4486 -8.06835  1.27044
 1.44903 -8.06313  1.27087
 1.44947 -8.05792  1.27131
  1.4499 -8.05272  1.27174
 1.45033 -8.04752  1.27217
 1.45077 -8.04232  1.27217
  1.4512 -8.03712  1.27261
 1.45163 -8.03193  1.27304
 1.45207 -8.02675  1.27347
  1.4525 -8.02157  1.27391
 1.45293 -8.01639  1.27434
 1.45337 -8.01122  1.27434
  1.4538 -8.00605  1.27477
 1.45423 -8.00089  1.27521
 1.45467 -7.99573  1.27564
  1.4551 -7.99058  1.27608
 1.45554 -7.98543  1.27651
 1.45597 -7.98028  1.27651
  1.4564 -7.97514  1.27694
 1.45684 -7.97001  1.27738
 1.45727 -7.96488  1.27781
  1.4577 -7.95975  1.27824
 1.45814 -7.95463  1.27868
 1.45857 -7.94951  1.27868
   1.459 -7.94439  1.27911
 1.45944 -7.93928  1.27954
 1.45987 -7.93418  1.27998
  1.4603 -7.92908  1.28041
 1.46074 -7.92398  1.28084
 1.46117 -7.91889  1.28084
  1.4616  -7.9138  1.28128
 1.46204 -7.90872  1.28171
 1.46247 -7.90364  1.28214
  1.4629 -7.89856  1.28258
 1.46334  -7.8935  1.28301
 1.46377 -7.88843  1.28301
  1.4642 -7.88337  1.28344
 1.46464 -7.87831  1.28388
 1.46507 -7.87326  1.28431
 1.46551 -7.86821  1.28474
 1.46594 -7.86317  1.28518
 1.46637 -7.85812  1.28518
 1.46681 -7.85309  1.28561
 1.46724 -7.84806  1.28605
 1.46767 -7.84303  1.28648
 1.46811 -7.83801  1.28691
 1.46854 -7.83299  1.28735
 1.46897 -7.82797  1.28735
 1.46941 -7.82296  1.28778
 1.46984 -7.81796  1.28821
 1.47027 -7.81296  1.28865
 1.47071 -7.80796  1.28908
 1.47114 -7.80297  1.28951
 1.47157 -7.79798  1.28951
 1.47201 -7.79299  1.28995
 1.47244 -7.78801  1.29038
 1.47287 -7.78304  1.29081
 1.47331 -7.77807  1.29125
 1.47374  -7.7731  1.29168
 1.47417 -7.76814  1.29168
 1.47461 -7.76318  1.29211
 1.47504 -7.75822  1.29255
 1.47548 -7.75327  1.29298
 1.47591 -7.74833  1.29341
 1.47634 -7.74338  1.29385
 1.47678 -7.73845  1.29385
 1.47721 -7.73351  1.29428
 1.47764 -7.72858  1.29471
 1.47808 -7.72366  1.29515
 1.47851 -7.71874  1.29558
 1.47894 -7.71382  1.29602
 1.47938 -7.70891  1.29602
 1.47981   -7.704  1.29645
 1.48024 -7.69909  1.29688
 1.48068 -7.69419  1.29732
 1.48111  -7.6893  1.29775
 1.48154 -7.68441  1.29818
 1.48198 -7.67952  1.29818
 1.48241 -7.67463  1.29862
 1.48284 -7.66975  1.29905
 1.48328 -7.66488  1.29948
 1.48371 -7.66001  1.29992
 1.48414 -7.65514  1.30035
 1.48458 -7.65028  1.30035
 1.48501 -7.64542  1.30078
 1.48545 -7.64056  1.30122
 1.48588 -7.63571  1.30165
 1.48631 -7.63087  1.30208
 1.48675 -7.62603  1.30252
 1.48718 -7.62119  1.30252
 1.48761 -7.61635  1.30295
 1.48805 -7.61152  1.30338
 1.48848  -7.6067  1.30382
 1.48891 -7.60187  1.30425
 1.48935 -7.59706  1.30468
 1.48978 -7.59224  1.30468
 1.49021 -7.58743  1.30512
 1.49065 -7.58263  1.30555
 1.49108 -7.57783  1.30599
 1.49151 -7.57303  1.30642
 1.49195 -7.56824  1.30685
 1.49238 -7.56345  1.30685
 1.49281 -7.55866  1.30729
 1.49325 -7.55388  1.30772
 1.49368  -7.5491  1.30815
 1.49411 -7.54433  1.30859
 1.49455 -7.53956  1.30902
 1.49498 -7.53479  1.30902
 1.49542 -7.53003  1.30945
 1.49585 -7.52527  1.30989
 1.49628 -7.52052  1.31032
 1.49672 -7.51577  1.31075
 1.49715 -7.51103  1.31119
 1.49758 -7.50629  1.31119
 1.49802 -7.50155  1.31162
 1.49845 -7.49681  1.31205
 1.49888 -7.49208  1.31249
 1.49932 -7.48736  1.31292
 1.49975 -7.48264  1.31335
 1.50018 -7.47792  1.31335
 1.50062 -7.47321  1.31379
 1.50105  -7.4685  1.31422
 1.50148 -7.46379  1.31465
 1.50192 -7.45909  1.31509
 1.50235 -7.45439  1.31552
 1.50278  -7.4497  1.31552
 1.50322 -7.44501  1.31596
 1.50365 -7.44032  1.31639
 1.50408 -7.43564  1.31682
 1.50452 -7.43096  1.31726
 1.50495 -7.42629  1.31769
 1.50539 -7.42162  1.31769
 1.50582 -7.41695  1.31812
 1.50625 -7.41229  1.31856
 1.50669 -7.40763  1.31899
 1.50712 -7.40298  1.31942
 1.50755 -7.39833  1.31986
 1.50799 -7.39368  1.31986
 1.50842 -7.38904  1.32029
 1.50885  -7.3844  1.32072
 1.50929 -7.37976  1.32116
 1.50972 -7.37513  1.32159
 1.51015 -7.37051  1.32202
 1.51059 -7.36588  1.32202
 1.51102 -7.36126  1.32246
 1.51145 -7.35665  1.32289
 1.51189 -7.35203  1.32332
 1.51232 -7.34743  1.32376
 1.51275 -7.34282  1.32419
 1.51319 -7.33822  1.32419
 1.51362 -7.33363  1.32462
 1.51405 -7.32903  1.32506
 1.51449 -7.32444  1.32549
 1.51492 -7.31986  1.32593
 1.51536 -7.31528  1.32636
 1.51579  -7.3107  1.32636
 1.51622 -7.30613  1.32679
 1.51666 -7.30156  1.32723
 1.51709 -7.29699  1.32766
 1.51752 -7.29243  1.32809
 1.51796 -7.28787  1.32853
 1.51839 -7.28332  1.32853
 1.51882 -7.27877  1.32896
 1.51926 -7.27422  1.32939
 1.51969 -7.26968  1.32983
 1.52012 -7.26514  1.33026
 1.52056  -7.2606  1.33069
 1.52099 -7.25607  1.33113
 1.52142 -7.25154  1.33113
 1.52186 -7.24702  1.33156
 1.52229  -7.2425  1.33199
 1.52272 -7.23798  1.33243
 1.52316 -7.23347  1.33286
 1.52359 -7.22896  1.33329
 1.52402 -7.22445  1.33329
 1.52446 -7.21995  1.33373
 1.52489 -7.21545  1.33416
 1.52533 -7.21096  1.33459
 1.52576 -7.20647  1.33503
 1.52619 -7.20198  1.33546
 1.52663  -7.1975  1.33546
 1.52706 -7.19302   1.3359
 1.52749 -7.18854  1.33633
 1.52793 -7.18407  1.33676
 1.52836  -7.1796   1.3372
 1.52879 -7.17514  1.33763
 1.52923 -7.17068  1.33763
 1.52966 -7.16622  1.33806
 1.53009 -7.16176   1.3385
 1.53053 -7.15731  1.33893
 1.53096 -7.15287  1.33936
 1.53139 -7.14843   1.3398
 1.53183 -7.14399   1.3398
 1.53226 -7.13955  1.34023
 1.53269 -7.13512  1.34066
 1.53313 -7.13069   1.3411
 1.53356 -7.12627  1.34153
 1.53399 -7.12185  1.34196
 1.53443 -7.11743  1.34196
 1.53486 -7.11302   1.3424
  1.5353 -7.10861  1.34283
 1.53573  -7.1042  1.34326
 1.53616  -7.0998   1.3437
  1.5366  -7.0954  1.34413
 1.53703 -7.09101  1.34413
 1.53746 -7.08661  1.34456
  1.5379 -7.08223    1.345
 1.53833 -7.07784  1.34543
 1.53876 -7.07346  1.34587
  1.5392 -7.06909   1.3463
 1.53963 -7.06471   1.3463
 1.54006 -7.06034  1.34673
  1.5405 -7.05597  1.34717
 1.54093 -7.05161   1.3476
 1.54136 -7.04725  1.34803
  1.5418  -7.0429  1.34847
 1.54223 -7.03855  1.34847
 1.54266  -7.0342   1.3489
  1.5431 -7.02985  1.34933
 1.54353 -7.02551  1.34977
 1.54396 -7.02118   1.3502
  1.5444 -7.01684  1.35063
 1.54483 -7.01251  1.35063
 1.54527 -7.00818  1.35107
  1.5457 -7.00386   1.3515
 1.54613 -6.99954  1.35193
 1.54657 -6.99522  1.35237
   1.547 -6.99091   1.3528
 1.54743  -6.9866   1.3528
 1.54787  -6.9823  1.35323
  1.5483 -6.97799  1.35367
 1.54873  -6.9737   1.3541
 1.54917  -6.9694  1.35453
  1.5496 -6.96511  1.35497
 1.55003 -6.96082  1.35497
 1.55047 -6.95654   1.3554
  1.5509 -6.95226  1.35584
 1.55133 -6.94798  1.35627
 1.55177 -6.94371   1.3567
  1.5522 -6.93944  1.35714
 1.55263 -6.93517  1.35714
 1.55307  -6.9309  1.35757
  1.5535 -6.92664    1.358
 1.55393 -6.92239  1.35844
 1.55437 -6.91813  1.35887
  1.5548 -6.91389   1.3593
 1.55524 -6.90964   1.3593
 1.55567  -6.9054  1.35974
  1.5561 -6.90116  1.36017
 1.55654 -6.89692   1.3606
 1.55697 -6.89269  1.36104
  1.5574 -6.88846  1.36147
 1.55784 -6.88424  1.36147
 1.55827 -6.88001   1.3619
  1.5587 -6.87579  1.36234
 1.55914 -6.87158  1.36277
 1.55957 -6.86737   1.3632
    1.56 -6.86316  1.36364
 1.56044 -6.85896  1.36364
 1.56087 -6.85475  1.36407
  1.5613 -6.85056   1.3645
 1.56174 -6.84636  1.36494
 1.56217 -6.84217  1.36537
  1.5626 -6.83798  1.36581
 1.56304  -6.8338  1.36581
 1.56347 -6.82962  1.36624
  1.5639 -6.82544  1.36667
 1.56434 -6.82127  1.36711
 1.56477  -6.8171  1.36754
 1.56521 -6.81293  1.36797
 1.56564 -6.80877  1.36797
 1.56607  -6.8046  1.36841
 1.56651 -6.80045  1.36884
 1.56694 -6.79629  1.36927
 1.56737 -6.79214  1.36971
 1.56781   -6.788  1.37014
 1.56824 -6.78385  1.37014
 1.56867 -6.77971  1.37057
 1.56911 -6.77558  1.37101
 1.56954 -6.77144  1.37144
 1.56997 -6.76731  1.37187
 1.57041 -6.76319  1.37231
 1.57084 -6.75906  1.37231
 1.57127 -6.75494  1.37274
 1.57171 -6.75083  1.37317
 1.57214 -6.74671  1.37361
 1.57257  -6.7426  1.37404
 1.57301  -6.7385  1.37447
 1.57344 -6.73439  1.37447
 1.57387 -6.73029  1.37491
 1.57431  -6.7262  1.37534
 1.57474  -6.7221  1.37578
 1.57518 -6.71801  1.37621
 1.57561 -6.71393  1.37664
 1.57604 -6.70984  1.37664
 1.57648 -6.70576  1.37708
 1.57691 -6.70168  1.37751
 1.57734 -6.69761  1.37794
 1.57778 -6.69354  1.37838
 1.57821 -6.68948  1.37881
 1.57864 -6.68541  1.37881
 1.57908 -6.68135  1.37924
 1.57951 -6.67729  1.37968
 1.57994 -6.67324  1.38011
 1.58038 -6.66919  1.38054
 1.58081 -6.66514  1.38098
 1.58124  -6.6611  1.38098
 1.58168 -6.65706  1.38141
 1.58211 -6.65302  1.38184
 1.58254 -6.64898  1.38228
 1.58298 -6.64495  1.38271
 1.58341 -6.64093  1.38314
 1.58384  -6.6369  1.38314
 1.58428 -6.63288  1.38358
 1.58471 -6.62886  1.38401
 1.58515 -6.62485  1.38444
 1.58558 -6.62083  1.38488
 1.58601 -6.61683  1.38531
 1.58645 -6.61282  1.38531
 1.58688 -6.60882  1.38575
 1.58731 -6.60482  1.38618
 1.58775 -6.60082  1.38661
 1.58818 -6.59683  1.38705
 1.58861 -6.59284  1.38748
 1.58905 -6.58886  1.38748
 1.58948 -6.58487  1.38791
 1.58991 -6.58089  1.38835
 1.59035 -6.57692  1.38878
 1.59078 -6.57295  1.38921
 1.59121 -6.56898  1.38965
 1.59165 -6.56501  1.38965
 1.59208 -6.56104  1.39008
 1.59251 -6.55708  1.39051
 1.59295 -6.55313  1.39095
 1.59338 -6.54917  1.39138
 1.59381 -6.54522  1.39181
 1.59425 -6.54128  1.39181
 1.59468 -6.53733  1.39225
 1.59512 -6.53339  1.39268
 1.59555 -6.52945  1.39311
 1.59598 -6.52552  1.39355
 1.59642 -6.52159  1.39398
 1.59685 -6.51766  1.39398
 1.59728 -6.51373  1.39441
 1.59772 -6.50981  1.39485
 1.59815 -6.50589  1.39528
 1.59858 -6.50197  1.39572
 1.59902 -6.49806  1.39615
 1.59945 -6.49415  1.39615
 1.59988 -6.49024  1.39658
 1.60032 -6.48634  1.39702
 1.60075 -6.48244  1.39745
 1.60118 -6.47854  1.39788
 1.60162 -6.47465  1.39832
 1.60205 -6.47076  1.39832
 1.60248 -6.46687  1.39875
 1.60292 -6.46298  1.39918
 1.60335  -6.4591  1.39962
 1.60378 -6.45522  1.40005
 1.60422 -6.45135  1.40048
 1.60465 -6.44747  1.40048
 1.60509  -6.4436  1.40092
 1.60552 -6.43974  1.40135
 1.60595 -6.43587  1.40178
 1.60639 -6.43201  1.40222
 1.60682 -6.42816  1.40265
 1.60725  -6.4243  1.40265
 1.60769 -6.42045  1.40308
 1.60812  -6.4166  1.40352
 1.60855 -6.41276  1.40395
 1.60899 -6.40892  1.40438
 1.60942 -6.40508  1.40482
 1.60985 -6.40124  1.40482
 1.61029 -6.39741  1.40525
 1.61072 -6.39358  1.40569
 1.61115 -6.38975  1.40612
 1.61159 -6.38593  1.40655
 1.61202 -6.38211  1.40699
 1.61245 -6.37829  1.40699
 1.61289 -6.37448  1.40742
 1.61332 -6.37066  1.40785
 1.61375 -6.36686  1.40829
 1.61419 -6.36305  1.40872
 1.61462 -6.35925  1.40915
 1.61506 -6.35545  1.40915
 1.61549 -6.35165  1.40959
 1.61592 -6.34786  1.41002
 1.61636 -6.34407  1.41045
 1.61679 -6.34028  1.41089
 1.61722  -6.3365  1.41132
 1.61766 -6.33272  1.41132
 1.61809 -6.32894  1.41175
 1.61852 -6.32516  1.41219
 1.61896 -6.32139  1.41262
 1.61939 -6.31762  1.41305
 1.61982 -6.31386  1.41349
 1.62026 -6.31009  1.41349
 1.62069 -6.30633  1.41392
 1.62112 -6.30257  1.41435
 1.62156 -6.29882  1.41479
 1.62199 -6.29507  1.41522
 1.62242 -6.29132  1.41566
 1.62286 -6.28757  1.41566
 1.62329 -6.28383  1.41609
 1.62372 -6.28009  1.41652
 1.62416 -6.27635  1.41696
 1.62459 -6.27262  1.41739
 1.62503 -6.26889  1.41782
 1.62546 -6.26516  1.41782
 1.62589 -6.26144  1.41826
 1.62633 -6.25772  1.41869
 1.62676   -6.254  1.41912
 1.62719 -6.25028  1.41956
 1.62763 -6.24657  1.41999
 1.62806 -6.24286  1.41999
 1.62849 -6.23915  1.42042
 1.62893 -6.23545  1.42086
 1.62936 -6.23174  1.42129
 1.62979 -6.22805  1.42172
 1.63023 -6.22435  1.42216
 1.63066 -6.22066  1.42216
 1.63109 -6.21697  1.42259
 1.63153 -6.21328  1.42302
 1.63196  -6.2096  1.42346
 1.63239 -6.20592  1.42389
 1.63283 -6.20224  1.42432
 1.63326 -6.19856  1.42432
 1.63369 -6.19489  1.42476
 1.63413 -6.19122  1.42519
 1.63456 -6.18755  1.42563
 1.63499 -6.18389  1.42606
 1.63543 -6.18023  1.42649
 1.63586 -6.17657  1.42649
  1.6363 -6.17292  1.42693
 1.63673 -6.16926  1.42736
 1.63716 -6.16561  1.42779
  1.6376 -6.16197  1.42823
 1.63803 -6.15833  1.42866
 1.63846 -6.15468  1.42866
  1.6389 -6.15105  1.42909
 1.63933 -6.14741  1.42953
 1.63976 -6.14378  1.42996
  1.6402 -6.14015  1.43039
 1.64063 -6.13652  1.43083
 1.64106  -6.1329  1.43083
  1.6415 -6.12928  1.43126
 1.64193 -6.12566  1.43169
 1.64236 -6.12204  1.43213
  1.6428 -6.11843  1.43256
 1.64323 -6.11482  1.43299
 1.64366 -6.11122  1.43299
  1.6441 -6.10761  1.43343
 1.64453 -6.10401  1.43386
 1.64496 -6.10041  1.43429
  1.6454 -6.09682  1.43473
 1.64583 -6.09323  1.43516
 1.64627 -6.08964  1.43516
  1.6467 -6.08605   1.4356
 1.64713 -6.08246  1.43603
 1.64757 -6.07888  1.43646
   1.648 -6.07531   1.4369
 1.64843 -6.07173  1.43733
 1.64887 -6.06816  1.43733
  1.6493 -6.06459  1.43776
 1.64973 -6.06102   1.4382
 1.65017 -6.05745  1.43863
  1.6506 -6.05389  1.43906
 1.65103 -6.05033  1.43906
 1.65147 -6.04678   1.4395
  1.6519 -6.04322  1.43993
 1.65233 -6.03967  1.44036
 1.65277 -6.03612   1.4408
  1.6532 -6.03258  1.44123
 1.65363 -6.02904  1.44123
 1.65407  -6.0255  1.44166
  1.6545 -6.02196   1.4421
 1.65493 -6.01843  1.44253
 1.65537 -6.01489  1.44296
  1.6558 -6.01137   1.4434
 1.65624 -6.00784   1.4434
 1.65667 -6.00432  1.44383
  1.6571  -6.0008  1.44426
 1.65754 -5.99728   1.4447
 1.65797 -5.99376  1.44513
  1.6584 -5.99025  1.44557
 1.65884 -5.98674  1.44557
 1.65927 -5.98324    1.446
  1.6597 -5.97973  1.44643
 1.66014 -5.97623  1.44687
 1.66057 -5.97273   1.4473
   1.661 -5.96923  1.44773
 1.66144 -5.96574  1.44773
 1.66187 -5.96225  1.44817
  1.6623 -5.95876   1.4486
 1.66274 -5.95528  1.44903
 1.66317  -5.9518  1.44947
  1.6636 -5.94832   1.4499
 1.66404 -5.94484  1.45033
 1.66447 -5.94137  1.45033
  1.6649 -5.93789  1.45077
 1.66534 -5.93443   1.4512
 1.66577 -5.93096  1.45163
 1.66621  -5.9275  1.45207
 1.66664 -5.92404   1.4525
 1.66707 -5.92058   1.4525
 1.66751 -5.91712  1.45293
 1.66794 -5.91367  1.45337
 1.66837 -5.91022   1.4538
 1.66881 -5.90677  1.45423
 1.66924 -5.90333  1.45467
 1.66967 -5.89988  1.45467
 1.67011 -5.89644   1.4551
 1.67054 -5.89301  1.45554
 1.67097 -5.88957  1.45597
 1.67141 -5.88614   1.4564
 1.67184 -5.88271  1.45684
 1.67227 -5.87929  1.45684
 1.67271 -5.87586  1.45727
 1.67314 -5.87244   1.4577
 1.67357 -5.86902  1.45814
 1.67401 -5.86561  1.45857
 1.67444  -5.8622    1.459
 1.67487 -5.85879    1.459
 1.67531 -5.85538  1.45944
 1.67574 -5.85197  1.45987
 1.67618 -5.84857   1.4603
 1.67661 -5.84517  1.46074
 1.67704 -5.84177  1.46117
 1.67748 -5.83838  1.46117
 1.67791 -5.83499   1.4616
 1.67834  -5.8316  1.46204
 1.67878 -5.82821  1.46247
 1.67921 -5.82483   1.4629
 1.67964 -5.82145  1.46334
 1.68008 -5.81807  1.46334
 1.68051 -5.81469  1.46377
 1.68094 -5.81132   1.4642
 1.68138 -5.80794  1.46464
 1.68181 -5.80458  1.46507
 1.68224 -5.80121  1.46551
 1.68268 -5.79785  1.46551
 1.68311 -5.79449  1.46594
 1.68354 -5.79113  1.46637
 1.68398 -5.78777  1.46681
 1.68441 -5.78442  1.46724
 1.68484 -5.78107  1.46767
 1.68528 -5.77772  1.46767
 1.68571 -5.77438  1.46811
 1.68615 -5.77103  1.46854
 1.68658 -5.76769  1.46897
 1.68701 -5.76436  1.46941
 1.68745 -5.76102  1.46984
 1.68788 -5.75769  1.46984
 1.68831 -5.75436  1.47027
 1.68875 -5.75103  1.47071
 1.68918 -5.74771  1.47114
 1.68961 -5.74438  1.47157
 1.69005 -5.74106  1.47157
 1.69048 -5.73775  1.47201
 1.69091 -5.73443  1.47244
 1.69135 -5.73112  1.47287
 1.69178 -5.72781  1.47331
 1.69221  -5.7245  1.47374
 1.69265  -5.7212  1.47374
 1.69308  -5.7179  1.47417
 1.69351  -5.7146  1.47461
 1.69395  -5.7113  1.47504
 1.69438   -5.708  1.47548
 1.69481 -5.70471  1.47591
 1.69525 -5.70142  1.47591
 1.69568 -5.69814  1.47634
 1.69612 -5.69485  1.47678
 1.69655 -5.69157  1.47721
 1.69698 -5.68829  1.47764
 1.69742 -5.68501  1.47808
 1.69785 -5.68174  1.47808
 1.69828 -5.67847  1.47851
 1.69872  -5.6752  1.47894
 1.69915 -5.67193  1.47938
 1.69958 -5.66867  1.47981
 1.70002 -5.66541  1.48024
 1.70045 -5.66215  1.48024
 1.70088 -5.65889  1.48068
 1.70132 -5.65563  1.48111
 1.70175 -5.65238  1.48154
 1.70218 -5.64913  1.48198
 1.70262 -5.64589  1.48241
 1.70305 -5.64264  1.48241
 1.70348  -5.6394  1.48284
 1.70392 -5.63616  1.48328
 1.70435 -5.63292  1.48371
 1.70478 -5.62969  1.48414
 1.70522 -5.62646  1.48458
 1.70565 -5.62323  1.48458
 1.70609    -5.62  1.48501
 1.70652 -5.61677  1.48545
 1.70695 -5.61355  1.48588
 1.70739 -5.61033  1.48631
 1.70782 -5.60712  1.48675
 1.70825  -5.6039  1.48675
 1.70869 -5.60069  1.48718
 1.70912 -5.59748  1.48761
 1.70955 -5.59427  1.48805
 1.70999 -5.59106  1.48848
 1.71042 -5.58786  1.48891
 1.71085 -5.58466  1.48891
 1.71129 -5.58146  1.48935
 1.71172 -5.57827  1.48978
 1.71215 -5.57507  1.49021
 1.71259 -5.57188  1.49065
 1.71302  -5.5687  1.49108
 1.71345 -5.56551  1.49108
 1.71389 -5.56233  1.49151
 1.71432 -5.55914  1.49195
 1.71475 -5.55597  1.49238
 1.71519 -5.55279  1.49281
 1.71562 -5.54962  1.49325
 1.71606 -5.54645  1.49325
 1.71649 -5.54328  1.49368
 1.71692 -5.54011  1.49411
 1.71736 -5.53694  1.49455
 1.71779 -5.53378  1.49498
 1.71822 -5.53062  1.49542
 1.71866 -5.52747  1.49542
 1.71909 -5.52431  1.49585
 1.71952 -5.52116  1.49628
 1.71996 -5.51801  1.49672
 1.72039 -5.51486  1.49715
 1.72082 -5.51172  1.49758
 1.72126 -5.50858  1.49758
 1.72169 -5.50543  1.49802
 1.72212  -5.5023  1.49845
 1.72256 -5.49916  1.49888
 1.72299 -5.49603  1.49932
 1.72342  -5.4929  1.49975
 1.72386 -5.48977  1.49975
 1.72429 -5.48664  1.50018
 1.72472 -5.48352  1.50062
 1.72516  -5.4804  1.50105
 1.72559 -5.47728  1.50148
 1.72603 -5.47416  1.50192
 1.72646 -5.47105  1.50192
 1.72689 -5.46793  1.50235
 1.72733 -5.46482  1.50278
 1.72776 -5.46172  1.50322
 1.72819 -5.45861  1.50365
 1.72863 -5.45551  1.50408
 1.72906 -5.45241  1.50408
 1.72949 -5.44931  1.50452
 1.72993 -5.44621  1.50495
 1.73036 -5.44312  1.50539
 1.73079 -5.44003  1.50582
 1.73123 -5.43694  1.50625
 1.73166 -5.43386  1.50625
 1.73209 -5.43077  1.50669
 1.73253 -5.42769  1.50712
 1.73296 -5.42461  1.50755
 1.73339 -5.42153  1.50799
 1.73383 -5.41846  1.50842
 1.73426 -5.41539  1.50842
 1.73469 -5.41232  1.50885
 1.73513 -5.40925  1.50929
 1.73556 -5.40618  1.50972
   1.736 -5.40312  1.51015
 1.73643 -5.40006  1.51059
 1.73686   -5.397  1.51059
  1.7373 -5.39394  1.51102
 1.73773 -5.39089  1.51145
 1.73816 -5.38784  1.51189
  1.7386 -5.38479  1.51232
 1.73903 -5.38174  1.51275
 1.73946  -5.3787  1.51275
  1.7399 -5.37565  1.51319
 1.74033 -5.37261  1.51362
 1.74076 -5.36957  1.51405
  1.7412 -5.36654  1.51449
 1.74163  -5.3635  1.51492
 1.74206 -5.36047  1.51492
  1.7425 -5.35744  1.51536
 1.74293 -5.35442  1.51579
 1.74336 -5.35139  1.51622
  1.7438 -5.34837  1.51666
 1.74423 -5.34535  1.51709
 1.74466 -5.34233  1.51709
  1.7451 -5.33932  1.51752
 1.74553  -5.3363  1.51796
 1.74597 -5.33329  1.51839
  1.7464 -5.33028  1.51882
 1.74683 -5.32728  1.51926
 1.74727 -5.32427  1.51926
  1.7477 -5.32127  1.51969
 1.74813 -5.31827  1.52012
 1.74857 -5.31527  1.52056
   1.749 -5.31228  1.52099
 1.74943 -5.30929  1.52142
 1.74987 -5.30629  1.52142
  1.7503 -5.30331  1.52186
 1.75073 -5.30032  1.52229
 1.75117 -5.29733  1.52272
  1.7516 -5.29435  1.52316
 1.75203 -5.29137  1.52359
 1.75247  -5.2884  1.52359
  1.7529 -5.28542  1.52402
 1.75333 -5.28245  1.52446
 1.75377 -5.27948  1.52489
  1.7542 -5.27651  1.52533
 1.75463 -5.27354  1.52576
 1.75507 -5.27058  1.52576
  1.7555 -5.26762  1.52619
 1.75594 -5.26466  1.52663
 1.75637  -5.2617  1.52706
  1.7568 -5.25874  1.52749
 1.75724 -5.25579  1.52793
 1.75767 -5.25284  1.52793
  1.7581 -5.24989  1.52836
 1.75854 -5.24694  1.52879
 1.75897   -5.244  1.52923
  1.7594 -5.24106  1.52966
 1.75984 -5.23812  1.53009
 1.76027 -5.23518  1.53009
  1.7607 -5.23224  1.53053
 1.76114 -5.22931  1.53096
 1.76157 -5.22638  1.53139
   1.762 -5.22345  1.53183
 1.76244 -5.22052  1.53226
 1.76287  -5.2176  1.53226
  1.7633 -5.21467  1.53269
 1.76374 -5.21175  1.53313
 1.76417 -5.20884  1.53356
  1.7646 -5.20592  1.53399
 1.76504 -5.20301  1.53443
 1.76547 -5.20009  1.53443
 1.76591 -5.19718  1.53486
 1.76634 -5.19428   1.5353
 1.76677 -5.19137  1.53573
 1.76721 -5.18847  1.53616
 1.76764 -5.18557   1.5366
 1.76807 -5.18267   1.5366
 1.76851 -5.17977  1.53703
 1.76894 -5.17688  1.53746
 1.76937 -5.17398   1.5379
 1.76981 -5.17109  1.53833
 1.77024 -5.16821  1.53876
 1.77067 -5.16532  1.53876
 1.77111 -5.16243   1.5392
 1.77154 -5.15955  1.53963
 1.77197 -5.15667  1.54006
 1.77241  -5.1538   1.5405
 1.77284 -5.15092  1.54093
 1.77327 -5.14805  1.54093
 1.77371 -5.14518  1.54136
 1.77414 -5.14231   1.5418
 1.77457 -5.13944  1.54223
 1.77501 -5.13658  1.54266
 1.77544 -5.13371   1.5431
 1.77588 -5.13085   1.5431
 1.77631 -5.12799  1.54353
 1.77674 -5.12514  1.54396
 1.77718 -5.12228   1.5444
 1.77761 -5.11943  1.54483
 1.77804 -5.11658  1.54527
 1.77848 -5.11373  1.54527
 1.77891 -5.11089   1.5457
 1.77934 -5.10804  1.54613
 1.77978  -5.1052  1.54657
 1.78021 -5.10236    1.547
 1.78064 -5.09952  1.54743
 1.78108 -5.09669  1.54743
 1.78151 -5.09385  1.54787
 1.78194 -5.09102   1.5483
 1.78238 -5.08819  1.54873
 1.78281 -5.08537  1.54917
 1.78324 -5.08254  1.54917
 1.78368 -5.07972   1.5496
 1.78411  -5.0769  1.55003
 1.78454 -5.07408  1.55047
 1.78498 -5.07126   1.5509
 1.78541 -5.06845  1.55133
 1.78585 -5.06564  1.55133
 1.78628 -5.06282  1.55177
 1.78671 -5.06002   1.5522
 1.78715 -5.05721  1.55263
 1.78758  -5.0544  1.55307
 1.78801  -5.0516   1.5535
 1.78845  -5.0488   1.5535
 1.78888   -5.046  1.55393
 1.78931 -5.04321  1.55437
 1.78975 -5.04041   1.5548
 1.79018 -5.03762  1.55524
 1.79061 -5.03483  1.55567
 1.79105 -5.03204  1.55567
 1.79148 -5.02926   1.5561
 1.79191 -5.02647  1.55654
 1.79235 -5.02369  1.55697
 1.79278 -5.02091   1.5574
 1.79321 -5.01813  1.55784
 1.79365 -5.01536  1.55784
 1.79408 -5.01258  1.55827
 1.79451 -5.00981   1.5587
 1.79495 -5.00704  1.55914
 1.79538 -5.00428  1.55957
 1.79582 -5.00151     1.56
 1.79625 -4.99875     1.56
 1.79668 -4.99598  1.56044
 1.79712 -4.99322  1.56087
 1.79755 -4.99047   1.5613
 1.79798 -4.98771  1.56174
 1.79842 -4.98496  1.56217
 1.79885 -4.98221  1.56217
 1.79928 -4.97946   1.5626
 1.79972 -4.97671  1.56304
 1.80015 -4.97396  1.56347
 1.80058 -4.97122   1.5639
 1.80102 -4.96848  1.56434
 1.80145 -4.96574  1.56434
 1.80188   -4.963  1.56477
 1.80232 -4.96027  1.56521
 1.80275 -4.95753  1.56564
 1.80318  -4.9548  1.56607
 1.80362 -4.95207  1.56651
 1.80405 -4.94935  1.56651
 1.80448 -4.94662  1.56694
 1.80492 -4.94389  1.56737
 1.80535 -4.94117  1.56781
 1.80579 -4.93845  1.56824
 1.80622 -4.93574  1.56867
 1.80665 -4.93302  1.56867
 1.80709 -4.93031  1.56911
 1.80752 -4.92759  1.56954
 1.80795 -4.92488  1.56997
 1.80839 -4.92218  1.57041
 1.80882 -4.91947  1.57084
 1.80925 -4.91677  1.57084
 1.80969 -4.91407  1.57127
 1.81012 -4.91137  1.57171
 1.81055 -4.90867  1.57214
 1.81099 -4.90597  1.57257
 1.81142 -4.90328  1.57301
 1.81185 -4.90059  1.57301
 1.81229  -4.8979  1.57344
 1.81272 -4.89521  1.57387
 1.81315 -4.89252  1.57431
 1.81359 -4.88984  1.57474
 1.81402 -4.88716  1.57518
 1.81445 -4.88447  1.57518
 1.81489  -4.8818  1.57561
 1.81532 -4.87912  1.57604
 1.81576 -4.87644  1.57648
 1.81619 -4.87377  1.57691
 1.81662  -4.8711  1.57734
 1.81706 -4.86843  1.57734
 1.81749 -4.86577  1.57778
 1.81792  -4.8631  1.57821
 1.81836 -4.86044  1.57864
 1.81879 -4.85778  1.57908
 1.81922 -4.85512  1.57951
 1.81966 -4.85246  1.57951
 1.82009 -4.84981  1.57994
 1.82052 -4.84715  1.58038
 1.82096  -4.8445  1.58081
 1.82139 -4.84185  1.58124
 1.82182  -4.8392  1.58168
 1.82226 -4.83656  1.58168
 1.82269 -4.83391  1.58211
 1.82312 -4.83127  1.58254
 1.82356 -4.82863  1.58298
 1.82399 -4.82599  1.58341
 1.82442 -4.82336  1.58384
 1.82486 -4.82072  1.58384
 1.82529 -4.81809  1.58428
 1.82573 -4.81546  1.58471
 1.82616 -4.81283  1.58515
 1.82659 -4.81021  1.58558
 1.82703 -4.80758  1.58601
 1.82746 -4.80496  1.58601
 1.82789 -4.80234  1.58645
 1.82833 -4.79972  1.58688
 1.82876  -4.7971  1.58731
 1.82919 -4.79449  1.58775
 1.82963 -4.79187  1.58818
 1.83006 -4.78926  1.58818
 1.83049 -4.78665  1.58861
 1.83093 -4.78404  1.58905
 1.83136 -4.78144  1.58948
 1.83179 -4.77883  1.58991
 1.83223 -4.77623  1.59035
 1.83266 -4.77363  1.59035
 1.83309 -4.77103  1.59078
 1.83353 -4.76844  1.59121
 1.83396 -4.76584  1.59165
 1.83439 -4.76325  1.59208
 1.83483 -4.76066  1.59251
 1.83526 -4.75807  1.59251
  1.8357 -4.75548  1.59295
 1.83613  -4.7529  1.59338
 1.83656 -4.75031  1.59381
   1.837 -4.74773  1.59425
 1.83743 -4.74515  1.59468
 1.83786 -4.74257  1.59468
  1.8383    -4.74  1.59512
 1.83873 -4.73742  1.59555
 1.83916 -4.73485  1.59598
  1.8396 -4.73228  1.59642
 1.84003 -4.72971  1.59642
 1.84046 -4.72714  1.59685
  1.8409 -4.72458  1.59728
 1.84133 -4.72202  1.59772
 1.84176 -4.71945  1.59815
  1.8422 -4.71689  1.59858
 1.84263 -4.71434  1.59858
 1.84306 -4.71178  1.59902
  1.8435 -4.70923  1.59945
 1.84393 -4.70667  1.59988
 1.84436 -4.70412  1.60032
  1.8448 -4.70158  1.60075
 1.84523 -4.69903  1.60075
 1.84567 -4.69648  1.60118
  1.8461 -4.69394  1.60162
 1.84653  -4.6914  1.60205
 1.84697 -4.68886  1.60248
  1.8474 -4.68632  1.60292
 1.84783 -4.68379  1.60292
 1.84827 -4.68125  1.60335
  1.8487 -4.67872  1.60378
 1.84913 -4.67619  1.60422
 1.84957 -4.67366  1.60465
    1.85 -4.67114  1.60509