 kgrid  ValNew  Policy 
     0.55  -26.5643      0.55
 0.550433  -26.4613      0.55
 0.550867  -26.3591      0.55
   0.5513  -26.2576      0.55
 0.551734  -26.1568      0.55
 0.552167  -26.0568      0.55
 0.552601  -25.9575      0.55
 0.553034   -25.859      0.55
 0.553468  -25.7611      0.55
 0.553901   -25.664      0.55
 0.554335  -25.5675      0.55
 0.554768  -25.4718      0.55
 0.555202  -25.3767      0.55
 0.555635  -25.2824      0.55
 0.556069  -25.1887      0.55
 0.556502  -25.0957      0.55
 0.556936  -25.0033      0.55
 0.557369  -24.9116      0.55
 0.557803  -24.8206      0.55
 0.558236  -24.7302      0.55
  0.55867  -24.6405      0.55
 0.559103  -24.5514      0.55
 0.559537  -24.4629      0.55
  0.55997   -24.375      0.55
 0.560403  -24.2878      0.55
 0.560837  -24.2012      0.55
  0.56127  -24.1152      0.55
 0.561704  -24.0298      0.55
 0.562137  -23.9451      0.55
 0.562571  -23.8609      0.55
 0.563004  -23.7773      0.55
 0.563438  -23.6943      0.55
 0.563871  -23.6118      0.55
 0.564305    -23.53      0.55
 0.564738  -23.4487      0.55
 0.565172   -23.368      0.55
 0.565605  -23.2878      0.55
 0.566039  -23.2082      0.55
 0.566472  -23.1292      0.55
 0.566906  -23.0507      0.55
 0.567339  -22.9727      0.55
 0.567773  -22.8953      0.55
 0.568206  -22.8184      0.55
  0.56864   -22.742      0.55
 0.569073  -22.6662      0.55
 0.569507  -22.5909      0.55
  0.56994  -22.5161      0.55
 0.570373  -22.4418      0.55
 0.570807  -22.3681      0.55
  0.57124  -22.2948      0.55
 0.571674   -22.222      0.55
 0.572107  -22.1498      0.55
 0.572541   -22.078      0.55
 0.572974  -22.0067      0.55
 0.573408  -21.9359      0.55
 0.573841  -21.8655      0.55
 0.574275  -21.7957      0.55
 0.574708  -21.7263      0.55
 0.575142  -21.6574      0.55
 0.575575  -21.5889      0.55
 0.576009  -21.5209      0.55
 0.576442  -21.4534      0.55
 0.576876  -21.3863      0.55
 0.577309  -21.3197      0.55
 0.577743  -21.2535      0.55
 0.578176  -21.1878      0.55
  0.57861  -21.1224      0.55
 0.579043  -21.0576      0.55
 0.579476  -20.9931      0.55
  0.57991  -20.9291      0.55
 0.580343  -20.8655      0.55
 0.580777  -20.8024      0.55
  0.58121  -20.7396      0.55
 0.581644  -20.6773      0.55
 0.582077  -20.6154      0.55
 0.582511  -20.5538      0.55
 0.582944  -20.4927      0.55
 0.583378   -20.432      0.55
 0.583811  -20.3717      0.55
 0.584245  -20.3118      0.55
 0.584678  -20.2523      0.55
 0.585112  -20.1931      0.55
 0.585545  -20.1344      0.55
 0.585979   -20.076      0.55
 0.586412   -20.018      0.55
 0.586846  -19.9604      0.55
 0.587279  -19.9032      0.55
 0.587713  -19.8463      0.55
 0.588146  -19.7898      0.55
  0.58858  -19.7337      0.55
 0.589013  -19.6779      0.55
 0.589446  -19.6225      0.55
  0.58988  -19.5674      0.55
 0.590313  -19.5127      0.55
 0.590747  -19.4584      0.55
  0.59118  -19.4044      0.55
 0.591614  -19.3507      0.55
 0.592047  -19.2974      0.55
 0.592481  -19.2444      0.55
 0.592914  -19.1915  0.550433
 0.593348   -19.139  0.550433
 0.593781  -19.0864  0.550867
 0.594215  -19.0342  0.550867
 0.594648  -18.9821    0.5513
 0.595082  -18.9302  0.551734
 0.595515  -18.8784  0.551734
 0.595949  -18.8269  0.552167
 0.596382  -18.7755  0.552167
 0.596816  -18.7244  0.552601
 0.597249  -18.6734  0.552601
 0.597683  -18.6226  0.553034
 0.598116  -18.5719  0.553034
  0.59855  -18.5214  0.553468
 0.598983  -18.4711  0.553468
 0.599416   -18.421  0.553901
  0.59985  -18.3711  0.553901
 0.600283  -18.3213  0.554335
 0.600717  -18.2717  0.554335
  0.60115  -18.2223  0.554768
 0.601584  -18.1731  0.554768
 0.602017   -18.124  0.555202
 0.602451  -18.0751  0.555202
 0.602884  -18.0263  0.555635
 0.603318  -17.9778  0.555635
 0.603751  -17.9293  0.556069
 0.604185  -17.8811  0.556069
 0.604618   -17.833  0.556502
 0.605052  -17.7852  0.556502
 0.605485  -17.7374  0.556936
 0.605919  -17.6899  0.556936
 0.606352  -17.6424  0.557369
 0.606786  -17.5952  0.557803
 0.607219  -17.5481  0.557803
 0.607653  -17.5012  0.558236
 0.608086  -17.4544  0.558236
  0.60852  -17.4079   0.55867
 0.608953  -17.3614   0.55867
 0.609386  -17.3152  0.559103
  0.60982   -17.269  0.559103
 0.610253  -17.2231  0.559537
 0.610687  -17.1773  0.559537
  0.61112  -17.1316   0.55997
 0.611554  -17.0861   0.55997
 0.611987  -17.0408  0.560403
 0.612421  -16.9956  0.560403
 0.612854  -16.9506  0.560837
 0.613288  -16.9057  0.560837
 0.613721   -16.861   0.56127
 0.614155  -16.8164   0.56127
 0.614588   -16.772  0.561704
 0.615022  -16.7278  0.561704
 0.615455  -16.6836  0.562137
 0.615889  -16.6397  0.562137
 0.616322  -16.5958  0.562571
 0.616756  -16.5522  0.562571
 0.617189  -16.5087  0.563004
 0.617623  -16.4653  0.563004
 0.618056  -16.4221  0.563438
 0.618489   -16.379  0.563438
 0.618923   -16.336  0.563871
 0.619356  -16.2933  0.564305
  0.61979  -16.2506  0.564305
 0.620223  -16.2081  0.564738
 0.620657  -16.1657  0.564738
  0.62109  -16.1236  0.565172
 0.621524  -16.0814  0.565172
 0.621957  -16.0395  0.565605
 0.622391  -15.9977  0.565605
 0.622824  -15.9561  0.566039
 0.623258  -15.9146  0.566039
 0.623691  -15.8732  0.566472
 0.624125  -15.8319  0.566472
 0.624558  -15.7908  0.566906
 0.624992  -15.7499  0.566906
 0.625425  -15.7091  0.567339
 0.625859  -15.6684  0.567339
 0.626292  -15.6278  0.567773
 0.626726  -15.5874  0.567773
 0.627159  -15.5471  0.568206
 0.627593   -15.507  0.568206
 0.628026  -15.4669   0.56864
 0.628459  -15.4271   0.56864
 0.628893  -15.3873  0.569073
 0.629326  -15.3477  0.569073
  0.62976  -15.3082  0.569507
 0.630193  -15.2689  0.569507
 0.630627  -15.2296   0.56994
  0.63106  -15.1905   0.56994
 0.631494  -15.1515  0.570373
 0.631927  -15.1127  0.570807
 0.632361   -15.074  0.570807
 0.632794  -15.0354   0.57124
 0.633228  -14.9969   0.57124
 0.633661  -14.9586  0.571674
 0.634095  -14.9204  0.571674
 0.634528  -14.8823  0.572107
 0.634962  -14.8443  0.572107
 0.635395  -14.8065  0.572541
 0.635829  -14.7688  0.572541
 0.636262  -14.7312  0.572974
 0.636696  -14.6938  0.572974
 0.637129  -14.6564  0.573408
 0.637563  -14.6192  0.573408
 0.637996  -14.5821  0.573841
 0.638429  -14.5451  0.573841
 0.638863  -14.5083  0.574275
 0.639296  -14.4715  0.574275
  0.63973  -14.4349  0.574708
 0.640163  -14.3984  0.574708
 0.640597   -14.362  0.575142
  0.64103  -14.3258  0.575142
 0.641464  -14.2896  0.575575
 0.641897  -14.2536  0.575575
 0.642331  -14.2177  0.576009
 0.642764  -14.1819  0.576009
 0.643198  -14.1462  0.576442
 0.643631  -14.1107  0.576442
 0.644065  -14.0752  0.576876
 0.644498  -14.0399  0.577309
 0.644932  -14.0047  0.577309
 0.645365  -13.9696  0.577743
 0.645799  -13.9346  0.577743
 0.646232  -13.8997  0.578176
 0.646666  -13.8649  0.578176
 0.647099  -13.8303   0.57861
 0.647533  -13.7958   0.57861
 0.647966  -13.7613  0.579043
 0.648399   -13.727  0.579043
 0.648833  -13.6928  0.579476
 0.649266  -13.6587  0.579476
   0.6497  -13.6247   0.57991
 0.650133  -13.5908   0.57991
 0.650567   -13.557  0.580343
    0.651  -13.5234  0.580343
 0.651434  -13.4898  0.580777
 0.651867  -13.4564  0.580777
 0.652301   -13.423   0.58121
 0.652734  -13.3898   0.58121
 0.653168  -13.3566  0.581644
 0.653601  -13.3236  0.581644
 0.654035  -13.2907  0.582077
 0.654468  -13.2579  0.582077
 0.654902  -13.2251  0.582511
 0.655335  -13.1925  0.582511
 0.655769    -13.16  0.582944
 0.656202  -13.1276  0.582944
 0.656636  -13.0953  0.583378
 0.657069  -13.0631  0.583378
 0.657503   -13.031  0.583811
 0.657936   -12.999  0.584245
 0.658369  -12.9671  0.584245
 0.658803  -12.9353  0.584678
 0.659236  -12.9036  0.584678
  0.65967   -12.872  0.585112
 0.660103  -12.8405  0.585112
 0.660537  -12.8091  0.585545
  0.66097  -12.7778  0.585545
 0.661404  -12.7466  0.585979
 0.661837  -12.7155  0.585979
 0.662271  -12.6845  0.586412
 0.662704  -12.6536  0.586412
 0.663138  -12.6228  0.586846
 0.663571  -12.5921  0.586846
 0.664005  -12.5615  0.587279
 0.664438  -12.5309  0.587279
 0.664872  -12.5005  0.587713
 0.665305  -12.4702  0.587713
 0.665739  -12.4399  0.588146
 0.666172  -12.4098  0.588146
 0.666606  -12.3797   0.58858
 0.667039  -12.3498   0.58858
 0.667472  -12.3199  0.589013
 0.667906  -12.2901  0.589013
 0.668339  -12.2604  0.589446
 0.668773  -12.2309  0.589446
 0.669206  -12.2014   0.58988
  0.66964   -12.172   0.58988
 0.670073  -12.1426  0.590313
 0.670507  -12.1134  0.590313
  0.67094  -12.0843  0.590747
 0.671374  -12.0553  0.590747
 0.671807  -12.0263   0.59118
 0.672241  -11.9975  0.591614
 0.672674  -11.9687  0.591614
 0.673108    -11.94  0.592047
 0.673541  -11.9114  0.592047
 0.673975  -11.8829  0.592481
 0.674408  -11.8544  0.592481
 0.674842  -11.8261  0.592914
 0.675275  -11.7979  0.592914
 0.675709  -11.7697  0.593348
 0.676142  -11.7416  0.593348
 0.676576  -11.7136  0.593781
 0.677009  -11.6857  0.593781
 0.677442  -11.6579  0.594215
 0.677876  -11.6302  0.594215
 0.678309  -11.6025  0.594648
 0.678743   -11.575  0.594648
 0.679176  -11.5475  0.595082
  0.67961  -11.5201  0.595082
 0.680043  -11.4928  0.595515
 0.680477  -11.4656  0.595515
  0.68091  -11.4384  0.595949
 0.681344  -11.4113  0.595949
 0.681777  -11.3844  0.596382
 0.682211  -11.3575  0.596382
 0.682644  -11.3306  0.596816
 0.683078  -11.3039  0.596816
 0.683511  -11.2772  0.597249
 0.683945  -11.2507  0.597249
 0.684378  -11.2242  0.597683
 0.684812  -11.1978  0.597683
 0.685245  -11.1714  0.598116
 0.685679  -11.1452  0.598116
 0.686112   -11.119   0.59855
 0.686546  -11.0929  0.598983
 0.686979  -11.0669  0.598983
 0.687412   -11.041  0.599416
 0.687846  -11.0151  0.599416
 0.688279  -10.9893   0.59985
 0.688713  -10.9636   0.59985
 0.689146   -10.938  0.600283
  0.68958  -10.9124  0.600283
 0.690013  -10.8869  0.600717
 0.690447  -10.8615  0.600717
  0.69088  -10.8362   0.60115
 0.691314   -10.811   0.60115
 0.691747  -10.7858  0.601584
 0.692181  -10.7607  0.601584
 0.692614  -10.7357  0.602017
 0.693048  -10.7107  0.602017
 0.693481  -10.6858  0.602451
 0.693915  -10.6611  0.602451
 0.694348  -10.6363  0.602884
 0.694782  -10.6117  0.602884
 0.695215  -10.5871  0.603318
 0.695649  -10.5626  0.603318
 0.696082  -10.5382  0.603751
 0.696516  -10.5138  0.603751
 0.696949  -10.4895  0.604185
 0.697382  -10.4653  0.604185
 0.697816  -10.4411  0.604618
 0.698249  -10.4171  0.604618
 0.698683  -10.3931  0.605052
 0.699116  -10.3692  0.605052
  0.69955  -10.3453  0.605485
 0.699983  -10.3215  0.605485
 0.700417  -10.2978  0.605919
  0.70085  -10.2742  0.606352
 0.701284  -10.2506  0.606352
 0.701717  -10.2271  0.606786
 0.702151  -10.2036  0.606786
 0.702584  -10.1803  0.607219
 0.703018  -10.1569  0.607219
 0.703451  -10.1337  0.607653
 0.703885  -10.1105  0.607653
 0.704318  -10.0874  0.608086
 0.704752  -10.0644  0.608086
 0.705185  -10.0415   0.60852
 0.705619  -10.0185   0.60852
 0.706052  -9.99573  0.608953
 0.706485  -9.97296  0.608953
 0.706919  -9.95027  0.609386
 0.707352  -9.92764  0.609386
 0.707786  -9.90508   0.60982
 0.708219  -9.88258   0.60982
 0.708653  -9.86015  0.610253
 0.709086  -9.83778  0.610253
  0.70952  -9.81548  0.610687
 0.709953  -9.79325  0.610687
 0.710387  -9.77107   0.61112
  0.71082  -9.74897   0.61112
 0.711254  -9.72692  0.611554
 0.711687  -9.70495  0.611554
 0.712121  -9.68303  0.611987
 0.712554  -9.66119  0.611987
 0.712988  -9.63939  0.612421
 0.713421  -9.61768  0.612421
 0.713855    -9.596  0.612854
 0.714288  -9.57442  0.612854
 0.714722  -9.55286  0.613288
 0.715155  -9.53141  0.613288
 0.715589  -9.50997  0.613721
 0.716022  -9.48864  0.613721
 0.716455  -9.46733  0.614155
 0.716889  -9.44612  0.614588
 0.717322  -9.42494  0.614588
 0.717756  -9.40385  0.615022
 0.718189  -9.38278  0.615022
 0.718623  -9.36181  0.615455
 0.719056  -9.34087  0.615455
  0.71949  -9.32002  0.615889
 0.719923   -9.2992  0.615889
 0.720357  -9.27847  0.616322
  0.72079  -9.25777  0.616322
 0.721224  -9.23715  0.616756
 0.721657  -9.21658  0.616756
 0.722091  -9.19607  0.617189
 0.722524  -9.17562  0.617189
 0.722958  -9.15523  0.617623
 0.723391  -9.13489  0.617623
 0.723825  -9.11461  0.618056
 0.724258   -9.0944  0.618056
 0.724692  -9.07423  0.618489
 0.725125  -9.05413  0.618489
 0.725559  -9.03408  0.618923
 0.725992   -9.0141  0.618923
 0.726425  -8.99416  0.619356
 0.726859  -8.97429  0.619356
 0.727292  -8.95446   0.61979
 0.727726  -8.93471   0.61979
 0.728159  -8.91499  0.620223
 0.728593  -8.89535  0.620223
 0.729026  -8.87574  0.620657
  0.72946  -8.85621  0.620657
 0.729893  -8.83671   0.62109
 0.730327   -8.8173   0.62109
  0.73076   -8.7979  0.621524
 0.731194   -8.7786  0.621524
 0.731627  -8.75931  0.621957
 0.732061  -8.74012  0.622391
 0.732494  -8.72094  0.622391
 0.732928  -8.70185  0.622824
 0.733361  -8.68279  0.622824
 0.733795   -8.6638  0.623258
 0.734228  -8.64484  0.623258
 0.734662  -8.62597  0.623691
 0.735095  -8.60711  0.623691
 0.735529  -8.58834  0.624125
 0.735962   -8.5696  0.624125
 0.736395  -8.55092  0.624558
 0.736829  -8.53229  0.624558
 0.737262  -8.51372  0.624992
 0.737696  -8.49519  0.624992
 0.738129  -8.47672  0.625425
 0.738563  -8.45829  0.625425
 0.738996  -8.43993  0.625859
  0.73943  -8.42161  0.625859
 0.739863  -8.40334  0.626292
 0.740297  -8.38512  0.626292
  0.74073  -8.36695  0.626726
 0.741164  -8.34884  0.626726
 0.741597  -8.33077  0.627159
 0.742031  -8.31276  0.627159
 0.742464  -8.29479  0.627593
 0.742898  -8.27688  0.627593
 0.743331  -8.25901  0.628026
 0.743765   -8.2412  0.628026
 0.744198  -8.22342  0.628459
 0.744632  -8.20572  0.628459
 0.745065  -8.18804  0.628893
 0.745498  -8.17043  0.628893
 0.745932  -8.15285  0.629326
 0.746365  -8.13534  0.629326
 0.746799  -8.11785   0.62976
 0.747232  -8.10044   0.62976
 0.747666  -8.08304  0.630193
 0.748099  -8.06573  0.630193
 0.748533  -8.04843  0.630627
 0.748966  -8.03121   0.63106
   0.7494    -8.014   0.63106
 0.749833  -7.99688  0.631494
 0.750267  -7.97977  0.631494
   0.7507  -7.96273  0.631927
 0.751134  -7.94572  0.631927
 0.751567  -7.92878  0.632361
 0.752001  -7.91186  0.632361
 0.752434  -7.89501  0.632794
 0.752868  -7.87818  0.632794
 0.753301  -7.86142  0.633228
 0.753735  -7.84469  0.633228
 0.754168  -7.82802  0.633661
 0.754602  -7.81138  0.633661
 0.755035   -7.7948  0.634095
 0.755468  -7.77825  0.634095
 0.755902  -7.76175  0.634528
 0.756335   -7.7453  0.634528
 0.756769  -7.72889  0.634962
 0.757202  -7.71253  0.634962
 0.757636  -7.69621  0.635395
 0.758069  -7.67994  0.635395
 0.758503  -7.66371  0.635829
 0.758936  -7.64753  0.635829
  0.75937  -7.63138  0.636262
 0.759803  -7.61529  0.636262
 0.760237  -7.59922  0.636696
  0.76067  -7.58322  0.636696
 0.761104  -7.56724  0.637129
 0.761537  -7.55133  0.637129
 0.761971  -7.53543  0.637563
 0.762404  -7.51961  0.637563
 0.762838   -7.5038  0.637996
 0.763271  -7.48806  0.637996
 0.763705  -7.47233  0.638429
 0.764138  -7.45668  0.638429
 0.764572  -7.44103  0.638863
 0.765005  -7.42547  0.638863
 0.765438  -7.40991  0.639296
 0.765872  -7.39442   0.63973
 0.766305  -7.37894   0.63973
 0.766739  -7.36354  0.640163
 0.767172  -7.34815  0.640163
 0.767606  -7.33282  0.640597
 0.768039  -7.31752  0.640597
 0.768473  -7.30227   0.64103
 0.768906  -7.28705   0.64103
  0.76934  -7.27188  0.641464
 0.769773  -7.25674  0.641464
 0.770207  -7.24166  0.641897
  0.77064   -7.2266  0.641897
 0.771074  -7.21159  0.642331
 0.771507  -7.19662  0.642331
 0.771941  -7.18169  0.642764
 0.772374  -7.16679  0.642764
 0.772808  -7.15194  0.643198
 0.773241  -7.13713  0.643198
 0.773675  -7.12235  0.643631
 0.774108  -7.10762  0.643631
 0.774542  -7.09292  0.644065
 0.774975  -7.07827  0.644065
 0.775408  -7.06365  0.644498
 0.775842  -7.04907  0.644498
 0.776275  -7.03453  0.644932
 0.776709  -7.02003  0.644932
 0.777142  -7.00556  0.645365
 0.777576  -6.99114  0.645365
 0.778009  -6.97675  0.645799
 0.778443   -6.9624  0.645799
 0.778876  -6.94808  0.646232
  0.77931  -6.93382  0.646232
 0.779743  -6.91957  0.646666
 0.780177  -6.90539  0.646666
  0.78061  -6.89121  0.647099
 0.781044   -6.8771  0.647099
 0.781477    -6.863  0.647533
 0.781911  -6.84896  0.647533
 0.782344  -6.83494  0.647966
 0.782778  -6.82097  0.648399
 0.783211  -6.80702  0.648399
 0.783645  -6.79313  0.648833
 0.784078  -6.77925  0.648833
 0.784512  -6.76543  0.649266
 0.784945  -6.75162  0.649266
 0.785378  -6.73788    0.6497
 0.785812  -6.72414    0.6497
 0.786245  -6.71046  0.650133
 0.786679  -6.69681  0.650133
 0.787112   -6.6832  0.650567
 0.787546  -6.66961  0.650567
 0.787979  -6.65607     0.651
 0.788413  -6.64256     0.651
 0.788846  -6.62909  0.651434
  0.78928  -6.61564  0.651434
 0.789713  -6.60224  0.651867
 0.790147  -6.58887  0.651867
  0.79058  -6.57554  0.652301
 0.791014  -6.56223  0.652301
 0.791447  -6.54897  0.652734
 0.791881  -6.53574  0.652734
 0.792314  -6.52254  0.653168
 0.792748  -6.50938  0.653168
 0.793181  -6.49625  0.653601
 0.793615  -6.48315  0.653601
 0.794048  -6.47009  0.654035
 0.794481  -6.45707  0.654035
 0.794915  -6.44407  0.654468
 0.795348  -6.43111  0.654468
 0.795782  -6.41818  0.654902
 0.796215  -6.40529  0.654902
 0.796649  -6.39243  0.655335
 0.797082  -6.37961  0.655335
 0.797516   -6.3668  0.655769
 0.797949  -6.35405  0.655769
 0.798383  -6.34131  0.656202
 0.798816  -6.32863  0.656202
  0.79925  -6.31595  0.656636
 0.799683  -6.30333  0.656636
 0.800117  -6.29072  0.657069
  0.80055  -6.27817  0.657069
 0.800984  -6.26562  0.657503
 0.801417  -6.25313  0.657936
 0.801851  -6.24065  0.657936
 0.802284  -6.22822  0.658369
 0.802718  -6.21581  0.658369
 0.803151  -6.20344  0.658803
 0.803585  -6.19109  0.658803
 0.804018  -6.17878  0.659236
 0.804451  -6.16649  0.659236
 0.804885  -6.15425   0.65967
 0.805318  -6.14203   0.65967
 0.805752  -6.12985  0.660103
 0.806185  -6.11768  0.660103
 0.806619  -6.10556  0.660537
 0.807052  -6.09347  0.660537
 0.807486  -6.08141   0.66097
 0.807919  -6.06937   0.66097
 0.808353  -6.05737  0.661404
 0.808786  -6.04539  0.661404
  0.80922  -6.03345  0.661837
 0.809653  -6.02154  0.661837
 0.810087  -6.00966  0.662271
  0.81052  -5.99781  0.662271
 0.810954  -5.98599  0.662704
 0.811387   -5.9742  0.662704
 0.811821  -5.96243  0.663138
 0.812254   -5.9507  0.663138
 0.812688    -5.939  0.663571
 0.813121  -5.92733  0.663571
 0.813555  -5.91568  0.664005
 0.813988  -5.90407  0.664005
 0.814421  -5.89248  0.664438
 0.814855  -5.88093  0.664438
 0.815288   -5.8694  0.664872
 0.815722  -5.85791  0.664872
 0.816155  -5.84643  0.665305
 0.816589    -5.835  0.665305
 0.817022  -5.82358  0.665739
 0.817456   -5.8122  0.665739
 0.817889  -5.80084  0.666172
 0.818323  -5.78952  0.666172
 0.818756  -5.77821  0.666606
  0.81919  -5.76695  0.666606
 0.819623   -5.7557  0.667039
 0.820057   -5.7445  0.667472
  0.82049   -5.7333  0.667472
 0.820924  -5.72216  0.667906
 0.821357  -5.71102  0.667906
 0.821791  -5.69992  0.668339
 0.822224  -5.68884  0.668339
 0.822658   -5.6778  0.668773
 0.823091  -5.66677  0.668773
 0.823525  -5.65579  0.669206
 0.823958  -5.64482  0.669206
 0.824391  -5.63389   0.66964
 0.824825  -5.62297   0.66964
 0.825258  -5.61209  0.670073
 0.825692  -5.60123  0.670073
 0.826125   -5.5904  0.670507
 0.826559   -5.5796  0.670507
 0.826992  -5.56883   0.67094
 0.827426  -5.55807   0.67094
 0.827859  -5.54735  0.671374
 0.828293  -5.53666  0.671374
 0.828726  -5.52599  0.671807
  0.82916  -5.51534  0.671807
 0.829593  -5.50473  0.672241
 0.830027  -5.49413  0.672241
  0.83046  -5.48357  0.672674
 0.830894  -5.47303  0.672674
 0.831327  -5.46252  0.673108
 0.831761  -5.45203  0.673108
 0.832194  -5.44157  0.673541
 0.832628  -5.43114  0.673541
 0.833061  -5.42072  0.673975
 0.833494  -5.41034  0.673975
 0.833928  -5.39998  0.674408
 0.834361  -5.38965  0.674408
 0.834795  -5.37934  0.674842
 0.835228  -5.36906  0.674842
 0.835662   -5.3588  0.675275
 0.836095  -5.34857  0.675275
 0.836529  -5.33836  0.675709
 0.836962  -5.32818  0.675709
 0.837396  -5.31802  0.676142
 0.837829  -5.30789  0.676142
 0.838263  -5.29777  0.676576
 0.838696   -5.2877  0.676576
  0.83913  -5.27763  0.677009
 0.839563  -5.26761  0.677009
 0.839997  -5.25759  0.677442
  0.84043  -5.24761  0.677876
 0.840864  -5.23764  0.677876
 0.841297  -5.22771  0.678309
 0.841731  -5.21779  0.678309
 0.842164  -5.20791  0.678743
 0.842598  -5.19804  0.678743
 0.843031   -5.1882  0.679176
 0.843464  -5.17838  0.679176
 0.843898  -5.16859   0.67961
 0.844331  -5.15881   0.67961
 0.844765  -5.14907  0.680043
 0.845198  -5.13935  0.680043
 0.845632  -5.12965  0.680477
 0.846065  -5.11997  0.680477
 0.846499  -5.11032   0.68091
 0.846932  -5.10069   0.68091
 0.847366  -5.09109  0.681344
 0.847799   -5.0815  0.681344
 0.848233  -5.07195  0.681777
 0.848666  -5.06241  0.681777
   0.8491   -5.0529  0.682211
 0.849533   -5.0434  0.682211
 0.849967  -5.03394  0.682644
   0.8504  -5.02449  0.682644
 0.850834  -5.01507  0.683078
 0.851267  -5.00567  0.683078
 0.851701  -4.99629  0.683511
 0.852134  -4.98694  0.683511
 0.852568   -4.9776  0.683945
 0.853001   -4.9683  0.683945
 0.853434  -4.95901  0.684378
 0.853868  -4.94975  0.684378
 0.854301   -4.9405  0.684812
 0.854735  -4.93128  0.684812
 0.855168  -4.92208  0.685245
 0.855602  -4.91291  0.685245
 0.856035  -4.90375  0.685679
 0.856469  -4.89462  0.685679
 0.856902   -4.8855  0.686112
 0.857336  -4.87642  0.686112
 0.857769  -4.86734  0.686546
 0.858203   -4.8583  0.686546
 0.858636  -4.84927  0.686979
  0.85907  -4.84028  0.686979
 0.859503  -4.83129  0.687412
 0.859937  -4.82233  0.687412
  0.86037  -4.81339  0.687846
 0.860804  -4.80448  0.688279
 0.861237  -4.79557  0.688279
 0.861671   -4.7867  0.688713
 0.862104  -4.77784  0.688713
 0.862538  -4.76901  0.689146
 0.862971  -4.76019  0.689146
 0.863404  -4.75141   0.68958
 0.863838  -4.74263   0.68958
 0.864271  -4.73388  0.690013
 0.864705  -4.72515  0.690013
 0.865138  -4.71644  0.690447
 0.865572  -4.70775  0.690447
 0.866005  -4.69908   0.69088
 0.866439  -4.69043   0.69088
 0.866872  -4.68181  0.691314
 0.867306   -4.6732  0.691314
 0.867739  -4.66461  0.691747
 0.868173  -4.65604  0.691747
 0.868606   -4.6475  0.692181
  0.86904  -4.63897  0.692181
 0.869473  -4.63047  0.692614
 0.869907  -4.62198  0.692614
  0.87034  -4.61351  0.693048
 0.870774  -4.60506  0.693048
 0.871207  -4.59664  0.693481
 0.871641  -4.58823  0.693481
 0.872074  -4.57984  0.693915
 0.872508  -4.57147  0.693915
 0.872941  -4.56313  0.694348
 0.873374   -4.5548  0.694348
 0.873808  -4.54649  0.694782
 0.874241   -4.5382  0.694782
 0.874675  -4.52993  0.695215
 0.875108  -4.52168  0.695215
 0.875542  -4.51344  0.695649
 0.875975  -4.50523  0.695649
 0.876409  -4.49703  0.696082
 0.876842  -4.48886  0.696082
 0.877276   -4.4807  0.696516
 0.877709  -4.47257  0.696516
 0.878143  -4.46445  0.696949
 0.878576  -4.45635  0.696949
  0.87901  -4.44827  0.697382
 0.879443  -4.44021  0.697382
 0.879877  -4.43216  0.697816
  0.88031  -4.42415  0.697816
 0.880744  -4.41613  0.698249
 0.881177  -4.40815  0.698249
 0.881611  -4.40018  0.698683
 0.882044  -4.39224  0.699116
 0.882477   -4.3843  0.699116
 0.882911  -4.37639   0.69955
 0.883344  -4.36849   0.69955
 0.883778  -4.36062  0.699983
 0.884211  -4.35275  0.699983
 0.884645  -4.34492  0.700417
 0.885078  -4.33709  0.700417
 0.885512  -4.32929   0.70085
 0.885945   -4.3215   0.70085
 0.886379  -4.31373  0.701284
 0.886812  -4.30598  0.701284
 0.887246  -4.29825  0.701717
 0.887679  -4.29053  0.701717
 0.888113  -4.28284  0.702151
 0.888546  -4.27515  0.702151
  0.88898  -4.26749  0.702584
 0.889413  -4.25985  0.702584
 0.889847  -4.25222  0.703018
  0.89028  -4.24461  0.703018
 0.890714  -4.23702  0.703451
 0.891147  -4.22944  0.703451
 0.891581  -4.22189  0.703885
 0.892014  -4.21435  0.703885
 0.892447  -4.20682  0.704318
 0.892881  -4.19932  0.704318
 0.893314  -4.19183  0.704752
 0.893748  -4.18436  0.704752
 0.894181   -4.1769  0.705185
 0.894615  -4.16947  0.705185
 0.895048  -4.16205  0.705619
 0.895482  -4.15464  0.705619
 0.895915  -4.14725  0.706052
 0.896349  -4.13989  0.706052
 0.896782  -4.13253  0.706485
 0.897216   -4.1252  0.706485
 0.897649  -4.11787  0.706919
 0.898083  -4.11057  0.706919
 0.898516  -4.10328  0.707352
  0.89895  -4.09602  0.707352
 0.899383  -4.08876  0.707786
 0.899817  -4.08153  0.707786
  0.90025   -4.0743  0.708219
 0.900684   -4.0671  0.708219
 0.901117  -4.05991  0.708653
 0.901551  -4.05274  0.708653
 0.901984  -4.04558  0.709086
 0.902417  -4.03845  0.709086
 0.902851  -4.03132   0.70952
 0.903284  -4.02422   0.70952
 0.903718  -4.01712  0.709953
 0.904151  -4.01005  0.709953
 0.904585  -4.00299  0.710387
 0.905018  -3.99595   0.71082
 0.905452  -3.98891   0.71082
 0.905885  -3.98191  0.711254
 0.906319  -3.97491  0.711254
 0.906752  -3.96793  0.711687
 0.907186  -3.96096  0.711687
 0.907619  -3.95402  0.712121
 0.908053  -3.94708  0.712121
 0.908486  -3.94017  0.712554
  0.90892  -3.93326  0.712554
 0.909353  -3.92638  0.712988
 0.909787   -3.9195  0.712988
  0.91022  -3.91265  0.713421
 0.910654   -3.9058  0.713421
 0.911087  -3.89898  0.713855
 0.911521  -3.89217  0.713855
 0.911954  -3.88538  0.714288
 0.912387  -3.87859  0.714288
 0.912821  -3.87183  0.714722
 0.913254  -3.86508  0.714722
 0.913688  -3.85835  0.715155
 0.914121  -3.85163  0.715155
 0.914555  -3.84492  0.715589
 0.914988  -3.83823  0.715589
 0.915422  -3.83156  0.716022
 0.915855   -3.8249  0.716022
 0.916289  -3.81825  0.716455
 0.916722  -3.81162  0.716455
 0.917156  -3.80501  0.716889
 0.917589  -3.79841  0.716889
 0.918023  -3.79182  0.717322
 0.918456  -3.78525  0.717322
  0.91889  -3.77869  0.717756
 0.919323  -3.77215  0.717756
 0.919757  -3.76562  0.718189
  0.92019  -3.75911  0.718189
 0.920624  -3.75261  0.718623
 0.921057  -3.74613  0.718623
  0.92149  -3.73965  0.719056
 0.921924   -3.7332  0.719056
 0.922357  -3.72675   0.71949
 0.922791  -3.72033   0.71949
 0.923224  -3.71391  0.719923
 0.923658  -3.70752  0.719923
 0.924091  -3.70113  0.720357
 0.924525  -3.69476  0.720357
 0.924958   -3.6884   0.72079
 0.925392  -3.68206   0.72079
 0.925825  -3.67573  0.721224
 0.926259  -3.66942  0.721224
 0.926692  -3.66311  0.721657
 0.927126  -3.65683  0.721657
 0.927559  -3.65055  0.722091
 0.927993  -3.64429  0.722091
 0.928426  -3.63804  0.722524
  0.92886  -3.63182  0.722958
 0.929293  -3.62559  0.722958
 0.929727  -3.61939  0.723391
  0.93016  -3.61319  0.723391
 0.930594  -3.60702  0.723825
 0.931027  -3.60085  0.723825
  0.93146   -3.5947  0.724258
 0.931894  -3.58856  0.724258
 0.932327  -3.58244  0.724692
 0.932761  -3.57633  0.724692
 0.933194  -3.57023  0.725125
 0.933628  -3.56415  0.725125
 0.934061  -3.55808  0.725559
 0.934495  -3.55202  0.725559
 0.934928  -3.54597  0.725992
 0.935362  -3.53994  0.725992
 0.935795  -3.53392  0.726425
 0.936229  -3.52792  0.726425
 0.936662  -3.52193  0.726859
 0.937096  -3.51595  0.726859
 0.937529  -3.50998  0.727292
 0.937963  -3.50403  0.727292
 0.938396  -3.49809  0.727726
  0.93883  -3.49216  0.727726
 0.939263  -3.48624  0.728159
 0.939697  -3.48034  0.728159
  0.94013  -3.47445  0.728593
 0.940564  -3.46858  0.728593
 0.940997  -3.46271  0.729026
  0.94143  -3.45686  0.729026
 0.941864  -3.45102   0.72946
 0.942297   -3.4452   0.72946
 0.942731  -3.43938  0.729893
 0.943164  -3.43358  0.729893
 0.943598   -3.4278  0.730327
 0.944031  -3.42202  0.730327
 0.944465  -3.41626   0.73076
 0.944898  -3.41051   0.73076
 0.945332  -3.40477  0.731194
 0.945765  -3.39904  0.731194
 0.946199  -3.39333  0.731627
 0.946632  -3.38763  0.731627
 0.947066  -3.38194  0.732061
 0.947499  -3.37626  0.732061
 0.947933  -3.37059  0.732494
 0.948366  -3.36495  0.732494
   0.9488   -3.3593  0.732928
 0.949233  -3.35368  0.732928
 0.949667  -3.34806  0.733361
   0.9501  -3.34246  0.733361
 0.950534  -3.33686  0.733795
 0.950967  -3.33128  0.733795
   0.9514  -3.32571  0.734228
 0.951834  -3.32016  0.734228
 0.952267  -3.31461  0.734662
 0.952701  -3.30908  0.734662
 0.953134  -3.30356  0.735095
 0.953568  -3.29805  0.735529
 0.954001  -3.29255  0.735529
 0.954435  -3.28707  0.735962
 0.954868  -3.28159  0.735962
 0.955302  -3.27613  0.736395
 0.955735  -3.27068  0.736395
 0.956169  -3.26524  0.736829
 0.956602  -3.25981  0.736829
 0.957036   -3.2544  0.737262
 0.957469  -3.24899  0.737262
 0.957903   -3.2436  0.737696
 0.958336  -3.23821  0.737696
  0.95877  -3.23285  0.738129
 0.959203  -3.22749  0.738129
 0.959637  -3.22214  0.738563
  0.96007   -3.2168  0.738563
 0.960504  -3.21148  0.738996
 0.960937  -3.20616  0.738996
  0.96137  -3.20086   0.73943
 0.961804  -3.19557   0.73943
 0.962237  -3.19029  0.739863
 0.962671  -3.18502  0.739863
 0.963104  -3.17976  0.740297
 0.963538  -3.17452  0.740297
 0.963971  -3.16928   0.74073
 0.964405  -3.16406   0.74073
 0.964838  -3.15884  0.741164
 0.965272  -3.15364  0.741164
 0.965705  -3.14845  0.741597
 0.966139  -3.14327  0.741597
 0.966572   -3.1381  0.742031
 0.967006  -3.13294  0.742031
 0.967439  -3.12779  0.742464
 0.967873  -3.12265  0.742464
 0.968306  -3.11753  0.742898
  0.96874  -3.11241  0.742898
 0.969173  -3.10731  0.743331
 0.969607  -3.10221  0.743331
  0.97004  -3.09713  0.743765
 0.970473  -3.09206  0.743765
 0.970907  -3.08699  0.744198
  0.97134  -3.08194  0.744198
 0.971774   -3.0769  0.744632
 0.972207  -3.07187  0.744632
 0.972641  -3.06685  0.745065
 0.973074  -3.06184  0.745065
 0.973508  -3.05684  0.745498
 0.973941  -3.05185  0.745498
 0.974375  -3.04687  0.745932
 0.974808  -3.04191  0.745932
 0.975242  -3.03695  0.746365
 0.975675    -3.032  0.746365
 0.976109  -3.02706  0.746799
 0.976542  -3.02214  0.746799
 0.976976  -3.01722  0.747232
 0.977409  -3.01232  0.747232
 0.977843  -3.00742  0.747666
 0.978276  -3.00254  0.747666
  0.97871  -2.99766  0.748099
 0.979143   -2.9928  0.748099
 0.979577  -2.98794  0.748533
  0.98001  -2.98309  0.748966
 0.980443  -2.97826  0.748966
 0.980877  -2.97343    0.7494
  0.98131  -2.96862    0.7494
 0.981744  -2.96381  0.749833
 0.982177  -2.95901  0.749833
 0.982611  -2.95423  0.750267
 0.983044  -2.94945  0.750267
 0.983478  -2.94469    0.7507
 0.983911  -2.93993    0.7507
 0.984345  -2.93519  0.751134
 0.984778  -2.93045  0.751134
 0.985212  -2.92572  0.751567
 0.985645  -2.92101  0.751567
 0.986079   -2.9163  0.752001
 0.986512   -2.9116  0.752001
 0.986946  -2.90692  0.752434
 0.987379  -2.90224  0.752434
 0.987813  -2.89757  0.752868
 0.988246  -2.89291  0.752868
  0.98868  -2.88826  0.753301
 0.989113  -2.88362  0.753301
 0.989547  -2.87899  0.753735
  0.98998  -2.87437  0.753735
 0.990413  -2.86976  0.754168
 0.990847  -2.86516  0.754168
  0.99128  -2.86056  0.754602
 0.991714  -2.85598  0.754602
 0.992147  -2.85141  0.755035
 0.992581  -2.84684  0.755035
 0.993014  -2.84229  0.755468
 0.993448  -2.83774  0.755468
 0.993881  -2.83321  0.755902
 0.994315  -2.82868  0.755902
 0.994748  -2.82416  0.756335
 0.995182  -2.81965  0.756335
 0.995615  -2.81515  0.756769
 0.996049  -2.81066  0.756769
 0.996482  -2.80618  0.757202
 0.996916  -2.80171  0.757202
 0.997349  -2.79725  0.757636
 0.997783   -2.7928  0.757636
 0.998216  -2.78835  0.758069
  0.99865  -2.78392  0.758069
 0.999083  -2.77949  0.758503
 0.999517  -2.77507  0.758503
  0.99995  -2.77066  0.758936
  1.00038  -2.76626  0.758936
  1.00082  -2.76187   0.75937
  1.00125  -2.75749   0.75937
  1.00168  -2.75312  0.759803
  1.00212  -2.74875  0.759803
  1.00255   -2.7444  0.760237
  1.00298  -2.74005  0.760237
  1.00342  -2.73571   0.76067
  1.00385  -2.73139   0.76067
  1.00428  -2.72706  0.761104
  1.00472  -2.72276  0.761104
  1.00515  -2.71845  0.761537
  1.00559  -2.71416  0.761537
  1.00602  -2.70987  0.761971
  1.00645   -2.7056  0.761971
  1.00689  -2.70133  0.762404
  1.00732  -2.69707  0.762838
  1.00775  -2.69282  0.762838
  1.00819  -2.68858  0.763271
  1.00862  -2.68434  0.763271
  1.00905  -2.68012  0.763705
  1.00949   -2.6759  0.763705
  1.00992  -2.67169  0.764138
  1.01035  -2.66749  0.764138
  1.01079   -2.6633  0.764572
  1.01122  -2.65912  0.764572
  1.01165  -2.65494  0.765005
  1.01209  -2.65077  0.765005
  1.01252  -2.64662  0.765438
  1.01295  -2.64247  0.765438
  1.01339  -2.63833  0.765872
  1.01382  -2.63419  0.765872
  1.01425  -2.63007  0.766305
  1.01469  -2.62595  0.766305
  1.01512  -2.62185  0.766739
  1.01556  -2.61774  0.766739
  1.01599  -2.61365  0.767172
  1.01642  -2.60957  0.767172
  1.01686   -2.6055  0.767606
  1.01729  -2.60143  0.767606
  1.01772  -2.59737  0.768039
  1.01816  -2.59332  0.768039
  1.01859  -2.58927  0.768473
  1.01902  -2.58524  0.768473
  1.01946  -2.58121  0.768906
  1.01989  -2.57719  0.768906
  1.02032  -2.57318   0.76934
  1.02076  -2.56918   0.76934
  1.02119  -2.56518  0.769773
  1.02162   -2.5612  0.769773
  1.02206  -2.55722  0.770207
  1.02249  -2.55325  0.770207
  1.02292  -2.54928   0.77064
  1.02336  -2.54533   0.77064
  1.02379  -2.54138  0.771074
  1.02422  -2.53744  0.771074
  1.02466  -2.53351  0.771507
  1.02509  -2.52959  0.771507
  1.02553  -2.52567  0.771941
  1.02596  -2.52176  0.771941
  1.02639  -2.51786  0.772374
  1.02683  -2.51397  0.772374
  1.02726  -2.51008  0.772808
  1.02769   -2.5062  0.772808
  1.02813  -2.50233  0.773241
  1.02856  -2.49847  0.773241
  1.02899  -2.49461  0.773675
  1.02943  -2.49077  0.773675
  1.02986  -2.48693  0.774108
  1.03029   -2.4831  0.774108
  1.03073  -2.47927  0.774542
  1.03116  -2.47545  0.774542
  1.03159  -2.47164  0.774975
  1.03203  -2.46784  0.774975
  1.03246  -2.46405  0.775408
  1.03289  -2.46026  0.775408
  1.03333  -2.45648  0.775842
  1.03376  -2.45271  0.775842
  1.03419  -2.44894  0.776275
  1.03463  -2.44519  0.776275
  1.03506  -2.44143  0.776709
   1.0355  -2.43769  0.776709
  1.03593  -2.43395  0.777142
  1.03636  -2.43023  0.777142
   1.0368  -2.42651  0.777576
  1.03723  -2.42279  0.778009
  1.03766  -2.41908  0.778009
   1.0381  -2.41539  0.778443
  1.03853  -2.41169  0.778443
  1.03896  -2.40801  0.778876
   1.0394  -2.40433  0.778876
  1.03983  -2.40066   0.77931
  1.04026    -2.397   0.77931
   1.0407  -2.39334  0.779743
  1.04113  -2.38969  0.779743
  1.04156  -2.38605  0.780177
    1.042  -2.38242  0.780177
  1.04243  -2.37879   0.78061
  1.04286  -2.37517   0.78061
   1.0433  -2.37156  0.781044
  1.04373  -2.36795  0.781044
  1.04416  -2.36435  0.781477
   1.0446  -2.36076  0.781477
  1.04503  -2.35717  0.781911
  1.04547  -2.35359  0.781911
   1.0459  -2.35002  0.782344
  1.04633  -2.34645  0.782344
  1.04677   -2.3429  0.782778
   1.0472  -2.33935  0.782778
  1.04763   -2.3358  0.783211
  1.04807  -2.33226  0.783211
   1.0485  -2.32873  0.783645
  1.04893  -2.32521  0.783645
  1.04937  -2.32169  0.784078
   1.0498  -2.31818  0.784078
  1.05023  -2.31468  0.784512
  1.05067  -2.31118  0.784512
   1.0511  -2.30769  0.784945
  1.05153  -2.30421  0.784945
  1.05197  -2.30073  0.785378
   1.0524  -2.29726  0.785378
  1.05283   -2.2938  0.785812
  1.05327  -2.29035  0.785812
   1.0537   -2.2869  0.786245
  1.05413  -2.28345  0.786245
  1.05457  -2.28002  0.786679
    1.055  -2.27659  0.786679
  1.05544  -2.27316  0.787112
  1.05587  -2.26975  0.787112
   1.0563  -2.26634  0.787546
  1.05674  -2.26293  0.787546
  1.05717  -2.25954  0.787979
   1.0576  -2.25615  0.787979
  1.05804  -2.25276  0.788413
  1.05847  -2.24939  0.788413
   1.0589  -2.24601  0.788846
  1.05934  -2.24265  0.788846
  1.05977  -2.23929   0.78928
   1.0602  -2.23594   0.78928
  1.06064  -2.23259  0.789713
  1.06107  -2.22926  0.789713
   1.0615  -2.22592  0.790147
  1.06194   -2.2226  0.790147
  1.06237  -2.21928   0.79058
   1.0628  -2.21596   0.79058
  1.06324  -2.21266  0.791014
  1.06367  -2.20936  0.791014
   1.0641  -2.20606  0.791447
  1.06454  -2.20277  0.791447
  1.06497  -2.19949  0.791881
  1.06541  -2.19622  0.791881
  1.06584  -2.19294  0.792314
  1.06627  -2.18968  0.792314
  1.06671  -2.18642  0.792748
  1.06714  -2.18318  0.792748
  1.06757  -2.17993  0.793181
  1.06801  -2.17669  0.793615
  1.06844  -2.17346  0.793615
  1.06887  -2.17023  0.794048
  1.06931  -2.16701  0.794048
  1.06974   -2.1638  0.794481
  1.07017  -2.16059  0.794481
  1.07061  -2.15739  0.794915
  1.07104  -2.15419  0.794915
  1.07147    -2.151  0.795348
  1.07191  -2.14782  0.795348
  1.07234  -2.14464  0.795782
  1.07277  -2.14147  0.795782
  1.07321   -2.1383  0.796215
  1.07364  -2.13514  0.796215
  1.07407  -2.13199  0.796649
  1.07451  -2.12884  0.796649
  1.07494   -2.1257  0.797082
  1.07538  -2.12256  0.797082
  1.07581  -2.11943  0.797516
  1.07624  -2.11631  0.797516
  1.07668  -2.11319  0.797949
  1.07711  -2.11008  0.797949
  1.07754  -2.10697  0.798383
  1.07798  -2.10387  0.798383
  1.07841  -2.10077  0.798816
  1.07884  -2.09768  0.798816
  1.07928   -2.0946   0.79925
  1.07971  -2.09152   0.79925
  1.08014  -2.08845  0.799683
  1.08058  -2.08539  0.799683
  1.08101  -2.08233  0.800117
  1.08144  -2.07927  0.800117
  1.08188  -2.07622   0.80055
  1.08231  -2.07318   0.80055
  1.08274  -2.07014  0.800984
  1.08318  -2.06711  0.800984
  1.08361  -2.06408  0.801417
  1.08404  -2.06106  0.801417
  1.08448  -2.05805  0.801851
  1.08491  -2.05504  0.801851
  1.08535  -2.05204  0.802284
  1.08578  -2.04904  0.802284
  1.08621  -2.04604  0.802718
  1.08665  -2.04306  0.802718
  1.08708  -2.04008  0.803151
  1.08751   -2.0371  0.803151
  1.08795  -2.03413  0.803585
  1.08838  -2.03117  0.803585
  1.08881  -2.02821  0.804018
  1.08925  -2.02525  0.804018
  1.08968  -2.02231  0.804451
  1.09011  -2.01936  0.804451
  1.09055  -2.01643  0.804885
  1.09098  -2.01349  0.804885
  1.09141  -2.01057  0.805318
  1.09185  -2.00765  0.805318
  1.09228  -2.00473  0.805752
  1.09271  -2.00182  0.805752
  1.09315  -1.99892  0.806185
  1.09358  -1.99602  0.806185
  1.09401  -1.99312  0.806619
  1.09445  -1.99024  0.806619
  1.09488  -1.98735  0.807052
  1.09532  -1.98448  0.807052
  1.09575   -1.9816  0.807486
  1.09618  -1.97874  0.807486
  1.09662  -1.97587  0.807919
  1.09705  -1.97302  0.807919
  1.09748  -1.97016  0.808353
  1.09792  -1.96732  0.808353
  1.09835  -1.96448  0.808786
  1.09878  -1.96164  0.808786
  1.09922  -1.95881   0.80922
  1.09965  -1.95599   0.80922
  1.10008  -1.95317  0.809653
  1.10052  -1.95035  0.809653
  1.10095  -1.94754  0.810087
  1.10138  -1.94474  0.810087
  1.10182  -1.94194   0.81052
  1.10225  -1.93915  0.810954
  1.10268  -1.93635  0.810954
  1.10312  -1.93357  0.811387
  1.10355  -1.93079  0.811387
  1.10398  -1.92802  0.811821
  1.10442  -1.92525  0.811821
  1.10485  -1.92249  0.812254
  1.10529  -1.91973  0.812254
  1.10572  -1.91698  0.812688
  1.10615  -1.91423  0.812688
  1.10659  -1.91148  0.813121
  1.10702  -1.90874  0.813121
  1.10745  -1.90601  0.813555
  1.10789  -1.90328  0.813555
  1.10832  -1.90056  0.813988
  1.10875  -1.89784  0.813988
  1.10919  -1.89513  0.814421
  1.10962  -1.89242  0.814421
  1.11005  -1.88972  0.814855
  1.11049  -1.88702  0.814855
  1.11092  -1.88432  0.815288
  1.11135  -1.88163  0.815288
  1.11179  -1.87895  0.815722
  1.11222  -1.87627  0.815722
  1.11265   -1.8736  0.816155
  1.11309  -1.87093  0.816155
  1.11352  -1.86826  0.816589
  1.11395   -1.8656  0.816589
  1.11439  -1.86295  0.817022
  1.11482   -1.8603  0.817022
  1.11526  -1.85765  0.817456
  1.11569  -1.85501  0.817456
  1.11612  -1.85238  0.817889
  1.11656  -1.84975  0.817889
  1.11699  -1.84712  0.818323
  1.11742   -1.8445  0.818323
  1.11786  -1.84188  0.818756
  1.11829  -1.83927  0.818756
  1.11872  -1.83667   0.81919
  1.11916  -1.83406   0.81919
  1.11959  -1.83147  0.819623
  1.12002  -1.82887  0.819623
  1.12046  -1.82628  0.820057
  1.12089   -1.8237  0.820057
  1.12132  -1.82112   0.82049
  1.12176  -1.81855   0.82049
  1.12219  -1.81598  0.820924
  1.12262  -1.81341  0.820924
  1.12306  -1.81085  0.821357
  1.12349   -1.8083  0.821357
  1.12392  -1.80575  0.821791
  1.12436   -1.8032  0.821791
  1.12479  -1.80066  0.822224
  1.12523  -1.79812  0.822224
  1.12566  -1.79559  0.822658
  1.12609  -1.79306  0.822658
  1.12653  -1.79054  0.823091
  1.12696  -1.78802  0.823091
  1.12739   -1.7855  0.823525
  1.12783  -1.78299  0.823525
  1.12826  -1.78049  0.823958
  1.12869  -1.77799  0.823958
  1.12913  -1.77549  0.824391
  1.12956    -1.773  0.824391
  1.12999  -1.77051  0.824825
  1.13043  -1.76803  0.824825
  1.13086  -1.76555  0.825258
  1.13129  -1.76307  0.825258
  1.13173   -1.7606  0.825692
  1.13216  -1.75814  0.825692
  1.13259  -1.75568  0.826125
  1.13303  -1.75322  0.826125
  1.13346  -1.75077  0.826559
  1.13389  -1.74832  0.826559
  1.13433  -1.74588  0.826992
  1.13476  -1.74344  0.826992
   1.1352    -1.741  0.827426
  1.13563  -1.73857  0.827426
  1.13606  -1.73614  0.827859
   1.1365  -1.73372  0.827859
  1.13693  -1.73131  0.828293
  1.13736  -1.72889  0.828293
   1.1378  -1.72648  0.828726
  1.13823  -1.72408   0.82916
  1.13866  -1.72168   0.82916
   1.1391  -1.71928  0.829593
  1.13953  -1.71689  0.829593
  1.13996   -1.7145  0.830027
   1.1404  -1.71212  0.830027
  1.14083  -1.70974   0.83046
  1.14126  -1.70736   0.83046
   1.1417    -1.705  0.830894
  1.14213  -1.70263  0.830894
  1.14256  -1.70027  0.831327
    1.143  -1.69791  0.831327
  1.14343  -1.69555  0.831761
  1.14386   -1.6932  0.831761
   1.1443  -1.69086  0.832194
  1.14473  -1.68852  0.832194
  1.14517  -1.68618  0.832628
   1.1456  -1.68385  0.832628
  1.14603  -1.68152  0.833061
  1.14647  -1.67919  0.833061
   1.1469  -1.67687  0.833494
  1.14733  -1.67455  0.833494
  1.14777  -1.67224  0.833928
   1.1482  -1.66993  0.833928
  1.14863  -1.66763  0.834361
  1.14907  -1.66533  0.834361
   1.1495  -1.66303  0.834795
  1.14993  -1.66074  0.834795
  1.15037  -1.65845  0.835228
   1.1508  -1.65616  0.835228
  1.15123  -1.65388  0.835662
  1.15167  -1.65161  0.835662
   1.1521  -1.64934  0.836095
  1.15253  -1.64707  0.836095
  1.15297   -1.6448  0.836529
   1.1534  -1.64254  0.836529
  1.15383  -1.64029  0.836962
  1.15427  -1.63803  0.836962
   1.1547  -1.63578  0.837396
  1.15514  -1.63354  0.837396
  1.15557   -1.6313  0.837829
    1.156  -1.62906  0.837829
  1.15644  -1.62683  0.838263
  1.15687   -1.6246  0.838263
   1.1573  -1.62238  0.838696
  1.15774  -1.62015  0.838696
  1.15817  -1.61794   0.83913
   1.1586  -1.61572   0.83913
  1.15904  -1.61351  0.839563
  1.15947  -1.61131  0.839563
   1.1599  -1.60911  0.839997
  1.16034  -1.60691  0.839997
  1.16077  -1.60471   0.84043
   1.1612  -1.60252   0.84043
  1.16164  -1.60034  0.840864
  1.16207  -1.59815  0.840864
   1.1625  -1.59597  0.841297
  1.16294   -1.5938  0.841297
  1.16337  -1.59163  0.841731
   1.1638  -1.58946  0.841731
  1.16424   -1.5873  0.842164
  1.16467  -1.58514  0.842164
  1.16511  -1.58298  0.842598
  1.16554  -1.58083  0.842598
  1.16597  -1.57868  0.843031
  1.16641  -1.57653  0.843031
  1.16684  -1.57439  0.843464
  1.16727  -1.57225  0.843464
  1.16771  -1.57012  0.843898
  1.16814  -1.56799  0.843898
  1.16857  -1.56586  0.844331
  1.16901  -1.56374  0.844331
  1.16944  -1.56162  0.844765
  1.16987  -1.55951  0.844765
  1.17031  -1.55739  0.845198
  1.17074  -1.55529  0.845198
  1.17117  -1.55318  0.845632
  1.17161  -1.55108  0.845632
  1.17204  -1.54898  0.846065
  1.17247  -1.54689  0.846065
  1.17291   -1.5448  0.846499
  1.17334  -1.54271  0.846499
  1.17377  -1.54063  0.846932
  1.17421  -1.53855  0.846932
  1.17464  -1.53647  0.847366
  1.17508   -1.5344  0.847366
  1.17551  -1.53233  0.847799
  1.17594  -1.53027  0.847799
  1.17638   -1.5282  0.848233
  1.17681  -1.52615  0.848233
  1.17724  -1.52409  0.848666
  1.17768  -1.52204    0.8491
  1.17811  -1.51999    0.8491
  1.17854  -1.51795  0.849533
  1.17898  -1.51591  0.849533
  1.17941  -1.51387  0.849967
  1.17984  -1.51184  0.849967
  1.18028  -1.50981    0.8504
  1.18071  -1.50778    0.8504
  1.18114  -1.50576  0.850834
  1.18158  -1.50374  0.850834
  1.18201  -1.50172  0.851267
  1.18244  -1.49971  0.851267
  1.18288   -1.4977  0.851701
  1.18331   -1.4957  0.851701
  1.18374  -1.49369  0.852134
  1.18418  -1.49169  0.852134
  1.18461   -1.4897  0.852568
  1.18505  -1.48771  0.852568
  1.18548  -1.48572  0.853001
  1.18591  -1.48373  0.853001
  1.18635  -1.48175  0.853434
  1.18678  -1.47977  0.853434
  1.18721   -1.4778  0.853868
  1.18765  -1.47583  0.853868
  1.18808  -1.47386  0.854301
  1.18851  -1.47189  0.854301
  1.18895  -1.46993  0.854735
  1.18938  -1.46797  0.854735
  1.18981  -1.46602  0.855168
  1.19025  -1.46406  0.855168
  1.19068  -1.46212  0.855602
  1.19111  -1.46017  0.855602
  1.19155  -1.45823  0.856035
  1.19198  -1.45629  0.856035
  1.19241  -1.45436  0.856469
  1.19285  -1.45242  0.856469
  1.19328  -1.45049  0.856902
  1.19371  -1.44857  0.856902
  1.19415  -1.44665  0.857336
  1.19458  -1.44473  0.857336
  1.19502  -1.44281  0.857769
  1.19545   -1.4409  0.857769
  1.19588  -1.43899  0.858203
  1.19632  -1.43708  0.858203
  1.19675  -1.43518  0.858636
  1.19718  -1.43328  0.858636
  1.19762  -1.43139   0.85907
  1.19805  -1.42949   0.85907
  1.19848   -1.4276  0.859503
  1.19892  -1.42571  0.859503
  1.19935  -1.42383  0.859937
  1.19978  -1.42195  0.859937
  1.20022  -1.42007   0.86037
  1.20065   -1.4182   0.86037
  1.20108  -1.41633  0.860804
  1.20152  -1.41446  0.860804
  1.20195   -1.4126  0.861237
  1.20238  -1.41073  0.861237
  1.20282  -1.40888  0.861671
  1.20325  -1.40702  0.861671
  1.20368  -1.40517  0.862104
  1.20412  -1.40332  0.862104
  1.20455  -1.40147  0.862538
  1.20498  -1.39963  0.862538
  1.20542  -1.39779  0.862971
  1.20585  -1.39595  0.862971
  1.20629  -1.39412  0.863404
  1.20672  -1.39229  0.863404
  1.20715  -1.39046  0.863838
  1.20759  -1.38864  0.863838
  1.20802  -1.38682  0.864271
  1.20845    -1.385  0.864271
  1.20889  -1.38318  0.864705
  1.20932  -1.38137  0.864705
  1.20975  -1.37956  0.865138
  1.21019  -1.37776  0.865138
  1.21062  -1.37595  0.865572
  1.21105  -1.37415  0.865572
  1.21149  -1.37235  0.866005
  1.21192  -1.37056  0.866005
  1.21235  -1.36877  0.866439
  1.21279  -1.36698  0.866439
  1.21322  -1.36519  0.866872
  1.21365  -1.36341  0.866872
  1.21409  -1.36163  0.867306
  1.21452  -1.35986  0.867306
  1.21495  -1.35808  0.867739
  1.21539  -1.35631  0.867739
  1.21582  -1.35455  0.868173
  1.21626  -1.35278  0.868173
  1.21669  -1.35102  0.868606
  1.21712  -1.34926  0.868606
  1.21756   -1.3475   0.86904
  1.21799  -1.34575   0.86904
  1.21842    -1.344  0.869473
  1.21886  -1.34226  0.869473
  1.21929  -1.34051  0.869907
  1.21972  -1.33877  0.869907
  1.22016  -1.33703   0.87034
  1.22059   -1.3353  0.870774
  1.22102  -1.33356  0.870774
  1.22146  -1.33183  0.871207
  1.22189  -1.33011  0.871207
  1.22232  -1.32838  0.871641
  1.22276  -1.32666  0.871641
  1.22319  -1.32494  0.872074
  1.22362  -1.32323  0.872074
  1.22406  -1.32152  0.872508
  1.22449   -1.3198  0.872508
  1.22492   -1.3181  0.872941
  1.22536  -1.31639  0.872941
  1.22579  -1.31469  0.873374
  1.22623  -1.31299  0.873374
  1.22666   -1.3113  0.873808
  1.22709   -1.3096  0.873808
  1.22753  -1.30791  0.874241
  1.22796  -1.30623  0.874241
  1.22839  -1.30454  0.874675
  1.22883  -1.30286  0.874675
  1.22926  -1.30118  0.875108
  1.22969   -1.2995  0.875108
  1.23013  -1.29783  0.875542
  1.23056  -1.29616  0.875542
  1.23099  -1.29449  0.875975
  1.23143  -1.29283  0.875975
  1.23186  -1.29116  0.876409
  1.23229   -1.2895  0.876409
  1.23273  -1.28785  0.876842
  1.23316  -1.28619  0.876842
  1.23359  -1.28454  0.877276
  1.23403  -1.28289  0.877276
  1.23446  -1.28125  0.877709
  1.23489   -1.2796  0.877709
  1.23533  -1.27796  0.878143
  1.23576  -1.27632  0.878143
   1.2362  -1.27469  0.878576
  1.23663  -1.27305  0.878576
  1.23706  -1.27142   0.87901
   1.2375  -1.26979   0.87901
  1.23793  -1.26817  0.879443
  1.23836  -1.26655  0.879443
   1.2388  -1.26493  0.879877
  1.23923  -1.26331  0.879877
  1.23966   -1.2617   0.88031
   1.2401  -1.26008   0.88031
  1.24053  -1.25848  0.880744
  1.24096  -1.25687  0.880744
   1.2414  -1.25526  0.881177
  1.24183  -1.25366  0.881177
  1.24226  -1.25206  0.881611
   1.2427  -1.25047  0.881611
  1.24313  -1.24888  0.882044
  1.24356  -1.24728  0.882044
    1.244   -1.2457  0.882477
  1.24443  -1.24411  0.882477
  1.24486  -1.24253  0.882911
   1.2453  -1.24095  0.882911
  1.24573  -1.23937  0.883344
  1.24617  -1.23779  0.883344
   1.2466  -1.23622  0.883778
  1.24703  -1.23465  0.883778
  1.24747  -1.23308  0.884211
   1.2479  -1.23152  0.884211
  1.24833  -1.22995  0.884645
  1.24877  -1.22839  0.884645
   1.2492  -1.22683  0.885078
  1.24963  -1.22528  0.885078
  1.25007  -1.22373  0.885512
   1.2505  -1.22218  0.885512
  1.25093  -1.22063  0.885945
  1.25137  -1.21908  0.885945
   1.2518  -1.21754  0.886379
  1.25223    -1.216  0.886379
  1.25267  -1.21446  0.886812
   1.2531  -1.21293  0.886812
  1.25353  -1.21139  0.887246
  1.25397  -1.20986  0.887246
   1.2544  -1.20834  0.887679
  1.25483  -1.20681  0.887679
  1.25527  -1.20529  0.888113
   1.2557  -1.20377  0.888113
  1.25614  -1.20225  0.888546
  1.25657  -1.20073  0.888546
    1.257  -1.19922   0.88898
  1.25744  -1.19771   0.88898
  1.25787   -1.1962  0.889413
   1.2583   -1.1947  0.889413
  1.25874  -1.19319  0.889847
  1.25917  -1.19169  0.889847
   1.2596  -1.19019   0.89028
  1.26004   -1.1887   0.89028
  1.26047   -1.1872  0.890714
   1.2609  -1.18571  0.890714
  1.26134  -1.18422  0.891147
  1.26177  -1.18274  0.891147
   1.2622  -1.18125  0.891581
  1.26264  -1.17977  0.891581
  1.26307  -1.17829  0.892014
   1.2635  -1.17681  0.892014
  1.26394  -1.17534  0.892447
  1.26437  -1.17387  0.892447
   1.2648  -1.17239  0.892881
  1.26524  -1.17093  0.892881
  1.26567  -1.16946  0.893314
  1.26611    -1.168  0.893314
  1.26654  -1.16654  0.893748
  1.26697  -1.16508  0.893748
  1.26741  -1.16362  0.894181
  1.26784  -1.16217  0.894615
  1.26827  -1.16072  0.894615
  1.26871  -1.15927  0.895048
  1.26914  -1.15782  0.895048
  1.26957  -1.15638  0.895482
  1.27001  -1.15493  0.895482
  1.27044  -1.15349  0.895915
  1.27087  -1.15206  0.895915
  1.27131  -1.15062  0.896349
  1.27174  -1.14919  0.896349
  1.27217  -1.14776  0.896782
  1.27261  -1.14633  0.896782
  1.27304   -1.1449  0.897216
  1.27347  -1.14348  0.897216
  1.27391  -1.14206  0.897649
  1.27434  -1.14064  0.897649
  1.27477  -1.13922  0.898083
  1.27521   -1.1378  0.898083
  1.27564  -1.13639  0.898516
  1.27608  -1.13498  0.898516
  1.27651  -1.13357   0.89895
  1.27694  -1.13217   0.89895
  1.27738  -1.13076  0.899383
  1.27781  -1.12936  0.899383
  1.27824  -1.12796  0.899817
  1.27868  -1.12656  0.899817
  1.27911  -1.12517   0.90025
  1.27954  -1.12378   0.90025
  1.27998  -1.12239  0.900684
  1.28041    -1.121  0.900684
  1.28084  -1.11961  0.901117
  1.28128  -1.11823  0.901117
  1.28171  -1.11684  0.901551
  1.28214  -1.11546  0.901551
  1.28258  -1.11409  0.901984
  1.28301  -1.11271  0.901984
  1.28344  -1.11134  0.902417
  1.28388  -1.10997  0.902417
  1.28431   -1.1086  0.902851
  1.28474  -1.10723  0.902851
  1.28518  -1.10587  0.903284
  1.28561   -1.1045  0.903284
  1.28605  -1.10314  0.903718
  1.28648  -1.10179  0.903718
  1.28691  -1.10043  0.904151
  1.28735  -1.09908  0.904151
  1.28778  -1.09772  0.904585
  1.28821  -1.09637  0.904585
  1.28865  -1.09503  0.905018
  1.28908  -1.09368  0.905018
  1.28951  -1.09234  0.905452
  1.28995    -1.091  0.905452
  1.29038  -1.08966  0.905885
  1.29081  -1.08832  0.905885
  1.29125  -1.08699  0.906319
  1.29168  -1.08565  0.906319
  1.29211  -1.08432  0.906752
  1.29255  -1.08299  0.906752
  1.29298  -1.08167  0.907186
  1.29341  -1.08034  0.907186
  1.29385  -1.07902  0.907619
  1.29428   -1.0777  0.907619
  1.29471  -1.07638  0.908053
  1.29515  -1.07506  0.908053
  1.29558  -1.07375  0.908486
  1.29602  -1.07244  0.908486
  1.29645  -1.07113   0.90892
  1.29688  -1.06982   0.90892
  1.29732  -1.06851  0.909353
  1.29775  -1.06721  0.909353
  1.29818  -1.06591  0.909787
  1.29862  -1.06461  0.909787
  1.29905  -1.06331   0.91022
  1.29948  -1.06201   0.91022
  1.29992  -1.06072  0.910654
  1.30035  -1.05943  0.910654
  1.30078  -1.05814  0.911087
  1.30122  -1.05685  0.911087
  1.30165  -1.05556  0.911521
  1.30208  -1.05428  0.911521
  1.30252    -1.053  0.911954
  1.30295  -1.05172  0.911954
  1.30338  -1.05044  0.912387
  1.30382  -1.04916  0.912387
  1.30425  -1.04789  0.912821
  1.30468  -1.04662  0.912821
  1.30512  -1.04535  0.913254
  1.30555  -1.04408  0.913254
  1.30599  -1.04281  0.913688
  1.30642  -1.04155  0.913688
  1.30685  -1.04028  0.914121
  1.30729  -1.03902  0.914121
  1.30772  -1.03777  0.914555
  1.30815  -1.03651  0.914555
  1.30859  -1.03525  0.914988
  1.30902    -1.034  0.914988
  1.30945  -1.03275  0.915422
  1.30989   -1.0315  0.915422
  1.31032  -1.03026  0.915855
  1.31075  -1.02901  0.915855
  1.31119  -1.02777  0.916289
  1.31162  -1.02653  0.916289
  1.31205  -1.02529  0.916722
  1.31249  -1.02405  0.916722
  1.31292  -1.02282  0.917156
  1.31335  -1.02158  0.917156
  1.31379  -1.02035  0.917589
  1.31422  -1.01912  0.917589
  1.31465  -1.01789  0.918023
  1.31509  -1.01667  0.918023
  1.31552  -1.01544  0.918456
  1.31596  -1.01422  0.918456
  1.31639    -1.013   0.91889
  1.31682  -1.01178   0.91889
  1.31726  -1.01057  0.919323
  1.31769  -1.00935  0.919323
  1.31812  -1.00814  0.919757
  1.31856  -1.00693  0.919757
  1.31899  -1.00572   0.92019
  1.31942  -1.00451   0.92019
  1.31986  -1.00331  0.920624
  1.32029   -1.0021  0.921057
  1.32072   -1.0009  0.921057
  1.32116 -0.999701   0.92149
  1.32159 -0.998502   0.92149
  1.32202 -0.997306  0.921924
  1.32246 -0.996111  0.921924
  1.32289 -0.994919  0.922357
  1.32332 -0.993728  0.922357
  1.32376  -0.99254  0.922791
  1.32419 -0.991352  0.922791
  1.32462 -0.990167  0.923224
  1.32506 -0.988983  0.923224
  1.32549 -0.987802  0.923658
  1.32593 -0.986621  0.923658
  1.32636 -0.985444  0.924091
  1.32679 -0.984267  0.924091
  1.32723 -0.983093  0.924525
  1.32766  -0.98192  0.924525
  1.32809 -0.980749  0.924958
  1.32853 -0.979579  0.924958
  1.32896 -0.978413  0.925392
  1.32939 -0.977246  0.925392
  1.32983 -0.976083  0.925825
  1.33026  -0.97492  0.925825
  1.33069 -0.973761  0.926259
  1.33113 -0.972601  0.926259
  1.33156 -0.971445  0.926692
  1.33199  -0.97029  0.926692
  1.33243 -0.969137  0.927126
  1.33286 -0.967985  0.927126
  1.33329 -0.966835  0.927559
  1.33373 -0.965687  0.927559
  1.33416 -0.964541  0.927993
  1.33459 -0.963396  0.927993
  1.33503 -0.962253  0.928426
  1.33546 -0.961112  0.928426
   1.3359 -0.959973   0.92886
  1.33633 -0.958834   0.92886
  1.33676 -0.957699  0.929293
   1.3372 -0.956564  0.929293
  1.33763 -0.955432  0.929727
  1.33806 -0.954301  0.929727
   1.3385 -0.953172   0.93016
  1.33893 -0.952044   0.93016
  1.33936 -0.950918  0.930594
   1.3398 -0.949794  0.930594
  1.34023 -0.948672  0.931027
  1.34066 -0.947551  0.931027
   1.3411 -0.946432   0.93146
  1.34153 -0.945315   0.93146
  1.34196 -0.944199  0.931894
   1.3424 -0.943085  0.931894
  1.34283 -0.941973  0.932327
  1.34326 -0.940862  0.932327
   1.3437 -0.939753  0.932761
  1.34413 -0.938646  0.932761
  1.34456  -0.93754  0.933194
    1.345 -0.936436  0.933194
  1.34543 -0.935334  0.933628
  1.34587 -0.934233  0.933628
   1.3463 -0.933134  0.934061
  1.34673 -0.932037  0.934061
  1.34717 -0.930941  0.934495
   1.3476 -0.929847  0.934495
  1.34803 -0.928755  0.934928
  1.34847 -0.927664  0.934928
   1.3489 -0.926575  0.935362
  1.34933 -0.925487  0.935362
  1.34977 -0.924401  0.935795
   1.3502 -0.923317  0.935795
  1.35063 -0.922234  0.936229
  1.35107 -0.921153  0.936229
   1.3515 -0.920074  0.936662
  1.35193 -0.918996  0.936662
  1.35237  -0.91792  0.937096
   1.3528 -0.916845  0.937096
  1.35323 -0.915772  0.937529
  1.35367 -0.914701  0.937529
   1.3541 -0.913631  0.937963
  1.35453 -0.912563  0.937963
  1.35497 -0.911496  0.938396
   1.3554 -0.910431  0.938396
  1.35584 -0.909367   0.93883
  1.35627 -0.908306   0.93883
   1.3567 -0.907245  0.939263
  1.35714 -0.906187  0.939263
  1.35757 -0.905129  0.939697
    1.358 -0.904074  0.939697
  1.35844  -0.90302   0.94013
  1.35887 -0.901967   0.94013
   1.3593 -0.900916  0.940564
  1.35974 -0.899867  0.940564
  1.36017 -0.898819  0.940997
   1.3606 -0.897773  0.940997
  1.36104 -0.896728   0.94143
  1.36147 -0.895685   0.94143
   1.3619 -0.894643  0.941864
  1.36234 -0.893604  0.941864
  1.36277 -0.892565  0.942297
   1.3632 -0.891528  0.942297
  1.36364 -0.890493  0.942731
  1.36407 -0.889459  0.942731
   1.3645 -0.888426  0.943164
  1.36494 -0.887396  0.943164
  1.36537 -0.886366  0.943598
  1.36581 -0.885339  0.943598
  1.36624 -0.884312  0.944031
  1.36667 -0.883288  0.944031
  1.36711 -0.882264  0.944465
  1.36754 -0.881243  0.944465
  1.36797 -0.880222  0.944898
  1.36841 -0.879204  0.944898
  1.36884 -0.878186  0.945332
  1.36927 -0.877171  0.945332
  1.36971 -0.876156  0.945765
  1.37014 -0.875144  0.945765
  1.37057 -0.874132  0.946199
  1.37101 -0.873123  0.946199
  1.37144 -0.872114  0.946632
  1.37187 -0.871108  0.946632
  1.37231 -0.870102  0.947066
  1.37274 -0.869098  0.947066
  1.37317 -0.868096  0.947499
  1.37361 -0.867095  0.947499
  1.37404 -0.866095  0.947933
  1.37447 -0.865098  0.947933
  1.37491 -0.864101  0.948366
  1.37534 -0.863106  0.948366
  1.37578 -0.862112    0.9488
  1.37621 -0.861121    0.9488
  1.37664 -0.860129  0.949233
  1.37708 -0.859141  0.949233
  1.37751 -0.858153  0.949667
  1.37794 -0.857167  0.949667
  1.37838 -0.856181    0.9501
  1.37881 -0.855198    0.9501
  1.37924 -0.854216  0.950534
  1.37968 -0.853236  0.950534
  1.38011 -0.852256  0.950967
  1.38054 -0.851279    0.9514
  1.38098 -0.850302    0.9514
  1.38141 -0.849328  0.951834
  1.38184 -0.848354  0.951834
  1.38228 -0.847383  0.952267
  1.38271 -0.846411  0.952267
  1.38314 -0.845443  0.952701
  1.38358 -0.844474  0.952701
  1.38401 -0.843509  0.953134
  1.38444 -0.842543  0.953134
  1.38488  -0.84158  0.953568
  1.38531 -0.840618  0.953568
  1.38575 -0.839657  0.954001
  1.38618 -0.838698  0.954001
  1.38661  -0.83774  0.954435
  1.38705 -0.836783  0.954435
  1.38748 -0.835828  0.954868
  1.38791 -0.834874  0.954868
  1.38835 -0.833922  0.955302
  1.38878 -0.832971  0.955302
  1.38921 -0.832022  0.955735
  1.38965 -0.831073  0.955735
  1.39008 -0.830127  0.956169
  1.39051 -0.829181  0.956169
  1.39095 -0.828237  0.956602
  1.39138 -0.827294  0.956602
  1.39181 -0.826353  0.957036
  1.39225 -0.825412  0.957036
  1.39268 -0.824474  0.957469
  1.39311 -0.823536  0.957469
  1.39355 -0.822601  0.957903
  1.39398 -0.821666  0.957903
  1.39441 -0.820733  0.958336
  1.39485 -0.819801  0.958336
  1.39528 -0.818871   0.95877
  1.39572 -0.817941   0.95877
  1.39615 -0.817014  0.959203
  1.39658 -0.816087  0.959203
  1.39702 -0.815162  0.959637
  1.39745 -0.814238  0.959637
  1.39788 -0.813316   0.96007
  1.39832 -0.812394   0.96007
  1.39875 -0.811475  0.960504
  1.39918 -0.810556  0.960504
  1.39962 -0.809639  0.960937
  1.40005 -0.808723  0.960937
  1.40048 -0.807808   0.96137
  1.40092 -0.806895   0.96137
  1.40135 -0.805983  0.961804
  1.40178 -0.805072  0.961804
  1.40222 -0.804163  0.962237
  1.40265 -0.803255  0.962237
  1.40308 -0.802349  0.962671
  1.40352 -0.801443  0.962671
  1.40395 -0.800539  0.963104
  1.40438 -0.799636  0.963104
  1.40482 -0.798735  0.963538
  1.40525 -0.797835  0.963538
  1.40569 -0.796936  0.963971
  1.40612 -0.796038  0.963971
  1.40655 -0.795142  0.964405
  1.40699 -0.794247  0.964405
  1.40742 -0.793353  0.964838
  1.40785  -0.79246  0.964838
  1.40829 -0.791569  0.965272
  1.40872 -0.790679  0.965272
  1.40915 -0.789791  0.965705
  1.40959 -0.788903  0.965705
  1.41002 -0.788017  0.966139
  1.41045 -0.787132  0.966139
  1.41089 -0.786249  0.966572
  1.41132 -0.785367  0.966572
  1.41175 -0.784486  0.967006
  1.41219 -0.783606  0.967006
  1.41262 -0.782727  0.967439
  1.41305  -0.78185  0.967439
  1.41349 -0.780974  0.967873
  1.41392 -0.780099  0.967873
  1.41435 -0.779226  0.968306
  1.41479 -0.778353  0.968306
  1.41522 -0.777482   0.96874
  1.41566 -0.776612   0.96874
  1.41609 -0.775744  0.969173
  1.41652 -0.774877  0.969173
  1.41696  -0.77401  0.969607
  1.41739 -0.773146  0.969607
  1.41782 -0.772282   0.97004
  1.41826  -0.77142   0.97004
  1.41869 -0.770558  0.970473
  1.41912 -0.769698  0.970473
  1.41956  -0.76884  0.970907
  1.41999 -0.767982  0.970907
  1.42042 -0.767126   0.97134
  1.42086 -0.766271   0.97134
  1.42129 -0.765417  0.971774
  1.42172 -0.764564  0.971774
  1.42216 -0.763713  0.972207
  1.42259 -0.762863  0.972207
  1.42302 -0.762013  0.972641
  1.42346 -0.761166  0.972641
  1.42389 -0.760319  0.973074
  1.42432 -0.759474  0.973074
  1.42476 -0.758629  0.973508
  1.42519 -0.757786  0.973508
  1.42563 -0.756944  0.973941
  1.42606 -0.756104  0.973941
  1.42649 -0.755264  0.974375
  1.42693 -0.754426  0.974375
  1.42736 -0.753589  0.974808
  1.42779 -0.752753  0.974808
  1.42823 -0.751918  0.975242
  1.42866 -0.751085  0.975242
  1.42909 -0.750252  0.975675
  1.42953 -0.749421  0.975675
  1.42996 -0.748591  0.976109
  1.43039 -0.747762  0.976109
  1.43083 -0.746934  0.976542
  1.43126 -0.746108  0.976542
  1.43169 -0.745282  0.976976
  1.43213 -0.744459  0.976976
  1.43256 -0.743635  0.977409
  1.43299 -0.742814  0.977409
  1.43343 -0.741993  0.977843
  1.43386 -0.741173  0.977843
  1.43429 -0.740355  0.978276
  1.43473 -0.739538  0.978276
  1.43516 -0.738721   0.97871
   1.4356 -0.737907   0.97871
  1.43603 -0.737092  0.979143
  1.43646  -0.73628  0.979143
   1.4369 -0.735468  0.979577
  1.43733 -0.734658  0.979577
  1.43776 -0.733848   0.98001
   1.4382 -0.733041   0.98001
  1.43863 -0.732233  0.980443
  1.43906 -0.731428  0.980443
   1.4395 -0.730623  0.980877
  1.43993 -0.729819  0.980877
  1.44036 -0.729017   0.98131
   1.4408 -0.728215   0.98131
  1.44123 -0.727415  0.981744
  1.44166 -0.726616  0.981744
   1.4421 -0.725818  0.982177
  1.44253 -0.725021  0.982177
  1.44296 -0.724225  0.982611
   1.4434 -0.723431  0.982611
  1.44383 -0.722637  0.983044
  1.44426 -0.721845  0.983044
   1.4447 -0.721053  0.983478
  1.44513 -0.720263  0.983478
  1.44557 -0.719474  0.983911
    1.446 -0.718686  0.983911
  1.44643 -0.717899  0.984345
  1.44687 -0.717113  0.984345
   1.4473 -0.716328  0.984778
  1.44773 -0.715545  0.984778
  1.44817 -0.714762  0.985212
   1.4486 -0.713981  0.985212
  1.44903   -0.7132  0.985645
  1.44947 -0.712421  0.985645
   1.4499 -0.711642  0.986079
  1.45033 -0.710866  0.986079
  1.45077 -0.710089  0.986512
   1.4512 -0.709315  0.986946
  1.45163  -0.70854  0.986946
  1.45207 -0.707768  0.987379
   1.4525 -0.706996  0.987379
  1.45293 -0.706225  0.987813
  1.45337 -0.705455  0.987813
   1.4538 -0.704687  0.988246
  1.45423 -0.703919  0.988246
  1.45467 -0.703153   0.98868
   1.4551 -0.702387   0.98868
  1.45554 -0.701624  0.989113
  1.45597  -0.70086  0.989113
   1.4564 -0.700098  0.989547
  1.45684 -0.699337  0.989547
  1.45727 -0.698577   0.98998
   1.4577 -0.697817   0.98998
  1.45814  -0.69706  0.990413
  1.45857 -0.696303  0.990413
    1.459 -0.695547  0.990847
  1.45944 -0.694792  0.990847
  1.45987 -0.694038   0.99128
   1.4603 -0.693285   0.99128
  1.46074 -0.692534  0.991714
  1.46117 -0.691783  0.991714
   1.4616 -0.691034  0.992147
  1.46204 -0.690285  0.992147
  1.46247 -0.689537  0.992581
   1.4629  -0.68879  0.992581
  1.46334 -0.688045  0.993014
  1.46377   -0.6873  0.993014
   1.4642 -0.686557  0.993448
  1.46464 -0.685815  0.993448
  1.46507 -0.685073  0.993881
  1.46551 -0.684333  0.993881
  1.46594 -0.683594  0.994315
  1.46637 -0.682855  0.994315
  1.46681 -0.682118  0.994748
  1.46724 -0.681381  0.994748
  1.46767 -0.680646  0.995182
  1.46811 -0.679912  0.995182
  1.46854 -0.679179  0.995615
  1.46897 -0.678446  0.995615
  1.46941 -0.677715  0.996049
  1.46984 -0.676984  0.996049
  1.47027 -0.676255  0.996482
  1.47071 -0.675527  0.996482
  1.47114   -0.6748  0.996916
  1.47157 -0.674073  0.996916
  1.47201 -0.673348  0.997349
  1.47244 -0.672624  0.997349
  1.47287   -0.6719  0.997783
  1.47331 -0.671178  0.997783
  1.47374 -0.670457  0.998216
  1.47417 -0.669736  0.998216
  1.47461 -0.669017   0.99865
  1.47504 -0.668298   0.99865
  1.47548 -0.667581  0.999083
  1.47591 -0.666865  0.999083
  1.47634 -0.666149  0.999517
  1.47678 -0.665435  0.999517
  1.47721 -0.664721   0.99995
  1.47764 -0.664009   0.99995
  1.47808 -0.663297   1.00038
  1.47851 -0.662587   1.00038
  1.47894 -0.661877   1.00082
  1.47938 -0.661168   1.00082
  1.47981 -0.660461   1.00125
  1.48024 -0.659754   1.00125
  1.48068 -0.659048   1.00168
  1.48111 -0.658343   1.00168
  1.48154  -0.65764   1.00212
  1.48198 -0.656937   1.00212
  1.48241 -0.656235   1.00255
  1.48284 -0.655534   1.00255
  1.48328 -0.654834   1.00298
  1.48371 -0.654135   1.00298
  1.48414 -0.653437   1.00342
  1.48458 -0.652739   1.00342
  1.48501 -0.652043   1.00385
  1.48545 -0.651348   1.00385
  1.48588 -0.650654   1.00428
  1.48631  -0.64996   1.00428
  1.48675 -0.649268   1.00472
  1.48718 -0.648576   1.00472
  1.48761 -0.647886   1.00515
  1.48805 -0.647196   1.00515
  1.48848 -0.646507   1.00559
  1.48891 -0.645819   1.00559
  1.48935 -0.645133   1.00602
  1.48978 -0.644447   1.00602
  1.49021 -0.643762   1.00645
  1.49065 -0.643078   1.00645
  1.49108 -0.642395   1.00689
  1.49151 -0.641712   1.00689
  1.49195 -0.641031   1.00732
  1.49238 -0.640351   1.00732
  1.49281 -0.639671   1.00775
  1.49325 -0.638993   1.00775
  1.49368 -0.638315   1.00819
  1.49411 -0.637638   1.00819
  1.49455 -0.636963   1.00862
  1.49498 -0.636288   1.00862
  1.49542 -0.635614   1.00905
  1.49585 -0.634941   1.00905
  1.49628 -0.634268   1.00949
  1.49672 -0.633597   1.00949
  1.49715 -0.632927   1.00992
  1.49758 -0.632257   1.00992
  1.49802 -0.631589   1.01035
  1.49845 -0.630921   1.01035
  1.49888 -0.630254   1.01079
  1.49932 -0.629589   1.01079
  1.49975 -0.628924   1.01122
  1.50018  -0.62826   1.01122
  1.50062 -0.627596   1.01165
  1.50105 -0.626934   1.01165
  1.50148 -0.626273   1.01209
  1.50192 -0.625612   1.01209
  1.50235 -0.624953   1.01252
  1.50278 -0.624294   1.01252
  1.50322 -0.623636   1.01295
  1.50365 -0.622979   1.01295
  1.50408 -0.622323   1.01339
  1.50452 -0.621668   1.01339
  1.50495 -0.621013   1.01382
  1.50539  -0.62036   1.01382
  1.50582 -0.619707   1.01425
  1.50625 -0.619056   1.01425
  1.50669 -0.618405   1.01469
  1.50712 -0.617755   1.01469
  1.50755 -0.617106   1.01512
  1.50799 -0.616458   1.01512
  1.50842  -0.61581   1.01556
  1.50885 -0.615164   1.01556
  1.50929 -0.614518   1.01599
  1.50972 -0.613874   1.01599
  1.51015 -0.613229   1.01642
  1.51059 -0.612587   1.01642
  1.51102 -0.611944   1.01686
  1.51145 -0.611303   1.01686
  1.51189 -0.610662   1.01729
  1.51232 -0.610023   1.01729
  1.51275 -0.609384   1.01772
  1.51319 -0.608746   1.01772
  1.51362 -0.608109   1.01816
  1.51405 -0.607473   1.01816
  1.51449 -0.606837   1.01859
  1.51492 -0.606203   1.01859
  1.51536 -0.605569   1.01902
  1.51579 -0.604937   1.01902
  1.51622 -0.604304   1.01946
  1.51666 -0.603673   1.01946
  1.51709 -0.603043   1.01989
  1.51752 -0.602414   1.01989
  1.51796 -0.601785   1.02032
  1.51839 -0.601157   1.02032
  1.51882  -0.60053   1.02076
  1.51926 -0.599904   1.02076
  1.51969 -0.599278   1.02119
  1.52012 -0.598654   1.02119
  1.52056  -0.59803   1.02162
  1.52099 -0.597408   1.02162
  1.52142 -0.596785   1.02206
  1.52186 -0.596164   1.02206
  1.52229 -0.595544   1.02249
  1.52272 -0.594925   1.02249
  1.52316 -0.594306   1.02292
  1.52359 -0.593688   1.02292
  1.52402 -0.593071   1.02336
  1.52446 -0.592455   1.02336
  1.52489 -0.591839   1.02379
  1.52533 -0.591224   1.02379
  1.52576  -0.59061   1.02422
  1.52619 -0.589998   1.02422
  1.52663 -0.589385   1.02466
  1.52706 -0.588774   1.02466
  1.52749 -0.588163   1.02509
  1.52793 -0.587554   1.02509
  1.52836 -0.586944   1.02553
  1.52879 -0.586336   1.02553
  1.52923 -0.585729   1.02596
  1.52966 -0.585122   1.02596
  1.53009 -0.584516   1.02639
  1.53053 -0.583912   1.02639
  1.53096 -0.583307   1.02683
  1.53139 -0.582704   1.02683
  1.53183 -0.582101   1.02726
  1.53226   -0.5815   1.02726
  1.53269 -0.580898   1.02769
  1.53313 -0.580298   1.02769
  1.53356 -0.579699   1.02813
  1.53399   -0.5791   1.02813
  1.53443 -0.578502   1.02856
  1.53486 -0.577905   1.02856
   1.5353 -0.577309   1.02899
  1.53573 -0.576714   1.02899
  1.53616 -0.576119   1.02943
   1.5366 -0.575525   1.02943
  1.53703 -0.574931   1.02986
  1.53746 -0.574339   1.02986
   1.5379 -0.573747   1.03029
  1.53833 -0.573157   1.03029
  1.53876 -0.572566   1.03073
   1.5392 -0.571978   1.03116
  1.53963 -0.571389   1.03116
  1.54006 -0.570801   1.03159
   1.5405 -0.570214   1.03159
  1.54093 -0.569628   1.03203
  1.54136 -0.569042   1.03203
   1.5418 -0.568458   1.03246
  1.54223 -0.567874   1.03246
  1.54266 -0.567291   1.03289
   1.5431 -0.566708   1.03289
  1.54353 -0.566127   1.03333
  1.54396 -0.565546   1.03333
   1.5444 -0.564966   1.03376
  1.54483 -0.564386   1.03376
  1.54527 -0.563808   1.03419
   1.5457  -0.56323   1.03419
  1.54613 -0.562653   1.03463
  1.54657 -0.562076   1.03463
    1.547 -0.561501   1.03506
  1.54743 -0.560926   1.03506
  1.54787 -0.560352    1.0355
   1.5483 -0.559778    1.0355
  1.54873 -0.559206   1.03593
  1.54917 -0.558634   1.03593
   1.5496 -0.558063   1.03636
  1.55003 -0.557492   1.03636
  1.55047 -0.556923    1.0368
   1.5509 -0.556354    1.0368
  1.55133 -0.555786   1.03723
  1.55177 -0.555218   1.03723
   1.5522 -0.554652   1.03766
  1.55263 -0.554086   1.03766
  1.55307 -0.553521    1.0381
   1.5535 -0.552956    1.0381
  1.55393 -0.552392   1.03853
  1.55437 -0.551829   1.03853
   1.5548 -0.551267   1.03896
  1.55524 -0.550705   1.03896
  1.55567 -0.550145    1.0394
   1.5561 -0.549584    1.0394
  1.55654 -0.549025   1.03983
  1.55697 -0.548466   1.03983
   1.5574 -0.547909   1.04026
  1.55784 -0.547351   1.04026
  1.55827 -0.546795    1.0407
   1.5587 -0.546239    1.0407
  1.55914 -0.545684   1.04113
  1.55957  -0.54513   1.04113
     1.56 -0.544576   1.04156
  1.56044 -0.544023   1.04156
  1.56087 -0.543471     1.042
   1.5613 -0.542919     1.042
  1.56174 -0.542369   1.04243
  1.56217 -0.541819   1.04243
   1.5626 -0.541269   1.04286
  1.56304 -0.540721   1.04286
  1.56347 -0.540173    1.0433
   1.5639 -0.539625    1.0433
  1.56434 -0.539079   1.04373
  1.56477 -0.538533   1.04373
  1.56521 -0.537988   1.04416
  1.56564 -0.537444   1.04416
  1.56607   -0.5369    1.0446
  1.56651 -0.536357    1.0446
  1.56694 -0.535815   1.04503
  1.56737 -0.535273   1.04503
  1.56781 -0.534732   1.04547
  1.56824 -0.534192   1.04547
  1.56867 -0.533652    1.0459
  1.56911 -0.533113    1.0459
  1.56954 -0.532575   1.04633
  1.56997 -0.532038   1.04633
  1.57041 -0.531501   1.04677
  1.57084 -0.530965   1.04677
  1.57127  -0.53043    1.0472
  1.57171 -0.529895    1.0472
  1.57214 -0.529361   1.04763
  1.57257 -0.528828   1.04763
  1.57301 -0.528295   1.04807
  1.57344 -0.527763   1.04807
  1.57387 -0.527232    1.0485
  1.57431 -0.526701    1.0485
  1.57474 -0.526171   1.04893
  1.57518 -0.525642   1.04893
  1.57561 -0.525113   1.04937
  1.57604 -0.524585   1.04937
  1.57648 -0.524058    1.0498
  1.57691 -0.523532    1.0498
  1.57734 -0.523006   1.05023
  1.57778 -0.522481   1.05023
  1.57821 -0.521956   1.05067
  1.57864 -0.521432   1.05067
  1.57908 -0.520909    1.0511
  1.57951 -0.520387    1.0511
  1.57994 -0.519865   1.05153
  1.58038 -0.519344   1.05153
  1.58081 -0.518823   1.05197
  1.58124 -0.518303   1.05197
  1.58168 -0.517784    1.0524
  1.58211 -0.517265    1.0524
  1.58254 -0.516748   1.05283
  1.58298  -0.51623   1.05283
  1.58341 -0.515714   1.05327
  1.58384 -0.515198   1.05327
  1.58428 -0.514683    1.0537
  1.58471 -0.514168    1.0537
  1.58515 -0.513654   1.05413
  1.58558 -0.513141   1.05413
  1.58601 -0.512628   1.05457
  1.58645 -0.512116   1.05457
  1.58688 -0.511605     1.055
  1.58731 -0.511094     1.055
  1.58775 -0.510584   1.05544
  1.58818 -0.510075   1.05544
  1.58861 -0.509566   1.05587
  1.58905 -0.509058   1.05587
  1.58948  -0.50855    1.0563
  1.58991 -0.508044    1.0563
  1.59035 -0.507537   1.05674
  1.59078 -0.507032   1.05674
  1.59121 -0.506527   1.05717
  1.59165 -0.506023   1.05717
  1.59208 -0.505519    1.0576
  1.59251 -0.505016    1.0576
  1.59295 -0.504514   1.05804
  1.59338 -0.504012   1.05804
  1.59381 -0.503511   1.05847
  1.59425 -0.503011   1.05847
  1.59468 -0.502511    1.0589
  1.59512 -0.502012    1.0589
  1.59555 -0.501513   1.05934
  1.59598 -0.501015   1.05934
  1.59642 -0.500518   1.05977
  1.59685 -0.500021   1.05977
  1.59728 -0.499525    1.0602
  1.59772  -0.49903    1.0602
  1.59815 -0.498535   1.06064
  1.59858 -0.498041   1.06064
  1.59902 -0.497547   1.06107
  1.59945 -0.497055   1.06107
  1.59988 -0.496562    1.0615
  1.60032 -0.496071    1.0615
  1.60075  -0.49558   1.06194
  1.60118 -0.495089   1.06194
  1.60162 -0.494599   1.06237
  1.60205  -0.49411   1.06237
  1.60248 -0.493622    1.0628
  1.60292 -0.493134    1.0628
  1.60335 -0.492646   1.06324
  1.60378  -0.49216   1.06324
  1.60422 -0.491673   1.06367
  1.60465 -0.491188   1.06367
  1.60509 -0.490703    1.0641
  1.60552 -0.490219    1.0641
  1.60595 -0.489735   1.06454
  1.60639 -0.489252   1.06454
  1.60682 -0.488769   1.06497
  1.60725 -0.488288   1.06497
  1.60769 -0.487806   1.06541
  1.60812 -0.487326   1.06541
  1.60855 -0.486845   1.06584
  1.60899 -0.486366   1.06584
  1.60942 -0.485887   1.06627
  1.60985 -0.485409   1.06627
  1.61029 -0.484931   1.06671
  1.61072 -0.484454   1.06671
  1.61115 -0.483978   1.06714
  1.61159 -0.483502   1.06714
  1.61202 -0.483027   1.06757
  1.61245 -0.482552   1.06757
  1.61289 -0.482078   1.06801
  1.61332 -0.481604   1.06801
  1.61375 -0.481131   1.06844
  1.61419 -0.480659   1.06844
  1.61462 -0.480187   1.06887
  1.61506 -0.479716   1.06887
  1.61549 -0.479246   1.06931
  1.61592 -0.478776   1.06931
  1.61636 -0.478306   1.06974
  1.61679 -0.477838   1.06974
  1.61722 -0.477369   1.07017
  1.61766 -0.476902   1.07017
  1.61809 -0.476435   1.07061
  1.61852 -0.475968   1.07061
  1.61896 -0.475502   1.07104
  1.61939 -0.475037   1.07104
  1.61982 -0.474572   1.07147
  1.62026 -0.474108   1.07147
  1.62069 -0.473644   1.07191
  1.62112 -0.473182   1.07191
  1.62156 -0.472719   1.07234
  1.62199 -0.472257   1.07234
  1.62242 -0.471796   1.07277
  1.62286 -0.471335   1.07277
  1.62329 -0.470875   1.07321
  1.62372 -0.470416   1.07321
  1.62416 -0.469957   1.07364
  1.62459 -0.469498   1.07364
  1.62503  -0.46904   1.07407
  1.62546 -0.468583   1.07407
  1.62589 -0.468126   1.07451
  1.62633  -0.46767   1.07451
  1.62676 -0.467215   1.07494
  1.62719  -0.46676   1.07494
  1.62763 -0.466305   1.07538
  1.62806 -0.465851   1.07538
  1.62849 -0.465398   1.07581
  1.62893 -0.464945   1.07581
  1.62936 -0.464493   1.07624
  1.62979 -0.464041   1.07624
  1.63023  -0.46359   1.07668
  1.63066  -0.46314   1.07668
  1.63109  -0.46269   1.07711
  1.63153  -0.46224   1.07711
  1.63196 -0.461791   1.07754
  1.63239 -0.461343   1.07754
  1.63283 -0.460895   1.07798
  1.63326 -0.460448   1.07798
  1.63369 -0.460001   1.07841
  1.63413 -0.459555   1.07841
  1.63456  -0.45911   1.07884
  1.63499 -0.458665   1.07884
  1.63543  -0.45822   1.07928
  1.63586 -0.457776   1.07928
   1.6363 -0.457333   1.07971
  1.63673  -0.45689   1.07971
  1.63716 -0.456448   1.08014
   1.6376 -0.456006   1.08014
  1.63803 -0.455565   1.08058
  1.63846 -0.455124   1.08058
   1.6389 -0.454684   1.08101
  1.63933 -0.454245   1.08101
  1.63976 -0.453806   1.08144
   1.6402 -0.453367   1.08144
  1.64063 -0.452929   1.08188
  1.64106 -0.452492   1.08188
   1.6415 -0.452055   1.08231
  1.64193 -0.451619   1.08231
  1.64236 -0.451183   1.08274
   1.6428 -0.450748   1.08274
  1.64323 -0.450313   1.08318
  1.64366 -0.449879   1.08318
   1.6441 -0.449445   1.08361
  1.64453 -0.449012   1.08361
  1.64496 -0.448579   1.08404
   1.6454 -0.448147   1.08404
  1.64583 -0.447716   1.08448
  1.64627 -0.447285   1.08448
   1.6467 -0.446854   1.08491
  1.64713 -0.446424   1.08491
  1.64757 -0.445995   1.08535
    1.648 -0.445566   1.08535
  1.64843 -0.445137   1.08578
  1.64887  -0.44471   1.08578
   1.6493 -0.444282   1.08621
  1.64973 -0.443856   1.08621
  1.65017 -0.443429   1.08665
   1.6506 -0.443003   1.08665
  1.65103 -0.442578   1.08708
  1.65147 -0.442153   1.08708
   1.6519 -0.441729   1.08751
  1.65233 -0.441306   1.08751
  1.65277 -0.440882   1.08795
   1.6532  -0.44046   1.08795
  1.65363 -0.440037   1.08838
  1.65407 -0.439616   1.08838
   1.6545 -0.439195   1.08881
  1.65493 -0.438774   1.08881
  1.65537 -0.438354   1.08925
   1.6558 -0.437934   1.08925
  1.65624 -0.437515   1.08968
  1.65667 -0.437097   1.08968
   1.6571 -0.436679   1.09011
  1.65754 -0.436261   1.09055
  1.65797 -0.435844   1.09055
   1.6584 -0.435428   1.09098
  1.65884 -0.435011   1.09098
  1.65927 -0.434596   1.09141
   1.6597 -0.434181   1.09141
  1.66014 -0.433767   1.09185
  1.66057 -0.433352   1.09185
    1.661 -0.432939   1.09228
  1.66144 -0.432526   1.09228
  1.66187 -0.432113   1.09271
   1.6623 -0.431701   1.09271
  1.66274  -0.43129   1.09315
  1.66317 -0.430879   1.09315
   1.6636 -0.430468   1.09358
  1.66404 -0.430058   1.09358
  1.66447 -0.429649   1.09401
   1.6649  -0.42924   1.09401
  1.66534 -0.428831   1.09445
  1.66577 -0.428423   1.09445
  1.66621 -0.428016   1.09488
  1.66664 -0.427608   1.09488
  1.66707 -0.427202   1.09532
  1.66751 -0.426796   1.09532
  1.66794  -0.42639   1.09575
  1.66837 -0.425985   1.09575
  1.66881 -0.425581   1.09618
  1.66924 -0.425176   1.09618
  1.66967 -0.424773   1.09662
  1.67011  -0.42437   1.09662
  1.67054 -0.423967   1.09705
  1.67097 -0.423565   1.09705
  1.67141 -0.423163   1.09748
  1.67184 -0.422762   1.09748
  1.67227 -0.422361   1.09792
  1.67271 -0.421961   1.09792
  1.67314 -0.421561   1.09835
  1.67357 -0.421162   1.09835
  1.67401 -0.420763   1.09878
  1.67444 -0.420365   1.09878
  1.67487 -0.419967   1.09922
  1.67531  -0.41957   1.09922
  1.67574 -0.419173   1.09965
  1.67618 -0.418777   1.09965
  1.67661 -0.418381   1.10008
  1.67704 -0.417985   1.10008
  1.67748  -0.41759   1.10052
  1.67791 -0.417196   1.10052
  1.67834 -0.416802   1.10095
  1.67878 -0.416408   1.10095
  1.67921 -0.416015   1.10138
  1.67964 -0.415622   1.10138
  1.68008  -0.41523   1.10182
  1.68051 -0.414839   1.10182
  1.68094 -0.414448   1.10225
  1.68138 -0.414057   1.10225
  1.68181 -0.413667   1.10268
  1.68224 -0.413277   1.10268
  1.68268 -0.412888   1.10312
  1.68311 -0.412499   1.10312
  1.68354  -0.41211   1.10355
  1.68398 -0.411722   1.10355
  1.68441 -0.411335   1.10398
  1.68484 -0.410948   1.10398
  1.68528 -0.410561   1.10442
  1.68571 -0.410175   1.10442
  1.68615  -0.40979   1.10485
  1.68658 -0.409404   1.10485
  1.68701  -0.40902   1.10529
  1.68745 -0.408635   1.10529
  1.68788 -0.408252   1.10572
  1.68831 -0.407868   1.10572
  1.68875 -0.407486   1.10615
  1.68918 -0.407103   1.10615
  1.68961 -0.406721   1.10659
  1.69005  -0.40634   1.10659
  1.69048 -0.405959   1.10702
  1.69091 -0.405578   1.10702
  1.69135 -0.405198   1.10745
  1.69178 -0.404818   1.10745
  1.69221 -0.404439   1.10789
  1.69265  -0.40406   1.10789
  1.69308 -0.403682   1.10832
  1.69351 -0.403304   1.10832
  1.69395 -0.402927   1.10875
  1.69438  -0.40255   1.10875
  1.69481 -0.402173   1.10919
  1.69525 -0.401797   1.10919
  1.69568 -0.401422   1.10962
  1.69612 -0.401046   1.10962
  1.69655 -0.400672   1.11005
  1.69698 -0.400297   1.11005
  1.69742 -0.399924   1.11049
  1.69785  -0.39955   1.11049
  1.69828 -0.399177   1.11092
  1.69872 -0.398805   1.11092
  1.69915 -0.398433   1.11135
  1.69958 -0.398061   1.11135
  1.70002  -0.39769   1.11179
  1.70045 -0.397319   1.11179
  1.70088 -0.396949   1.11222
  1.70132 -0.396579   1.11222
  1.70175 -0.396209   1.11265
  1.70218  -0.39584   1.11265
  1.70262 -0.395472   1.11309
  1.70305 -0.395104   1.11309
  1.70348 -0.394736   1.11352
  1.70392 -0.394369   1.11352
  1.70435 -0.394002   1.11395
  1.70478 -0.393635   1.11395
  1.70522  -0.39327   1.11439
  1.70565 -0.392904   1.11439
  1.70609 -0.392539   1.11482
  1.70652 -0.392174   1.11482
  1.70695  -0.39181   1.11526
  1.70739 -0.391446   1.11526
  1.70782 -0.391083   1.11569
  1.70825  -0.39072   1.11569
  1.70869 -0.390357   1.11612
  1.70912 -0.389995   1.11612
  1.70955 -0.389634   1.11656
  1.70999 -0.389272   1.11656
  1.71042 -0.388912   1.11699
  1.71085 -0.388551   1.11699
  1.71129 -0.388191   1.11742
  1.71172 -0.387832   1.11742
  1.71215 -0.387473   1.11786
  1.71259 -0.387114   1.11786
  1.71302 -0.386756   1.11829
  1.71345 -0.386398   1.11829
  1.71389  -0.38604   1.11872
  1.71432 -0.385683   1.11872
  1.71475 -0.385327   1.11916
  1.71519  -0.38497   1.11916
  1.71562 -0.384615   1.11959
  1.71606 -0.384259   1.11959
  1.71649 -0.383905   1.12002
  1.71692  -0.38355   1.12002
  1.71736 -0.383196   1.12046
  1.71779 -0.382842   1.12046
  1.71822 -0.382489   1.12089
  1.71866 -0.382136   1.12089
  1.71909 -0.381784   1.12132
  1.71952 -0.381432   1.12132
  1.71996  -0.38108   1.12176
  1.72039 -0.380729   1.12176
  1.72082 -0.380378   1.12219
  1.72126 -0.380028   1.12219
  1.72169 -0.379678   1.12262
  1.72212 -0.379328   1.12262
  1.72256 -0.378979   1.12306
  1.72299  -0.37863   1.12306
  1.72342 -0.378282   1.12349
  1.72386 -0.377934   1.12349
  1.72429 -0.377587   1.12392
  1.72472  -0.37724   1.12392
  1.72516 -0.376893   1.12436
  1.72559 -0.376547   1.12436
  1.72603 -0.376201   1.12479
  1.72646 -0.375855   1.12479
  1.72689  -0.37551   1.12523
  1.72733 -0.375165   1.12523
  1.72776 -0.374821   1.12566
  1.72819 -0.374477   1.12566
  1.72863 -0.374134   1.12609
  1.72906 -0.373791   1.12609
  1.72949 -0.373448   1.12653
  1.72993 -0.373106   1.12653
  1.73036 -0.372764   1.12696
  1.73079 -0.372422   1.12696
  1.73123 -0.372081   1.12739
  1.73166 -0.371741   1.12739
  1.73209   -0.3714   1.12783
  1.73253  -0.37106   1.12783
  1.73296 -0.370721   1.12826
  1.73339 -0.370382   1.12826
  1.73383 -0.370043   1.12869
  1.73426 -0.369705   1.12869
  1.73469 -0.369367   1.12913
  1.73513 -0.369029   1.12913
  1.73556 -0.368692   1.12956
    1.736 -0.368355   1.12956
  1.73643 -0.368019   1.12999
  1.73686 -0.367683   1.12999
   1.7373 -0.367348   1.13043
  1.73773 -0.367012   1.13043
  1.73816 -0.366678   1.13086
   1.7386 -0.366343   1.13086
  1.73903 -0.366009   1.13129
  1.73946 -0.365675   1.13129
   1.7399 -0.365342   1.13173
  1.74033 -0.365009   1.13173
  1.74076 -0.364677   1.13216
   1.7412 -0.364345   1.13216
  1.74163 -0.364013   1.13259
  1.74206 -0.363682   1.13259
   1.7425 -0.363351   1.13303
  1.74293  -0.36302   1.13303
  1.74336  -0.36269   1.13346
   1.7438  -0.36236   1.13346
  1.74423 -0.362031   1.13389
  1.74466 -0.361702   1.13389
   1.7451 -0.361373   1.13433
  1.74553 -0.361045   1.13433
  1.74597 -0.360717   1.13476
   1.7464 -0.360389   1.13476
  1.74683 -0.360062    1.1352
  1.74727 -0.359736    1.1352
   1.7477 -0.359409   1.13563
  1.74813 -0.359083   1.13563
  1.74857 -0.358757   1.13606
    1.749 -0.358432   1.13606
  1.74943 -0.358107    1.1365
  1.74987 -0.357783    1.1365
   1.7503 -0.357459   1.13693
  1.75073 -0.357135   1.13693
  1.75117 -0.356812   1.13736
   1.7516 -0.356489   1.13736
  1.75203 -0.356166    1.1378
  1.75247 -0.355844    1.1378
   1.7529 -0.355522   1.13823
  1.75333   -0.3552   1.13823
  1.75377 -0.354879   1.13866
   1.7542 -0.354558   1.13866
  1.75463 -0.354238    1.1391
  1.75507 -0.353918    1.1391
   1.7555 -0.353598   1.13953
  1.75594 -0.353279   1.13953
  1.75637  -0.35296   1.13996
   1.7568 -0.352641   1.13996
  1.75724 -0.352323    1.1404
  1.75767 -0.352005    1.1404
   1.7581 -0.351687   1.14083
  1.75854  -0.35137   1.14083
  1.75897 -0.351054   1.14126
   1.7594 -0.350737   1.14126
  1.75984 -0.350421    1.1417
  1.76027 -0.350105    1.1417
   1.7607  -0.34979   1.14213
  1.76114 -0.349475   1.14213
  1.76157  -0.34916   1.14256
    1.762 -0.348846   1.14256
  1.76244 -0.348532     1.143
  1.76287 -0.348219     1.143
   1.7633 -0.347906   1.14343
  1.76374 -0.347593   1.14343
  1.76417  -0.34728   1.14386
   1.7646 -0.346968   1.14386
  1.76504 -0.346657    1.1443
  1.76547 -0.346345    1.1443
  1.76591 -0.346034   1.14473
  1.76634 -0.345723   1.14473
  1.76677 -0.345413   1.14517
  1.76721 -0.345103   1.14517
  1.76764 -0.344794    1.1456
  1.76807 -0.344484    1.1456
  1.76851 -0.344175   1.14603
  1.76894 -0.343867   1.14603
  1.76937 -0.343559   1.14647
  1.76981 -0.343251   1.14647
  1.77024 -0.342943    1.1469
  1.77067 -0.342636    1.1469
  1.77111 -0.342329   1.14733
  1.77154 -0.342023   1.14733
  1.77197 -0.341717   1.14777
  1.77241 -0.341411   1.14777
  1.77284 -0.341105    1.1482
  1.77327   -0.3408    1.1482
  1.77371 -0.340496   1.14863
  1.77414 -0.340191   1.14863
  1.77457 -0.339887   1.14907
  1.77501 -0.339584   1.14907
  1.77544  -0.33928    1.1495
  1.77588 -0.338977    1.1495
  1.77631 -0.338675   1.14993
  1.77674 -0.338372   1.14993
  1.77718  -0.33807   1.15037
  1.77761 -0.337769   1.15037
  1.77804 -0.337467    1.1508
  1.77848 -0.337167    1.1508
  1.77891 -0.336866   1.15123
  1.77934 -0.336566   1.15123
  1.77978 -0.336266   1.15167
  1.78021 -0.335966   1.15167
  1.78064 -0.335667    1.1521
  1.78108 -0.335368    1.1521
  1.78151 -0.335069   1.15253
  1.78194 -0.334771   1.15253
  1.78238 -0.334473   1.15297
  1.78281 -0.334176   1.15297
  1.78324 -0.333879    1.1534
  1.78368 -0.333582    1.1534
  1.78411 -0.333285   1.15383
  1.78454 -0.332989   1.15383
  1.78498 -0.332693   1.15427
  1.78541 -0.332398   1.15427
  1.78585 -0.332102    1.1547
  1.78628 -0.331807    1.1547
  1.78671 -0.331513   1.15514
  1.78715 -0.331219   1.15514
  1.78758 -0.330925   1.15557
  1.78801 -0.330631   1.15557
  1.78845 -0.330338     1.156
  1.78888 -0.330045     1.156
  1.78931 -0.329753   1.15644
  1.78975  -0.32946   1.15644
  1.79018 -0.329168   1.15687
  1.79061 -0.328877   1.15687
  1.79105 -0.328586    1.1573
  1.79148 -0.328295    1.1573
  1.79191 -0.328004   1.15774
  1.79235 -0.327714   1.15774
  1.79278 -0.327424   1.15817
  1.79321 -0.327134   1.15817
  1.79365 -0.326845    1.1586
  1.79408 -0.326556    1.1586
  1.79451 -0.326267   1.15904
  1.79495 -0.325979   1.15904
  1.79538 -0.325691   1.15947
  1.79582 -0.325404   1.15947
  1.79625 -0.325116    1.1599
  1.79668 -0.324829    1.1599
  1.79712 -0.324542   1.16034
  1.79755 -0.324256   1.16034
  1.79798  -0.32397   1.16077
  1.79842 -0.323684   1.16077
  1.79885 -0.323399    1.1612
  1.79928 -0.323114    1.1612
  1.79972 -0.322829   1.16164
  1.80015 -0.322545   1.16164
  1.80058  -0.32226   1.16207
  1.80102 -0.321977   1.16207
  1.80145 -0.321693    1.1625
  1.80188  -0.32141    1.1625
  1.80232 -0.321127   1.16294
  1.80275 -0.320845   1.16294
  1.80318 -0.320562   1.16337
  1.80362  -0.32028   1.16337
  1.80405 -0.319999    1.1638
  1.80448 -0.319717    1.1638
  1.80492 -0.319436   1.16424
  1.80535 -0.319156   1.16424
  1.80579 -0.318875   1.16467
  1.80622 -0.318595   1.16467
  1.80665 -0.318316   1.16511
  1.80709 -0.318036   1.16511
  1.80752 -0.317757   1.16554
  1.80795 -0.317478   1.16554
  1.80839   -0.3172   1.16597
  1.80882 -0.316922   1.16597
  1.80925 -0.316644   1.16641
  1.80969 -0.316366   1.16641
  1.81012 -0.316089   1.16684
  1.81055 -0.315812   1.16684
  1.81099 -0.315535   1.16727
  1.81142 -0.315259   1.16727
  1.81185 -0.314983   1.16771
  1.81229 -0.314707   1.16771
  1.81272 -0.314432   1.16814
  1.81315 -0.314157   1.16814
  1.81359 -0.313882   1.16857
  1.81402 -0.313608   1.16857
  1.81445 -0.313333   1.16901
  1.81489  -0.31306   1.16901
  1.81532 -0.312786   1.16944
  1.81576 -0.312513   1.16944
  1.81619  -0.31224   1.16987
  1.81662 -0.311967   1.16987
  1.81706 -0.311695   1.17031
  1.81749 -0.311423   1.17031
  1.81792 -0.311151   1.17074
  1.81836  -0.31088   1.17074
  1.81879 -0.310608   1.17117
  1.81922 -0.310338   1.17117
  1.81966 -0.310067   1.17161
  1.82009 -0.309797   1.17161
  1.82052 -0.309527   1.17204
  1.82096 -0.309257   1.17204
  1.82139 -0.308988   1.17247
  1.82182 -0.308719   1.17247
  1.82226  -0.30845   1.17291
  1.82269 -0.308182   1.17291
  1.82312 -0.307913   1.17334
  1.82356 -0.307646   1.17334
  1.82399 -0.307378   1.17377
  1.82442 -0.307111   1.17377
  1.82486 -0.306844   1.17421
  1.82529 -0.306577   1.17421
  1.82573 -0.306311   1.17464
  1.82616 -0.306044   1.17464
  1.82659 -0.305779   1.17508
  1.82703 -0.305513   1.17508
  1.82746 -0.305248   1.17551
  1.82789 -0.304983   1.17551
  1.82833 -0.304718   1.17594
  1.82876 -0.304454   1.17594
  1.82919  -0.30419   1.17638
  1.82963 -0.303926   1.17638
  1.83006 -0.303663   1.17681
  1.83049   -0.3034   1.17681
  1.83093 -0.303137   1.17724
  1.83136 -0.302874   1.17724
  1.83179 -0.302612   1.17768
  1.83223  -0.30235   1.17768
  1.83266 -0.302088   1.17811
  1.83309 -0.301827   1.17811
  1.83353 -0.301565   1.17854
  1.83396 -0.301305   1.17854
  1.83439 -0.301044   1.17898
  1.83483 -0.300784   1.17898
  1.83526 -0.300524   1.17941
   1.8357 -0.300264   1.17941
  1.83613 -0.300004   1.17984
  1.83656 -0.299745   1.17984
    1.837 -0.299486   1.18028
  1.83743 -0.299228   1.18028
  1.83786 -0.298969   1.18071
   1.8383 -0.298711   1.18071
  1.83873 -0.298454   1.18114
  1.83916 -0.298196   1.18114
   1.8396 -0.297939   1.18158
  1.84003 -0.297682   1.18158
  1.84046 -0.297425   1.18201
   1.8409 -0.297169   1.18201
  1.84133 -0.296913   1.18244
  1.84176 -0.296657   1.18244
   1.8422 -0.296402   1.18288
  1.84263 -0.296147   1.18288
  1.84306 -0.295892   1.18331
   1.8435 -0.295637   1.18331
  1.84393 -0.295383   1.18374
  1.84436 -0.295129   1.18374
   1.8448 -0.294875   1.18418
  1.84523 -0.294621   1.18418
  1.84567 -0.294368   1.18461
   1.8461 -0.294115   1.18461
  1.84653 -0.293862   1.18505
  1.84697  -0.29361   1.18505
   1.8474 -0.293358   1.18548
  1.84783 -0.293106   1.18548
  1.84827 -0.292854   1.18591
   1.8487 -0.292603   1.18591
  1.84913 -0.292352   1.18635
  1.84957 -0.292101   1.18635
     1.85  -0.29185   1.18678