 kgrid  ValNew  Policy 
    0.55 -28.7819 0.582944
0.550433 -28.7356 0.583378
0.550867 -28.6893 0.583378
  0.5513 -28.6432 0.583811
0.551734 -28.5972 0.584245
0.552167 -28.5514 0.584678
0.552601 -28.5056 0.584678
0.553034 -28.4599 0.585112
0.553468 -28.4144 0.585545
0.553901  -28.369 0.585545
0.554335 -28.3237 0.585979
0.554768 -28.2785 0.586412
0.555202 -28.2334 0.586846
0.555635 -28.1885 0.586846
0.556069 -28.1436 0.587279
0.556502 -28.0988 0.587713
0.556936 -28.0541 0.588146
0.557369 -28.0096  0.58858
0.557803 -27.9651  0.58858
0.558236 -27.9207 0.589013
 0.55867 -27.8764 0.589446
0.559103 -27.8323  0.58988
0.559537 -27.7883 0.590313
 0.55997 -27.7443 0.590313
0.560403 -27.7004 0.590747
0.560837 -27.6566  0.59118
 0.56127  -27.613 0.591614
0.561704 -27.5694 0.591614
0.562137 -27.5259 0.592047
0.562571 -27.4826 0.592481
0.563004 -27.4393 0.592914
0.563438 -27.3961 0.593348
0.563871 -27.3531 0.593348
0.564305 -27.3101 0.593781
0.564738 -27.2672 0.594215
0.565172 -27.2244 0.594648
0.565605 -27.1817 0.595082
0.566039 -27.1391 0.595082
0.566472 -27.0966 0.595515
0.566906 -27.0542 0.595949
0.567339 -27.0119 0.596382
0.567773 -26.9697 0.596382
0.568206 -26.9275 0.596816
 0.56864 -26.8855 0.597249
0.569073 -26.8436 0.597683
0.569507 -26.8017 0.598116
 0.56994   -26.76 0.598116
0.570373 -26.7183  0.59855
0.570807 -26.6767 0.598983
 0.57124 -26.6353 0.599416
0.571674 -26.5939  0.59985
0.572107 -26.5526  0.59985
0.572541 -26.5114 0.600283
0.572974 -26.4703 0.600717
0.573408 -26.4293  0.60115
0.573841 -26.3884 0.601584
0.574275 -26.3475 0.601584
0.574708 -26.3068 0.602017
0.575142 -26.2661 0.602451
0.575575 -26.2255 0.602884
0.576009 -26.1851 0.602884
0.576442 -26.1447 0.603318
0.576876 -26.1044 0.603751
0.577309 -26.0641 0.604185
0.577743  -26.024 0.604618
0.578176  -25.984 0.604618
 0.57861  -25.944 0.605052
0.579043 -25.9041 0.605485
0.579476 -25.8644 0.605919
 0.57991 -25.8247 0.606352
0.580343 -25.7851 0.606352
0.580777 -25.7455 0.606786
 0.58121 -25.7061 0.607219
0.581644 -25.6667 0.607653
0.582077 -25.6275 0.608086
0.582511 -25.5883 0.608086
0.582944 -25.5492  0.60852
0.583378 -25.5102 0.608953
0.583811 -25.4712 0.609386
0.584245 -25.4324 0.609386
0.584678 -25.3936  0.60982
0.585112 -25.3549 0.610253
0.585545 -25.3163 0.610687
0.585979 -25.2778  0.61112
0.586412 -25.2394  0.61112
0.586846  -25.201 0.611554
0.587279 -25.1628 0.611987
0.587713 -25.1246 0.612421
0.588146 -25.0865 0.612854
 0.58858 -25.0484 0.612854
0.589013 -25.0105 0.613288
0.589446 -24.9726 0.613721
 0.58988 -24.9348 0.614155
0.590313 -24.8971 0.614588
0.590747 -24.8595 0.614588
 0.59118 -24.8219 0.615022
0.591614 -24.7845 0.615455
0.592047 -24.7471 0.615889
0.592481 -24.7098 0.615889
0.592914 -24.6726 0.616322
0.593348 -24.6354 0.616756
0.593781 -24.5983 0.617189
0.594215 -24.5613 0.617623
0.594648 -24.5244 0.618056
0.595082 -24.4876 0.618056
0.595515 -24.4508 0.618489
0.595949 -24.4141 0.618923
0.596382 -24.3775 0.619356
0.596816  -24.341 0.619356
0.597249 -24.3045  0.61979
0.597683 -24.2681 0.620223
0.598116 -24.2318 0.620657
 0.59855 -24.1956  0.62109
0.598983 -24.1595  0.62109
0.599416 -24.1234 0.621524
 0.59985 -24.0874 0.621957
0.600283 -24.0514 0.622391
0.600717 -24.0156 0.622824
 0.60115 -23.9798 0.622824
0.601584 -23.9441 0.623258
0.602017 -23.9084 0.623691
0.602451 -23.8729 0.624125
0.602884 -23.8374 0.624558
0.603318  -23.802 0.624558
0.603751 -23.7666 0.624992
0.604185 -23.7314 0.625425
0.604618 -23.6962 0.625859
0.605052 -23.6611 0.626292
0.605485  -23.626 0.626292
0.605919  -23.591 0.626726
0.606352 -23.5561 0.627159
0.606786 -23.5213 0.627593
0.607219 -23.4866 0.628026
0.607653 -23.4518 0.628026
0.608086 -23.4172 0.628459
 0.60852 -23.3827 0.628893
0.608953 -23.3482 0.629326
0.609386 -23.3138  0.62976
 0.60982 -23.2794  0.62976
0.610253 -23.2452 0.630193
0.610687 -23.2109 0.630627
 0.61112 -23.1768  0.63106
0.611554 -23.1428  0.63106
0.611987 -23.1088 0.631494
0.612421 -23.0748 0.631927
0.612854  -23.041 0.632361
0.613288 -23.0072 0.632794
0.613721 -22.9735 0.633228
0.614155 -22.9398 0.633228
0.614588 -22.9062 0.633661
0.615022 -22.8727 0.634095
0.615455 -22.8393 0.634528
0.615889 -22.8059 0.634528
0.616322 -22.7726 0.634962
0.616756 -22.7393 0.635395
0.617189 -22.7061 0.635829
0.617623  -22.673 0.636262
0.618056   -22.64 0.636262
0.618489  -22.607 0.636696
0.618923 -22.5741 0.637129
0.619356 -22.5412 0.637563
 0.61979 -22.5084 0.637996
0.620223 -22.4757 0.637996
0.620657 -22.4431 0.638429
 0.62109 -22.4105 0.638863
0.621524 -22.3779 0.639296
0.621957 -22.3455  0.63973
0.622391 -22.3131  0.63973
0.622824 -22.2807 0.640163
0.623258 -22.2485 0.640597
0.623691 -22.2163  0.64103
0.624125 -22.1841 0.641464
0.624558 -22.1521 0.641464
0.624992   -22.12 0.641897
0.625425 -22.0881 0.642331
0.625859 -22.0562 0.642764
0.626292 -22.0244 0.643198
0.626726 -21.9926 0.643198
0.627159 -21.9609 0.643631
0.627593 -21.9292 0.644065
0.628026 -21.8977 0.644498
0.628459 -21.8662 0.644932
0.628893 -21.8347 0.644932
0.629326 -21.8033 0.645365
 0.62976  -21.772 0.645799
0.630193 -21.7407 0.646232
0.630627 -21.7095 0.646666
 0.63106 -21.6784 0.646666
0.631494 -21.6473 0.647099
0.631927 -21.6162 0.647533
0.632361 -21.5853 0.647966
0.632794 -21.5544 0.648399
0.633228 -21.5235 0.648399
0.633661 -21.4927 0.648833
0.634095  -21.462 0.649266
0.634528 -21.4313   0.6497
0.634962 -21.4008 0.650133
0.635395 -21.3702 0.650133
0.635829 -21.3397 0.650567
0.636262 -21.3093    0.651
0.636696 -21.2789 0.651434
0.637129 -21.2486 0.651867
0.637563 -21.2184 0.651867
0.637996 -21.1882 0.652301
0.638429  -21.158 0.652734
0.638863  -21.128 0.653168
0.639296  -21.098 0.653601
 0.63973  -21.068 0.653601
0.640163 -21.0381 0.654035
0.640597 -21.0083 0.654468
 0.64103 -20.9785 0.654902
0.641464 -20.9487 0.655335
0.641897 -20.9191 0.655335
0.642331 -20.8895 0.655769
0.642764 -20.8599 0.656202
0.643198 -20.8304 0.656636
0.643631 -20.8009 0.657069
0.644065 -20.7716 0.657069
0.644498 -20.7422 0.657503
0.644932 -20.7129 0.657936
0.645365 -20.6837 0.658369
0.645799 -20.6546 0.658803
0.646232 -20.6255 0.658803
0.646666 -20.5964 0.659236
0.647099 -20.5674  0.65967
0.647533 -20.5384 0.660103
0.647966 -20.5096 0.660537
0.648399 -20.4807  0.66097
0.648833 -20.4519  0.66097
0.649266 -20.4232 0.661404
  0.6497 -20.3945 0.661837
0.650133 -20.3659 0.662271
0.650567 -20.3374 0.662271
   0.651 -20.3088 0.662704
0.651434 -20.2804 0.663138
0.651867  -20.252 0.663571
0.652301 -20.2236 0.664005
0.652734 -20.1954 0.664005
0.653168 -20.1671 0.664438
0.653601 -20.1389 0.664872
0.654035 -20.1108 0.665305
0.654468 -20.0827 0.665739
0.654902 -20.0547 0.665739
0.655335 -20.0267 0.666172
0.655769 -19.9988 0.666606
0.656202 -19.9709 0.667039
0.656636 -19.9431 0.667472
0.657069 -19.9153 0.667906
0.657503 -19.8876 0.667906
0.657936 -19.8599 0.668339
0.658369 -19.8323 0.668773
0.658803 -19.8048 0.669206
0.659236 -19.7773  0.66964
 0.65967 -19.7498  0.66964
0.660103 -19.7224 0.670073
0.660537  -19.695 0.670507
 0.66097 -19.6677  0.67094
0.661404 -19.6405  0.67094
0.661837 -19.6133 0.671374
0.662271 -19.5861 0.671807
0.662704  -19.559 0.672241
0.663138  -19.532 0.672674
0.663571  -19.505 0.672674
0.664005  -19.478 0.673108
0.664438 -19.4511 0.673541
0.664872 -19.4243 0.673975
0.665305 -19.3975 0.674408
0.665739 -19.3708 0.674842
0.666172 -19.3441 0.674842
0.666606 -19.3174 0.675275
0.667039 -19.2908 0.675709
0.667472 -19.2643 0.676142
0.667906 -19.2378 0.676576
0.668339 -19.2113 0.676576
0.668773 -19.1849 0.677009
0.669206 -19.1585 0.677442
 0.66964 -19.1322 0.677876
0.670073  -19.106 0.677876
0.670507 -19.0798 0.678309
 0.67094 -19.0536 0.678743
0.671374 -19.0275 0.679176
0.671807 -19.0014  0.67961
0.672241 -18.9754  0.67961
0.672674 -18.9494 0.680043
0.673108 -18.9235 0.680477
0.673541 -18.8976  0.68091
0.673975 -18.8718 0.681344
0.674408 -18.8461 0.681777
0.674842 -18.8203 0.681777
0.675275 -18.7946 0.682211
0.675709  -18.769 0.682644
0.676142 -18.7434 0.683078
0.676576 -18.7179 0.683511
0.677009 -18.6924 0.683511
0.677442 -18.6669 0.683945
0.677876 -18.6415 0.684378
0.678309 -18.6162 0.684812
0.678743 -18.5909 0.684812
0.679176 -18.5656 0.685245
 0.67961 -18.5404 0.685679
0.680043 -18.5152 0.686112
0.680477 -18.4901 0.686546
 0.68091  -18.465 0.686546
0.681344   -18.44 0.686979
0.681777  -18.415 0.687412
0.682211   -18.39 0.687846
0.682644 -18.3652 0.688279
0.683078 -18.3403 0.688279
0.683511 -18.3155 0.688713
0.683945 -18.2907 0.689146
0.684378  -18.266  0.68958
0.684812 -18.2414 0.690013
0.685245 -18.2167 0.690013
0.685679 -18.1921 0.690447
0.686112 -18.1676  0.69088
0.686546 -18.1431 0.691314
0.686979 -18.1187 0.691747
0.687412 -18.0943 0.691747
0.687846 -18.0699 0.692181
0.688279 -18.0456 0.692614
0.688713 -18.0213 0.693048
0.689146 -17.9971 0.693481
 0.68958 -17.9729 0.693481
0.690013 -17.9488 0.693915
0.690447 -17.9247 0.694348
 0.69088 -17.9006 0.694782
0.691314 -17.8766 0.695215
0.691747 -17.8527 0.695215
0.692181 -17.8287 0.695649
0.692614 -17.8048 0.696082
0.693048  -17.781 0.696516
0.693481 -17.7572 0.696949
0.693915 -17.7335 0.696949
0.694348 -17.7098 0.697382
0.694782 -17.6861 0.697816
0.695215 -17.6625 0.698249
0.695649 -17.6389 0.698683
0.696082 -17.6154 0.698683
0.696516 -17.5919 0.699116
0.696949 -17.5684  0.69955
0.697382  -17.545 0.699983
0.697816 -17.5216 0.700417
0.698249 -17.4983 0.700417
0.698683  -17.475  0.70085
0.699116 -17.4517 0.701284
 0.69955 -17.4285 0.701717
0.699983 -17.4054 0.702151
0.700417 -17.3823 0.702151
 0.70085 -17.3592 0.702584
0.701284 -17.3361 0.703018
0.701717 -17.3131 0.703451
0.702151 -17.2902 0.703885
0.702584 -17.2673 0.703885
0.703018 -17.2444 0.704318
0.703451 -17.2216 0.704752
0.703885 -17.1988 0.705185
0.704318  -17.176 0.705619
0.704752 -17.1533 0.705619
0.705185 -17.1306 0.706052
0.705619  -17.108 0.706485
0.706052 -17.0854 0.706919
0.706485 -17.0629 0.707352
0.706919 -17.0404 0.707352
0.707352 -17.0179 0.707786
0.707786 -16.9954 0.708219
0.708219 -16.9731 0.708653
0.708653 -16.9507 0.709086
0.709086 -16.9284 0.709086
 0.70952 -16.9061  0.70952
0.709953 -16.8839 0.709953
0.710387 -16.8617 0.710387
 0.71082 -16.8395  0.71082
0.711254 -16.8174  0.71082
0.711687 -16.7953 0.711254
0.712121 -16.7733 0.711687
0.712554 -16.7513 0.712121
0.712988 -16.7293 0.712121
0.713421 -16.7074 0.712554
0.713855 -16.6855 0.712988
0.714288 -16.6637 0.713421
0.714722 -16.6419 0.713855
0.715155 -16.6201 0.714288
0.715589 -16.5984 0.714288
0.716022 -16.5767 0.714722
0.716455  -16.555 0.715155
0.716889 -16.5334 0.715589
0.717322 -16.5118 0.716022
0.717756 -16.4903 0.716022
0.718189 -16.4688 0.716455
0.718623 -16.4473 0.716889
0.719056 -16.4259 0.717322
 0.71949 -16.4045 0.717322
0.719923 -16.3831 0.717756
0.720357 -16.3618 0.718189
 0.72079 -16.3405 0.718623
0.721224 -16.3193 0.719056
0.721657 -16.2981 0.719056
0.722091 -16.2769  0.71949
0.722524 -16.2558 0.719923
0.722958 -16.2347 0.720357
0.723391 -16.2136  0.72079
0.723825 -16.1926  0.72079
0.724258 -16.1716 0.721224
0.724692 -16.1507 0.721657
0.725125 -16.1298 0.722091
0.725559 -16.1089 0.722524
0.725992 -16.0881 0.722524
0.726425 -16.0673 0.722958
0.726859 -16.0465 0.723391
0.727292 -16.0258 0.723825
0.727726 -16.0051 0.724258
0.728159 -15.9844 0.724258
0.728593 -15.9638 0.724692
0.729026 -15.9432 0.725125
 0.72946 -15.9226 0.725559
0.729893 -15.9021 0.725992
0.730327 -15.8816 0.725992
 0.73076 -15.8612 0.726425
0.731194 -15.8408 0.726859
0.731627 -15.8204 0.727292
0.732061 -15.8001 0.727726
0.732494 -15.7798 0.727726
0.732928 -15.7595 0.728159
0.733361 -15.7392 0.728593
0.733795 -15.7191 0.729026
0.734228 -15.6989 0.729026
0.734662 -15.6788  0.72946
0.735095 -15.6587 0.729893
0.735529 -15.6386 0.730327
0.735962 -15.6186  0.73076
0.736395 -15.5986 0.731194
0.736829 -15.5786 0.731194
0.737262 -15.5587 0.731627
0.737696 -15.5388 0.732061
0.738129 -15.5189 0.732494
0.738563 -15.4991 0.732494
0.738996 -15.4793 0.732928
 0.73943 -15.4596 0.733361
0.739863 -15.4398 0.733795
0.740297 -15.4202 0.734228
 0.74073 -15.4005 0.734228
0.741164 -15.3809 0.734662
0.741597 -15.3613 0.735095
0.742031 -15.3418 0.735529
0.742464 -15.3222 0.735962
0.742898 -15.3028 0.735962
0.743331 -15.2833 0.736395
0.743765 -15.2639 0.736829
0.744198 -15.2445 0.737262
0.744632 -15.2251 0.737696
0.745065 -15.2058 0.737696
0.745498 -15.1865 0.738129
0.745932 -15.1673 0.738563
0.746365  -15.148 0.738996
0.746799 -15.1289  0.73943
0.747232 -15.1097  0.73943
0.747666 -15.0906 0.739863
0.748099 -15.0715 0.740297
0.748533 -15.0524  0.74073
0.748966 -15.0334 0.741164
  0.7494 -15.0144 0.741164
0.749833 -14.9954 0.741597
0.750267 -14.9765 0.742031
  0.7507 -14.9576 0.742464
0.751134 -14.9387 0.742464
0.751567 -14.9199 0.742898
0.752001 -14.9011 0.743331
0.752434 -14.8823 0.743765
0.752868 -14.8636 0.744198
0.753301 -14.8449 0.744198
0.753735 -14.8262 0.744632
0.754168 -14.8075 0.745065
0.754602 -14.7889 0.745498
0.755035 -14.7703 0.745932
0.755468 -14.7518 0.745932
0.755902 -14.7333 0.746365
0.756335 -14.7148 0.746799
0.756769 -14.6963 0.747232
0.757202 -14.6779 0.747666
0.757636 -14.6595 0.747666
0.758069 -14.6411 0.748099
0.758503 -14.6228 0.748533
0.758936 -14.6045 0.748966
 0.75937 -14.5862   0.7494
0.759803  -14.568   0.7494
0.760237 -14.5497 0.749833
 0.76067 -14.5316 0.750267
0.761104 -14.5134   0.7507
0.761537 -14.4953 0.751134
0.761971 -14.4772 0.751134
0.762404 -14.4591 0.751567
0.762838 -14.4411 0.752001
0.763271 -14.4231 0.752434
0.763705 -14.4051 0.752868
0.764138 -14.3872 0.752868
0.764572 -14.3693 0.753301
0.765005 -14.3514 0.753735
0.765438 -14.3335 0.754168
0.765872 -14.3157 0.754602
0.766305 -14.2979 0.754602
0.766739 -14.2802 0.755035
0.767172 -14.2624 0.755468
0.767606 -14.2447 0.755902
0.768039  -14.227 0.755902
0.768473 -14.2094 0.756335
0.768906 -14.1918 0.756769
 0.76934 -14.1742 0.757202
0.769773 -14.1566 0.757636
0.770207 -14.1391 0.757636
 0.77064 -14.1216 0.758069
0.771074 -14.1041 0.758503
0.771507 -14.0867 0.758936
0.771941 -14.0693  0.75937
0.772374 -14.0519  0.75937
0.772808 -14.0345 0.759803
0.773241 -14.0172 0.760237
0.773675 -13.9999  0.76067
0.774108 -13.9827 0.761104
0.774542 -13.9654 0.761104
0.774975 -13.9482 0.761537
0.775408  -13.931 0.761971
0.775842 -13.9139 0.762404
0.776275 -13.8967 0.762838
0.776709 -13.8796 0.762838
0.777142 -13.8625 0.763271
0.777576 -13.8455 0.763705
0.778009 -13.8285 0.764138
0.778443 -13.8115 0.764138
0.778876 -13.7945 0.764572
 0.77931 -13.7776 0.765005
0.779743 -13.7607 0.765438
0.780177 -13.7438 0.765872
 0.78061  -13.727 0.765872
0.781044 -13.7102 0.766305
0.781477 -13.6934 0.766739
0.781911 -13.6766 0.767172
0.782344 -13.6599 0.767606
0.782778 -13.6432 0.767606
0.783211 -13.6265 0.768039
0.783645 -13.6098 0.768473
0.784078 -13.5932 0.768906
0.784512 -13.5766  0.76934
0.784945   -13.56  0.76934
0.785378 -13.5435 0.769773
0.785812 -13.5269 0.770207
0.786245 -13.5104  0.77064
0.786679  -13.494 0.771074
0.787112 -13.4775 0.771074
0.787546 -13.4611 0.771507
0.787979 -13.4447 0.771941
0.788413 -13.4284 0.772374
0.788846  -13.412 0.772374
 0.78928 -13.3957 0.772808
0.789713 -13.3794 0.773241
0.790147 -13.3632 0.773675
 0.79058  -13.347 0.774108
0.791014 -13.3308 0.774108
0.791447 -13.3146 0.774542
0.791881 -13.2984 0.774975
0.792314 -13.2823 0.775408
0.792748 -13.2662 0.775842
0.793181 -13.2501 0.775842
0.793615 -13.2341 0.776275
0.794048 -13.2181 0.776709
0.794481 -13.2021 0.777142
0.794915 -13.1861 0.777576
0.795348 -13.1702 0.777576
0.795782 -13.1543 0.778009
0.796215 -13.1384 0.778443
0.796649 -13.1225 0.778876
0.797082 -13.1067  0.77931
0.797516 -13.0909  0.77931
0.797949 -13.0751 0.779743
0.798383 -13.0593 0.780177
0.798816 -13.0436  0.78061
 0.79925 -13.0279  0.78061
0.799683 -13.0122 0.781044
0.800117 -12.9965 0.781477
 0.80055 -12.9809 0.781911
0.800984 -12.9653 0.782344
0.801417 -12.9497 0.782344
0.801851 -12.9341 0.782778
0.802284 -12.9186 0.783211
0.802718 -12.9031 0.783645
0.803151 -12.8876 0.784078
0.803585 -12.8721 0.784078
0.804018 -12.8567 0.784512
0.804451 -12.8413 0.784945
0.804885 -12.8259 0.785378
0.805318 -12.8105 0.785812
0.805752 -12.7952 0.785812
0.806185 -12.7799 0.786245
0.806619 -12.7646 0.786679
0.807052 -12.7493 0.787112
0.807486 -12.7341 0.787112
0.807919 -12.7188 0.787546
0.808353 -12.7037 0.787979
0.808786 -12.6885 0.788413
 0.80922 -12.6733 0.788846
0.809653 -12.6582 0.788846
0.810087 -12.6431  0.78928
 0.81052 -12.6281 0.789713
0.810954  -12.613 0.790147
0.811387  -12.598  0.79058
0.811821  -12.583  0.79058
0.812254  -12.568 0.791014
0.812688 -12.5531 0.791447
0.813121 -12.5381 0.791881
0.813555 -12.5232 0.792314
0.813988 -12.5083 0.792314
0.814421 -12.4935 0.792748
0.814855 -12.4786 0.793181
0.815288 -12.4638 0.793615
0.815722 -12.4491 0.794048
0.816155 -12.4343 0.794048
0.816589 -12.4195 0.794481
0.817022 -12.4048 0.794915
0.817456 -12.3901 0.795348
0.817889 -12.3755 0.795348
0.818323 -12.3608 0.795782
0.818756 -12.3462 0.796215
 0.81919 -12.3316 0.796649
0.819623  -12.317 0.797082
0.820057 -12.3025 0.797082
 0.82049 -12.2879 0.797516
0.820924 -12.2734 0.797949
0.821357 -12.2589 0.798383
0.821791 -12.2445 0.798816
0.822224   -12.23 0.798816
0.822658 -12.2156  0.79925
0.823091 -12.2012 0.799683
0.823525 -12.1868 0.800117
0.823958 -12.1725  0.80055
0.824391 -12.1582  0.80055
0.824825 -12.1438 0.800984
0.825258 -12.1296 0.801417
0.825692 -12.1153 0.801851
0.826125 -12.1011 0.801851
0.826559 -12.0869 0.802284
0.826992 -12.0727 0.802718
0.827426 -12.0585 0.803151
0.827859 -12.0443 0.803585
0.828293 -12.0302 0.803585
0.828726 -12.0161 0.804018
 0.82916  -12.002 0.804451
0.829593  -11.988 0.804885
0.830027 -11.9739 0.805318
 0.83046 -11.9599 0.805318
0.830894 -11.9459 0.805752
0.831327 -11.9319 0.806185
0.831761  -11.918 0.806619
0.832194 -11.9041 0.807052
0.832628 -11.8901 0.807052
0.833061 -11.8763 0.807486
0.833494 -11.8624 0.807919
0.833928 -11.8486 0.808353
0.834361 -11.8347 0.808353
0.834795 -11.8209 0.808786
0.835228 -11.8071  0.80922
0.835662 -11.7934 0.809653
0.836095 -11.7797 0.810087
0.836529 -11.7659 0.810087
0.836962 -11.7522  0.81052
0.837396 -11.7386 0.810954
0.837829 -11.7249 0.811387
0.838263 -11.7113 0.811821
0.838696 -11.6977 0.811821
 0.83913 -11.6841 0.812254
0.839563 -11.6705 0.812688
0.839997  -11.657 0.813121
 0.84043 -11.6435 0.813121
0.840864   -11.63 0.813555
0.841297 -11.6165 0.813988
0.841731  -11.603 0.814421
0.842164 -11.5896 0.814855
0.842598 -11.5761 0.814855
0.843031 -11.5627 0.815288
0.843464 -11.5494 0.815722
0.843898  -11.536 0.816155
0.844331 -11.5227 0.816589
0.844765 -11.5094 0.816589
0.845198  -11.496 0.817022
0.845632 -11.4828 0.817456
0.846065 -11.4695 0.817889
0.846499 -11.4563 0.818323
0.846932 -11.4431 0.818323
0.847366 -11.4299 0.818756
0.847799 -11.4167  0.81919
0.848233 -11.4035 0.819623
0.848666 -11.3904 0.820057
  0.8491 -11.3773 0.820057
0.849533 -11.3642  0.82049
0.849967 -11.3511 0.820924
  0.8504 -11.3381 0.821357
0.850834  -11.325 0.821357
0.851267  -11.312 0.821791
0.851701  -11.299 0.822224
0.852134  -11.286 0.822658
0.852568 -11.2731 0.823091
0.853001 -11.2602 0.823091
0.853434 -11.2472 0.823525
0.853868 -11.2343 0.823958
0.854301 -11.2215 0.824391
0.854735 -11.2086 0.824825
0.855168 -11.1958 0.824825
0.855602  -11.183 0.825258
0.856035 -11.1702 0.825692
0.856469 -11.1574 0.826125
0.856902 -11.1446 0.826125
0.857336 -11.1319 0.826559
0.857769 -11.1192 0.826992
0.858203 -11.1065 0.827426
0.858636 -11.0938 0.827859
 0.85907 -11.0811 0.827859
0.859503 -11.0685 0.828293
0.859937 -11.0558 0.828726
 0.86037 -11.0432  0.82916
0.860804 -11.0307 0.829593
0.861237 -11.0181 0.829593
0.861671 -11.0055 0.830027
0.862104  -10.993  0.83046
0.862538 -10.9805 0.830894
0.862971  -10.968 0.830894
0.863404 -10.9556 0.831327
0.863838 -10.9431 0.831761
0.864271 -10.9307 0.832194
0.864705 -10.9182 0.832628
0.865138 -10.9059 0.832628
0.865572 -10.8935 0.833061
0.866005 -10.8811 0.833494
0.866439 -10.8688 0.833928
0.866872 -10.8565 0.834361
0.867306 -10.8442 0.834361
0.867739 -10.8319 0.834795
0.868173 -10.8196 0.835228
0.868606 -10.8074 0.835662
 0.86904 -10.7951 0.836095
0.869473 -10.7829 0.836095
0.869907 -10.7707 0.836529
 0.87034 -10.7585 0.836962
0.870774 -10.7464 0.837396
0.871207 -10.7343 0.837829
0.871641 -10.7221 0.837829
0.872074   -10.71 0.838263
0.872508 -10.6979 0.838696
0.872941 -10.6859  0.83913
0.873374 -10.6738  0.83913
0.873808 -10.6618 0.839563
0.874241 -10.6498 0.839997
0.874675 -10.6378  0.84043
0.875108 -10.6258 0.840864
0.875542 -10.6139 0.840864
0.875975 -10.6019 0.841297
0.876409   -10.59 0.841731
0.876842 -10.5781 0.842164
0.877276 -10.5662 0.842164
0.877709 -10.5544 0.842598
0.878143 -10.5425 0.843031
0.878576 -10.5307 0.843464
 0.87901 -10.5189 0.843898
0.879443 -10.5071 0.843898
0.879877 -10.4953 0.844331
 0.88031 -10.4835 0.844765
0.880744 -10.4718 0.845198
0.881177 -10.4601 0.845632
0.881611 -10.4483 0.845632
0.882044 -10.4367 0.846065
0.882477  -10.425 0.846499
0.882911 -10.4133 0.846932
0.883344 -10.4017 0.847366
0.883778 -10.3901 0.847366
0.884211 -10.3785 0.847799
0.884645 -10.3669 0.848233
0.885078 -10.3553 0.848666
0.885512 -10.3437 0.848666
0.885945 -10.3322   0.8491
0.886379 -10.3207 0.849533
0.886812 -10.3092 0.849967
0.887246 -10.2977   0.8504
0.887679 -10.2862   0.8504
0.888113 -10.2748 0.850834
0.888546 -10.2633 0.851267
 0.88898 -10.2519 0.851701
0.889413 -10.2405 0.851701
0.889847 -10.2291 0.852134
 0.89028 -10.2178 0.852568
0.890714 -10.2064 0.853001
0.891147 -10.1951 0.853434
0.891581 -10.1838 0.853434
0.892014 -10.1725 0.853868
0.892447 -10.1612 0.854301
0.892881 -10.1499 0.854735
0.893314 -10.1387 0.855168
0.893748 -10.1274 0.855168
0.894181 -10.1162 0.855602
0.894615  -10.105 0.856035
0.895048 -10.0938 0.856469
0.895482 -10.0827 0.856902
0.895915 -10.0715 0.856902
0.896349 -10.0604 0.857336
0.896782 -10.0493 0.857769
0.897216 -10.0382 0.858203
0.897649 -10.0271 0.858203
0.898083  -10.016 0.858636
0.898516  -10.005  0.85907
 0.89895 -9.99392 0.859503
0.899383  -9.9829 0.859937
0.899817  -9.9719 0.859937
 0.90025 -9.96091  0.86037
0.900684 -9.94993 0.860804
0.901117 -9.93898 0.861237
0.901551 -9.92804 0.861237
0.901984 -9.91711 0.861671
0.902417  -9.9062 0.862104
0.902851 -9.89531 0.862538
0.903284 -9.88444 0.862971
0.903718 -9.87358 0.862971
0.904151 -9.86273 0.863404
0.904585  -9.8519 0.863838
0.905018 -9.84109 0.864271
0.905452 -9.83029 0.864705
0.905885 -9.81951 0.864705
0.906319 -9.80874 0.865138
0.906752 -9.79799 0.865572
0.907186 -9.78725 0.866005
0.907619 -9.77654 0.866439
0.908053 -9.76583 0.866439
0.908486 -9.75514 0.866872
 0.90892 -9.74447 0.867306
0.909353 -9.73381 0.867739
0.909787 -9.72318 0.867739
 0.91022 -9.71255 0.868173
0.910654 -9.70193 0.868606
0.911087 -9.69134  0.86904
0.911521 -9.68076 0.869473
0.911954  -9.6702 0.869473
0.912387 -9.65964 0.869907
0.912821 -9.64911  0.87034
0.913254 -9.63859 0.870774
0.913688 -9.62809 0.870774
0.914121  -9.6176 0.871207
0.914555 -9.60712 0.871641
0.914988 -9.59667 0.872074
0.915422 -9.58623 0.872508
0.915855  -9.5758 0.872508
0.916289 -9.56538 0.872941
0.916722 -9.55498 0.873374
0.917156  -9.5446 0.873808
0.917589 -9.53424 0.874241
0.918023 -9.52388 0.874241
0.918456 -9.51354 0.874675
 0.91889 -9.50322 0.875108
0.919323 -9.49291 0.875542
0.919757 -9.48262 0.875975
 0.92019 -9.47234 0.875975
0.920624 -9.46208 0.876409
0.921057 -9.45183 0.876842
 0.92149 -9.44159 0.877276
0.921924 -9.43138 0.877276
0.922357 -9.42117 0.877709
0.922791 -9.41098 0.878143
0.923224  -9.4008 0.878576
0.923658 -9.39064  0.87901
0.924091  -9.3805  0.87901
0.924525 -9.37036 0.879443
0.924958 -9.36024 0.879877
0.925392 -9.35014  0.88031
0.925825 -9.34006  0.88031
0.926259 -9.32998 0.880744
0.926692 -9.31992 0.881177
0.927126 -9.30987 0.881611
0.927559 -9.29984 0.882044
0.927993 -9.28983 0.882044
0.928426 -9.27982 0.882477
 0.92886 -9.26983 0.882911
0.929293 -9.25986 0.883344
0.929727 -9.24991 0.883778
 0.93016 -9.23996 0.883778
0.930594 -9.23002 0.884211
0.931027 -9.22011 0.884645
 0.93146 -9.21021 0.885078
0.931894 -9.20032 0.885078
0.932327 -9.19044 0.885512
0.932761 -9.18058 0.885945
0.933194 -9.17073 0.886379
0.933628  -9.1609 0.886812
0.934061 -9.15109 0.886812
0.934495 -9.14128 0.887246
0.934928 -9.13149 0.887679
0.935362 -9.12171 0.888113
0.935795 -9.11195 0.888546
0.936229  -9.1022 0.888546
0.936662 -9.09246  0.88898
0.937096 -9.08274 0.889413
0.937529 -9.07304 0.889847
0.937963 -9.06334 0.889847
0.938396 -9.05366  0.89028
 0.93883 -9.04399 0.890714
0.939263 -9.03434 0.891147
0.939697  -9.0247 0.891581
 0.94013 -9.01508 0.891581
0.940564 -9.00546 0.892014
0.940997 -8.99586 0.892447
 0.94143 -8.98628 0.892881
0.941864 -8.97671 0.893314
0.942297 -8.96715 0.893314
0.942731 -8.95761 0.893748
0.943164 -8.94808 0.894181
0.943598 -8.93856 0.894615
0.944031 -8.92906 0.894615
0.944465 -8.91956 0.895048
0.944898 -8.91009 0.895482
0.945332 -8.90062 0.895915
0.945765 -8.89118 0.896349
0.946199 -8.88174 0.896349
0.946632 -8.87231 0.896782
0.947066  -8.8629 0.897216
0.947499  -8.8535 0.897649
0.947933 -8.84412 0.897649
0.948366 -8.83475 0.898083
  0.9488 -8.82539 0.898516
0.949233 -8.81604  0.89895
0.949667 -8.80672 0.899383
  0.9501  -8.7974 0.899383
0.950534 -8.78809 0.899817
0.950967  -8.7788  0.90025
  0.9514 -8.76952 0.900684
0.951834 -8.76025 0.901117
0.952267   -8.751 0.901117
0.952701 -8.74176 0.901551
0.953134 -8.73253 0.901984
0.953568 -8.72332 0.902417
0.954001 -8.71412 0.902417
0.954435 -8.70492 0.902851
0.954868 -8.69575 0.903284
0.955302 -8.68659 0.903718
0.955735 -8.67744 0.904151
0.956169  -8.6683 0.904151
0.956602 -8.65917 0.904585
0.957036 -8.65006 0.905018
0.957469 -8.64096 0.905452
0.957903 -8.63188 0.905452
0.958336  -8.6228 0.905885
 0.95877 -8.61374 0.906319
0.959203 -8.60469 0.906752
0.959637 -8.59565 0.907186
 0.96007 -8.58663 0.907186
0.960504 -8.57762 0.907619
0.960937 -8.56862 0.908053
 0.96137 -8.55963 0.908486
0.961804 -8.55066  0.90892
0.962237  -8.5417  0.90892
0.962671 -8.53275 0.909353
0.963104 -8.52381 0.909787
0.963538 -8.51489  0.91022
0.963971 -8.50598  0.91022
0.964405 -8.49708 0.910654
0.964838 -8.48819 0.911087
0.965272 -8.47932 0.911521
0.965705 -8.47045 0.911954
0.966139  -8.4616 0.911954
0.966572 -8.45277 0.912387
0.967006 -8.44394 0.912821
0.967439 -8.43513 0.913254
0.967873 -8.42633 0.913254
0.968306 -8.41754 0.913688
 0.96874 -8.40876 0.914121
0.969173 -8.39999 0.914555
0.969607 -8.39124 0.914988
 0.97004  -8.3825 0.914988
0.970473 -8.37377 0.915422
0.970907 -8.36505 0.915855
 0.97134 -8.35635 0.916289
0.971774 -8.34766 0.916722
0.972207 -8.33898 0.916722
0.972641 -8.33031 0.917156
0.973074 -8.32165 0.917589
0.973508 -8.31301 0.918023
0.973941 -8.30438 0.918023
0.974375 -8.29575 0.918456
0.974808 -8.28714  0.91889
0.975242 -8.27855 0.919323
0.975675 -8.26996 0.919757
0.976109 -8.26139 0.919757
0.976542 -8.25282  0.92019
0.976976 -8.24427 0.920624
0.977409 -8.23574 0.921057
0.977843 -8.22721  0.92149
0.978276 -8.21869  0.92149
 0.97871 -8.21019 0.921924
0.979143  -8.2017 0.922357
0.979577 -8.19322 0.922791
 0.98001 -8.18475 0.922791
0.980443 -8.17629 0.923224
0.980877 -8.16785 0.923658
 0.98131 -8.15941 0.924091
0.981744 -8.15099 0.924525
0.982177 -8.14258 0.924525
0.982611 -8.13418 0.924958
0.983044 -8.12579 0.925392
0.983478 -8.11742 0.925825
0.983911 -8.10906 0.926259
0.984345  -8.1007 0.926259
0.984778 -8.09235 0.926692
0.985212 -8.08403 0.927126
0.985645 -8.07571 0.927559
0.986079  -8.0674 0.927559
0.986512  -8.0591 0.927993
0.986946 -8.05081 0.928426
0.987379 -8.04254  0.92886
0.987813 -8.03428 0.929293
0.988246 -8.02602 0.929293
 0.98868 -8.01778 0.929727
0.989113 -8.00955  0.93016
0.989547 -8.00134 0.930594
 0.98998 -7.99313 0.930594
0.990413 -7.98493 0.931027
0.990847 -7.97675  0.93146
 0.99128 -7.96857 0.931894
0.991714 -7.96041 0.932327
0.992147 -7.95226 0.932327
0.992581 -7.94412 0.932761
0.993014 -7.93599 0.933194
0.993448 -7.92787 0.933628
0.993881 -7.91977 0.933628
0.994315 -7.91167 0.934061
0.994748 -7.90358 0.934495
0.995182 -7.89551 0.934928
0.995615 -7.88745 0.935362
0.996049 -7.87939 0.935362
0.996482 -7.87135 0.935795
0.996916 -7.86331 0.936229
0.997349  -7.8553 0.936662
0.997783 -7.84729 0.936662
0.998216 -7.83929 0.937096
 0.99865  -7.8313 0.937529
0.999083 -7.82332 0.937963
0.999517 -7.81536 0.938396
 0.99995  -7.8074 0.938396
 1.00038 -7.79945  0.93883
 1.00082 -7.79152 0.939263
 1.00125  -7.7836 0.939697
 1.00168 -7.77569  0.94013
 1.00212 -7.76778  0.94013
 1.00255 -7.75989 0.940564
 1.00298 -7.75201 0.940997
 1.00342 -7.74414  0.94143
 1.00385 -7.73628  0.94143
 1.00428 -7.72843 0.941864
 1.00472 -7.72059 0.942297
 1.00515 -7.71276 0.942731
 1.00559 -7.70495 0.943164
 1.00602 -7.69714 0.943164
 1.00645 -7.68934 0.943598
 1.00689 -7.68155 0.944031
 1.00732 -7.67378 0.944465
 1.00775 -7.66601 0.944465
 1.00819 -7.65826 0.944898
 1.00862 -7.65051 0.945332
 1.00905 -7.64278 0.945765
 1.00949 -7.63505 0.946199
 1.00992 -7.62734 0.946199
 1.01035 -7.61964 0.946632
 1.01079 -7.61194 0.947066
 1.01122 -7.60426 0.947499
 1.01165 -7.59659 0.947499
 1.01209 -7.58892 0.947933
 1.01252 -7.58127 0.948366
 1.01295 -7.57363   0.9488
 1.01339   -7.566 0.949233
 1.01382 -7.55838 0.949233
 1.01425 -7.55076 0.949667
 1.01469 -7.54316   0.9501
 1.01512 -7.53557 0.950534
 1.01556 -7.52799 0.950967
 1.01599 -7.52042 0.950967
 1.01642 -7.51286   0.9514
 1.01686 -7.50531 0.951834
 1.01729 -7.49777 0.952267
 1.01772 -7.49024 0.952267
 1.01816 -7.48271 0.952701
 1.01859  -7.4752 0.953134
 1.01902  -7.4677 0.953568
 1.01946 -7.46021 0.954001
 1.01989 -7.45273 0.954001
 1.02032 -7.44526 0.954435
 1.02076 -7.43779 0.954868
 1.02119 -7.43034 0.955302
 1.02162  -7.4229 0.955302
 1.02206 -7.41547 0.955735
 1.02249 -7.40805 0.956169
 1.02292 -7.40063 0.956602
 1.02336 -7.39323 0.957036
 1.02379 -7.38584 0.957036
 1.02422 -7.37846 0.957469
 1.02466 -7.37108 0.957903
 1.02509 -7.36372 0.958336
 1.02553 -7.35637 0.958336
 1.02596 -7.34902  0.95877
 1.02639 -7.34169 0.959203
 1.02683 -7.33436 0.959637
 1.02726 -7.32705  0.96007
 1.02769 -7.31975  0.96007
 1.02813 -7.31245 0.960504
 1.02856 -7.30516 0.960937
 1.02899 -7.29789  0.96137
 1.02943 -7.29062 0.961804
 1.02986 -7.28336 0.961804
 1.03029 -7.27611 0.962237
 1.03073 -7.26888 0.962671
 1.03116 -7.26165 0.963104
 1.03159 -7.25443 0.963104
 1.03203 -7.24722 0.963538
 1.03246 -7.24002 0.963971
 1.03289 -7.23283 0.964405
 1.03333 -7.22565 0.964838
 1.03376 -7.21847 0.964838
 1.03419 -7.21131 0.965272
 1.03463 -7.20416 0.965705
 1.03506 -7.19701 0.966139
  1.0355 -7.18988 0.966139
 1.03593 -7.18275 0.966572
 1.03636 -7.17564 0.967006
  1.0368 -7.16853 0.967439
 1.03723 -7.16144 0.967873
 1.03766 -7.15435 0.967873
  1.0381 -7.14727 0.968306
 1.03853  -7.1402  0.96874
 1.03896 -7.13314 0.969173
  1.0394 -7.12609 0.969173
 1.03983 -7.11905 0.969607
 1.04026 -7.11201  0.97004
  1.0407 -7.10499 0.970473
 1.04113 -7.09798 0.970907
 1.04156 -7.09097 0.970907
   1.042 -7.08397  0.97134
 1.04243 -7.07699 0.971774
 1.04286 -7.07001 0.972207
  1.0433 -7.06304 0.972641
 1.04373 -7.05608 0.972641
 1.04416 -7.04913 0.973074
  1.0446 -7.04219 0.973508
 1.04503 -7.03526 0.973941
 1.04547 -7.02833 0.973941
  1.0459 -7.02142 0.974375
 1.04633 -7.01451 0.974808
 1.04677 -7.00762 0.975242
  1.0472 -7.00073 0.975675
 1.04763 -6.99385 0.975675
 1.04807 -6.98698 0.976109
  1.0485 -6.98012 0.976542
 1.04893 -6.97327 0.976976
 1.04937 -6.96643 0.976976
  1.0498 -6.95959 0.977409
 1.05023 -6.95276 0.977843
 1.05067 -6.94595 0.978276
  1.0511 -6.93914  0.97871
 1.05153 -6.93234  0.97871
 1.05197 -6.92555 0.979143
  1.0524 -6.91877 0.979577
 1.05283   -6.912  0.98001
 1.05327 -6.90524  0.98001
  1.0537 -6.89848 0.980443
 1.05413 -6.89173 0.980877
 1.05457 -6.88499  0.98131
   1.055 -6.87827 0.981744
 1.05544 -6.87155 0.981744
 1.05587 -6.86483 0.982177
  1.0563 -6.85813 0.982611
 1.05674 -6.85144 0.983044
 1.05717 -6.84475 0.983044
  1.0576 -6.83807 0.983478
 1.05804  -6.8314 0.983911
 1.05847 -6.82474 0.984345
  1.0589  -6.8181 0.984778
 1.05934 -6.81145 0.984778
 1.05977 -6.80482 0.985212
  1.0602 -6.79819 0.985645
 1.06064 -6.79157 0.986079
 1.06107 -6.78497 0.986079
  1.0615 -6.77836 0.986512
 1.06194 -6.77177 0.986946
 1.06237 -6.76519 0.987379
  1.0628 -6.75862 0.987813
 1.06324 -6.75205 0.987813
 1.06367 -6.74549 0.988246
  1.0641 -6.73894  0.98868
 1.06454  -6.7324 0.989113
 1.06497 -6.72587 0.989113
 1.06541 -6.71934 0.989547
 1.06584 -6.71283  0.98998
 1.06627 -6.70632 0.990413
 1.06671 -6.69982 0.990847
 1.06714 -6.69333 0.990847
 1.06757 -6.68684  0.99128
 1.06801 -6.68037 0.991714
 1.06844  -6.6739 0.992147
 1.06887 -6.66745 0.992581
 1.06931   -6.661 0.992581
 1.06974 -6.65455 0.993014
 1.07017 -6.64812 0.993448
 1.07061  -6.6417 0.993881
 1.07104 -6.63528 0.993881
 1.07147 -6.62887 0.994315
 1.07191 -6.62247 0.994748
 1.07234 -6.61608 0.995182
 1.07277  -6.6097 0.995615
 1.07321 -6.60332 0.995615
 1.07364 -6.59695 0.996049
 1.07407 -6.59059 0.996482
 1.07451 -6.58424 0.996916
 1.07494 -6.57789 0.996916
 1.07538 -6.57156 0.997349
 1.07581 -6.56523 0.997783
 1.07624 -6.55891 0.998216
 1.07668  -6.5526  0.99865
 1.07711  -6.5463  0.99865
 1.07754    -6.54 0.999083
 1.07798 -6.53371 0.999517
 1.07841 -6.52743  0.99995
 1.07884 -6.52116  0.99995
 1.07928  -6.5149  1.00038
 1.07971 -6.50864  1.00082
 1.08014 -6.50239  1.00125
 1.08058 -6.49615  1.00168
 1.08101 -6.48992  1.00168
 1.08144  -6.4837  1.00212
 1.08188 -6.47748  1.00255
 1.08231 -6.47127  1.00298
 1.08274 -6.46507  1.00298
 1.08318 -6.45888  1.00342
 1.08361 -6.45269  1.00385
 1.08404 -6.44652  1.00428
 1.08448 -6.44035  1.00472
 1.08491 -6.43418  1.00472
 1.08535 -6.42803  1.00515
 1.08578 -6.42188  1.00559
 1.08621 -6.41575  1.00602
 1.08665 -6.40962  1.00602
 1.08708 -6.40349  1.00645
 1.08751 -6.39738  1.00689
 1.08795 -6.39127  1.00732
 1.08838 -6.38517  1.00775
 1.08881 -6.37908  1.00775
 1.08925 -6.37299  1.00819
 1.08968 -6.36692  1.00862
 1.09011 -6.36085  1.00905
 1.09055 -6.35479  1.00905
 1.09098 -6.34873  1.00949
 1.09141 -6.34268  1.00992
 1.09185 -6.33665  1.01035
 1.09228 -6.33062  1.01079
 1.09271 -6.32459  1.01079
 1.09315 -6.31858  1.01122
 1.09358 -6.31257  1.01165
 1.09401 -6.30657  1.01209
 1.09445 -6.30058  1.01209
 1.09488 -6.29459  1.01252
 1.09532 -6.28861  1.01295
 1.09575 -6.28264  1.01339
 1.09618 -6.27668  1.01382
 1.09662 -6.27072  1.01382
 1.09705 -6.26477  1.01425
 1.09748 -6.25883  1.01469
 1.09792  -6.2529  1.01512
 1.09835 -6.24697  1.01512
 1.09878 -6.24105  1.01556
 1.09922 -6.23514  1.01599
 1.09965 -6.22923  1.01642
 1.10008 -6.22334  1.01686
 1.10052 -6.21745  1.01686
 1.10095 -6.21157  1.01729
 1.10138 -6.20569  1.01772
 1.10182 -6.19982  1.01816
 1.10225 -6.19397  1.01816
 1.10268 -6.18811  1.01859
 1.10312 -6.18226  1.01902
 1.10355 -6.17643  1.01946
 1.10398  -6.1706  1.01989
 1.10442 -6.16477  1.01989
 1.10485 -6.15896  1.02032
 1.10529 -6.15315  1.02076
 1.10572 -6.14735  1.02119
 1.10615 -6.14155  1.02119
 1.10659 -6.13576  1.02162
 1.10702 -6.12998  1.02206
 1.10745 -6.12421  1.02249
 1.10789 -6.11844  1.02292
 1.10832 -6.11268  1.02292
 1.10875 -6.10693  1.02336
 1.10919 -6.10119  1.02379
 1.10962 -6.09545  1.02422
 1.11005 -6.08972  1.02422
 1.11049   -6.084  1.02466
 1.11092 -6.07828  1.02509
 1.11135 -6.07257  1.02553
 1.11179 -6.06687  1.02596
 1.11222 -6.06117  1.02596
 1.11265 -6.05548  1.02639
 1.11309  -6.0498  1.02683
 1.11352 -6.04413  1.02726
 1.11395 -6.03847  1.02726
 1.11439  -6.0328  1.02769
 1.11482 -6.02715  1.02813
 1.11526  -6.0215  1.02856
 1.11569 -6.01587  1.02899
 1.11612 -6.01023  1.02899
 1.11656 -6.00461  1.02943
 1.11699 -5.99899  1.02986
 1.11742 -5.99338  1.03029
 1.11786 -5.98778  1.03029
 1.11829 -5.98218  1.03073
 1.11872 -5.97659  1.03116
 1.11916   -5.971  1.03159
 1.11959 -5.96543  1.03203
 1.12002 -5.95986  1.03203
 1.12046 -5.95429  1.03246
 1.12089 -5.94874  1.03289
 1.12132 -5.94319  1.03333
 1.12176 -5.93765  1.03333
 1.12219 -5.93211  1.03376
 1.12262 -5.92658  1.03419
 1.12306 -5.92106  1.03463
 1.12349 -5.91554  1.03506
 1.12392 -5.91003  1.03506
 1.12436 -5.90453   1.0355
 1.12479 -5.89904  1.03593
 1.12523 -5.89355  1.03636
 1.12566 -5.88807  1.03636
 1.12609 -5.88259   1.0368
 1.12653 -5.87712  1.03723
 1.12696 -5.87166  1.03766
 1.12739 -5.86621   1.0381
 1.12783 -5.86076   1.0381
 1.12826 -5.85532  1.03853
 1.12869 -5.84988  1.03896
 1.12913 -5.84445   1.0394
 1.12956 -5.83903   1.0394
 1.12999 -5.83362  1.03983
 1.13043 -5.82821  1.04026
 1.13086  -5.8228   1.0407
 1.13129 -5.81741  1.04113
 1.13173 -5.81202  1.04113
 1.13216 -5.80664  1.04156
 1.13259 -5.80126    1.042
 1.13303  -5.7959  1.04243
 1.13346 -5.79053  1.04243
 1.13389 -5.78518  1.04286
 1.13433 -5.77983   1.0433
 1.13476 -5.77448  1.04373
  1.1352 -5.76915  1.04373
 1.13563 -5.76382  1.04416
 1.13606 -5.75849   1.0446
  1.1365 -5.75318  1.04503
 1.13693 -5.74787  1.04547
 1.13736 -5.74257   1.0459
  1.1378 -5.73726   1.0459
 1.13823 -5.73197  1.04633
 1.13866 -5.72669  1.04677
  1.1391 -5.72141   1.0472
 1.13953 -5.71614   1.0472
 1.13996 -5.71087  1.04763
  1.1404 -5.70561  1.04807
 1.14083 -5.70036   1.0485
 1.14126 -5.69512   1.0485
  1.1417 -5.68987  1.04893
 1.14213 -5.68464  1.04937
 1.14256 -5.67941   1.0498
   1.143 -5.67419  1.05023
 1.14343 -5.66898  1.05023
 1.14386 -5.66377  1.05067
  1.1443 -5.65857   1.0511
 1.14473 -5.65337  1.05153
 1.14517 -5.64818  1.05153
  1.1456   -5.643  1.05197
 1.14603 -5.63782   1.0524
 1.14647 -5.63265  1.05283
  1.1469 -5.62749  1.05327
 1.14733 -5.62233  1.05327
 1.14777 -5.61718   1.0537
  1.1482 -5.61203  1.05413
 1.14863 -5.60689  1.05457
 1.14907 -5.60176  1.05457
  1.1495 -5.59663    1.055
 1.14993 -5.59151  1.05544
 1.15037 -5.58639  1.05587
  1.1508 -5.58129   1.0563
 1.15123 -5.57618   1.0563
 1.15167 -5.57108  1.05674
  1.1521 -5.56599  1.05717
 1.15253 -5.56091   1.0576
 1.15297 -5.55583   1.0576
  1.1534 -5.55076  1.05804
 1.15383 -5.54569  1.05847
 1.15427 -5.54063   1.0589
  1.1547 -5.53558  1.05934
 1.15514 -5.53053  1.05934
 1.15557 -5.52549  1.05977
   1.156 -5.52046   1.0602
 1.15644 -5.51543  1.06064
 1.15687  -5.5104  1.06064
  1.1573 -5.50538  1.06107
 1.15774 -5.50037   1.0615
 1.15817 -5.49537  1.06194
  1.1586 -5.49037  1.06237
 1.15904 -5.48537  1.06237
 1.15947 -5.48039   1.0628
  1.1599 -5.47541  1.06324
 1.16034 -5.47043  1.06367
 1.16077 -5.46546  1.06367
  1.1612  -5.4605   1.0641
 1.16164 -5.45554  1.06454
 1.16207 -5.45059  1.06497
  1.1625 -5.44564  1.06497
 1.16294  -5.4407  1.06541
 1.16337 -5.43577  1.06584
  1.1638 -5.43084  1.06627
 1.16424 -5.42592  1.06671
 1.16467   -5.421  1.06671
 1.16511 -5.41609  1.06714
 1.16554 -5.41118  1.06757
 1.16597 -5.40628  1.06801
 1.16641 -5.40139  1.06801
 1.16684  -5.3965  1.06844
 1.16727 -5.39162  1.06887
 1.16771 -5.38675  1.06931
 1.16814 -5.38188  1.06974
 1.16857 -5.37701  1.06974
 1.16901 -5.37215  1.07017
 1.16944  -5.3673  1.07061
 1.16987 -5.36245  1.07104
 1.17031 -5.35761  1.07104
 1.17074 -5.35278  1.07147
 1.17117 -5.34795  1.07191
 1.17161 -5.34312  1.07234
 1.17204 -5.33831  1.07277
 1.17247 -5.33349  1.07277
 1.17291 -5.32869  1.07321
 1.17334 -5.32388  1.07364
 1.17377 -5.31909  1.07407
 1.17421  -5.3143  1.07407
 1.17464 -5.30952  1.07451
 1.17508 -5.30474  1.07494
 1.17551 -5.29996  1.07538
 1.17594  -5.2952  1.07581
 1.17638 -5.29044  1.07581
 1.17681 -5.28568  1.07624
 1.17724 -5.28093  1.07668
 1.17768 -5.27619  1.07711
 1.17811 -5.27145  1.07711
 1.17854 -5.26671  1.07754
 1.17898 -5.26198  1.07798
 1.17941 -5.25726  1.07841
 1.17984 -5.25255  1.07884
 1.18028 -5.24784  1.07884
 1.18071 -5.24313  1.07928
 1.18114 -5.23843  1.07971
 1.18158 -5.23374  1.08014
 1.18201 -5.22905  1.08014
 1.18244 -5.22436  1.08058
 1.18288 -5.21968  1.08101
 1.18331 -5.21501  1.08144
 1.18374 -5.21035  1.08188
 1.18418 -5.20568  1.08188
 1.18461 -5.20103  1.08231
 1.18505 -5.19638  1.08274
 1.18548 -5.19173  1.08318
 1.18591 -5.18709  1.08318
 1.18635 -5.18246  1.08361
 1.18678 -5.17783  1.08404
 1.18721 -5.17321  1.08448
 1.18765 -5.16859  1.08491
 1.18808 -5.16398  1.08491
 1.18851 -5.15937  1.08535
 1.18895 -5.15477  1.08578
 1.18938 -5.15017  1.08621
 1.18981 -5.14558  1.08621
 1.19025   -5.141  1.08665
 1.19068 -5.13642  1.08708
 1.19111 -5.13184  1.08751
 1.19155 -5.12727  1.08795
 1.19198 -5.12271  1.08795
 1.19241 -5.11815  1.08838
 1.19285  -5.1136  1.08881
 1.19328 -5.10905  1.08925
 1.19371 -5.10451  1.08925
 1.19415 -5.09997  1.08968
 1.19458 -5.09544  1.09011
 1.19502 -5.09091  1.09055
 1.19545 -5.08639  1.09055
 1.19588 -5.08187  1.09098
 1.19632 -5.07736  1.09141
 1.19675 -5.07286  1.09185
 1.19718 -5.06836  1.09228
 1.19762 -5.06386  1.09228
 1.19805 -5.05937  1.09271
 1.19848 -5.05489  1.09315
 1.19892 -5.05041  1.09358
 1.19935 -5.04593  1.09358
 1.19978 -5.04146  1.09401
 1.20022   -5.037  1.09445
 1.20065 -5.03254  1.09488
 1.20108 -5.02809  1.09532
 1.20152 -5.02364  1.09532
 1.20195  -5.0192  1.09575
 1.20238 -5.01476  1.09618
 1.20282 -5.01033  1.09662
 1.20325  -5.0059  1.09662
 1.20368 -5.00147  1.09705
 1.20412 -4.99706  1.09748
 1.20455 -4.99265  1.09792
 1.20498 -4.98824  1.09835
 1.20542 -4.98384  1.09835
 1.20585 -4.97944  1.09878
 1.20629 -4.97505  1.09922
 1.20672 -4.97066  1.09965
 1.20715 -4.96628  1.09965
 1.20759  -4.9619  1.10008
 1.20802 -4.95753  1.10052
 1.20845 -4.95316  1.10095
 1.20889  -4.9488  1.10138
 1.20932 -4.94445  1.10138
 1.20975 -4.94009  1.10182
 1.21019 -4.93575  1.10225
 1.21062 -4.93141  1.10268
 1.21105 -4.92707  1.10268
 1.21149 -4.92274  1.10312
 1.21192 -4.91841  1.10355
 1.21235 -4.91409  1.10398
 1.21279 -4.90978  1.10398
 1.21322 -4.90546  1.10442
 1.21365 -4.90116  1.10485
 1.21409 -4.89686  1.10529
 1.21452 -4.89256  1.10572
 1.21495 -4.88827  1.10572
 1.21539 -4.88398  1.10615
 1.21582  -4.8797  1.10659
 1.21626 -4.87542  1.10702
 1.21669 -4.87115  1.10745
 1.21712 -4.86689  1.10745
 1.21756 -4.86262  1.10789
 1.21799 -4.85837  1.10832
 1.21842 -4.85412  1.10875
 1.21886 -4.84987  1.10875
 1.21929 -4.84562  1.10919
 1.21972 -4.84139  1.10962
 1.22016 -4.83716  1.11005
 1.22059 -4.83293  1.11005
 1.22102  -4.8287  1.11049
 1.22146 -4.82449  1.11092
 1.22189 -4.82027  1.11135
 1.22232 -4.81607  1.11179
 1.22276 -4.81186  1.11179
 1.22319 -4.80766  1.11222
 1.22362 -4.80347  1.11265
 1.22406 -4.79928  1.11309
 1.22449  -4.7951  1.11309
 1.22492 -4.79092  1.11352
 1.22536 -4.78674  1.11395
 1.22579 -4.78257  1.11439
 1.22623 -4.77841  1.11482
 1.22666 -4.77425  1.11482
 1.22709 -4.77009  1.11526
 1.22753 -4.76594  1.11569
 1.22796 -4.76179  1.11612
 1.22839 -4.75765  1.11612
 1.22883 -4.75351  1.11656
 1.22926 -4.74938  1.11699
 1.22969 -4.74525  1.11742
 1.23013 -4.74113  1.11742
 1.23056 -4.73701  1.11786
 1.23099  -4.7329  1.11829
 1.23143 -4.72879  1.11872
 1.23186 -4.72469  1.11916
 1.23229 -4.72059  1.11916
 1.23273 -4.71649  1.11959
 1.23316  -4.7124  1.12002
 1.23359 -4.70832  1.12046
 1.23403 -4.70424  1.12046
 1.23446 -4.70016  1.12089
 1.23489 -4.69609  1.12132
 1.23533 -4.69203  1.12176
 1.23576 -4.68796  1.12219
  1.2362 -4.68391  1.12219
 1.23663 -4.67985  1.12262
 1.23706  -4.6758  1.12306
  1.2375 -4.67176  1.12349
 1.23793 -4.66772  1.12349
 1.23836 -4.66369  1.12392
  1.2388 -4.65966  1.12436
 1.23923 -4.65563  1.12479
 1.23966 -4.65161  1.12523
  1.2401  -4.6476  1.12523
 1.24053 -4.64358  1.12566
 1.24096 -4.63958  1.12609
  1.2414 -4.63558  1.12653
 1.24183 -4.63158  1.12653
 1.24226 -4.62758  1.12696
  1.2427 -4.62359  1.12739
 1.24313 -4.61961  1.12783
 1.24356 -4.61563  1.12783
   1.244 -4.61166  1.12826
 1.24443 -4.60768  1.12869
 1.24486 -4.60372  1.12913
  1.2453 -4.59976  1.12956
 1.24573  -4.5958  1.12956
 1.24617 -4.59184  1.12999
  1.2466  -4.5879  1.13043
 1.24703 -4.58395  1.13086
 1.24747 -4.58001  1.13086
  1.2479 -4.57608  1.13129
 1.24833 -4.57215  1.13173
 1.24877 -4.56822  1.13216
  1.2492  -4.5643  1.13259
 1.24963 -4.56038  1.13259
 1.25007 -4.55647  1.13303
  1.2505 -4.55256  1.13346
 1.25093 -4.54866  1.13389
 1.25137 -4.54476  1.13389
  1.2518 -4.54086  1.13433
 1.25223 -4.53697  1.13476
 1.25267 -4.53308   1.1352
  1.2531  -4.5292  1.13563
 1.25353 -4.52532  1.13563
 1.25397 -4.52145  1.13606
  1.2544 -4.51758   1.1365
 1.25483 -4.51371  1.13693
 1.25527 -4.50985  1.13693
  1.2557   -4.506  1.13736
 1.25614 -4.50214   1.1378
 1.25657  -4.4983  1.13823
   1.257 -4.49445  1.13823
 1.25744 -4.49061  1.13866
 1.25787 -4.48678   1.1391
  1.2583 -4.48295  1.13953
 1.25874 -4.47912  1.13996
 1.25917  -4.4753  1.13996
  1.2596 -4.47148   1.1404
 1.26004 -4.46767  1.14083
 1.26047 -4.46386  1.14126
  1.2609 -4.46006  1.14126
 1.26134 -4.45626   1.1417
 1.26177 -4.45246  1.14213
  1.2622 -4.44867  1.14256
 1.26264 -4.44488    1.143
 1.26307  -4.4411    1.143
  1.2635 -4.43732  1.14343
 1.26394 -4.43354  1.14386
 1.26437 -4.42977   1.1443
  1.2648   -4.426   1.1443
 1.26524 -4.42224  1.14473
 1.26567 -4.41848  1.14517
 1.26611 -4.41473   1.1456
 1.26654 -4.41098  1.14603
 1.26697 -4.40723  1.14603
 1.26741 -4.40349  1.14647
 1.26784 -4.39975   1.1469
 1.26827 -4.39602  1.14733
 1.26871 -4.39229  1.14733
 1.26914 -4.38857  1.14777
 1.26957 -4.38485   1.1482
 1.27001 -4.38113  1.14863
 1.27044 -4.37742  1.14863
 1.27087 -4.37371  1.14907
 1.27131    -4.37   1.1495
 1.27174  -4.3663  1.14993
 1.27217 -4.36261  1.15037
 1.27261 -4.35892  1.15037
 1.27304 -4.35523   1.1508
 1.27347 -4.35154  1.15123
 1.27391 -4.34786  1.15167
 1.27434 -4.34419  1.15167
 1.27477 -4.34052   1.1521
 1.27521 -4.33685  1.15253
 1.27564 -4.33319  1.15297
 1.27608 -4.32953   1.1534
 1.27651 -4.32587   1.1534
 1.27694 -4.32222  1.15383
 1.27738 -4.31857  1.15427
 1.27781 -4.31493   1.1547
 1.27824 -4.31129   1.1547
 1.27868 -4.30765  1.15514
 1.27911 -4.30402  1.15557
 1.27954  -4.3004    1.156
 1.27998 -4.29677  1.15644
 1.28041 -4.29315  1.15644
 1.28084 -4.28954  1.15687
 1.28128 -4.28593   1.1573
 1.28171 -4.28232  1.15774
 1.28214 -4.27872  1.15774
 1.28258 -4.27512  1.15817
 1.28301 -4.27152   1.1586
 1.28344 -4.26793  1.15904
 1.28388 -4.26435  1.15904
 1.28431 -4.26076  1.15947
 1.28474 -4.25718   1.1599
 1.28518 -4.25361  1.16034
 1.28561 -4.25004  1.16077
 1.28605 -4.24647  1.16077
 1.28648  -4.2429   1.1612
 1.28691 -4.23934  1.16164
 1.28735 -4.23579  1.16207
 1.28778 -4.23224  1.16207
 1.28821 -4.22869   1.1625
 1.28865 -4.22514  1.16294
 1.28908  -4.2216  1.16337
 1.28951 -4.21807  1.16337
 1.28995 -4.21453   1.1638
 1.29038 -4.21101  1.16424
 1.29081 -4.20748  1.16467
 1.29125 -4.20396  1.16511
 1.29168 -4.20044  1.16511
 1.29211 -4.19693  1.16554
 1.29255 -4.19342  1.16597
 1.29298 -4.18992  1.16641
 1.29341 -4.18641  1.16641
 1.29385 -4.18292  1.16684
 1.29428 -4.17942  1.16727
 1.29471 -4.17593  1.16771
 1.29515 -4.17245  1.16771
 1.29558 -4.16896  1.16814
 1.29602 -4.16548  1.16857
 1.29645 -4.16201  1.16901
 1.29688 -4.15854  1.16944
 1.29732 -4.15507  1.16944
 1.29775 -4.15161  1.16987
 1.29818 -4.14815  1.17031
 1.29862 -4.14469  1.17074
 1.29905 -4.14124  1.17117
 1.29948 -4.13779  1.17117
 1.29992 -4.13435  1.17161
 1.30035 -4.13091  1.17204
 1.30078 -4.12747  1.17247
 1.30122 -4.12404  1.17247
 1.30165 -4.12061  1.17291
 1.30208 -4.11718  1.17334
 1.30252 -4.11376  1.17377
 1.30295 -4.11034  1.17421
 1.30338 -4.10692  1.17421
 1.30382 -4.10351  1.17464
 1.30425 -4.10011  1.17508
 1.30468  -4.0967  1.17551
 1.30512  -4.0933  1.17551
 1.30555 -4.08991  1.17594
 1.30599 -4.08651  1.17638
 1.30642 -4.08313  1.17681
 1.30685 -4.07974  1.17681
 1.30729 -4.07636  1.17724
 1.30772 -4.07298  1.17768
 1.30815 -4.06961  1.17811
 1.30859 -4.06624  1.17854
 1.30902 -4.06287  1.17854
 1.30945 -4.05951  1.17898
 1.30989 -4.05615  1.17941
 1.31032 -4.05279  1.17984
 1.31075 -4.04944  1.17984
 1.31119 -4.04609  1.18028
 1.31162 -4.04275  1.18071
 1.31205  -4.0394  1.18114
 1.31249 -4.03607  1.18114
 1.31292 -4.03273  1.18158
 1.31335  -4.0294  1.18201
 1.31379 -4.02608  1.18244
 1.31422 -4.02275  1.18288
 1.31465 -4.01943  1.18288
 1.31509 -4.01612  1.18331
 1.31552  -4.0128  1.18374
 1.31596  -4.0095  1.18418
 1.31639 -4.00619  1.18418
 1.31682 -4.00289  1.18461
 1.31726 -3.99959  1.18505
 1.31769 -3.99629  1.18548
 1.31812   -3.993  1.18591
 1.31856 -3.98972  1.18591
 1.31899 -3.98643  1.18635
 1.31942 -3.98315  1.18678
 1.31986 -3.97987  1.18721
 1.32029  -3.9766  1.18721
 1.32072 -3.97333  1.18765
 1.32116 -3.97006  1.18808
 1.32159  -3.9668  1.18851
 1.32202 -3.96354  1.18851
 1.32246 -3.96029  1.18895
 1.32289 -3.95703  1.18938
 1.32332 -3.95379  1.18981
 1.32376 -3.95054  1.19025
 1.32419  -3.9473  1.19025
 1.32462 -3.94406  1.19068
 1.32506 -3.94082  1.19111
 1.32549 -3.93759  1.19155
 1.32593 -3.93437  1.19155
 1.32636 -3.93114  1.19198
 1.32679 -3.92792  1.19241
 1.32723  -3.9247  1.19285
 1.32766 -3.92149  1.19328
 1.32809 -3.91828  1.19328
 1.32853 -3.91507  1.19371
 1.32896 -3.91187  1.19415
 1.32939 -3.90867  1.19458
 1.32983 -3.90547  1.19458
 1.33026 -3.90228  1.19502
 1.33069 -3.89909  1.19545
 1.33113  -3.8959  1.19588
 1.33156 -3.89272  1.19588
 1.33199 -3.88954  1.19632
 1.33243 -3.88636  1.19675
 1.33286 -3.88319  1.19718
 1.33329 -3.88002  1.19762
 1.33373 -3.87685  1.19762
 1.33416 -3.87369  1.19805
 1.33459 -3.87053  1.19848
 1.33503 -3.86737  1.19892
 1.33546 -3.86422  1.19892
  1.3359 -3.86107  1.19935
 1.33633 -3.85792  1.19978
 1.33676 -3.85478  1.20022
  1.3372 -3.85164  1.20065
 1.33763 -3.84851  1.20065
 1.33806 -3.84537  1.20108
  1.3385 -3.84224  1.20152
 1.33893 -3.83912  1.20195
 1.33936   -3.836  1.20195
  1.3398 -3.83288  1.20238
 1.34023 -3.82976  1.20282
 1.34066 -3.82665  1.20325
  1.3411 -3.82354  1.20325
 1.34153 -3.82043  1.20368
 1.34196 -3.81733  1.20412
  1.3424 -3.81423  1.20455
 1.34283 -3.81113  1.20498
 1.34326 -3.80804  1.20498
  1.3437 -3.80495  1.20542
 1.34413 -3.80186  1.20585
 1.34456 -3.79878  1.20629
   1.345  -3.7957  1.20629
 1.34543 -3.79262  1.20672
 1.34587 -3.78955  1.20715
  1.3463 -3.78648  1.20759
 1.34673 -3.78342  1.20759
 1.34717 -3.78035  1.20802
  1.3476 -3.77729  1.20845
 1.34803 -3.77423  1.20889
 1.34847 -3.77118  1.20932
  1.3489 -3.76813  1.20932
 1.34933 -3.76508  1.20975
 1.34977 -3.76204  1.21019
  1.3502   -3.759  1.21062
 1.35063 -3.75596  1.21062
 1.35107 -3.75293  1.21105
  1.3515 -3.74989  1.21149
 1.35193 -3.74687  1.21192
 1.35237 -3.74384  1.21235
  1.3528 -3.74082  1.21235
 1.35323  -3.7378  1.21279
 1.35367 -3.73479  1.21322
  1.3541 -3.73177  1.21365
 1.35453 -3.72877  1.21365
 1.35497 -3.72576  1.21409
  1.3554 -3.72276  1.21452
 1.35584 -3.71976  1.21495
 1.35627 -3.71676  1.21495
  1.3567 -3.71377  1.21539
 1.35714 -3.71078  1.21582
 1.35757 -3.70779  1.21626
   1.358 -3.70481  1.21669
 1.35844 -3.70183  1.21669
 1.35887 -3.69885  1.21712
  1.3593 -3.69588  1.21756
 1.35974 -3.69291  1.21799
 1.36017 -3.68994  1.21799
  1.3606 -3.68697  1.21842
 1.36104 -3.68401  1.21886
 1.36147 -3.68105  1.21929
  1.3619  -3.6781  1.21929
 1.36234 -3.67514  1.21972
 1.36277 -3.67219  1.22016
  1.3632 -3.66925  1.22059
 1.36364 -3.66631  1.22102
 1.36407 -3.66337  1.22102
  1.3645 -3.66043  1.22146
 1.36494 -3.65749  1.22189
 1.36537 -3.65456  1.22232
 1.36581 -3.65164  1.22232
 1.36624 -3.64871  1.22276
 1.36667 -3.64579  1.22319
 1.36711 -3.64287  1.22362
 1.36754 -3.63996  1.22406
 1.36797 -3.63704  1.22406
 1.36841 -3.63413  1.22449
 1.36884 -3.63123  1.22492
 1.36927 -3.62833  1.22536
 1.36971 -3.62543  1.22536
 1.37014 -3.62253  1.22579
 1.37057 -3.61963  1.22623
 1.37101 -3.61674  1.22666
 1.37144 -3.61386  1.22666
 1.37187 -3.61097  1.22709
 1.37231 -3.60809  1.22753
 1.37274 -3.60521  1.22796
 1.37317 -3.60233  1.22839
 1.37361 -3.59946  1.22839
 1.37404 -3.59659  1.22883
 1.37447 -3.59372  1.22926
 1.37491 -3.59086  1.22969
 1.37534   -3.588  1.22969
 1.37578 -3.58514  1.23013
 1.37621 -3.58228  1.23056
 1.37664 -3.57943  1.23099
 1.37708 -3.57658  1.23143
 1.37751 -3.57374  1.23143
 1.37794 -3.57089  1.23186
 1.37838 -3.56805  1.23229
 1.37881 -3.56522  1.23273
 1.37924 -3.56238  1.23273
 1.37968 -3.55955  1.23316
 1.38011 -3.55672  1.23359
 1.38054  -3.5539  1.23403
 1.38098 -3.55107  1.23403
 1.38141 -3.54825  1.23446
 1.38184 -3.54544  1.23489
 1.38228 -3.54262  1.23533
 1.38271 -3.53981  1.23533
 1.38314   -3.537  1.23576
 1.38358  -3.5342   1.2362
 1.38401  -3.5314  1.23663
 1.38444  -3.5286  1.23706
 1.38488  -3.5258  1.23706
 1.38531 -3.52301   1.2375
 1.38575 -3.52022  1.23793
 1.38618 -3.51743  1.23836
 1.38661 -3.51464  1.23836
 1.38705 -3.51186   1.2388
 1.38748 -3.50908  1.23923
 1.38791 -3.50631  1.23966
 1.38835 -3.50353   1.2401
 1.38878 -3.50076   1.2401
 1.38921   -3.498  1.24053
 1.38965 -3.49523  1.24096
 1.39008 -3.49247   1.2414
 1.39051 -3.48971   1.2414
 1.39095 -3.48695  1.24183
 1.39138  -3.4842  1.24226
 1.39181 -3.48145   1.2427
 1.39225  -3.4787   1.2427
 1.39268 -3.47596  1.24313
 1.39311 -3.47322  1.24356
 1.39355 -3.47048    1.244
 1.39398 -3.46774  1.24443
 1.39441 -3.46501  1.24443
 1.39485 -3.46228  1.24486
 1.39528 -3.45955   1.2453
 1.39572 -3.45682  1.24573
 1.39615  -3.4541  1.24573
 1.39658 -3.45138  1.24617
 1.39702 -3.44866   1.2466
 1.39745 -3.44595  1.24703
 1.39788 -3.44324  1.24747
 1.39832 -3.44053  1.24747
 1.39875 -3.43783   1.2479
 1.39918 -3.43512  1.24833
 1.39962 -3.43242  1.24877
 1.40005 -3.42973  1.24877
 1.40048 -3.42703   1.2492
 1.40092 -3.42434  1.24963
 1.40135 -3.42165  1.25007
 1.40178 -3.41897  1.25007
 1.40222 -3.41628   1.2505
 1.40265  -3.4136  1.25093
 1.40308 -3.41092  1.25137
 1.40352 -3.40825   1.2518
 1.40395 -3.40558   1.2518
 1.40438 -3.40291  1.25223
 1.40482 -3.40024  1.25267
 1.40525 -3.39758   1.2531
 1.40569 -3.39492   1.2531
 1.40612 -3.39226  1.25353
 1.40655  -3.3896  1.25397
 1.40699 -3.38695   1.2544
 1.40742  -3.3843   1.2544
 1.40785 -3.38165  1.25483
 1.40829   -3.379  1.25527
 1.40872 -3.37636   1.2557
 1.40915 -3.37372  1.25614
 1.40959 -3.37108  1.25614
 1.41002 -3.36845  1.25657
 1.41045 -3.36582    1.257
 1.41089 -3.36319  1.25744
 1.41132 -3.36056  1.25744
 1.41175 -3.35794  1.25787
 1.41219 -3.35532   1.2583
 1.41262  -3.3527  1.25874
 1.41305 -3.35009  1.25874
 1.41349 -3.34747  1.25917
 1.41392 -3.34486   1.2596
 1.41435 -3.34225  1.26004
 1.41479 -3.33965  1.26047
 1.41522 -3.33705  1.26047
 1.41566 -3.33445   1.2609
 1.41609 -3.33185  1.26134
 1.41652 -3.32926  1.26177
 1.41696 -3.32667  1.26177
 1.41739 -3.32408   1.2622
 1.41782 -3.32149  1.26264
 1.41826 -3.31891  1.26307
 1.41869 -3.31633   1.2635
 1.41912 -3.31375   1.2635
 1.41956 -3.31117  1.26394
 1.41999  -3.3086  1.26437
 1.42042 -3.30603   1.2648
 1.42086 -3.30346   1.2648
 1.42129 -3.30089  1.26524
 1.42172 -3.29833  1.26567
 1.42216 -3.29577  1.26611
 1.42259 -3.29321  1.26611
 1.42302 -3.29066  1.26654
 1.42346  -3.2881  1.26697
 1.42389 -3.28555  1.26741
 1.42432 -3.28301  1.26784
 1.42476 -3.28046  1.26784
 1.42519 -3.27792  1.26827
 1.42563 -3.27538  1.26871
 1.42606 -3.27284  1.26914
 1.42649 -3.27031  1.26914
 1.42693 -3.26778  1.26957
 1.42736 -3.26525  1.27001
 1.42779 -3.26272  1.27044
 1.42823  -3.2602  1.27044
 1.42866 -3.25768  1.27087
 1.42909 -3.25516  1.27131
 1.42953 -3.25264  1.27174
 1.42996 -3.25013  1.27217
 1.43039 -3.24761  1.27217
 1.43083  -3.2451  1.27261
 1.43126  -3.2426  1.27304
 1.43169  -3.2401  1.27347
 1.43213 -3.23759  1.27347
 1.43256 -3.23509  1.27391
 1.43299  -3.2326  1.27434
 1.43343  -3.2301  1.27477
 1.43386 -3.22761  1.27477
 1.43429 -3.22512  1.27521
 1.43473 -3.22264  1.27564
 1.43516 -3.22015  1.27608
  1.4356 -3.21767  1.27651
 1.43603 -3.21519  1.27651
 1.43646 -3.21272  1.27694
  1.4369 -3.21024  1.27738
 1.43733 -3.20777  1.27781
 1.43776  -3.2053  1.27781
  1.4382 -3.20284  1.27824
 1.43863 -3.20037  1.27868
 1.43906 -3.19791  1.27911
  1.4395 -3.19545  1.27911
 1.43993   -3.193  1.27954
 1.44036 -3.19054  1.27998
  1.4408 -3.18809  1.28041
 1.44123 -3.18564  1.28084
 1.44166  -3.1832  1.28084
  1.4421 -3.18075  1.28128
 1.44253 -3.17831  1.28171
 1.44296 -3.17587  1.28214
  1.4434 -3.17343  1.28214
 1.44383   -3.171  1.28258
 1.44426 -3.16857  1.28301
  1.4447 -3.16614  1.28344
 1.44513 -3.16371  1.28344
 1.44557 -3.16129  1.28388
   1.446 -3.15887  1.28431
 1.44643 -3.15645  1.28474
 1.44687 -3.15403  1.28518
  1.4473 -3.15161  1.28518
 1.44773  -3.1492  1.28561
 1.44817 -3.14679  1.28605
  1.4486 -3.14438  1.28648
 1.44903 -3.14198  1.28648
 1.44947 -3.13957  1.28691
  1.4499 -3.13717  1.28735
 1.45033 -3.13478  1.28778
 1.45077 -3.13238  1.28778
  1.4512 -3.12999  1.28821
 1.45163  -3.1276  1.28865
 1.45207 -3.12521  1.28908
  1.4525 -3.12282  1.28951
 1.45293 -3.12044  1.28951
 1.45337 -3.11806  1.28995
  1.4538 -3.11568  1.29038
 1.45423  -3.1133  1.29081
 1.45467 -3.11093  1.29081
  1.4551 -3.10855  1.29125
 1.45554 -3.10618  1.29168
 1.45597 -3.10382  1.29211
  1.4564 -3.10145  1.29211
 1.45684 -3.09909  1.29255
 1.45727 -3.09673  1.29298
  1.4577 -3.09437  1.29341
 1.45814 -3.09202  1.29341
 1.45857 -3.08966  1.29385
   1.459 -3.08731  1.29428
 1.45944 -3.08496  1.29471
 1.45987 -3.08262  1.29515
  1.4603 -3.08028  1.29515
 1.46074 -3.07793  1.29558
 1.46117 -3.07559  1.29602
  1.4616 -3.07326  1.29645
 1.46204 -3.07092  1.29688
 1.46247 -3.06859  1.29688
  1.4629 -3.06626  1.29732
 1.46334 -3.06393  1.29775
 1.46377 -3.06161  1.29818
  1.4642 -3.05929  1.29818
 1.46464 -3.05696  1.29862
 1.46507 -3.05465  1.29905
 1.46551 -3.05233  1.29948
 1.46594 -3.05002  1.29948
 1.46637  -3.0477  1.29992
 1.46681  -3.0454  1.30035
 1.46724 -3.04309  1.30078
 1.46767 -3.04079  1.30122
 1.46811 -3.03848  1.30122
 1.46854 -3.03618  1.30165
 1.46897 -3.03388  1.30208
 1.46941 -3.03159  1.30252
 1.46984  -3.0293  1.30252
 1.47027   -3.027  1.30295
 1.47071 -3.02472  1.30338
 1.47114 -3.02243  1.30382
 1.47157 -3.02015  1.30382
 1.47201 -3.01786  1.30425
 1.47244 -3.01558  1.30468
 1.47287 -3.01331  1.30512
 1.47331 -3.01103  1.30555
 1.47374 -3.00876  1.30555
 1.47417 -3.00649  1.30599
 1.47461 -3.00422  1.30642
 1.47504 -3.00195  1.30685
 1.47548 -2.99969  1.30685
 1.47591 -2.99743  1.30729
 1.47634 -2.99517  1.30772
 1.47678 -2.99291  1.30815
 1.47721 -2.99066  1.30815
 1.47764  -2.9884  1.30859
 1.47808 -2.98615  1.30902
 1.47851  -2.9839  1.30945
 1.47894 -2.98166  1.30945
 1.47938 -2.97941  1.30989
 1.47981 -2.97717  1.31032
 1.48024 -2.97493  1.31075
 1.48068 -2.97269  1.31119
 1.48111 -2.97046  1.31119
 1.48154 -2.96822  1.31162
 1.48198 -2.96599  1.31205
 1.48241 -2.96377  1.31249
 1.48284 -2.96154  1.31249
 1.48328 -2.95931  1.31292
 1.48371 -2.95709  1.31335
 1.48414 -2.95487  1.31379
 1.48458 -2.95266  1.31422
 1.48501 -2.95044  1.31422
 1.48545 -2.94823  1.31465
 1.48588 -2.94601  1.31509
 1.48631 -2.94381  1.31552
 1.48675  -2.9416  1.31552
 1.48718 -2.93939  1.31596
 1.48761 -2.93719  1.31639
 1.48805 -2.93499  1.31682
 1.48848 -2.93279  1.31682
 1.48891  -2.9306  1.31726
 1.48935  -2.9284  1.31769
 1.48978 -2.92621  1.31812
 1.49021 -2.92402  1.31856
 1.49065 -2.92183  1.31856
 1.49108 -2.91965  1.31899
 1.49151 -2.91746  1.31942
 1.49195 -2.91528  1.31986
 1.49238  -2.9131  1.31986
 1.49281 -2.91093  1.32029
 1.49325 -2.90875  1.32072
 1.49368 -2.90658  1.32116
 1.49411 -2.90441  1.32116
 1.49455 -2.90224  1.32159
 1.49498 -2.90007  1.32202
 1.49542 -2.89791  1.32246
 1.49585 -2.89575  1.32289
 1.49628 -2.89359  1.32289
 1.49672 -2.89143  1.32332
 1.49715 -2.88927  1.32376
 1.49758 -2.88712  1.32419
 1.49802 -2.88497  1.32419
 1.49845 -2.88282  1.32462
 1.49888 -2.88067  1.32506
 1.49932 -2.87853  1.32549
 1.49975 -2.87638  1.32549
 1.50018 -2.87424  1.32593
 1.50062  -2.8721  1.32636
 1.50105 -2.86996  1.32679
 1.50148 -2.86783  1.32723
 1.50192  -2.8657  1.32723
 1.50235 -2.86357  1.32766
 1.50278 -2.86144  1.32809
 1.50322 -2.85931  1.32853
 1.50365 -2.85719  1.32853
 1.50408 -2.85506  1.32896
 1.50452 -2.85294  1.32939
 1.50495 -2.85082  1.32983
 1.50539 -2.84871  1.32983
 1.50582 -2.84659  1.33026
 1.50625 -2.84448  1.33069
 1.50669 -2.84237  1.33113
 1.50712 -2.84026  1.33156
 1.50755 -2.83816  1.33156
 1.50799 -2.83605  1.33199
 1.50842 -2.83395  1.33243
 1.50885 -2.83185  1.33286
 1.50929 -2.82975  1.33286
 1.50972 -2.82766  1.33329
 1.51015 -2.82556  1.33373
 1.51059 -2.82347  1.33416
 1.51102 -2.82138  1.33416
 1.51145 -2.81929  1.33459
 1.51189 -2.81721  1.33503
 1.51232 -2.81512  1.33546
 1.51275 -2.81304  1.33546
 1.51319 -2.81096   1.3359
 1.51362 -2.80888  1.33633
 1.51405 -2.80681  1.33676
 1.51449 -2.80473   1.3372
 1.51492 -2.80266   1.3372
 1.51536 -2.80059  1.33763
 1.51579 -2.79852  1.33806
 1.51622 -2.79646   1.3385
 1.51666 -2.79439   1.3385
 1.51709 -2.79233  1.33893
 1.51752 -2.79027  1.33936
 1.51796 -2.78821   1.3398
 1.51839 -2.78616   1.3398
 1.51882  -2.7841  1.34023
 1.51926 -2.78205  1.34066
 1.51969    -2.78   1.3411
 1.52012 -2.77795  1.34153
 1.52056 -2.77591  1.34153
 1.52099 -2.77386  1.34196
 1.52142 -2.77182   1.3424
 1.52186 -2.76978  1.34283
 1.52229 -2.76774  1.34283
 1.52272  -2.7657  1.34326
 1.52316 -2.76367   1.3437
 1.52359 -2.76164  1.34413
 1.52402 -2.75961  1.34456
 1.52446 -2.75758  1.34456
 1.52489 -2.75555    1.345
 1.52533 -2.75353  1.34543
 1.52576  -2.7515  1.34587
 1.52619 -2.74948  1.34587
 1.52663 -2.74746   1.3463
 1.52706 -2.74545  1.34673
 1.52749 -2.74343  1.34717
 1.52793 -2.74142  1.34717
 1.52836 -2.73941   1.3476
 1.52879  -2.7374  1.34803
 1.52923 -2.73539  1.34847
 1.52966 -2.73339  1.34847
 1.53009 -2.73138   1.3489
 1.53053 -2.72938  1.34933
 1.53096 -2.72738  1.34977
 1.53139 -2.72538   1.3502
 1.53183 -2.72339   1.3502
 1.53226 -2.72139  1.35063
 1.53269  -2.7194  1.35107
 1.53313 -2.71741   1.3515
 1.53356 -2.71542   1.3515
 1.53399 -2.71344  1.35193
 1.53443 -2.71145  1.35237
 1.53486 -2.70947   1.3528
  1.5353 -2.70749   1.3528
 1.53573 -2.70551  1.35323
 1.53616 -2.70353  1.35367
  1.5366 -2.70156   1.3541
 1.53703 -2.69959  1.35453
 1.53746 -2.69762  1.35453
  1.5379 -2.69565  1.35497
 1.53833 -2.69368   1.3554
 1.53876 -2.69171  1.35584
  1.5392 -2.68975  1.35584
 1.53963 -2.68779  1.35627
 1.54006 -2.68583   1.3567
  1.5405 -2.68387  1.35714
 1.54093 -2.68191  1.35714
 1.54136 -2.67996  1.35757
  1.5418 -2.67801    1.358
 1.54223 -2.67606  1.35844
 1.54266 -2.67411  1.35887
  1.5431 -2.67216  1.35887
 1.54353 -2.67021   1.3593
 1.54396 -2.66827  1.35974
  1.5444 -2.66633  1.36017
 1.54483 -2.66439  1.36017
 1.54527 -2.66245   1.3606
  1.5457 -2.66052  1.36104
 1.54613 -2.65858  1.36147
 1.54657 -2.65665  1.36147
   1.547 -2.65472   1.3619
 1.54743 -2.65279  1.36234
 1.54787 -2.65086  1.36277
  1.5483 -2.64894   1.3632
 1.54873 -2.64702   1.3632
 1.54917 -2.64509  1.36364
  1.5496 -2.64317  1.36407
 1.55003 -2.64126   1.3645
 1.55047 -2.63934   1.3645
  1.5509 -2.63743  1.36494
 1.55133 -2.63551  1.36537
 1.55177  -2.6336  1.36581
  1.5522  -2.6317  1.36581
 1.55263 -2.62979  1.36624
 1.55307 -2.62788  1.36667
  1.5535 -2.62598  1.36711
 1.55393 -2.62408  1.36754
 1.55437 -2.62218  1.36754
  1.5548 -2.62028  1.36797
 1.55524 -2.61839  1.36841
 1.55567 -2.61649  1.36884
  1.5561  -2.6146  1.36884
 1.55654 -2.61271  1.36927
 1.55697 -2.61082  1.36971
  1.5574 -2.60893  1.37014
 1.55784 -2.60705  1.37014
 1.55827 -2.60516  1.37057
  1.5587 -2.60328  1.37101
 1.55914  -2.6014  1.37144
 1.55957 -2.59952  1.37144
    1.56 -2.59765  1.37187
 1.56044 -2.59577  1.37231
 1.56087  -2.5939  1.37274
  1.5613 -2.59203  1.37317
 1.56174 -2.59016  1.37317
 1.56217 -2.58829  1.37361
  1.5626 -2.58642  1.37404
 1.56304 -2.58456  1.37447
 1.56347  -2.5827  1.37447
  1.5639 -2.58084  1.37491
 1.56434 -2.57898  1.37534
 1.56477 -2.57712  1.37578
 1.56521 -2.57527  1.37578
 1.56564 -2.57341  1.37621
 1.56607 -2.57156  1.37664
 1.56651 -2.56971  1.37708
 1.56694 -2.56786  1.37751
 1.56737 -2.56601  1.37751
 1.56781 -2.56417  1.37794
 1.56824 -2.56233  1.37838
 1.56867 -2.56048  1.37881
 1.56911 -2.55864  1.37881
 1.56954 -2.55681  1.37924
 1.56997 -2.55497  1.37968
 1.57041 -2.55313  1.38011
 1.57084  -2.5513  1.38011
 1.57127 -2.54947  1.38054
 1.57171 -2.54764  1.38098
 1.57214 -2.54581  1.38141
 1.57257 -2.54399  1.38184
 1.57301 -2.54216  1.38184
 1.57344 -2.54034  1.38228
 1.57387 -2.53852  1.38271
 1.57431  -2.5367  1.38314
 1.57474 -2.53488  1.38314
 1.57518 -2.53307  1.38358
 1.57561 -2.53125  1.38401
 1.57604 -2.52944  1.38444
 1.57648 -2.52763  1.38444
 1.57691 -2.52582  1.38488
 1.57734 -2.52401  1.38531
 1.57778 -2.52221  1.38575
 1.57821  -2.5204  1.38618
 1.57864  -2.5186  1.38618
 1.57908  -2.5168  1.38661
 1.57951   -2.515  1.38705
 1.57994  -2.5132  1.38748
 1.58038 -2.51141  1.38748
 1.58081 -2.50961  1.38791
 1.58124 -2.50782  1.38835
 1.58168 -2.50603  1.38878
 1.58211 -2.50424  1.38878
 1.58254 -2.50245  1.38921
 1.58298 -2.50067  1.38965
 1.58341 -2.49888  1.39008
 1.58384  -2.4971  1.39008
 1.58428 -2.49532  1.39051
 1.58471 -2.49354  1.39095
 1.58515 -2.49176  1.39138
 1.58558 -2.48999  1.39181
 1.58601 -2.48821  1.39181
 1.58645 -2.48644  1.39225
 1.58688 -2.48467  1.39268
 1.58731  -2.4829  1.39311
 1.58775 -2.48113  1.39311
 1.58818 -2.47937  1.39355
 1.58861  -2.4776  1.39398
 1.58905 -2.47584  1.39441
 1.58948 -2.47408  1.39441
 1.58991 -2.47232  1.39485
 1.59035 -2.47056  1.39528
 1.59078  -2.4688  1.39572
 1.59121 -2.46705  1.39615
 1.59165  -2.4653  1.39615
 1.59208 -2.46355  1.39658
 1.59251  -2.4618  1.39702
 1.59295 -2.46005  1.39745
 1.59338  -2.4583  1.39745
 1.59381 -2.45656  1.39788
 1.59425 -2.45481  1.39832
 1.59468 -2.45307  1.39875
 1.59512 -2.45133  1.39875
 1.59555 -2.44959  1.39918
 1.59598 -2.44786  1.39962
 1.59642 -2.44612  1.40005
 1.59685 -2.44439  1.40048
 1.59728 -2.44266  1.40048
 1.59772 -2.44093  1.40092
 1.59815  -2.4392  1.40135
 1.59858 -2.43747  1.40178
 1.59902 -2.43574  1.40178
 1.59945 -2.43402  1.40222
 1.59988  -2.4323  1.40265
 1.60032 -2.43058  1.40308
 1.60075 -2.42886  1.40308
 1.60118 -2.42714  1.40352
 1.60162 -2.42542  1.40395
 1.60205 -2.42371  1.40438
 1.60248   -2.422  1.40438
 1.60292 -2.42029  1.40482
 1.60335 -2.41858  1.40525
 1.60378 -2.41687  1.40569
 1.60422 -2.41516  1.40612
 1.60465 -2.41346  1.40612
 1.60509 -2.41175  1.40655
 1.60552 -2.41005  1.40699
 1.60595 -2.40835  1.40742
 1.60639 -2.40665  1.40742
 1.60682 -2.40495  1.40785
 1.60725 -2.40326  1.40829
 1.60769 -2.40156  1.40872
 1.60812 -2.39987  1.40915
 1.60855 -2.39818  1.40915
 1.60899 -2.39649  1.40959
 1.60942  -2.3948  1.41002
 1.60985 -2.39312  1.41045
 1.61029 -2.39143  1.41045
 1.61072 -2.38975  1.41089
 1.61115 -2.38807  1.41132
 1.61159 -2.38639  1.41175
 1.61202 -2.38471  1.41175
 1.61245 -2.38303  1.41219
 1.61289 -2.38136  1.41262
 1.61332 -2.37968  1.41305
 1.61375 -2.37801  1.41305
 1.61419 -2.37634  1.41349
 1.61462 -2.37467  1.41392
 1.61506   -2.373  1.41435
 1.61549 -2.37133  1.41479
 1.61592 -2.36967  1.41479
 1.61636 -2.36801  1.41522
 1.61679 -2.36634  1.41566
 1.61722 -2.36468  1.41609
 1.61766 -2.36303  1.41609
 1.61809 -2.36137  1.41652
 1.61852 -2.35971  1.41696
 1.61896 -2.35806  1.41739
 1.61939 -2.35641  1.41739
 1.61982 -2.35475  1.41782
 1.62026  -2.3531  1.41826
 1.62069 -2.35146  1.41869
 1.62112 -2.34981  1.41912
 1.62156 -2.34816  1.41912
 1.62199 -2.34652  1.41956
 1.62242 -2.34488  1.41999
 1.62286 -2.34324  1.42042
 1.62329  -2.3416  1.42042
 1.62372 -2.33996  1.42086
 1.62416 -2.33832  1.42129
 1.62459 -2.33669  1.42172
 1.62503 -2.33506  1.42172
 1.62546 -2.33342  1.42216
 1.62589 -2.33179  1.42259
 1.62633 -2.33016  1.42302
 1.62676 -2.32854  1.42302
 1.62719 -2.32691  1.42346
 1.62763 -2.32529  1.42389
 1.62806 -2.32366  1.42432
 1.62849 -2.32204  1.42476
 1.62893 -2.32042  1.42476
 1.62936  -2.3188  1.42519
 1.62979 -2.31719  1.42563
 1.63023 -2.31557  1.42606
 1.63066 -2.31396  1.42606
 1.63109 -2.31234  1.42649
 1.63153 -2.31073  1.42693
 1.63196 -2.30912  1.42736
 1.63239 -2.30752  1.42736
 1.63283 -2.30591  1.42779
 1.63326  -2.3043  1.42823
 1.63369  -2.3027  1.42866
 1.63413  -2.3011  1.42866
 1.63456  -2.2995  1.42909
 1.63499  -2.2979  1.42953
 1.63543  -2.2963  1.42996
 1.63586  -2.2947  1.43039
  1.6363 -2.29311  1.43039
 1.63673 -2.29151  1.43083
 1.63716 -2.28992  1.43126
  1.6376 -2.28833  1.43169
 1.63803 -2.28674  1.43169
 1.63846 -2.28515  1.43213
  1.6389 -2.28357  1.43256
 1.63933 -2.28198  1.43299
 1.63976  -2.2804  1.43299
  1.6402 -2.27881  1.43343
 1.64063 -2.27723  1.43386
 1.64106 -2.27565  1.43429
  1.6415 -2.27408  1.43429
 1.64193  -2.2725  1.43473
 1.64236 -2.27092  1.43516
  1.6428 -2.26935   1.4356
 1.64323 -2.26778  1.43603
 1.64366 -2.26621  1.43603
  1.6441 -2.26464  1.43646
 1.64453 -2.26307   1.4369
 1.64496  -2.2615  1.43733
  1.6454 -2.25994  1.43733
 1.64583 -2.25837  1.43776
 1.64627 -2.25681   1.4382
  1.6467 -2.25525  1.43863
 1.64713 -2.25369  1.43863
 1.64757 -2.25213  1.43906
   1.648 -2.25058   1.4395
 1.64843 -2.24902  1.43993
 1.64887 -2.24747  1.44036
  1.6493 -2.24591  1.44036
 1.64973 -2.24436   1.4408
 1.65017 -2.24281  1.44123
  1.6506 -2.24127  1.44166
 1.65103 -2.23972  1.44166
 1.65147 -2.23817   1.4421
  1.6519 -2.23663  1.44253
 1.65233 -2.23509  1.44296
 1.65277 -2.23354   1.4434
  1.6532   -2.232   1.4434
 1.65363 -2.23046  1.44383
 1.65407 -2.22893  1.44426
  1.6545 -2.22739   1.4447
 1.65493 -2.22586   1.4447
 1.65537 -2.22432  1.44513
  1.6558 -2.22279  1.44557
 1.65624 -2.22126    1.446
 1.65667 -2.21973    1.446
  1.6571  -2.2182  1.44643
 1.65754 -2.21668  1.44687
 1.65797 -2.21515   1.4473
  1.6584 -2.21363   1.4473
 1.65884 -2.21211  1.44773
 1.65927 -2.21059  1.44817
  1.6597 -2.20907   1.4486
 1.66014 -2.20755  1.44903
 1.66057 -2.20603  1.44903
   1.661 -2.20452  1.44947
 1.66144   -2.203   1.4499
 1.66187 -2.20149  1.45033
  1.6623 -2.19998  1.45033
 1.66274 -2.19847  1.45077
 1.66317 -2.19696   1.4512
  1.6636 -2.19545  1.45163
 1.66404 -2.19395  1.45163
 1.66447 -2.19244  1.45207
  1.6649 -2.19094   1.4525
 1.66534 -2.18944  1.45293
 1.66577 -2.18794  1.45293
 1.66621 -2.18644  1.45337
 1.66664 -2.18494   1.4538
 1.66707 -2.18344  1.45423
 1.66751 -2.18195  1.45467
 1.66794 -2.18045  1.45467
 1.66837 -2.17896   1.4551
 1.66881 -2.17747  1.45554
 1.66924 -2.17598  1.45597
 1.66967 -2.17449  1.45597
 1.67011   -2.173   1.4564
 1.67054 -2.17152  1.45684
 1.67097 -2.17003  1.45727
 1.67141 -2.16855  1.45727
 1.67184 -2.16707   1.4577
 1.67227 -2.16559  1.45814
 1.67271 -2.16411  1.45857
 1.67314 -2.16263  1.45857
 1.67357 -2.16115    1.459
 1.67401 -2.15968  1.45944
 1.67444  -2.1582  1.45987
 1.67487 -2.15673   1.4603
 1.67531 -2.15526   1.4603
 1.67574 -2.15379  1.46074
 1.67618 -2.15232  1.46117
 1.67661 -2.15085   1.4616
 1.67704 -2.14938   1.4616
 1.67748 -2.14792  1.46204
 1.67791 -2.14645  1.46247
 1.67834 -2.14499   1.4629
 1.67878 -2.14353   1.4629
 1.67921 -2.14207  1.46334
 1.67964 -2.14061  1.46377
 1.68008 -2.13916   1.4642
 1.68051  -2.1377  1.46464
 1.68094 -2.13625  1.46464
 1.68138 -2.13479  1.46507
 1.68181 -2.13334  1.46551
 1.68224 -2.13189  1.46594
 1.68268 -2.13044  1.46594
 1.68311 -2.12899  1.46637
 1.68354 -2.12754  1.46681
 1.68398  -2.1261  1.46724
 1.68441 -2.12465  1.46724
 1.68484 -2.12321  1.46767
 1.68528 -2.12177  1.46811
 1.68571 -2.12033  1.46854
 1.68615 -2.11889  1.46854
 1.68658 -2.11745  1.46897
 1.68701 -2.11601  1.46941
 1.68745 -2.11458  1.46984
 1.68788 -2.11314  1.47027
 1.68831 -2.11171  1.47027
 1.68875 -2.11028  1.47071
 1.68918 -2.10885  1.47114
 1.68961 -2.10742  1.47157
 1.69005 -2.10599  1.47157
 1.69048 -2.10456  1.47201
 1.69091 -2.10314  1.47244
 1.69135 -2.10172  1.47287
 1.69178 -2.10029  1.47287
 1.69221 -2.09887  1.47331
 1.69265 -2.09745  1.47374
 1.69308 -2.09603  1.47417
 1.69351 -2.09461  1.47461
 1.69395  -2.0932  1.47461
 1.69438 -2.09178  1.47504
 1.69481 -2.09037  1.47548
 1.69525 -2.08895  1.47591
 1.69568 -2.08754  1.47591
 1.69612 -2.08613  1.47634
 1.69655 -2.08472  1.47678
 1.69698 -2.08331  1.47721
 1.69742 -2.08191  1.47721
 1.69785  -2.0805  1.47764
 1.69828  -2.0791  1.47808
 1.69872 -2.07769  1.47851
 1.69915 -2.07629  1.47851
 1.69958 -2.07489  1.47894
 1.70002 -2.07349  1.47938
 1.70045 -2.07209  1.47981
 1.70088  -2.0707  1.48024
 1.70132  -2.0693  1.48024
 1.70175 -2.06791  1.48068
 1.70218 -2.06651  1.48111
 1.70262 -2.06512  1.48154
 1.70305 -2.06373  1.48154
 1.70348 -2.06234  1.48198
 1.70392 -2.06095  1.48241
 1.70435 -2.05957  1.48284
 1.70478 -2.05818  1.48284
 1.70522  -2.0568  1.48328
 1.70565 -2.05541  1.48371
 1.70609 -2.05403  1.48414
 1.70652 -2.05265  1.48458
 1.70695 -2.05127  1.48458
 1.70739 -2.04989  1.48501
 1.70782 -2.04851  1.48545
 1.70825 -2.04714  1.48588
 1.70869 -2.04576  1.48588
 1.70912 -2.04439  1.48631
 1.70955 -2.04301  1.48675
 1.70999 -2.04164  1.48718
 1.71042 -2.04027  1.48718
 1.71085  -2.0389  1.48761
 1.71129 -2.03754  1.48805
 1.71172 -2.03617  1.48848
 1.71215  -2.0348  1.48848
 1.71259 -2.03344  1.48891
 1.71302 -2.03208  1.48935
 1.71345 -2.03071  1.48978
 1.71389 -2.02935  1.48978
 1.71432 -2.02799  1.49021
 1.71475 -2.02664  1.49065
 1.71519 -2.02528  1.49108
 1.71562 -2.02392  1.49151
 1.71606 -2.02257  1.49151
 1.71649 -2.02121  1.49195
 1.71692 -2.01986  1.49238
 1.71736 -2.01851  1.49281
 1.71779 -2.01716  1.49281
 1.71822 -2.01581  1.49325
 1.71866 -2.01446  1.49368
 1.71909 -2.01312  1.49411
 1.71952 -2.01177  1.49411
 1.71996 -2.01043  1.49455
 1.72039 -2.00908  1.49498
 1.72082 -2.00774  1.49542
 1.72126  -2.0064  1.49585
 1.72169 -2.00506  1.49585
 1.72212 -2.00372  1.49628
 1.72256 -2.00239  1.49672
 1.72299 -2.00105  1.49715
 1.72342 -1.99971  1.49715
 1.72386 -1.99838  1.49758
 1.72429 -1.99705  1.49802
 1.72472 -1.99572  1.49845
 1.72516 -1.99439  1.49845
 1.72559 -1.99306  1.49888
 1.72603 -1.99173  1.49932
 1.72646  -1.9904  1.49975
 1.72689 -1.98908  1.49975
 1.72733 -1.98775  1.50018
 1.72776 -1.98643  1.50062
 1.72819 -1.98511  1.50105
 1.72863 -1.98378  1.50148
 1.72906 -1.98246  1.50148
 1.72949 -1.98115  1.50192
 1.72993 -1.97983  1.50235
 1.73036 -1.97851  1.50278
 1.73079  -1.9772  1.50278
 1.73123 -1.97588  1.50322
 1.73166 -1.97457  1.50365
 1.73209 -1.97326  1.50408
 1.73253 -1.97195  1.50408
 1.73296 -1.97064  1.50452
 1.73339 -1.96933  1.50495
 1.73383 -1.96802  1.50539
 1.73426 -1.96671  1.50539
 1.73469 -1.96541  1.50582
 1.73513  -1.9641  1.50625
 1.73556  -1.9628  1.50669
   1.736  -1.9615  1.50712
 1.73643  -1.9602  1.50712
 1.73686  -1.9589  1.50755
  1.7373  -1.9576  1.50799
 1.73773  -1.9563  1.50842
 1.73816 -1.95501  1.50842
  1.7386 -1.95371  1.50885
 1.73903 -1.95242  1.50929
 1.73946 -1.95112  1.50972
  1.7399 -1.94983  1.50972
 1.74033 -1.94854  1.51015
 1.74076 -1.94725  1.51059
  1.7412 -1.94596  1.51102
 1.74163 -1.94468  1.51145
 1.74206 -1.94339  1.51145
  1.7425  -1.9421  1.51189
 1.74293 -1.94082  1.51232
 1.74336 -1.93954  1.51275
  1.7438 -1.93825  1.51275
 1.74423 -1.93697  1.51319
 1.74466 -1.93569  1.51362
  1.7451 -1.93442  1.51405
 1.74553 -1.93314  1.51405
 1.74597 -1.93186  1.51449
  1.7464 -1.93059  1.51492
 1.74683 -1.92931  1.51536
 1.74727 -1.92804  1.51536
  1.7477 -1.92677  1.51579
 1.74813  -1.9255  1.51622
 1.74857 -1.92423  1.51666
   1.749 -1.92296  1.51709
 1.74943 -1.92169  1.51709
 1.74987 -1.92042  1.51752
  1.7503 -1.91916  1.51796
 1.75073 -1.91789  1.51839
 1.75117 -1.91663  1.51839
  1.7516 -1.91537  1.51882
 1.75203 -1.91411  1.51926
 1.75247 -1.91285  1.51969
  1.7529 -1.91159  1.51969
 1.75333 -1.91033  1.52012
 1.75377 -1.90907  1.52056
  1.7542 -1.90782  1.52099
 1.75463 -1.90656  1.52099
 1.75507 -1.90531  1.52142
  1.7555 -1.90405  1.52186
 1.75594  -1.9028  1.52229
 1.75637 -1.90155  1.52272
  1.7568  -1.9003  1.52272
 1.75724 -1.89905  1.52316
 1.75767 -1.89781  1.52359
  1.7581 -1.89656  1.52402
 1.75854 -1.89532  1.52402
 1.75897 -1.89407  1.52446
  1.7594 -1.89283  1.52489
 1.75984 -1.89159  1.52533
 1.76027 -1.89035  1.52533
  1.7607 -1.88911  1.52576
 1.76114 -1.88787  1.52619
 1.76157 -1.88663  1.52663
   1.762 -1.88539  1.52663
 1.76244 -1.88416  1.52706
 1.76287 -1.88292  1.52749
  1.7633 -1.88169  1.52793
 1.76374 -1.88046  1.52836
 1.76417 -1.87923  1.52836
  1.7646   -1.878  1.52879
 1.76504 -1.87677  1.52923
 1.76547 -1.87554  1.52966
 1.76591 -1.87431  1.52966
 1.76634 -1.87308  1.53009
 1.76677 -1.87186  1.53053
 1.76721 -1.87064  1.53096
 1.76764 -1.86941  1.53096
 1.76807 -1.86819  1.53139
 1.76851 -1.86697  1.53183
 1.76894 -1.86575  1.53226
 1.76937 -1.86453  1.53226
 1.76981 -1.86331  1.53269
 1.77024  -1.8621  1.53313
 1.77067 -1.86088  1.53356
 1.77111 -1.85966  1.53399
 1.77154 -1.85845  1.53399
 1.77197 -1.85724  1.53443
 1.77241 -1.85603  1.53486
 1.77284 -1.85482   1.5353
 1.77327 -1.85361   1.5353
 1.77371  -1.8524  1.53573
 1.77414 -1.85119  1.53616
 1.77457 -1.84998   1.5366
 1.77501 -1.84878   1.5366
 1.77544 -1.84757  1.53703
 1.77588 -1.84637  1.53746
 1.77631 -1.84517   1.5379
 1.77674 -1.84397   1.5379
 1.77718 -1.84276  1.53833
 1.77761 -1.84157  1.53876
 1.77804 -1.84037   1.5392
 1.77848 -1.83917  1.53963
 1.77891 -1.83797  1.53963
 1.77934 -1.83678  1.54006
 1.77978 -1.83558   1.5405
 1.78021 -1.83439  1.54093
 1.78064  -1.8332  1.54093
 1.78108 -1.83201  1.54136
 1.78151 -1.83082   1.5418
 1.78194 -1.82963  1.54223
 1.78238 -1.82844  1.54223
 1.78281 -1.82725  1.54266
 1.78324 -1.82606   1.5431
 1.78368 -1.82488  1.54353
 1.78411 -1.82369  1.54353
 1.78454 -1.82251  1.54396
 1.78498 -1.82133   1.5444
 1.78541 -1.82015  1.54483
 1.78585 -1.81897  1.54527
 1.78628 -1.81779  1.54527
 1.78671 -1.81661   1.5457
 1.78715 -1.81543  1.54613
 1.78758 -1.81426  1.54657
 1.78801 -1.81308  1.54657
 1.78845 -1.81191    1.547
 1.78888 -1.81073  1.54743
 1.78931 -1.80956  1.54787
 1.78975 -1.80839  1.54787
 1.79018 -1.80722   1.5483
 1.79061 -1.80605  1.54873
 1.79105 -1.80488  1.54917
 1.79148 -1.80371  1.54917
 1.79191 -1.80255   1.5496
 1.79235 -1.80138  1.55003
 1.79278 -1.80022  1.55047
 1.79321 -1.79905   1.5509
 1.79365 -1.79789   1.5509
 1.79408 -1.79673  1.55133
 1.79451 -1.79557  1.55177
 1.79495 -1.79441   1.5522
 1.79538 -1.79325   1.5522
 1.79582 -1.79209  1.55263
 1.79625 -1.79093  1.55307
 1.79668 -1.78978   1.5535
 1.79712 -1.78862   1.5535
 1.79755 -1.78747  1.55393
 1.79798 -1.78632  1.55437
 1.79842 -1.78516   1.5548
 1.79885 -1.78401   1.5548
 1.79928 -1.78286  1.55524
 1.79972 -1.78171  1.55567
 1.80015 -1.78057   1.5561
 1.80058 -1.77942  1.55654
 1.80102 -1.77827  1.55654
 1.80145 -1.77713  1.55697
 1.80188 -1.77598   1.5574
 1.80232 -1.77484  1.55784
 1.80275  -1.7737  1.55784
 1.80318 -1.77256  1.55827
 1.80362 -1.77141   1.5587
 1.80405 -1.77028  1.55914
 1.80448 -1.76914  1.55914
 1.80492   -1.768  1.55957
 1.80535 -1.76686     1.56
 1.80579 -1.76573  1.56044
 1.80622 -1.76459  1.56044
 1.80665 -1.76346  1.56087
 1.80709 -1.76233   1.5613
 1.80752 -1.76119  1.56174
 1.80795 -1.76006  1.56217
 1.80839 -1.75893  1.56217
 1.80882  -1.7578   1.5626
 1.80925 -1.75667  1.56304
 1.80969 -1.75555  1.56347
 1.81012 -1.75442  1.56347
 1.81055  -1.7533   1.5639
 1.81099 -1.75217  1.56434
 1.81142 -1.75105  1.56477
 1.81185 -1.74993  1.56477
 1.81229  -1.7488  1.56521
 1.81272 -1.74768  1.56564
 1.81315 -1.74656  1.56607
 1.81359 -1.74545  1.56607
 1.81402 -1.74433  1.56651
 1.81445 -1.74321  1.56694
 1.81489 -1.74209  1.56737
 1.81532 -1.74098  1.56781
 1.81576 -1.73986  1.56781
 1.81619 -1.73875  1.56824
 1.81662 -1.73764  1.56867
 1.81706 -1.73653  1.56911
 1.81749 -1.73542  1.56911
 1.81792 -1.73431  1.56954
 1.81836  -1.7332  1.56997
 1.81879 -1.73209  1.57041
 1.81922 -1.73098  1.57041
 1.81966 -1.72988  1.57084
 1.82009 -1.72877  1.57127
 1.82052 -1.72767  1.57171
 1.82096 -1.72657  1.57171
 1.82139 -1.72546  1.57214
 1.82182 -1.72436  1.57257
 1.82226 -1.72326  1.57301
 1.82269 -1.72216  1.57344
 1.82312 -1.72106  1.57344
 1.82356 -1.71997  1.57387
 1.82399 -1.71887  1.57431
 1.82442 -1.71777  1.57474
 1.82486 -1.71668  1.57474
 1.82529 -1.71559  1.57518
 1.82573 -1.71449  1.57561
 1.82616  -1.7134  1.57604
 1.82659 -1.71231  1.57604
 1.82703 -1.71122  1.57648
 1.82746 -1.71013  1.57691
 1.82789 -1.70904  1.57734
 1.82833 -1.70795  1.57734
 1.82876 -1.70687  1.57778
 1.82919 -1.70578  1.57821
 1.82963 -1.70469  1.57864
 1.83006 -1.70361  1.57864
 1.83049 -1.70253  1.57908
 1.83093 -1.70144  1.57951
 1.83136 -1.70036  1.57994
 1.83179 -1.69928  1.58038
 1.83223  -1.6982  1.58038
 1.83266 -1.69712  1.58081
 1.83309 -1.69605  1.58124
 1.83353 -1.69497  1.58168
 1.83396 -1.69389  1.58168
 1.83439 -1.69282  1.58211
 1.83483 -1.69174  1.58254
 1.83526 -1.69067  1.58298
  1.8357  -1.6896  1.58341
 1.83613 -1.68853  1.58341
 1.83656 -1.68745  1.58384
   1.837 -1.68638  1.58428
 1.83743 -1.68532  1.58471
 1.83786 -1.68425  1.58471
  1.8383 -1.68318  1.58515
 1.83873 -1.68211  1.58558
 1.83916 -1.68105  1.58601
  1.8396 -1.67998  1.58601
 1.84003 -1.67892  1.58645
 1.84046 -1.67786  1.58688
  1.8409  -1.6768  1.58731
 1.84133 -1.67573  1.58731
 1.84176 -1.67467  1.58775
  1.8422 -1.67361  1.58818
 1.84263 -1.67256  1.58861
 1.84306  -1.6715  1.58905
  1.8435 -1.67044  1.58905
 1.84393 -1.66938  1.58948
 1.84436 -1.66833  1.58991
  1.8448 -1.66728  1.59035
 1.84523 -1.66622  1.59035
 1.84567 -1.66517  1.59078
  1.8461 -1.66412  1.59121
 1.84653 -1.66307  1.59165
 1.84697 -1.66202  1.59165
  1.8474 -1.66097  1.59208
 1.84783 -1.65992  1.59251
 1.84827 -1.65887  1.59295
  1.8487 -1.65783  1.59295
 1.84913 -1.65678  1.59338
 1.84957 -1.65574  1.59381
    1.85 -1.65469  1.59425