 kgrid  ValNew  Policy 
    0.55 -32.5479 0.560403
0.550433 -32.4922 0.560837
0.550867 -32.4367 0.560837
  0.5513 -32.3813  0.56127
0.551734 -32.3261 0.561704
0.552167 -32.2711 0.561704
0.552601 -32.2161 0.562137
0.553034 -32.1614 0.562571
0.553468 -32.1069 0.562571
0.553901 -32.0524 0.563004
0.554335 -31.9982 0.563438
0.554768 -31.9441 0.563438
0.555202 -31.8902 0.563871
0.555635 -31.8364 0.564305
0.556069 -31.7828 0.564305
0.556502 -31.7293 0.564738
0.556936 -31.6761 0.565172
0.557369 -31.6229 0.565172
0.557803 -31.5699 0.565605
0.558236 -31.5171 0.566039
 0.55867 -31.4644 0.566039
0.559103 -31.4119 0.566472
0.559537 -31.3595 0.566906
 0.55997 -31.3073 0.566906
0.560403 -31.2552 0.567339
0.560837 -31.2033 0.567773
 0.56127 -31.1516 0.567773
0.561704    -31.1 0.568206
0.562137 -31.0485  0.56864
0.562571 -30.9972  0.56864
0.563004  -30.946 0.569073
0.563438  -30.895 0.569507
0.563871 -30.8441 0.569507
0.564305 -30.7933  0.56994
0.564738 -30.7427 0.570373
0.565172 -30.6923 0.570807
0.565605 -30.6419 0.570807
0.566039 -30.5917  0.57124
0.566472 -30.5416 0.571674
0.566906 -30.4917 0.571674
0.567339 -30.4418 0.572107
0.567773 -30.3922 0.572541
0.568206 -30.3426 0.572541
 0.56864 -30.2932 0.572974
0.569073 -30.2439 0.573408
0.569507 -30.1947 0.573841
 0.56994 -30.1457 0.573841
0.570373 -30.0967 0.574275
0.570807  -30.048 0.574708
 0.57124 -29.9994 0.574708
0.571674 -29.9508 0.575142
0.572107 -29.9024 0.575575
0.572541 -29.8542 0.576009
0.572974  -29.806 0.576009
0.573408  -29.758 0.576442
0.573841 -29.7101 0.576876
0.574275 -29.6623 0.576876
0.574708 -29.6146 0.577309
0.575142 -29.5671 0.577743
0.575575 -29.5198 0.578176
0.576009 -29.4724 0.578176
0.576442 -29.4253  0.57861
0.576876 -29.3783 0.579043
0.577309 -29.3314 0.579043
0.577743 -29.2845 0.579476
0.578176 -29.2379  0.57991
 0.57861 -29.1913 0.580343
0.579043 -29.1449 0.580343
0.579476 -29.0986 0.580777
 0.57991 -29.0524  0.58121
0.580343 -29.0063  0.58121
0.580777 -28.9603 0.581644
 0.58121 -28.9145 0.582077
0.581644 -28.8688 0.582077
0.582077 -28.8231 0.582511
0.582511 -28.7776 0.582944
0.582944 -28.7323 0.583378
0.583378  -28.687 0.583378
0.583811 -28.6418 0.583811
0.584245 -28.5968 0.584245
0.584678 -28.5519 0.584678
0.585112 -28.5071 0.584678
0.585545 -28.4624 0.585112
0.585979 -28.4178 0.585545
0.586412 -28.3733 0.585545
0.586846 -28.3289 0.585979
0.587279 -28.2847 0.586412
0.587713 -28.2405 0.586846
0.588146 -28.1965 0.586846
 0.58858 -28.1525 0.587279
0.589013 -28.1086 0.587713
0.589446 -28.0649 0.588146
 0.58988 -28.0212 0.588146
0.590313 -27.9776  0.58858
0.590747 -27.9341 0.589013
 0.59118 -27.8908 0.589446
0.591614 -27.8475 0.589446
0.592047 -27.8043  0.58988
0.592481 -27.7612 0.590313
0.592914 -27.7182 0.590747
0.593348 -27.6753  0.59118
0.593781 -27.6325  0.59118
0.594215 -27.5897 0.591614
0.594648 -27.5471 0.592047
0.595082 -27.5046 0.592481
0.595515 -27.4622 0.592481
0.595949 -27.4198 0.592914
0.596382 -27.3776 0.593348
0.596816 -27.3354 0.593781
0.597249 -27.2934 0.594215
0.597683 -27.2514 0.594215
0.598116 -27.2095 0.594648
 0.59855 -27.1677 0.595082
0.598983  -27.126 0.595515
0.599416 -27.0844 0.595515
 0.59985 -27.0429 0.595949
0.600283 -27.0015 0.596382
0.600717 -26.9601 0.596816
 0.60115 -26.9189 0.596816
0.601584 -26.8777 0.597249
0.602017 -26.8367 0.597683
0.602451 -26.7957 0.598116
0.602884 -26.7548  0.59855
0.603318  -26.714  0.59855
0.603751 -26.6733 0.598983
0.604185 -26.6326 0.599416
0.604618 -26.5921  0.59985
0.605052 -26.5517  0.59985
0.605485 -26.5113 0.600283
0.605919  -26.471 0.600717
0.606352 -26.4308  0.60115
0.606786 -26.3908  0.60115
0.607219 -26.3507 0.601584
0.607653 -26.3108 0.602017
0.608086 -26.2709 0.602451
 0.60852 -26.2312 0.602884
0.608953 -26.1915 0.602884
0.609386 -26.1519 0.603318
 0.60982 -26.1124 0.603751
0.610253  -26.073 0.604185
0.610687 -26.0336 0.604185
 0.61112 -25.9944 0.604618
0.611554 -25.9552 0.605052
0.611987 -25.9161 0.605485
0.612421 -25.8771 0.605919
0.612854 -25.8382 0.605919
0.613288 -25.7993 0.606352
0.613721 -25.7605 0.606786
0.614155 -25.7219 0.607219
0.614588 -25.6833 0.607219
0.615022 -25.6447 0.607653
0.615455 -25.6063 0.608086
0.615889 -25.5679  0.60852
0.616322 -25.5297  0.60852
0.616756 -25.4915 0.608953
0.617189 -25.4533 0.609386
0.617623 -25.4153  0.60982
0.618056 -25.3774 0.610253
0.618489 -25.3395 0.610253
0.618923 -25.3017 0.610687
0.619356 -25.2639  0.61112
 0.61979 -25.2263 0.611554
0.620223 -25.1887 0.611554
0.620657 -25.1512 0.611987
 0.62109 -25.1138 0.612421
0.621524 -25.0765 0.612854
0.621957 -25.0393 0.613288
0.622391 -25.0021 0.613288
0.622824  -24.965 0.613721
0.623258 -24.9279 0.614155
0.623691  -24.891 0.614588
0.624125 -24.8541 0.614588
0.624558 -24.8173 0.615022
0.624992 -24.7806 0.615455
0.625425 -24.7439 0.615889
0.625859 -24.7074 0.616322
0.626292 -24.6709 0.616322
0.626726 -24.6345 0.616756
0.627159 -24.5981 0.617189
0.627593 -24.5619 0.617623
0.628026 -24.5257 0.617623
0.628459 -24.4895 0.618056
0.628893 -24.4535 0.618489
0.629326 -24.4175 0.618923
 0.62976 -24.3816 0.619356
0.630193 -24.3458 0.619356
0.630627   -24.31  0.61979
 0.63106 -24.2744 0.620223
0.631494 -24.2387 0.620657
0.631927 -24.2032 0.620657
0.632361 -24.1677  0.62109
0.632794 -24.1323 0.621524
0.633228  -24.097 0.621957
0.633661 -24.0618 0.622391
0.634095 -24.0266 0.622391
0.634528 -23.9915 0.622824
0.634962 -23.9564 0.623258
0.635395 -23.9215 0.623691
0.635829 -23.8866 0.623691
0.636262 -23.8518 0.624125
0.636696  -23.817 0.624558
0.637129 -23.7823 0.624992
0.637563 -23.7477 0.625425
0.637996 -23.7132 0.625425
0.638429 -23.6787 0.625859
0.638863 -23.6443 0.626292
0.639296 -23.6099 0.626726
 0.63973 -23.5757 0.627159
0.640163 -23.5414 0.627159
0.640597 -23.5073 0.627593
 0.64103 -23.4732 0.628026
0.641464 -23.4393 0.628459
0.641897 -23.4053 0.628459
0.642331 -23.3715 0.628893
0.642764 -23.3377 0.629326
0.643198 -23.3039  0.62976
0.643631 -23.2703  0.62976
0.644065 -23.2367 0.630193
0.644498 -23.2031 0.630627
0.644932 -23.1697  0.63106
0.645365 -23.1363 0.631494
0.645799  -23.103 0.631494
0.646232 -23.0697 0.631927
0.646666 -23.0365 0.632361
0.647099 -23.0034 0.632794
0.647533 -22.9703 0.633228
0.647966 -22.9373 0.633228
0.648399 -22.9043 0.633661
0.648833 -22.8715 0.634095
0.649266 -22.8387 0.634528
  0.6497 -22.8059 0.634528
0.650133 -22.7732 0.634962
0.650567 -22.7406 0.635395
   0.651 -22.7081 0.635829
0.651434 -22.6756 0.636262
0.651867 -22.6432 0.636262
0.652301 -22.6108 0.636696
0.652734 -22.5785 0.637129
0.653168 -22.5463 0.637563
0.653601 -22.5141 0.637996
0.654035  -22.482 0.637996
0.654468 -22.4499 0.638429
0.654902 -22.4179 0.638863
0.655335  -22.386 0.639296
0.655769 -22.3541 0.639296
0.656202 -22.3223  0.63973
0.656636 -22.2906 0.640163
0.657069 -22.2589 0.640597
0.657503 -22.2273  0.64103
0.657936 -22.1957  0.64103
0.658369 -22.1642 0.641464
0.658803 -22.1328 0.641897
0.659236 -22.1014 0.642331
 0.65967 -22.0701 0.642764
0.660103 -22.0389 0.642764
0.660537 -22.0076 0.643198
 0.66097 -21.9765 0.643631
0.661404 -21.9454 0.644065
0.661837 -21.9144 0.644065
0.662271 -21.8835 0.644498
0.662704 -21.8526 0.644932
0.663138 -21.8217 0.645365
0.663571  -21.791 0.645799
0.664005 -21.7602 0.645799
0.664438 -21.7296 0.646232
0.664872  -21.699 0.646666
0.665305 -21.6684 0.647099
0.665739  -21.638 0.647099
0.666172 -21.6075 0.647533
0.666606 -21.5771 0.647966
0.667039 -21.5468 0.648399
0.667472 -21.5166 0.648833
0.667906 -21.4864 0.648833
0.668339 -21.4562 0.649266
0.668773 -21.4261   0.6497
0.669206 -21.3961 0.650133
 0.66964 -21.3662 0.650567
0.670073 -21.3362 0.650567
0.670507 -21.3064    0.651
 0.67094 -21.2766 0.651434
0.671374 -21.2468 0.651867
0.671807 -21.2172 0.651867
0.672241 -21.1875 0.652301
0.672674 -21.1579 0.652734
0.673108 -21.1284 0.653168
0.673541  -21.099 0.653601
0.673975 -21.0696 0.653601
0.674408 -21.0402 0.654035
0.674842 -21.0109 0.654468
0.675275 -20.9817 0.654902
0.675709 -20.9525 0.655335
0.676142 -20.9234 0.655335
0.676576 -20.8943 0.655769
0.677009 -20.8653 0.656202
0.677442 -20.8363 0.656636
0.677876 -20.8074 0.656636
0.678309 -20.7785 0.657069
0.678743 -20.7497 0.657503
0.679176  -20.721 0.657936
 0.67961 -20.6923 0.658369
0.680043 -20.6636 0.658369
0.680477  -20.635 0.658803
 0.68091 -20.6065 0.659236
0.681344  -20.578  0.65967
0.681777 -20.5496 0.660103
0.682211 -20.5212 0.660103
0.682644 -20.4928 0.660537
0.683078 -20.4645  0.66097
0.683511 -20.4363 0.661404
0.683945 -20.4082 0.661404
0.684378   -20.38 0.661837
0.684812  -20.352 0.662271
0.685245 -20.3239 0.662704
0.685679  -20.296 0.663138
0.686112 -20.2681 0.663138
0.686546 -20.2402 0.663571
0.686979 -20.2124 0.664005
0.687412 -20.1846 0.664438
0.687846 -20.1569 0.664872
0.688279 -20.1293 0.664872
0.688713 -20.1017 0.665305
0.689146 -20.0741 0.665739
 0.68958 -20.0466 0.666172
0.690013 -20.0192 0.666606
0.690447 -19.9917 0.666606
 0.69088 -19.9644 0.667039
0.691314 -19.9371 0.667472
0.691747 -19.9098 0.667906
0.692181 -19.8826 0.667906
0.692614 -19.8555 0.668339
0.693048 -19.8284 0.668773
0.693481 -19.8013 0.669206
0.693915 -19.7743  0.66964
0.694348 -19.7474  0.66964
0.694782 -19.7204 0.670073
0.695215 -19.6936 0.670507
0.695649 -19.6668  0.67094
0.696082   -19.64  0.67094
0.696516 -19.6133 0.671374
0.696949 -19.5866 0.671807
0.697382   -19.56 0.672241
0.697816 -19.5335 0.672674
0.698249  -19.507 0.672674
0.698683 -19.4805 0.673108
0.699116 -19.4541 0.673541
 0.69955 -19.4277 0.673975
0.699983 -19.4014 0.674408
0.700417 -19.3751 0.674408
 0.70085 -19.3489 0.674842
0.701284 -19.3227 0.675275
0.701717 -19.2965 0.675709
0.702151 -19.2705 0.676142
0.702584 -19.2444 0.676142
0.703018 -19.2184 0.676576
0.703451 -19.1925 0.677009
0.703885 -19.1666 0.677442
0.704318 -19.1407 0.677442
0.704752 -19.1149 0.677876
0.705185 -19.0892 0.678309
0.705619 -19.0634 0.678743
0.706052 -19.0378 0.679176
0.706485 -19.0122 0.679176
0.706919 -18.9866  0.67961
0.707352 -18.9611 0.680043
0.707786 -18.9356 0.680477
0.708219 -18.9102  0.68091
0.708653 -18.8848  0.68091
0.709086 -18.8594 0.681344
 0.70952 -18.8341 0.681777
0.709953 -18.8089 0.682211
0.710387 -18.7837 0.682211
 0.71082 -18.7585 0.682644
0.711254 -18.7334 0.683078
0.711687 -18.7083 0.683511
0.712121 -18.6833 0.683945
0.712554 -18.6583 0.683945
0.712988 -18.6333 0.684378
0.713421 -18.6084 0.684812
0.713855 -18.5836 0.685245
0.714288 -18.5588 0.685245
0.714722  -18.534 0.685679
0.715155 -18.5093 0.686112
0.715589 -18.4846 0.686546
0.716022   -18.46 0.686979
0.716455 -18.4354 0.686979
0.716889 -18.4109 0.687412
0.717322 -18.3864 0.687846
0.717756 -18.3619 0.688279
0.718189 -18.3375 0.688713
0.718623 -18.3132 0.688713
0.719056 -18.2888 0.689146
 0.71949 -18.2646  0.68958
0.719923 -18.2403 0.690013
0.720357 -18.2161 0.690013
 0.72079  -18.192 0.690447
0.721224 -18.1679  0.69088
0.721657 -18.1438 0.691314
0.722091 -18.1198 0.691747
0.722524 -18.0958 0.691747
0.722958 -18.0719 0.692181
0.723391  -18.048 0.692614
0.723825 -18.0241 0.693048
0.724258 -18.0003 0.693481
0.724692 -17.9766 0.693481
0.725125 -17.9528 0.693915
0.725559 -17.9291 0.694348
0.725992 -17.9055 0.694782
0.726425 -17.8819 0.694782
0.726859 -17.8583 0.695215
0.727292 -17.8348 0.695649
0.727726 -17.8113 0.696082
0.728159 -17.7879 0.696516
0.728593 -17.7645 0.696516
0.729026 -17.7411 0.696949
 0.72946 -17.7178 0.697382
0.729893 -17.6946 0.697816
0.730327 -17.6713 0.698249
 0.73076 -17.6482 0.698249
0.731194  -17.625 0.698683
0.731627 -17.6019 0.699116
0.732061 -17.5788  0.69955
0.732494 -17.5558  0.69955
0.732928 -17.5328 0.699983
0.733361 -17.5099 0.700417
0.733795  -17.487  0.70085
0.734228 -17.4641 0.701284
0.734662 -17.4413 0.701284
0.735095 -17.4185 0.701717
0.735529 -17.3957 0.702151
0.735962  -17.373 0.702584
0.736395 -17.3504 0.702584
0.736829 -17.3277 0.703018
0.737262 -17.3051 0.703451
0.737696 -17.2826 0.703885
0.738129 -17.2601 0.704318
0.738563 -17.2376 0.704318
0.738996 -17.2152 0.704752
 0.73943 -17.1928 0.705185
0.739863 -17.1704 0.705619
0.740297 -17.1481 0.706052
 0.74073 -17.1258 0.706052
0.741164 -17.1036 0.706485
0.741597 -17.0814 0.706919
0.742031 -17.0592 0.707352
0.742464 -17.0371 0.707352
0.742898  -17.015 0.707786
0.743331  -16.993 0.708219
0.743765  -16.971 0.708653
0.744198  -16.949 0.709086
0.744632 -16.9271 0.709086
0.745065 -16.9052  0.70952
0.745498 -16.8833 0.709953
0.745932 -16.8615 0.710387
0.746365 -16.8397  0.71082
0.746799  -16.818  0.71082
0.747232 -16.7963 0.711254
0.747666 -16.7746 0.711687
0.748099  -16.753 0.712121
0.748533 -16.7314 0.712121
0.748966 -16.7098 0.712554
  0.7494 -16.6883 0.712988
0.749833 -16.6668 0.713421
0.750267 -16.6454 0.713855
  0.7507  -16.624 0.713855
0.751134 -16.6026 0.714288
0.751567 -16.5813 0.714722
0.752001   -16.56 0.715155
0.752434 -16.5387 0.715155
0.752868 -16.5175 0.715589
0.753301 -16.4963 0.716022
0.753735 -16.4751 0.716455
0.754168  -16.454 0.716889
0.754602  -16.433 0.716889
0.755035 -16.4119 0.717322
0.755468 -16.3909 0.717756
0.755902 -16.3699 0.718189
0.756335  -16.349 0.718623
0.756769 -16.3281 0.718623
0.757202 -16.3072 0.719056
0.757636 -16.2864  0.71949
0.758069 -16.2656 0.719923
0.758503 -16.2449 0.719923
0.758936 -16.2241 0.720357
 0.75937 -16.2034  0.72079
0.759803 -16.1828 0.721224
0.760237 -16.1622 0.721657
 0.76067 -16.1416 0.721657
0.761104  -16.121 0.722091
0.761537 -16.1005 0.722524
0.761971   -16.08 0.722958
0.762404 -16.0596 0.722958
0.762838 -16.0392 0.723391
0.763271 -16.0188 0.723825
0.763705 -15.9985 0.724258
0.764138 -15.9782 0.724692
0.764572 -15.9579 0.724692
0.765005 -15.9377 0.725125
0.765438 -15.9175 0.725559
0.765872 -15.8973 0.725992
0.766305 -15.8772 0.726425
0.766739 -15.8571 0.726425
0.767172  -15.837 0.726859
0.767606  -15.817 0.727292
0.768039  -15.797 0.727726
0.768473  -15.777 0.727726
0.768906 -15.7571 0.728159
 0.76934 -15.7372 0.728593
0.769773 -15.7173 0.729026
0.770207 -15.6975  0.72946
 0.77064 -15.6777  0.72946
0.771074 -15.6579 0.729893
0.771507 -15.6382 0.730327
0.771941 -15.6185  0.73076
0.772374 -15.5988  0.73076
0.772808 -15.5792 0.731194
0.773241 -15.5596 0.731627
0.773675   -15.54 0.732061
0.774108 -15.5205 0.732494
0.774542  -15.501 0.732494
0.774975 -15.4815 0.732928
0.775408 -15.4621 0.733361
0.775842 -15.4427 0.733795
0.776275 -15.4233 0.733795
0.776709  -15.404 0.734228
0.777142 -15.3847 0.734662
0.777576 -15.3654 0.735095
0.778009 -15.3462 0.735529
0.778443  -15.327 0.735529
0.778876 -15.3078 0.735962
 0.77931 -15.2886 0.736395
0.779743 -15.2695 0.736829
0.780177 -15.2505 0.737262
 0.78061 -15.2314 0.737262
0.781044 -15.2124 0.737696
0.781477 -15.1934 0.738129
0.781911 -15.1745 0.738563
0.782344 -15.1555 0.738996
0.782778 -15.1366 0.738996
0.783211 -15.1178  0.73943
0.783645  -15.099 0.739863
0.784078 -15.0802 0.740297
0.784512 -15.0614 0.740297
0.784945 -15.0427  0.74073
0.785378 -15.0239 0.741164
0.785812 -15.0053 0.741597
0.786245 -14.9866 0.742031
0.786679  -14.968 0.742031
0.787112 -14.9494 0.742464
0.787546 -14.9309 0.742898
0.787979 -14.9124 0.743331
0.788413 -14.8939 0.743331
0.788846 -14.8754 0.743765
 0.78928  -14.857 0.744198
0.789713 -14.8386 0.744632
0.790147 -14.8203 0.745065
 0.79058 -14.8019 0.745065
0.791014 -14.7836 0.745498
0.791447 -14.7653 0.745932
0.791881 -14.7471 0.746365
0.792314 -14.7289 0.746365
0.792748 -14.7107 0.746799
0.793181 -14.6925 0.747232
0.793615 -14.6744 0.747666
0.794048 -14.6563 0.748099
0.794481 -14.6382 0.748099
0.794915 -14.6202 0.748533
0.795348 -14.6022 0.748966
0.795782 -14.5842   0.7494
0.796215 -14.5663   0.7494
0.796649 -14.5484 0.749833
0.797082 -14.5305 0.750267
0.797516 -14.5126   0.7507
0.797949 -14.4948 0.751134
0.798383  -14.477 0.751134
0.798816 -14.4592 0.751567
 0.79925 -14.4415 0.752001
0.799683 -14.4237 0.752434
0.800117 -14.4061 0.752434
 0.80055 -14.3884 0.752868
0.800984 -14.3708 0.753301
0.801417 -14.3532 0.753735
0.801851 -14.3356 0.754168
0.802284 -14.3181 0.754168
0.802718 -14.3006 0.754602
0.803151 -14.2831 0.755035
0.803585 -14.2656 0.755468
0.804018 -14.2482 0.755902
0.804451 -14.2308 0.755902
0.804885 -14.2134 0.756335
0.805318 -14.1961 0.756769
0.805752 -14.1788 0.757202
0.806185 -14.1615 0.757202
0.806619 -14.1442 0.757636
0.807052  -14.127 0.758069
0.807486 -14.1098 0.758503
0.807919 -14.0926 0.758936
0.808353 -14.0755 0.758936
0.808786 -14.0583  0.75937
 0.80922 -14.0413 0.759803
0.809653 -14.0242 0.760237
0.810087 -14.0072 0.760237
 0.81052 -13.9901  0.76067
0.810954 -13.9732 0.761104
0.811387 -13.9562 0.761537
0.811821 -13.9393 0.761971
0.812254 -13.9224 0.761971
0.812688 -13.9055 0.762404
0.813121 -13.8887 0.762838
0.813555 -13.8719 0.763271
0.813988 -13.8551 0.763271
0.814421 -13.8383 0.763705
0.814855 -13.8216 0.764138
0.815288 -13.8049 0.764572
0.815722 -13.7882 0.765005
0.816155 -13.7715 0.765005
0.816589 -13.7549 0.765438
0.817022 -13.7383 0.765872
0.817456 -13.7217 0.766305
0.817889 -13.7052 0.766305
0.818323 -13.6886 0.766739
0.818756 -13.6721 0.767172
 0.81919 -13.6557 0.767606
0.819623 -13.6392 0.768039
0.820057 -13.6228 0.768039
 0.82049 -13.6064 0.768473
0.820924 -13.5901 0.768906
0.821357 -13.5737  0.76934
0.821791 -13.5574  0.76934
0.822224 -13.5411 0.769773
0.822658 -13.5249 0.770207
0.823091 -13.5086  0.77064
0.823525 -13.4924 0.771074
0.823958 -13.4762 0.771074
0.824391 -13.4601 0.771507
0.824825  -13.444 0.771941
0.825258 -13.4279 0.772374
0.825692 -13.4118 0.772808
0.826125 -13.3957 0.772808
0.826559 -13.3797 0.773241
0.826992 -13.3637 0.773675
0.827426 -13.3477 0.774108
0.827859 -13.3318 0.774108
0.828293 -13.3158 0.774542
0.828726 -13.2999 0.774975
 0.82916 -13.2841 0.775408
0.829593 -13.2682 0.775408
0.830027 -13.2524 0.775842
 0.83046 -13.2366 0.776275
0.830894 -13.2208 0.776709
0.831327 -13.2051 0.777142
0.831761 -13.1893 0.777142
0.832194 -13.1736 0.777576
0.832628  -13.158 0.778009
0.833061 -13.1423 0.778443
0.833494 -13.1267 0.778876
0.833928 -13.1111 0.778876
0.834361 -13.0955  0.77931
0.834795   -13.08 0.779743
0.835228 -13.0644 0.780177
0.835662 -13.0489 0.780177
0.836095 -13.0334  0.78061
0.836529  -13.018 0.781044
0.836962 -13.0026 0.781477
0.837396 -12.9872 0.781911
0.837829 -12.9718 0.781911
0.838263 -12.9564 0.782344
0.838696 -12.9411 0.782778
 0.83913 -12.9258 0.783211
0.839563 -12.9105 0.783211
0.839997 -12.8952 0.783645
 0.84043   -12.88 0.784078
0.840864 -12.8648 0.784512
0.841297 -12.8496 0.784945
0.841731 -12.8344 0.784945
0.842164 -12.8193 0.785378
0.842598 -12.8042 0.785812
0.843031 -12.7891 0.786245
0.843464  -12.774 0.786245
0.843898  -12.759 0.786679
0.844331 -12.7439 0.787112
0.844765 -12.7289 0.787546
0.845198  -12.714 0.787979
0.845632  -12.699 0.787979
0.846065 -12.6841 0.788413
0.846499 -12.6692 0.788846
0.846932 -12.6543  0.78928
0.847366 -12.6394  0.78928
0.847799 -12.6246 0.789713
0.848233 -12.6098 0.790147
0.848666  -12.595  0.79058
  0.8491 -12.5802 0.791014
0.849533 -12.5655 0.791014
0.849967 -12.5508 0.791447
  0.8504 -12.5361 0.791881
0.850834 -12.5214 0.792314
0.851267 -12.5067 0.792314
0.851701 -12.4921 0.792748
0.852134 -12.4775 0.793181
0.852568 -12.4629 0.793615
0.853001 -12.4484 0.794048
0.853434 -12.4338 0.794048
0.853868 -12.4193 0.794481
0.854301 -12.4048 0.794915
0.854735 -12.3903 0.795348
0.855168 -12.3759 0.795348
0.855602 -12.3615 0.795782
0.856035  -12.347 0.796215
0.856469 -12.3327 0.796649
0.856902 -12.3183 0.797082
0.857336  -12.304 0.797082
0.857769 -12.2897 0.797516
0.858203 -12.2754 0.797949
0.858636 -12.2611 0.798383
 0.85907 -12.2468 0.798383
0.859503 -12.2326 0.798816
0.859937 -12.2184  0.79925
 0.86037 -12.2042 0.799683
0.860804 -12.1901 0.800117
0.861237 -12.1759 0.800117
0.861671 -12.1618  0.80055
0.862104 -12.1477 0.800984
0.862538 -12.1336 0.801417
0.862971 -12.1196 0.801417
0.863404 -12.1055 0.801851
0.863838 -12.0915 0.802284
0.864271 -12.0776 0.802718
0.864705 -12.0636 0.803151
0.865138 -12.0496 0.803151
0.865572 -12.0357 0.803585
0.866005 -12.0218 0.804018
0.866439 -12.0079 0.804451
0.866872 -11.9941 0.804451
0.867306 -11.9802 0.804885
0.867739 -11.9664 0.805318
0.868173 -11.9526 0.805752
0.868606 -11.9388 0.806185
 0.86904 -11.9251 0.806185
0.869473 -11.9114 0.806619
0.869907 -11.8976 0.807052
 0.87034  -11.884 0.807486
0.870774 -11.8703 0.807486
0.871207 -11.8566 0.807919
0.871641  -11.843 0.808353
0.872074 -11.8294 0.808786
0.872508 -11.8158  0.80922
0.872941 -11.8022  0.80922
0.873374 -11.7887 0.809653
0.873808 -11.7752 0.810087
0.874241 -11.7617  0.81052
0.874675 -11.7482  0.81052
0.875108 -11.7347 0.810954
0.875542 -11.7213 0.811387
0.875975 -11.7079 0.811821
0.876409 -11.6945 0.812254
0.876842 -11.6811 0.812254
0.877276 -11.6677 0.812688
0.877709 -11.6544 0.813121
0.878143  -11.641 0.813555
0.878576 -11.6277 0.813555
 0.87901 -11.6145 0.813988
0.879443 -11.6012 0.814421
0.879877  -11.588 0.814855
 0.88031 -11.5747 0.815288
0.880744 -11.5615 0.815288
0.881177 -11.5484 0.815722
0.881611 -11.5352 0.816155
0.882044 -11.5221 0.816589
0.882477 -11.5089 0.816589
0.882911 -11.4958 0.817022
0.883344 -11.4828 0.817456
0.883778 -11.4697 0.817889
0.884211 -11.4567 0.818323
0.884645 -11.4436 0.818323
0.885078 -11.4306 0.818756
0.885512 -11.4176  0.81919
0.885945 -11.4047 0.819623
0.886379 -11.3917 0.819623
0.886812 -11.3788 0.820057
0.887246 -11.3659  0.82049
0.887679  -11.353 0.820924
0.888113 -11.3402 0.821357
0.888546 -11.3273 0.821357
 0.88898 -11.3145 0.821791
0.889413 -11.3017 0.822224
0.889847 -11.2889 0.822658
 0.89028 -11.2761 0.822658
0.890714 -11.2634 0.823091
0.891147 -11.2506 0.823525
0.891581 -11.2379 0.823958
0.892014 -11.2252 0.824391
0.892447 -11.2126 0.824391
0.892881 -11.1999 0.824825
0.893314 -11.1873 0.825258
0.893748 -11.1746 0.825692
0.894181  -11.162 0.825692
0.894615 -11.1495 0.826125
0.895048 -11.1369 0.826559
0.895482 -11.1244 0.826992
0.895915 -11.1118 0.827426
0.896349 -11.0993 0.827426
0.896782 -11.0868 0.827859
0.897216 -11.0744 0.828293
0.897649 -11.0619 0.828726
0.898083 -11.0495 0.828726
0.898516 -11.0371  0.82916
 0.89895 -11.0247 0.829593
0.899383 -11.0123 0.830027
0.899817      -11  0.83046
 0.90025 -10.9876  0.83046
0.900684 -10.9753 0.830894
0.901117  -10.963 0.831327
0.901551 -10.9507 0.831761
0.901984 -10.9384 0.831761
0.902417 -10.9262 0.832194
0.902851  -10.914 0.832628
0.903284 -10.9018 0.833061
0.903718 -10.8896 0.833494
0.904151 -10.8774 0.833494
0.904585 -10.8652 0.833928
0.905018 -10.8531 0.834361
0.905452  -10.841 0.834795
0.905885 -10.8289 0.834795
0.906319 -10.8168 0.835228
0.906752 -10.8047 0.835662
0.907186 -10.7927 0.836095
0.907619 -10.7806 0.836095
0.908053 -10.7686 0.836529
0.908486 -10.7566 0.836962
 0.90892 -10.7447 0.837396
0.909353 -10.7327 0.837829
0.909787 -10.7207 0.837829
 0.91022 -10.7088 0.838263
0.910654 -10.6969 0.838696
0.911087  -10.685  0.83913
0.911521 -10.6732  0.83913
0.911954 -10.6613 0.839563
0.912387 -10.6495 0.839997
0.912821 -10.6376  0.84043
0.913254 -10.6258 0.840864
0.913688 -10.6141 0.840864
0.914121 -10.6023 0.841297
0.914555 -10.5905 0.841731
0.914988 -10.5788 0.842164
0.915422 -10.5671 0.842164
0.915855 -10.5554 0.842598
0.916289 -10.5437 0.843031
0.916722  -10.532 0.843464
0.917156 -10.5204 0.843464
0.917589 -10.5088 0.843898
0.918023 -10.4971 0.844331
0.918456 -10.4855 0.844765
 0.91889  -10.474 0.845198
0.919323 -10.4624 0.845198
0.919757 -10.4509 0.845632
 0.92019 -10.4393 0.846065
0.920624 -10.4278 0.846499
0.921057 -10.4163 0.846932
 0.92149 -10.4048 0.846932
0.921924 -10.3934 0.847366
0.922357 -10.3819 0.847799
0.922791 -10.3705 0.848233
0.923224 -10.3591 0.848233
0.923658 -10.3477 0.848666
0.924091 -10.3363   0.8491
0.924525  -10.325 0.849533
0.924958 -10.3136 0.849967
0.925392 -10.3023 0.849967
0.925825  -10.291   0.8504
0.926259 -10.2797 0.850834
0.926692 -10.2684 0.851267
0.927126 -10.2571 0.851267
0.927559 -10.2459 0.851701
0.927993 -10.2347 0.852134
0.928426 -10.2234 0.852568
 0.92886 -10.2122 0.852568
0.929293 -10.2011 0.853001
0.929727 -10.1899 0.853434
 0.93016 -10.1787 0.853868
0.930594 -10.1676 0.854301
0.931027 -10.1565 0.854301
 0.93146 -10.1454 0.854735
0.931894 -10.1343 0.855168
0.932327 -10.1232 0.855602
0.932761 -10.1122 0.855602
0.933194 -10.1011 0.856035
0.933628 -10.0901 0.856469
0.934061 -10.0791 0.856902
0.934495 -10.0681 0.857336
0.934928 -10.0572 0.857336
0.935362 -10.0462 0.857769
0.935795 -10.0353 0.858203
0.936229 -10.0243 0.858636
0.936662 -10.0134 0.858636
0.937096 -10.0025  0.85907
0.937529 -9.99164 0.859503
0.937963 -9.98078 0.859937
0.938396 -9.96994  0.86037
 0.93883  -9.9591  0.86037
0.939263 -9.94828 0.860804
0.939697 -9.93748 0.861237
 0.94013  -9.9267 0.861671
0.940564 -9.91593 0.861671
0.940997 -9.90517 0.862104
 0.94143 -9.89443 0.862538
0.941864 -9.88371 0.862971
0.942297 -9.87301 0.863404
0.942731 -9.86231 0.863404
0.943164 -9.85163 0.863838
0.943598 -9.84097 0.864271
0.944031 -9.83032 0.864705
0.944465 -9.81969 0.864705
0.944898 -9.80907 0.865138
0.945332 -9.79847 0.865572
0.945765 -9.78789 0.866005
0.946199 -9.77732 0.866005
0.946632 -9.76676 0.866439
0.947066 -9.75621 0.866872
0.947499 -9.74569 0.867306
0.947933 -9.73518 0.867739
0.948366 -9.72468 0.867739
  0.9488  -9.7142 0.868173
0.949233 -9.70373 0.868606
0.949667 -9.69329  0.86904
  0.9501 -9.68285  0.86904
0.950534 -9.67243 0.869473
0.950967 -9.66202 0.869907
  0.9514 -9.65163  0.87034
0.951834 -9.64125 0.870774
0.952267 -9.63089 0.870774
0.952701 -9.62054 0.871207
0.953134 -9.61021 0.871641
0.953568 -9.59989 0.872074
0.954001 -9.58959 0.872074
0.954435  -9.5793 0.872508
0.954868 -9.56902 0.872941
0.955302 -9.55876 0.873374
0.955735 -9.54852 0.873374
0.956169 -9.53829 0.873808
0.956602 -9.52807 0.874241
0.957036 -9.51787 0.874675
0.957469 -9.50768 0.875108
0.957903 -9.49751 0.875108
0.958336 -9.48735 0.875542
 0.95877  -9.4772 0.875975
0.959203 -9.46708 0.876409
0.959637 -9.45696 0.876409
 0.96007 -9.44686 0.876842
0.960504 -9.43677 0.877276
0.960937  -9.4267 0.877709
 0.96137 -9.41664 0.878143
0.961804  -9.4066 0.878143
0.962237 -9.39656 0.878576
0.962671 -9.38655  0.87901
0.963104 -9.37655 0.879443
0.963538 -9.36656 0.879443
0.963971 -9.35658 0.879877
0.964405 -9.34662  0.88031
0.964838 -9.33668 0.880744
0.965272 -9.32675 0.881177
0.965705 -9.31683 0.881177
0.966139 -9.30693 0.881611
0.966572 -9.29704 0.882044
0.967006 -9.28716 0.882477
0.967439  -9.2773 0.882477
0.967873 -9.26745 0.882911
0.968306 -9.25761 0.883344
 0.96874  -9.2478 0.883778
0.969173 -9.23799 0.883778
0.969607 -9.22819 0.884211
 0.97004 -9.21841 0.884645
0.970473 -9.20865 0.885078
0.970907  -9.1989 0.885512
 0.97134 -9.18916 0.885512
0.971774 -9.17943 0.885945
0.972207 -9.16972 0.886379
0.972641 -9.16003 0.886812
0.973074 -9.15034 0.886812
0.973508 -9.14067 0.887246
0.973941 -9.13101 0.887679
0.974375 -9.12137 0.888113
0.974808 -9.11174 0.888546
0.975242 -9.10212 0.888546
0.975675 -9.09252  0.88898
0.976109 -9.08293 0.889413
0.976542 -9.07335 0.889847
0.976976 -9.06379 0.889847
0.977409 -9.05424  0.89028
0.977843  -9.0447 0.890714
0.978276 -9.03518 0.891147
 0.97871 -9.02567 0.891581
0.979143 -9.01617 0.891581
0.979577 -9.00669 0.892014
 0.98001 -8.99722 0.892447
0.980443 -8.98776 0.892881
0.980877 -8.97832 0.892881
 0.98131 -8.96888 0.893314
0.981744 -8.95946 0.893748
0.982177 -8.95006 0.894181
0.982611 -8.94067 0.894181
0.983044 -8.93129 0.894615
0.983478 -8.92192 0.895048
0.983911 -8.91257 0.895482
0.984345 -8.90323 0.895915
0.984778  -8.8939 0.895915
0.985212 -8.88459 0.896349
0.985645 -8.87529 0.896782
0.986079   -8.866 0.897216
0.986512 -8.85673 0.897216
0.986946 -8.84746 0.897649
0.987379 -8.83821 0.898083
0.987813 -8.82897 0.898516
0.988246 -8.81975  0.89895
 0.98868 -8.81054  0.89895
0.989113 -8.80134 0.899383
0.989547 -8.79215 0.899817
 0.98998 -8.78298  0.90025
0.990413 -8.77382  0.90025
0.990847 -8.76467 0.900684
 0.99128 -8.75553 0.901117
0.991714 -8.74641 0.901551
0.992147  -8.7373 0.901551
0.992581  -8.7282 0.901984
0.993014 -8.71911 0.902417
0.993448 -8.71004 0.902851
0.993881 -8.70098 0.903284
0.994315 -8.69193 0.903284
0.994748 -8.68289 0.903718
0.995182 -8.67387 0.904151
0.995615 -8.66486 0.904585
0.996049 -8.65586 0.904585
0.996482 -8.64687 0.905018
0.996916  -8.6379 0.905452
0.997349 -8.62894 0.905885
0.997783 -8.61999 0.906319
0.998216 -8.61105 0.906319
 0.99865 -8.60212 0.906752
0.999083 -8.59321 0.907186
0.999517 -8.58432 0.907619
 0.99995 -8.57543 0.907619
 1.00038 -8.56655 0.908053
 1.00082 -8.55768 0.908486
 1.00125 -8.54883  0.90892
 1.00168    -8.54 0.909353
 1.00212 -8.53116 0.909353
 1.00255 -8.52235 0.909787
 1.00298 -8.51354  0.91022
 1.00342 -8.50475 0.910654
 1.00385 -8.49597 0.910654
 1.00428  -8.4872 0.911087
 1.00472 -8.47845 0.911521
 1.00515  -8.4697 0.911954
 1.00559 -8.46097 0.911954
 1.00602 -8.45225 0.912387
 1.00645 -8.44354 0.912821
 1.00689 -8.43484 0.913254
 1.00732 -8.42616 0.913254
 1.00775 -8.41749 0.913688
 1.00819 -8.40883 0.914121
 1.00862 -8.40017 0.914555
 1.00905 -8.39154 0.914988
 1.00949 -8.38291 0.914988
 1.00992  -8.3743 0.915422
 1.01035 -8.36569 0.915855
 1.01079  -8.3571 0.916289
 1.01122 -8.34853 0.916289
 1.01165 -8.33996 0.916722
 1.01209  -8.3314 0.917156
 1.01252 -8.32286 0.917589
 1.01295 -8.31433 0.918023
 1.01339  -8.3058 0.918023
 1.01382 -8.29729 0.918456
 1.01425 -8.28879  0.91889
 1.01469 -8.28031 0.919323
 1.01512 -8.27183 0.919323
 1.01556 -8.26337 0.919757
 1.01599 -8.25491  0.92019
 1.01642 -8.24647 0.920624
 1.01686 -8.23805 0.921057
 1.01729 -8.22963 0.921057
 1.01772 -8.22122  0.92149
 1.01816 -8.21282 0.921924
 1.01859 -8.20444 0.922357
 1.01902 -8.19607 0.922357
 1.01946  -8.1877 0.922791
 1.01989 -8.17935 0.923224
 1.02032 -8.17101 0.923658
 1.02076 -8.16269 0.923658
 1.02119 -8.15437 0.924091
 1.02162 -8.14606 0.924525
 1.02206 -8.13776 0.924958
 1.02249 -8.12948 0.925392
 1.02292 -8.12121 0.925392
 1.02336 -8.11295 0.925825
 1.02379  -8.1047 0.926259
 1.02422 -8.09646 0.926692
 1.02466 -8.08823 0.926692
 1.02509 -8.08001 0.927126
 1.02553 -8.07181 0.927559
 1.02596 -8.06361 0.927993
 1.02639 -8.05543 0.927993
 1.02683 -8.04726 0.928426
 1.02726 -8.03909  0.92886
 1.02769 -8.03094 0.929293
 1.02813  -8.0228 0.929727
 1.02856 -8.01467 0.929727
 1.02899 -8.00655  0.93016
 1.02943 -7.99844 0.930594
 1.02986 -7.99035 0.931027
 1.03029 -7.98226 0.931027
 1.03073 -7.97419  0.93146
 1.03116 -7.96612 0.931894
 1.03159 -7.95807 0.932327
 1.03203 -7.95003 0.932327
 1.03246 -7.94199 0.932761
 1.03289 -7.93397 0.933194
 1.03333 -7.92596 0.933628
 1.03376 -7.91796 0.934061
 1.03419 -7.90997 0.934061
 1.03463 -7.90199 0.934495
 1.03506 -7.89402 0.934928
  1.0355 -7.88606 0.935362
 1.03593 -7.87812 0.935362
 1.03636 -7.87018 0.935795
  1.0368 -7.86225 0.936229
 1.03723 -7.85433 0.936662
 1.03766 -7.84643 0.937096
  1.0381 -7.83854 0.937096
 1.03853 -7.83065 0.937529
 1.03896 -7.82278 0.937963
  1.0394 -7.81492 0.938396
 1.03983 -7.80707  0.93883
 1.04026 -7.79922  0.93883
  1.0407 -7.79138 0.939263
 1.04113 -7.78357 0.939697
 1.04156 -7.77576  0.94013
   1.042 -7.76795  0.94013
 1.04243 -7.76016 0.940564
 1.04286 -7.75238 0.940997
  1.0433 -7.74461  0.94143
 1.04373 -7.73685  0.94143
 1.04416  -7.7291 0.941864
  1.0446 -7.72136 0.942297
 1.04503 -7.71363 0.942731
 1.04547 -7.70592 0.943164
  1.0459  -7.6982 0.943164
 1.04633  -7.6905 0.943598
 1.04677 -7.68282 0.944031
  1.0472 -7.67514 0.944465
 1.04763 -7.66747 0.944465
 1.04807 -7.65981 0.944898
  1.0485 -7.65216 0.945332
 1.04893 -7.64452 0.945765
 1.04937  -7.6369 0.945765
  1.0498 -7.62928 0.946199
 1.05023 -7.62167 0.946632
 1.05067 -7.61407 0.947066
  1.0511 -7.60649 0.947499
 1.05153  -7.5989 0.947499
 1.05197 -7.59134 0.947933
  1.0524 -7.58378 0.948366
 1.05283 -7.57623   0.9488
 1.05327 -7.56869   0.9488
  1.0537 -7.56116 0.949233
 1.05413 -7.55364 0.949667
 1.05457 -7.54614   0.9501
   1.055 -7.53864   0.9501
 1.05544 -7.53115 0.950534
 1.05587 -7.52367 0.950967
  1.0563  -7.5162   0.9514
 1.05674 -7.50874   0.9514
 1.05717 -7.50129 0.951834
  1.0576 -7.49385 0.952267
 1.05804 -7.48642 0.952701
 1.05847   -7.479 0.953134
  1.0589 -7.47159 0.953134
 1.05934 -7.46418 0.953568
 1.05977 -7.45679 0.954001
  1.0602 -7.44941 0.954435
 1.06064 -7.44204 0.954435
 1.06107 -7.43467 0.954868
  1.0615 -7.42732 0.955302
 1.06194 -7.41998 0.955735
 1.06237 -7.41264 0.956169
  1.0628 -7.40532 0.956169
 1.06324   -7.398 0.956602
 1.06367 -7.39069 0.957036
  1.0641  -7.3834 0.957469
 1.06454 -7.37611 0.957469
 1.06497 -7.36883 0.957903
 1.06541 -7.36157 0.958336
 1.06584 -7.35431  0.95877
 1.06627 -7.34706 0.959203
 1.06671 -7.33982 0.959203
 1.06714 -7.33259 0.959637
 1.06757 -7.32537  0.96007
 1.06801 -7.31816 0.960504
 1.06844 -7.31096 0.960504
 1.06887 -7.30376 0.960937
 1.06931 -7.29658  0.96137
 1.06974 -7.28941 0.961804
 1.07017 -7.28224 0.961804
 1.07061 -7.27508 0.962237
 1.07104 -7.26794 0.962671
 1.07147  -7.2608 0.963104
 1.07191 -7.25368 0.963538
 1.07234 -7.24655 0.963538
 1.07277 -7.23944 0.963971
 1.07321 -7.23234 0.964405
 1.07364 -7.22526 0.964838
 1.07407 -7.21817 0.964838
 1.07451  -7.2111 0.965272
 1.07494 -7.20403 0.965705
 1.07538 -7.19698 0.966139
 1.07581 -7.18994 0.966139
 1.07624  -7.1829 0.966572
 1.07668 -7.17587 0.967006
 1.07711 -7.16885 0.967439
 1.07754 -7.16185 0.967873
 1.07798 -7.15484 0.967873
 1.07841 -7.14785 0.968306
 1.07884 -7.14087  0.96874
 1.07928  -7.1339 0.969173
 1.07971 -7.12693 0.969173
 1.08014 -7.11998 0.969607
 1.08058 -7.11303  0.97004
 1.08101 -7.10609 0.970473
 1.08144 -7.09917 0.970473
 1.08188 -7.09225 0.970907
 1.08231 -7.08533  0.97134
 1.08274 -7.07843 0.971774
 1.08318 -7.07154 0.972207
 1.08361 -7.06466 0.972207
 1.08404 -7.05778 0.972641
 1.08448 -7.05091 0.973074
 1.08491 -7.04406 0.973508
 1.08535 -7.03721 0.973508
 1.08578 -7.03037 0.973941
 1.08621 -7.02353 0.974375
 1.08665 -7.01671 0.974808
 1.08708  -7.0099 0.974808
 1.08751 -7.00309 0.975242
 1.08795 -6.99629 0.975675
 1.08838 -6.98951 0.976109
 1.08881 -6.98273 0.976542
 1.08925 -6.97596 0.976542
 1.08968 -6.96919 0.976976
 1.09011 -6.96244 0.977409
 1.09055  -6.9557 0.977843
 1.09098 -6.94896 0.977843
 1.09141 -6.94223 0.978276
 1.09185 -6.93551  0.97871
 1.09228  -6.9288 0.979143
 1.09271  -6.9221 0.979577
 1.09315 -6.91541 0.979577
 1.09358 -6.90872  0.98001
 1.09401 -6.90205 0.980443
 1.09445 -6.89538 0.980877
 1.09488 -6.88872 0.980877
 1.09532 -6.88207  0.98131
 1.09575 -6.87542 0.981744
 1.09618 -6.86879 0.982177
 1.09662 -6.86217 0.982177
 1.09705 -6.85555 0.982611
 1.09748 -6.84894 0.983044
 1.09792 -6.84234 0.983478
 1.09835 -6.83575 0.983911
 1.09878 -6.82916 0.983911
 1.09922 -6.82259 0.984345
 1.09965 -6.81602 0.984778
 1.10008 -6.80946 0.985212
 1.10052 -6.80291 0.985212
 1.10095 -6.79637 0.985645
 1.10138 -6.78983 0.986079
 1.10182 -6.78331 0.986512
 1.10225 -6.77679 0.986512
 1.10268 -6.77028 0.986946
 1.10312 -6.76378 0.987379
 1.10355 -6.75729 0.987813
 1.10398 -6.75081 0.988246
 1.10442 -6.74433 0.988246
 1.10485 -6.73786  0.98868
 1.10529  -6.7314 0.989113
 1.10572 -6.72495 0.989547
 1.10615 -6.71851 0.989547
 1.10659 -6.71207  0.98998
 1.10702 -6.70564 0.990413
 1.10745 -6.69922 0.990847
 1.10789 -6.69281 0.990847
 1.10832 -6.68641  0.99128
 1.10875 -6.68001 0.991714
 1.10919 -6.67362 0.992147
 1.10962 -6.66725 0.992581
 1.11005 -6.66087 0.992581
 1.11049 -6.65451 0.993014
 1.11092 -6.64816 0.993448
 1.11135 -6.64181 0.993881
 1.11179 -6.63547 0.993881
 1.11222 -6.62914 0.994315
 1.11265 -6.62281 0.994748
 1.11309  -6.6165 0.995182
 1.11352 -6.61019 0.995182
 1.11395 -6.60389 0.995615
 1.11439  -6.5976 0.996049
 1.11482 -6.59132 0.996482
 1.11526 -6.58504 0.996916
 1.11569 -6.57877 0.996916
 1.11612 -6.57251 0.997349
 1.11656 -6.56626 0.997783
 1.11699 -6.56002 0.998216
 1.11742 -6.55378 0.998216
 1.11786 -6.54755  0.99865
 1.11829 -6.54133 0.999083
 1.11872 -6.53512 0.999517
 1.11916 -6.52891 0.999517
 1.11959 -6.52271  0.99995
 1.12002 -6.51652  1.00038
 1.12046 -6.51034  1.00082
 1.12089 -6.50417  1.00125
 1.12132   -6.498  1.00125
 1.12176 -6.49184  1.00168
 1.12219 -6.48569  1.00212
 1.12262 -6.47954  1.00255
 1.12306 -6.47341  1.00255
 1.12349 -6.46728  1.00298
 1.12392 -6.46115  1.00342
 1.12436 -6.45504  1.00385
 1.12479 -6.44894  1.00385
 1.12523 -6.44284  1.00428
 1.12566 -6.43675  1.00472
 1.12609 -6.43066  1.00515
 1.12653 -6.42459  1.00559
 1.12696 -6.41852  1.00559
 1.12739 -6.41246  1.00602
 1.12783 -6.40641  1.00645
 1.12826 -6.40036  1.00689
 1.12869 -6.39432  1.00689
 1.12913 -6.38829  1.00732
 1.12956 -6.38227  1.00775
 1.12999 -6.37626  1.00819
 1.13043 -6.37025  1.00819
 1.13086 -6.36425  1.00862
 1.13129 -6.35825  1.00905
 1.13173 -6.35227  1.00949
 1.13216 -6.34629  1.00992
 1.13259 -6.34032  1.00992
 1.13303 -6.33435  1.01035
 1.13346  -6.3284  1.01079
 1.13389 -6.32245  1.01122
 1.13433 -6.31651  1.01122
 1.13476 -6.31057  1.01165
  1.1352 -6.30464  1.01209
 1.13563 -6.29873  1.01252
 1.13606 -6.29282  1.01252
  1.1365 -6.28691  1.01295
 1.13693 -6.28101  1.01339
 1.13736 -6.27512  1.01382
  1.1378 -6.26924  1.01425
 1.13823 -6.26336  1.01425
 1.13866 -6.25749  1.01469
  1.1391 -6.25163  1.01512
 1.13953 -6.24578  1.01556
 1.13996 -6.23993  1.01556
  1.1404 -6.23409  1.01599
 1.14083 -6.22826  1.01642
 1.14126 -6.22243  1.01686
  1.1417 -6.21662  1.01686
 1.14213  -6.2108  1.01729
 1.14256   -6.205  1.01772
   1.143  -6.1992  1.01816
 1.14343 -6.19341  1.01859
 1.14386 -6.18763  1.01859
  1.1443 -6.18185  1.01902
 1.14473 -6.17608  1.01946
 1.14517 -6.17032  1.01989
  1.1456 -6.16457  1.01989
 1.14603 -6.15882  1.02032
 1.14647 -6.15308  1.02076
  1.1469 -6.14735  1.02119
 1.14733 -6.14162  1.02119
 1.14777  -6.1359  1.02162
  1.1482 -6.13019  1.02206
 1.14863 -6.12448  1.02249
 1.14907 -6.11879  1.02292
  1.1495 -6.11309  1.02292
 1.14993 -6.10741  1.02336
 1.15037 -6.10173  1.02379
  1.1508 -6.09606  1.02422
 1.15123  -6.0904  1.02422
 1.15167 -6.08474  1.02466
  1.1521 -6.07909  1.02509
 1.15253 -6.07345  1.02553
 1.15297 -6.06781  1.02553
  1.1534 -6.06218  1.02596
 1.15383 -6.05656  1.02639
 1.15427 -6.05095  1.02683
  1.1547 -6.04534  1.02726
 1.15514 -6.03973  1.02726
 1.15557 -6.03414  1.02769
   1.156 -6.02855  1.02813
 1.15644 -6.02297  1.02856
 1.15687  -6.0174  1.02856
  1.1573 -6.01183  1.02899
 1.15774 -6.00627  1.02943
 1.15817 -6.00071  1.02986
  1.1586 -5.99517  1.02986
 1.15904 -5.98962  1.03029
 1.15947 -5.98409  1.03073
  1.1599 -5.97856  1.03116
 1.16034 -5.97304  1.03159
 1.16077 -5.96753  1.03159
  1.1612 -5.96202  1.03203
 1.16164 -5.95652  1.03246
 1.16207 -5.95103  1.03289
  1.1625 -5.94554  1.03289
 1.16294 -5.94006  1.03333
 1.16337 -5.93458  1.03376
  1.1638 -5.92912  1.03419
 1.16424 -5.92366  1.03419
 1.16467  -5.9182  1.03463
 1.16511 -5.91275  1.03506
 1.16554 -5.90731   1.0355
 1.16597 -5.90188   1.0355
 1.16641 -5.89645  1.03593
 1.16684 -5.89103  1.03636
 1.16727 -5.88561   1.0368
 1.16771 -5.88021  1.03723
 1.16814  -5.8748  1.03723
 1.16857 -5.86941  1.03766
 1.16901 -5.86402   1.0381
 1.16944 -5.85864  1.03853
 1.16987 -5.85326  1.03853
 1.17031 -5.84789  1.03896
 1.17074 -5.84253   1.0394
 1.17117 -5.83717  1.03983
 1.17161 -5.83183  1.04026
 1.17204 -5.82648  1.04026
 1.17247 -5.82114   1.0407
 1.17291 -5.81581  1.04113
 1.17334 -5.81049  1.04156
 1.17377 -5.80517  1.04156
 1.17421 -5.79986    1.042
 1.17464 -5.79455  1.04243
 1.17508 -5.78926  1.04286
 1.17551 -5.78396   1.0433
 1.17594 -5.77867   1.0433
 1.17638 -5.77339  1.04373
 1.17681 -5.76812  1.04416
 1.17724 -5.76286   1.0446
 1.17768 -5.75759   1.0446
 1.17811 -5.75234  1.04503
 1.17854 -5.74709  1.04547
 1.17898 -5.74185   1.0459
 1.17941 -5.73662   1.0459
 1.17984 -5.73138  1.04633
 1.18028 -5.72616  1.04677
 1.18071 -5.72095   1.0472
 1.18114 -5.71574   1.0472
 1.18158 -5.71053  1.04763
 1.18201 -5.70533  1.04807
 1.18244 -5.70014   1.0485
 1.18288 -5.69496  1.04893
 1.18331 -5.68978  1.04893
 1.18374  -5.6846  1.04937
 1.18418 -5.67944   1.0498
 1.18461 -5.67428  1.05023
 1.18505 -5.66912  1.05023
 1.18548 -5.66397  1.05067
 1.18591 -5.65883   1.0511
 1.18635 -5.65369  1.05153
 1.18678 -5.64856  1.05153
 1.18721 -5.64344  1.05197
 1.18765 -5.63832   1.0524
 1.18808 -5.63321  1.05283
 1.18851  -5.6281  1.05283
 1.18895   -5.623  1.05327
 1.18938 -5.61791   1.0537
 1.18981 -5.61282  1.05413
 1.19025 -5.60774  1.05457
 1.19068 -5.60266  1.05457
 1.19111 -5.59759    1.055
 1.19155 -5.59253  1.05544
 1.19198 -5.58747  1.05587
 1.19241 -5.58242  1.05587
 1.19285 -5.57737   1.0563
 1.19328 -5.57233  1.05674
 1.19371  -5.5673  1.05717
 1.19415 -5.56227  1.05717
 1.19458 -5.55725   1.0576
 1.19502 -5.55224  1.05804
 1.19545 -5.54723  1.05847
 1.19588 -5.54222  1.05847
 1.19632 -5.53722   1.0589
 1.19675 -5.53223  1.05934
 1.19718 -5.52724  1.05977
 1.19762 -5.52227   1.0602
 1.19805 -5.51729   1.0602
 1.19848 -5.51232  1.06064
 1.19892 -5.50736  1.06107
 1.19935  -5.5024   1.0615
 1.19978 -5.49745   1.0615
 1.20022 -5.49251  1.06194
 1.20065 -5.48757  1.06237
 1.20108 -5.48263   1.0628
 1.20152 -5.47771   1.0628
 1.20195 -5.47278  1.06324
 1.20238 -5.46787  1.06367
 1.20282 -5.46296   1.0641
 1.20325 -5.45806  1.06454
 1.20368 -5.45316  1.06454
 1.20412 -5.44826  1.06497
 1.20455 -5.44337  1.06541
 1.20498 -5.43849  1.06584
 1.20542 -5.43362  1.06584
 1.20585 -5.42875  1.06627
 1.20629 -5.42388  1.06671
 1.20672 -5.41903  1.06714
 1.20715 -5.41417  1.06714
 1.20759 -5.40932  1.06757
 1.20802 -5.40448  1.06801
 1.20845 -5.39965  1.06844
 1.20889 -5.39482  1.06887
 1.20932 -5.38999  1.06887
 1.20975 -5.38517  1.06931
 1.21019 -5.38036  1.06974
 1.21062 -5.37556  1.07017
 1.21105 -5.37075  1.07017
 1.21149 -5.36596  1.07061
 1.21192 -5.36117  1.07104
 1.21235 -5.35638  1.07147
 1.21279  -5.3516  1.07147
 1.21322 -5.34683  1.07191
 1.21365 -5.34206  1.07234
 1.21409  -5.3373  1.07277
 1.21452 -5.33254  1.07321
 1.21495 -5.32779  1.07321
 1.21539 -5.32304  1.07364
 1.21582  -5.3183  1.07407
 1.21626 -5.31357  1.07451
 1.21669 -5.30884  1.07451
 1.21712 -5.30411  1.07494
 1.21756  -5.2994  1.07538
 1.21799 -5.29468  1.07581
 1.21842 -5.28998  1.07581
 1.21886 -5.28527  1.07624
 1.21929 -5.28058  1.07668
 1.21972 -5.27589  1.07711
 1.22016  -5.2712  1.07711
 1.22059 -5.26652  1.07754
 1.22102 -5.26185  1.07798
 1.22146 -5.25718  1.07841
 1.22189 -5.25251  1.07884
 1.22232 -5.24786  1.07884
 1.22276  -5.2432  1.07928
 1.22319 -5.23855  1.07971
 1.22362 -5.23391  1.08014
 1.22406 -5.22928  1.08014
 1.22449 -5.22464  1.08058
 1.22492 -5.22002  1.08101
 1.22536  -5.2154  1.08144
 1.22579 -5.21079  1.08144
 1.22623 -5.20617  1.08188
 1.22666 -5.20157  1.08231
 1.22709 -5.19697  1.08274
 1.22753 -5.19238  1.08318
 1.22796 -5.18779  1.08318
 1.22839  -5.1832  1.08361
 1.22883 -5.17863  1.08404
 1.22926 -5.17406  1.08448
 1.22969 -5.16949  1.08448
 1.23013 -5.16493  1.08491
 1.23056 -5.16037  1.08535
 1.23099 -5.15582  1.08578
 1.23143 -5.15127  1.08578
 1.23186 -5.14673  1.08621
 1.23229 -5.14219  1.08665
 1.23273 -5.13766  1.08708
 1.23316 -5.13314  1.08751
 1.23359 -5.12862  1.08751
 1.23403  -5.1241  1.08795
 1.23446 -5.11959  1.08838
 1.23489 -5.11509  1.08881
 1.23533 -5.11059  1.08881
 1.23576  -5.1061  1.08925
  1.2362 -5.10161  1.08968
 1.23663 -5.09713  1.09011
 1.23706 -5.09265  1.09011
  1.2375 -5.08817  1.09055
 1.23793  -5.0837  1.09098
 1.23836 -5.07924  1.09141
  1.2388 -5.07479  1.09141
 1.23923 -5.07033  1.09185
 1.23966 -5.06588  1.09228
  1.2401 -5.06144  1.09271
 1.24053 -5.05701  1.09315
 1.24096 -5.05257  1.09315
  1.2414 -5.04814  1.09358
 1.24183 -5.04372  1.09401
 1.24226 -5.03931  1.09445
  1.2427 -5.03489  1.09445
 1.24313 -5.03049  1.09488
 1.24356 -5.02608  1.09532
   1.244 -5.02169  1.09575
 1.24443  -5.0173  1.09575
 1.24486 -5.01291  1.09618
  1.2453 -5.00853  1.09662
 1.24573 -5.00415  1.09705
 1.24617 -4.99978  1.09748
  1.2466 -4.99541  1.09748
 1.24703 -4.99105  1.09792
 1.24747 -4.98669  1.09835
  1.2479 -4.98234  1.09878
 1.24833   -4.978  1.09878
 1.24877 -4.97365  1.09922
  1.2492 -4.96932  1.09965
 1.24963 -4.96498  1.10008
 1.25007 -4.96066  1.10008
  1.2505 -4.95633  1.10052
 1.25093 -4.95202  1.10095
 1.25137 -4.94771  1.10138
  1.2518  -4.9434  1.10138
 1.25223  -4.9391  1.10182
 1.25267  -4.9348  1.10225
  1.2531 -4.93051  1.10268
 1.25353 -4.92622  1.10312
 1.25397 -4.92194  1.10312
  1.2544 -4.91766  1.10355
 1.25483 -4.91338  1.10398
 1.25527 -4.90912  1.10442
  1.2557 -4.90485  1.10442
 1.25614 -4.90059  1.10485
 1.25657 -4.89634  1.10529
   1.257 -4.89209  1.10572
 1.25744 -4.88785  1.10572
 1.25787 -4.88361  1.10615
  1.2583 -4.87938  1.10659
 1.25874 -4.87515  1.10702
 1.25917 -4.87092  1.10745
  1.2596  -4.8667  1.10745
 1.26004 -4.86249  1.10789
 1.26047 -4.85828  1.10832
  1.2609 -4.85407  1.10875
 1.26134 -4.84987  1.10875
 1.26177 -4.84567  1.10919
  1.2622 -4.84148  1.10962
 1.26264  -4.8373  1.11005
 1.26307 -4.83311  1.11005
  1.2635 -4.82894  1.11049
 1.26394 -4.82476  1.11092
 1.26437  -4.8206  1.11135
  1.2648 -4.81644  1.11135
 1.26524 -4.81228  1.11179
 1.26567 -4.80812  1.11222
 1.26611 -4.80397  1.11265
 1.26654 -4.79983  1.11309
 1.26697 -4.79569  1.11309
 1.26741 -4.79155  1.11352
 1.26784 -4.78742  1.11395
 1.26827  -4.7833  1.11439
 1.26871 -4.77918  1.11439
 1.26914 -4.77506  1.11482
 1.26957 -4.77095  1.11526
 1.27001 -4.76685  1.11569
 1.27044 -4.76274  1.11569
 1.27087 -4.75864  1.11612
 1.27131 -4.75455  1.11656
 1.27174 -4.75046  1.11699
 1.27217 -4.74638  1.11742
 1.27261  -4.7423  1.11742
 1.27304 -4.73823  1.11786
 1.27347 -4.73416  1.11829
 1.27391 -4.73009  1.11872
 1.27434 -4.72603  1.11872
 1.27477 -4.72197  1.11916
 1.27521 -4.71792  1.11959
 1.27564 -4.71388  1.12002
 1.27608 -4.70983  1.12002
 1.27651 -4.70579  1.12046
 1.27694 -4.70176  1.12089
 1.27738 -4.69773  1.12132
 1.27781 -4.69371  1.12132
 1.27824 -4.68969  1.12176
 1.27868 -4.68567  1.12219
 1.27911 -4.68166  1.12262
 1.27954 -4.67765  1.12306
 1.27998 -4.67365  1.12306
 1.28041 -4.66965  1.12349
 1.28084 -4.66566  1.12392
 1.28128 -4.66167  1.12436
 1.28171 -4.65769  1.12436
 1.28214 -4.65371  1.12479
 1.28258 -4.64973  1.12523
 1.28301 -4.64576  1.12566
 1.28344  -4.6418  1.12566
 1.28388 -4.63783  1.12609
 1.28431 -4.63388  1.12653
 1.28474 -4.62992  1.12696
 1.28518 -4.62598  1.12696
 1.28561 -4.62203  1.12739
 1.28605 -4.61809  1.12783
 1.28648 -4.61416  1.12826
 1.28691 -4.61023  1.12869
 1.28735  -4.6063  1.12869
 1.28778 -4.60237  1.12913
 1.28821 -4.59846  1.12956
 1.28865 -4.59454  1.12999
 1.28908 -4.59063  1.12999
 1.28951 -4.58673  1.13043
 1.28995 -4.58283  1.13086
 1.29038 -4.57893  1.13129
 1.29081 -4.57504  1.13129
 1.29125 -4.57115  1.13173
 1.29168 -4.56727  1.13216
 1.29211 -4.56339  1.13259
 1.29255 -4.55952  1.13259
 1.29298 -4.55565  1.13303
 1.29341 -4.55178  1.13346
 1.29385 -4.54792  1.13389
 1.29428 -4.54406  1.13433
 1.29471 -4.54021  1.13433
 1.29515 -4.53636  1.13476
 1.29558 -4.53251   1.1352
 1.29602 -4.52868  1.13563
 1.29645 -4.52484  1.13563
 1.29688 -4.52101  1.13606
 1.29732 -4.51718   1.1365
 1.29775 -4.51336  1.13693
 1.29818 -4.50954  1.13693
 1.29862 -4.50572  1.13736
 1.29905 -4.50191   1.1378
 1.29948  -4.4981  1.13823
 1.29992  -4.4943  1.13866
 1.30035  -4.4905  1.13866
 1.30078 -4.48671   1.1391
 1.30122 -4.48292  1.13953
 1.30165 -4.47914  1.13996
 1.30208 -4.47536  1.13996
 1.30252 -4.47158   1.1404
 1.30295  -4.4678  1.14083
 1.30338 -4.46404  1.14126
 1.30382 -4.46027  1.14126
 1.30425 -4.45651   1.1417
 1.30468 -4.45275  1.14213
 1.30512   -4.449  1.14256
 1.30555 -4.44526  1.14256
 1.30599 -4.44151    1.143
 1.30642 -4.43777  1.14343
 1.30685 -4.43404  1.14386
 1.30729 -4.43031   1.1443
 1.30772 -4.42658   1.1443
 1.30815 -4.42285  1.14473
 1.30859 -4.41913  1.14517
 1.30902 -4.41542   1.1456
 1.30945 -4.41171   1.1456
 1.30989   -4.408  1.14603
 1.31032  -4.4043  1.14647
 1.31075  -4.4006   1.1469
 1.31119 -4.39691   1.1469
 1.31162 -4.39321  1.14733
 1.31205 -4.38953  1.14777
 1.31249 -4.38584   1.1482
 1.31292 -4.38217   1.1482
 1.31335 -4.37849  1.14863
 1.31379 -4.37482  1.14907
 1.31422 -4.37115   1.1495
 1.31465 -4.36749  1.14993
 1.31509 -4.36383  1.14993
 1.31552 -4.36018  1.15037
 1.31596 -4.35653   1.1508
 1.31639 -4.35288  1.15123
 1.31682 -4.34924  1.15123
 1.31726  -4.3456  1.15167
 1.31769 -4.34197   1.1521
 1.31812 -4.33834  1.15253
 1.31856 -4.33471  1.15253
 1.31899 -4.33109  1.15297
 1.31942 -4.32747   1.1534
 1.31986 -4.32385  1.15383
 1.32029 -4.32024  1.15383
 1.32072 -4.31664  1.15427
 1.32116 -4.31303   1.1547
 1.32159 -4.30943  1.15514
 1.32202 -4.30584  1.15557
 1.32246 -4.30225  1.15557
 1.32289 -4.29866    1.156
 1.32332 -4.29508  1.15644
 1.32376  -4.2915  1.15687
 1.32419 -4.28792  1.15687
 1.32462 -4.28435   1.1573
 1.32506 -4.28078  1.15774
 1.32549 -4.27722  1.15817
 1.32593 -4.27366  1.15817
 1.32636 -4.27011   1.1586
 1.32679 -4.26655  1.15904
 1.32723   -4.263  1.15947
 1.32766 -4.25946  1.15947
 1.32809 -4.25592   1.1599
 1.32853 -4.25238  1.16034
 1.32896 -4.24885  1.16077
 1.32939 -4.24532  1.16077
 1.32983  -4.2418   1.1612
 1.33026 -4.23827  1.16164
 1.33069 -4.23476  1.16207
 1.33113 -4.23124   1.1625
 1.33156 -4.22773   1.1625
 1.33199 -4.22423  1.16294
 1.33243 -4.22072  1.16337
 1.33286 -4.21723   1.1638
 1.33329 -4.21373   1.1638
 1.33373 -4.21024  1.16424
 1.33416 -4.20675  1.16467
 1.33459 -4.20327  1.16511
 1.33503 -4.19979  1.16511
 1.33546 -4.19632  1.16554
  1.3359 -4.19284  1.16597
 1.33633 -4.18937  1.16641
 1.33676 -4.18591  1.16641
  1.3372 -4.18245  1.16684
 1.33763 -4.17899  1.16727
 1.33806 -4.17554  1.16771
  1.3385 -4.17209  1.16814
 1.33893 -4.16864  1.16814
 1.33936  -4.1652  1.16857
  1.3398 -4.16176  1.16901
 1.34023 -4.15833  1.16944
 1.34066  -4.1549  1.16987
  1.3411 -4.15147  1.16987
 1.34153 -4.14804  1.17031
 1.34196 -4.14463  1.17074
  1.3424 -4.14121  1.17117
 1.34283  -4.1378  1.17117
 1.34326 -4.13439  1.17161
  1.3437 -4.13098  1.17204
 1.34413 -4.12758  1.17247
 1.34456 -4.12418  1.17247
   1.345 -4.12079  1.17291
 1.34543  -4.1174  1.17334
 1.34587 -4.11401  1.17377
  1.3463 -4.11063  1.17377
 1.34673 -4.10725  1.17421
 1.34717 -4.10387  1.17464
  1.3476  -4.1005  1.17508
 1.34803 -4.09713  1.17508
 1.34847 -4.09376  1.17551
  1.3489  -4.0904  1.17594
 1.34933 -4.08705  1.17638
 1.34977 -4.08369  1.17681
  1.3502 -4.08034  1.17681
 1.35063 -4.07699  1.17724
 1.35107 -4.07365  1.17768
  1.3515 -4.07031  1.17811
 1.35193 -4.06697  1.17811
 1.35237 -4.06364  1.17854
  1.3528 -4.06031  1.17898
 1.35323 -4.05699  1.17941
 1.35367 -4.05366  1.17941
  1.3541 -4.05034  1.17984
 1.35453 -4.04703  1.18028
 1.35497 -4.04372  1.18071
  1.3554 -4.04041  1.18071
 1.35584 -4.03711  1.18114
 1.35627  -4.0338  1.18158
  1.3567 -4.03051  1.18201
 1.35714 -4.02721  1.18244
 1.35757 -4.02392  1.18244
   1.358 -4.02064  1.18288
 1.35844 -4.01735  1.18331
 1.35887 -4.01407  1.18374
  1.3593  -4.0108  1.18374
 1.35974 -4.00752  1.18418
 1.36017 -4.00425  1.18461
  1.3606 -4.00099  1.18505
 1.36104 -3.99773  1.18505
 1.36147 -3.99447  1.18548
  1.3619 -3.99121  1.18591
 1.36234 -3.98796  1.18635
 1.36277 -3.98471  1.18635
  1.3632 -3.98147  1.18678
 1.36364 -3.97822  1.18721
 1.36407 -3.97499  1.18765
  1.3645 -3.97175  1.18808
 1.36494 -3.96852  1.18808
 1.36537 -3.96529  1.18851
 1.36581 -3.96207  1.18895
 1.36624 -3.95885  1.18938
 1.36667 -3.95563  1.18938
 1.36711 -3.95241  1.18981
 1.36754  -3.9492  1.19025
 1.36797   -3.946  1.19068
 1.36841 -3.94279  1.19068
 1.36884 -3.93959  1.19111
 1.36927 -3.93639  1.19155
 1.36971  -3.9332  1.19198
 1.37014 -3.93001  1.19198
 1.37057 -3.92682  1.19241
 1.37101 -3.92364  1.19285
 1.37144 -3.92046  1.19328
 1.37187 -3.91728  1.19371
 1.37231 -3.91411  1.19371
 1.37274 -3.91094  1.19415
 1.37317 -3.90777  1.19458
 1.37361 -3.90461  1.19502
 1.37404 -3.90145  1.19502
 1.37447 -3.89829  1.19545
 1.37491 -3.89514  1.19588
 1.37534 -3.89199  1.19632
 1.37578 -3.88884  1.19632
 1.37621  -3.8857  1.19675
 1.37664 -3.88256  1.19718
 1.37708 -3.87942  1.19762
 1.37751 -3.87629  1.19762
 1.37794 -3.87316  1.19805
 1.37838 -3.87003  1.19848
 1.37881 -3.86691  1.19892
 1.37924 -3.86379  1.19935
 1.37968 -3.86067  1.19935
 1.38011 -3.85756  1.19978
 1.38054 -3.85445  1.20022
 1.38098 -3.85134  1.20065
 1.38141 -3.84823  1.20065
 1.38184 -3.84513  1.20108
 1.38228 -3.84204  1.20152
 1.38271 -3.83894  1.20195
 1.38314 -3.83585  1.20195
 1.38358 -3.83276  1.20238
 1.38401 -3.82968  1.20282
 1.38444  -3.8266  1.20325
 1.38488 -3.82352  1.20325
 1.38531 -3.82045  1.20368
 1.38575 -3.81737  1.20412
 1.38618 -3.81431  1.20455
 1.38661 -3.81124  1.20498
 1.38705 -3.80818  1.20498
 1.38748 -3.80512  1.20542
 1.38791 -3.80207  1.20585
 1.38835 -3.79901  1.20629
 1.38878 -3.79596  1.20629
 1.38921 -3.79292  1.20672
 1.38965 -3.78988  1.20715
 1.39008 -3.78684  1.20759
 1.39051  -3.7838  1.20759
 1.39095 -3.78077  1.20802
 1.39138 -3.77774  1.20845
 1.39181 -3.77471  1.20889
 1.39225 -3.77169  1.20889
 1.39268 -3.76867  1.20932
 1.39311 -3.76565  1.20975
 1.39355 -3.76264  1.21019
 1.39398 -3.75963  1.21019
 1.39441 -3.75662  1.21062
 1.39485 -3.75361  1.21105
 1.39528 -3.75061  1.21149
 1.39572 -3.74761  1.21192
 1.39615 -3.74462  1.21192
 1.39658 -3.74162  1.21235
 1.39702 -3.73864  1.21279
 1.39745 -3.73565  1.21322
 1.39788 -3.73267  1.21322
 1.39832 -3.72969  1.21365
 1.39875 -3.72671  1.21409
 1.39918 -3.72374  1.21452
 1.39962 -3.72077  1.21452
 1.40005  -3.7178  1.21495
 1.40048 -3.71484  1.21539
 1.40092 -3.71187  1.21582
 1.40135 -3.70892  1.21582
 1.40178 -3.70596  1.21626
 1.40222 -3.70301  1.21669
 1.40265 -3.70006  1.21712
 1.40308 -3.69712  1.21756
 1.40352 -3.69417  1.21756
 1.40395 -3.69123  1.21799
 1.40438  -3.6883  1.21842
 1.40482 -3.68536  1.21886
 1.40525 -3.68243  1.21886
 1.40569  -3.6795  1.21929
 1.40612 -3.67658  1.21972
 1.40655 -3.67366  1.22016
 1.40699 -3.67074  1.22016
 1.40742 -3.66783  1.22059
 1.40785 -3.66491  1.22102
 1.40829   -3.662  1.22146
 1.40872  -3.6591  1.22146
 1.40915 -3.65619  1.22189
 1.40959 -3.65329  1.22232
 1.41002  -3.6504  1.22276
 1.41045  -3.6475  1.22319
 1.41089 -3.64461  1.22319
 1.41132 -3.64172  1.22362
 1.41175 -3.63884  1.22406
 1.41219 -3.63596  1.22449
 1.41262 -3.63308  1.22449
 1.41305  -3.6302  1.22492
 1.41349 -3.62733  1.22536
 1.41392 -3.62446  1.22579
 1.41435 -3.62159  1.22579
 1.41479 -3.61872  1.22623
 1.41522 -3.61586  1.22666
 1.41566 -3.61301  1.22709
 1.41609 -3.61015  1.22709
 1.41652  -3.6073  1.22753
 1.41696 -3.60445  1.22796
 1.41739  -3.6016  1.22839
 1.41782 -3.59876  1.22883
 1.41826 -3.59592  1.22883
 1.41869 -3.59308  1.22926
 1.41912 -3.59024  1.22969
 1.41956 -3.58741  1.23013
 1.41999 -3.58458  1.23013
 1.42042 -3.58175  1.23056
 1.42086 -3.57893  1.23099
 1.42129 -3.57611  1.23143
 1.42172 -3.57329  1.23143
 1.42216 -3.57048  1.23186
 1.42259 -3.56767  1.23229
 1.42302 -3.56486  1.23273
 1.42346 -3.56205  1.23273
 1.42389 -3.55925  1.23316
 1.42432 -3.55645  1.23359
 1.42476 -3.55365  1.23403
 1.42519 -3.55086  1.23403
 1.42563 -3.54807  1.23446
 1.42606 -3.54528  1.23489
 1.42649 -3.54249  1.23533
 1.42693 -3.53971  1.23576
 1.42736 -3.53693  1.23576
 1.42779 -3.53415   1.2362
 1.42823 -3.53137  1.23663
 1.42866  -3.5286  1.23706
 1.42909 -3.52583  1.23706
 1.42953 -3.52307   1.2375
 1.42996  -3.5203  1.23793
 1.43039 -3.51755  1.23836
 1.43083 -3.51479  1.23836
 1.43126 -3.51203   1.2388
 1.43169 -3.50928  1.23923
 1.43213 -3.50653  1.23966
 1.43256 -3.50379  1.23966
 1.43299 -3.50104   1.2401
 1.43343  -3.4983  1.24053
 1.43386 -3.49556  1.24096
 1.43429 -3.49283   1.2414
 1.43473  -3.4901   1.2414
 1.43516 -3.48737  1.24183
  1.4356 -3.48464  1.24226
 1.43603 -3.48192   1.2427
 1.43646 -3.47919   1.2427
  1.4369 -3.47648  1.24313
 1.43733 -3.47376  1.24356
 1.43776 -3.47105    1.244
  1.4382 -3.46834    1.244
 1.43863 -3.46563  1.24443
 1.43906 -3.46293  1.24486
  1.4395 -3.46022   1.2453
 1.43993 -3.45753   1.2453
 1.44036 -3.45483  1.24573
  1.4408 -3.45213  1.24617
 1.44123 -3.44944   1.2466
 1.44166 -3.44676   1.2466
  1.4421 -3.44407  1.24703
 1.44253 -3.44139  1.24747
 1.44296 -3.43871   1.2479
  1.4434 -3.43603  1.24833
 1.44383 -3.43336  1.24833
 1.44426 -3.43068  1.24877
  1.4447 -3.42802   1.2492
 1.44513 -3.42535  1.24963
 1.44557 -3.42269  1.24963
   1.446 -3.42002  1.25007
 1.44643 -3.41737   1.2505
 1.44687 -3.41471  1.25093
  1.4473 -3.41206  1.25093
 1.44773 -3.40941  1.25137
 1.44817 -3.40676   1.2518
  1.4486 -3.40412  1.25223
 1.44903 -3.40147  1.25223
 1.44947 -3.39883  1.25267
  1.4499  -3.3962   1.2531
 1.45033 -3.39356  1.25353
 1.45077 -3.39093  1.25397
  1.4512  -3.3883  1.25397
 1.45163 -3.38568   1.2544
 1.45207 -3.38305  1.25483
  1.4525 -3.38043  1.25527
 1.45293 -3.37781  1.25527
 1.45337  -3.3752   1.2557
  1.4538 -3.37259  1.25614
 1.45423 -3.36998  1.25657
 1.45467 -3.36737  1.25657
  1.4551 -3.36476    1.257
 1.45554 -3.36216  1.25744
 1.45597 -3.35956  1.25787
  1.4564 -3.35696  1.25787
 1.45684 -3.35437   1.2583
 1.45727 -3.35178  1.25874
  1.4577 -3.34919  1.25917
 1.45814  -3.3466   1.2596
 1.45857 -3.34402   1.2596
   1.459 -3.34143  1.26004
 1.45944 -3.33886  1.26047
 1.45987 -3.33628   1.2609
  1.4603 -3.33371   1.2609
 1.46074 -3.33114  1.26134
 1.46117 -3.32857  1.26177
  1.4616   -3.326   1.2622
 1.46204 -3.32344   1.2622
 1.46247 -3.32088  1.26264
  1.4629 -3.31832  1.26307
 1.46334 -3.31576   1.2635
 1.46377 -3.31321   1.2635
  1.4642 -3.31066  1.26394
 1.46464 -3.30811  1.26437
 1.46507 -3.30557   1.2648
 1.46551 -3.30302  1.26524
 1.46594 -3.30048  1.26524
 1.46637 -3.29794  1.26567
 1.46681 -3.29541  1.26611
 1.46724 -3.29288  1.26654
 1.46767 -3.29035  1.26654
 1.46811 -3.28782  1.26697
 1.46854 -3.28529  1.26741
 1.46897 -3.28277  1.26784
 1.46941 -3.28025  1.26784
 1.46984 -3.27773  1.26827
 1.47027 -3.27522  1.26871
 1.47071 -3.27271  1.26914
 1.47114  -3.2702  1.26914
 1.47157 -3.26769  1.26957
 1.47201 -3.26518  1.27001
 1.47244 -3.26268  1.27044
 1.47287 -3.26018  1.27044
 1.47331 -3.25768  1.27087
 1.47374 -3.25519  1.27131
 1.47417  -3.2527  1.27174
 1.47461 -3.25021  1.27217
 1.47504 -3.24772  1.27217
 1.47548 -3.24523  1.27261
 1.47591 -3.24275  1.27304
 1.47634 -3.24027  1.27347
 1.47678  -3.2378  1.27347
 1.47721 -3.23532  1.27391
 1.47764 -3.23285  1.27434
 1.47808 -3.23038  1.27477
 1.47851 -3.22791  1.27477
 1.47894 -3.22544  1.27521
 1.47938 -3.22298  1.27564
 1.47981 -3.22052  1.27608
 1.48024 -3.21806  1.27608
 1.48068 -3.21561  1.27651
 1.48111 -3.21315  1.27694
 1.48154  -3.2107  1.27738
 1.48198 -3.20826  1.27738
 1.48241 -3.20581  1.27781
 1.48284 -3.20337  1.27824
 1.48328 -3.20093  1.27868
 1.48371 -3.19849  1.27911
 1.48414 -3.19605  1.27911
 1.48458 -3.19362  1.27954
 1.48501 -3.19119  1.27998
 1.48545 -3.18876  1.28041
 1.48588 -3.18633  1.28041
 1.48631 -3.18391  1.28084
 1.48675 -3.18149  1.28128
 1.48718 -3.17907  1.28171
 1.48761 -3.17665  1.28171
 1.48805 -3.17424  1.28214
 1.48848 -3.17182  1.28258
 1.48891 -3.16941  1.28301
 1.48935 -3.16701  1.28301
 1.48978  -3.1646  1.28344
 1.49021  -3.1622  1.28388
 1.49065  -3.1598  1.28431
 1.49108  -3.1574  1.28474
 1.49151 -3.15501  1.28474
 1.49195 -3.15261  1.28518
 1.49238 -3.15022  1.28561
 1.49281 -3.14784  1.28605
 1.49325 -3.14545  1.28605
 1.49368 -3.14307  1.28648
 1.49411 -3.14068  1.28691
 1.49455 -3.13831  1.28735
 1.49498 -3.13593  1.28735
 1.49542 -3.13355  1.28778
 1.49585 -3.13118  1.28821
 1.49628 -3.12881  1.28865
 1.49672 -3.12645  1.28865
 1.49715 -3.12408  1.28908
 1.49758 -3.12172  1.28951
 1.49802 -3.11936  1.28995
 1.49845   -3.117  1.29038
 1.49888 -3.11465  1.29038
 1.49932 -3.11229  1.29081
 1.49975 -3.10994  1.29125
 1.50018 -3.10759  1.29168
 1.50062 -3.10525  1.29168
 1.50105  -3.1029  1.29211
 1.50148 -3.10056  1.29255
 1.50192 -3.09822  1.29298
 1.50235 -3.09589  1.29298
 1.50278 -3.09355  1.29341
 1.50322 -3.09122  1.29385
 1.50365 -3.08889  1.29428
 1.50408 -3.08656  1.29428
 1.50452 -3.08423  1.29471
 1.50495 -3.08191  1.29515
 1.50539 -3.07959  1.29558
 1.50582 -3.07727  1.29558
 1.50625 -3.07496  1.29602
 1.50669 -3.07264  1.29645
 1.50712 -3.07033  1.29688
 1.50755 -3.06802  1.29732
 1.50799 -3.06571  1.29732
 1.50842 -3.06341  1.29775
 1.50885 -3.06111  1.29818
 1.50929  -3.0588  1.29862
 1.50972 -3.05651  1.29862
 1.51015 -3.05421  1.29905
 1.51059 -3.05192  1.29948
 1.51102 -3.04962  1.29992
 1.51145 -3.04734  1.29992
 1.51189 -3.04505  1.30035
 1.51232 -3.04276  1.30078
 1.51275 -3.04048  1.30122
 1.51319  -3.0382  1.30122
 1.51362 -3.03592  1.30165
 1.51405 -3.03365  1.30208
 1.51449 -3.03137  1.30252
 1.51492  -3.0291  1.30252
 1.51536 -3.02683  1.30295
 1.51579 -3.02456  1.30338
 1.51622  -3.0223  1.30382
 1.51666 -3.02004  1.30382
 1.51709 -3.01778  1.30425
 1.51752 -3.01552  1.30468
 1.51796 -3.01326  1.30512
 1.51839 -3.01101  1.30555
 1.51882 -3.00876  1.30555
 1.51926 -3.00651  1.30599
 1.51969 -3.00426  1.30642
 1.52012 -3.00201  1.30685
 1.52056 -2.99977  1.30685
 1.52099 -2.99753  1.30729
 1.52142 -2.99529  1.30772
 1.52186 -2.99306  1.30815
 1.52229 -2.99082  1.30815
 1.52272 -2.98859  1.30859
 1.52316 -2.98636  1.30902
 1.52359 -2.98413  1.30945
 1.52402 -2.98191  1.30945
 1.52446 -2.97968  1.30989
 1.52489 -2.97746  1.31032
 1.52533 -2.97524  1.31075
 1.52576 -2.97303  1.31075
 1.52619 -2.97081  1.31119
 1.52663  -2.9686  1.31162
 1.52706 -2.96639  1.31205
 1.52749 -2.96418  1.31249
 1.52793 -2.96197  1.31249
 1.52836 -2.95977  1.31292
 1.52879 -2.95757  1.31335
 1.52923 -2.95537  1.31379
 1.52966 -2.95317  1.31379
 1.53009 -2.95097  1.31422
 1.53053 -2.94878  1.31465
 1.53096 -2.94659  1.31509
 1.53139  -2.9444  1.31509
 1.53183 -2.94221  1.31552
 1.53226 -2.94003  1.31596
 1.53269 -2.93785  1.31639
 1.53313 -2.93567  1.31639
 1.53356 -2.93349  1.31682
 1.53399 -2.93131  1.31726
 1.53443 -2.92914  1.31769
 1.53486 -2.92696  1.31769
  1.5353 -2.92479  1.31812
 1.53573 -2.92263  1.31856
 1.53616 -2.92046  1.31899
  1.5366  -2.9183  1.31942
 1.53703 -2.91613  1.31942
 1.53746 -2.91397  1.31986
  1.5379 -2.91182  1.32029
 1.53833 -2.90966  1.32072
 1.53876 -2.90751  1.32072
  1.5392 -2.90536  1.32116
 1.53963 -2.90321  1.32159
 1.54006 -2.90106  1.32202
  1.5405 -2.89891  1.32202
 1.54093 -2.89677  1.32246
 1.54136 -2.89463  1.32289
  1.5418 -2.89249  1.32332
 1.54223 -2.89035  1.32332
 1.54266 -2.88822  1.32376
  1.5431 -2.88609  1.32419
 1.54353 -2.88396  1.32462
 1.54396 -2.88183  1.32462
  1.5444  -2.8797  1.32506
 1.54483 -2.87758  1.32549
 1.54527 -2.87545  1.32593
  1.5457 -2.87333  1.32636
 1.54613 -2.87121  1.32636
 1.54657  -2.8691  1.32679
   1.547 -2.86698  1.32723
 1.54743 -2.86487  1.32766
 1.54787 -2.86276  1.32766
  1.5483 -2.86065  1.32809
 1.54873 -2.85854  1.32853
 1.54917 -2.85644  1.32896
  1.5496 -2.85434  1.32896
 1.55003 -2.85224  1.32939
 1.55047 -2.85014  1.32983
  1.5509 -2.84804  1.33026
 1.55133 -2.84595  1.33026
 1.55177 -2.84386  1.33069
  1.5522 -2.84177  1.33113
 1.55263 -2.83968  1.33156
 1.55307 -2.83759  1.33156
  1.5535 -2.83551  1.33199
 1.55393 -2.83342  1.33243
 1.55437 -2.83134  1.33286
  1.5548 -2.82927  1.33329
 1.55524 -2.82719  1.33329
 1.55567 -2.82512  1.33373
  1.5561 -2.82304  1.33416
 1.55654 -2.82097  1.33459
 1.55697  -2.8189  1.33459
  1.5574 -2.81684  1.33503
 1.55784 -2.81477  1.33546
 1.55827 -2.81271   1.3359
  1.5587 -2.81065   1.3359
 1.55914 -2.80859  1.33633
 1.55957 -2.80653  1.33676
    1.56 -2.80448   1.3372
 1.56044 -2.80243   1.3372
 1.56087 -2.80038  1.33763
  1.5613 -2.79833  1.33806
 1.56174 -2.79628   1.3385
 1.56217 -2.79424   1.3385
  1.5626 -2.79219  1.33893
 1.56304 -2.79015  1.33936
 1.56347 -2.78811   1.3398
  1.5639 -2.78608  1.34023
 1.56434 -2.78404  1.34023
 1.56477 -2.78201  1.34066
 1.56521 -2.77998   1.3411
 1.56564 -2.77795  1.34153
 1.56607 -2.77592  1.34153
 1.56651 -2.77389  1.34196
 1.56694 -2.77187   1.3424
 1.56737 -2.76985  1.34283
 1.56781 -2.76783  1.34283
 1.56824 -2.76581  1.34326
 1.56867 -2.76379   1.3437
 1.56911 -2.76178  1.34413
 1.56954 -2.75977  1.34413
 1.56997 -2.75776  1.34456
 1.57041 -2.75575    1.345
 1.57084 -2.75374  1.34543
 1.57127 -2.75174  1.34543
 1.57171 -2.74974  1.34587
 1.57214 -2.74774   1.3463
 1.57257 -2.74574  1.34673
 1.57301 -2.74374  1.34717
 1.57344 -2.74174  1.34717
 1.57387 -2.73975   1.3476
 1.57431 -2.73776  1.34803
 1.57474 -2.73577  1.34847
 1.57518 -2.73378  1.34847
 1.57561  -2.7318   1.3489
 1.57604 -2.72981  1.34933
 1.57648 -2.72783  1.34977
 1.57691 -2.72585  1.34977
 1.57734 -2.72387   1.3502
 1.57778  -2.7219  1.35063
 1.57821 -2.71992  1.35107
 1.57864 -2.71795  1.35107
 1.57908 -2.71598   1.3515
 1.57951 -2.71401  1.35193
 1.57994 -2.71204  1.35237
 1.58038 -2.71008  1.35237
 1.58081 -2.70812   1.3528
 1.58124 -2.70615  1.35323
 1.58168 -2.70419  1.35367
 1.58211 -2.70224   1.3541
 1.58254 -2.70028   1.3541
 1.58298 -2.69833  1.35453
 1.58341 -2.69637  1.35497
 1.58384 -2.69442   1.3554
 1.58428 -2.69248   1.3554
 1.58471 -2.69053  1.35584
 1.58515 -2.68858  1.35627
 1.58558 -2.68664   1.3567
 1.58601  -2.6847   1.3567
 1.58645 -2.68276  1.35714
 1.58688 -2.68082  1.35757
 1.58731 -2.67889    1.358
 1.58775 -2.67695    1.358
 1.58818 -2.67502  1.35844
 1.58861 -2.67309  1.35887
 1.58905 -2.67116   1.3593
 1.58948 -2.66924   1.3593
 1.58991 -2.66731  1.35974
 1.59035 -2.66539  1.36017
 1.59078 -2.66347   1.3606
 1.59121 -2.66155   1.3606
 1.59165 -2.65963  1.36104
 1.59208 -2.65771  1.36147
 1.59251  -2.6558   1.3619
 1.59295 -2.65389  1.36234
 1.59338 -2.65198  1.36234
 1.59381 -2.65007  1.36277
 1.59425 -2.64816   1.3632
 1.59468 -2.64626  1.36364
 1.59512 -2.64435  1.36364
 1.59555 -2.64245  1.36407
 1.59598 -2.64055   1.3645
 1.59642 -2.63865  1.36494
 1.59685 -2.63676  1.36494
 1.59728 -2.63486  1.36537
 1.59772 -2.63297  1.36581
 1.59815 -2.63108  1.36624
 1.59858 -2.62919  1.36624
 1.59902  -2.6273  1.36667
 1.59945 -2.62542  1.36711
 1.59988 -2.62353  1.36754
 1.60032 -2.62165  1.36754
 1.60075 -2.61977  1.36797
 1.60118 -2.61789  1.36841
 1.60162 -2.61601  1.36884
 1.60205 -2.61414  1.36927
 1.60248 -2.61227  1.36927
 1.60292 -2.61039  1.36971
 1.60335 -2.60852  1.37014
 1.60378 -2.60666  1.37057
 1.60422 -2.60479  1.37057
 1.60465 -2.60293  1.37101
 1.60509 -2.60106  1.37144
 1.60552  -2.5992  1.37187
 1.60595 -2.59734  1.37187
 1.60639 -2.59548  1.37231
 1.60682 -2.59363  1.37274
 1.60725 -2.59177  1.37317
 1.60769 -2.58992  1.37317
 1.60812 -2.58807  1.37361
 1.60855 -2.58622  1.37404
 1.60899 -2.58437  1.37447
 1.60942 -2.58253  1.37447
 1.60985 -2.58068  1.37491
 1.61029 -2.57884  1.37534
 1.61072   -2.577  1.37578
 1.61115 -2.57516  1.37621
 1.61159 -2.57333  1.37621
 1.61202 -2.57149  1.37664
 1.61245 -2.56966  1.37708
 1.61289 -2.56783  1.37751
 1.61332 -2.56599  1.37751
 1.61375 -2.56417  1.37794
 1.61419 -2.56234  1.37838
 1.61462 -2.56051  1.37881
 1.61506 -2.55869  1.37881
 1.61549 -2.55687  1.37924
 1.61592 -2.55505  1.37968
 1.61636 -2.55323  1.38011
 1.61679 -2.55141  1.38011
 1.61722  -2.5496  1.38054
 1.61766 -2.54778  1.38098
 1.61809 -2.54597  1.38141
 1.61852 -2.54416  1.38141
 1.61896 -2.54235  1.38184
 1.61939 -2.54055  1.38228
 1.61982 -2.53874  1.38271
 1.62026 -2.53694  1.38271
 1.62069 -2.53514  1.38314
 1.62112 -2.53334  1.38358
 1.62156 -2.53154  1.38401
 1.62199 -2.52974  1.38444
 1.62242 -2.52795  1.38444
 1.62286 -2.52615  1.38488
 1.62329 -2.52436  1.38531
 1.62372 -2.52257  1.38575
 1.62416 -2.52078  1.38575
 1.62459   -2.519  1.38618
 1.62503 -2.51721  1.38661
 1.62546 -2.51543  1.38705
 1.62589 -2.51365  1.38705
 1.62633 -2.51186  1.38748
 1.62676 -2.51009  1.38791
 1.62719 -2.50831  1.38835
 1.62763 -2.50653  1.38835
 1.62806 -2.50476  1.38878
 1.62849 -2.50299  1.38921
 1.62893 -2.50122  1.38965
 1.62936 -2.49945  1.38965
 1.62979 -2.49768  1.39008
 1.63023 -2.49592  1.39051
 1.63066 -2.49415  1.39095
 1.63109 -2.49239  1.39138
 1.63153 -2.49063  1.39138
 1.63196 -2.48887  1.39181
 1.63239 -2.48711  1.39225
 1.63283 -2.48536  1.39268
 1.63326  -2.4836  1.39268
 1.63369 -2.48185  1.39311
 1.63413  -2.4801  1.39355
 1.63456 -2.47835  1.39398
 1.63499  -2.4766  1.39398
 1.63543 -2.47485  1.39441
 1.63586 -2.47311  1.39485
  1.6363 -2.47137  1.39528
 1.63673 -2.46963  1.39528
 1.63716 -2.46789  1.39572
  1.6376 -2.46615  1.39615
 1.63803 -2.46441  1.39658
 1.63846 -2.46268  1.39658
  1.6389 -2.46094  1.39702
 1.63933 -2.45921  1.39745
 1.63976 -2.45748  1.39788
  1.6402 -2.45575  1.39832
 1.64063 -2.45402  1.39832
 1.64106  -2.4523  1.39875
  1.6415 -2.45057  1.39918
 1.64193 -2.44885  1.39962
 1.64236 -2.44713  1.39962
  1.6428 -2.44541  1.40005
 1.64323 -2.44369  1.40048
 1.64366 -2.44198  1.40092
  1.6441 -2.44026  1.40092
 1.64453 -2.43855  1.40135
 1.64496 -2.43684  1.40178
  1.6454 -2.43513  1.40222
 1.64583 -2.43342  1.40222
 1.64627 -2.43171  1.40265
  1.6467 -2.43001  1.40308
 1.64713  -2.4283  1.40352
 1.64757  -2.4266  1.40352
   1.648  -2.4249  1.40395
 1.64843  -2.4232  1.40438
 1.64887 -2.42151  1.40482
  1.6493 -2.41981  1.40482
 1.64973 -2.41812  1.40525
 1.65017 -2.41642  1.40569
  1.6506 -2.41473  1.40612
 1.65103 -2.41304  1.40655
 1.65147 -2.41135  1.40655
  1.6519 -2.40967  1.40699
 1.65233 -2.40798  1.40742
 1.65277  -2.4063  1.40785
  1.6532 -2.40462  1.40785
 1.65363 -2.40293  1.40829
 1.65407 -2.40126  1.40872
  1.6545 -2.39958  1.40915
 1.65493  -2.3979  1.40915
 1.65537 -2.39623  1.40959
  1.6558 -2.39455  1.41002
 1.65624 -2.39288  1.41045
 1.65667 -2.39121  1.41045
  1.6571 -2.38954  1.41089
 1.65754 -2.38788  1.41132
 1.65797 -2.38621  1.41175
  1.6584 -2.38455  1.41175
 1.65884 -2.38289  1.41219
 1.65927 -2.38123  1.41262
  1.6597 -2.37957  1.41305
 1.66014 -2.37791  1.41305
 1.66057 -2.37625  1.41349
   1.661  -2.3746  1.41392
 1.66144 -2.37294  1.41435
 1.66187 -2.37129  1.41479
  1.6623 -2.36964  1.41479
 1.66274 -2.36799  1.41522
 1.66317 -2.36634  1.41566
  1.6636  -2.3647  1.41609
 1.66404 -2.36305  1.41609
 1.66447 -2.36141  1.41652
  1.6649 -2.35977  1.41696
 1.66534 -2.35813  1.41739
 1.66577 -2.35649  1.41739
 1.66621 -2.35485  1.41782
 1.66664 -2.35322  1.41826
 1.66707 -2.35159  1.41869
 1.66751 -2.34995  1.41869
 1.66794 -2.34832  1.41912
 1.66837 -2.34669  1.41956
 1.66881 -2.34506  1.41999
 1.66924 -2.34344  1.41999
 1.66967 -2.34181  1.42042
 1.67011 -2.34019  1.42086
 1.67054 -2.33857  1.42129
 1.67097 -2.33695  1.42172
 1.67141 -2.33533  1.42172
 1.67184 -2.33371  1.42216
 1.67227 -2.33209  1.42259
 1.67271 -2.33048  1.42302
 1.67314 -2.32886  1.42302
 1.67357 -2.32725  1.42346
 1.67401 -2.32564  1.42389
 1.67444 -2.32403  1.42432
 1.67487 -2.32242  1.42432
 1.67531 -2.32082  1.42476
 1.67574 -2.31921  1.42519
 1.67618 -2.31761  1.42563
 1.67661 -2.31601  1.42563
 1.67704  -2.3144  1.42606
 1.67748 -2.31281  1.42649
 1.67791 -2.31121  1.42693
 1.67834 -2.30961  1.42693
 1.67878 -2.30802  1.42736
 1.67921 -2.30642  1.42779
 1.67964 -2.30483  1.42823
 1.68008 -2.30324  1.42866
 1.68051 -2.30165  1.42866
 1.68094 -2.30006  1.42909
 1.68138 -2.29848  1.42953
 1.68181 -2.29689  1.42996
 1.68224 -2.29531  1.42996
 1.68268 -2.29373  1.43039
 1.68311 -2.29215  1.43083
 1.68354 -2.29057  1.43126
 1.68398 -2.28899  1.43126
 1.68441 -2.28741  1.43169
 1.68484 -2.28584  1.43213
 1.68528 -2.28427  1.43256
 1.68571 -2.28269  1.43256
 1.68615 -2.28112  1.43299
 1.68658 -2.27955  1.43343
 1.68701 -2.27799  1.43386
 1.68745 -2.27642  1.43386
 1.68788 -2.27485  1.43429
 1.68831 -2.27329  1.43473
 1.68875 -2.27173  1.43516
 1.68918 -2.27017  1.43516
 1.68961 -2.26861   1.4356
 1.69005 -2.26705  1.43603
 1.69048 -2.26549  1.43646
 1.69091 -2.26394   1.4369
 1.69135 -2.26238   1.4369
 1.69178 -2.26083  1.43733
 1.69221 -2.25928  1.43776
 1.69265 -2.25773   1.4382
 1.69308 -2.25618   1.4382
 1.69351 -2.25463  1.43863
 1.69395 -2.25309  1.43906
 1.69438 -2.25154   1.4395
 1.69481    -2.25   1.4395
 1.69525 -2.24846  1.43993
 1.69568 -2.24692  1.44036
 1.69612 -2.24538   1.4408
 1.69655 -2.24384   1.4408
 1.69698 -2.24231  1.44123
 1.69742 -2.24077  1.44166
 1.69785 -2.23924   1.4421
 1.69828 -2.23771   1.4421
 1.69872 -2.23617  1.44253
 1.69915 -2.23465  1.44296
 1.69958 -2.23312   1.4434
 1.70002 -2.23159   1.4434
 1.70045 -2.23007  1.44383
 1.70088 -2.22854  1.44426
 1.70132 -2.22702   1.4447
 1.70175  -2.2255  1.44513
 1.70218 -2.22398  1.44513
 1.70262 -2.22246  1.44557
 1.70305 -2.22094    1.446
 1.70348 -2.21943  1.44643
 1.70392 -2.21791  1.44643
 1.70435  -2.2164  1.44687
 1.70478 -2.21489   1.4473
 1.70522 -2.21338  1.44773
 1.70565 -2.21187  1.44773
 1.70609 -2.21036  1.44817
 1.70652 -2.20885   1.4486
 1.70695 -2.20735  1.44903
 1.70739 -2.20585  1.44903
 1.70782 -2.20434  1.44947
 1.70825 -2.20284   1.4499
 1.70869 -2.20134  1.45033
 1.70912 -2.19984  1.45033
 1.70955 -2.19835  1.45077
 1.70999 -2.19685   1.4512
 1.71042 -2.19536  1.45163
 1.71085 -2.19386  1.45163
 1.71129 -2.19237  1.45207
 1.71172 -2.19088   1.4525
 1.71215 -2.18939  1.45293
 1.71259  -2.1879  1.45293
 1.71302 -2.18642  1.45337
 1.71345 -2.18493   1.4538
 1.71389 -2.18345  1.45423
 1.71432 -2.18197  1.45467
 1.71475 -2.18048  1.45467
 1.71519   -2.179   1.4551
 1.71562 -2.17752  1.45554
 1.71606 -2.17605  1.45597
 1.71649 -2.17457  1.45597
 1.71692  -2.1731   1.4564
 1.71736 -2.17162  1.45684
 1.71779 -2.17015  1.45727
 1.71822 -2.16868  1.45727
 1.71866 -2.16721   1.4577
 1.71909 -2.16574  1.45814
 1.71952 -2.16427  1.45857
 1.71996 -2.16281  1.45857
 1.72039 -2.16134    1.459
 1.72082 -2.15988  1.45944
 1.72126 -2.15842  1.45987
 1.72169 -2.15696  1.45987
 1.72212  -2.1555   1.4603
 1.72256 -2.15404  1.46074
 1.72299 -2.15258  1.46117
 1.72342 -2.15113  1.46117
 1.72386 -2.14967   1.4616
 1.72429 -2.14822  1.46204
 1.72472 -2.14677  1.46247
 1.72516 -2.14532  1.46247
 1.72559 -2.14387   1.4629
 1.72603 -2.14242  1.46334
 1.72646 -2.14098  1.46377
 1.72689 -2.13953   1.4642
 1.72733 -2.13809   1.4642
 1.72776 -2.13664  1.46464
 1.72819  -2.1352  1.46507
 1.72863 -2.13376  1.46551
 1.72906 -2.13232  1.46551
 1.72949 -2.13089  1.46594
 1.72993 -2.12945  1.46637
 1.73036 -2.12801  1.46681
 1.73079 -2.12658  1.46681
 1.73123 -2.12515  1.46724
 1.73166 -2.12372  1.46767
 1.73209 -2.12229  1.46811
 1.73253 -2.12086  1.46811
 1.73296 -2.11943  1.46854
 1.73339   -2.118  1.46897
 1.73383 -2.11658  1.46941
 1.73426 -2.11515  1.46941
 1.73469 -2.11373  1.46984
 1.73513 -2.11231  1.47027
 1.73556 -2.11089  1.47071
   1.736 -2.10947  1.47114
 1.73643 -2.10805  1.47114
 1.73686 -2.10663  1.47157
  1.7373 -2.10522  1.47201
 1.73773 -2.10381  1.47244
 1.73816 -2.10239  1.47244
  1.7386 -2.10098  1.47287
 1.73903 -2.09957  1.47331
 1.73946 -2.09816  1.47374
  1.7399 -2.09675  1.47374
 1.74033 -2.09535  1.47417
 1.74076 -2.09394  1.47461
  1.7412 -2.09254  1.47504
 1.74163 -2.09113  1.47504
 1.74206 -2.08973  1.47548
  1.7425 -2.08833  1.47591
 1.74293 -2.08693  1.47634
 1.74336 -2.08553  1.47634
  1.7438 -2.08414  1.47678
 1.74423 -2.08274  1.47721
 1.74466 -2.08135  1.47764
  1.7451 -2.07995  1.47764
 1.74553 -2.07856  1.47808
 1.74597 -2.07717  1.47851
  1.7464 -2.07578  1.47894
 1.74683 -2.07439  1.47938
 1.74727   -2.073  1.47938
  1.7477 -2.07162  1.47981
 1.74813 -2.07023  1.48024
 1.74857 -2.06885  1.48068
   1.749 -2.06747  1.48068
 1.74943 -2.06609  1.48111
 1.74987 -2.06471  1.48154
  1.7503 -2.06333  1.48198
 1.75073 -2.06195  1.48198
 1.75117 -2.06057  1.48241
  1.7516  -2.0592  1.48284
 1.75203 -2.05782  1.48328
 1.75247 -2.05645  1.48328
  1.7529 -2.05508  1.48371
 1.75333 -2.05371  1.48414
 1.75377 -2.05234  1.48458
  1.7542 -2.05097  1.48458
 1.75463  -2.0496  1.48501
 1.75507 -2.04824  1.48545
  1.7555 -2.04687  1.48588
 1.75594 -2.04551  1.48588
 1.75637 -2.04415  1.48631
  1.7568 -2.04279  1.48675
 1.75724 -2.04143  1.48718
 1.75767 -2.04007  1.48718
  1.7581 -2.03871  1.48761
 1.75854 -2.03735  1.48805
 1.75897   -2.036  1.48848
  1.7594 -2.03465  1.48891
 1.75984 -2.03329  1.48891
 1.76027 -2.03194  1.48935
  1.7607 -2.03059  1.48978
 1.76114 -2.02924  1.49021
 1.76157 -2.02789  1.49021
   1.762 -2.02655  1.49065
 1.76244  -2.0252  1.49108
 1.76287 -2.02385  1.49151
  1.7633 -2.02251  1.49151
 1.76374 -2.02117  1.49195
 1.76417 -2.01983  1.49238
  1.7646 -2.01849  1.49281
 1.76504 -2.01715  1.49281
 1.76547 -2.01581  1.49325
 1.76591 -2.01447  1.49368
 1.76634 -2.01314  1.49411
 1.76677  -2.0118  1.49411
 1.76721 -2.01047  1.49455
 1.76764 -2.00914  1.49498
 1.76807 -2.00781  1.49542
 1.76851 -2.00648  1.49542
 1.76894 -2.00515  1.49585
 1.76937 -2.00382  1.49628
 1.76981  -2.0025  1.49672
 1.77024 -2.00117  1.49715
 1.77067 -1.99985  1.49715
 1.77111 -1.99852  1.49758
 1.77154  -1.9972  1.49802
 1.77197 -1.99588  1.49845
 1.77241 -1.99456  1.49845
 1.77284 -1.99324  1.49888
 1.77327 -1.99193  1.49932
 1.77371 -1.99061  1.49975
 1.77414 -1.98929  1.49975
 1.77457 -1.98798  1.50018
 1.77501 -1.98667  1.50062
 1.77544 -1.98536  1.50105
 1.77588 -1.98405  1.50105
 1.77631 -1.98274  1.50148
 1.77674 -1.98143  1.50192
 1.77718 -1.98012  1.50235
 1.77761 -1.97881  1.50235
 1.77804 -1.97751  1.50278
 1.77848 -1.97621  1.50322
 1.77891  -1.9749  1.50365
 1.77934  -1.9736  1.50365
 1.77978  -1.9723  1.50408
 1.78021   -1.971  1.50452
 1.78064  -1.9697  1.50495
 1.78108 -1.96841  1.50495
 1.78151 -1.96711  1.50539
 1.78194 -1.96581  1.50582
 1.78238 -1.96452  1.50625
 1.78281 -1.96323  1.50669
 1.78324 -1.96194  1.50669
 1.78368 -1.96065  1.50712
 1.78411 -1.95936  1.50755
 1.78454 -1.95807  1.50799
 1.78498 -1.95678  1.50799
 1.78541  -1.9555  1.50842
 1.78585 -1.95421  1.50885
 1.78628 -1.95293  1.50929
 1.78671 -1.95164  1.50929
 1.78715 -1.95036  1.50972
 1.78758 -1.94908  1.51015
 1.78801  -1.9478  1.51059
 1.78845 -1.94652  1.51059
 1.78888 -1.94525  1.51102
 1.78931 -1.94397  1.51145
 1.78975 -1.94269  1.51189
 1.79018 -1.94142  1.51189
 1.79061 -1.94015  1.51232
 1.79105 -1.93887  1.51275
 1.79148  -1.9376  1.51319
 1.79191 -1.93633  1.51319
 1.79235 -1.93507  1.51362
 1.79278  -1.9338  1.51405
 1.79321 -1.93253  1.51449
 1.79365 -1.93127  1.51492
 1.79408    -1.93  1.51492
 1.79451 -1.92874  1.51536
 1.79495 -1.92748  1.51579
 1.79538 -1.92621  1.51622
 1.79582 -1.92495  1.51622
 1.79625  -1.9237  1.51666
 1.79668 -1.92244  1.51709
 1.79712 -1.92118  1.51752
 1.79755 -1.91992  1.51752
 1.79798 -1.91867  1.51796
 1.79842 -1.91742  1.51839
 1.79885 -1.91616  1.51882
 1.79928 -1.91491  1.51882
 1.79972 -1.91366  1.51926
 1.80015 -1.91241  1.51969
 1.80058 -1.91116  1.52012
 1.80102 -1.90992  1.52012
 1.80145 -1.90867  1.52056
 1.80188 -1.90742  1.52099
 1.80232 -1.90618  1.52142
 1.80275 -1.90494  1.52142
 1.80318 -1.90369  1.52186
 1.80362 -1.90245  1.52229
 1.80405 -1.90121  1.52272
 1.80448 -1.89998  1.52272
 1.80492 -1.89874  1.52316
 1.80535  -1.8975  1.52359
 1.80579 -1.89626  1.52402
 1.80622 -1.89503  1.52446
 1.80665  -1.8938  1.52446
 1.80709 -1.89256  1.52489
 1.80752 -1.89133  1.52533
 1.80795  -1.8901  1.52576
 1.80839 -1.88887  1.52576
 1.80882 -1.88764  1.52619
 1.80925 -1.88641  1.52663
 1.80969 -1.88519  1.52706
 1.81012 -1.88396  1.52706
 1.81055 -1.88274  1.52749
 1.81099 -1.88151  1.52793
 1.81142 -1.88029  1.52836
 1.81185 -1.87907  1.52836
 1.81229 -1.87785  1.52879
 1.81272 -1.87663  1.52923
 1.81315 -1.87541  1.52966
 1.81359  -1.8742  1.52966
 1.81402 -1.87298  1.53009
 1.81445 -1.87176  1.53053
 1.81489 -1.87055  1.53096
 1.81532 -1.86934  1.53096
 1.81576 -1.86813  1.53139
 1.81619 -1.86691  1.53183
 1.81662  -1.8657  1.53226
 1.81706  -1.8645  1.53269
 1.81749 -1.86329  1.53269
 1.81792 -1.86208  1.53313
 1.81836 -1.86087  1.53356
 1.81879 -1.85967  1.53399
 1.81922 -1.85847  1.53399
 1.81966 -1.85726  1.53443
 1.82009 -1.85606  1.53486
 1.82052 -1.85486   1.5353
 1.82096 -1.85366   1.5353
 1.82139 -1.85246  1.53573
 1.82182 -1.85126  1.53616
 1.82226 -1.85007   1.5366
 1.82269 -1.84887   1.5366
 1.82312 -1.84767  1.53703
 1.82356 -1.84648  1.53746
 1.82399 -1.84529   1.5379
 1.82442  -1.8441   1.5379
 1.82486  -1.8429  1.53833
 1.82529 -1.84171  1.53876
 1.82573 -1.84053   1.5392
 1.82616 -1.83934   1.5392
 1.82659 -1.83815  1.53963
 1.82703 -1.83697  1.54006
 1.82746 -1.83578   1.5405
 1.82789  -1.8346   1.5405
 1.82833 -1.83341  1.54093
 1.82876 -1.83223  1.54136
 1.82919 -1.83105   1.5418
 1.82963 -1.82987  1.54223
 1.83006 -1.82869  1.54223
 1.83049 -1.82751  1.54266
 1.83093 -1.82634   1.5431
 1.83136 -1.82516  1.54353
 1.83179 -1.82398  1.54353
 1.83223 -1.82281  1.54396
 1.83266 -1.82164   1.5444
 1.83309 -1.82047  1.54483
 1.83353 -1.81929  1.54483
 1.83396 -1.81812  1.54527
 1.83439 -1.81695   1.5457
 1.83483 -1.81579  1.54613
 1.83526 -1.81462  1.54613
  1.8357 -1.81345  1.54657
 1.83613 -1.81229    1.547
 1.83656 -1.81112  1.54743
   1.837 -1.80996  1.54743
 1.83743  -1.8088  1.54787
 1.83786 -1.80764   1.5483
  1.8383 -1.80648  1.54873
 1.83873 -1.80532  1.54873
 1.83916 -1.80416  1.54917
  1.8396   -1.803   1.5496
 1.84003 -1.80184  1.55003
 1.84046 -1.80069  1.55003
  1.8409 -1.79953  1.55047
 1.84133 -1.79838   1.5509
 1.84176 -1.79723  1.55133
  1.8422 -1.79607  1.55177
 1.84263 -1.79492  1.55177
 1.84306 -1.79377   1.5522
  1.8435 -1.79262  1.55263
 1.84393 -1.79148  1.55307
 1.84436 -1.79033  1.55307
  1.8448 -1.78918   1.5535
 1.84523 -1.78804  1.55393
 1.84567 -1.78689  1.55437
  1.8461 -1.78575  1.55437
 1.84653 -1.78461   1.5548
 1.84697 -1.78347  1.55524
  1.8474 -1.78233  1.55567
 1.84783 -1.78119  1.55567
 1.84827 -1.78005   1.5561
  1.8487 -1.77891  1.55654
 1.84913 -1.77777  1.55697
 1.84957 -1.77664  1.55697
    1.85  -1.7755   1.5574