 kgrid  ValNew  Policy 
     0.55  -22.3013   0.57861
 0.550433  -22.2572  0.579043
 0.550867  -22.2133  0.579476
   0.5513  -22.1695  0.579476
 0.551734  -22.1258   0.57991
 0.552167  -22.0823  0.580343
 0.552601  -22.0388  0.580343
 0.553034  -21.9955  0.580777
 0.553468  -21.9523   0.58121
 0.553901  -21.9093   0.58121
 0.554335  -21.8663  0.581644
 0.554768  -21.8235  0.582077
 0.555202  -21.7808  0.582077
 0.555635  -21.7382  0.582511
 0.556069  -21.6957  0.582944
 0.556502  -21.6534  0.582944
 0.556936  -21.6112  0.583378
 0.557369  -21.5691  0.583811
 0.557803  -21.5271  0.583811
 0.558236  -21.4852  0.584245
  0.55867  -21.4435  0.584678
 0.559103  -21.4019  0.584678
 0.559537  -21.3603  0.585112
  0.55997  -21.3189  0.585545
 0.560403  -21.2776  0.585979
 0.560837  -21.2364  0.585979
  0.56127  -21.1954  0.586412
 0.561704  -21.1545  0.586846
 0.562137  -21.1136  0.586846
 0.562571  -21.0729  0.587279
 0.563004  -21.0323  0.587713
 0.563438  -20.9918  0.587713
 0.563871  -20.9514  0.588146
 0.564305  -20.9112   0.58858
 0.564738   -20.871   0.58858
 0.565172  -20.8309  0.589013
 0.565605   -20.791  0.589446
 0.566039  -20.7512  0.589446
 0.566472  -20.7115   0.58988
 0.566906  -20.6719  0.590313
 0.567339  -20.6324  0.590313
 0.567773   -20.593  0.590747
 0.568206  -20.5537   0.59118
  0.56864  -20.5145   0.59118
 0.569073  -20.4755  0.591614
 0.569507  -20.4365  0.592047
  0.56994  -20.3977  0.592047
 0.570373  -20.3589  0.592481
 0.570807  -20.3202  0.592914
  0.57124  -20.2817  0.593348
 0.571674  -20.2432  0.593348
 0.572107  -20.2049  0.593781
 0.572541  -20.1666  0.594215
 0.572974  -20.1284  0.594648
 0.573408  -20.0903  0.594648
 0.573841  -20.0524  0.595082
 0.574275  -20.0145  0.595515
 0.574708  -19.9767  0.595515
 0.575142   -19.939  0.595949
 0.575575  -19.9014  0.596382
 0.576009  -19.8639  0.596816
 0.576442  -19.8265  0.596816
 0.576876  -19.7891  0.597249
 0.577309  -19.7519  0.597683
 0.577743  -19.7148  0.597683
 0.578176  -19.6777  0.598116
  0.57861  -19.6408   0.59855
 0.579043  -19.6039  0.598983
 0.579476  -19.5672  0.598983
  0.57991  -19.5305  0.599416
 0.580343  -19.4939   0.59985
 0.580777  -19.4574  0.600283
  0.58121   -19.421  0.600283
 0.581644  -19.3847  0.600717
 0.582077  -19.3485   0.60115
 0.582511  -19.3123   0.60115
 0.582944  -19.2763  0.601584
 0.583378  -19.2403  0.602017
 0.583811  -19.2045  0.602451
 0.584245  -19.1687  0.602451
 0.584678   -19.133  0.602884
 0.585112  -19.0974  0.603318
 0.585545  -19.0619  0.603318
 0.585979  -19.0264  0.603751
 0.586412  -18.9911  0.604185
 0.586846  -18.9559  0.604618
 0.587279  -18.9207  0.604618
 0.587713  -18.8856  0.605052
 0.588146  -18.8506  0.605485
  0.58858  -18.8157  0.605485
 0.589013  -18.7809  0.605919
 0.589446  -18.7461  0.606352
  0.58988  -18.7115  0.606786
 0.590313  -18.6769  0.606786
 0.590747  -18.6424  0.607219
  0.59118  -18.6081  0.607653
 0.591614  -18.5738  0.608086
 0.592047  -18.5395  0.608086
 0.592481  -18.5054   0.60852
 0.592914  -18.4713  0.608953
 0.593348  -18.4373  0.608953
 0.593781  -18.4034  0.609386
 0.594215  -18.3696   0.60982
 0.594648  -18.3359  0.610253
 0.595082  -18.3022  0.610253
 0.595515  -18.2686  0.610687
 0.595949  -18.2352   0.61112
 0.596382  -18.2018   0.61112
 0.596816  -18.1684  0.611554
 0.597249  -18.1352  0.611987
 0.597683   -18.102  0.612421
 0.598116  -18.0689  0.612421
  0.59855  -18.0359  0.612854
 0.598983   -18.003  0.613288
 0.599416  -17.9702  0.613288
  0.59985  -17.9374  0.613721
 0.600283  -17.9047  0.614155
 0.600717  -17.8721  0.614588
  0.60115  -17.8396  0.614588
 0.601584  -17.8071  0.615022
 0.602017  -17.7747  0.615455
 0.602451  -17.7425  0.615889
 0.602884  -17.7102  0.615889
 0.603318  -17.6781  0.616322
 0.603751   -17.646  0.616756
 0.604185   -17.614  0.616756
 0.604618  -17.5821  0.617189
 0.605052  -17.5503  0.617623
 0.605485  -17.5185  0.618056
 0.605919  -17.4868  0.618056
 0.606352  -17.4552  0.618489
 0.606786  -17.4237  0.618923
 0.607219  -17.3923  0.618923
 0.607653  -17.3609  0.619356
 0.608086  -17.3296   0.61979
  0.60852  -17.2983  0.620223
 0.608953  -17.2672  0.620223
 0.609386  -17.2361  0.620657
  0.60982  -17.2051   0.62109
 0.610253  -17.1742   0.62109
 0.610687  -17.1433  0.621524
  0.61112  -17.1125  0.621957
 0.611554  -17.0818  0.622391
 0.611987  -17.0512  0.622391
 0.612421  -17.0206  0.622824
 0.612854  -16.9901  0.623258
 0.613288  -16.9597  0.623258
 0.613721  -16.9293  0.623691
 0.614155   -16.899  0.624125
 0.614588  -16.8688  0.624558
 0.615022  -16.8387  0.624558
 0.615455  -16.8086  0.624992
 0.615889  -16.7786  0.625425
 0.616322  -16.7487  0.625425
 0.616756  -16.7188  0.625859
 0.617189  -16.6891  0.626292
 0.617623  -16.6594  0.626726
 0.618056  -16.6297  0.626726
 0.618489  -16.6001  0.627159
 0.618923  -16.5706  0.627593
 0.619356  -16.5412  0.628026
  0.61979  -16.5118  0.628026
 0.620223  -16.4825  0.628459
 0.620657  -16.4533  0.628893
  0.62109  -16.4241  0.628893
 0.621524   -16.395  0.629326
 0.621957   -16.366   0.62976
 0.622391  -16.3371  0.630193
 0.622824  -16.3082  0.630193
 0.623258  -16.2793  0.630627
 0.623691  -16.2506   0.63106
 0.624125  -16.2219   0.63106
 0.624558  -16.1933  0.631494
 0.624992  -16.1647  0.631927
 0.625425  -16.1363  0.632361
 0.625859  -16.1078  0.632361
 0.626292  -16.0795  0.632794
 0.626726  -16.0512  0.633228
 0.627159   -16.023  0.633228
 0.627593  -15.9948  0.633661
 0.628026  -15.9667  0.634095
 0.628459  -15.9387  0.634528
 0.628893  -15.9107  0.634528
 0.629326  -15.8828  0.634962
  0.62976   -15.855  0.635395
 0.630193  -15.8273  0.635395
 0.630627  -15.7995  0.635829
  0.63106  -15.7719  0.636262
 0.631494  -15.7443  0.636696
 0.631927  -15.7168  0.636696
 0.632361  -15.6894  0.637129
 0.632794   -15.662  0.637563
 0.633228  -15.6347  0.637563
 0.633661  -15.6074  0.637996
 0.634095  -15.5802  0.638429
 0.634528  -15.5531  0.638863
 0.634962   -15.526  0.638863
 0.635395   -15.499  0.639296
 0.635829   -15.472   0.63973
 0.636262  -15.4452   0.63973
 0.636696  -15.4183  0.640163
 0.637129  -15.3916  0.640597
 0.637563  -15.3649   0.64103
 0.637996  -15.3382   0.64103
 0.638429  -15.3116  0.641464
 0.638863  -15.2851  0.641897
 0.639296  -15.2587  0.641897
  0.63973  -15.2323  0.642331
 0.640163  -15.2059  0.642764
 0.640597  -15.1797  0.643198
  0.64103  -15.1535  0.643198
 0.641464  -15.1273  0.643631
 0.641897  -15.1012  0.644065
 0.642331  -15.0752  0.644065
 0.642764  -15.0492  0.644498
 0.643198  -15.0233  0.644932
 0.643631  -14.9974  0.645365
 0.644065  -14.9716  0.645365
 0.644498  -14.9458  0.645799
 0.644932  -14.9202  0.646232
 0.645365  -14.8946  0.646232
 0.645799   -14.869  0.646666
 0.646232  -14.8435  0.647099
 0.646666   -14.818  0.647533
 0.647099  -14.7926  0.647533
 0.647533  -14.7673  0.647966
 0.647966   -14.742  0.648399
 0.648399  -14.7168  0.648399
 0.648833  -14.6916  0.648833
 0.649266  -14.6665  0.649266
   0.6497  -14.6414    0.6497
 0.650133  -14.6165    0.6497
 0.650567  -14.5915  0.650133
    0.651  -14.5666  0.650567
 0.651434  -14.5418     0.651
 0.651867   -14.517     0.651
 0.652301  -14.4923  0.651434
 0.652734  -14.4676  0.651867
 0.653168   -14.443  0.651867
 0.653601  -14.4185  0.652301
 0.654035   -14.394  0.652734
 0.654468  -14.3696  0.652734
 0.654902  -14.3452  0.653168
 0.655335  -14.3208  0.653601
 0.655769  -14.2965  0.654035
 0.656202  -14.2723  0.654035
 0.656636  -14.2481  0.654468
 0.657069   -14.224  0.654902
 0.657503     -14.2  0.654902
 0.657936   -14.176  0.655335
 0.658369   -14.152  0.655769
 0.658803  -14.1281  0.656202
 0.659236  -14.1043  0.656202
  0.65967  -14.0805  0.656636
 0.660103  -14.0567  0.657069
 0.660537  -14.0331  0.657503
  0.66097  -14.0094  0.657503
 0.661404  -13.9858  0.657936
 0.661837  -13.9623  0.658369
 0.662271  -13.9388  0.658369
 0.662704  -13.9154  0.658803
 0.663138   -13.892  0.659236
 0.663571  -13.8687  0.659236
 0.664005  -13.8454   0.65967
 0.664438  -13.8222  0.660103
 0.664872   -13.799  0.660537
 0.665305  -13.7759  0.660537
 0.665739  -13.7528   0.66097
 0.666172  -13.7298  0.661404
 0.666606  -13.7069  0.661404
 0.667039  -13.6839  0.661837
 0.667472  -13.6611  0.662271
 0.667906  -13.6383  0.662704
 0.668339  -13.6155  0.662704
 0.668773  -13.5928  0.663138
 0.669206  -13.5701  0.663571
  0.66964  -13.5475  0.664005
 0.670073  -13.5249  0.664005
 0.670507  -13.5024  0.664438
  0.67094    -13.48  0.664872
 0.671374  -13.4576  0.664872
 0.671807  -13.4352  0.665305
 0.672241  -13.4129  0.665739
 0.672674  -13.3906  0.665739
 0.673108  -13.3684  0.666172
 0.673541  -13.3462  0.666606
 0.673975  -13.3241  0.667039
 0.674408   -13.302  0.667039
 0.674842    -13.28  0.667472
 0.675275   -13.258  0.667906
 0.675709  -13.2361  0.668339
 0.676142  -13.2142  0.668339
 0.676576  -13.1924  0.668773
 0.677009  -13.1706  0.669206
 0.677442  -13.1488  0.669206
 0.677876  -13.1271   0.66964
 0.678309  -13.1055  0.670073
 0.678743  -13.0839  0.670073
 0.679176  -13.0623  0.670507
  0.67961  -13.0408   0.67094
 0.680043  -13.0194  0.671374
 0.680477   -12.998  0.671374
  0.68091  -12.9766  0.671807
 0.681344  -12.9553  0.672241
 0.681777   -12.934  0.672241
 0.682211  -12.9128  0.672674
 0.682644  -12.8916  0.673108
 0.683078  -12.8705  0.673541
 0.683511  -12.8494  0.673541
 0.683945  -12.8283  0.673975
 0.684378  -12.8073  0.674408
 0.684812  -12.7864  0.674408
 0.685245  -12.7655  0.674842
 0.685679  -12.7446  0.675275
 0.686112  -12.7238  0.675709
 0.686546   -12.703  0.675709
 0.686979  -12.6823  0.676142
 0.687412  -12.6616  0.676576
 0.687846   -12.641  0.676576
 0.688279  -12.6204  0.677009
 0.688713  -12.5998  0.677442
 0.689146  -12.5793  0.677876
  0.68958  -12.5588  0.677876
 0.690013  -12.5384  0.678309
 0.690447   -12.518  0.678743
  0.69088  -12.4977  0.678743
 0.691314  -12.4774  0.679176
 0.691747  -12.4572   0.67961
 0.692181   -12.437  0.680043
 0.692614  -12.4168  0.680043
 0.693048  -12.3967  0.680477
 0.693481  -12.3766   0.68091
 0.693915  -12.3566   0.68091
 0.694348  -12.3366  0.681344
 0.694782  -12.3166  0.681777
 0.695215  -12.2968  0.681777
 0.695649  -12.2769  0.682211
 0.696082  -12.2571  0.682644
 0.696516  -12.2373  0.683078
 0.696949  -12.2176  0.683078
 0.697382  -12.1979  0.683511
 0.697816  -12.1782  0.683945
 0.698249  -12.1586  0.683945
 0.698683   -12.139  0.684378
 0.699116  -12.1195  0.684812
  0.69955     -12.1  0.685245
 0.699983  -12.0806  0.685245
 0.700417  -12.0612  0.685679
  0.70085  -12.0418  0.686112
 0.701284  -12.0225  0.686112
 0.701717  -12.0032  0.686546
 0.702151   -11.984  0.686979
 0.702584  -11.9648  0.687412
 0.703018  -11.9456  0.687412
 0.703451  -11.9265  0.687846
 0.703885  -11.9074  0.688279
 0.704318  -11.8884  0.688279
 0.704752  -11.8694  0.688713
 0.705185  -11.8504  0.689146
 0.705619  -11.8315   0.68958
 0.706052  -11.8126   0.68958
 0.706485  -11.7938  0.690013
 0.706919   -11.775  0.690447
 0.707352  -11.7562  0.690447
 0.707786  -11.7375   0.69088
 0.708219  -11.7188  0.691314
 0.708653  -11.7002  0.691747
 0.709086  -11.6816  0.691747
  0.70952   -11.663  0.692181
 0.709953  -11.6445  0.692614
 0.710387   -11.626  0.692614
  0.71082  -11.6076  0.693048
 0.711254  -11.5892  0.693481
 0.711687  -11.5708  0.693481
 0.712121  -11.5525  0.693915
 0.712554  -11.5342  0.694348
 0.712988  -11.5159  0.694782
 0.713421  -11.4977  0.694782
 0.713855  -11.4795  0.695215
 0.714288  -11.4614  0.695649
 0.714722  -11.4433  0.695649
 0.715155  -11.4252  0.696082
 0.715589  -11.4072  0.696516
 0.716022  -11.3892  0.696949
 0.716455  -11.3712  0.696949
 0.716889  -11.3533  0.697382
 0.717322  -11.3354  0.697816
 0.717756  -11.3176  0.697816
 0.718189  -11.2998  0.698249
 0.718623   -11.282  0.698683
 0.719056  -11.2643  0.699116
  0.71949  -11.2466  0.699116
 0.719923  -11.2289   0.69955
 0.720357  -11.2113  0.699983
  0.72079  -11.1937  0.699983
 0.721224  -11.1761  0.700417
 0.721657  -11.1586   0.70085
 0.722091  -11.1412  0.701284
 0.722524  -11.1237  0.701284
 0.722958  -11.1063  0.701717
 0.723391  -11.0889  0.702151
 0.723825  -11.0716  0.702151
 0.724258  -11.0543  0.702584
 0.724692   -11.037  0.703018
 0.725125  -11.0198  0.703451
 0.725559  -11.0026  0.703451
 0.725992  -10.9854  0.703885
 0.726425  -10.9683  0.704318
 0.726859  -10.9512  0.704318
 0.727292  -10.9342  0.704752
 0.727726  -10.9172  0.705185
 0.728159  -10.9002  0.705185
 0.728593  -10.8832  0.705619
 0.729026  -10.8663  0.706052
  0.72946  -10.8494  0.706485
 0.729893  -10.8326  0.706485
 0.730327  -10.8158  0.706919
  0.73076   -10.799  0.707352
 0.731194  -10.7823  0.707352
 0.731627  -10.7656  0.707786
 0.732061  -10.7489  0.708219
 0.732494  -10.7322  0.708653
 0.732928  -10.7156  0.708653
 0.733361  -10.6991  0.709086
 0.733795  -10.6825   0.70952
 0.734228   -10.666   0.70952
 0.734662  -10.6495  0.709953
 0.735095  -10.6331  0.710387
 0.735529  -10.6167   0.71082
 0.735962  -10.6003   0.71082
 0.736395   -10.584  0.711254
 0.736829  -10.5677  0.711687
 0.737262  -10.5514  0.711687
 0.737696  -10.5352  0.712121
 0.738129   -10.519  0.712554
 0.738563  -10.5028  0.712554
 0.738996  -10.4867  0.712988
  0.73943  -10.4705  0.713421
 0.739863  -10.4545  0.713855
 0.740297  -10.4384  0.713855
  0.74073  -10.4224  0.714288
 0.741164  -10.4064  0.714722
 0.741597  -10.3905  0.714722
 0.742031  -10.3746  0.715155
 0.742464  -10.3587  0.715589
 0.742898  -10.3428  0.716022
 0.743331   -10.327  0.716022
 0.743765  -10.3112  0.716455
 0.744198  -10.2955  0.716889
 0.744632  -10.2798  0.716889
 0.745065  -10.2641  0.717322
 0.745498  -10.2484  0.717756
 0.745932  -10.2328  0.718189
 0.746365  -10.2172  0.718189
 0.746799  -10.2016  0.718623
 0.747232  -10.1861  0.719056
 0.747666  -10.1706  0.719056
 0.748099  -10.1551   0.71949
 0.748533  -10.1396  0.719923
 0.748966  -10.1242  0.719923
   0.7494  -10.1088  0.720357
 0.749833  -10.0935   0.72079
 0.750267  -10.0782  0.721224
   0.7507  -10.0629  0.721224
 0.751134  -10.0476  0.721657
 0.751567  -10.0324  0.722091
 0.752001  -10.0172  0.722091
 0.752434   -10.002  0.722524
 0.752868  -9.98689  0.722958
 0.753301  -9.97179  0.723391
 0.753735  -9.95671  0.723391
 0.754168  -9.94166  0.723825
 0.754602  -9.92665  0.724258
 0.755035  -9.91166  0.724258
 0.755468  -9.89669  0.724692
 0.755902  -9.88177  0.725125
 0.756335  -9.86688  0.725559
 0.756769    -9.852  0.725559
 0.757202  -9.83715  0.725992
 0.757636  -9.82235  0.726425
 0.758069  -9.80757  0.726425
 0.758503  -9.79281  0.726859
 0.758936  -9.77809  0.727292
  0.75937   -9.7634  0.727292
 0.759803  -9.74873  0.727726
 0.760237  -9.73409  0.728159
  0.76067  -9.71949  0.728593
 0.761104   -9.7049  0.728593
 0.761537  -9.69035  0.729026
 0.761971  -9.67583   0.72946
 0.762404  -9.66134   0.72946
 0.762838  -9.64687  0.729893
 0.763271  -9.63243  0.730327
 0.763705  -9.61803   0.73076
 0.764138  -9.60365   0.73076
 0.764572  -9.58929  0.731194
 0.765005  -9.57497  0.731627
 0.765438  -9.56068  0.731627
 0.765872  -9.54641  0.732061
 0.766305  -9.53217  0.732494
 0.766739  -9.51796  0.732494
 0.767172  -9.50377  0.732928
 0.767606  -9.48962  0.733361
 0.768039   -9.4755  0.733795
 0.768473  -9.46139  0.733795
 0.768906  -9.44731  0.734228
  0.76934  -9.43327  0.734662
 0.769773  -9.41926  0.734662
 0.770207  -9.40526  0.735095
  0.77064   -9.3913  0.735529
 0.771074  -9.37737  0.735962
 0.771507  -9.36345  0.735962
 0.771941  -9.34957  0.736395
 0.772374  -9.33572  0.736829
 0.772808  -9.32189  0.736829
 0.773241  -9.30808  0.737262
 0.773675  -9.29431  0.737696
 0.774108  -9.28057  0.737696
 0.774542  -9.26684  0.738129
 0.774975  -9.25314  0.738563
 0.775408  -9.23948  0.738996
 0.775842  -9.22584  0.738996
 0.776275  -9.21222   0.73943
 0.776709  -9.19863  0.739863
 0.777142  -9.18507  0.739863
 0.777576  -9.17153  0.740297
 0.778009  -9.15802   0.74073
 0.778443  -9.14454  0.741164
 0.778876  -9.13108  0.741164
  0.77931  -9.11764  0.741597
 0.779743  -9.10424  0.742031
 0.780177  -9.09086  0.742031
  0.78061   -9.0775  0.742464
 0.781044  -9.06417  0.742898
 0.781477  -9.05088  0.742898
 0.781911  -9.03759  0.743331
 0.782344  -9.02434  0.743765
 0.782778  -9.01112  0.744198
 0.783211  -8.99791  0.744198
 0.783645  -8.98474  0.744632
 0.784078  -8.97159  0.745065
 0.784512  -8.95847  0.745065
 0.784945  -8.94536  0.745498
 0.785378  -8.93228  0.745932
 0.785812  -8.91924  0.746365
 0.786245  -8.90621  0.746365
 0.786679  -8.89321  0.746799
 0.787112  -8.88024  0.747232
 0.787546  -8.86729  0.747232
 0.787979  -8.85436  0.747666
 0.788413  -8.84146  0.748099
 0.788846  -8.82859  0.748533
  0.78928  -8.81573  0.748533
 0.789713   -8.8029  0.748966
 0.790147   -8.7901    0.7494
  0.79058  -8.77732    0.7494
 0.791014  -8.76457  0.749833
 0.791447  -8.75184  0.750267
 0.791881  -8.73914  0.750267
 0.792314  -8.72645    0.7507
 0.792748  -8.71379  0.751134
 0.793181  -8.70117  0.751567
 0.793615  -8.68855  0.751567
 0.794048  -8.67596  0.752001
 0.794481  -8.66341  0.752434
 0.794915  -8.65087  0.752434
 0.795348  -8.63835  0.752868
 0.795782  -8.62586  0.753301
 0.796215   -8.6134  0.753301
 0.796649  -8.60095  0.753735
 0.797082  -8.58854  0.754168
 0.797516  -8.57615  0.754602
 0.797949  -8.56377  0.754602
 0.798383  -8.55142  0.755035
 0.798816   -8.5391  0.755468
  0.79925   -8.5268  0.755468
 0.799683  -8.51451  0.755902
 0.800117  -8.50226  0.756335
  0.80055  -8.49003  0.756769
 0.800984  -8.47782  0.756769
 0.801417  -8.46563  0.757202
 0.801851  -8.45347  0.757636
 0.802284  -8.44133  0.757636
 0.802718   -8.4292  0.758069
 0.803151  -8.41711  0.758503
 0.803585  -8.40505  0.758503
 0.804018  -8.39299  0.758936
 0.804451  -8.38096   0.75937
 0.804885  -8.36896  0.759803
 0.805318  -8.35697  0.759803
 0.805752  -8.34502  0.760237
 0.806185  -8.33308   0.76067
 0.806619  -8.32117   0.76067
 0.807052  -8.30927  0.761104
 0.807486   -8.2974  0.761537
 0.807919  -8.28556  0.761537
 0.808353  -8.27373  0.761971
 0.808786  -8.26192  0.762404
  0.80922  -8.25015  0.762838
 0.809653  -8.23839  0.762838
 0.810087  -8.22664  0.763271
  0.81052  -8.21493  0.763705
 0.810954  -8.20324  0.763705
 0.811387  -8.19156  0.764138
 0.811821  -8.17991  0.764572
 0.812254  -8.16829  0.764572
 0.812688  -8.15668  0.765005
 0.813121  -8.14509  0.765438
 0.813555  -8.13353  0.765872
 0.813988  -8.12199  0.765872
 0.814421  -8.11046  0.766305
 0.814855  -8.09897  0.766739
 0.815288  -8.08749  0.767172
 0.815722  -8.07603  0.767172
 0.816155   -8.0646  0.767606
 0.816589  -8.05318  0.768039
 0.817022  -8.04179  0.768039
 0.817456  -8.03042  0.768473
 0.817889  -8.01906  0.768906
 0.818323  -8.00774  0.768906
 0.818756  -7.99643   0.76934
  0.81919  -7.98514  0.769773
 0.819623  -7.97388  0.769773
 0.820057  -7.96263  0.770207
  0.82049   -7.9514   0.77064
 0.820924   -7.9402  0.771074
 0.821357  -7.92901  0.771074
 0.821791  -7.91784  0.771507
 0.822224   -7.9067  0.771941
 0.822658  -7.89559  0.771941
 0.823091  -7.88448  0.772374
 0.823525   -7.8734  0.772808
 0.823958  -7.86234  0.773241
 0.824391   -7.8513  0.773241
 0.824825  -7.84027  0.773675
 0.825258  -7.82928  0.774108
 0.825692   -7.8183  0.774108
 0.826125  -7.80733  0.774542
 0.826559   -7.7964  0.774975
 0.826992  -7.78548  0.775408
 0.827426  -7.77457  0.775408
 0.827859   -7.7637  0.775842
 0.828293  -7.75284  0.776275
 0.828726  -7.74199  0.776275
  0.82916  -7.73117  0.776709
 0.829593  -7.72037  0.777142
 0.830027  -7.70959  0.777142
  0.83046  -7.69883  0.777576
 0.830894  -7.68809  0.778009
 0.831327  -7.67737  0.778009
 0.831761  -7.66667  0.778443
 0.832194  -7.65598  0.778876
 0.832628  -7.64533   0.77931
 0.833061  -7.63468   0.77931
 0.833494  -7.62405  0.779743
 0.833928  -7.61345  0.780177
 0.834361  -7.60287  0.780177
 0.834795  -7.59229   0.78061
 0.835228  -7.58175  0.781044
 0.835662  -7.57123  0.781477
 0.836095  -7.56071  0.781477
 0.836529  -7.55022  0.781911
 0.836962  -7.53975  0.782344
 0.837396   -7.5293  0.782344
 0.837829  -7.51887  0.782778
 0.838263  -7.50845  0.783211
 0.838696  -7.49806  0.783211
  0.83913  -7.48768  0.783645
 0.839563  -7.47732  0.784078
 0.839997  -7.46699  0.784512
  0.84043  -7.45667  0.784512
 0.840864  -7.44636  0.784945
 0.841297  -7.43609  0.785378
 0.841731  -7.42582  0.785378
 0.842164  -7.41557  0.785812
 0.842598  -7.40535  0.786245
 0.843031  -7.39514  0.786245
 0.843464  -7.38495  0.786679
 0.843898  -7.37478  0.787112
 0.844331  -7.36463  0.787546
 0.844765  -7.35449  0.787546
 0.845198  -7.34437  0.787979
 0.845632  -7.33427  0.788413
 0.846065   -7.3242  0.788413
 0.846499  -7.31413  0.788846
 0.846932  -7.30409   0.78928
 0.847366  -7.29406  0.789713
 0.847799  -7.28405  0.789713
 0.848233  -7.27406  0.790147
 0.848666  -7.26409   0.79058
   0.8491  -7.25413   0.79058
 0.849533   -7.2442  0.791014
 0.849967  -7.23428  0.791447
   0.8504  -7.22438  0.791447
 0.850834  -7.21449  0.791881
 0.851267  -7.20463  0.792314
 0.851701  -7.19479  0.792314
 0.852134  -7.18495  0.792748
 0.852568  -7.17513  0.793181
 0.853001  -7.16534  0.793615
 0.853434  -7.15557  0.793615
 0.853868   -7.1458  0.794048
 0.854301  -7.13606  0.794481
 0.854735  -7.12634  0.794481
 0.855168  -7.11662  0.794915
 0.855602  -7.10694  0.795348
 0.856035  -7.09727  0.795782
 0.856469   -7.0876  0.795782
 0.856902  -7.07797  0.796215
 0.857336  -7.06835  0.796649
 0.857769  -7.05874  0.796649
 0.858203  -7.04915  0.797082
 0.858636  -7.03958  0.797516
  0.85907  -7.03003  0.797516
 0.859503  -7.02049  0.797949
 0.859937  -7.01097  0.798383
  0.86037  -7.00147  0.798816
 0.860804  -6.99198  0.798816
 0.861237  -6.98251   0.79925
 0.861671  -6.97306  0.799683
 0.862104  -6.96362  0.799683
 0.862538   -6.9542  0.800117
 0.862971   -6.9448   0.80055
 0.863404  -6.93542   0.80055
 0.863838  -6.92604  0.800984
 0.864271  -6.91669  0.801417
 0.864705  -6.90736  0.801851
 0.865138  -6.89803  0.801851
 0.865572  -6.88873  0.802284
 0.866005  -6.87944  0.802718
 0.866439  -6.87017  0.802718
 0.866872  -6.86092  0.803151
 0.867306  -6.85168  0.803585
 0.867739  -6.84246  0.803585
 0.868173  -6.83325  0.804018
 0.868606  -6.82406  0.804451
  0.86904  -6.81489  0.804885
 0.869473  -6.80573  0.804885
 0.869907  -6.79659  0.805318
  0.87034  -6.78747  0.805752
 0.870774  -6.77836  0.805752
 0.871207  -6.76926  0.806185
 0.871641  -6.76019  0.806619
 0.872074  -6.75113  0.806619
 0.872508  -6.74208  0.807052
 0.872941  -6.73305  0.807486
 0.873374  -6.72404  0.807919
 0.873808  -6.71504  0.807919
 0.874241  -6.70605  0.808353
 0.874675  -6.69709  0.808786
 0.875108  -6.68814  0.808786
 0.875542   -6.6792   0.80922
 0.875975  -6.67028  0.809653
 0.876409  -6.66138  0.810087
 0.876842  -6.65249  0.810087
 0.877276  -6.64362   0.81052
 0.877709  -6.63476  0.810954
 0.878143  -6.62592  0.810954
 0.878576  -6.61709  0.811387
  0.87901  -6.60828  0.811821
 0.879443  -6.59949  0.811821
 0.879877   -6.5907  0.812254
  0.88031  -6.58194  0.812688
 0.880744  -6.57319  0.813121
 0.881177  -6.56445  0.813121
 0.881611  -6.55573  0.813555
 0.882044  -6.54703  0.813988
 0.882477  -6.53834  0.813988
 0.882911  -6.52966  0.814421
 0.883344    -6.521  0.814855
 0.883778  -6.51236  0.814855
 0.884211  -6.50373  0.815288
 0.884645  -6.49511  0.815722
 0.885078  -6.48652  0.816155
 0.885512  -6.47793  0.816155
 0.885945  -6.46936  0.816589
 0.886379  -6.46081  0.817022
 0.886812  -6.45227  0.817022
 0.887246  -6.44374  0.817456
 0.887679  -6.43523  0.817889
 0.888113  -6.42673  0.817889
 0.888546  -6.41825  0.818323
  0.88898  -6.40978  0.818756
 0.889413  -6.40134   0.81919
 0.889847  -6.39289   0.81919
  0.89028  -6.38447  0.819623
 0.890714  -6.37606  0.820057
 0.891147  -6.36767  0.820057
 0.891581  -6.35929   0.82049
 0.892014  -6.35092  0.820924
 0.892447  -6.34257  0.820924
 0.892881  -6.33423  0.821357
 0.893314  -6.32591  0.821791
 0.893748  -6.31761  0.822224
 0.894181  -6.30931  0.822224
 0.894615  -6.30103  0.822658
 0.895048  -6.29277  0.823091
 0.895482  -6.28451  0.823091
 0.895915  -6.27627  0.823525
 0.896349  -6.26805  0.823958
 0.896782  -6.25985  0.823958
 0.897216  -6.25165  0.824391
 0.897649  -6.24347  0.824825
 0.898083   -6.2353  0.825258
 0.898516  -6.22715  0.825258
  0.89895  -6.21901  0.825692
 0.899383  -6.21088  0.826125
 0.899817  -6.20277  0.826125
  0.90025  -6.19467  0.826559
 0.900684  -6.18659  0.826992
 0.901117  -6.17852  0.826992
 0.901551  -6.17046  0.827426
 0.901984  -6.16242  0.827859
 0.902417   -6.1544  0.828293
 0.902851  -6.14638  0.828293
 0.903284  -6.13837  0.828726
 0.903718  -6.13039   0.82916
 0.904151  -6.12241   0.82916
 0.904585  -6.11445  0.829593
 0.905018  -6.10651  0.830027
 0.905452  -6.09857  0.830027
 0.905885  -6.09065   0.83046
 0.906319  -6.08274  0.830894
 0.906752  -6.07485  0.831327
 0.907186  -6.06697  0.831327
 0.907619   -6.0591  0.831761
 0.908053  -6.05125  0.832194
 0.908486  -6.04341  0.832194
  0.90892  -6.03558  0.832628
 0.909353  -6.02777  0.833061
 0.909787  -6.01997  0.833061
  0.91022  -6.01218  0.833494
 0.910654  -6.00441  0.833928
 0.911087  -5.99665  0.834361
 0.911521   -5.9889  0.834361
 0.911954  -5.98116  0.834795
 0.912387  -5.97344  0.835228
 0.912821  -5.96573  0.835228
 0.913254  -5.95803  0.835662
 0.913688  -5.95035  0.836095
 0.914121  -5.94269  0.836095
 0.914555  -5.93503  0.836529
 0.914988  -5.92738  0.836962
 0.915422  -5.91975  0.837396
 0.915855  -5.91213  0.837396
 0.916289  -5.90453  0.837829
 0.916722  -5.89694  0.838263
 0.917156  -5.88935  0.838263
 0.917589  -5.88179  0.838696
 0.918023  -5.87423   0.83913
 0.918456  -5.86669   0.83913
  0.91889  -5.85916  0.839563
 0.919323  -5.85164  0.839997
 0.919757  -5.84414  0.839997
  0.92019  -5.83665   0.84043
 0.920624  -5.82917  0.840864
 0.921057   -5.8217  0.841297
  0.92149  -5.81425  0.841297
 0.921924   -5.8068  0.841731
 0.922357  -5.79938  0.842164
 0.922791  -5.79196  0.842164
 0.923224  -5.78455  0.842598
 0.923658  -5.77716  0.843031
 0.924091  -5.76978  0.843464
 0.924525  -5.76241  0.843464
 0.924958  -5.75506  0.843898
 0.925392  -5.74772  0.844331
 0.925825  -5.74038  0.844331
 0.926259  -5.73306  0.844765
 0.926692  -5.72576  0.845198
 0.927126  -5.71847  0.845198
 0.927559  -5.71118  0.845632
 0.927993  -5.70391  0.846065
 0.928426  -5.69666  0.846065
  0.92886  -5.68941  0.846499
 0.929293  -5.68217  0.846932
 0.929727  -5.67496  0.847366
  0.93016  -5.66774  0.847366
 0.930594  -5.66054  0.847799
 0.931027  -5.65336  0.848233
  0.93146  -5.64619  0.848233
 0.931894  -5.63902  0.848666
 0.932327  -5.63187    0.8491
 0.932761  -5.62474    0.8491
 0.933194  -5.61761  0.849533
 0.933628  -5.61049  0.849967
 0.934061  -5.60339    0.8504
 0.934495   -5.5963    0.8504
 0.934928  -5.58922  0.850834
 0.935362  -5.58215  0.851267
 0.935795  -5.57509  0.851267
 0.936229  -5.56805  0.851701
 0.936662  -5.56101  0.852134
 0.937096    -5.554  0.852134
 0.937529  -5.54698  0.852568
 0.937963  -5.53998  0.853001
 0.938396    -5.533  0.853434
  0.93883  -5.52602  0.853434
 0.939263  -5.51906  0.853868
 0.939697  -5.51211  0.854301
  0.94013  -5.50516  0.854301
 0.940564  -5.49823  0.854735
 0.940997  -5.49132  0.855168
  0.94143  -5.48441  0.855168
 0.941864  -5.47751  0.855602
 0.942297  -5.47063  0.856035
 0.942731  -5.46376  0.856469
 0.943164  -5.45689  0.856469
 0.943598  -5.45004  0.856902
 0.944031   -5.4432  0.857336
 0.944465  -5.43638  0.857336
 0.944898  -5.42956  0.857769
 0.945332  -5.42275  0.858203
 0.945765  -5.41596  0.858203
 0.946199  -5.40917  0.858636
 0.946632   -5.4024   0.85907
 0.947066  -5.39564  0.859503
 0.947499  -5.38889  0.859503
 0.947933  -5.38215  0.859937
 0.948366  -5.37542   0.86037
   0.9488   -5.3687   0.86037
 0.949233  -5.36199  0.860804
 0.949667   -5.3553  0.861237
   0.9501  -5.34862  0.861237
 0.950534  -5.34194  0.861671
 0.950967  -5.33528  0.862104
   0.9514  -5.32863  0.862104
 0.951834  -5.32198  0.862538
 0.952267  -5.31535  0.862971
 0.952701  -5.30874  0.863404
 0.953134  -5.30213  0.863404
 0.953568  -5.29553  0.863838
 0.954001  -5.28894  0.864271
 0.954435  -5.28236  0.864271
 0.954868  -5.27579  0.864705
 0.955302  -5.26924  0.865138
 0.955735   -5.2627  0.865138
 0.956169  -5.25616  0.865572
 0.956602  -5.24964  0.866005
 0.957036  -5.24313  0.866439
 0.957469  -5.23662  0.866439
 0.957903  -5.23013  0.866872
 0.958336  -5.22365  0.867306
  0.95877  -5.21718  0.867306
 0.959203  -5.21071  0.867739
 0.959637  -5.20426  0.868173
  0.96007  -5.19783  0.868173
 0.960504  -5.19139  0.868606
 0.960937  -5.18497   0.86904
  0.96137  -5.17857  0.869473
 0.961804  -5.17217  0.869473
 0.962237  -5.16578  0.869907
 0.962671   -5.1594   0.87034
 0.963104  -5.15303   0.87034
 0.963538  -5.14667  0.870774
 0.963971  -5.14033  0.871207
 0.964405  -5.13399  0.871207
 0.964838  -5.12766  0.871641
 0.965272  -5.12135  0.872074
 0.965705  -5.11504  0.872508
 0.966139  -5.10874  0.872508
 0.966572  -5.10246  0.872941
 0.967006  -5.09618  0.873374
 0.967439  -5.08992  0.873374
 0.967873  -5.08366  0.873808
 0.968306  -5.07741  0.874241
  0.96874  -5.07118  0.874241
 0.969173  -5.06495  0.874675
 0.969607  -5.05873  0.875108
  0.97004  -5.05253  0.875108
 0.970473  -5.04633  0.875542
 0.970907  -5.04015  0.875975
  0.97134  -5.03397  0.876409
 0.971774   -5.0278  0.876409
 0.972207  -5.02165  0.876842
 0.972641   -5.0155  0.877276
 0.973074  -5.00936  0.877276
 0.973508  -5.00323  0.877709
 0.973941  -4.99712  0.878143
 0.974375  -4.99101  0.878143
 0.974808  -4.98491  0.878576
 0.975242  -4.97882   0.87901
 0.975675  -4.97275  0.879443
 0.976109  -4.96667  0.879443
 0.976542  -4.96061  0.879877
 0.976976  -4.95457   0.88031
 0.977409  -4.94853   0.88031
 0.977843  -4.94249  0.880744
 0.978276  -4.93647  0.881177
  0.97871  -4.93046  0.881177
 0.979143  -4.92446  0.881611
 0.979577  -4.91847  0.882044
  0.98001  -4.91249  0.882477
 0.980443  -4.90651  0.882477
 0.980877  -4.90055  0.882911
  0.98131  -4.89459  0.883344
 0.981744  -4.88865  0.883344
 0.982177  -4.88271  0.883778
 0.982611  -4.87679  0.884211
 0.983044  -4.87087  0.884211
 0.983478  -4.86496  0.884645
 0.983911  -4.85906  0.885078
 0.984345  -4.85318  0.885078
 0.984778  -4.84729  0.885512
 0.985212  -4.84142  0.885945
 0.985645  -4.83556  0.886379
 0.986079  -4.82971  0.886379
 0.986512  -4.82387  0.886812
 0.986946  -4.81803  0.887246
 0.987379  -4.81221  0.887246
 0.987813  -4.80639  0.887679
 0.988246  -4.80059  0.888113
  0.98868  -4.79479  0.888113
 0.989113    -4.789  0.888546
 0.989547  -4.78323   0.88898
  0.98998  -4.77746  0.889413
 0.990413  -4.77169  0.889413
 0.990847  -4.76594  0.889847
  0.99128   -4.7602   0.89028
 0.991714  -4.75447   0.89028
 0.992147  -4.74874  0.890714
 0.992581  -4.74303  0.891147
 0.993014  -4.73732  0.891147
 0.993448  -4.73162  0.891581
 0.993881  -4.72593  0.892014
 0.994315  -4.72026  0.892014
 0.994748  -4.71459  0.892447
 0.995182  -4.70892  0.892881
 0.995615  -4.70327  0.892881
 0.996049  -4.69763  0.893314
 0.996482  -4.69199  0.893748
 0.996916  -4.68637  0.894181
 0.997349  -4.68075  0.894181
 0.997783  -4.67514  0.894615
 0.998216  -4.66954  0.895048
  0.99865  -4.66395  0.895048
 0.999083  -4.65836  0.895482
 0.999517  -4.65279  0.895915
  0.99995  -4.64722  0.896349
  1.00038  -4.64167  0.896349
  1.00082  -4.63612  0.896782
  1.00125  -4.63058  0.897216
  1.00168  -4.62505  0.897216
  1.00212  -4.61952  0.897649
  1.00255  -4.61401  0.898083
  1.00298  -4.60851  0.898083
  1.00342  -4.60301  0.898516
  1.00385  -4.59752   0.89895
  1.00428  -4.59204  0.899383
  1.00472  -4.58657  0.899383
  1.00515  -4.58111  0.899817
  1.00559  -4.57566   0.90025
  1.00602  -4.57021   0.90025
  1.00645  -4.56477  0.900684
  1.00689  -4.55934  0.901117
  1.00732  -4.55392  0.901117
  1.00775  -4.54851  0.901551
  1.00819  -4.54311  0.901984
  1.00862  -4.53771  0.901984
  1.00905  -4.53233  0.902417
  1.00949  -4.52694  0.902851
  1.00992  -4.52158  0.902851
  1.01035  -4.51622  0.903284
  1.01079  -4.51086  0.903718
  1.01122  -4.50552  0.904151
  1.01165  -4.50018  0.904151
  1.01209  -4.49485  0.904585
  1.01252  -4.48953  0.905018
  1.01295  -4.48422  0.905018
  1.01339  -4.47891  0.905452
  1.01382  -4.47362  0.905885
  1.01425  -4.46833  0.906319
  1.01469  -4.46305  0.906319
  1.01512  -4.45778  0.906752
  1.01556  -4.45251  0.907186
  1.01599  -4.44726  0.907186
  1.01642  -4.44201  0.907619
  1.01686  -4.43677  0.908053
  1.01729  -4.43154  0.908053
  1.01772  -4.42631  0.908486
  1.01816   -4.4211   0.90892
  1.01859  -4.41589   0.90892
  1.01902  -4.41069  0.909353
  1.01946   -4.4055  0.909787
  1.01989  -4.40032   0.91022
  1.02032  -4.39514   0.91022
  1.02076  -4.38997  0.910654
  1.02119  -4.38482  0.911087
  1.02162  -4.37966  0.911087
  1.02206  -4.37452  0.911521
  1.02249  -4.36938  0.911954
  1.02292  -4.36426  0.911954
  1.02336  -4.35913  0.912387
  1.02379  -4.35402  0.912821
  1.02422  -4.34892  0.912821
  1.02466  -4.34382  0.913254
  1.02509  -4.33873  0.913688
  1.02553  -4.33365  0.914121
  1.02596  -4.32858  0.914121
  1.02639  -4.32351  0.914555
  1.02683  -4.31845  0.914988
  1.02726   -4.3134  0.914988
  1.02769  -4.30836  0.915422
  1.02813  -4.30332  0.915855
  1.02856   -4.2983  0.915855
  1.02899  -4.29328  0.916289
  1.02943  -4.28826  0.916722
  1.02986  -4.28326  0.917156
  1.03029  -4.27826  0.917156
  1.03073  -4.27327  0.917589
  1.03116  -4.26829  0.918023
  1.03159  -4.26332  0.918023
  1.03203  -4.25835  0.918456
  1.03246  -4.25339   0.91889
  1.03289  -4.24844   0.91889
  1.03333  -4.24349  0.919323
  1.03376  -4.23856  0.919757
  1.03419  -4.23363  0.919757
  1.03463  -4.22871   0.92019
  1.03506  -4.22379  0.920624
   1.0355  -4.21889  0.921057
  1.03593  -4.21399  0.921057
  1.03636  -4.20909   0.92149
   1.0368  -4.20421  0.921924
  1.03723  -4.19933  0.921924
  1.03766  -4.19446  0.922357
   1.0381   -4.1896  0.922791
  1.03853  -4.18474  0.922791
  1.03896  -4.17989  0.923224
   1.0394  -4.17505  0.923658
  1.03983  -4.17022  0.924091
  1.04026  -4.16539  0.924091
   1.0407  -4.16058  0.924525
  1.04113  -4.15576  0.924958
  1.04156  -4.15096  0.924958
    1.042  -4.14616  0.925392
  1.04243  -4.14137  0.925825
  1.04286  -4.13659  0.925825
   1.0433  -4.13181  0.926259
  1.04373  -4.12705  0.926692
  1.04416  -4.12229  0.926692
   1.0446  -4.11753  0.927126
  1.04503  -4.11278  0.927559
  1.04547  -4.10805  0.927993
   1.0459  -4.10331  0.927993
  1.04633  -4.09858  0.928426
  1.04677  -4.09387   0.92886
   1.0472  -4.08916   0.92886
  1.04763  -4.08445  0.929293
  1.04807  -4.07975  0.929727
   1.0485  -4.07506  0.929727
  1.04893  -4.07038   0.93016
  1.04937   -4.0657  0.930594
   1.0498  -4.06104  0.930594
  1.05023  -4.05637  0.931027
  1.05067  -4.05172   0.93146
   1.0511  -4.04707  0.931894
  1.05153  -4.04243  0.931894
  1.05197  -4.03779  0.932327
   1.0524  -4.03316  0.932761
  1.05283  -4.02854  0.932761
  1.05327  -4.02393  0.933194
   1.0537  -4.01932  0.933628
  1.05413  -4.01472  0.933628
  1.05457  -4.01013  0.934061
    1.055  -4.00554  0.934495
  1.05544  -4.00096  0.934928
  1.05587  -3.99639  0.934928
   1.0563  -3.99182  0.935362
  1.05674  -3.98726  0.935795
  1.05717  -3.98271  0.935795
   1.0576  -3.97816  0.936229
  1.05804  -3.97363  0.936662
  1.05847  -3.96909  0.936662
   1.0589  -3.96457  0.937096
  1.05934  -3.96005  0.937529
  1.05977  -3.95554  0.937529
   1.0602  -3.95103  0.937963
  1.06064  -3.94653  0.938396
  1.06107  -3.94204   0.93883
   1.0615  -3.93755   0.93883
  1.06194  -3.93307  0.939263
  1.06237   -3.9286  0.939697
   1.0628  -3.92414  0.939697
  1.06324  -3.91968   0.94013
  1.06367  -3.91523  0.940564
   1.0641  -3.91078  0.940564
  1.06454  -3.90634  0.940997
  1.06497  -3.90191   0.94143
  1.06541  -3.89748  0.941864
  1.06584  -3.89306  0.941864
  1.06627  -3.88865  0.942297
  1.06671  -3.88424  0.942731
  1.06714  -3.87984  0.942731
  1.06757  -3.87545  0.943164
  1.06801  -3.87106  0.943598
  1.06844  -3.86668  0.943598
  1.06887   -3.8623  0.944031
  1.06931  -3.85794  0.944465
  1.06974  -3.85358  0.944465
  1.07017  -3.84922  0.944898
  1.07061  -3.84487  0.945332
  1.07104  -3.84053  0.945332
  1.07147  -3.83619  0.945765
  1.07191  -3.83186  0.946199
  1.07234  -3.82754  0.946632
  1.07277  -3.82322  0.946632
  1.07321  -3.81891  0.947066
  1.07364  -3.81461  0.947499
  1.07407  -3.81031  0.947499
  1.07451  -3.80602  0.947933
  1.07494  -3.80173  0.948366
  1.07538  -3.79746  0.948366
  1.07581  -3.79318    0.9488
  1.07624  -3.78892  0.949233
  1.07668  -3.78466  0.949667
  1.07711   -3.7804  0.949667
  1.07754  -3.77615    0.9501
  1.07798  -3.77191  0.950534
  1.07841  -3.76768  0.950534
  1.07884  -3.76345  0.950967
  1.07928  -3.75922    0.9514
  1.07971  -3.75501    0.9514
  1.08014  -3.75079  0.951834
  1.08058  -3.74659  0.952267
  1.08101  -3.74239  0.952267
  1.08144   -3.7382  0.952701
  1.08188  -3.73401  0.953134
  1.08231  -3.72983  0.953568
  1.08274  -3.72566  0.953568
  1.08318  -3.72149  0.954001
  1.08361  -3.71733  0.954435
  1.08404  -3.71317  0.954435
  1.08448  -3.70902  0.954868
  1.08491  -3.70488  0.955302
  1.08535  -3.70074  0.955302
  1.08578  -3.69661  0.955735
  1.08621  -3.69248  0.956169
  1.08665  -3.68836  0.956169
  1.08708  -3.68425  0.956602
  1.08751  -3.68014  0.957036
  1.08795  -3.67604  0.957469
  1.08838  -3.67194  0.957469
  1.08881  -3.66785  0.957903
  1.08925  -3.66377  0.958336
  1.08968  -3.65969  0.958336
  1.09011  -3.65562   0.95877
  1.09055  -3.65155  0.959203
  1.09098  -3.64749  0.959203
  1.09141  -3.64343  0.959637
  1.09185  -3.63939   0.96007
  1.09228  -3.63534   0.96007
  1.09271   -3.6313  0.960504
  1.09315  -3.62727  0.960937
  1.09358  -3.62325   0.96137
  1.09401  -3.61923   0.96137
  1.09445  -3.61521  0.961804
  1.09488  -3.61121  0.962237
  1.09532   -3.6072  0.962237
  1.09575  -3.60321  0.962671
  1.09618  -3.59922  0.963104
  1.09662  -3.59523  0.963104
  1.09705  -3.59125  0.963538
  1.09748  -3.58728  0.963971
  1.09792  -3.58331  0.963971
  1.09835  -3.57935  0.964405
  1.09878  -3.57539  0.964838
  1.09922  -3.57144  0.965272
  1.09965  -3.56749  0.965272
  1.10008  -3.56355  0.965705
  1.10052  -3.55962  0.966139
  1.10095  -3.55569  0.966139
  1.10138  -3.55177  0.966572
  1.10182  -3.54785  0.967006
  1.10225  -3.54394  0.967006
  1.10268  -3.54003  0.967439
  1.10312  -3.53613  0.967873
  1.10355  -3.53224  0.967873
  1.10398  -3.52835  0.968306
  1.10442  -3.52446   0.96874
  1.10485  -3.52059  0.969173
  1.10529  -3.51671  0.969173
  1.10572  -3.51285  0.969607
  1.10615  -3.50899   0.97004
  1.10659  -3.50513   0.97004
  1.10702  -3.50128  0.970473
  1.10745  -3.49743  0.970907
  1.10789   -3.4936  0.970907
  1.10832  -3.48976   0.97134
  1.10875  -3.48593  0.971774
  1.10919  -3.48211  0.971774
  1.10962  -3.47829  0.972207
  1.11005  -3.47448  0.972641
  1.11049  -3.47067  0.973074
  1.11092  -3.46687  0.973074
  1.11135  -3.46308  0.973508
  1.11179  -3.45929  0.973941
  1.11222   -3.4555  0.973941
  1.11265  -3.45172  0.974375
  1.11309  -3.44795  0.974808
  1.11352  -3.44418  0.974808
  1.11395  -3.44041  0.975242
  1.11439  -3.43665  0.975675
  1.11482   -3.4329  0.976109
  1.11526  -3.42915  0.976109
  1.11569  -3.42541  0.976542
  1.11612  -3.42168  0.976976
  1.11656  -3.41794  0.976976
  1.11699  -3.41422  0.977409
  1.11742   -3.4105  0.977843
  1.11786  -3.40678  0.977843
  1.11829  -3.40307  0.978276
  1.11872  -3.39936   0.97871
  1.11916  -3.39566   0.97871
  1.11959  -3.39197  0.979143
  1.12002  -3.38828  0.979577
  1.12046  -3.38459  0.979577
  1.12089  -3.38091   0.98001
  1.12132  -3.37724  0.980443
  1.12176  -3.37357  0.980877
  1.12219  -3.36991  0.980877
  1.12262  -3.36625   0.98131
  1.12306  -3.36259  0.981744
  1.12349  -3.35895  0.981744
  1.12392   -3.3553  0.982177
  1.12436  -3.35166  0.982611
  1.12479  -3.34803  0.982611
  1.12523   -3.3444  0.983044
  1.12566  -3.34078  0.983478
  1.12609  -3.33716  0.983478
  1.12653  -3.33355  0.983911
  1.12696  -3.32994  0.984345
  1.12739  -3.32634  0.984778
  1.12783  -3.32274  0.984778
  1.12826  -3.31915  0.985212
  1.12869  -3.31556  0.985645
  1.12913  -3.31198  0.985645
  1.12956   -3.3084  0.986079
  1.12999  -3.30483  0.986512
  1.13043  -3.30127  0.986512
  1.13086   -3.2977  0.986946
  1.13129  -3.29414  0.987379
  1.13173  -3.29059  0.987379
  1.13216  -3.28705  0.987813
  1.13259   -3.2835  0.988246
  1.13303  -3.27997   0.98868
  1.13346  -3.27643   0.98868
  1.13389  -3.27291  0.989113
  1.13433  -3.26938  0.989547
  1.13476  -3.26587  0.989547
   1.1352  -3.26235   0.98998
  1.13563  -3.25885  0.990413
  1.13606  -3.25534  0.990413
   1.1365  -3.25184  0.990847
  1.13693  -3.24835   0.99128
  1.13736  -3.24486   0.99128
   1.1378  -3.24138  0.991714
  1.13823   -3.2379  0.992147
  1.13866  -3.23443  0.992581
   1.1391  -3.23096  0.992581
  1.13953  -3.22749  0.993014
  1.13996  -3.22404  0.993448
   1.1404  -3.22058  0.993448
  1.14083  -3.21713  0.993881
  1.14126  -3.21369  0.994315
   1.1417  -3.21025  0.994315
  1.14213  -3.20681  0.994748
  1.14256  -3.20338  0.995182
    1.143  -3.19996  0.995182
  1.14343  -3.19653  0.995615
  1.14386  -3.19312  0.996049
   1.1443  -3.18971  0.996482
  1.14473   -3.1863  0.996482
  1.14517   -3.1829  0.996916
   1.1456   -3.1795  0.997349
  1.14603  -3.17611  0.997349
  1.14647  -3.17272  0.997783
   1.1469  -3.16934  0.998216
  1.14733  -3.16596  0.998216
  1.14777  -3.16258   0.99865
   1.1482  -3.15921  0.999083
  1.14863  -3.15585  0.999083
  1.14907  -3.15249  0.999517
   1.1495  -3.14913   0.99995
  1.14993  -3.14579   1.00038
  1.15037  -3.14244   1.00038
   1.1508   -3.1391   1.00082
  1.15123  -3.13576   1.00125
  1.15167  -3.13243   1.00125
   1.1521   -3.1291   1.00168
  1.15253  -3.12578   1.00212
  1.15297  -3.12246   1.00212
   1.1534  -3.11915   1.00255
  1.15383  -3.11584   1.00298
  1.15427  -3.11253   1.00298
   1.1547  -3.10923   1.00342
  1.15514  -3.10594   1.00385
  1.15557  -3.10265   1.00428
    1.156  -3.09936   1.00428
  1.15644  -3.09608   1.00472
  1.15687   -3.0928   1.00515
   1.1573  -3.08953   1.00515
  1.15774  -3.08626   1.00559
  1.15817  -3.08299   1.00602
   1.1586  -3.07973   1.00602
  1.15904  -3.07648   1.00645
  1.15947  -3.07323   1.00689
   1.1599  -3.06998   1.00689
  1.16034  -3.06674   1.00732
  1.16077   -3.0635   1.00775
   1.1612  -3.06027   1.00775
  1.16164  -3.05704   1.00819
  1.16207  -3.05382   1.00862
   1.1625   -3.0506   1.00905
  1.16294  -3.04738   1.00905
  1.16337  -3.04417   1.00949
   1.1638  -3.04097   1.00992
  1.16424  -3.03776   1.00992
  1.16467  -3.03456   1.01035
  1.16511  -3.03137   1.01079
  1.16554  -3.02818   1.01079
  1.16597    -3.025   1.01122
  1.16641  -3.02182   1.01165
  1.16684  -3.01864   1.01209
  1.16727  -3.01547   1.01209
  1.16771   -3.0123   1.01252
  1.16814  -3.00914   1.01295
  1.16857  -3.00598   1.01295
  1.16901  -3.00283   1.01339
  1.16944  -2.99968   1.01382
  1.16987  -2.99653   1.01382
  1.17031  -2.99339   1.01425
  1.17074  -2.99025   1.01469
  1.17117  -2.98712   1.01469
  1.17161  -2.98399   1.01512
  1.17204  -2.98087   1.01556
  1.17247  -2.97775   1.01556
  1.17291  -2.97463   1.01599
  1.17334  -2.97152   1.01642
  1.17377  -2.96841   1.01686
  1.17421  -2.96531   1.01686
  1.17464  -2.96221   1.01729
  1.17508  -2.95911   1.01772
  1.17551  -2.95602   1.01772
  1.17594  -2.95294   1.01816
  1.17638  -2.94985   1.01859
  1.17681  -2.94678   1.01859
  1.17724   -2.9437   1.01902
  1.17768  -2.94063   1.01946
  1.17811  -2.93757   1.01946
  1.17854   -2.9345   1.01989
  1.17898  -2.93145   1.02032
  1.17941   -2.9284   1.02076
  1.17984  -2.92534   1.02076
  1.18028   -2.9223   1.02119
  1.18071  -2.91926   1.02162
  1.18114  -2.91622   1.02162
  1.18158  -2.91319   1.02206
  1.18201  -2.91016   1.02249
  1.18244  -2.90714   1.02249
  1.18288  -2.90412   1.02292
  1.18331   -2.9011   1.02336
  1.18374  -2.89809   1.02336
  1.18418  -2.89508   1.02379
  1.18461  -2.89207   1.02422
  1.18505  -2.88908   1.02422
  1.18548  -2.88608   1.02466
  1.18591  -2.88309   1.02509
  1.18635   -2.8801   1.02553
  1.18678  -2.87711   1.02553
  1.18721  -2.87413   1.02596
  1.18765  -2.87116   1.02639
  1.18808  -2.86819   1.02639
  1.18851  -2.86522   1.02683
  1.18895  -2.86225   1.02726
  1.18938  -2.85929   1.02726
  1.18981  -2.85634   1.02769
  1.19025  -2.85338   1.02813
  1.19068  -2.85044   1.02856
  1.19111  -2.84749   1.02856
  1.19155  -2.84455   1.02899
  1.19198  -2.84162   1.02943
  1.19241  -2.83868   1.02943
  1.19285  -2.83575   1.02986
  1.19328  -2.83283   1.03029
  1.19371  -2.82991   1.03029
  1.19415  -2.82699   1.03073
  1.19458  -2.82408   1.03116
  1.19502  -2.82117   1.03116
  1.19545  -2.81826   1.03159
  1.19588  -2.81536   1.03203
  1.19632  -2.81247   1.03203
  1.19675  -2.80957   1.03246
  1.19718  -2.80668   1.03289
  1.19762   -2.8038   1.03289
  1.19805  -2.80091   1.03333
  1.19848  -2.79804   1.03376
  1.19892  -2.79516   1.03419
  1.19935  -2.79229   1.03419
  1.19978  -2.78942   1.03463
  1.20022  -2.78656   1.03506
  1.20065   -2.7837   1.03506
  1.20108  -2.78085    1.0355
  1.20152    -2.778   1.03593
  1.20195  -2.77515   1.03593
  1.20238   -2.7723   1.03636
  1.20282  -2.76946    1.0368
  1.20325  -2.76663    1.0368
  1.20368   -2.7638   1.03723
  1.20412  -2.76097   1.03766
  1.20455  -2.75814   1.03766
  1.20498  -2.75532    1.0381
  1.20542   -2.7525   1.03853
  1.20585  -2.74969   1.03896
  1.20629  -2.74688   1.03896
  1.20672  -2.74407    1.0394
  1.20715  -2.74127   1.03983
  1.20759  -2.73847   1.04026
  1.20802  -2.73567   1.04026
  1.20845  -2.73289    1.0407
  1.20889   -2.7301   1.04113
  1.20932  -2.72731   1.04113
  1.20975  -2.72453   1.04156
  1.21019  -2.72176     1.042
  1.21062  -2.71898     1.042
  1.21105  -2.71621   1.04243
  1.21149  -2.71345   1.04286
  1.21192  -2.71068   1.04286
  1.21235  -2.70793    1.0433
  1.21279  -2.70517   1.04373
  1.21322  -2.70242   1.04373
  1.21365  -2.69967   1.04416
  1.21409  -2.69693    1.0446
  1.21452  -2.69419    1.0446
  1.21495  -2.69145   1.04503
  1.21539  -2.68872   1.04547
  1.21582  -2.68599   1.04547
  1.21626  -2.68326    1.0459
  1.21669  -2.68054   1.04633
  1.21712  -2.67782   1.04677
  1.21756  -2.67511   1.04677
  1.21799  -2.67239    1.0472
  1.21842  -2.66969   1.04763
  1.21886  -2.66698   1.04763
  1.21929  -2.66428   1.04807
  1.21972  -2.66158    1.0485
  1.22016  -2.65889    1.0485
  1.22059   -2.6562   1.04893
  1.22102  -2.65351   1.04937
  1.22146  -2.65083   1.04937
  1.22189  -2.64815    1.0498
  1.22232  -2.64547   1.05023
  1.22276   -2.6428   1.05023
  1.22319  -2.64013   1.05067
  1.22362  -2.63746    1.0511
  1.22406   -2.6348   1.05153
  1.22449  -2.63214   1.05153
  1.22492  -2.62949   1.05197
  1.22536  -2.62683    1.0524
  1.22579  -2.62419    1.0524
  1.22623  -2.62154   1.05283
  1.22666   -2.6189   1.05327
  1.22709  -2.61626   1.05327
  1.22753  -2.61363    1.0537
  1.22796    -2.611   1.05413
  1.22839  -2.60837   1.05457
  1.22883  -2.60574   1.05457
  1.22926  -2.60312     1.055
  1.22969   -2.6005   1.05544
  1.23013  -2.59789   1.05544
  1.23056  -2.59528   1.05587
  1.23099  -2.59267    1.0563
  1.23143  -2.59007    1.0563
  1.23186  -2.58747   1.05674
  1.23229  -2.58487   1.05717
  1.23273  -2.58228   1.05717
  1.23316  -2.57969    1.0576
  1.23359   -2.5771   1.05804
  1.23403  -2.57452   1.05804
  1.23446  -2.57194   1.05847
  1.23489  -2.56936    1.0589
  1.23533  -2.56679    1.0589
  1.23576  -2.56421   1.05934
   1.2362  -2.56165   1.05977
  1.23663  -2.55908    1.0602
  1.23706  -2.55652    1.0602
   1.2375  -2.55397   1.06064
  1.23793  -2.55141   1.06107
  1.23836  -2.54886   1.06107
   1.2388  -2.54631    1.0615
  1.23923  -2.54377   1.06194
  1.23966  -2.54123   1.06194
   1.2401  -2.53869   1.06237
  1.24053  -2.53616    1.0628
  1.24096  -2.53363   1.06324
   1.2414   -2.5311   1.06324
  1.24183  -2.52858   1.06367
  1.24226  -2.52606    1.0641
   1.2427  -2.52354    1.0641
  1.24313  -2.52102   1.06454
  1.24356  -2.51851   1.06497
    1.244  -2.51601   1.06497
  1.24443   -2.5135   1.06541
  1.24486    -2.511   1.06584
   1.2453   -2.5085   1.06584
  1.24573  -2.50601   1.06627
  1.24617  -2.50351   1.06671
   1.2466  -2.50103   1.06671
  1.24703  -2.49854   1.06714
  1.24747  -2.49606   1.06757
   1.2479  -2.49358   1.06757
  1.24833   -2.4911   1.06801
  1.24877  -2.48863   1.06844
   1.2492  -2.48616   1.06887
  1.24963   -2.4837   1.06887
  1.25007  -2.48123   1.06931
   1.2505  -2.47877   1.06974
  1.25093  -2.47632   1.06974
  1.25137  -2.47386   1.07017
   1.2518  -2.47141   1.07061
  1.25223  -2.46897   1.07061
  1.25267  -2.46652   1.07104
   1.2531  -2.46408   1.07147
  1.25353  -2.46164   1.07147
  1.25397  -2.45921   1.07191
   1.2544  -2.45678   1.07234
  1.25483  -2.45435   1.07277
  1.25527  -2.45192   1.07277
   1.2557   -2.4495   1.07321
  1.25614  -2.44708   1.07364
  1.25657  -2.44466   1.07364
    1.257  -2.44225   1.07407
  1.25744  -2.43984   1.07451
  1.25787  -2.43743   1.07451
   1.2583  -2.43503   1.07494
  1.25874  -2.43263   1.07538
  1.25917  -2.43023   1.07538
   1.2596  -2.42784   1.07581
  1.26004  -2.42545   1.07624
  1.26047  -2.42306   1.07624
   1.2609  -2.42067   1.07668
  1.26134  -2.41829   1.07711
  1.26177  -2.41591   1.07754
   1.2622  -2.41353   1.07754
  1.26264  -2.41116   1.07798
  1.26307  -2.40879   1.07841
   1.2635  -2.40642   1.07841
  1.26394  -2.40406   1.07884
  1.26437   -2.4017   1.07928
   1.2648  -2.39934   1.07928
  1.26524  -2.39698   1.07971
  1.26567  -2.39463   1.08014
  1.26611  -2.39228   1.08014
  1.26654  -2.38994   1.08058
  1.26697  -2.38759   1.08101
  1.26741  -2.38525   1.08101
  1.26784  -2.38291   1.08144
  1.26827  -2.38058   1.08188
  1.26871  -2.37825   1.08231
  1.26914  -2.37592   1.08231
  1.26957  -2.37359   1.08274
  1.27001  -2.37127   1.08318
  1.27044  -2.36895   1.08318
  1.27087  -2.36664   1.08361
  1.27131  -2.36432   1.08404
  1.27174  -2.36201   1.08404
  1.27217   -2.3597   1.08448
  1.27261   -2.3574   1.08491
  1.27304   -2.3551   1.08491
  1.27347   -2.3528   1.08535
  1.27391   -2.3505   1.08578
  1.27434  -2.34821   1.08621
  1.27477  -2.34592   1.08621
  1.27521  -2.34363   1.08665
  1.27564  -2.34134   1.08708
  1.27608  -2.33906   1.08708
  1.27651  -2.33678   1.08751
  1.27694  -2.33451   1.08795
  1.27738  -2.33223   1.08795
  1.27781  -2.32996   1.08838
  1.27824   -2.3277   1.08881
  1.27868  -2.32543   1.08881
  1.27911  -2.32317   1.08925
  1.27954  -2.32091   1.08968
  1.27998  -2.31866   1.08968
  1.28041   -2.3164   1.09011
  1.28084  -2.31415   1.09055
  1.28128   -2.3119   1.09098
  1.28171  -2.30966   1.09098
  1.28214  -2.30742   1.09141
  1.28258  -2.30518   1.09185
  1.28301  -2.30294   1.09185
  1.28344  -2.30071   1.09228
  1.28388  -2.29848   1.09271
  1.28431  -2.29625   1.09271
  1.28474  -2.29402   1.09315
  1.28518   -2.2918   1.09358
  1.28561  -2.28958   1.09358
  1.28605  -2.28737   1.09401
  1.28648  -2.28515   1.09445
  1.28691  -2.28294   1.09445
  1.28735  -2.28073   1.09488
  1.28778  -2.27853   1.09532
  1.28821  -2.27632   1.09575
  1.28865  -2.27412   1.09575
  1.28908  -2.27193   1.09618
  1.28951  -2.26973   1.09662
  1.28995  -2.26754   1.09662
  1.29038  -2.26535   1.09705
  1.29081  -2.26316   1.09748
  1.29125  -2.26098   1.09748
  1.29168   -2.2588   1.09792
  1.29211  -2.25662   1.09835
  1.29255  -2.25445   1.09835
  1.29298  -2.25227   1.09878
  1.29341   -2.2501   1.09922
  1.29385  -2.24794   1.09922
  1.29428  -2.24577   1.09965
  1.29471  -2.24361   1.10008
  1.29515  -2.24145   1.10052
  1.29558  -2.23929   1.10052
  1.29602  -2.23714   1.10095
  1.29645  -2.23499   1.10138
  1.29688  -2.23284   1.10138
  1.29732  -2.23069   1.10182
  1.29775  -2.22855   1.10225
  1.29818  -2.22641   1.10225
  1.29862  -2.22427   1.10268
  1.29905  -2.22214   1.10312
  1.29948     -2.22   1.10312
  1.29992  -2.21787   1.10355
  1.30035  -2.21575   1.10398
  1.30078  -2.21362   1.10442
  1.30122   -2.2115   1.10442
  1.30165  -2.20938   1.10485
  1.30208  -2.20726   1.10529
  1.30252  -2.20515   1.10529
  1.30295  -2.20304   1.10572
  1.30338  -2.20093   1.10615
  1.30382  -2.19882   1.10615
  1.30425  -2.19672   1.10659
  1.30468  -2.19462   1.10702
  1.30512  -2.19252   1.10702
  1.30555  -2.19042   1.10745
  1.30599  -2.18833   1.10789
  1.30642  -2.18624   1.10789
  1.30685  -2.18415   1.10832
  1.30729  -2.18207   1.10875
  1.30772  -2.17998   1.10875
  1.30815   -2.1779   1.10919
  1.30859  -2.17582   1.10962
  1.30902  -2.17375   1.11005
  1.30945  -2.17168   1.11005
  1.30989  -2.16961   1.11049
  1.31032  -2.16754   1.11092
  1.31075  -2.16547   1.11092
  1.31119  -2.16341   1.11135
  1.31162  -2.16135   1.11179
  1.31205  -2.15929   1.11179
  1.31249  -2.15724   1.11222
  1.31292  -2.15519   1.11265
  1.31335  -2.15314   1.11265
  1.31379  -2.15109   1.11309
  1.31422  -2.14904   1.11352
  1.31465    -2.147   1.11352
  1.31509  -2.14496   1.11395
  1.31552  -2.14293   1.11439
  1.31596  -2.14089   1.11482
  1.31639  -2.13886   1.11482
  1.31682  -2.13683   1.11526
  1.31726   -2.1348   1.11569
  1.31769  -2.13278   1.11569
  1.31812  -2.13075   1.11612
  1.31856  -2.12873   1.11656
  1.31899  -2.12672   1.11656
  1.31942   -2.1247   1.11699
  1.31986  -2.12269   1.11742
  1.32029  -2.12068   1.11742
  1.32072  -2.11867   1.11786
  1.32116  -2.11667   1.11829
  1.32159  -2.11467   1.11872
  1.32202  -2.11266   1.11872
  1.32246  -2.11067   1.11916
  1.32289  -2.10867   1.11959
  1.32332  -2.10668   1.11959
  1.32376  -2.10469   1.12002
  1.32419   -2.1027   1.12046
  1.32462  -2.10071   1.12046
  1.32506  -2.09873   1.12089
  1.32549  -2.09675   1.12132
  1.32593  -2.09477   1.12132
  1.32636   -2.0928   1.12176
  1.32679  -2.09082   1.12219
  1.32723  -2.08885   1.12219
  1.32766  -2.08688   1.12262
  1.32809  -2.08492   1.12306
  1.32853  -2.08295   1.12306
  1.32896  -2.08099   1.12349
  1.32939  -2.07903   1.12392
  1.32983  -2.07708   1.12436
  1.33026  -2.07512   1.12436
  1.33069  -2.07317   1.12479
  1.33113  -2.07122   1.12523
  1.33156  -2.06927   1.12523
  1.33199  -2.06733   1.12566
  1.33243  -2.06539   1.12609
  1.33286  -2.06345   1.12609
  1.33329  -2.06151   1.12653
  1.33373  -2.05957   1.12696
  1.33416  -2.05764   1.12696
  1.33459  -2.05571   1.12739
  1.33503  -2.05378   1.12783
  1.33546  -2.05186   1.12783
   1.3359  -2.04993   1.12826
  1.33633  -2.04801   1.12869
  1.33676  -2.04609   1.12913
   1.3372  -2.04418   1.12913
  1.33763  -2.04226   1.12956
  1.33806  -2.04035   1.12999
   1.3385  -2.03844   1.12999
  1.33893  -2.03653   1.13043
  1.33936  -2.03463   1.13086
   1.3398  -2.03272   1.13086
  1.34023  -2.03082   1.13129
  1.34066  -2.02893   1.13173
   1.3411  -2.02703   1.13173
  1.34153  -2.02514   1.13216
  1.34196  -2.02324   1.13259
   1.3424  -2.02136   1.13259
  1.34283  -2.01947   1.13303
  1.34326  -2.01758   1.13346
   1.3437   -2.0157   1.13389
  1.34413  -2.01382   1.13389
  1.34456  -2.01194   1.13433
    1.345  -2.01007   1.13476
  1.34543   -2.0082   1.13476
  1.34587  -2.00633    1.1352
   1.3463  -2.00446   1.13563
  1.34673  -2.00259   1.13563
  1.34717  -2.00073   1.13606
   1.3476  -1.99886    1.1365
  1.34803  -1.99701    1.1365
  1.34847  -1.99515   1.13693
   1.3489  -1.99329   1.13736
  1.34933  -1.99144   1.13736
  1.34977  -1.98959    1.1378
   1.3502  -1.98774   1.13823
  1.35063  -1.98589   1.13866
  1.35107  -1.98405   1.13866
   1.3515  -1.98221    1.1391
  1.35193  -1.98037   1.13953
  1.35237  -1.97853   1.13953
   1.3528   -1.9767   1.13996
  1.35323  -1.97486    1.1404
  1.35367  -1.97303    1.1404
   1.3541   -1.9712   1.14083
  1.35453  -1.96938   1.14126
  1.35497  -1.96755   1.14126
   1.3554  -1.96573    1.1417
  1.35584  -1.96391   1.14213
  1.35627  -1.96209   1.14213
   1.3567  -1.96028   1.14256
  1.35714  -1.95846     1.143
  1.35757  -1.95665   1.14343
    1.358  -1.95484   1.14343
  1.35844  -1.95304   1.14386
  1.35887  -1.95123    1.1443
   1.3593  -1.94943    1.1443
  1.35974  -1.94763   1.14473
  1.36017  -1.94583   1.14517
   1.3606  -1.94404   1.14517
  1.36104  -1.94224    1.1456
  1.36147  -1.94045   1.14603
   1.3619  -1.93866   1.14603
  1.36234  -1.93687   1.14647
  1.36277  -1.93509    1.1469
   1.3632   -1.9333    1.1469
  1.36364  -1.93152   1.14733
  1.36407  -1.92974   1.14777
   1.3645  -1.92797    1.1482
  1.36494  -1.92619    1.1482
  1.36537  -1.92442   1.14863
  1.36581  -1.92265   1.14907
  1.36624  -1.92088   1.14907
  1.36667  -1.91911    1.1495
  1.36711  -1.91735   1.14993
  1.36754  -1.91559   1.14993
  1.36797  -1.91383   1.15037
  1.36841  -1.91207    1.1508
  1.36884  -1.91031    1.1508
  1.36927  -1.90856   1.15123
  1.36971  -1.90681   1.15167
  1.37014  -1.90506   1.15167
  1.37057  -1.90331    1.1521
  1.37101  -1.90156   1.15253
  1.37144  -1.89982   1.15253
  1.37187  -1.89808   1.15297
  1.37231  -1.89634    1.1534
  1.37274   -1.8946   1.15383
  1.37317  -1.89287   1.15383
  1.37361  -1.89113   1.15427
  1.37404   -1.8894    1.1547
  1.37447  -1.88767    1.1547
  1.37491  -1.88595   1.15514
  1.37534  -1.88422   1.15557
  1.37578   -1.8825   1.15557
  1.37621  -1.88078     1.156
  1.37664  -1.87906   1.15644
  1.37708  -1.87734   1.15644
  1.37751  -1.87563   1.15687
  1.37794  -1.87392    1.1573
  1.37838  -1.87221    1.1573
  1.37881   -1.8705   1.15774
  1.37924  -1.86879   1.15817
  1.37968  -1.86709    1.1586
  1.38011  -1.86538    1.1586
  1.38054  -1.86368   1.15904
  1.38098  -1.86198   1.15947
  1.38141  -1.86029   1.15947
  1.38184  -1.85859    1.1599
  1.38228   -1.8569   1.16034
  1.38271  -1.85521   1.16034
  1.38314  -1.85352   1.16077
  1.38358  -1.85183    1.1612
  1.38401  -1.85015    1.1612
  1.38444  -1.84846   1.16164
  1.38488  -1.84678   1.16207
  1.38531  -1.84511   1.16207
  1.38575  -1.84343    1.1625
  1.38618  -1.84175   1.16294
  1.38661  -1.84008   1.16337
  1.38705  -1.83841   1.16337
  1.38748  -1.83674    1.1638
  1.38791  -1.83507   1.16424
  1.38835  -1.83341   1.16424
  1.38878  -1.83175   1.16467
  1.38921  -1.83008   1.16511
  1.38965  -1.82843   1.16511
  1.39008  -1.82677   1.16554
  1.39051  -1.82511   1.16597
  1.39095  -1.82346   1.16597
  1.39138  -1.82181   1.16641
  1.39181  -1.82016   1.16684
  1.39225  -1.81851   1.16684
  1.39268  -1.81686   1.16727
  1.39311  -1.81522   1.16771
  1.39355  -1.81358   1.16771
  1.39398  -1.81194   1.16814
  1.39441   -1.8103   1.16857
  1.39485  -1.80867   1.16901
  1.39528  -1.80703   1.16901
  1.39572   -1.8054   1.16944
  1.39615  -1.80377   1.16987
  1.39658  -1.80214   1.16987
  1.39702  -1.80051   1.17031
  1.39745  -1.79889   1.17074
  1.39788  -1.79727   1.17074
  1.39832  -1.79564   1.17117
  1.39875  -1.79403   1.17161
  1.39918  -1.79241   1.17161
  1.39962  -1.79079   1.17204
  1.40005  -1.78918   1.17247
  1.40048  -1.78757   1.17247
  1.40092  -1.78596   1.17291
  1.40135  -1.78435   1.17334
  1.40178  -1.78275   1.17377
  1.40222  -1.78114   1.17377
  1.40265  -1.77954   1.17421
  1.40308  -1.77794   1.17464
  1.40352  -1.77634   1.17464
  1.40395  -1.77474   1.17508
  1.40438  -1.77315   1.17551
  1.40482  -1.77156   1.17551
  1.40525  -1.76997   1.17594
  1.40569  -1.76838   1.17638
  1.40612  -1.76679   1.17638
  1.40655   -1.7652   1.17681
  1.40699  -1.76362   1.17724
  1.40742  -1.76204   1.17724
  1.40785  -1.76046   1.17768
  1.40829  -1.75888   1.17811
  1.40872   -1.7573   1.17811
  1.40915  -1.75573   1.17854
  1.40959  -1.75416   1.17898
  1.41002  -1.75259   1.17941
  1.41045  -1.75102   1.17941
  1.41089  -1.74945   1.17984
  1.41132  -1.74788   1.18028
  1.41175  -1.74632   1.18028
  1.41219  -1.74476   1.18071
  1.41262   -1.7432   1.18114
  1.41305  -1.74164   1.18114
  1.41349  -1.74008   1.18158
  1.41392  -1.73853   1.18201
  1.41435  -1.73698   1.18201
  1.41479  -1.73543   1.18244
  1.41522  -1.73388   1.18288
  1.41566  -1.73233   1.18288
  1.41609  -1.73078   1.18331
  1.41652  -1.72924   1.18374
  1.41696   -1.7277   1.18418
  1.41739  -1.72616   1.18418
  1.41782  -1.72462   1.18461
  1.41826  -1.72308   1.18505
  1.41869  -1.72155   1.18505
  1.41912  -1.72001   1.18548
  1.41956  -1.71848   1.18591
  1.41999  -1.71695   1.18591
  1.42042  -1.71542   1.18635
  1.42086   -1.7139   1.18678
  1.42129  -1.71237   1.18678
  1.42172  -1.71085   1.18721
  1.42216  -1.70933   1.18765
  1.42259  -1.70781   1.18765
  1.42302  -1.70629   1.18808
  1.42346  -1.70478   1.18851
  1.42389  -1.70326   1.18851
  1.42432  -1.70175   1.18895
  1.42476  -1.70024   1.18938
  1.42519  -1.69873   1.18981
  1.42563  -1.69723   1.18981
  1.42606  -1.69572   1.19025
  1.42649  -1.69422   1.19068
  1.42693  -1.69271   1.19068
  1.42736  -1.69121   1.19111
  1.42779  -1.68972   1.19155
  1.42823  -1.68822   1.19155
  1.42866  -1.68672   1.19198
  1.42909  -1.68523   1.19241
  1.42953  -1.68374   1.19241
  1.42996  -1.68225   1.19285
  1.43039  -1.68076   1.19328
  1.43083  -1.67928   1.19371
  1.43126  -1.67779   1.19371
  1.43169  -1.67631   1.19415
  1.43213  -1.67483   1.19458
  1.43256  -1.67335   1.19458
  1.43299  -1.67187   1.19502
  1.43343  -1.67039   1.19545
  1.43386  -1.66892   1.19545
  1.43429  -1.66744   1.19588
  1.43473  -1.66597   1.19632
  1.43516   -1.6645   1.19632
   1.4356  -1.66304   1.19675
  1.43603  -1.66157   1.19718
  1.43646   -1.6601   1.19718
   1.4369  -1.65864   1.19762
  1.43733  -1.65718   1.19805
  1.43776  -1.65572   1.19805
   1.4382  -1.65426   1.19848
  1.43863  -1.65281   1.19892
  1.43906  -1.65135   1.19892
   1.4395   -1.6499   1.19935
  1.43993  -1.64845   1.19978
  1.44036    -1.647   1.19978
   1.4408  -1.64555   1.20022
  1.44123   -1.6441   1.20065
  1.44166  -1.64266   1.20108
   1.4421  -1.64122   1.20108
  1.44253  -1.63977   1.20152
  1.44296  -1.63833   1.20195
   1.4434   -1.6369   1.20195
  1.44383  -1.63546   1.20238
  1.44426  -1.63402   1.20282
   1.4447  -1.63259   1.20282
  1.44513  -1.63116   1.20325
  1.44557  -1.62973   1.20368
    1.446   -1.6283   1.20368
  1.44643  -1.62687   1.20412
  1.44687  -1.62545   1.20455
   1.4473  -1.62403   1.20455
  1.44773   -1.6226   1.20498
  1.44817  -1.62118   1.20542
   1.4486  -1.61976   1.20542
  1.44903  -1.61835   1.20585
  1.44947  -1.61693   1.20629
   1.4499  -1.61552   1.20672
  1.45033   -1.6141   1.20672
  1.45077  -1.61269   1.20715
   1.4512  -1.61128   1.20759
  1.45163  -1.60988   1.20759
  1.45207  -1.60847   1.20802
   1.4525  -1.60707   1.20845
  1.45293  -1.60566   1.20845
  1.45337  -1.60426   1.20889
   1.4538  -1.60286   1.20932
  1.45423  -1.60146   1.20975
  1.45467  -1.60007   1.20975
   1.4551  -1.59867   1.21019
  1.45554  -1.59728   1.21062
  1.45597  -1.59589   1.21062
   1.4564   -1.5945   1.21105
  1.45684  -1.59311   1.21149
  1.45727  -1.59172   1.21149
   1.4577  -1.59034   1.21192
  1.45814  -1.58895   1.21235
  1.45857  -1.58757   1.21235
    1.459  -1.58619   1.21279
  1.45944  -1.58481   1.21322
  1.45987  -1.58343   1.21322
   1.4603  -1.58205   1.21365
  1.46074  -1.58068   1.21409
  1.46117  -1.57931   1.21409
   1.4616  -1.57793   1.21452
  1.46204  -1.57656   1.21495
  1.46247   -1.5752   1.21495
   1.4629  -1.57383   1.21539
  1.46334  -1.57246   1.21582
  1.46377   -1.5711   1.21582
   1.4642  -1.56974   1.21626
  1.46464  -1.56838   1.21669
  1.46507  -1.56702   1.21712
  1.46551  -1.56566   1.21712
  1.46594   -1.5643   1.21756
  1.46637  -1.56295   1.21799
  1.46681  -1.56159   1.21799
  1.46724  -1.56024   1.21842
  1.46767  -1.55889   1.21886
  1.46811  -1.55754   1.21886
  1.46854   -1.5562   1.21929
  1.46897  -1.55485   1.21972
  1.46941  -1.55351   1.21972
  1.46984  -1.55216   1.22016
  1.47027  -1.55082   1.22059
  1.47071  -1.54948   1.22059
  1.47114  -1.54814   1.22102
  1.47157  -1.54681   1.22146
  1.47201  -1.54547   1.22189
  1.47244  -1.54414   1.22189
  1.47287   -1.5428   1.22232
  1.47331  -1.54147   1.22276
  1.47374  -1.54014   1.22276
  1.47417  -1.53882   1.22319
  1.47461  -1.53749   1.22362
  1.47504  -1.53616   1.22362
  1.47548  -1.53484   1.22406
  1.47591  -1.53352   1.22449
  1.47634   -1.5322   1.22449
  1.47678  -1.53088   1.22492
  1.47721  -1.52956   1.22536
  1.47764  -1.52825   1.22536
  1.47808  -1.52693   1.22579
  1.47851  -1.52562   1.22623
  1.47894  -1.52431   1.22623
  1.47938    -1.523   1.22666
  1.47981  -1.52169   1.22709
  1.48024  -1.52038   1.22753
  1.48068  -1.51907   1.22753
  1.48111  -1.51777   1.22796
  1.48154  -1.51647   1.22839
  1.48198  -1.51516   1.22839
  1.48241  -1.51386   1.22883
  1.48284  -1.51257   1.22926
  1.48328  -1.51127   1.22926
  1.48371  -1.50997   1.22969
  1.48414  -1.50868   1.23013
  1.48458  -1.50738   1.23013
  1.48501  -1.50609   1.23056
  1.48545   -1.5048   1.23099
  1.48588  -1.50351   1.23099
  1.48631  -1.50223   1.23143
  1.48675  -1.50094   1.23186
  1.48718  -1.49966   1.23186
  1.48761  -1.49837   1.23229
  1.48805  -1.49709   1.23273
  1.48848  -1.49581   1.23316
  1.48891  -1.49453   1.23316
  1.48935  -1.49325   1.23359
  1.48978  -1.49198   1.23403
  1.49021   -1.4907   1.23403
  1.49065  -1.48943   1.23446
  1.49108  -1.48816   1.23489
  1.49151  -1.48689   1.23489
  1.49195  -1.48562   1.23533
  1.49238  -1.48435   1.23576
  1.49281  -1.48309   1.23576
  1.49325  -1.48182    1.2362
  1.49368  -1.48056   1.23663
  1.49411   -1.4793   1.23663
  1.49455  -1.47803   1.23706
  1.49498  -1.47678    1.2375
  1.49542  -1.47552   1.23793
  1.49585  -1.47426   1.23793
  1.49628  -1.47301   1.23836
  1.49672  -1.47175    1.2388
  1.49715   -1.4705    1.2388
  1.49758  -1.46925   1.23923
  1.49802    -1.468   1.23966
  1.49845  -1.46675   1.23966
  1.49888   -1.4655    1.2401
  1.49932  -1.46426   1.24053
  1.49975  -1.46302   1.24053
  1.50018  -1.46177   1.24096
  1.50062  -1.46053    1.2414
  1.50105  -1.45929    1.2414
  1.50148  -1.45805   1.24183
  1.50192  -1.45681   1.24226
  1.50235  -1.45558   1.24226
  1.50278  -1.45434    1.2427
  1.50322  -1.45311   1.24313
  1.50365  -1.45188   1.24313
  1.50408  -1.45065   1.24356
  1.50452  -1.44942     1.244
  1.50495  -1.44819   1.24443
  1.50539  -1.44696   1.24443
  1.50582  -1.44574   1.24486
  1.50625  -1.44452    1.2453
  1.50669  -1.44329    1.2453
  1.50712  -1.44207   1.24573
  1.50755  -1.44085   1.24617
  1.50799  -1.43963   1.24617
  1.50842  -1.43842    1.2466
  1.50885   -1.4372   1.24703
  1.50929  -1.43599   1.24703
  1.50972  -1.43477   1.24747
  1.51015  -1.43356    1.2479
  1.51059  -1.43235    1.2479
  1.51102  -1.43114   1.24833
  1.51145  -1.42993   1.24877
  1.51189  -1.42873   1.24877
  1.51232  -1.42752    1.2492
  1.51275  -1.42632   1.24963
  1.51319  -1.42511   1.25007
  1.51362  -1.42391   1.25007
  1.51405  -1.42271    1.2505
  1.51449  -1.42151   1.25093
  1.51492  -1.42032   1.25093
  1.51536  -1.41912   1.25137
  1.51579  -1.41793    1.2518
  1.51622  -1.41673    1.2518
  1.51666  -1.41554   1.25223
  1.51709  -1.41435   1.25267
  1.51752  -1.41316   1.25267
  1.51796  -1.41197    1.2531
  1.51839  -1.41078   1.25353
  1.51882   -1.4096   1.25353
  1.51926  -1.40841   1.25397
  1.51969  -1.40723    1.2544
  1.52012  -1.40605    1.2544
  1.52056  -1.40487   1.25483
  1.52099  -1.40369   1.25527
  1.52142  -1.40251   1.25527
  1.52186  -1.40133    1.2557
  1.52229  -1.40016   1.25614
  1.52272  -1.39898   1.25657
  1.52316  -1.39781   1.25657
  1.52359  -1.39664     1.257
  1.52402  -1.39547   1.25744
  1.52446   -1.3943   1.25744
  1.52489  -1.39313   1.25787
  1.52533  -1.39196    1.2583
  1.52576   -1.3908    1.2583
  1.52619  -1.38963   1.25874
  1.52663  -1.38847   1.25917
  1.52706  -1.38731   1.25917
  1.52749  -1.38615    1.2596
  1.52793  -1.38499   1.26004
  1.52836  -1.38383   1.26004
  1.52879  -1.38267   1.26047
  1.52923  -1.38152    1.2609
  1.52966  -1.38037   1.26134
  1.53009  -1.37921   1.26134
  1.53053  -1.37806   1.26177
  1.53096  -1.37691    1.2622
  1.53139  -1.37576    1.2622
  1.53183  -1.37461   1.26264
  1.53226  -1.37347   1.26307
  1.53269  -1.37232   1.26307
  1.53313  -1.37118    1.2635
  1.53356  -1.37003   1.26394
  1.53399  -1.36889   1.26394
  1.53443  -1.36775   1.26437
  1.53486  -1.36661    1.2648
   1.5353  -1.36547    1.2648
  1.53573  -1.36434   1.26524
  1.53616   -1.3632   1.26567
   1.5366  -1.36207   1.26567
  1.53703  -1.36093   1.26611
  1.53746   -1.3598   1.26654
   1.5379  -1.35867   1.26654
  1.53833  -1.35754   1.26697
  1.53876  -1.35641   1.26741
   1.5392  -1.35528   1.26784
  1.53963  -1.35416   1.26784
  1.54006  -1.35303   1.26827
   1.5405  -1.35191   1.26871
  1.54093  -1.35079   1.26871
  1.54136  -1.34967   1.26914
   1.5418  -1.34855   1.26957
  1.54223  -1.34743   1.26957
  1.54266  -1.34631   1.27001
   1.5431  -1.34519   1.27044
  1.54353  -1.34408   1.27044
  1.54396  -1.34296   1.27087
   1.5444  -1.34185   1.27131
  1.54483  -1.34074   1.27131
  1.54527  -1.33963   1.27174
   1.5457  -1.33852   1.27217
  1.54613  -1.33741   1.27217
  1.54657   -1.3363   1.27261
    1.547   -1.3352   1.27304
  1.54743  -1.33409   1.27347
  1.54787  -1.33299   1.27347
   1.5483  -1.33189   1.27391
  1.54873  -1.33079   1.27434
  1.54917  -1.32969   1.27434
   1.5496  -1.32859   1.27477
  1.55003  -1.32749   1.27521
  1.55047  -1.32639   1.27521
   1.5509   -1.3253   1.27564
  1.55133  -1.32421   1.27608
  1.55177  -1.32311   1.27608
   1.5522  -1.32202   1.27651
  1.55263  -1.32093   1.27694
  1.55307  -1.31984   1.27694
   1.5535  -1.31875   1.27738
  1.55393  -1.31767   1.27781
  1.55437  -1.31658   1.27781
   1.5548   -1.3155   1.27824
  1.55524  -1.31441   1.27868
  1.55567  -1.31333   1.27911
   1.5561  -1.31225   1.27911
  1.55654  -1.31117   1.27954
  1.55697  -1.31009   1.27998
   1.5574  -1.30901   1.27998
  1.55784  -1.30793   1.28041
  1.55827  -1.30686   1.28084
   1.5587  -1.30578   1.28084
  1.55914  -1.30471   1.28128
  1.55957  -1.30364   1.28171
     1.56  -1.30257   1.28171
  1.56044   -1.3015   1.28214
  1.56087  -1.30043   1.28258
   1.5613  -1.29936   1.28258
  1.56174  -1.29829   1.28301
  1.56217  -1.29723   1.28344
   1.5626  -1.29617   1.28344
  1.56304   -1.2951   1.28388
  1.56347  -1.29404   1.28431
   1.5639  -1.29298   1.28431
  1.56434  -1.29192   1.28474
  1.56477  -1.29086   1.28518
  1.56521   -1.2898   1.28561
  1.56564  -1.28875   1.28561
  1.56607  -1.28769   1.28605
  1.56651  -1.28664   1.28648
  1.56694  -1.28558   1.28648
  1.56737  -1.28453   1.28691
  1.56781  -1.28348   1.28735
  1.56824  -1.28243   1.28735
  1.56867  -1.28138   1.28778
  1.56911  -1.28034   1.28821
  1.56954  -1.27929   1.28821
  1.56997  -1.27824   1.28865
  1.57041   -1.2772   1.28908
  1.57084  -1.27616   1.28908
  1.57127  -1.27511   1.28951
  1.57171  -1.27407   1.28995
  1.57214  -1.27303   1.28995
  1.57257    -1.272   1.29038
  1.57301  -1.27096   1.29081
  1.57344  -1.26992   1.29125
  1.57387  -1.26889   1.29125
  1.57431  -1.26785   1.29168
  1.57474  -1.26682   1.29211
  1.57518  -1.26579   1.29211
  1.57561  -1.26475   1.29255
  1.57604  -1.26372   1.29298
  1.57648   -1.2627   1.29298
  1.57691  -1.26167   1.29341
  1.57734  -1.26064   1.29385
  1.57778  -1.25962   1.29385
  1.57821  -1.25859   1.29428
  1.57864  -1.25757   1.29471
  1.57908  -1.25654   1.29471
  1.57951  -1.25552   1.29515
  1.57994   -1.2545   1.29558
  1.58038  -1.25348   1.29558
  1.58081  -1.25247   1.29602
  1.58124  -1.25145   1.29645
  1.58168  -1.25043   1.29688
  1.58211  -1.24942   1.29688
  1.58254   -1.2484   1.29732
  1.58298  -1.24739   1.29775
  1.58341  -1.24638   1.29775
  1.58384  -1.24537   1.29818
  1.58428  -1.24436   1.29862
  1.58471  -1.24335   1.29862
  1.58515  -1.24234   1.29905
  1.58558  -1.24134   1.29948
  1.58601  -1.24033   1.29948
  1.58645  -1.23933   1.29992
  1.58688  -1.23832   1.30035
  1.58731  -1.23732   1.30035
  1.58775  -1.23632   1.30078
  1.58818  -1.23532   1.30122
  1.58861  -1.23432   1.30122
  1.58905  -1.23332   1.30165
  1.58948  -1.23232   1.30208
  1.58991  -1.23133   1.30208
  1.59035  -1.23033   1.30252
  1.59078  -1.22934   1.30295
  1.59121  -1.22835   1.30338
  1.59165  -1.22735   1.30338
  1.59208  -1.22636   1.30382
  1.59251  -1.22537   1.30425
  1.59295  -1.22438   1.30425
  1.59338   -1.2234   1.30468
  1.59381  -1.22241   1.30512
  1.59425  -1.22142   1.30512
  1.59468  -1.22044   1.30555
  1.59512  -1.21945   1.30599
  1.59555  -1.21847   1.30599
  1.59598  -1.21749   1.30642
  1.59642  -1.21651   1.30685
  1.59685  -1.21553   1.30685
  1.59728  -1.21455   1.30729
  1.59772  -1.21357   1.30772
  1.59815   -1.2126   1.30772
  1.59858  -1.21162   1.30815
  1.59902  -1.21065   1.30859
  1.59945  -1.20967   1.30859
  1.59988   -1.2087   1.30902
  1.60032  -1.20773   1.30945
  1.60075  -1.20676   1.30989
  1.60118  -1.20579   1.30989
  1.60162  -1.20482   1.31032
  1.60205  -1.20385   1.31075
  1.60248  -1.20289   1.31075
  1.60292  -1.20192   1.31119
  1.60335  -1.20096   1.31162
  1.60378  -1.19999   1.31162
  1.60422  -1.19903   1.31205
  1.60465  -1.19807   1.31249
  1.60509  -1.19711   1.31249
  1.60552  -1.19615   1.31292
  1.60595  -1.19519   1.31335
  1.60639  -1.19423   1.31335
  1.60682  -1.19327   1.31379
  1.60725  -1.19232   1.31422
  1.60769  -1.19136   1.31422
  1.60812  -1.19041   1.31465
  1.60855  -1.18946   1.31509
  1.60899  -1.18851   1.31552
  1.60942  -1.18756   1.31552
  1.60985  -1.18661   1.31596
  1.61029  -1.18566   1.31639
  1.61072  -1.18471   1.31639
  1.61115  -1.18376   1.31682
  1.61159  -1.18282   1.31726
  1.61202  -1.18187   1.31726
  1.61245  -1.18093   1.31769
  1.61289  -1.17998   1.31812
  1.61332  -1.17904   1.31812
  1.61375   -1.1781   1.31856
  1.61419  -1.17716   1.31899
  1.61462  -1.17622   1.31899
  1.61506  -1.17528   1.31942
  1.61549  -1.17435   1.31986
  1.61592  -1.17341   1.31986
  1.61636  -1.17248   1.32029
  1.61679  -1.17154   1.32072
  1.61722  -1.17061   1.32072
  1.61766  -1.16968   1.32116
  1.61809  -1.16874   1.32159
  1.61852  -1.16781   1.32202
  1.61896  -1.16689   1.32202
  1.61939  -1.16596   1.32246
  1.61982  -1.16503   1.32289
  1.62026   -1.1641   1.32289
  1.62069  -1.16318   1.32332
  1.62112  -1.16225   1.32376
  1.62156  -1.16133   1.32376
  1.62199  -1.16041   1.32419
  1.62242  -1.15948   1.32462
  1.62286  -1.15856   1.32462
  1.62329  -1.15764   1.32506
  1.62372  -1.15672   1.32549
  1.62416  -1.15581   1.32549
  1.62459  -1.15489   1.32593
  1.62503  -1.15397   1.32636
  1.62546  -1.15306   1.32636
  1.62589  -1.15214   1.32679
  1.62633  -1.15123   1.32723
  1.62676  -1.15032   1.32766
  1.62719   -1.1494   1.32766
  1.62763  -1.14849   1.32809
  1.62806  -1.14758   1.32853
  1.62849  -1.14668   1.32853
  1.62893  -1.14577   1.32896
  1.62936  -1.14486   1.32939
  1.62979  -1.14396   1.32939
  1.63023  -1.14305   1.32983
  1.63066  -1.14215   1.33026
  1.63109  -1.14124   1.33026
  1.63153  -1.14034   1.33069
  1.63196  -1.13944   1.33113
  1.63239  -1.13854   1.33113
  1.63283  -1.13764   1.33156
  1.63326  -1.13674   1.33199
  1.63369  -1.13584   1.33199
  1.63413  -1.13495   1.33243
  1.63456  -1.13405   1.33286
  1.63499  -1.13316   1.33286
  1.63543  -1.13226   1.33329
  1.63586  -1.13137   1.33373
   1.6363  -1.13048   1.33416
  1.63673  -1.12958   1.33416
  1.63716  -1.12869   1.33459
   1.6376   -1.1278   1.33503
  1.63803  -1.12692   1.33503
  1.63846  -1.12603   1.33546
   1.6389  -1.12514    1.3359
  1.63933  -1.12425    1.3359
  1.63976  -1.12337   1.33633
   1.6402  -1.12249   1.33676
  1.64063   -1.1216   1.33676
  1.64106  -1.12072    1.3372
   1.6415  -1.11984   1.33763
  1.64193  -1.11896   1.33763
  1.64236  -1.11808   1.33806
   1.6428   -1.1172    1.3385
  1.64323  -1.11632    1.3385
  1.64366  -1.11544   1.33893
   1.6441  -1.11457   1.33936
  1.64453  -1.11369   1.33936
  1.64496  -1.11282    1.3398
   1.6454  -1.11195   1.34023
  1.64583  -1.11107   1.34066
  1.64627   -1.1102   1.34066
   1.6467  -1.10933    1.3411
  1.64713  -1.10846   1.34153
  1.64757  -1.10759   1.34153
    1.648  -1.10672   1.34196
  1.64843  -1.10586    1.3424
  1.64887  -1.10499    1.3424
   1.6493  -1.10412   1.34283
  1.64973  -1.10326   1.34326
  1.65017   -1.1024   1.34326
   1.6506  -1.10153    1.3437
  1.65103  -1.10067   1.34413
  1.65147  -1.09981   1.34413
   1.6519  -1.09895   1.34456
  1.65233  -1.09809     1.345
  1.65277  -1.09723     1.345
   1.6532  -1.09637   1.34543
  1.65363  -1.09552   1.34587
  1.65407  -1.09466   1.34587
   1.6545   -1.0938    1.3463
  1.65493  -1.09295   1.34673
  1.65537   -1.0921   1.34673
   1.6558  -1.09124   1.34717
  1.65624  -1.09039    1.3476
  1.65667  -1.08954   1.34803
   1.6571  -1.08869   1.34803
  1.65754  -1.08784   1.34847
  1.65797  -1.08699    1.3489
   1.6584  -1.08615    1.3489
  1.65884   -1.0853   1.34933
  1.65927  -1.08445   1.34977
   1.6597  -1.08361   1.34977
  1.66014  -1.08277    1.3502
  1.66057  -1.08192   1.35063
    1.661  -1.08108   1.35063
  1.66144  -1.08024   1.35107
  1.66187   -1.0794    1.3515
   1.6623  -1.07856    1.3515
  1.66274  -1.07772   1.35193
  1.66317  -1.07688   1.35237
   1.6636  -1.07604   1.35237
  1.66404  -1.07521    1.3528
  1.66447  -1.07437   1.35323
   1.6649  -1.07354   1.35367
  1.66534   -1.0727   1.35367
  1.66577  -1.07187    1.3541
  1.66621  -1.07104   1.35453
  1.66664  -1.07021   1.35453
  1.66707  -1.06937   1.35497
  1.66751  -1.06854    1.3554
  1.66794  -1.06772    1.3554
  1.66837  -1.06689   1.35584
  1.66881  -1.06606   1.35627
  1.66924  -1.06523   1.35627
  1.66967  -1.06441    1.3567
  1.67011  -1.06358   1.35714
  1.67054  -1.06276   1.35714
  1.67097  -1.06194   1.35757
  1.67141  -1.06111     1.358
  1.67184  -1.06029     1.358
  1.67227  -1.05947   1.35844
  1.67271  -1.05865   1.35887
  1.67314  -1.05783   1.35887
  1.67357  -1.05701    1.3593
  1.67401   -1.0562   1.35974
  1.67444  -1.05538   1.36017
  1.67487  -1.05456   1.36017
  1.67531  -1.05375    1.3606
  1.67574  -1.05293   1.36104
  1.67618  -1.05212   1.36104
  1.67661  -1.05131   1.36147
  1.67704   -1.0505    1.3619
  1.67748  -1.04969    1.3619
  1.67791  -1.04888   1.36234
  1.67834  -1.04807   1.36277
  1.67878  -1.04726   1.36277
  1.67921  -1.04645    1.3632
  1.67964  -1.04564   1.36364
  1.68008  -1.04484   1.36364
  1.68051  -1.04403   1.36407
  1.68094  -1.04323    1.3645
  1.68138  -1.04242    1.3645
  1.68181  -1.04162   1.36494
  1.68224  -1.04082   1.36537
  1.68268  -1.04002   1.36537
  1.68311  -1.03922   1.36581
  1.68354  -1.03842   1.36624
  1.68398  -1.03762   1.36667
  1.68441  -1.03682   1.36667
  1.68484  -1.03602   1.36711
  1.68528  -1.03522   1.36754
  1.68571  -1.03443   1.36754
  1.68615  -1.03363   1.36797
  1.68658  -1.03284   1.36841
  1.68701  -1.03205   1.36841
  1.68745  -1.03125   1.36884
  1.68788  -1.03046   1.36927
  1.68831  -1.02967   1.36927
  1.68875  -1.02888   1.36971
  1.68918  -1.02809   1.37014
  1.68961   -1.0273   1.37014
  1.69005  -1.02651   1.37057
  1.69048  -1.02573   1.37101
  1.69091  -1.02494   1.37101
  1.69135  -1.02415   1.37144
  1.69178  -1.02337   1.37187
  1.69221  -1.02258   1.37187
  1.69265   -1.0218   1.37231
  1.69308  -1.02102   1.37274
  1.69351  -1.02024   1.37274
  1.69395  -1.01946   1.37317
  1.69438  -1.01867   1.37361
  1.69481   -1.0179   1.37404
  1.69525  -1.01712   1.37404
  1.69568  -1.01634   1.37447
  1.69612  -1.01556   1.37491
  1.69655  -1.01478   1.37491
  1.69698  -1.01401   1.37534
  1.69742  -1.01323   1.37578
  1.69785  -1.01246   1.37578
  1.69828  -1.01169   1.37621
  1.69872  -1.01091   1.37664
  1.69915  -1.01014   1.37664
  1.69958  -1.00937   1.37708
  1.70002   -1.0086   1.37751
  1.70045  -1.00783   1.37751
  1.70088  -1.00706   1.37794
  1.70132  -1.00629   1.37838
  1.70175  -1.00553   1.37838
  1.70218  -1.00476   1.37881
  1.70262  -1.00399   1.37924
  1.70305  -1.00323   1.37924
  1.70348  -1.00246   1.37968
  1.70392   -1.0017   1.38011
  1.70435  -1.00094   1.38011
  1.70478  -1.00018   1.38054
  1.70522 -0.999414   1.38098
  1.70565 -0.998654   1.38098
  1.70609 -0.997894   1.38141
  1.70652 -0.997135   1.38184
  1.70695 -0.996377   1.38228
  1.70739 -0.995619   1.38228
  1.70782 -0.994862   1.38271
  1.70825 -0.994106   1.38314
  1.70869 -0.993351   1.38314
  1.70912 -0.992595   1.38358
  1.70955 -0.991842   1.38401
  1.70999 -0.991089   1.38444
  1.71042 -0.990336   1.38444
  1.71085 -0.989584   1.38488
  1.71129 -0.988833   1.38531
  1.71172 -0.988083   1.38531
  1.71215 -0.987334   1.38575
  1.71259 -0.986585   1.38618
  1.71302 -0.985836   1.38618
  1.71345 -0.985089   1.38661
  1.71389 -0.984343   1.38705
  1.71432 -0.983597   1.38705
  1.71475 -0.982852   1.38748
  1.71519 -0.982107   1.38791
  1.71562 -0.981363   1.38791
  1.71606  -0.98062   1.38835
  1.71649 -0.979878   1.38878
  1.71692 -0.979136   1.38878
  1.71736 -0.978396   1.38921
  1.71779 -0.977656   1.38965
  1.71822 -0.976916   1.38965
  1.71866 -0.976178   1.39008
  1.71909  -0.97544   1.39051
  1.71952 -0.974702   1.39051
  1.71996 -0.973966   1.39095
  1.72039  -0.97323   1.39138
  1.72082 -0.972495   1.39138
  1.72126 -0.971761   1.39181
  1.72169 -0.971027   1.39225
  1.72212 -0.970294   1.39225
  1.72256 -0.969562   1.39268
  1.72299  -0.96883   1.39311
  1.72342   -0.9681   1.39311
  1.72386 -0.967369   1.39355
  1.72429  -0.96664   1.39398
  1.72472 -0.965912   1.39441
  1.72516 -0.965183   1.39441
  1.72559 -0.964456   1.39485
  1.72603  -0.96373   1.39528
  1.72646 -0.963004   1.39528
  1.72689 -0.962278   1.39572
  1.72733 -0.961554   1.39615
  1.72776  -0.96083   1.39615
  1.72819 -0.960107   1.39658
  1.72863 -0.959385   1.39702
  1.72906 -0.958663   1.39702
  1.72949 -0.957942   1.39745
  1.72993 -0.957222   1.39788
  1.73036 -0.956503   1.39788
  1.73079 -0.955784   1.39832
  1.73123 -0.955065   1.39875
  1.73166 -0.954348   1.39875
  1.73209 -0.953631   1.39918
  1.73253 -0.952915   1.39962
  1.73296   -0.9522   1.39962
  1.73339 -0.951485   1.40005
  1.73383 -0.950771   1.40048
  1.73426 -0.950058   1.40092
  1.73469 -0.949345   1.40092
  1.73513 -0.948633   1.40135
  1.73556 -0.947922   1.40178
    1.736 -0.947211   1.40178
  1.73643 -0.946501   1.40222
  1.73686 -0.945792   1.40265
   1.7373 -0.945084   1.40265
  1.73773 -0.944376   1.40308
  1.73816 -0.943669   1.40352
   1.7386 -0.942962   1.40352
  1.73903 -0.942256   1.40395
  1.73946 -0.941551   1.40438
   1.7399 -0.940847   1.40438
  1.74033 -0.940143   1.40482
  1.74076  -0.93944   1.40525
   1.7412 -0.938738   1.40525
  1.74163 -0.938036   1.40569
  1.74206 -0.937335   1.40612
   1.7425 -0.936634   1.40612
  1.74293 -0.935934   1.40655
  1.74336 -0.935235   1.40699
   1.7438 -0.934537   1.40742
  1.74423 -0.933839   1.40742
  1.74466 -0.933142   1.40785
   1.7451 -0.932446   1.40829
  1.74553  -0.93175   1.40829
  1.74597 -0.931055   1.40872
   1.7464 -0.930361   1.40915
  1.74683 -0.929667   1.40915
  1.74727 -0.928974   1.40959
   1.7477 -0.928282   1.41002
  1.74813  -0.92759   1.41002
  1.74857 -0.926899   1.41045
    1.749 -0.926209   1.41089
  1.74943 -0.925519   1.41089
  1.74987  -0.92483   1.41132
   1.7503 -0.924142   1.41175
  1.75073 -0.923454   1.41175
  1.75117 -0.922767   1.41219
   1.7516  -0.92208   1.41262
  1.75203 -0.921395   1.41262
  1.75247 -0.920709   1.41305
   1.7529 -0.920025   1.41349
  1.75333 -0.919341   1.41349
  1.75377 -0.918658   1.41392
   1.7542 -0.917975   1.41435
  1.75463 -0.917294   1.41479
  1.75507 -0.916613   1.41479
   1.7555 -0.915932   1.41522
  1.75594 -0.915252   1.41566
  1.75637 -0.914573   1.41566
   1.7568 -0.913894   1.41609
  1.75724 -0.913216   1.41652
  1.75767 -0.912539   1.41652
   1.7581 -0.911862   1.41696
  1.75854 -0.911186   1.41739
  1.75897 -0.910511   1.41739
   1.7594 -0.909836   1.41782
  1.75984 -0.909162   1.41826
  1.76027 -0.908489   1.41826
   1.7607 -0.907816   1.41869
  1.76114 -0.907144   1.41912
  1.76157 -0.906472   1.41912
    1.762 -0.905801   1.41956
  1.76244 -0.905131   1.41999
  1.76287 -0.904462   1.41999
   1.7633 -0.903793   1.42042
  1.76374 -0.903124   1.42086
  1.76417 -0.902457   1.42129
   1.7646 -0.901789   1.42129
  1.76504 -0.901123   1.42172
  1.76547 -0.900457   1.42216
  1.76591 -0.899792   1.42216
  1.76634 -0.899128   1.42259
  1.76677 -0.898464   1.42302
  1.76721 -0.897801   1.42302
  1.76764 -0.897138   1.42346
  1.76807 -0.896476   1.42389
  1.76851 -0.895815   1.42389
  1.76894 -0.895154   1.42432
  1.76937 -0.894494   1.42476
  1.76981 -0.893834   1.42476
  1.77024 -0.893175   1.42519
  1.77067 -0.892517   1.42563
  1.77111 -0.891859   1.42563
  1.77154 -0.891202   1.42606
  1.77197 -0.890546   1.42649
  1.77241  -0.88989   1.42649
  1.77284 -0.889235   1.42693
  1.77327 -0.888581   1.42736
  1.77371 -0.887927   1.42736
  1.77414 -0.887273   1.42779
  1.77457 -0.886621   1.42823
  1.77501 -0.885969   1.42823
  1.77544 -0.885317   1.42866
  1.77588 -0.884666   1.42909
  1.77631 -0.884017   1.42953
  1.77674 -0.883367   1.42953
  1.77718 -0.882718   1.42996
  1.77761  -0.88207   1.43039
  1.77804 -0.881422   1.43039
  1.77848 -0.880774   1.43083
  1.77891 -0.880128   1.43126
  1.77934 -0.879482   1.43126
  1.77978 -0.878837   1.43169
  1.78021 -0.878192   1.43213
  1.78064 -0.877548   1.43213
  1.78108 -0.876905   1.43256
  1.78151 -0.876262   1.43299
  1.78194  -0.87562   1.43299
  1.78238 -0.874978   1.43343
  1.78281 -0.874337   1.43386
  1.78324 -0.873696   1.43386
  1.78368 -0.873056   1.43429
  1.78411 -0.872417   1.43473
  1.78454 -0.871779   1.43473
  1.78498  -0.87114   1.43516
  1.78541 -0.870503    1.4356
  1.78585 -0.869866   1.43603
  1.78628  -0.86923   1.43603
  1.78671 -0.868594   1.43646
  1.78715 -0.867959    1.4369
  1.78758 -0.867325    1.4369
  1.78801 -0.866691   1.43733
  1.78845 -0.866058   1.43776
  1.78888 -0.865425   1.43776
  1.78931 -0.864793    1.4382
  1.78975 -0.864162   1.43863
  1.79018 -0.863531   1.43863
  1.79061   -0.8629   1.43906
  1.79105 -0.862271    1.4395
  1.79148 -0.861642    1.4395
  1.79191 -0.861013   1.43993
  1.79235 -0.860385   1.44036
  1.79278 -0.859758   1.44036
  1.79321 -0.859131    1.4408
  1.79365 -0.858505   1.44123
  1.79408 -0.857879   1.44123
  1.79451 -0.857254   1.44166
  1.79495  -0.85663    1.4421
  1.79538 -0.856006    1.4421
  1.79582 -0.855383   1.44253
  1.79625  -0.85476   1.44296
  1.79668 -0.854138    1.4434
  1.79712 -0.853517    1.4434
  1.79755 -0.852896   1.44383
  1.79798 -0.852275   1.44426
  1.79842 -0.851656   1.44426
  1.79885 -0.851036    1.4447
  1.79928 -0.850418   1.44513
  1.79972   -0.8498   1.44513
  1.80015 -0.849182   1.44557
  1.80058 -0.848566     1.446
  1.80102 -0.847949     1.446
  1.80145 -0.847333   1.44643
  1.80188 -0.846718   1.44687
  1.80232 -0.846104   1.44687
  1.80275  -0.84549    1.4473
  1.80318 -0.844876   1.44773
  1.80362 -0.844264   1.44773
  1.80405 -0.843651   1.44817
  1.80448  -0.84304    1.4486
  1.80492 -0.842429    1.4486
  1.80535 -0.841818   1.44903
  1.80579 -0.841208   1.44947
  1.80622 -0.840599    1.4499
  1.80665  -0.83999    1.4499
  1.80709 -0.839381   1.45033
  1.80752 -0.838774   1.45077
  1.80795 -0.838166   1.45077
  1.80839  -0.83756    1.4512
  1.80882 -0.836954   1.45163
  1.80925 -0.836348   1.45163
  1.80969 -0.835743   1.45207
  1.81012 -0.835139    1.4525
  1.81055 -0.834535    1.4525
  1.81099 -0.833932   1.45293
  1.81142  -0.83333   1.45337
  1.81185 -0.832727   1.45337
  1.81229 -0.832126    1.4538
  1.81272 -0.831525   1.45423
  1.81315 -0.830924   1.45423
  1.81359 -0.830325   1.45467
  1.81402 -0.829725    1.4551
  1.81445 -0.829127    1.4551
  1.81489 -0.828528   1.45554
  1.81532 -0.827931   1.45597
  1.81576 -0.827334   1.45597
  1.81619 -0.826737    1.4564
  1.81662 -0.826141   1.45684
  1.81706 -0.825546   1.45684
  1.81749 -0.824951   1.45727
  1.81792 -0.824356    1.4577
  1.81836 -0.823763   1.45814
  1.81879 -0.823169   1.45814
  1.81922 -0.822577   1.45857
  1.81966 -0.821985     1.459
  1.82009 -0.821393     1.459
  1.82052 -0.820802   1.45944
  1.82096 -0.820212   1.45987
  1.82139 -0.819622   1.45987
  1.82182 -0.819032    1.4603
  1.82226 -0.818443   1.46074
  1.82269 -0.817855   1.46074
  1.82312 -0.817267   1.46117
  1.82356  -0.81668    1.4616
  1.82399 -0.816093    1.4616
  1.82442 -0.815507   1.46204
  1.82486 -0.814922   1.46247
  1.82529 -0.814337   1.46247
  1.82573 -0.813752    1.4629
  1.82616 -0.813168   1.46334
  1.82659 -0.812585   1.46334
  1.82703 -0.812002   1.46377
  1.82746 -0.811419    1.4642
  1.82789 -0.810838    1.4642
  1.82833 -0.810256   1.46464
  1.82876 -0.809675   1.46507
  1.82919 -0.809095   1.46551
  1.82963 -0.808515   1.46551
  1.83006 -0.807936   1.46594
  1.83049 -0.807358   1.46637
  1.83093  -0.80678   1.46637
  1.83136 -0.806202   1.46681
  1.83179 -0.805625   1.46724
  1.83223 -0.805049   1.46724
  1.83266 -0.804472   1.46767
  1.83309 -0.803897   1.46811
  1.83353 -0.803322   1.46811
  1.83396 -0.802748   1.46854
  1.83439 -0.802174   1.46897
  1.83483 -0.801601   1.46897
  1.83526 -0.801028   1.46941
   1.8357 -0.800456   1.46984
  1.83613 -0.799884   1.46984
  1.83656 -0.799313   1.47027
    1.837 -0.798742   1.47071
  1.83743 -0.798172   1.47071
  1.83786 -0.797602   1.47114
   1.8383 -0.797033   1.47157
  1.83873 -0.796464   1.47157
  1.83916 -0.795896   1.47201
   1.8396 -0.795329   1.47244
  1.84003 -0.794762   1.47287
  1.84046 -0.794195   1.47287
   1.8409 -0.793629   1.47331
  1.84133 -0.793064   1.47374
  1.84176 -0.792499   1.47374
   1.8422 -0.791934   1.47417
  1.84263  -0.79137   1.47461
  1.84306 -0.790807   1.47461
   1.8435 -0.790244   1.47504
  1.84393 -0.789682   1.47548
  1.84436  -0.78912   1.47548
   1.8448 -0.788558   1.47591
  1.84523 -0.787997   1.47634
  1.84567 -0.787437   1.47634
   1.8461 -0.786877   1.47678
  1.84653 -0.786318   1.47721
  1.84697 -0.785759   1.47721
   1.8474 -0.785201   1.47764
  1.84783 -0.784643   1.47808
  1.84827 -0.784086   1.47808
   1.8487 -0.783529   1.47851
  1.84913 -0.782973   1.47894
  1.84957 -0.782417   1.47894
     1.85 -0.781862   1.47938