 kgrid  ValNew  Policy 
     0.55  -19.3544   0.60115
 0.550433  -19.3175   0.60115
 0.550867  -19.2806  0.601584
   0.5513  -19.2439  0.602017
 0.551734  -19.2073  0.602451
 0.552167  -19.1707  0.602451
 0.552601  -19.1342  0.602884
 0.553034  -19.0979  0.603318
 0.553468  -19.0616  0.603318
 0.553901  -19.0254  0.603751
 0.554335  -18.9893  0.604185
 0.554768  -18.9533  0.604618
 0.555202  -18.9174  0.604618
 0.555635  -18.8816  0.605052
 0.556069  -18.8459  0.605485
 0.556502  -18.8102  0.605919
 0.556936  -18.7747  0.605919
 0.557369  -18.7392  0.606352
 0.557803  -18.7038  0.606786
 0.558236  -18.6686  0.607219
  0.55867  -18.6334  0.607219
 0.559103  -18.5982  0.607653
 0.559537  -18.5632  0.608086
  0.55997  -18.5283  0.608086
 0.560403  -18.4935   0.60852
 0.560837  -18.4587  0.608953
  0.56127   -18.424  0.609386
 0.561704  -18.3895  0.609386
 0.562137  -18.3549   0.60982
 0.562571  -18.3205  0.610253
 0.563004  -18.2862  0.610687
 0.563438   -18.252  0.610687
 0.563871  -18.2178   0.61112
 0.564305  -18.1837  0.611554
 0.564738  -18.1498  0.611987
 0.565172  -18.1159  0.611987
 0.565605   -18.082  0.612421
 0.566039  -18.0483  0.612854
 0.566472  -18.0147  0.612854
 0.566906  -17.9811  0.613288
 0.567339  -17.9476  0.613721
 0.567773  -17.9142  0.614155
 0.568206  -17.8809  0.614155
  0.56864  -17.8477  0.614588
 0.569073  -17.8145  0.615022
 0.569507  -17.7815  0.615455
  0.56994  -17.7485  0.615455
 0.570373  -17.7155  0.615889
 0.570807  -17.6827  0.616322
  0.57124    -17.65  0.616756
 0.571674  -17.6173  0.616756
 0.572107  -17.5847  0.617189
 0.572541  -17.5522  0.617623
 0.572974  -17.5198  0.618056
 0.573408  -17.4875  0.618056
 0.573841  -17.4552  0.618489
 0.574275   -17.423  0.618923
 0.574708  -17.3909  0.618923
 0.575142  -17.3589  0.619356
 0.575575  -17.3269   0.61979
 0.576009  -17.2951  0.620223
 0.576442  -17.2633  0.620223
 0.576876  -17.2315  0.620657
 0.577309  -17.1999   0.62109
 0.577743  -17.1684  0.621524
 0.578176  -17.1369  0.621524
  0.57861  -17.1054  0.621957
 0.579043  -17.0741  0.622391
 0.579476  -17.0429  0.622824
  0.57991  -17.0117  0.622824
 0.580343  -16.9806  0.623258
 0.580777  -16.9496  0.623691
  0.58121  -16.9186  0.623691
 0.581644  -16.8877  0.624125
 0.582077  -16.8569  0.624558
 0.582511  -16.8262  0.624992
 0.582944  -16.7955  0.624992
 0.583378   -16.765  0.625425
 0.583811  -16.7344  0.625859
 0.584245   -16.704  0.626292
 0.584678  -16.6737  0.626292
 0.585112  -16.6434  0.626726
 0.585545  -16.6132  0.627159
 0.585979   -16.583  0.627593
 0.586412   -16.553  0.627593
 0.586846   -16.523  0.628026
 0.587279   -16.493  0.628459
 0.587713  -16.4632  0.628459
 0.588146  -16.4334  0.628893
  0.58858  -16.4037  0.629326
 0.589013  -16.3741   0.62976
 0.589446  -16.3445   0.62976
  0.58988   -16.315  0.630193
 0.590313  -16.2856  0.630627
 0.590747  -16.2563   0.63106
  0.59118   -16.227   0.63106
 0.591614  -16.1977  0.631494
 0.592047  -16.1686  0.631927
 0.592481  -16.1395  0.631927
 0.592914  -16.1105  0.632361
 0.593348  -16.0816  0.632794
 0.593781  -16.0527  0.633228
 0.594215  -16.0239  0.633228
 0.594648  -15.9952  0.633661
 0.595082  -15.9665  0.634095
 0.595515   -15.938  0.634528
 0.595949  -15.9094  0.634528
 0.596382   -15.881  0.634962
 0.596816  -15.8526  0.635395
 0.597249  -15.8243  0.635829
 0.597683   -15.796  0.635829
 0.598116  -15.7678  0.636262
  0.59855  -15.7397  0.636696
 0.598983  -15.7117  0.636696
 0.599416  -15.6837  0.637129
  0.59985  -15.6557  0.637563
 0.600283  -15.6279  0.637996
 0.600717  -15.6001  0.637996
  0.60115  -15.5724  0.638429
 0.601584  -15.5447  0.638863
 0.602017  -15.5171  0.639296
 0.602451  -15.4896  0.639296
 0.602884  -15.4621   0.63973
 0.603318  -15.4347  0.640163
 0.603751  -15.4074  0.640163
 0.604185  -15.3801  0.640597
 0.604618  -15.3529   0.64103
 0.605052  -15.3258  0.641464
 0.605485  -15.2987  0.641464
 0.605919  -15.2717  0.641897
 0.606352  -15.2447  0.642331
 0.606786  -15.2179  0.642764
 0.607219   -15.191  0.642764
 0.607653  -15.1642  0.643198
 0.608086  -15.1376  0.643631
  0.60852  -15.1109  0.643631
 0.608953  -15.0843  0.644065
 0.609386  -15.0578  0.644498
  0.60982  -15.0314  0.644932
 0.610253   -15.005  0.644932
 0.610687  -14.9786  0.645365
  0.61112  -14.9524  0.645799
 0.611554  -14.9262  0.646232
 0.611987     -14.9  0.646232
 0.612421  -14.8739  0.646666
 0.612854  -14.8479  0.647099
 0.613288   -14.822  0.647533
 0.613721   -14.796  0.647533
 0.614155  -14.7702  0.647966
 0.614588  -14.7444  0.648399
 0.615022  -14.7187  0.648399
 0.615455   -14.693  0.648833
 0.615889  -14.6674  0.649266
 0.616322  -14.6419    0.6497
 0.616756  -14.6164    0.6497
 0.617189   -14.591  0.650133
 0.617623  -14.5656  0.650567
 0.618056  -14.5403     0.651
 0.618489   -14.515     0.651
 0.618923  -14.4898  0.651434
 0.619356  -14.4647  0.651867
  0.61979  -14.4396  0.651867
 0.620223  -14.4146  0.652301
 0.620657  -14.3896  0.652734
  0.62109  -14.3647  0.653168
 0.621524  -14.3399  0.653168
 0.621957  -14.3151  0.653601
 0.622391  -14.2903  0.654035
 0.622824  -14.2657  0.654468
 0.623258   -14.241  0.654468
 0.623691  -14.2165  0.654902
 0.624125   -14.192  0.655335
 0.624558  -14.1675  0.655769
 0.624992  -14.1431  0.655769
 0.625425  -14.1188  0.656202
 0.625859  -14.0945  0.656636
 0.626292  -14.0702  0.656636
 0.626726  -14.0461  0.657069
 0.627159  -14.0219  0.657503
 0.627593  -13.9979  0.657503
 0.628026  -13.9739  0.657936
 0.628459  -13.9499  0.658369
 0.628893   -13.926  0.658803
 0.629326  -13.9022  0.659236
  0.62976  -13.8783  0.659236
 0.630193  -13.8546   0.65967
 0.630627  -13.8309  0.660103
  0.63106  -13.8073  0.660103
 0.631494  -13.7837  0.660537
 0.631927  -13.7602   0.66097
 0.632361  -13.7367  0.661404
 0.632794  -13.7133  0.661404
 0.633228  -13.6899  0.661837
 0.633661  -13.6666  0.662271
 0.634095  -13.6433  0.662271
 0.634528  -13.6201  0.662704
 0.634962   -13.597  0.663138
 0.635395  -13.5739  0.663571
 0.635829  -13.5508  0.663571
 0.636262  -13.5278  0.664005
 0.636696  -13.5049  0.664438
 0.637129   -13.482  0.664872
 0.637563  -13.4591  0.664872
 0.637996  -13.4363  0.665305
 0.638429  -13.4136  0.665739
 0.638863  -13.3909  0.665739
 0.639296  -13.3682  0.666172
  0.63973  -13.3456  0.666606
 0.640163  -13.3231  0.667039
 0.640597  -13.3006  0.667039
  0.64103  -13.2782  0.667472
 0.641464  -13.2558  0.667906
 0.641897  -13.2334  0.668339
 0.642331  -13.2111  0.668339
 0.642764  -13.1889  0.668773
 0.643198  -13.1667  0.669206
 0.643631  -13.1446  0.669206
 0.644065  -13.1225   0.66964
 0.644498  -13.1004  0.670073
 0.644932  -13.0784  0.670507
 0.645365  -13.0565  0.670507
 0.645799  -13.0346   0.67094
 0.646232  -13.0127  0.671374
 0.646666  -12.9909  0.671807
 0.647099  -12.9692  0.671807
 0.647533  -12.9475  0.672241
 0.647966  -12.9258  0.672674
 0.648399  -12.9042  0.672674
 0.648833  -12.8826  0.673108
 0.649266  -12.8611  0.673541
   0.6497  -12.8397  0.673975
 0.650133  -12.8183  0.673975
 0.650567  -12.7969  0.674408
    0.651  -12.7756  0.674842
 0.651434  -12.7543  0.675275
 0.651867   -12.733  0.675275
 0.652301  -12.7119  0.675709
 0.652734  -12.6907  0.676142
 0.653168  -12.6696  0.676142
 0.653601  -12.6486  0.676576
 0.654035  -12.6276  0.677009
 0.654468  -12.6066  0.677442
 0.654902  -12.5857  0.677442
 0.655335  -12.5649  0.677876
 0.655769  -12.5441  0.678309
 0.656202  -12.5233  0.678309
 0.656636  -12.5026  0.678743
 0.657069  -12.4819  0.679176
 0.657503  -12.4613   0.67961
 0.657936  -12.4407   0.67961
 0.658369  -12.4201  0.680043
 0.658803  -12.3996  0.680477
 0.659236  -12.3792   0.68091
  0.65967  -12.3588   0.68091
 0.660103  -12.3384  0.681344
 0.660537  -12.3181  0.681777
  0.66097  -12.2978  0.681777
 0.661404  -12.2776  0.682211
 0.661837  -12.2574  0.682644
 0.662271  -12.2373  0.683078
 0.662704  -12.2172  0.683078
 0.663138  -12.1971  0.683511
 0.663571  -12.1771  0.683945
 0.664005  -12.1571  0.684378
 0.664438  -12.1372  0.684378
 0.664872  -12.1173  0.684812
 0.665305  -12.0975  0.685245
 0.665739  -12.0777  0.685245
 0.666172  -12.0579  0.685679
 0.666606  -12.0382  0.686112
 0.667039  -12.0186  0.686546
 0.667472  -11.9989  0.686546
 0.667906  -11.9793  0.686979
 0.668339  -11.9598  0.687412
 0.668773  -11.9403  0.687846
 0.669206  -11.9208  0.687846
  0.66964  -11.9014  0.688279
 0.670073  -11.8821  0.688713
 0.670507  -11.8627  0.688713
  0.67094  -11.8434  0.689146
 0.671374  -11.8242   0.68958
 0.671807   -11.805  0.690013
 0.672241  -11.7858  0.690013
 0.672674  -11.7667  0.690447
 0.673108  -11.7476   0.69088
 0.673541  -11.7286   0.69088
 0.673975  -11.7096  0.691314
 0.674408  -11.6906  0.691747
 0.674842  -11.6717  0.692181
 0.675275  -11.6528  0.692181
 0.675709   -11.634  0.692614
 0.676142  -11.6152  0.693048
 0.676576  -11.5964  0.693481
 0.677009  -11.5777  0.693481
 0.677442   -11.559  0.693915
 0.677876  -11.5404  0.694348
 0.678309  -11.5218  0.694348
 0.678743  -11.5032  0.694782
 0.679176  -11.4847  0.695215
  0.67961  -11.4662  0.695649
 0.680043  -11.4478  0.695649
 0.680477  -11.4293  0.696082
  0.68091   -11.411  0.696516
 0.681344  -11.3927  0.696516
 0.681777  -11.3744  0.696949
 0.682211  -11.3561  0.697382
 0.682644  -11.3379  0.697816
 0.683078  -11.3197  0.697816
 0.683511  -11.3016  0.698249
 0.683945  -11.2835  0.698683
 0.684378  -11.2655  0.699116
 0.684812  -11.2474  0.699116
 0.685245  -11.2295   0.69955
 0.685679  -11.2115  0.699983
 0.686112  -11.1936  0.699983
 0.686546  -11.1758  0.700417
 0.686979  -11.1579   0.70085
 0.687412  -11.1401  0.701284
 0.687846  -11.1224  0.701284
 0.688279  -11.1047  0.701717
 0.688713   -11.087  0.702151
 0.689146  -11.0694  0.702151
  0.68958  -11.0517  0.702584
 0.690013  -11.0342  0.703018
 0.690447  -11.0166  0.703451
  0.69088  -10.9992  0.703451
 0.691314  -10.9817  0.703885
 0.691747  -10.9643  0.704318
 0.692181  -10.9469  0.704752
 0.692614  -10.9295  0.704752
 0.693048  -10.9122  0.705185
 0.693481   -10.895  0.705619
 0.693915  -10.8777  0.705619
 0.694348  -10.8605  0.706052
 0.694782  -10.8433  0.706485
 0.695215  -10.8262  0.706919
 0.695649  -10.8091  0.706919
 0.696082  -10.7921  0.707352
 0.696516   -10.775  0.707786
 0.696949  -10.7581  0.707786
 0.697382  -10.7411  0.708219
 0.697816  -10.7242  0.708653
 0.698249  -10.7073  0.709086
 0.698683  -10.6904  0.709086
 0.699116  -10.6736   0.70952
  0.69955  -10.6568  0.709953
 0.699983  -10.6401  0.710387
 0.700417  -10.6234  0.710387
  0.70085  -10.6067   0.71082
 0.701284  -10.5901  0.711254
 0.701717  -10.5735  0.711254
 0.702151  -10.5569  0.711687
 0.702584  -10.5404  0.712121
 0.703018  -10.5239  0.712554
 0.703451  -10.5074  0.712554
 0.703885   -10.491  0.712988
 0.704318  -10.4746  0.713421
 0.704752  -10.4582  0.713421
 0.705185  -10.4419  0.713855
 0.705619  -10.4256  0.714288
 0.706052  -10.4093  0.714722
 0.706485  -10.3931  0.714722
 0.706919  -10.3769  0.715155
 0.707352  -10.3607  0.715589
 0.707786  -10.3446  0.715589
 0.708219  -10.3285  0.716022
 0.708653  -10.3124  0.716455
 0.709086  -10.2964  0.716889
  0.70952  -10.2804  0.716889
 0.709953  -10.2644  0.717322
 0.710387  -10.2485  0.717756
  0.71082  -10.2326  0.718189
 0.711254  -10.2167  0.718189
 0.711687  -10.2009  0.718623
 0.712121  -10.1851  0.719056
 0.712554  -10.1693  0.719056
 0.712988  -10.1535   0.71949
 0.713421  -10.1378  0.719923
 0.713855  -10.1222  0.720357
 0.714288  -10.1065  0.720357
 0.714722  -10.0909   0.72079
 0.715155  -10.0753  0.721224
 0.715589  -10.0598  0.721224
 0.716022  -10.0443  0.721657
 0.716455  -10.0288  0.722091
 0.716889  -10.0133  0.722524
 0.717322   -9.9979  0.722524
 0.717756   -9.9825  0.722958
 0.718189  -9.96714  0.723391
 0.718623  -9.95182  0.723391
 0.719056  -9.93652  0.723825
  0.71949  -9.92125  0.724258
 0.719923  -9.90602  0.724692
 0.720357  -9.89081  0.724692
  0.72079  -9.87563  0.725125
 0.721224  -9.86049  0.725559
 0.721657  -9.84538  0.725992
 0.722091  -9.83029  0.725992
 0.722524  -9.81524  0.726425
 0.722958  -9.80022  0.726859
 0.723391  -9.78523  0.726859
 0.723825  -9.77027  0.727292
 0.724258  -9.75533  0.727726
 0.724692  -9.74044  0.728159
 0.725125  -9.72557  0.728159
 0.725559  -9.71072  0.728593
 0.725992  -9.69591  0.729026
 0.726425  -9.68114  0.729026
 0.726859  -9.66638   0.72946
 0.727292  -9.65165  0.729893
 0.727726  -9.63697  0.730327
 0.728159   -9.6223  0.730327
 0.728593  -9.60766   0.73076
 0.729026  -9.59306  0.731194
  0.72946  -9.57849  0.731194
 0.729893  -9.56394  0.731627
 0.730327  -9.54942  0.732061
  0.73076  -9.53494  0.732494
 0.731194  -9.52048  0.732494
 0.731627  -9.50605  0.732928
 0.732061  -9.49164  0.733361
 0.732494  -9.47728  0.733361
 0.732928  -9.46293  0.733795
 0.733361  -9.44861  0.734228
 0.733795  -9.43433  0.734662
 0.734228  -9.42007  0.734662
 0.734662  -9.40584  0.735095
 0.735095  -9.39164  0.735529
 0.735529  -9.37747  0.735962
 0.735962  -9.36332  0.735962
 0.736395   -9.3492  0.736395
 0.736829  -9.33511  0.736829
 0.737262  -9.32106  0.736829
 0.737696  -9.30702  0.737262
 0.738129  -9.29301  0.737696
 0.738563  -9.27904  0.738129
 0.738996  -9.26509  0.738129
  0.73943  -9.25116  0.738563
 0.739863  -9.23727  0.738996
 0.740297  -9.22341  0.738996
  0.74073  -9.20956   0.73943
 0.741164  -9.19575  0.739863
 0.741597  -9.18197  0.740297
 0.742031  -9.16821  0.740297
 0.742464  -9.15447   0.74073
 0.742898  -9.14077  0.741164
 0.743331   -9.1271  0.741164
 0.743765  -9.11344  0.741597
 0.744198  -9.09982  0.742031
 0.744632  -9.08623  0.742464
 0.745065  -9.07266  0.742464
 0.745498  -9.05911  0.742898
 0.745932   -9.0456  0.743331
 0.746365  -9.03211  0.743331
 0.746799  -9.01864  0.743765
 0.747232   -9.0052  0.744198
 0.747666   -8.9918  0.744632
 0.748099  -8.97841  0.744632
 0.748533  -8.96505  0.745065
 0.748966  -8.95172  0.745498
   0.7494  -8.93842  0.745932
 0.749833  -8.92514  0.745932
 0.750267  -8.91188  0.746365
   0.7507  -8.89866  0.746799
 0.751134  -8.88546  0.746799
 0.751567  -8.87228  0.747232
 0.752001  -8.85913  0.747666
 0.752434  -8.84601  0.747666
 0.752868  -8.83291  0.748099
 0.753301  -8.81983  0.748533
 0.753735  -8.80679  0.748966
 0.754168  -8.79376  0.748966
 0.754602  -8.78076    0.7494
 0.755035  -8.76779  0.749833
 0.755468  -8.75485  0.750267
 0.755902  -8.74192  0.750267
 0.756335  -8.72902    0.7507
 0.756769  -8.71615  0.751134
 0.757202  -8.70331  0.751134
 0.757636  -8.69048  0.751567
 0.758069  -8.67769  0.752001
 0.758503  -8.66492  0.752434
 0.758936  -8.65217  0.752434
  0.75937  -8.63944  0.752868
 0.759803  -8.62675  0.753301
 0.760237  -8.61408  0.753301
  0.76067  -8.60143  0.753735
 0.761104   -8.5888  0.754168
 0.761537  -8.57621  0.754602
 0.761971  -8.56363  0.754602
 0.762404  -8.55107  0.755035
 0.762838  -8.53855  0.755468
 0.763271  -8.52605  0.755468
 0.763705  -8.51356  0.755902
 0.764138  -8.50111  0.756335
 0.764572  -8.48868  0.756769
 0.765005  -8.47627  0.756769
 0.765438  -8.46388  0.757202
 0.765872  -8.45153  0.757636
 0.766305   -8.4392  0.757636
 0.766739  -8.42688  0.758069
 0.767172  -8.41459  0.758503
 0.767606  -8.40233  0.758936
 0.768039  -8.39009  0.758936
 0.768473  -8.37787   0.75937
 0.768906  -8.36567  0.759803
  0.76934  -8.35351  0.759803
 0.769773  -8.34135  0.760237
 0.770207  -8.32923   0.76067
  0.77064  -8.31713  0.761104
 0.771074  -8.30505  0.761104
 0.771507  -8.29299  0.761537
 0.771941  -8.28096  0.761971
 0.772374  -8.26896  0.762404
 0.772808  -8.25696  0.762404
 0.773241    -8.245  0.762838
 0.773675  -8.23306  0.763271
 0.774108  -8.22114  0.763271
 0.774542  -8.20925  0.763705
 0.774975  -8.19738  0.764138
 0.775408  -8.18553  0.764572
 0.775842  -8.17369  0.764572
 0.776275  -8.16189  0.765005
 0.776709  -8.15011  0.765438
 0.777142  -8.13835  0.765438
 0.777576  -8.12661  0.765872
 0.778009  -8.11489  0.766305
 0.778443   -8.1032  0.766305
 0.778876  -8.09153  0.766739
  0.77931  -8.07988  0.767172
 0.779743  -8.06826  0.767606
 0.780177  -8.05665  0.767606
  0.78061  -8.04506  0.768039
 0.781044  -8.03351  0.768473
 0.781477  -8.02197  0.768906
 0.781911  -8.01044  0.768906
 0.782344  -7.99895   0.76934
 0.782778  -7.98747  0.769773
 0.783211  -7.97602  0.769773
 0.783645  -7.96459  0.770207
 0.784078  -7.95318   0.77064
 0.784512   -7.9418   0.77064
 0.784945  -7.93043  0.771074
 0.785378  -7.91908  0.771507
 0.785812  -7.90776  0.771941
 0.786245  -7.89646  0.771941
 0.786679  -7.88517  0.772374
 0.787112  -7.87391  0.772808
 0.787546  -7.86268  0.773241
 0.787979  -7.85145  0.773241
 0.788413  -7.84025  0.773675
 0.788846  -7.82908  0.774108
  0.78928  -7.81793  0.774108
 0.789713  -7.80679  0.774542
 0.790147  -7.79568  0.774975
  0.79058  -7.78459  0.775408
 0.791014  -7.77351  0.775408
 0.791447  -7.76246  0.775842
 0.791881  -7.75143  0.776275
 0.792314  -7.74042  0.776275
 0.792748  -7.72943  0.776709
 0.793181  -7.71846  0.777142
 0.793615  -7.70752  0.777142
 0.794048  -7.69659  0.777576
 0.794481  -7.68567  0.778009
 0.794915  -7.67479  0.778443
 0.795348  -7.66393  0.778443
 0.795782  -7.65307  0.778876
 0.796215  -7.64225   0.77931
 0.796649  -7.63145  0.779743
 0.797082  -7.62065  0.779743
 0.797516  -7.60989  0.780177
 0.797949  -7.59914   0.78061
 0.798383  -7.58842   0.78061
 0.798816  -7.57771  0.781044
  0.79925  -7.56702  0.781477
 0.799683  -7.55636  0.781477
 0.800117  -7.54571  0.781911
  0.80055  -7.53508  0.782344
 0.800984  -7.52448  0.782778
 0.801417  -7.51389  0.782778
 0.801851  -7.50331  0.783211
 0.802284  -7.49277  0.783645
 0.802718  -7.48224  0.784078
 0.803151  -7.47172  0.784078
 0.803585  -7.46123  0.784512
 0.804018  -7.45076  0.784945
 0.804451  -7.44031  0.784945
 0.804885  -7.42988  0.785378
 0.805318  -7.41946  0.785812
 0.805752  -7.40907  0.786245
 0.806185  -7.39869  0.786245
 0.806619  -7.38833  0.786679
 0.807052    -7.378  0.787112
 0.807486  -7.36768  0.787112
 0.807919  -7.35738  0.787546
 0.808353   -7.3471  0.787979
 0.808786  -7.33684  0.788413
  0.80922   -7.3266  0.788413
 0.809653  -7.31637  0.788846
 0.810087  -7.30617   0.78928
  0.81052  -7.29598   0.78928
 0.810954  -7.28581  0.789713
 0.811387  -7.27566  0.790147
 0.811821  -7.26554   0.79058
 0.812254  -7.25542   0.79058
 0.812688  -7.24532  0.791014
 0.813121  -7.23525  0.791447
 0.813555  -7.22519  0.791447
 0.813988  -7.21515  0.791881
 0.814421  -7.20513  0.792314
 0.814855  -7.19513  0.792314
 0.815288  -7.18515  0.792748
 0.815722  -7.17518  0.793181
 0.816155  -7.16524  0.793615
 0.816589  -7.15531  0.793615
 0.817022  -7.14539  0.794048
 0.817456   -7.1355  0.794481
 0.817889  -7.12563  0.794915
 0.818323  -7.11576  0.794915
 0.818756  -7.10593  0.795348
  0.81919  -7.09611  0.795782
 0.819623   -7.0863  0.795782
 0.820057  -7.07651  0.796215
  0.82049  -7.06675  0.796649
 0.820924    -7.057  0.796649
 0.821357  -7.04726  0.797082
 0.821791  -7.03755  0.797516
 0.822224  -7.02785  0.797949
 0.822658  -7.01817  0.797949
 0.823091   -7.0085  0.798383
 0.823525  -6.99886  0.798816
 0.823958  -6.98924  0.798816
 0.824391  -6.97962   0.79925
 0.824825  -6.97003  0.799683
 0.825258  -6.96045  0.800117
 0.825692  -6.95089  0.800117
 0.826125  -6.94135   0.80055
 0.826559  -6.93183  0.800984
 0.826992  -6.92232  0.800984
 0.827426  -6.91283  0.801417
 0.827859  -6.90336  0.801851
 0.828293  -6.89391  0.802284
 0.828726  -6.88446  0.802284
  0.82916  -6.87504  0.802718
 0.829593  -6.86564  0.803151
 0.830027  -6.85625  0.803151
  0.83046  -6.84688  0.803585
 0.830894  -6.83752  0.804018
 0.831327  -6.82819  0.804451
 0.831761  -6.81886  0.804451
 0.832194  -6.80956  0.804885
 0.832628  -6.80027  0.805318
 0.833061    -6.791  0.805318
 0.833494  -6.78174  0.805752
 0.833928  -6.77251  0.806185
 0.834361  -6.76329  0.806619
 0.834795  -6.75408  0.806619
 0.835228  -6.74489  0.807052
 0.835662  -6.73572  0.807486
 0.836095  -6.72657  0.807486
 0.836529  -6.71742  0.807919
 0.836962   -6.7083  0.808353
 0.837396   -6.6992  0.808786
 0.837829  -6.69011  0.808786
 0.838263  -6.68103   0.80922
 0.838696  -6.67197  0.809653
  0.83913  -6.66293  0.809653
 0.839563   -6.6539  0.810087
 0.839997  -6.64489   0.81052
  0.84043   -6.6359  0.810954
 0.840864  -6.62692  0.810954
 0.841297  -6.61796  0.811387
 0.841731  -6.60901  0.811821
 0.842164  -6.60008  0.811821
 0.842598  -6.59117  0.812254
 0.843031  -6.58227  0.812688
 0.843464  -6.57339  0.812688
 0.843898  -6.56452  0.813121
 0.844331  -6.55566  0.813555
 0.844765  -6.54683  0.813988
 0.845198  -6.53801  0.813988
 0.845632   -6.5292  0.814421
 0.846065  -6.52042  0.814855
 0.846499  -6.51165  0.814855
 0.846932  -6.50288  0.815288
 0.847366  -6.49414  0.815722
 0.847799  -6.48541  0.816155
 0.848233   -6.4767  0.816155
 0.848666    -6.468  0.816589
   0.8491  -6.45932  0.817022
 0.849533  -6.45066  0.817022
 0.849967  -6.44201  0.817456
   0.8504  -6.43337  0.817889
 0.850834  -6.42475  0.818323
 0.851267  -6.41614  0.818323
 0.851701  -6.40755  0.818756
 0.852134  -6.39898   0.81919
 0.852568  -6.39042   0.81919
 0.853001  -6.38187  0.819623
 0.853434  -6.37334  0.820057
 0.853868  -6.36483   0.82049
 0.854301  -6.35633   0.82049
 0.854735  -6.34784  0.820924
 0.855168  -6.33937  0.821357
 0.855602  -6.33092  0.821357
 0.856035  -6.32247  0.821791
 0.856469  -6.31405  0.822224
 0.856902  -6.30564  0.822658
 0.857336  -6.29724  0.822658
 0.857769  -6.28886  0.823091
 0.858203  -6.28049  0.823525
 0.858636  -6.27214  0.823525
  0.85907   -6.2638  0.823958
 0.859503  -6.25547  0.824391
 0.859937  -6.24717  0.824825
  0.86037  -6.23887  0.824825
 0.860804  -6.23059  0.825258
 0.861237  -6.22233  0.825692
 0.861671  -6.21407  0.825692
 0.862104  -6.20583  0.826125
 0.862538  -6.19761  0.826559
 0.862971  -6.18941  0.826559
 0.863404  -6.18121  0.826992
 0.863838  -6.17303  0.827426
 0.864271  -6.16486  0.827859
 0.864705  -6.15671  0.827859
 0.865138  -6.14857  0.828293
 0.865572  -6.14045  0.828726
 0.866005  -6.13234  0.828726
 0.866439  -6.12424   0.82916
 0.866872  -6.11616  0.829593
 0.867306   -6.1081  0.830027
 0.867739  -6.10004  0.830027
 0.868173    -6.092   0.83046
 0.868606  -6.08397  0.830894
  0.86904  -6.07596  0.830894
 0.869473  -6.06796  0.831327
 0.869907  -6.05998  0.831761
  0.87034  -6.05201  0.832194
 0.870774  -6.04405  0.832194
 0.871207  -6.03611  0.832628
 0.871641  -6.02818  0.833061
 0.872074  -6.02026  0.833061
 0.872508  -6.01236  0.833494
 0.872941  -6.00447  0.833928
 0.873374   -5.9966  0.834361
 0.873808  -5.98873  0.834361
 0.874241  -5.98089  0.834795
 0.874675  -5.97305  0.835228
 0.875108  -5.96523  0.835228
 0.875542  -5.95742  0.835662
 0.875975  -5.94963  0.836095
 0.876409  -5.94185  0.836529
 0.876842  -5.93408  0.836529
 0.877276  -5.92632  0.836962
 0.877709  -5.91859  0.837396
 0.878143  -5.91086  0.837396
 0.878576  -5.90314  0.837829
  0.87901  -5.89544  0.838263
 0.879443  -5.88775  0.838263
 0.879877  -5.88008  0.838696
  0.88031  -5.87241   0.83913
 0.880744  -5.86477  0.839563
 0.881177  -5.85713  0.839563
 0.881611   -5.8495  0.839997
 0.882044   -5.8419   0.84043
 0.882477   -5.8343   0.84043
 0.882911  -5.82671  0.840864
 0.883344  -5.81914  0.841297
 0.883778  -5.81159  0.841731
 0.884211  -5.80404  0.841731
 0.884645  -5.79651  0.842164
 0.885078  -5.78899  0.842598
 0.885512  -5.78148  0.842598
 0.885945  -5.77399  0.843031
 0.886379   -5.7665  0.843464
 0.886812  -5.75904  0.843898
 0.887246  -5.75158  0.843898
 0.887679  -5.74413  0.844331
 0.888113  -5.73671  0.844765
 0.888546  -5.72929  0.844765
  0.88898  -5.72188  0.845198
 0.889413  -5.71449  0.845632
 0.889847  -5.70711  0.845632
  0.89028  -5.69974  0.846065
 0.890714  -5.69238  0.846499
 0.891147  -5.68504  0.846932
 0.891581  -5.67771  0.846932
 0.892014  -5.67039  0.847366
 0.892447  -5.66308  0.847799
 0.892881  -5.65579  0.847799
 0.893314  -5.64851  0.848233
 0.893748  -5.64124  0.848666
 0.894181  -5.63398    0.8491
 0.894615  -5.62674    0.8491
 0.895048   -5.6195  0.849533
 0.895482  -5.61228  0.849967
 0.895915  -5.60508  0.849967
 0.896349  -5.59788    0.8504
 0.896782  -5.59069  0.850834
 0.897216  -5.58352  0.851267
 0.897649  -5.57636  0.851267
 0.898083  -5.56921  0.851701
 0.898516  -5.56208  0.852134
  0.89895  -5.55495  0.852134
 0.899383  -5.54784  0.852568
 0.899817  -5.54074  0.853001
  0.90025  -5.53365  0.853001
 0.900684  -5.52657  0.853434
 0.901117  -5.51951  0.853868
 0.901551  -5.51246  0.854301
 0.901984  -5.50542  0.854301
 0.902417  -5.49839  0.854735
 0.902851  -5.49137  0.855168
 0.903284  -5.48437  0.855168
 0.903718  -5.47737  0.855602
 0.904151  -5.47039  0.856035
 0.904585  -5.46342  0.856469
 0.905018  -5.45646  0.856469
 0.905452  -5.44951  0.856902
 0.905885  -5.44257  0.857336
 0.906319  -5.43565  0.857336
 0.906752  -5.42873  0.857769
 0.907186  -5.42183  0.858203
 0.907619  -5.41495  0.858636
 0.908053  -5.40807  0.858636
 0.908486   -5.4012   0.85907
  0.90892  -5.39434  0.859503
 0.909353   -5.3875  0.859503
 0.909787  -5.38067  0.859937
  0.91022  -5.37384   0.86037
 0.910654  -5.36704   0.86037
 0.911087  -5.36024  0.860804
 0.911521  -5.35345  0.861237
 0.911954  -5.34667  0.861671
 0.912387  -5.33991  0.861671
 0.912821  -5.33315  0.862104
 0.913254  -5.32641  0.862538
 0.913688  -5.31968  0.862538
 0.914121  -5.31296  0.862971
 0.914555  -5.30625  0.863404
 0.914988  -5.29955  0.863838
 0.915422  -5.29286  0.863838
 0.915855  -5.28618  0.864271
 0.916289  -5.27952  0.864705
 0.916722  -5.27287  0.864705
 0.917156  -5.26622  0.865138
 0.917589  -5.25959  0.865572
 0.918023  -5.25297  0.866005
 0.918456  -5.24636  0.866005
  0.91889  -5.23976  0.866439
 0.919323  -5.23317  0.866872
 0.919757  -5.22659  0.866872
  0.92019  -5.22002  0.867306
 0.920624  -5.21347  0.867739
 0.921057  -5.20692  0.867739
  0.92149  -5.20039  0.868173
 0.921924  -5.19386  0.868606
 0.922357  -5.18735   0.86904
 0.922791  -5.18085   0.86904
 0.923224  -5.17435  0.869473
 0.923658  -5.16787  0.869907
 0.924091   -5.1614  0.869907
 0.924525  -5.15494   0.87034
 0.924958  -5.14849  0.870774
 0.925392  -5.14206  0.871207
 0.925825  -5.13563  0.871207
 0.926259  -5.12921  0.871641
 0.926692   -5.1228  0.872074
 0.927126   -5.1164  0.872074
 0.927559  -5.11001  0.872508
 0.927993  -5.10364  0.872941
 0.928426  -5.09728  0.872941
  0.92886  -5.09092  0.873374
 0.929293  -5.08457  0.873808
 0.929727  -5.07824  0.874241
  0.93016  -5.07191  0.874241
 0.930594   -5.0656  0.874675
 0.931027   -5.0593  0.875108
  0.93146    -5.053  0.875108
 0.931894  -5.04672  0.875542
 0.932327  -5.04045  0.875975
 0.932761  -5.03418  0.876409
 0.933194  -5.02793  0.876409
 0.933628  -5.02169  0.876842
 0.934061  -5.01546  0.877276
 0.934495  -5.00923  0.877276
 0.934928  -5.00302  0.877709
 0.935362  -4.99682  0.878143
 0.935795  -4.99063  0.878143
 0.936229  -4.98444  0.878576
 0.936662  -4.97827   0.87901
 0.937096  -4.97211  0.879443
 0.937529  -4.96596  0.879443
 0.937963  -4.95981  0.879877
 0.938396  -4.95368   0.88031
  0.93883  -4.94756   0.88031
 0.939263  -4.94145  0.880744
 0.939697  -4.93534  0.881177
  0.94013  -4.92925  0.881611
 0.940564  -4.92317  0.881611
 0.940997   -4.9171  0.882044
  0.94143  -4.91103  0.882477
 0.941864  -4.90498  0.882477
 0.942297  -4.89893  0.882911
 0.942731   -4.8929  0.883344
 0.943164  -4.88688  0.883778
 0.943598  -4.88086  0.883778
 0.944031  -4.87486  0.884211
 0.944465  -4.86886  0.884645
 0.944898  -4.86288  0.884645
 0.945332   -4.8569  0.885078
 0.945765  -4.85093  0.885512
 0.946199  -4.84498  0.885512
 0.946632  -4.83903  0.885945
 0.947066  -4.83309  0.886379
 0.947499  -4.82716  0.886812
 0.947933  -4.82124  0.886812
 0.948366  -4.81533  0.887246
   0.9488  -4.80944  0.887679
 0.949233  -4.80355  0.887679
 0.949667  -4.79766  0.888113
   0.9501  -4.79179  0.888546
 0.950534  -4.78593  0.888546
 0.950967  -4.78008   0.88898
   0.9514  -4.77423  0.889413
 0.951834   -4.7684  0.889847
 0.952267  -4.76258  0.889847
 0.952701  -4.75676   0.89028
 0.953134  -4.75095  0.890714
 0.953568  -4.74516  0.891147
 0.954001  -4.73937  0.891147
 0.954435  -4.73359  0.891581
 0.954868  -4.72782  0.892014
 0.955302  -4.72206  0.892014
 0.955735  -4.71631  0.892447
 0.956169  -4.71057  0.892881
 0.956602  -4.70484  0.892881
 0.957036  -4.69911  0.893314
 0.957469   -4.6934  0.893748
 0.957903  -4.68769  0.893748
 0.958336    -4.682  0.894181
  0.95877  -4.67631  0.894615
 0.959203  -4.67063  0.895048
 0.959637  -4.66496  0.895048
  0.96007   -4.6593  0.895482
 0.960504  -4.65365  0.895915
 0.960937  -4.64801  0.895915
  0.96137  -4.64237  0.896349
 0.961804  -4.63675  0.896782
 0.962237  -4.63114  0.897216
 0.962671  -4.62553  0.897216
 0.963104  -4.61993  0.897649
 0.963538  -4.61434  0.898083
 0.963971  -4.60876  0.898083
 0.964405  -4.60319  0.898516
 0.964838  -4.59763   0.89895
 0.965272  -4.59207  0.899383
 0.965705  -4.58653  0.899383
 0.966139  -4.58099  0.899817
 0.966572  -4.57546   0.90025
 0.967006  -4.56994   0.90025
 0.967439  -4.56444  0.900684
 0.967873  -4.55893  0.901117
 0.968306  -4.55344  0.901117
  0.96874  -4.54796  0.901551
 0.969173  -4.54248  0.901984
 0.969607  -4.53702  0.901984
  0.97004  -4.53156  0.902417
 0.970473   -4.5261  0.902851
 0.970907  -4.52067  0.903284
  0.97134  -4.51523  0.903284
 0.971774  -4.50981  0.903718
 0.972207  -4.50439  0.904151
 0.972641  -4.49899  0.904585
 0.973074  -4.49359  0.904585
 0.973508   -4.4882  0.905018
 0.973941  -4.48281  0.905452
 0.974375  -4.47744  0.905452
 0.974808  -4.47208  0.905885
 0.975242  -4.46672  0.906319
 0.975675  -4.46137  0.906319
 0.976109  -4.45603  0.906752
 0.976542   -4.4507  0.907186
 0.976976  -4.44538  0.907619
 0.977409  -4.44006  0.907619
 0.977843  -4.43475  0.908053
 0.978276  -4.42946  0.908486
  0.97871  -4.42417  0.908486
 0.979143  -4.41889   0.90892
 0.979577  -4.41361  0.909353
  0.98001  -4.40835  0.909353
 0.980443  -4.40309  0.909787
 0.980877  -4.39784   0.91022
  0.98131   -4.3926  0.910654
 0.981744  -4.38737  0.910654
 0.982177  -4.38214  0.911087
 0.982611  -4.37693  0.911521
 0.983044  -4.37172  0.911521
 0.983478  -4.36652  0.911954
 0.983911  -4.36133  0.912387
 0.984345  -4.35615  0.912821
 0.984778  -4.35097  0.912821
 0.985212   -4.3458  0.913254
 0.985645  -4.34064  0.913688
 0.986079  -4.33549  0.913688
 0.986512  -4.33034  0.914121
 0.986946  -4.32521  0.914555
 0.987379  -4.32008  0.914555
 0.987813  -4.31496  0.914988
 0.988246  -4.30985  0.915422
  0.98868  -4.30475  0.915855
 0.989113  -4.29965  0.915855
 0.989547  -4.29456  0.916289
  0.98998  -4.28948  0.916722
 0.990413  -4.28441  0.916722
 0.990847  -4.27934  0.917156
  0.99128  -4.27428  0.917589
 0.991714  -4.26924  0.918023
 0.992147  -4.26419  0.918023
 0.992581  -4.25916  0.918456
 0.993014  -4.25413   0.91889
 0.993448  -4.24911   0.91889
 0.993881   -4.2441  0.919323
 0.994315   -4.2391  0.919757
 0.994748  -4.23411  0.919757
 0.995182  -4.22912   0.92019
 0.995615  -4.22414  0.920624
 0.996049  -4.21917  0.920624
 0.996482   -4.2142  0.921057
 0.996916  -4.20924   0.92149
 0.997349   -4.2043  0.921924
 0.997783  -4.19936  0.921924
 0.998216  -4.19442  0.922357
  0.99865  -4.18949  0.922791
 0.999083  -4.18458  0.922791
 0.999517  -4.17966  0.923224
  0.99995  -4.17476  0.923658
  1.00038  -4.16986  0.924091
  1.00082  -4.16497  0.924091
  1.00125  -4.16009  0.924525
  1.00168  -4.15522  0.924958
  1.00212  -4.15035  0.924958
  1.00255  -4.14549  0.925392
  1.00298  -4.14064  0.925825
  1.00342   -4.1358  0.925825
  1.00385  -4.13096  0.926259
  1.00428  -4.12613  0.926692
  1.00472  -4.12131  0.927126
  1.00515  -4.11649  0.927126
  1.00559  -4.11169  0.927559
  1.00602  -4.10689  0.927993
  1.00645  -4.10209  0.927993
  1.00689  -4.09731  0.928426
  1.00732  -4.09253   0.92886
  1.00775  -4.08776  0.929293
  1.00819  -4.08299  0.929293
  1.00862  -4.07824  0.929727
  1.00905  -4.07349   0.93016
  1.00949  -4.06875   0.93016
  1.00992  -4.06401  0.930594
  1.01035  -4.05928  0.931027
  1.01079  -4.05457  0.931027
  1.01122  -4.04985   0.93146
  1.01165  -4.04514  0.931894
  1.01209  -4.04045  0.932327
  1.01252  -4.03575  0.932327
  1.01295  -4.03107  0.932761
  1.01339  -4.02639  0.933194
  1.01382  -4.02172  0.933194
  1.01425  -4.01706  0.933628
  1.01469   -4.0124  0.934061
  1.01512  -4.00775  0.934061
  1.01556  -4.00311  0.934495
  1.01599  -3.99847  0.934928
  1.01642  -3.99385  0.935362
  1.01686  -3.98922  0.935362
  1.01729  -3.98461  0.935795
  1.01772     -3.98  0.936229
  1.01816   -3.9754  0.936229
  1.01859  -3.97081  0.936662
  1.01902  -3.96622  0.937096
  1.01946  -3.96164  0.937529
  1.01989  -3.95707  0.937529
  1.02032   -3.9525  0.937963
  1.02076  -3.94794  0.938396
  1.02119  -3.94339  0.938396
  1.02162  -3.93884   0.93883
  1.02206  -3.93431  0.939263
  1.02249  -3.92978  0.939263
  1.02292  -3.92525  0.939697
  1.02336  -3.92073   0.94013
  1.02379  -3.91622  0.940564
  1.02422  -3.91172  0.940564
  1.02466  -3.90722  0.940997
  1.02509  -3.90273   0.94143
  1.02553  -3.89824   0.94143
  1.02596  -3.89376  0.941864
  1.02639  -3.88929  0.942297
  1.02683  -3.88483  0.942297
  1.02726  -3.88037  0.942731
  1.02769  -3.87592  0.943164
  1.02813  -3.87148  0.943598
  1.02856  -3.86704  0.943598
  1.02899  -3.86261  0.944031
  1.02943  -3.85818  0.944465
  1.02986  -3.85377  0.944465
  1.03029  -3.84935  0.944898
  1.03073  -3.84495  0.945332
  1.03116  -3.84055  0.945332
  1.03159  -3.83616  0.945765
  1.03203  -3.83177  0.946199
  1.03246   -3.8274  0.946632
  1.03289  -3.82303  0.946632
  1.03333  -3.81866  0.947066
  1.03376   -3.8143  0.947499
  1.03419  -3.80995  0.947499
  1.03463   -3.8056  0.947933
  1.03506  -3.80126  0.948366
   1.0355  -3.79693    0.9488
  1.03593   -3.7926    0.9488
  1.03636  -3.78828  0.949233
   1.0368  -3.78397  0.949667
  1.03723  -3.77966  0.949667
  1.03766  -3.77536    0.9501
   1.0381  -3.77107  0.950534
  1.03853  -3.76678  0.950534
  1.03896   -3.7625  0.950967
   1.0394  -3.75822    0.9514
  1.03983  -3.75395  0.951834
  1.04026  -3.74969  0.951834
   1.0407  -3.74543  0.952267
  1.04113  -3.74118  0.952701
  1.04156  -3.73694  0.952701
    1.042   -3.7327  0.953134
  1.04243  -3.72847  0.953568
  1.04286  -3.72425  0.953568
   1.0433  -3.72002  0.954001
  1.04373  -3.71581  0.954435
  1.04416  -3.71161  0.954868
   1.0446  -3.70741  0.954868
  1.04503  -3.70321  0.955302
  1.04547  -3.69902  0.955735
   1.0459  -3.69484  0.955735
  1.04633  -3.69067  0.956169
  1.04677   -3.6865  0.956602
   1.0472  -3.68234  0.956602
  1.04763  -3.67818  0.957036
  1.04807  -3.67403  0.957469
   1.0485  -3.66988  0.957903
  1.04893  -3.66574  0.957903
  1.04937  -3.66161  0.958336
   1.0498  -3.65748   0.95877
  1.05023  -3.65336   0.95877
  1.05067  -3.64925  0.959203
   1.0511  -3.64514  0.959637
  1.05153  -3.64104  0.959637
  1.05197  -3.63694   0.96007
   1.0524  -3.63285  0.960504
  1.05283  -3.62877  0.960937
  1.05327  -3.62469  0.960937
   1.0537  -3.62061   0.96137
  1.05413  -3.61655  0.961804
  1.05457  -3.61249  0.961804
    1.055  -3.60843  0.962237
  1.05544  -3.60438  0.962671
  1.05587  -3.60034  0.963104
   1.0563   -3.5963  0.963104
  1.05674  -3.59227  0.963538
  1.05717  -3.58825  0.963971
   1.0576  -3.58423  0.963971
  1.05804  -3.58021  0.964405
  1.05847  -3.57621  0.964838
   1.0589  -3.57221  0.964838
  1.05934  -3.56821  0.965272
  1.05977  -3.56422  0.965705
   1.0602  -3.56024  0.966139
  1.06064  -3.55626  0.966139
  1.06107  -3.55228  0.966572
   1.0615  -3.54832  0.967006
  1.06194  -3.54436  0.967006
  1.06237   -3.5404  0.967439
   1.0628  -3.53645  0.967873
  1.06324  -3.53251  0.967873
  1.06367  -3.52857  0.968306
   1.0641  -3.52464   0.96874
  1.06454  -3.52071  0.969173
  1.06497  -3.51679  0.969173
  1.06541  -3.51287  0.969607
  1.06584  -3.50897   0.97004
  1.06627  -3.50506   0.97004
  1.06671  -3.50116  0.970473
  1.06714  -3.49727  0.970907
  1.06757  -3.49338  0.970907
  1.06801   -3.4895   0.97134
  1.06844  -3.48563  0.971774
  1.06887  -3.48176  0.972207
  1.06931  -3.47789  0.972207
  1.06974  -3.47403  0.972641
  1.07017  -3.47018  0.973074
  1.07061  -3.46633  0.973074
  1.07104  -3.46249  0.973508
  1.07147  -3.45865  0.973941
  1.07191  -3.45482  0.973941
  1.07234  -3.45099  0.974375
  1.07277  -3.44717  0.974808
  1.07321  -3.44336  0.975242
  1.07364  -3.43955  0.975242
  1.07407  -3.43575  0.975675
  1.07451  -3.43195  0.976109
  1.07494  -3.42816  0.976109
  1.07538  -3.42437  0.976542
  1.07581  -3.42059  0.976976
  1.07624  -3.41681  0.976976
  1.07668  -3.41304  0.977409
  1.07711  -3.40927  0.977843
  1.07754  -3.40552  0.978276
  1.07798  -3.40176  0.978276
  1.07841  -3.39801   0.97871
  1.07884  -3.39427  0.979143
  1.07928  -3.39053  0.979143
  1.07971  -3.38679  0.979577
  1.08014  -3.38307   0.98001
  1.08058  -3.37935   0.98001
  1.08101  -3.37563  0.980443
  1.08144  -3.37192  0.980877
  1.08188  -3.36821   0.98131
  1.08231  -3.36451   0.98131
  1.08274  -3.36081  0.981744
  1.08318  -3.35712  0.982177
  1.08361  -3.35344  0.982177
  1.08404  -3.34976  0.982611
  1.08448  -3.34608  0.983044
  1.08491  -3.34241  0.983044
  1.08535  -3.33875  0.983478
  1.08578  -3.33509  0.983911
  1.08621  -3.33143  0.984345
  1.08665  -3.32779  0.984345
  1.08708  -3.32414  0.984778
  1.08751   -3.3205  0.985212
  1.08795  -3.31687  0.985212
  1.08838  -3.31324  0.985645
  1.08881  -3.30962  0.986079
  1.08925    -3.306  0.986079
  1.08968  -3.30239  0.986512
  1.09011  -3.29878  0.986946
  1.09055  -3.29518  0.987379
  1.09098  -3.29158  0.987379
  1.09141  -3.28799  0.987813
  1.09185   -3.2844  0.988246
  1.09228  -3.28082  0.988246
  1.09271  -3.27724   0.98868
  1.09315  -3.27367  0.989113
  1.09358  -3.27011  0.989113
  1.09401  -3.26655  0.989547
  1.09445  -3.26299   0.98998
  1.09488  -3.25944  0.990413
  1.09532  -3.25589  0.990413
  1.09575  -3.25235  0.990847
  1.09618  -3.24881   0.99128
  1.09662  -3.24528   0.99128
  1.09705  -3.24176  0.991714
  1.09748  -3.23823  0.992147
  1.09792  -3.23472  0.992147
  1.09835  -3.23121  0.992581
  1.09878   -3.2277  0.993014
  1.09922   -3.2242  0.993448
  1.09965   -3.2207  0.993448
  1.10008  -3.21721  0.993881
  1.10052  -3.21372  0.994315
  1.10095  -3.21024  0.994315
  1.10138  -3.20676  0.994748
  1.10182  -3.20329  0.995182
  1.10225  -3.19983  0.995182
  1.10268  -3.19636  0.995615
  1.10312  -3.19291  0.996049
  1.10355  -3.18945  0.996482
  1.10398  -3.18601  0.996482
  1.10442  -3.18256  0.996916
  1.10485  -3.17913  0.997349
  1.10529  -3.17569  0.997349
  1.10572  -3.17226  0.997783
  1.10615  -3.16884  0.998216
  1.10659  -3.16542  0.998216
  1.10702  -3.16201   0.99865
  1.10745   -3.1586  0.999083
  1.10789   -3.1552  0.999517
  1.10832   -3.1518  0.999517
  1.10875   -3.1484   0.99995
  1.10919  -3.14501   1.00038
  1.10962  -3.14163   1.00038
  1.11005  -3.13824   1.00082
  1.11049  -3.13487   1.00125
  1.11092   -3.1315   1.00168
  1.11135  -3.12813   1.00168
  1.11179  -3.12477   1.00212
  1.11222  -3.12141   1.00255
  1.11265  -3.11806   1.00255
  1.11309  -3.11471   1.00298
  1.11352  -3.11137   1.00342
  1.11395  -3.10803   1.00342
  1.11439   -3.1047   1.00385
  1.11482  -3.10137   1.00428
  1.11526  -3.09805   1.00428
  1.11569  -3.09473   1.00472
  1.11612  -3.09141   1.00515
  1.11656   -3.0881   1.00559
  1.11699   -3.0848   1.00559
  1.11742  -3.08149   1.00602
  1.11786   -3.0782   1.00645
  1.11829  -3.07491   1.00645
  1.11872  -3.07162   1.00689
  1.11916  -3.06834   1.00732
  1.11959  -3.06506   1.00732
  1.12002  -3.06178   1.00775
  1.12046  -3.05851   1.00819
  1.12089  -3.05525   1.00862
  1.12132  -3.05199   1.00862
  1.12176  -3.04873   1.00905
  1.12219  -3.04548   1.00949
  1.12262  -3.04224   1.00949
  1.12306  -3.03899   1.00992
  1.12349  -3.03576   1.01035
  1.12392  -3.03253   1.01035
  1.12436   -3.0293   1.01079
  1.12479  -3.02607   1.01122
  1.12523  -3.02285   1.01165
  1.12566  -3.01964   1.01165
  1.12609  -3.01643   1.01209
  1.12653  -3.01322   1.01252
  1.12696  -3.01002   1.01252
  1.12739  -3.00682   1.01295
  1.12783  -3.00363   1.01339
  1.12826  -3.00044   1.01339
  1.12869  -2.99725   1.01382
  1.12913  -2.99408   1.01425
  1.12956   -2.9909   1.01469
  1.12999  -2.98773   1.01469
  1.13043  -2.98456   1.01512
  1.13086   -2.9814   1.01556
  1.13129  -2.97824   1.01556
  1.13173  -2.97509   1.01599
  1.13216  -2.97194   1.01642
  1.13259   -2.9688   1.01642
  1.13303  -2.96565   1.01686
  1.13346  -2.96252   1.01729
  1.13389  -2.95939   1.01772
  1.13433  -2.95626   1.01772
  1.13476  -2.95313   1.01816
   1.1352  -2.95002   1.01859
  1.13563   -2.9469   1.01859
  1.13606  -2.94379   1.01902
   1.1365  -2.94068   1.01946
  1.13693  -2.93758   1.01946
  1.13736  -2.93448   1.01989
   1.1378  -2.93139   1.02032
  1.13823   -2.9283   1.02076
  1.13866  -2.92522   1.02076
   1.1391  -2.92214   1.02119
  1.13953  -2.91906   1.02162
  1.13996  -2.91599   1.02162
   1.1404  -2.91292   1.02206
  1.14083  -2.90985   1.02249
  1.14126   -2.9068   1.02249
   1.1417  -2.90374   1.02292
  1.14213  -2.90069   1.02336
  1.14256  -2.89764   1.02379
    1.143   -2.8946   1.02379
  1.14343  -2.89156   1.02422
  1.14386  -2.88852   1.02466
   1.1443  -2.88549   1.02466
  1.14473  -2.88247   1.02509
  1.14517  -2.87945   1.02553
   1.1456  -2.87643   1.02553
  1.14603  -2.87341   1.02596
  1.14647   -2.8704   1.02639
   1.1469   -2.8674   1.02683
  1.14733  -2.86439   1.02683
  1.14777   -2.8614   1.02726
   1.1482   -2.8584   1.02769
  1.14863  -2.85541   1.02769
  1.14907  -2.85243   1.02813
   1.1495  -2.84945   1.02856
  1.14993  -2.84647   1.02856
  1.15037   -2.8435   1.02899
   1.1508  -2.84053   1.02943
  1.15123  -2.83756   1.02943
  1.15167   -2.8346   1.02986
   1.1521  -2.83164   1.03029
  1.15253  -2.82869   1.03073
  1.15297  -2.82574   1.03073
   1.1534  -2.82279   1.03116
  1.15383  -2.81985   1.03159
  1.15427  -2.81692   1.03159
   1.1547  -2.81398   1.03203
  1.15514  -2.81105   1.03246
  1.15557  -2.80813   1.03289
    1.156  -2.80521   1.03289
  1.15644  -2.80229   1.03333
  1.15687  -2.79938   1.03376
   1.1573  -2.79647   1.03376
  1.15774  -2.79356   1.03419
  1.15817  -2.79066   1.03463
   1.1586  -2.78776   1.03463
  1.15904  -2.78487   1.03506
  1.15947  -2.78198    1.0355
   1.1599  -2.77909    1.0355
  1.16034  -2.77621   1.03593
  1.16077  -2.77333   1.03636
   1.1612  -2.77046    1.0368
  1.16164  -2.76759    1.0368
  1.16207  -2.76472   1.03723
   1.1625  -2.76186   1.03766
  1.16294    -2.759   1.03766
  1.16337  -2.75614    1.0381
   1.1638  -2.75329   1.03853
  1.16424  -2.75044   1.03853
  1.16467   -2.7476   1.03896
  1.16511  -2.74476    1.0394
  1.16554  -2.74192    1.0394
  1.16597  -2.73909   1.03983
  1.16641  -2.73626   1.04026
  1.16684  -2.73344    1.0407
  1.16727  -2.73062    1.0407
  1.16771   -2.7278   1.04113
  1.16814  -2.72499   1.04156
  1.16857  -2.72218     1.042
  1.16901  -2.71937     1.042
  1.16944  -2.71657   1.04243
  1.16987  -2.71377   1.04286
  1.17031  -2.71098   1.04286
  1.17074  -2.70819    1.0433
  1.17117   -2.7054   1.04373
  1.17161  -2.70262   1.04373
  1.17204  -2.69984   1.04416
  1.17247  -2.69706    1.0446
  1.17291  -2.69429    1.0446
  1.17334  -2.69152   1.04503
  1.17377  -2.68876   1.04547
  1.17421    -2.686   1.04547
  1.17464  -2.68324    1.0459
  1.17508  -2.68048   1.04633
  1.17551  -2.67773   1.04677
  1.17594  -2.67499   1.04677
  1.17638  -2.67224    1.0472
  1.17681  -2.66951   1.04763
  1.17724  -2.66677   1.04763
  1.17768  -2.66404   1.04807
  1.17811  -2.66131    1.0485
  1.17854  -2.65859    1.0485
  1.17898  -2.65587   1.04893
  1.17941  -2.65315   1.04937
  1.17984  -2.65044    1.0498
  1.18028  -2.64772    1.0498
  1.18071  -2.64502   1.05023
  1.18114  -2.64232   1.05067
  1.18158  -2.63962   1.05067
  1.18201  -2.63692    1.0511
  1.18244  -2.63423   1.05153
  1.18288  -2.63154   1.05153
  1.18331  -2.62885   1.05197
  1.18374  -2.62617    1.0524
  1.18418   -2.6235   1.05283
  1.18461  -2.62082   1.05283
  1.18505  -2.61815   1.05327
  1.18548  -2.61548    1.0537
  1.18591  -2.61282    1.0537
  1.18635  -2.61016   1.05413
  1.18678   -2.6075   1.05457
  1.18721  -2.60485   1.05457
  1.18765   -2.6022     1.055
  1.18808  -2.59955   1.05544
  1.18851  -2.59691   1.05544
  1.18895  -2.59427   1.05587
  1.18938  -2.59164    1.0563
  1.18981    -2.589   1.05674
  1.19025  -2.58638   1.05674
  1.19068  -2.58375   1.05717
  1.19111  -2.58113    1.0576
  1.19155  -2.57851    1.0576
  1.19198  -2.57589   1.05804
  1.19241  -2.57328   1.05847
  1.19285  -2.57068    1.0589
  1.19328  -2.56807    1.0589
  1.19371  -2.56547   1.05934
  1.19415  -2.56287   1.05977
  1.19458  -2.56028   1.05977
  1.19502  -2.55769    1.0602
  1.19545   -2.5551   1.06064
  1.19588  -2.55252   1.06064
  1.19632  -2.54993   1.06107
  1.19675  -2.54736    1.0615
  1.19718  -2.54478    1.0615
  1.19762  -2.54221   1.06194
  1.19805  -2.53965   1.06237
  1.19848  -2.53708    1.0628
  1.19892  -2.53452    1.0628
  1.19935  -2.53196   1.06324
  1.19978  -2.52941   1.06367
  1.20022  -2.52686   1.06367
  1.20065  -2.52431    1.0641
  1.20108  -2.52177   1.06454
  1.20152  -2.51923   1.06454
  1.20195  -2.51669   1.06497
  1.20238  -2.51416   1.06541
  1.20282  -2.51163   1.06584
  1.20325   -2.5091   1.06584
  1.20368  -2.50658   1.06627
  1.20412  -2.50406   1.06671
  1.20455  -2.50154   1.06671
  1.20498  -2.49902   1.06714
  1.20542  -2.49651   1.06757
  1.20585  -2.49401   1.06757
  1.20629   -2.4915   1.06801
  1.20672    -2.489   1.06844
  1.20715  -2.48651   1.06844
  1.20759  -2.48401   1.06887
  1.20802  -2.48152   1.06931
  1.20845  -2.47903   1.06974
  1.20889  -2.47655   1.06974
  1.20932  -2.47406   1.07017
  1.20975  -2.47159   1.07061
  1.21019  -2.46911   1.07061
  1.21062  -2.46664   1.07104
  1.21105  -2.46417   1.07147
  1.21149  -2.46171   1.07147
  1.21192  -2.45924   1.07191
  1.21235  -2.45678   1.07234
  1.21279  -2.45433   1.07277
  1.21322  -2.45188   1.07277
  1.21365  -2.44943   1.07321
  1.21409  -2.44698   1.07364
  1.21452  -2.44454   1.07364
  1.21495   -2.4421   1.07407
  1.21539  -2.43966   1.07451
  1.21582  -2.43723   1.07451
  1.21626   -2.4348   1.07494
  1.21669  -2.43237   1.07538
  1.21712  -2.42995   1.07581
  1.21756  -2.42753   1.07581
  1.21799  -2.42511   1.07624
  1.21842  -2.42269   1.07668
  1.21886  -2.42028   1.07668
  1.21929  -2.41787   1.07711
  1.21972  -2.41547   1.07754
  1.22016  -2.41307   1.07754
  1.22059  -2.41067   1.07798
  1.22102  -2.40827   1.07841
  1.22146  -2.40588   1.07841
  1.22189  -2.40349   1.07884
  1.22232   -2.4011   1.07928
  1.22276  -2.39872   1.07971
  1.22319  -2.39634   1.07971
  1.22362  -2.39396   1.08014
  1.22406  -2.39158   1.08058
  1.22449  -2.38921   1.08058
  1.22492  -2.38684   1.08101
  1.22536  -2.38448   1.08144
  1.22579  -2.38212   1.08144
  1.22623  -2.37976   1.08188
  1.22666   -2.3774   1.08231
  1.22709  -2.37505   1.08274
  1.22753   -2.3727   1.08274
  1.22796  -2.37035   1.08318
  1.22839  -2.36801   1.08361
  1.22883  -2.36567   1.08361
  1.22926  -2.36333   1.08404
  1.22969  -2.36099   1.08448
  1.23013  -2.35866   1.08448
  1.23056  -2.35633   1.08491
  1.23099    -2.354   1.08535
  1.23143  -2.35168   1.08535
  1.23186  -2.34936   1.08578
  1.23229  -2.34704   1.08621
  1.23273  -2.34473   1.08665
  1.23316  -2.34242   1.08665
  1.23359  -2.34011   1.08708
  1.23403   -2.3378   1.08751
  1.23446   -2.3355   1.08751
  1.23489   -2.3332   1.08795
  1.23533  -2.33091   1.08838
  1.23576  -2.32861   1.08838
   1.2362  -2.32632   1.08881
  1.23663  -2.32403   1.08925
  1.23706  -2.32175   1.08968
   1.2375  -2.31947   1.08968
  1.23793  -2.31719   1.09011
  1.23836  -2.31491   1.09055
   1.2388  -2.31264   1.09055
  1.23923  -2.31037   1.09098
  1.23966   -2.3081   1.09141
   1.2401  -2.30584   1.09141
  1.24053  -2.30357   1.09185
  1.24096  -2.30131   1.09228
   1.2414  -2.29906   1.09228
  1.24183  -2.29681   1.09271
  1.24226  -2.29456   1.09315
   1.2427  -2.29231   1.09358
  1.24313  -2.29006   1.09358
  1.24356  -2.28782   1.09401
    1.244  -2.28558   1.09445
  1.24443  -2.28335   1.09445
  1.24486  -2.28111   1.09488
   1.2453  -2.27888   1.09532
  1.24573  -2.27666   1.09532
  1.24617  -2.27443   1.09575
   1.2466  -2.27221   1.09618
  1.24703  -2.26999   1.09662
  1.24747  -2.26777   1.09662
   1.2479  -2.26556   1.09705
  1.24833  -2.26335   1.09748
  1.24877  -2.26114   1.09748
   1.2492  -2.25894   1.09792
  1.24963  -2.25674   1.09835
  1.25007  -2.25454   1.09835
   1.2505  -2.25234   1.09878
  1.25093  -2.25015   1.09922
  1.25137  -2.24796   1.09922
   1.2518  -2.24577   1.09965
  1.25223  -2.24358   1.10008
  1.25267   -2.2414   1.10052
   1.2531  -2.23922   1.10052
  1.25353  -2.23704   1.10095
  1.25397  -2.23487   1.10138
   1.2544  -2.23269   1.10138
  1.25483  -2.23053   1.10182
  1.25527  -2.22836   1.10225
   1.2557   -2.2262   1.10225
  1.25614  -2.22403   1.10268
  1.25657  -2.22188   1.10312
    1.257  -2.21972   1.10355
  1.25744  -2.21757   1.10355
  1.25787  -2.21542   1.10398
   1.2583  -2.21327   1.10442
  1.25874  -2.21113   1.10442
  1.25917  -2.20898   1.10485
   1.2596  -2.20685   1.10529
  1.26004  -2.20471   1.10529
  1.26047  -2.20257   1.10572
   1.2609  -2.20044   1.10615
  1.26134  -2.19832   1.10615
  1.26177  -2.19619   1.10659
   1.2622  -2.19407   1.10702
  1.26264  -2.19195   1.10745
  1.26307  -2.18983   1.10745
   1.2635  -2.18771   1.10789
  1.26394   -2.1856   1.10832
  1.26437  -2.18349   1.10832
   1.2648  -2.18138   1.10875
  1.26524  -2.17928   1.10919
  1.26567  -2.17718   1.10919
  1.26611  -2.17508   1.10962
  1.26654  -2.17298   1.11005
  1.26697  -2.17089   1.11049
  1.26741  -2.16879   1.11049
  1.26784   -2.1667   1.11092
  1.26827  -2.16462   1.11135
  1.26871  -2.16254   1.11135
  1.26914  -2.16045   1.11179
  1.26957  -2.15838   1.11222
  1.27001   -2.1563   1.11222
  1.27044  -2.15423   1.11265
  1.27087  -2.15216   1.11309
  1.27131  -2.15009   1.11309
  1.27174  -2.14802   1.11352
  1.27217  -2.14596   1.11395
  1.27261   -2.1439   1.11439
  1.27304  -2.14184   1.11439
  1.27347  -2.13979   1.11482
  1.27391  -2.13773   1.11526
  1.27434  -2.13568   1.11526
  1.27477  -2.13363   1.11569
  1.27521  -2.13159   1.11612
  1.27564  -2.12955   1.11612
  1.27608  -2.12751   1.11656
  1.27651  -2.12547   1.11699
  1.27694  -2.12344   1.11699
  1.27738   -2.1214   1.11742
  1.27781  -2.11937   1.11786
  1.27824  -2.11735   1.11829
  1.27868  -2.11532   1.11829
  1.27911   -2.1133   1.11872
  1.27954  -2.11128   1.11916
  1.27998  -2.10926   1.11916
  1.28041  -2.10725   1.11959
  1.28084  -2.10523   1.12002
  1.28128  -2.10322   1.12002
  1.28171  -2.10122   1.12046
  1.28214  -2.09921   1.12089
  1.28258  -2.09721   1.12132
  1.28301  -2.09521   1.12132
  1.28344  -2.09321   1.12176
  1.28388  -2.09122   1.12219
  1.28431  -2.08922   1.12219
  1.28474  -2.08723   1.12262
  1.28518  -2.08525   1.12306
  1.28561  -2.08326   1.12306
  1.28605  -2.08128   1.12349
  1.28648   -2.0793   1.12392
  1.28691  -2.07732   1.12392
  1.28735  -2.07534   1.12436
  1.28778  -2.07337   1.12479
  1.28821   -2.0714   1.12523
  1.28865  -2.06943   1.12523
  1.28908  -2.06747   1.12566
  1.28951   -2.0655   1.12609
  1.28995  -2.06354   1.12609
  1.29038  -2.06159   1.12653
  1.29081  -2.05963   1.12696
  1.29125  -2.05768   1.12696
  1.29168  -2.05572   1.12739
  1.29211  -2.05378   1.12783
  1.29255  -2.05183   1.12826
  1.29298  -2.04989   1.12826
  1.29341  -2.04794   1.12869
  1.29385    -2.046   1.12913
  1.29428  -2.04407   1.12913
  1.29471  -2.04213   1.12956
  1.29515   -2.0402   1.12999
  1.29558  -2.03827   1.12999
  1.29602  -2.03634   1.13043
  1.29645  -2.03442   1.13086
  1.29688   -2.0325   1.13086
  1.29732  -2.03058   1.13129
  1.29775  -2.02866   1.13173
  1.29818  -2.02674   1.13216
  1.29862  -2.02483   1.13216
  1.29905  -2.02292   1.13259
  1.29948  -2.02101   1.13303
  1.29992   -2.0191   1.13303
  1.30035   -2.0172   1.13346
  1.30078   -2.0153   1.13389
  1.30122   -2.0134   1.13389
  1.30165   -2.0115   1.13433
  1.30208  -2.00961   1.13476
  1.30252  -2.00772   1.13476
  1.30295  -2.00582    1.1352
  1.30338  -2.00394   1.13563
  1.30382  -2.00205   1.13606
  1.30425  -2.00017   1.13606
  1.30468  -1.99829    1.1365
  1.30512  -1.99641   1.13693
  1.30555  -1.99453   1.13693
  1.30599  -1.99266   1.13736
  1.30642  -1.99079    1.1378
  1.30685  -1.98892    1.1378
  1.30729  -1.98705   1.13823
  1.30772  -1.98519   1.13866
  1.30815  -1.98332   1.13866
  1.30859  -1.98146    1.1391
  1.30902   -1.9796   1.13953
  1.30945  -1.97775   1.13996
  1.30989   -1.9759   1.13996
  1.31032  -1.97404    1.1404
  1.31075   -1.9722   1.14083
  1.31119  -1.97035   1.14083
  1.31162   -1.9685   1.14126
  1.31205  -1.96666    1.1417
  1.31249  -1.96482    1.1417
  1.31292  -1.96298   1.14213
  1.31335  -1.96115   1.14256
  1.31379  -1.95932     1.143
  1.31422  -1.95748     1.143
  1.31465  -1.95565   1.14343
  1.31509  -1.95383   1.14386
  1.31552    -1.952   1.14386
  1.31596  -1.95018    1.1443
  1.31639  -1.94836   1.14473
  1.31682  -1.94654   1.14473
  1.31726  -1.94473   1.14517
  1.31769  -1.94291    1.1456
  1.31812   -1.9411    1.1456
  1.31856  -1.93929   1.14603
  1.31899  -1.93749   1.14647
  1.31942  -1.93568    1.1469
  1.31986  -1.93388    1.1469
  1.32029  -1.93208   1.14733
  1.32072  -1.93028   1.14777
  1.32116  -1.92848   1.14777
  1.32159  -1.92669    1.1482
  1.32202   -1.9249   1.14863
  1.32246  -1.92311   1.14863
  1.32289  -1.92132   1.14907
  1.32332  -1.91954    1.1495
  1.32376  -1.91775    1.1495
  1.32419  -1.91597   1.14993
  1.32462  -1.91419   1.15037
  1.32506  -1.91242    1.1508
  1.32549  -1.91064    1.1508
  1.32593  -1.90887   1.15123
  1.32636   -1.9071   1.15167
  1.32679  -1.90533   1.15167
  1.32723  -1.90356    1.1521
  1.32766   -1.9018   1.15253
  1.32809  -1.90004   1.15253
  1.32853  -1.89828   1.15297
  1.32896  -1.89652    1.1534
  1.32939  -1.89477    1.1534
  1.32983  -1.89301   1.15383
  1.33026  -1.89126   1.15427
  1.33069  -1.88951    1.1547
  1.33113  -1.88776    1.1547
  1.33156  -1.88602   1.15514
  1.33199  -1.88428   1.15557
  1.33243  -1.88254   1.15557
  1.33286   -1.8808     1.156
  1.33329  -1.87906   1.15644
  1.33373  -1.87733   1.15644
  1.33416  -1.87559   1.15687
  1.33459  -1.87386    1.1573
  1.33503  -1.87214    1.1573
  1.33546  -1.87041   1.15774
   1.3359  -1.86868   1.15817
  1.33633  -1.86696    1.1586
  1.33676  -1.86524    1.1586
   1.3372  -1.86352   1.15904
  1.33763  -1.86181   1.15947
  1.33806  -1.86009   1.15947
   1.3385  -1.85838    1.1599
  1.33893  -1.85667   1.16034
  1.33936  -1.85496   1.16034
   1.3398  -1.85326   1.16077
  1.34023  -1.85155    1.1612
  1.34066  -1.84985   1.16164
   1.3411  -1.84815   1.16164
  1.34153  -1.84645   1.16207
  1.34196  -1.84476    1.1625
   1.3424  -1.84307    1.1625
  1.34283  -1.84137   1.16294
  1.34326  -1.83968   1.16337
   1.3437    -1.838   1.16337
  1.34413  -1.83631    1.1638
  1.34456  -1.83463   1.16424
    1.345  -1.83295   1.16424
  1.34543  -1.83127   1.16467
  1.34587  -1.82959   1.16511
   1.3463  -1.82791   1.16554
  1.34673  -1.82624   1.16554
  1.34717  -1.82457   1.16597
   1.3476   -1.8229   1.16641
  1.34803  -1.82123   1.16641
  1.34847  -1.81956   1.16684
   1.3489   -1.8179   1.16727
  1.34933  -1.81624   1.16727
  1.34977  -1.81458   1.16771
   1.3502  -1.81292   1.16814
  1.35063  -1.81126   1.16814
  1.35107  -1.80961   1.16857
   1.3515  -1.80796   1.16901
  1.35193  -1.80631   1.16944
  1.35237  -1.80466   1.16944
   1.3528  -1.80301   1.16987
  1.35323  -1.80137   1.17031
  1.35367  -1.79973   1.17031
   1.3541  -1.79809   1.17074
  1.35453  -1.79645   1.17117
  1.35497  -1.79481   1.17117
   1.3554  -1.79318   1.17161
  1.35584  -1.79154   1.17204
  1.35627  -1.78991   1.17204
   1.3567  -1.78829   1.17247
  1.35714  -1.78666   1.17291
  1.35757  -1.78503   1.17334
    1.358  -1.78341   1.17334
  1.35844  -1.78179   1.17377
  1.35887  -1.78017   1.17421
   1.3593  -1.77855   1.17421
  1.35974  -1.77694   1.17464
  1.36017  -1.77532   1.17508
   1.3606  -1.77371   1.17508
  1.36104   -1.7721   1.17551
  1.36147  -1.77049   1.17594
   1.3619  -1.76889   1.17594
  1.36234  -1.76728   1.17638
  1.36277  -1.76568   1.17681
   1.3632  -1.76408   1.17724
  1.36364  -1.76248   1.17724
  1.36407  -1.76089   1.17768
   1.3645  -1.75929   1.17811
  1.36494   -1.7577   1.17811
  1.36537  -1.75611   1.17854
  1.36581  -1.75452   1.17898
  1.36624  -1.75293   1.17898
  1.36667  -1.75135   1.17941
  1.36711  -1.74976   1.17984
  1.36754  -1.74818   1.17984
  1.36797   -1.7466   1.18028
  1.36841  -1.74502   1.18071
  1.36884  -1.74345   1.18114
  1.36927  -1.74187   1.18114
  1.36971   -1.7403   1.18158
  1.37014  -1.73873   1.18201
  1.37057  -1.73716   1.18201
  1.37101   -1.7356   1.18244
  1.37144  -1.73403   1.18288
  1.37187  -1.73247   1.18288
  1.37231  -1.73091   1.18331
  1.37274  -1.72935   1.18374
  1.37317  -1.72779   1.18374
  1.37361  -1.72623   1.18418
  1.37404  -1.72468   1.18461
  1.37447  -1.72313   1.18505
  1.37491  -1.72158   1.18505
  1.37534  -1.72003   1.18548
  1.37578  -1.71848   1.18591
  1.37621  -1.71693   1.18591
  1.37664  -1.71539   1.18635
  1.37708  -1.71385   1.18678
  1.37751  -1.71231   1.18678
  1.37794  -1.71077   1.18721
  1.37838  -1.70924   1.18765
  1.37881   -1.7077   1.18765
  1.37924  -1.70617   1.18808
  1.37968  -1.70464   1.18851
  1.38011  -1.70311   1.18895
  1.38054  -1.70158   1.18895
  1.38098  -1.70006   1.18938
  1.38141  -1.69853   1.18981
  1.38184  -1.69701   1.18981
  1.38228  -1.69549   1.19025
  1.38271  -1.69397   1.19068
  1.38314  -1.69246   1.19068
  1.38358  -1.69094   1.19111
  1.38401  -1.68943   1.19155
  1.38444  -1.68792   1.19198
  1.38488  -1.68641   1.19198
  1.38531   -1.6849   1.19241
  1.38575  -1.68339   1.19285
  1.38618  -1.68189   1.19285
  1.38661  -1.68039   1.19328
  1.38705  -1.67888   1.19371
  1.38748  -1.67738   1.19371
  1.38791  -1.67589   1.19415
  1.38835  -1.67439   1.19458
  1.38878   -1.6729   1.19458
  1.38921  -1.67141   1.19502
  1.38965  -1.66991   1.19545
  1.39008  -1.66843   1.19545
  1.39051  -1.66694   1.19588
  1.39095  -1.66545   1.19632
  1.39138  -1.66397   1.19632
  1.39181  -1.66249   1.19675
  1.39225  -1.66101   1.19718
  1.39268  -1.65953   1.19762
  1.39311  -1.65805   1.19762
  1.39355  -1.65658   1.19805
  1.39398   -1.6551   1.19848
  1.39441  -1.65363   1.19848
  1.39485  -1.65216   1.19892
  1.39528  -1.65069   1.19935
  1.39572  -1.64923   1.19978
  1.39615  -1.64776   1.19978
  1.39658   -1.6463   1.20022
  1.39702  -1.64484   1.20065
  1.39745  -1.64338   1.20065
  1.39788  -1.64192   1.20108
  1.39832  -1.64046   1.20152
  1.39875  -1.63901   1.20152
  1.39918  -1.63755   1.20195
  1.39962   -1.6361   1.20238
  1.40005  -1.63465   1.20238
  1.40048   -1.6332   1.20282
  1.40092  -1.63176   1.20325
  1.40135  -1.63031   1.20325
  1.40178  -1.62887   1.20368
  1.40222  -1.62743   1.20412
  1.40265  -1.62599   1.20455
  1.40308  -1.62455   1.20455
  1.40352  -1.62311   1.20498
  1.40395  -1.62168   1.20542
  1.40438  -1.62024   1.20542
  1.40482  -1.61881   1.20585
  1.40525  -1.61738   1.20629
  1.40569  -1.61595   1.20629
  1.40612  -1.61453   1.20672
  1.40655   -1.6131   1.20715
  1.40699  -1.61168   1.20715
  1.40742  -1.61025   1.20759
  1.40785  -1.60883   1.20802
  1.40829  -1.60742   1.20802
  1.40872    -1.606   1.20845
  1.40915  -1.60458   1.20889
  1.40959  -1.60317   1.20932
  1.41002  -1.60176   1.20932
  1.41045  -1.60035   1.20975
  1.41089  -1.59894   1.21019
  1.41132  -1.59753   1.21019
  1.41175  -1.59612   1.21062
  1.41219  -1.59472   1.21105
  1.41262  -1.59332   1.21149
  1.41305  -1.59191   1.21149
  1.41349  -1.59052   1.21192
  1.41392  -1.58912   1.21235
  1.41435  -1.58772   1.21235
  1.41479  -1.58633   1.21279
  1.41522  -1.58493   1.21322
  1.41566  -1.58354   1.21322
  1.41609  -1.58215   1.21365
  1.41652  -1.58076   1.21409
  1.41696  -1.57938   1.21409
  1.41739  -1.57799   1.21452
  1.41782  -1.57661   1.21495
  1.41826  -1.57523   1.21495
  1.41869  -1.57385   1.21539
  1.41912  -1.57247   1.21582
  1.41956  -1.57109   1.21582
  1.41999  -1.56971   1.21626
  1.42042  -1.56834   1.21669
  1.42086  -1.56697   1.21712
  1.42129  -1.56559   1.21712
  1.42172  -1.56422   1.21756
  1.42216  -1.56286   1.21799
  1.42259  -1.56149   1.21799
  1.42302  -1.56013   1.21842
  1.42346  -1.55876   1.21886
  1.42389   -1.5574   1.21886
  1.42432  -1.55604   1.21929
  1.42476  -1.55468   1.21972
  1.42519  -1.55332   1.22016
  1.42563  -1.55197   1.22016
  1.42606  -1.55061   1.22059
  1.42649  -1.54926   1.22102
  1.42693  -1.54791   1.22102
  1.42736  -1.54656   1.22146
  1.42779  -1.54521   1.22189
  1.42823  -1.54387   1.22189
  1.42866  -1.54252   1.22232
  1.42909  -1.54118   1.22276
  1.42953  -1.53983   1.22276
  1.42996  -1.53849   1.22319
  1.43039  -1.53715   1.22362
  1.43083  -1.53582   1.22362
  1.43126  -1.53448   1.22406
  1.43169  -1.53315   1.22449
  1.43213  -1.53181   1.22492
  1.43256  -1.53048   1.22492
  1.43299  -1.52915   1.22536
  1.43343  -1.52782   1.22579
  1.43386   -1.5265   1.22579
  1.43429  -1.52517   1.22623
  1.43473  -1.52385   1.22666
  1.43516  -1.52252   1.22666
   1.4356   -1.5212   1.22709
  1.43603  -1.51988   1.22753
  1.43646  -1.51857   1.22753
   1.4369  -1.51725   1.22796
  1.43733  -1.51593   1.22839
  1.43776  -1.51462   1.22883
   1.4382  -1.51331   1.22883
  1.43863    -1.512   1.22926
  1.43906  -1.51069   1.22969
   1.4395  -1.50938   1.22969
  1.43993  -1.50807   1.23013
  1.44036  -1.50677   1.23056
   1.4408  -1.50546   1.23056
  1.44123  -1.50416   1.23099
  1.44166  -1.50286   1.23143
   1.4421  -1.50156   1.23143
  1.44253  -1.50027   1.23186
  1.44296  -1.49897   1.23229
   1.4434  -1.49767   1.23273
  1.44383  -1.49638   1.23273
  1.44426  -1.49509   1.23316
   1.4447   -1.4938   1.23359
  1.44513  -1.49251   1.23359
  1.44557  -1.49122   1.23403
    1.446  -1.48994   1.23446
  1.44643  -1.48865   1.23446
  1.44687  -1.48737   1.23489
   1.4473  -1.48609   1.23533
  1.44773  -1.48481   1.23533
  1.44817  -1.48353   1.23576
   1.4486  -1.48225    1.2362
  1.44903  -1.48097    1.2362
  1.44947   -1.4797   1.23663
   1.4499  -1.47843   1.23706
  1.45033  -1.47715    1.2375
  1.45077  -1.47588    1.2375
   1.4512  -1.47461   1.23793
  1.45163  -1.47335   1.23836
  1.45207  -1.47208   1.23836
   1.4525  -1.47082    1.2388
  1.45293  -1.46955   1.23923
  1.45337  -1.46829   1.23923
   1.4538  -1.46703   1.23966
  1.45423  -1.46577    1.2401
  1.45467  -1.46451   1.24053
   1.4551  -1.46326   1.24053
  1.45554    -1.462   1.24096
  1.45597  -1.46075    1.2414
   1.4564   -1.4595    1.2414
  1.45684  -1.45824   1.24183
  1.45727    -1.457   1.24226
   1.4577  -1.45575   1.24226
  1.45814   -1.4545    1.2427
  1.45857  -1.45326   1.24313
    1.459  -1.45201   1.24313
  1.45944  -1.45077   1.24356
  1.45987  -1.44953     1.244
   1.4603  -1.44829     1.244
  1.46074  -1.44705   1.24443
  1.46117  -1.44581   1.24486
   1.4616  -1.44458    1.2453
  1.46204  -1.44334    1.2453
  1.46247  -1.44211   1.24573
   1.4629  -1.44088   1.24617
  1.46334  -1.43965   1.24617
  1.46377  -1.43842    1.2466
   1.4642  -1.43719   1.24703
  1.46464  -1.43597   1.24703
  1.46507  -1.43474   1.24747
  1.46551  -1.43352    1.2479
  1.46594  -1.43229    1.2479
  1.46637  -1.43107   1.24833
  1.46681  -1.42985   1.24877
  1.46724  -1.42864    1.2492
  1.46767  -1.42742    1.2492
  1.46811   -1.4262   1.24963
  1.46854  -1.42499   1.25007
  1.46897  -1.42378   1.25007
  1.46941  -1.42257    1.2505
  1.46984  -1.42136   1.25093
  1.47027  -1.42015   1.25093
  1.47071  -1.41894   1.25137
  1.47114  -1.41773    1.2518
  1.47157  -1.41653    1.2518
  1.47201  -1.41533   1.25223
  1.47244  -1.41412   1.25267
  1.47287  -1.41292   1.25267
  1.47331  -1.41172    1.2531
  1.47374  -1.41052   1.25353
  1.47417  -1.40933   1.25397
  1.47461  -1.40813   1.25397
  1.47504  -1.40694    1.2544
  1.47548  -1.40575   1.25483
  1.47591  -1.40455   1.25483
  1.47634  -1.40336   1.25527
  1.47678  -1.40217    1.2557
  1.47721  -1.40099    1.2557
  1.47764   -1.3998   1.25614
  1.47808  -1.39861   1.25657
  1.47851  -1.39743   1.25657
  1.47894  -1.39625     1.257
  1.47938  -1.39507   1.25744
  1.47981  -1.39389   1.25787
  1.48024  -1.39271   1.25787
  1.48068  -1.39153    1.2583
  1.48111  -1.39036   1.25874
  1.48154  -1.38918   1.25874
  1.48198  -1.38801   1.25917
  1.48241  -1.38683    1.2596
  1.48284  -1.38566    1.2596
  1.48328  -1.38449   1.26004
  1.48371  -1.38333   1.26047
  1.48414  -1.38216   1.26047
  1.48458  -1.38099    1.2609
  1.48501  -1.37983   1.26134
  1.48545  -1.37867   1.26177
  1.48588   -1.3775   1.26177
  1.48631  -1.37634    1.2622
  1.48675  -1.37518   1.26264
  1.48718  -1.37402   1.26264
  1.48761  -1.37287   1.26307
  1.48805  -1.37171    1.2635
  1.48848  -1.37056    1.2635
  1.48891   -1.3694   1.26394
  1.48935  -1.36825   1.26437
  1.48978   -1.3671   1.26437
  1.49021  -1.36595    1.2648
  1.49065   -1.3648   1.26524
  1.49108  -1.36366   1.26567
  1.49151  -1.36251   1.26567
  1.49195  -1.36137   1.26611
  1.49238  -1.36022   1.26654
  1.49281  -1.35908   1.26654
  1.49325  -1.35794   1.26697
  1.49368   -1.3568   1.26741
  1.49411  -1.35566   1.26741
  1.49455  -1.35453   1.26784
  1.49498  -1.35339   1.26827
  1.49542  -1.35226   1.26827
  1.49585  -1.35112   1.26871
  1.49628  -1.34999   1.26914
  1.49672  -1.34886   1.26914
  1.49715  -1.34773   1.26957
  1.49758   -1.3466   1.27001
  1.49802  -1.34547   1.27044
  1.49845  -1.34435   1.27044
  1.49888  -1.34322   1.27087
  1.49932   -1.3421   1.27131
  1.49975  -1.34098   1.27131
  1.50018  -1.33986   1.27174
  1.50062  -1.33874   1.27217
  1.50105  -1.33762   1.27217
  1.50148   -1.3365   1.27261
  1.50192  -1.33538   1.27304
  1.50235  -1.33427   1.27304
  1.50278  -1.33315   1.27347
  1.50322  -1.33204   1.27391
  1.50365  -1.33093   1.27434
  1.50408  -1.32982   1.27434
  1.50452  -1.32871   1.27477
  1.50495   -1.3276   1.27521
  1.50539   -1.3265   1.27521
  1.50582  -1.32539   1.27564
  1.50625  -1.32429   1.27608
  1.50669  -1.32318   1.27608
  1.50712  -1.32208   1.27651
  1.50755  -1.32098   1.27694
  1.50799  -1.31988   1.27694
  1.50842  -1.31878   1.27738
  1.50885  -1.31768   1.27781
  1.50929  -1.31659   1.27781
  1.50972  -1.31549   1.27824
  1.51015   -1.3144   1.27868
  1.51059  -1.31331   1.27911
  1.51102  -1.31222   1.27911
  1.51145  -1.31113   1.27954
  1.51189  -1.31004   1.27998
  1.51232  -1.30895   1.27998
  1.51275  -1.30786   1.28041
  1.51319  -1.30678   1.28084
  1.51362  -1.30569   1.28084
  1.51405  -1.30461   1.28128
  1.51449  -1.30353   1.28171
  1.51492  -1.30245   1.28171
  1.51536  -1.30137   1.28214
  1.51579  -1.30029   1.28258
  1.51622  -1.29921   1.28258
  1.51666  -1.29813   1.28301
  1.51709  -1.29706   1.28344
  1.51752  -1.29599   1.28388
  1.51796  -1.29491   1.28388
  1.51839  -1.29384   1.28431
  1.51882  -1.29277   1.28474
  1.51926   -1.2917   1.28474
  1.51969  -1.29063   1.28518
  1.52012  -1.28957   1.28561
  1.52056   -1.2885   1.28561
  1.52099  -1.28743   1.28605
  1.52142  -1.28637   1.28648
  1.52186  -1.28531   1.28648
  1.52229  -1.28425   1.28691
  1.52272  -1.28319   1.28735
  1.52316  -1.28213   1.28778
  1.52359  -1.28107   1.28778
  1.52402  -1.28001   1.28821
  1.52446  -1.27896   1.28865
  1.52489   -1.2779   1.28865
  1.52533  -1.27685   1.28908
  1.52576   -1.2758   1.28951
  1.52619  -1.27474   1.28951
  1.52663  -1.27369   1.28995
  1.52706  -1.27265   1.29038
  1.52749   -1.2716   1.29038
  1.52793  -1.27055   1.29081
  1.52836  -1.26951   1.29125
  1.52879  -1.26846   1.29125
  1.52923  -1.26742   1.29168
  1.52966  -1.26637   1.29211
  1.53009  -1.26533   1.29255
  1.53053  -1.26429   1.29255
  1.53096  -1.26325   1.29298
  1.53139  -1.26222   1.29341
  1.53183  -1.26118   1.29341
  1.53226  -1.26014   1.29385
  1.53269  -1.25911   1.29428
  1.53313  -1.25808   1.29428
  1.53356  -1.25704   1.29471
  1.53399  -1.25601   1.29515
  1.53443  -1.25498   1.29515
  1.53486  -1.25395   1.29558
   1.5353  -1.25292   1.29602
  1.53573   -1.2519   1.29645
  1.53616  -1.25087   1.29645
   1.5366  -1.24985   1.29688
  1.53703  -1.24882   1.29732
  1.53746   -1.2478   1.29732
   1.5379  -1.24678   1.29775
  1.53833  -1.24576   1.29818
  1.53876  -1.24474   1.29818
   1.5392  -1.24372   1.29862
  1.53963   -1.2427   1.29905
  1.54006  -1.24169   1.29905
   1.5405  -1.24067   1.29948
  1.54093  -1.23966   1.29992
  1.54136  -1.23864   1.29992
   1.5418  -1.23763   1.30035
  1.54223  -1.23662   1.30078
  1.54266  -1.23561   1.30122
   1.5431   -1.2346   1.30122
  1.54353   -1.2336   1.30165
  1.54396  -1.23259   1.30208
   1.5444  -1.23158   1.30208
  1.54483  -1.23058   1.30252
  1.54527  -1.22958   1.30295
   1.5457  -1.22857   1.30295
  1.54613  -1.22757   1.30338
  1.54657  -1.22657   1.30382
    1.547  -1.22557   1.30382
  1.54743  -1.22457   1.30425
  1.54787  -1.22358   1.30468
   1.5483  -1.22258   1.30512
  1.54873  -1.22159   1.30512
  1.54917  -1.22059   1.30555
   1.5496   -1.2196   1.30599
  1.55003  -1.21861   1.30599
  1.55047  -1.21762   1.30642
   1.5509  -1.21663   1.30685
  1.55133  -1.21564   1.30685
  1.55177  -1.21465   1.30729
   1.5522  -1.21366   1.30772
  1.55263  -1.21268   1.30772
  1.55307  -1.21169   1.30815
   1.5535  -1.21071   1.30859
  1.55393  -1.20973   1.30859
  1.55437  -1.20875   1.30902
   1.5548  -1.20777   1.30945
  1.55524  -1.20679   1.30989
  1.55567  -1.20581   1.30989
   1.5561  -1.20483   1.31032
  1.55654  -1.20385   1.31075
  1.55697  -1.20288   1.31075
   1.5574   -1.2019   1.31119
  1.55784  -1.20093   1.31162
  1.55827  -1.19996   1.31162
   1.5587  -1.19899   1.31205
  1.55914  -1.19802   1.31249
  1.55957  -1.19705   1.31249
     1.56  -1.19608   1.31292
  1.56044  -1.19511   1.31335
  1.56087  -1.19415   1.31335
   1.5613  -1.19318   1.31379
  1.56174  -1.19222   1.31422
  1.56217  -1.19125   1.31465
   1.5626  -1.19029   1.31465
  1.56304  -1.18933   1.31509
  1.56347  -1.18837   1.31552
   1.5639  -1.18741   1.31552
  1.56434  -1.18645   1.31596
  1.56477  -1.18549   1.31639
  1.56521  -1.18454   1.31639
  1.56564  -1.18358   1.31682
  1.56607  -1.18263   1.31726
  1.56651  -1.18168   1.31726
  1.56694  -1.18072   1.31769
  1.56737  -1.17977   1.31812
  1.56781  -1.17882   1.31856
  1.56824  -1.17787   1.31856
  1.56867  -1.17692   1.31899
  1.56911  -1.17598   1.31942
  1.56954  -1.17503   1.31942
  1.56997  -1.17409   1.31986
  1.57041  -1.17314   1.32029
  1.57084   -1.1722   1.32029
  1.57127  -1.17125   1.32072
  1.57171  -1.17031   1.32116
  1.57214  -1.16937   1.32116
  1.57257  -1.16843   1.32159
  1.57301   -1.1675   1.32202
  1.57344  -1.16656   1.32202
  1.57387  -1.16562   1.32246
  1.57431  -1.16469   1.32289
  1.57474  -1.16375   1.32332
  1.57518  -1.16282   1.32332
  1.57561  -1.16188   1.32376
  1.57604  -1.16095   1.32419
  1.57648  -1.16002   1.32419
  1.57691  -1.15909   1.32462
  1.57734  -1.15816   1.32506
  1.57778  -1.15724   1.32506
  1.57821  -1.15631   1.32549
  1.57864  -1.15538   1.32593
  1.57908  -1.15446   1.32593
  1.57951  -1.15353   1.32636
  1.57994  -1.15261   1.32679
  1.58038  -1.15169   1.32679
  1.58081  -1.15077   1.32723
  1.58124  -1.14985   1.32766
  1.58168  -1.14893   1.32809
  1.58211  -1.14801   1.32809
  1.58254  -1.14709   1.32853
  1.58298  -1.14618   1.32896
  1.58341  -1.14526   1.32896
  1.58384  -1.14435   1.32939
  1.58428  -1.14343   1.32983
  1.58471  -1.14252   1.32983
  1.58515  -1.14161   1.33026
  1.58558   -1.1407   1.33069
  1.58601  -1.13979   1.33069
  1.58645  -1.13888   1.33113
  1.58688  -1.13797   1.33156
  1.58731  -1.13706   1.33156
  1.58775  -1.13616   1.33199
  1.58818  -1.13525   1.33243
  1.58861  -1.13435   1.33286
  1.58905  -1.13344   1.33286
  1.58948  -1.13254   1.33329
  1.58991  -1.13164   1.33373
  1.59035  -1.13074   1.33373
  1.59078  -1.12984   1.33416
  1.59121  -1.12894   1.33459
  1.59165  -1.12804   1.33459
  1.59208  -1.12715   1.33503
  1.59251  -1.12625   1.33546
  1.59295  -1.12536   1.33546
  1.59338  -1.12446    1.3359
  1.59381  -1.12357   1.33633
  1.59425  -1.12268   1.33633
  1.59468  -1.12179   1.33676
  1.59512  -1.12089    1.3372
  1.59555  -1.12001   1.33763
  1.59598  -1.11912   1.33763
  1.59642  -1.11823   1.33806
  1.59685  -1.11734    1.3385
  1.59728  -1.11646    1.3385
  1.59772  -1.11557   1.33893
  1.59815  -1.11469   1.33936
  1.59858   -1.1138   1.33936
  1.59902  -1.11292    1.3398
  1.59945  -1.11204   1.34023
  1.59988  -1.11116   1.34023
  1.60032  -1.11028   1.34066
  1.60075   -1.1094    1.3411
  1.60118  -1.10852   1.34153
  1.60162  -1.10765   1.34153
  1.60205  -1.10677   1.34196
  1.60248   -1.1059    1.3424
  1.60292  -1.10502    1.3424
  1.60335  -1.10415   1.34283
  1.60378  -1.10328   1.34326
  1.60422   -1.1024   1.34326
  1.60465  -1.10153    1.3437
  1.60509  -1.10066   1.34413
  1.60552   -1.0998   1.34413
  1.60595  -1.09893   1.34456
  1.60639  -1.09806     1.345
  1.60682  -1.09719     1.345
  1.60725  -1.09633   1.34543
  1.60769  -1.09546   1.34587
  1.60812   -1.0946   1.34587
  1.60855  -1.09374    1.3463
  1.60899  -1.09288   1.34673
  1.60942  -1.09202   1.34717
  1.60985  -1.09116   1.34717
  1.61029   -1.0903    1.3476
  1.61072  -1.08944   1.34803
  1.61115  -1.08858   1.34803
  1.61159  -1.08772   1.34847
  1.61202  -1.08687    1.3489
  1.61245  -1.08601    1.3489
  1.61289  -1.08516   1.34933
  1.61332  -1.08431   1.34977
  1.61375  -1.08345   1.34977
  1.61419   -1.0826    1.3502
  1.61462  -1.08175   1.35063
  1.61506   -1.0809   1.35107
  1.61549  -1.08005   1.35107
  1.61592  -1.07921    1.3515
  1.61636  -1.07836   1.35193
  1.61679  -1.07751   1.35193
  1.61722  -1.07667   1.35237
  1.61766  -1.07582    1.3528
  1.61809  -1.07498    1.3528
  1.61852  -1.07414   1.35323
  1.61896  -1.07329   1.35367
  1.61939  -1.07245   1.35367
  1.61982  -1.07161    1.3541
  1.62026  -1.07077   1.35453
  1.62069  -1.06993   1.35453
  1.62112   -1.0691   1.35497
  1.62156  -1.06826    1.3554
  1.62199  -1.06742   1.35584
  1.62242  -1.06659   1.35584
  1.62286  -1.06575   1.35627
  1.62329  -1.06492    1.3567
  1.62372  -1.06409    1.3567
  1.62416  -1.06326   1.35714
  1.62459  -1.06243   1.35757
  1.62503   -1.0616   1.35757
  1.62546  -1.06077     1.358
  1.62589  -1.05994   1.35844
  1.62633  -1.05911   1.35844
  1.62676  -1.05828   1.35887
  1.62719  -1.05746    1.3593
  1.62763  -1.05663    1.3593
  1.62806  -1.05581   1.35974
  1.62849  -1.05498   1.36017
  1.62893  -1.05416    1.3606
  1.62936  -1.05334    1.3606
  1.62979  -1.05252   1.36104
  1.63023   -1.0517   1.36147
  1.63066  -1.05088   1.36147
  1.63109  -1.05006    1.3619
  1.63153  -1.04924   1.36234
  1.63196  -1.04843   1.36234
  1.63239  -1.04761   1.36277
  1.63283   -1.0468    1.3632
  1.63326  -1.04598    1.3632
  1.63369  -1.04517   1.36364
  1.63413  -1.04435   1.36407
  1.63456  -1.04354   1.36407
  1.63499  -1.04273    1.3645
  1.63543  -1.04192   1.36494
  1.63586  -1.04111   1.36537
   1.6363   -1.0403   1.36537
  1.63673  -1.03949   1.36581
  1.63716  -1.03869   1.36624
   1.6376  -1.03788   1.36624
  1.63803  -1.03708   1.36667
  1.63846  -1.03627   1.36711
   1.6389  -1.03547   1.36711
  1.63933  -1.03466   1.36754
  1.63976  -1.03386   1.36797
   1.6402  -1.03306   1.36797
  1.64063  -1.03226   1.36841
  1.64106  -1.03146   1.36884
   1.6415  -1.03066   1.36927
  1.64193  -1.02986   1.36927
  1.64236  -1.02907   1.36971
   1.6428  -1.02827   1.37014
  1.64323  -1.02747   1.37014
  1.64366  -1.02668   1.37057
   1.6441  -1.02588   1.37101
  1.64453  -1.02509   1.37101
  1.64496   -1.0243   1.37144
   1.6454  -1.02351   1.37187
  1.64583  -1.02271   1.37187
  1.64627  -1.02192   1.37231
   1.6467  -1.02113   1.37274
  1.64713  -1.02035   1.37274
  1.64757  -1.01956   1.37317
    1.648  -1.01877   1.37361
  1.64843  -1.01798   1.37361
  1.64887   -1.0172   1.37404
   1.6493  -1.01641   1.37447
  1.64973  -1.01563   1.37491
  1.65017  -1.01485   1.37491
   1.6506  -1.01406   1.37534
  1.65103  -1.01328   1.37578
  1.65147   -1.0125   1.37578
   1.6519  -1.01172   1.37621
  1.65233  -1.01094   1.37664
  1.65277  -1.01016   1.37664
   1.6532  -1.00939   1.37708
  1.65363  -1.00861   1.37751
  1.65407  -1.00783   1.37751
   1.6545  -1.00706   1.37794
  1.65493  -1.00628   1.37838
  1.65537  -1.00551   1.37838
   1.6558  -1.00473   1.37881
  1.65624  -1.00396   1.37924
  1.65667  -1.00319   1.37924
   1.6571  -1.00242   1.37968
  1.65754  -1.00165   1.38011
  1.65797  -1.00088   1.38011
   1.6584  -1.00011   1.38054
  1.65884 -0.999343   1.38098
  1.65927 -0.998576   1.38141
   1.6597  -0.99781   1.38141
  1.66014 -0.997044   1.38184
  1.66057 -0.996279   1.38228
    1.661 -0.995515   1.38271
  1.66144 -0.994751   1.38271
  1.66187 -0.993989   1.38314
   1.6623 -0.993227   1.38358
  1.66274 -0.992466   1.38358
  1.66317 -0.991706   1.38401
   1.6636 -0.990946   1.38444
  1.66404 -0.990187   1.38444
  1.66447 -0.989429   1.38488
   1.6649 -0.988672   1.38531
  1.66534 -0.987915   1.38531
  1.66577  -0.98716   1.38575
  1.66621 -0.986404   1.38618
  1.66664  -0.98565   1.38618
  1.66707 -0.984897   1.38661
  1.66751 -0.984143   1.38705
  1.66794 -0.983391   1.38705
  1.66837  -0.98264   1.38748
  1.66881 -0.981889   1.38791
  1.66924  -0.98114   1.38791
  1.66967  -0.98039   1.38835
  1.67011 -0.979642   1.38878
  1.67054 -0.978894   1.38878
  1.67097 -0.978147   1.38921
  1.67141 -0.977401   1.38965
  1.67184 -0.976656   1.38965
  1.67227 -0.975911   1.39008
  1.67271 -0.975167   1.39051
  1.67314 -0.974424   1.39095
  1.67357 -0.973681   1.39095
  1.67401 -0.972939   1.39138
  1.67444 -0.972198   1.39181
  1.67487 -0.971458   1.39181
  1.67531 -0.970718   1.39225
  1.67574 -0.969979   1.39268
  1.67618 -0.969241   1.39268
  1.67661 -0.968503   1.39311
  1.67704 -0.967767   1.39355
  1.67748 -0.967031   1.39398
  1.67791 -0.966295   1.39398
  1.67834 -0.965561   1.39441
  1.67878 -0.964827   1.39485
  1.67921 -0.964094   1.39485
  1.67964 -0.963361   1.39528
  1.68008  -0.96263   1.39572
  1.68051 -0.961899   1.39572
  1.68094 -0.961168   1.39615
  1.68138 -0.960439   1.39658
  1.68181  -0.95971   1.39658
  1.68224 -0.958982   1.39702
  1.68268 -0.958254   1.39745
  1.68311 -0.957528   1.39745
  1.68354 -0.956801   1.39788
  1.68398 -0.956076   1.39832
  1.68441 -0.955352   1.39875
  1.68484 -0.954628   1.39875
  1.68528 -0.953905   1.39918
  1.68571 -0.953182   1.39962
  1.68615  -0.95246   1.39962
  1.68658 -0.951739   1.40005
  1.68701 -0.951019   1.40048
  1.68745 -0.950299   1.40048
  1.68788  -0.94958   1.40092
  1.68831 -0.948862   1.40135
  1.68875 -0.948145   1.40135
  1.68918 -0.947428   1.40178
  1.68961 -0.946711   1.40222
  1.69005 -0.945996   1.40222
  1.69048 -0.945281   1.40265
  1.69091 -0.944567   1.40308
  1.69135 -0.943854   1.40308
  1.69178 -0.943141   1.40352
  1.69221 -0.942429   1.40395
  1.69265 -0.941718   1.40438
  1.69308 -0.941007   1.40438
  1.69351 -0.940297   1.40482
  1.69395 -0.939588   1.40525
  1.69438  -0.93888   1.40525
  1.69481 -0.938172   1.40569
  1.69525 -0.937465   1.40612
  1.69568 -0.936758   1.40612
  1.69612 -0.936052   1.40655
  1.69655 -0.935347   1.40699
  1.69698 -0.934643   1.40699
  1.69742 -0.933939   1.40742
  1.69785 -0.933236   1.40785
  1.69828 -0.932534   1.40785
  1.69872 -0.931832   1.40829
  1.69915 -0.931131   1.40872
  1.69958 -0.930431   1.40915
  1.70002 -0.929731   1.40915
  1.70045 -0.929032   1.40959
  1.70088 -0.928334   1.41002
  1.70132 -0.927636   1.41002
  1.70175 -0.926939   1.41045
  1.70218 -0.926243   1.41089
  1.70262 -0.925548   1.41089
  1.70305 -0.924853   1.41132
  1.70348 -0.924158   1.41175
  1.70392 -0.923465   1.41175
  1.70435 -0.922772   1.41219
  1.70478  -0.92208   1.41262
  1.70522 -0.921388   1.41262
  1.70565 -0.920697   1.41305
  1.70609 -0.920007   1.41349
  1.70652 -0.919318   1.41349
  1.70695 -0.918629   1.41392
  1.70739  -0.91794   1.41435
  1.70782 -0.917253   1.41479
  1.70825 -0.916566   1.41479
  1.70869  -0.91588   1.41522
  1.70912 -0.915194   1.41566
  1.70955 -0.914509   1.41566
  1.70999 -0.913825   1.41609
  1.71042 -0.913141   1.41652
  1.71085 -0.912458   1.41652
  1.71129 -0.911776   1.41696
  1.71172 -0.911094   1.41739
  1.71215 -0.910414   1.41739
  1.71259 -0.909733   1.41782
  1.71302 -0.909053   1.41826
  1.71345 -0.908375   1.41869
  1.71389 -0.907696   1.41869
  1.71432 -0.907018   1.41912
  1.71475 -0.906342   1.41956
  1.71519 -0.905665   1.41956
  1.71562 -0.904989   1.41999
  1.71606 -0.904314   1.42042
  1.71649  -0.90364   1.42042
  1.71692 -0.902966   1.42086
  1.71736 -0.902293   1.42129
  1.71779  -0.90162   1.42129
  1.71822 -0.900948   1.42172
  1.71866 -0.900277   1.42216
  1.71909 -0.899607   1.42216
  1.71952 -0.898937   1.42259
  1.71996 -0.898267   1.42302
  1.72039 -0.897599   1.42302
  1.72082 -0.896931   1.42346
  1.72126 -0.896263   1.42389
  1.72169 -0.895597   1.42389
  1.72212 -0.894931   1.42432
  1.72256 -0.894265   1.42476
  1.72299 -0.893601   1.42519
  1.72342 -0.892936   1.42519
  1.72386 -0.892273   1.42563
  1.72429  -0.89161   1.42606
  1.72472 -0.890948   1.42606
  1.72516 -0.890286   1.42649
  1.72559 -0.889625   1.42693
  1.72603 -0.888965   1.42693
  1.72646 -0.888305   1.42736
  1.72689 -0.887646   1.42779
  1.72733 -0.886987   1.42779
  1.72776 -0.886329   1.42823
  1.72819 -0.885672   1.42866
  1.72863 -0.885016   1.42909
  1.72906  -0.88436   1.42909
  1.72949 -0.883704   1.42953
  1.72993  -0.88305   1.42996
  1.73036 -0.882395   1.42996
  1.73079 -0.881742   1.43039
  1.73123 -0.881089   1.43083
  1.73166 -0.880437   1.43083
  1.73209 -0.879785   1.43126
  1.73253 -0.879134   1.43169
  1.73296 -0.878484   1.43169
  1.73339 -0.877834   1.43213
  1.73383 -0.877185   1.43256
  1.73426 -0.876537   1.43256
  1.73469 -0.875889   1.43299
  1.73513 -0.875242   1.43343
  1.73556 -0.874595   1.43343
    1.736 -0.873949   1.43386
  1.73643 -0.873303   1.43429
  1.73686 -0.872659   1.43473
   1.7373 -0.872014   1.43473
  1.73773 -0.871371   1.43516
  1.73816 -0.870728    1.4356
   1.7386 -0.870086    1.4356
  1.73903 -0.869444   1.43603
  1.73946 -0.868803   1.43646
   1.7399 -0.868162   1.43646
  1.74033 -0.867522    1.4369
  1.74076 -0.866883   1.43733
   1.7412 -0.866244   1.43733
  1.74163 -0.865606   1.43776
  1.74206 -0.864969    1.4382
   1.7425 -0.864332    1.4382
  1.74293 -0.863695   1.43863
  1.74336  -0.86306   1.43906
   1.7438 -0.862425    1.4395
  1.74423  -0.86179    1.4395
  1.74466 -0.861156   1.43993
   1.7451 -0.860523   1.44036
  1.74553  -0.85989   1.44036
  1.74597 -0.859258    1.4408
   1.7464 -0.858627   1.44123
  1.74683 -0.857996   1.44123
  1.74727 -0.857366   1.44166
   1.7477 -0.856736    1.4421
  1.74813 -0.856107    1.4421
  1.74857 -0.855478   1.44253
    1.749  -0.85485   1.44296
  1.74943 -0.854223   1.44296
  1.74987 -0.853596    1.4434
   1.7503  -0.85297   1.44383
  1.75073 -0.852345   1.44383
  1.75117  -0.85172   1.44426
   1.7516 -0.851095    1.4447
  1.75203 -0.850472   1.44513
  1.75247 -0.849849   1.44513
   1.7529 -0.849226   1.44557
  1.75333 -0.848604     1.446
  1.75377 -0.847983     1.446
   1.7542 -0.847362   1.44643
  1.75463 -0.846742   1.44687
  1.75507 -0.846122   1.44687
   1.7555 -0.845503    1.4473
  1.75594 -0.844884   1.44773
  1.75637 -0.844267   1.44773
   1.7568 -0.843649   1.44817
  1.75724 -0.843032    1.4486
  1.75767 -0.842416    1.4486
   1.7581 -0.841801   1.44903
  1.75854 -0.841186   1.44947
  1.75897 -0.840571    1.4499
   1.7594 -0.839957    1.4499
  1.75984 -0.839344   1.45033
  1.76027 -0.838731   1.45077
   1.7607 -0.838119   1.45077
  1.76114 -0.837508    1.4512
  1.76157 -0.836897   1.45163
    1.762 -0.836286   1.45163
  1.76244 -0.835676   1.45207
  1.76287 -0.835067    1.4525
   1.7633 -0.834459    1.4525
  1.76374  -0.83385   1.45293
  1.76417 -0.833243   1.45337
   1.7646 -0.832636   1.45337
  1.76504 -0.832029    1.4538
  1.76547 -0.831424   1.45423
  1.76591 -0.830819   1.45423
  1.76634 -0.830214   1.45467
  1.76677  -0.82961    1.4551
  1.76721 -0.829006   1.45554
  1.76764 -0.828403   1.45554
  1.76807 -0.827801   1.45597
  1.76851 -0.827199    1.4564
  1.76894 -0.826597    1.4564
  1.76937 -0.825997   1.45684
  1.76981 -0.825397   1.45727
  1.77024 -0.824797   1.45727
  1.77067 -0.824198    1.4577
  1.77111 -0.823599   1.45814
  1.77154 -0.823001   1.45814
  1.77197 -0.822404   1.45857
  1.77241 -0.821807     1.459
  1.77284 -0.821211     1.459
  1.77327 -0.820615   1.45944
  1.77371  -0.82002   1.45987
  1.77414 -0.819426    1.4603
  1.77457 -0.818831    1.4603
  1.77501 -0.818238   1.46074
  1.77544 -0.817645   1.46117
  1.77588 -0.817053   1.46117
  1.77631 -0.816461    1.4616
  1.77674  -0.81587   1.46204
  1.77718 -0.815279   1.46204
  1.77761 -0.814689   1.46247
  1.77804 -0.814099    1.4629
  1.77848  -0.81351    1.4629
  1.77891 -0.812921   1.46334
  1.77934 -0.812333   1.46377
  1.77978 -0.811746   1.46377
  1.78021 -0.811159    1.4642
  1.78064 -0.810573   1.46464
  1.78108 -0.809987   1.46464
  1.78151 -0.809402   1.46507
  1.78194 -0.808817   1.46551
  1.78238 -0.808233   1.46594
  1.78281 -0.807649   1.46594
  1.78324 -0.807066   1.46637
  1.78368 -0.806484   1.46681
  1.78411 -0.805902   1.46681
  1.78454  -0.80532   1.46724
  1.78498 -0.804739   1.46767
  1.78541 -0.804159   1.46767
  1.78585 -0.803579   1.46811
  1.78628    -0.803   1.46854
  1.78671 -0.802421   1.46854
  1.78715 -0.801843   1.46897
  1.78758 -0.801265   1.46941
  1.78801 -0.800688   1.46941
  1.78845 -0.800111   1.46984
  1.78888 -0.799535   1.47027
  1.78931  -0.79896   1.47071
  1.78975 -0.798385   1.47071
  1.79018  -0.79781   1.47114
  1.79061 -0.797236   1.47157
  1.79105 -0.796663   1.47157
  1.79148  -0.79609   1.47201
  1.79191 -0.795518   1.47244
  1.79235 -0.794946   1.47244
  1.79278 -0.794375   1.47287
  1.79321 -0.793804   1.47331
  1.79365 -0.793234   1.47331
  1.79408 -0.792664   1.47374
  1.79451 -0.792095   1.47417
  1.79495 -0.791526   1.47417
  1.79538 -0.790958   1.47461
  1.79582  -0.79039   1.47504
  1.79625 -0.789823   1.47504
  1.79668 -0.789257   1.47548
  1.79712 -0.788691   1.47591
  1.79755 -0.788125   1.47634
  1.79798  -0.78756   1.47634
  1.79842 -0.786996   1.47678
  1.79885 -0.786432   1.47721
  1.79928 -0.785868   1.47721
  1.79972 -0.785305   1.47764
  1.80015 -0.784743   1.47808
  1.80058 -0.784181   1.47808
  1.80102  -0.78362   1.47851
  1.80145 -0.783059   1.47894
  1.80188 -0.782499   1.47894
  1.80232 -0.781939   1.47938
  1.80275 -0.781379   1.47981
  1.80318 -0.780821   1.47981
  1.80362 -0.780262   1.48024
  1.80405 -0.779705   1.48068
  1.80448 -0.779148   1.48068
  1.80492 -0.778591   1.48111
  1.80535 -0.778034   1.48154
  1.80579 -0.777479   1.48198
  1.80622 -0.776924   1.48198
  1.80665 -0.776369   1.48241
  1.80709 -0.775815   1.48284
  1.80752 -0.775261   1.48284
  1.80795 -0.774708   1.48328
  1.80839 -0.774155   1.48371
  1.80882 -0.773603   1.48371
  1.80925 -0.773051   1.48414
  1.80969   -0.7725   1.48458
  1.81012  -0.77195   1.48458
  1.81055   -0.7714   1.48501
  1.81099  -0.77085   1.48545
  1.81142 -0.770301   1.48545
  1.81185 -0.769752   1.48588
  1.81229 -0.769204   1.48631
  1.81272 -0.768657   1.48631
  1.81315 -0.768109   1.48675
  1.81359 -0.767563   1.48718
  1.81402 -0.767017   1.48761
  1.81445 -0.766471   1.48761
  1.81489 -0.765926   1.48805
  1.81532 -0.765382   1.48848
  1.81576 -0.764837   1.48848
  1.81619 -0.764294   1.48891
  1.81662 -0.763751   1.48935
  1.81706 -0.763208   1.48935
  1.81749 -0.762666   1.48978
  1.81792 -0.762124   1.49021
  1.81836 -0.761583   1.49021
  1.81879 -0.761043   1.49065
  1.81922 -0.760502   1.49108
  1.81966 -0.759963   1.49108
  1.82009 -0.759424   1.49151
  1.82052 -0.758885   1.49195
  1.82096 -0.758347   1.49238
  1.82139 -0.757809   1.49238
  1.82182 -0.757272   1.49281
  1.82226 -0.756735   1.49325
  1.82269 -0.756199   1.49325
  1.82312 -0.755663   1.49368
  1.82356 -0.755128   1.49411
  1.82399 -0.754593   1.49411
  1.82442 -0.754059   1.49455
  1.82486 -0.753525   1.49498
  1.82529 -0.752992   1.49498
  1.82573 -0.752459   1.49542
  1.82616 -0.751927   1.49585
  1.82659 -0.751395   1.49585
  1.82703 -0.750864   1.49628
  1.82746 -0.750333   1.49672
  1.82789 -0.749803   1.49672
  1.82833 -0.749273   1.49715
  1.82876 -0.748743   1.49758
  1.82919 -0.748215   1.49802
  1.82963 -0.747686   1.49802
  1.83006 -0.747158   1.49845
  1.83049 -0.746631   1.49888
  1.83093 -0.746103   1.49888
  1.83136 -0.745577   1.49932
  1.83179 -0.745051   1.49975
  1.83223 -0.744525   1.49975
  1.83266    -0.744   1.50018
  1.83309 -0.743476   1.50062
  1.83353 -0.742952   1.50062
  1.83396 -0.742428   1.50105
  1.83439 -0.741905   1.50148
  1.83483 -0.741382   1.50148
  1.83526  -0.74086   1.50192
   1.8357 -0.740338   1.50235
  1.83613 -0.739817   1.50235
  1.83656 -0.739296   1.50278
    1.837 -0.738775   1.50322
  1.83743 -0.738256   1.50365
  1.83786 -0.737736   1.50365
   1.8383 -0.737217   1.50408
  1.83873 -0.736699   1.50452
  1.83916 -0.736181   1.50452
   1.8396 -0.735663   1.50495
  1.84003 -0.735146   1.50539
  1.84046 -0.734629   1.50539
   1.8409 -0.734113   1.50582
  1.84133 -0.733598   1.50625
  1.84176 -0.733082   1.50625
   1.8422 -0.732568   1.50669
  1.84263 -0.732053   1.50712
  1.84306  -0.73154   1.50712
   1.8435 -0.731026   1.50755
  1.84393 -0.730513   1.50799
  1.84436 -0.730001   1.50799
   1.8448 -0.729489   1.50842
  1.84523 -0.728977   1.50885
  1.84567 -0.728467   1.50929
   1.8461 -0.727956   1.50929
  1.84653 -0.727446   1.50972
  1.84697 -0.726936   1.51015
   1.8474 -0.726427   1.51015
  1.84783 -0.725918   1.51059
  1.84827  -0.72541   1.51102
   1.8487 -0.724902   1.51102
  1.84913 -0.724395   1.51145
  1.84957 -0.723888   1.51189
     1.85 -0.723381   1.51189