 kgrid  ValNew  Policy 
    0.55  -40.638 0.550867
0.550433 -40.5753   0.5513
0.550867 -40.5128 0.551734
  0.5513 -40.4504 0.551734
0.551734 -40.3882 0.552167
0.552167 -40.3263 0.552601
0.552601 -40.2645 0.552601
0.553034 -40.2029 0.553034
0.553468 -40.1414 0.553468
0.553901 -40.0802 0.553468
0.554335 -40.0191 0.553901
0.554768 -39.9583 0.554335
0.555202 -39.8976 0.554335
0.555635  -39.837 0.554768
0.556069 -39.7767 0.555202
0.556502 -39.7165 0.555202
0.556936 -39.6565 0.555635
0.557369 -39.5967 0.556069
0.557803 -39.5371 0.556069
0.558236 -39.4776 0.556502
 0.55867 -39.4183 0.556936
0.559103 -39.3592 0.556936
0.559537 -39.3002 0.557369
 0.55997 -39.2414 0.557803
0.560403 -39.1828 0.557803
0.560837 -39.1243 0.558236
 0.56127 -39.0661  0.55867
0.561704  -39.008  0.55867
0.562137   -38.95 0.559103
0.562571 -38.8923 0.559537
0.563004 -38.8347 0.559537
0.563438 -38.7772  0.55997
0.563871 -38.7199 0.560403
0.564305 -38.6629 0.560403
0.564738 -38.6059 0.560837
0.565172 -38.5491  0.56127
0.565605 -38.4925  0.56127
0.566039  -38.436 0.561704
0.566472 -38.3797 0.562137
0.566906 -38.3236 0.562137
0.567339 -38.2675 0.562571
0.567773 -38.2117 0.563004
0.568206 -38.1561 0.563004
 0.56864 -38.1005 0.563438
0.569073 -38.0452 0.563871
0.569507   -37.99 0.564305
 0.56994 -37.9349 0.564305
0.570373   -37.88 0.564738
0.570807 -37.8253 0.565172
 0.57124 -37.7707 0.565172
0.571674 -37.7163 0.565605
0.572107  -37.662 0.566039
0.572541 -37.6079 0.566039
0.572974 -37.5539 0.566472
0.573408 -37.5001 0.566906
0.573841 -37.4464 0.566906
0.574275 -37.3928 0.567339
0.574708 -37.3394 0.567773
0.575142 -37.2861 0.568206
0.575575 -37.2329 0.568206
0.576009 -37.1799  0.56864
0.576442  -37.127 0.569073
0.576876 -37.0743 0.569073
0.577309 -37.0216 0.569507
0.577743 -36.9692  0.56994
0.578176 -36.9168 0.570373
 0.57861 -36.8646 0.570373
0.579043 -36.8125 0.570807
0.579476 -36.7606  0.57124
 0.57991 -36.7088 0.571674
0.580343  -36.657 0.571674
0.580777 -36.6054 0.572107
 0.58121  -36.554 0.572541
0.581644 -36.5027 0.572541
0.582077 -36.4515 0.572974
0.582511 -36.4004 0.573408
0.582944 -36.3496 0.573841
0.583378 -36.2987 0.573841
0.583811  -36.248 0.574275
0.584245 -36.1975 0.574708
0.584678 -36.1471 0.574708
0.585112 -36.0967 0.575142
0.585545 -36.0465 0.575575
0.585979 -35.9965 0.576009
0.586412 -35.9466 0.576009
0.586846 -35.8967 0.576442
0.587279  -35.847 0.576876
0.587713 -35.7975 0.577309
0.588146  -35.748 0.577309
 0.58858 -35.6986 0.577743
0.589013 -35.6494 0.578176
0.589446 -35.6004  0.57861
 0.58988 -35.5514  0.57861
0.590313 -35.5025 0.579043
0.590747 -35.4538 0.579476
 0.59118 -35.4052 0.579476
0.591614 -35.3566  0.57991
0.592047 -35.3082 0.580343
0.592481   -35.26 0.580777
0.592914 -35.2118 0.580777
0.593348 -35.1638  0.58121
0.593781 -35.1158 0.581644
0.594215  -35.068 0.582077
0.594648 -35.0203 0.582077
0.595082 -34.9727 0.582511
0.595515 -34.9253 0.582944
0.595949 -34.8779 0.583378
0.596382 -34.8307 0.583378
0.596816 -34.7835 0.583811
0.597249 -34.7364 0.584245
0.597683 -34.6895 0.584678
0.598116 -34.6426 0.585112
 0.59855 -34.5959 0.585112
0.598983 -34.5492 0.585545
0.599416 -34.5026 0.585979
 0.59985 -34.4561 0.586412
0.600283 -34.4098 0.586846
0.600717 -34.3635 0.586846
 0.60115 -34.3173 0.587279
0.601584 -34.2712 0.587713
0.602017 -34.2252 0.588146
0.602451 -34.1793 0.588146
0.602884 -34.1335  0.58858
0.603318 -34.0877 0.589013
0.603751 -34.0421 0.589446
0.604185 -33.9966  0.58988
0.604618 -33.9511  0.58988
0.605052 -33.9058 0.590313
0.605485 -33.8605 0.590747
0.605919 -33.8153  0.59118
0.606352 -33.7702 0.591614
0.606786 -33.7253 0.591614
0.607219 -33.6803 0.592047
0.607653 -33.6355 0.592481
0.608086 -33.5908 0.592914
 0.60852 -33.5462 0.593348
0.608953 -33.5017 0.593348
0.609386 -33.4572 0.593781
 0.60982 -33.4128 0.594215
0.610253 -33.3686 0.594648
0.610687 -33.3244 0.595082
 0.61112 -33.2803 0.595082
0.611554 -33.2362 0.595515
0.611987 -33.1923 0.595949
0.612421 -33.1485 0.596382
0.612854 -33.1048 0.596816
0.613288 -33.0611 0.596816
0.613721 -33.0175 0.597249
0.614155  -32.974 0.597683
0.614588 -32.9306 0.598116
0.615022 -32.8873  0.59855
0.615455 -32.8441  0.59855
0.615889 -32.8009 0.598983
0.616322 -32.7578 0.599416
0.616756 -32.7148  0.59985
0.617189  -32.672 0.600283
0.617623 -32.6291 0.600283
0.618056 -32.5864 0.600717
0.618489 -32.5437  0.60115
0.618923 -32.5012 0.601584
0.619356 -32.4587 0.602017
 0.61979 -32.4163 0.602017
0.620223  -32.374 0.602451
0.620657 -32.3318 0.602884
 0.62109 -32.2896 0.603318
0.621524 -32.2475 0.603751
0.621957 -32.2056 0.603751
0.622391 -32.1636 0.604185
0.622824 -32.1218 0.604618
0.623258   -32.08 0.605052
0.623691 -32.0384 0.605485
0.624125 -31.9968 0.605485
0.624558 -31.9553 0.605919
0.624992 -31.9138 0.606352
0.625425 -31.8725 0.606786
0.625859 -31.8312 0.607219
0.626292 -31.7901 0.607653
0.626726 -31.7489 0.607653
0.627159 -31.7079 0.608086
0.627593 -31.6669  0.60852
0.628026  -31.626 0.608953
0.628459 -31.5852 0.609386
0.628893 -31.5445 0.609386
0.629326 -31.5038  0.60982
 0.62976 -31.4633 0.610253
0.630193 -31.4228 0.610687
0.630627 -31.3824  0.61112
 0.63106  -31.342  0.61112
0.631494 -31.3017 0.611554
0.631927 -31.2615 0.611987
0.632361 -31.2214 0.612421
0.632794 -31.1814 0.612854
0.633228 -31.1415 0.612854
0.633661 -31.1015 0.613288
0.634095 -31.0617 0.613721
0.634528  -31.022 0.614155
0.634962 -30.9823 0.614588
0.635395 -30.9427 0.615022
0.635829 -30.9032 0.615022
0.636262 -30.8637 0.615455
0.636696 -30.8244 0.615889
0.637129 -30.7851 0.616322
0.637563 -30.7459 0.616756
0.637996 -30.7067 0.616756
0.638429 -30.6676 0.617189
0.638863 -30.6286 0.617623
0.639296 -30.5896 0.618056
 0.63973 -30.5508 0.618489
0.640163  -30.512 0.618489
0.640597 -30.4732 0.618923
 0.64103 -30.4346 0.619356
0.641464  -30.396  0.61979
0.641897 -30.3575 0.620223
0.642331 -30.3191 0.620657
0.642764 -30.2807 0.620657
0.643198 -30.2423  0.62109
0.643631 -30.2041 0.621524
0.644065  -30.166 0.621957
0.644498 -30.1279 0.622391
0.644932 -30.0898 0.622391
0.645365 -30.0519 0.622824
0.645799  -30.014 0.623258
0.646232 -29.9762 0.623691
0.646666 -29.9384 0.624125
0.647099 -29.9007 0.624558
0.647533 -29.8631 0.624558
0.647966 -29.8255 0.624992
0.648399  -29.788 0.625425
0.648833 -29.7506 0.625859
0.649266 -29.7133 0.626292
  0.6497  -29.676 0.626292
0.650133 -29.6388 0.626726
0.650567 -29.6016 0.627159
   0.651 -29.5645 0.627593
0.651434 -29.5275 0.628026
0.651867 -29.4906 0.628459
0.652301 -29.4537 0.628459
0.652734 -29.4169 0.628893
0.653168 -29.3801 0.629326
0.653601 -29.3434  0.62976
0.654035 -29.3068 0.630193
0.654468 -29.2702 0.630193
0.654902 -29.2337 0.630627
0.655335 -29.1973  0.63106
0.655769 -29.1609 0.631494
0.656202 -29.1246 0.631927
0.656636 -29.0884 0.632361
0.657069 -29.0522 0.632361
0.657503 -29.0161 0.632794
0.657936 -28.9801 0.633228
0.658369 -28.9441 0.633661
0.658803 -28.9082 0.634095
0.659236 -28.8723 0.634095
 0.65967 -28.8365 0.634528
0.660103 -28.8008 0.634962
0.660537 -28.7651 0.635395
 0.66097 -28.7295 0.635829
0.661404  -28.694 0.635829
0.661837 -28.6585 0.636262
0.662271 -28.6231 0.636696
0.662704 -28.5877 0.637129
0.663138 -28.5524 0.637563
0.663571 -28.5172 0.637996
0.664005  -28.482 0.637996
0.664438 -28.4469 0.638429
0.664872 -28.4118 0.638863
0.665305 -28.3769 0.639296
0.665739 -28.3419  0.63973
0.666172 -28.3071 0.640163
0.666606 -28.2723 0.640163
0.667039 -28.2375 0.640597
0.667472 -28.2028  0.64103
0.667906 -28.1682 0.641464
0.668339 -28.1336 0.641897
0.668773 -28.0991 0.641897
0.669206 -28.0646 0.642331
 0.66964 -28.0302 0.642764
0.670073 -27.9959 0.643198
0.670507 -27.9616 0.643631
 0.67094 -27.9274 0.644065
0.671374 -27.8933 0.644065
0.671807 -27.8592 0.644498
0.672241 -27.8251 0.644932
0.672674 -27.7911 0.645365
0.673108 -27.7572 0.645799
0.673541 -27.7233 0.646232
0.673975 -27.6895 0.646232
0.674408 -27.6558 0.646666
0.674842  -27.622 0.647099
0.675275 -27.5884 0.647533
0.675709 -27.5548 0.647966
0.676142 -27.5213 0.648399
0.676576 -27.4878 0.648399
0.677009 -27.4544 0.648833
0.677442 -27.4211 0.649266
0.677876 -27.3878   0.6497
0.678309 -27.3545 0.650133
0.678743 -27.3213 0.650133
0.679176 -27.2882 0.650567
 0.67961 -27.2551    0.651
0.680043 -27.2221 0.651434
0.680477 -27.1891 0.651867
 0.68091 -27.1562 0.652301
0.681344 -27.1234 0.652301
0.681777 -27.0906 0.652734
0.682211 -27.0578 0.653168
0.682644 -27.0251 0.653601
0.683078 -26.9925 0.654035
0.683511 -26.9599 0.654468
0.683945 -26.9274 0.654468
0.684378 -26.8949 0.654902
0.684812 -26.8625 0.655335
0.685245 -26.8301 0.655769
0.685679 -26.7978 0.656202
0.686112 -26.7656 0.656202
0.686546 -26.7334 0.656636
0.686979 -26.7012 0.657069
0.687412 -26.6691 0.657503
0.687846 -26.6371 0.657936
0.688279 -26.6051 0.658369
0.688713 -26.5732 0.658369
0.689146 -26.5413 0.658803
 0.68958 -26.5094 0.659236
0.690013 -26.4777  0.65967
0.690447  -26.446 0.660103
 0.69088 -26.4143 0.660537
0.691314 -26.3827 0.660537
0.691747 -26.3511  0.66097
0.692181 -26.3196 0.661404
0.692614 -26.2881 0.661837
0.693048 -26.2567 0.662271
0.693481 -26.2254 0.662704
0.693915 -26.1941 0.662704
0.694348 -26.1628 0.663138
0.694782 -26.1316 0.663571
0.695215 -26.1004 0.664005
0.695649 -26.0694 0.664438
0.696082 -26.0383 0.664438
0.696516 -26.0073 0.664872
0.696949 -25.9764 0.665305
0.697382 -25.9455 0.665739
0.697816 -25.9146 0.666172
0.698249 -25.8838 0.666606
0.698683 -25.8531 0.666606
0.699116 -25.8224 0.667039
 0.69955 -25.7917 0.667472
0.699983 -25.7611 0.667906
0.700417 -25.7306 0.668339
 0.70085 -25.7001 0.668773
0.701284 -25.6697 0.668773
0.701717 -25.6393 0.669206
0.702151 -25.6089  0.66964
0.702584 -25.5786 0.670073
0.703018 -25.5484 0.670507
0.703451 -25.5182 0.670507
0.703885 -25.4881  0.67094
0.704318  -25.458 0.671374
0.704752 -25.4279 0.671807
0.705185 -25.3979 0.672241
0.705619  -25.368 0.672674
0.706052 -25.3381 0.672674
0.706485 -25.3082 0.673108
0.706919 -25.2784 0.673541
0.707352 -25.2487 0.673975
0.707786 -25.2189 0.674408
0.708219 -25.1893 0.674842
0.708653 -25.1597 0.674842
0.709086 -25.1301 0.675275
 0.70952 -25.1006 0.675709
0.709953 -25.0711 0.676142
0.710387 -25.0417 0.676576
 0.71082 -25.0123 0.677009
0.711254  -24.983 0.677009
0.711687 -24.9537 0.677442
0.712121 -24.9245 0.677876
0.712554 -24.8953 0.678309
0.712988 -24.8662 0.678743
0.713421 -24.8371 0.679176
0.713855  -24.808 0.679176
0.714288  -24.779  0.67961
0.714722 -24.7501 0.680043
0.715155 -24.7212 0.680477
0.715589 -24.6923  0.68091
0.716022 -24.6635  0.68091
0.716455 -24.6348 0.681344
0.716889  -24.606 0.681777
0.717322 -24.5774 0.682211
0.717756 -24.5487 0.682644
0.718189 -24.5202 0.683078
0.718623 -24.4916 0.683078
0.719056 -24.4631 0.683511
 0.71949 -24.4347 0.683945
0.719923 -24.4063 0.684378
0.720357 -24.3779 0.684812
 0.72079 -24.3496 0.685245
0.721224 -24.3214 0.685245
0.721657 -24.2931 0.685679
0.722091  -24.265 0.686112
0.722524 -24.2368 0.686546
0.722958 -24.2088 0.686979
0.723391 -24.1807 0.686979
0.723825 -24.1527 0.687412
0.724258 -24.1248 0.687846
0.724692 -24.0969 0.688279
0.725125  -24.069 0.688713
0.725559 -24.0412 0.689146
0.725992 -24.0134 0.689146
0.726425 -23.9857  0.68958
0.726859  -23.958 0.690013
0.727292 -23.9303 0.690447
0.727726 -23.9028  0.69088
0.728159 -23.8752 0.691314
0.728593 -23.8477 0.691314
0.729026 -23.8202 0.691747
 0.72946 -23.7928 0.692181
0.729893 -23.7654 0.692614
0.730327 -23.7381 0.693048
 0.73076 -23.7108 0.693481
0.731194 -23.6835 0.693481
0.731627 -23.6563 0.693915
0.732061 -23.6292 0.694348
0.732494  -23.602 0.694782
0.732928  -23.575 0.695215
0.733361 -23.5479 0.695215
0.733795 -23.5209 0.695649
0.734228  -23.494 0.696082
0.734662  -23.467 0.696516
0.735095 -23.4402 0.696949
0.735529 -23.4134 0.697382
0.735962 -23.3866 0.697382
0.736395 -23.3598 0.697816
0.736829 -23.3331 0.698249
0.737262 -23.3065 0.698683
0.737696 -23.2798 0.699116
0.738129 -23.2533  0.69955
0.738563 -23.2267  0.69955
0.738996 -23.2002 0.699983
 0.73943 -23.1738 0.700417
0.739863 -23.1474  0.70085
0.740297  -23.121 0.701284
 0.74073 -23.0947 0.701717
0.741164 -23.0684 0.701717
0.741597 -23.0421 0.702151
0.742031 -23.0159 0.702584
0.742464 -22.9898 0.703018
0.742898 -22.9636 0.703451
0.743331 -22.9376 0.703451
0.743765 -22.9115 0.703885
0.744198 -22.8855 0.704318
0.744632 -22.8595 0.704752
0.745065 -22.8336 0.705185
0.745498 -22.8077 0.705619
0.745932 -22.7819 0.705619
0.746365 -22.7561 0.706052
0.746799 -22.7303 0.706485
0.747232 -22.7046 0.706919
0.747666 -22.6789 0.707352
0.748099 -22.6533 0.707786
0.748533 -22.6277 0.707786
0.748966 -22.6021 0.708219
  0.7494 -22.5766 0.708653
0.749833 -22.5511 0.709086
0.750267 -22.5257  0.70952
  0.7507 -22.5003  0.70952
0.751134 -22.4749 0.709953
0.751567 -22.4495 0.710387
0.752001 -22.4243  0.71082
0.752434  -22.399 0.711254
0.752868 -22.3738 0.711687
0.753301 -22.3486 0.711687
0.753735 -22.3235 0.712121
0.754168 -22.2984 0.712554
0.754602 -22.2733 0.712988
0.755035 -22.2483 0.713421
0.755468 -22.2233 0.713855
0.755902 -22.1984 0.713855
0.756335 -22.1735 0.714288
0.756769 -22.1486 0.714722
0.757202 -22.1238 0.715155
0.757636  -22.099 0.715589
0.758069 -22.0742 0.716022
0.758503 -22.0495 0.716022
0.758936 -22.0248 0.716455
 0.75937 -22.0002 0.716889
0.759803 -21.9756 0.717322
0.760237  -21.951 0.717756
 0.76067 -21.9265 0.718189
0.761104  -21.902 0.718189
0.761537 -21.8775 0.718623
0.761971 -21.8531 0.719056
0.762404 -21.8288  0.71949
0.762838 -21.8044 0.719923
0.763271 -21.7801 0.719923
0.763705 -21.7558 0.720357
0.764138 -21.7316  0.72079
0.764572 -21.7074 0.721224
0.765005 -21.6832 0.721657
0.765438 -21.6591 0.722091
0.765872  -21.635 0.722091
0.766305  -21.611 0.722524
0.766739  -21.587 0.722958
0.767172  -21.563 0.723391
0.767606 -21.5391 0.723825
0.768039 -21.5152 0.724258
0.768473 -21.4913 0.724258
0.768906 -21.4675 0.724692
 0.76934 -21.4437 0.725125
0.769773 -21.4199 0.725559
0.770207 -21.3962 0.725992
 0.77064 -21.3725 0.725992
0.771074 -21.3488 0.726425
0.771507 -21.3252 0.726859
0.771941 -21.3016 0.727292
0.772374 -21.2781 0.727726
0.772808 -21.2546 0.728159
0.773241 -21.2311 0.728159
0.773675 -21.2077 0.728593
0.774108 -21.1843 0.729026
0.774542 -21.1609  0.72946
0.774975 -21.1376 0.729893
0.775408 -21.1143 0.730327
0.775842  -21.091 0.730327
0.776275 -21.0678  0.73076
0.776709 -21.0446 0.731194
0.777142 -21.0214 0.731627
0.777576 -20.9983 0.732061
0.778009 -20.9752 0.732494
0.778443 -20.9521 0.732494
0.778876 -20.9291 0.732928
 0.77931 -20.9061 0.733361
0.779743 -20.8832 0.733795
0.780177 -20.8603 0.734228
 0.78061 -20.8374 0.734662
0.781044 -20.8145 0.734662
0.781477 -20.7917 0.735095
0.781911 -20.7689 0.735529
0.782344 -20.7462 0.735962
0.782778 -20.7235 0.736395
0.783211 -20.7008 0.736395
0.783645 -20.6781 0.736829
0.784078 -20.6555 0.737262
0.784512 -20.6329 0.737696
0.784945 -20.6104 0.738129
0.785378 -20.5879 0.738563
0.785812 -20.5654 0.738563
0.786245 -20.5429 0.738996
0.786679 -20.5205  0.73943
0.787112 -20.4981 0.739863
0.787546 -20.4758 0.740297
0.787979 -20.4535  0.74073
0.788413 -20.4312  0.74073
0.788846 -20.4089 0.741164
 0.78928 -20.3867 0.741597
0.789713 -20.3645 0.742031
0.790147 -20.3424 0.742464
 0.79058 -20.3203 0.742464
0.791014 -20.2982 0.742898
0.791447 -20.2761 0.743331
0.791881 -20.2541 0.743765
0.792314 -20.2321 0.744198
0.792748 -20.2102 0.744632
0.793181 -20.1883 0.744632
0.793615 -20.1664 0.745065
0.794048 -20.1445 0.745498
0.794481 -20.1227 0.745932
0.794915 -20.1009 0.746365
0.795348 -20.0791 0.746799
0.795782 -20.0574 0.746799
0.796215 -20.0357 0.747232
0.796649  -20.014 0.747666
0.797082 -19.9924 0.748099
0.797516 -19.9708 0.748533
0.797949 -19.9492 0.748533
0.798383 -19.9277 0.748966
0.798816 -19.9062   0.7494
 0.79925 -19.8847 0.749833
0.799683 -19.8633 0.750267
0.800117 -19.8419   0.7507
 0.80055 -19.8205   0.7507
0.800984 -19.7991 0.751134
0.801417 -19.7778 0.751567
0.801851 -19.7565 0.752001
0.802284 -19.7353 0.752434
0.802718  -19.714 0.752868
0.803151 -19.6928 0.752868
0.803585 -19.6717 0.753301
0.804018 -19.6505 0.753735
0.804451 -19.6294 0.754168
0.804885 -19.6084 0.754602
0.805318 -19.5873 0.754602
0.805752 -19.5663 0.755035
0.806185 -19.5453 0.755468
0.806619 -19.5244 0.755902
0.807052 -19.5035 0.756335
0.807486 -19.4826 0.756769
0.807919 -19.4617 0.756769
0.808353 -19.4409 0.757202
0.808786 -19.4201 0.757636
 0.80922 -19.3993 0.758069
0.809653 -19.3786 0.758503
0.810087 -19.3579 0.758936
 0.81052 -19.3372 0.758936
0.810954 -19.3165  0.75937
0.811387 -19.2959 0.759803
0.811821 -19.2753 0.760237
0.812254 -19.2548  0.76067
0.812688 -19.2343  0.76067
0.813121 -19.2138 0.761104
0.813555 -19.1933 0.761537
0.813988 -19.1728 0.761971
0.814421 -19.1524 0.762404
0.814855 -19.1321 0.762838
0.815288 -19.1117 0.762838
0.815722 -19.0914 0.763271
0.816155 -19.0711 0.763705
0.816589 -19.0508 0.764138
0.817022 -19.0306 0.764572
0.817456 -19.0104 0.765005
0.817889 -18.9902 0.765005
0.818323 -18.9701 0.765438
0.818756 -18.9499 0.765872
 0.81919 -18.9298 0.766305
0.819623 -18.9098 0.766739
0.820057 -18.8898 0.766739
 0.82049 -18.8698 0.767172
0.820924 -18.8498 0.767606
0.821357 -18.8298 0.768039
0.821791 -18.8099 0.768473
0.822224   -18.79 0.768906
0.822658 -18.7702 0.768906
0.823091 -18.7503  0.76934
0.823525 -18.7305 0.769773
0.823958 -18.7108 0.770207
0.824391  -18.691  0.77064
0.824825 -18.6713 0.771074
0.825258 -18.6516 0.771074
0.825692 -18.6319 0.771507
0.826125 -18.6123 0.771941
0.826559 -18.5927 0.772374
0.826992 -18.5731 0.772808
0.827426 -18.5536 0.773241
0.827859  -18.534 0.773241
0.828293 -18.5145 0.773675
0.828726 -18.4951 0.774108
 0.82916 -18.4756 0.774542
0.829593 -18.4562 0.774975
0.830027 -18.4369 0.774975
 0.83046 -18.4175 0.775408
0.830894 -18.3982 0.775842
0.831327 -18.3789 0.776275
0.831761 -18.3596 0.776709
0.832194 -18.3403 0.777142
0.832628 -18.3211 0.777142
0.833061 -18.3019 0.777576
0.833494 -18.2828 0.778009
0.833928 -18.2636 0.778443
0.834361 -18.2445 0.778876
0.834795 -18.2254  0.77931
0.835228 -18.2064  0.77931
0.835662 -18.1873 0.779743
0.836095 -18.1683 0.780177
0.836529 -18.1494  0.78061
0.836962 -18.1304 0.781044
0.837396 -18.1115 0.781044
0.837829 -18.0926 0.781477
0.838263 -18.0737 0.781911
0.838696 -18.0549 0.782344
 0.83913 -18.0361 0.782778
0.839563 -18.0173 0.783211
0.839997 -17.9985 0.783211
 0.84043 -17.9798 0.783645
0.840864 -17.9611 0.784078
0.841297 -17.9424 0.784512
0.841731 -17.9237 0.784945
0.842164 -17.9051 0.784945
0.842598 -17.8865 0.785378
0.843031 -17.8679 0.785812
0.843464 -17.8494 0.786245
0.843898 -17.8308 0.786679
0.844331 -17.8123 0.787112
0.844765 -17.7939 0.787112
0.845198 -17.7754 0.787546
0.845632  -17.757 0.787979
0.846065 -17.7386 0.788413
0.846499 -17.7202 0.788846
0.846932 -17.7019  0.78928
0.847366 -17.6836  0.78928
0.847799 -17.6653 0.789713
0.848233  -17.647 0.790147
0.848666 -17.6288  0.79058
  0.8491 -17.6105 0.791014
0.849533 -17.5924 0.791014
0.849967 -17.5742 0.791447
  0.8504  -17.556 0.791881
0.850834 -17.5379 0.792314
0.851267 -17.5198 0.792748
0.851701 -17.5018 0.793181
0.852134 -17.4837 0.793181
0.852568 -17.4657 0.793615
0.853001 -17.4477 0.794048
0.853434 -17.4298 0.794481
0.853868 -17.4118 0.794915
0.854301 -17.3939 0.794915
0.854735  -17.376 0.795348
0.855168 -17.3581 0.795782
0.855602 -17.3403 0.796215
0.856035 -17.3225 0.796649
0.856469 -17.3047 0.797082
0.856902 -17.2869 0.797082
0.857336 -17.2692 0.797516
0.857769 -17.2515 0.797949
0.858203 -17.2338 0.798383
0.858636 -17.2161 0.798816
 0.85907 -17.1985  0.79925
0.859503 -17.1809  0.79925
0.859937 -17.1633 0.799683
 0.86037 -17.1457 0.800117
0.860804 -17.1281  0.80055
0.861237 -17.1106 0.800984
0.861671 -17.0931 0.800984
0.862104 -17.0757 0.801417
0.862538 -17.0582 0.801851
0.862971 -17.0408 0.802284
0.863404 -17.0234 0.802718
0.863838  -17.006 0.803151
0.864271 -16.9886 0.803151
0.864705 -16.9713 0.803585
0.865138  -16.954 0.804018
0.865572 -16.9367 0.804451
0.866005 -16.9195 0.804885
0.866439 -16.9022 0.805318
0.866872  -16.885 0.805318
0.867306 -16.8678 0.805752
0.867739 -16.8507 0.806185
0.868173 -16.8335 0.806619
0.868606 -16.8164 0.807052
 0.86904 -16.7993 0.807052
0.869473 -16.7823 0.807486
0.869907 -16.7652 0.807919
 0.87034 -16.7482 0.808353
0.870774 -16.7312 0.808786
0.871207 -16.7142  0.80922
0.871641 -16.6973  0.80922
0.872074 -16.6803 0.809653
0.872508 -16.6634 0.810087
0.872941 -16.6465  0.81052
0.873374 -16.6297 0.810954
0.873808 -16.6129 0.810954
0.874241  -16.596 0.811387
0.874675 -16.5792 0.811821
0.875108 -16.5625 0.812254
0.875542 -16.5457 0.812688
0.875975  -16.529 0.813121
0.876409 -16.5123 0.813121
0.876842 -16.4956 0.813555
0.877276  -16.479 0.813988
0.877709 -16.4624 0.814421
0.878143 -16.4457 0.814855
0.878576 -16.4292 0.815288
 0.87901 -16.4126 0.815288
0.879443 -16.3961 0.815722
0.879877 -16.3795 0.816155
 0.88031  -16.363 0.816589
0.880744 -16.3466 0.817022
0.881177 -16.3301 0.817022
0.881611 -16.3137 0.817456
0.882044 -16.2973 0.817889
0.882477 -16.2809 0.818323
0.882911 -16.2645 0.818756
0.883344 -16.2482  0.81919
0.883778 -16.2319  0.81919
0.884211 -16.2156 0.819623
0.884645 -16.1993 0.820057
0.885078 -16.1831  0.82049
0.885512 -16.1668 0.820924
0.885945 -16.1506 0.821357
0.886379 -16.1344 0.821357
0.886812 -16.1183 0.821791
0.887246 -16.1021 0.822224
0.887679  -16.086 0.822658
0.888113 -16.0699 0.823091
0.888546 -16.0538 0.823091
 0.88898 -16.0378 0.823525
0.889413 -16.0217 0.823958
0.889847 -16.0057 0.824391
 0.89028 -15.9898 0.824825
0.890714 -15.9738 0.825258
0.891147 -15.9578 0.825258
0.891581 -15.9419 0.825692
0.892014  -15.926 0.826125
0.892447 -15.9101 0.826559
0.892881 -15.8943 0.826992
0.893314 -15.8784 0.826992
0.893748 -15.8626 0.827426
0.894181 -15.8468 0.827859
0.894615  -15.831 0.828293
0.895048 -15.8153 0.828726
0.895482 -15.7995  0.82916
0.895915 -15.7838  0.82916
0.896349 -15.7681 0.829593
0.896782 -15.7525 0.830027
0.897216 -15.7368  0.83046
0.897649 -15.7212 0.830894
0.898083 -15.7056 0.830894
0.898516   -15.69 0.831327
 0.89895 -15.6744 0.831761
0.899383 -15.6589 0.832194
0.899817 -15.6434 0.832628
 0.90025 -15.6279 0.833061
0.900684 -15.6124 0.833061
0.901117 -15.5969 0.833494
0.901551 -15.5815 0.833928
0.901984  -15.566 0.834361
0.902417 -15.5506 0.834795
0.902851 -15.5353 0.835228
0.903284 -15.5199 0.835228
0.903718 -15.5046 0.835662
0.904151 -15.4892 0.836095
0.904585  -15.474 0.836529
0.905018 -15.4587 0.836962
0.905452 -15.4434 0.836962
0.905885 -15.4282 0.837396
0.906319  -15.413 0.837829
0.906752 -15.3978 0.838263
0.907186 -15.3826 0.838696
0.907619 -15.3674  0.83913
0.908053 -15.3523  0.83913
0.908486 -15.3372 0.839563
 0.90892 -15.3221 0.839997
0.909353  -15.307  0.84043
0.909787  -15.292 0.840864
 0.91022 -15.2769 0.840864
0.910654 -15.2619 0.841297
0.911087 -15.2469 0.841731
0.911521 -15.2319 0.842164
0.911954  -15.217 0.842598
0.912387  -15.202 0.843031
0.912821 -15.1871 0.843031
0.913254 -15.1722 0.843464
0.913688 -15.1573 0.843898
0.914121 -15.1425 0.844331
0.914555 -15.1276 0.844765
0.914988 -15.1128 0.844765
0.915422  -15.098 0.845198
0.915855 -15.0832 0.845632
0.916289 -15.0685 0.846065
0.916722 -15.0537 0.846499
0.917156  -15.039 0.846932
0.917589 -15.0243 0.846932
0.918023 -15.0096 0.847366
0.918456  -14.995 0.847799
 0.91889 -14.9803 0.848233
0.919323 -14.9657 0.848666
0.919757 -14.9511   0.8491
 0.92019 -14.9365   0.8491
0.920624 -14.9219 0.849533
0.921057 -14.9074 0.849967
 0.92149 -14.8929   0.8504
0.921924 -14.8784 0.850834
0.922357 -14.8639 0.850834
0.922791 -14.8494 0.851267
0.923224 -14.8349 0.851701
0.923658 -14.8205 0.852134
0.924091 -14.8061 0.852568
0.924525 -14.7917 0.852568
0.924958 -14.7773 0.853001
0.925392  -14.763 0.853434
0.925825 -14.7486 0.853868
0.926259 -14.7343 0.854301
0.926692   -14.72 0.854735
0.927126 -14.7057 0.854735
0.927559 -14.6915 0.855168
0.927993 -14.6772 0.855602
0.928426  -14.663 0.856035
 0.92886 -14.6488 0.856469
0.929293 -14.6346 0.856469
0.929727 -14.6204 0.856902
 0.93016 -14.6062 0.857336
0.930594 -14.5921 0.857769
0.931027  -14.578 0.858203
 0.93146 -14.5639 0.858636
0.931894 -14.5498 0.858636
0.932327 -14.5358  0.85907
0.932761 -14.5217 0.859503
0.933194 -14.5077 0.859937
0.933628 -14.4937  0.86037
0.934061 -14.4797  0.86037
0.934495 -14.4657 0.860804
0.934928 -14.4518 0.861237
0.935362 -14.4378 0.861671
0.935795 -14.4239 0.862104
0.936229   -14.41 0.862538
0.936662 -14.3961 0.862538
0.937096 -14.3823 0.862971
0.937529 -14.3684 0.863404
0.937963 -14.3546 0.863838
0.938396 -14.3408 0.864271
 0.93883  -14.327 0.864705
0.939263 -14.3132 0.864705
0.939697 -14.2995 0.865138
 0.94013 -14.2857 0.865572
0.940564  -14.272 0.866005
0.940997 -14.2583 0.866439
 0.94143 -14.2446 0.866439
0.941864  -14.231 0.866872
0.942297 -14.2173 0.867306
0.942731 -14.2037 0.867739
0.943164 -14.1901 0.868173
0.943598 -14.1765 0.868606
0.944031 -14.1629 0.868606
0.944465 -14.1493  0.86904
0.944898 -14.1358 0.869473
0.945332 -14.1223 0.869907
0.945765 -14.1088  0.87034
0.946199 -14.0953  0.87034
0.946632 -14.0818 0.870774
0.947066 -14.0683 0.871207
0.947499 -14.0549 0.871641
0.947933 -14.0415 0.872074
0.948366 -14.0281 0.872508
  0.9488 -14.0147 0.872508
0.949233 -14.0013 0.872941
0.949667 -13.9879 0.873374
  0.9501 -13.9746 0.873808
0.950534 -13.9613 0.874241
0.950967  -13.948 0.874675
  0.9514 -13.9347 0.874675
0.951834 -13.9214 0.875108
0.952267 -13.9082 0.875542
0.952701  -13.895 0.875975
0.953134 -13.8817 0.876409
0.953568 -13.8685 0.876409
0.954001 -13.8553 0.876842
0.954435 -13.8422 0.877276
0.954868  -13.829 0.877709
0.955302 -13.8159 0.878143
0.955735 -13.8028 0.878576
0.956169 -13.7897 0.878576
0.956602 -13.7766  0.87901
0.957036 -13.7635 0.879443
0.957469 -13.7505 0.879877
0.957903 -13.7375  0.88031
0.958336 -13.7244  0.88031
 0.95877 -13.7114 0.880744
0.959203 -13.6984 0.881177
0.959637 -13.6855 0.881611
 0.96007 -13.6725 0.882044
0.960504 -13.6596 0.882477
0.960937 -13.6467 0.882477
 0.96137 -13.6338 0.882911
0.961804 -13.6209 0.883344
0.962237  -13.608 0.883778
0.962671 -13.5952 0.884211
0.963104 -13.5823 0.884211
0.963538 -13.5695 0.884645
0.963971 -13.5567 0.885078
0.964405 -13.5439 0.885512
0.964838 -13.5312 0.885945
0.965272 -13.5184 0.886379
0.965705 -13.5057 0.886379
0.966139 -13.4929 0.886812
0.966572 -13.4802 0.887246
0.967006 -13.4675 0.887679
0.967439 -13.4549 0.888113
0.967873 -13.4422 0.888113
0.968306 -13.4296 0.888546
 0.96874 -13.4169  0.88898
0.969173 -13.4043 0.889413
0.969607 -13.3917 0.889847
 0.97004 -13.3792  0.89028
0.970473 -13.3666  0.89028
0.970907  -13.354 0.890714
 0.97134 -13.3415 0.891147
0.971774  -13.329 0.891581
0.972207 -13.3165 0.892014
0.972641  -13.304 0.892014
0.973074 -13.2916 0.892447
0.973508 -13.2791 0.892881
0.973941 -13.2667 0.893314
0.974375 -13.2542 0.893748
0.974808 -13.2418 0.894181
0.975242 -13.2294 0.894181
0.975675 -13.2171 0.894615
0.976109 -13.2047 0.895048
0.976542 -13.1924 0.895482
0.976976   -13.18 0.895915
0.977409 -13.1677 0.895915
0.977843 -13.1554 0.896349
0.978276 -13.1431 0.896782
 0.97871 -13.1309 0.897216
0.979143 -13.1186 0.897649
0.979577 -13.1064 0.898083
 0.98001 -13.0942 0.898083
0.980443  -13.082 0.898516
0.980877 -13.0698  0.89895
 0.98131 -13.0576 0.899383
0.981744 -13.0455 0.899817
0.982177 -13.0333 0.899817
0.982611 -13.0212  0.90025
0.983044 -13.0091 0.900684
0.983478  -12.997 0.901117
0.983911 -12.9849 0.901551
0.984345 -12.9728 0.901984
0.984778 -12.9608 0.901984
0.985212 -12.9487 0.902417
0.985645 -12.9367 0.902851
0.986079 -12.9247 0.903284
0.986512 -12.9127 0.903718
0.986946 -12.9007 0.903718
0.987379 -12.8888 0.904151
0.987813 -12.8768 0.904585
0.988246 -12.8649 0.905018
 0.98868  -12.853 0.905452
0.989113 -12.8411 0.905885
0.989547 -12.8292 0.905885
 0.98998 -12.8173 0.906319
0.990413 -12.8054 0.906752
0.990847 -12.7936 0.907186
 0.99128 -12.7818 0.907619
0.991714 -12.7699 0.907619
0.992147 -12.7581 0.908053
0.992581 -12.7463 0.908486
0.993014 -12.7346  0.90892
0.993448 -12.7228 0.909353
0.993881 -12.7111 0.909787
0.994315 -12.6994 0.909787
0.994748 -12.6876  0.91022
0.995182 -12.6759 0.910654
0.995615 -12.6643 0.911087
0.996049 -12.6526 0.911521
0.996482 -12.6409 0.911521
0.996916 -12.6293 0.911954
0.997349 -12.6177 0.912387
0.997783  -12.606 0.912821
0.998216 -12.5944 0.913254
 0.99865 -12.5829 0.913688
0.999083 -12.5713 0.913688
0.999517 -12.5597 0.914121
 0.99995 -12.5482 0.914555
 1.00038 -12.5367 0.914988
 1.00082 -12.5252 0.915422
 1.00125 -12.5137 0.915422
 1.00168 -12.5022 0.915855
 1.00212 -12.4907 0.916289
 1.00255 -12.4792 0.916722
 1.00298 -12.4678 0.917156
 1.00342 -12.4564 0.917589
 1.00385  -12.445 0.917589
 1.00428 -12.4336 0.918023
 1.00472 -12.4222 0.918456
 1.00515 -12.4108  0.91889
 1.00559 -12.3994 0.919323
 1.00602 -12.3881 0.919323
 1.00645 -12.3768 0.919757
 1.00689 -12.3655  0.92019
 1.00732 -12.3542 0.920624
 1.00775 -12.3429 0.921057
 1.00819 -12.3316  0.92149
 1.00862 -12.3203  0.92149
 1.00905 -12.3091 0.921924
 1.00949 -12.2978 0.922357
 1.00992 -12.2866 0.922791
 1.01035 -12.2754 0.923224
 1.01079 -12.2642 0.923224
 1.01122  -12.253 0.923658
 1.01165 -12.2419 0.924091
 1.01209 -12.2307 0.924525
 1.01252 -12.2196 0.924958
 1.01295 -12.2085 0.925392
 1.01339 -12.1974 0.925392
 1.01382 -12.1863 0.925825
 1.01425 -12.1752 0.926259
 1.01469 -12.1641 0.926692
 1.01512 -12.1531 0.927126
 1.01556  -12.142 0.927126
 1.01599  -12.131 0.927559
 1.01642   -12.12 0.927993
 1.01686  -12.109 0.928426
 1.01729  -12.098  0.92886
 1.01772  -12.087  0.92886
 1.01816  -12.076 0.929293
 1.01859 -12.0651 0.929727
 1.01902 -12.0541  0.93016
 1.01946 -12.0432 0.930594
 1.01989 -12.0323 0.931027
 1.02032 -12.0214 0.931027
 1.02076 -12.0105  0.93146
 1.02119 -11.9997 0.931894
 1.02162 -11.9888 0.932327
 1.02206  -11.978 0.932761
 1.02249 -11.9671 0.932761
 1.02292 -11.9563 0.933194
 1.02336 -11.9455 0.933628
 1.02379 -11.9347 0.934061
 1.02422 -11.9239 0.934495
 1.02466 -11.9132 0.934928
 1.02509 -11.9024 0.934928
 1.02553 -11.8917 0.935362
 1.02596  -11.881 0.935795
 1.02639 -11.8702 0.936229
 1.02683 -11.8595 0.936662
 1.02726 -11.8489 0.936662
 1.02769 -11.8382 0.937096
 1.02813 -11.8275 0.937529
 1.02856 -11.8169 0.937963
 1.02899 -11.8062 0.938396
 1.02943 -11.7956  0.93883
 1.02986  -11.785  0.93883
 1.03029 -11.7744 0.939263
 1.03073 -11.7638 0.939697
 1.03116 -11.7532  0.94013
 1.03159 -11.7427 0.940564
 1.03203 -11.7321 0.940564
 1.03246 -11.7216 0.940997
 1.03289 -11.7111  0.94143
 1.03333 -11.7006 0.941864
 1.03376 -11.6901 0.942297
 1.03419 -11.6796 0.942731
 1.03463 -11.6691 0.942731
 1.03506 -11.6587 0.943164
  1.0355 -11.6482 0.943598
 1.03593 -11.6378 0.944031
 1.03636 -11.6274 0.944465
  1.0368  -11.617 0.944465
 1.03723 -11.6066 0.944898
 1.03766 -11.5962 0.945332
  1.0381 -11.5858 0.945765
 1.03853 -11.5755 0.946199
 1.03896 -11.5651 0.946632
  1.0394 -11.5548 0.946632
 1.03983 -11.5444 0.947066
 1.04026 -11.5341 0.947499
  1.0407 -11.5238 0.947933
 1.04113 -11.5136 0.948366
 1.04156 -11.5033 0.948366
   1.042  -11.493   0.9488
 1.04243 -11.4828 0.949233
 1.04286 -11.4725 0.949667
  1.0433 -11.4623   0.9501
 1.04373 -11.4521 0.950534
 1.04416 -11.4419 0.950534
  1.0446 -11.4317 0.950967
 1.04503 -11.4215   0.9514
 1.04547 -11.4114 0.951834
  1.0459 -11.4012 0.952267
 1.04633 -11.3911 0.952267
 1.04677  -11.381 0.952701
  1.0472 -11.3709 0.953134
 1.04763 -11.3608 0.953568
 1.04807 -11.3507 0.954001
  1.0485 -11.3406 0.954435
 1.04893 -11.3305 0.954435
 1.04937 -11.3205 0.954868
  1.0498 -11.3104 0.955302
 1.05023 -11.3004 0.955735
 1.05067 -11.2904 0.956169
  1.0511 -11.2804 0.956169
 1.05153 -11.2704 0.956602
 1.05197 -11.2604 0.957036
  1.0524 -11.2504 0.957469
 1.05283 -11.2405 0.957903
 1.05327 -11.2305 0.957903
  1.0537 -11.2206 0.958336
 1.05413 -11.2107  0.95877
 1.05457 -11.2007 0.959203
   1.055 -11.1908 0.959637
 1.05544  -11.181  0.96007
 1.05587 -11.1711  0.96007
  1.0563 -11.1612 0.960504
 1.05674 -11.1514 0.960937
 1.05717 -11.1415  0.96137
  1.0576 -11.1317 0.961804
 1.05804 -11.1219 0.961804
 1.05847 -11.1121 0.962237
  1.0589 -11.1023 0.962671
 1.05934 -11.0925 0.963104
 1.05977 -11.0827 0.963538
  1.0602 -11.0729 0.963971
 1.06064 -11.0632 0.963971
 1.06107 -11.0535 0.964405
  1.0615 -11.0437 0.964838
 1.06194  -11.034 0.965272
 1.06237 -11.0243 0.965705
  1.0628 -11.0146 0.965705
 1.06324 -11.0049 0.966139
 1.06367 -10.9953 0.966572
  1.0641 -10.9856 0.967006
 1.06454  -10.976 0.967439
 1.06497 -10.9663 0.967873
 1.06541 -10.9567 0.967873
 1.06584 -10.9471 0.968306
 1.06627 -10.9375  0.96874
 1.06671 -10.9279 0.969173
 1.06714 -10.9183 0.969607
 1.06757 -10.9087 0.969607
 1.06801 -10.8992  0.97004
 1.06844 -10.8896 0.970473
 1.06887 -10.8801 0.970907
 1.06931 -10.8706  0.97134
 1.06974 -10.8611 0.971774
 1.07017 -10.8516 0.971774
 1.07061 -10.8421 0.972207
 1.07104 -10.8326 0.972641
 1.07147 -10.8231 0.973074
 1.07191 -10.8137 0.973508
 1.07234 -10.8042 0.973508
 1.07277 -10.7948 0.973941
 1.07321 -10.7854 0.974375
 1.07364  -10.776 0.974808
 1.07407 -10.7666 0.975242
 1.07451 -10.7572 0.975242
 1.07494 -10.7478 0.975675
 1.07538 -10.7384 0.976109
 1.07581 -10.7291 0.976542
 1.07624 -10.7197 0.976976
 1.07668 -10.7104 0.977409
 1.07711 -10.7011 0.977409
 1.07754 -10.6917 0.977843
 1.07798 -10.6824 0.978276
 1.07841 -10.6731  0.97871
 1.07884 -10.6639 0.979143
 1.07928 -10.6546 0.979143
 1.07971 -10.6453 0.979577
 1.08014 -10.6361  0.98001
 1.08058 -10.6268 0.980443
 1.08101 -10.6176 0.980877
 1.08144 -10.6084  0.98131
 1.08188 -10.5992  0.98131
 1.08231   -10.59 0.981744
 1.08274 -10.5808 0.982177
 1.08318 -10.5716 0.982611
 1.08361 -10.5625 0.983044
 1.08404 -10.5533 0.983044
 1.08448 -10.5442 0.983478
 1.08491  -10.535 0.983911
 1.08535 -10.5259 0.984345
 1.08578 -10.5168 0.984778
 1.08621 -10.5077 0.984778
 1.08665 -10.4986 0.985212
 1.08708 -10.4895 0.985645
 1.08751 -10.4805 0.986079
 1.08795 -10.4714 0.986512
 1.08838 -10.4624 0.986946
 1.08881 -10.4533 0.986946
 1.08925 -10.4443 0.987379
 1.08968 -10.4353 0.987813
 1.09011 -10.4263 0.988246
 1.09055 -10.4173  0.98868
 1.09098 -10.4083  0.98868
 1.09141 -10.3993 0.989113
 1.09185 -10.3903 0.989547
 1.09228 -10.3814  0.98998
 1.09271 -10.3724 0.990413
 1.09315 -10.3635 0.990847
 1.09358 -10.3546 0.990847
 1.09401 -10.3457  0.99128
 1.09445 -10.3368 0.991714
 1.09488 -10.3279 0.992147
 1.09532  -10.319 0.992581
 1.09575 -10.3101 0.992581
 1.09618 -10.3012 0.993014
 1.09662 -10.2924 0.993448
 1.09705 -10.2836 0.993881
 1.09748 -10.2747 0.994315
 1.09792 -10.2659 0.994748
 1.09835 -10.2571 0.994748
 1.09878 -10.2483 0.995182
 1.09922 -10.2395 0.995615
 1.09965 -10.2307 0.996049
 1.10008 -10.2219 0.996482
 1.10052 -10.2132 0.996482
 1.10095 -10.2044 0.996916
 1.10138 -10.1957 0.997349
 1.10182 -10.1869 0.997783
 1.10225 -10.1782 0.998216
 1.10268 -10.1695 0.998216
 1.10312 -10.1608  0.99865
 1.10355 -10.1521 0.999083
 1.10398 -10.1434 0.999517
 1.10442 -10.1348  0.99995
 1.10485 -10.1261  1.00038
 1.10529 -10.1175  1.00038
 1.10572 -10.1088  1.00082
 1.10615 -10.1002  1.00125
 1.10659 -10.0916  1.00168
 1.10702 -10.0829  1.00212
 1.10745 -10.0743  1.00212
 1.10789 -10.0657  1.00255
 1.10832 -10.0572  1.00298
 1.10875 -10.0486  1.00342
 1.10919   -10.04  1.00385
 1.10962 -10.0315  1.00428
 1.11005 -10.0229  1.00428
 1.11049 -10.0144  1.00472
 1.11092 -10.0059  1.00515
 1.11135 -9.99734  1.00559
 1.11179 -9.98884  1.00602
 1.11222 -9.98034  1.00602
 1.11265 -9.97186  1.00645
 1.11309 -9.96338  1.00689
 1.11352 -9.95491  1.00732
 1.11395 -9.94645  1.00775
 1.11439 -9.93801  1.00775
 1.11482 -9.92957  1.00819
 1.11526 -9.92114  1.00862
 1.11569 -9.91272  1.00905
 1.11612 -9.90431  1.00949
 1.11656 -9.89591  1.00992
 1.11699 -9.88752  1.00992
 1.11742 -9.87913  1.01035
 1.11786 -9.87076  1.01079
 1.11829  -9.8624  1.01122
 1.11872 -9.85405  1.01165
 1.11916 -9.84571  1.01165
 1.11959 -9.83737  1.01209
 1.12002 -9.82904  1.01252
 1.12046 -9.82073  1.01295
 1.12089 -9.81242  1.01339
 1.12132 -9.80413  1.01382
 1.12176 -9.79584  1.01382
 1.12219 -9.78756  1.01425
 1.12262 -9.77929  1.01469
 1.12306 -9.77103  1.01512
 1.12349 -9.76278  1.01556
 1.12392 -9.75454  1.01556
 1.12436 -9.74631  1.01599
 1.12479 -9.73809  1.01642
 1.12523 -9.72987  1.01686
 1.12566 -9.72167  1.01729
 1.12609 -9.71348  1.01729
 1.12653 -9.70529  1.01772
 1.12696 -9.69711  1.01816
 1.12739 -9.68895  1.01859
 1.12783 -9.68079  1.01902
 1.12826 -9.67264  1.01946
 1.12869  -9.6645  1.01946
 1.12913 -9.65637  1.01989
 1.12956 -9.64825  1.02032
 1.12999 -9.64014  1.02076
 1.13043 -9.63203  1.02119
 1.13086 -9.62394  1.02119
 1.13129 -9.61585  1.02162
 1.13173 -9.60778  1.02206
 1.13216 -9.59971  1.02249
 1.13259 -9.59165  1.02292
 1.13303 -9.58361  1.02336
 1.13346 -9.57557  1.02336
 1.13389 -9.56753  1.02379
 1.13433 -9.55951  1.02422
 1.13476  -9.5515  1.02466
  1.1352  -9.5435  1.02509
 1.13563  -9.5355  1.02509
 1.13606 -9.52751  1.02553
  1.1365 -9.51954  1.02596
 1.13693 -9.51157  1.02639
 1.13736 -9.50361  1.02683
  1.1378 -9.49566  1.02683
 1.13823 -9.48772  1.02726
 1.13866 -9.47978  1.02769
  1.1391 -9.47186  1.02813
 1.13953 -9.46394  1.02856
 1.13996 -9.45604  1.02899
  1.1404 -9.44814  1.02899
 1.14083 -9.44025  1.02943
 1.14126 -9.43237  1.02986
  1.1417  -9.4245  1.03029
 1.14213 -9.41664  1.03073
 1.14256 -9.40879  1.03073
   1.143 -9.40094  1.03116
 1.14343  -9.3931  1.03159
 1.14386 -9.38527  1.03203
  1.1443 -9.37746  1.03246
 1.14473 -9.36965  1.03289
 1.14517 -9.36185  1.03289
  1.1456 -9.35405  1.03333
 1.14603 -9.34627  1.03376
 1.14647 -9.33849  1.03419
  1.1469 -9.33073  1.03463
 1.14733 -9.32297  1.03463
 1.14777 -9.31522  1.03506
  1.1482 -9.30747   1.0355
 1.14863 -9.29974  1.03593
 1.14907 -9.29202  1.03636
  1.1495 -9.28431  1.03636
 1.14993  -9.2766   1.0368
 1.15037  -9.2689  1.03723
  1.1508 -9.26121  1.03766
 1.15123 -9.25353   1.0381
 1.15167 -9.24586  1.03853
  1.1521 -9.23819  1.03853
 1.15253 -9.23053  1.03896
 1.15297 -9.22288   1.0394
  1.1534 -9.21525  1.03983
 1.15383 -9.20762  1.04026
 1.15427 -9.19999  1.04026
  1.1547 -9.19238   1.0407
 1.15514 -9.18477  1.04113
 1.15557 -9.17718  1.04156
   1.156 -9.16959    1.042
 1.15644 -9.16201  1.04243
 1.15687 -9.15443  1.04243
  1.1573 -9.14687  1.04286
 1.15774 -9.13932   1.0433
 1.15817 -9.13177  1.04373
  1.1586 -9.12423  1.04416
 1.15904  -9.1167  1.04416
 1.15947 -9.10918   1.0446
  1.1599 -9.10166  1.04503
 1.16034 -9.09416  1.04547
 1.16077 -9.08666   1.0459
  1.1612 -9.07917   1.0459
 1.16164 -9.07169  1.04633
 1.16207 -9.06421  1.04677
  1.1625 -9.05675   1.0472
 1.16294  -9.0493  1.04763
 1.16337 -9.04185  1.04807
  1.1638 -9.03441  1.04807
 1.16424 -9.02697   1.0485
 1.16467 -9.01955  1.04893
 1.16511 -9.01214  1.04937
 1.16554 -9.00473   1.0498
 1.16597 -8.99733   1.0498
 1.16641 -8.98993  1.05023
 1.16684 -8.98255  1.05067
 1.16727 -8.97518   1.0511
 1.16771 -8.96781  1.05153
 1.16814 -8.96045  1.05197
 1.16857  -8.9531  1.05197
 1.16901 -8.94575   1.0524
 1.16944 -8.93842  1.05283
 1.16987  -8.9311  1.05327
 1.17031 -8.92378   1.0537
 1.17074 -8.91646   1.0537
 1.17117 -8.90916  1.05413
 1.17161 -8.90186  1.05457
 1.17204 -8.89458    1.055
 1.17247  -8.8873  1.05544
 1.17291 -8.88003  1.05544
 1.17334 -8.87276  1.05587
 1.17377 -8.86551   1.0563
 1.17421 -8.85826  1.05674
 1.17464 -8.85102  1.05717
 1.17508 -8.84379   1.0576
 1.17551 -8.83657   1.0576
 1.17594 -8.82935  1.05804
 1.17638 -8.82214  1.05847
 1.17681 -8.81494   1.0589
 1.17724 -8.80775  1.05934
 1.17768 -8.80056  1.05934
 1.17811 -8.79338  1.05977
 1.17854 -8.78622   1.0602
 1.17898 -8.77905  1.06064
 1.17941  -8.7719  1.06107
 1.17984 -8.76476  1.06107
 1.18028 -8.75762   1.0615
 1.18071 -8.75049  1.06194
 1.18114 -8.74336  1.06237
 1.18158 -8.73625   1.0628
 1.18201 -8.72914  1.06324
 1.18244 -8.72204  1.06324
 1.18288 -8.71495  1.06367
 1.18331 -8.70786   1.0641
 1.18374 -8.70079  1.06454
 1.18418 -8.69372  1.06497
 1.18461 -8.68666  1.06497
 1.18505  -8.6796  1.06541
 1.18548 -8.67256  1.06584
 1.18591 -8.66552  1.06627
 1.18635 -8.65849  1.06671
 1.18678 -8.65147  1.06671
 1.18721 -8.64445  1.06714
 1.18765 -8.63744  1.06757
 1.18808 -8.63044  1.06801
 1.18851 -8.62345  1.06844
 1.18895 -8.61646  1.06887
 1.18938 -8.60948  1.06887
 1.18981 -8.60251  1.06931
 1.19025 -8.59555  1.06974
 1.19068 -8.58859  1.07017
 1.19111 -8.58165  1.07061
 1.19155 -8.57471  1.07061
 1.19198 -8.56777  1.07104
 1.19241 -8.56085  1.07147
 1.19285 -8.55393  1.07191
 1.19328 -8.54702  1.07234
 1.19371 -8.54012  1.07234
 1.19415 -8.53322  1.07277
 1.19458 -8.52633  1.07321
 1.19502 -8.51945  1.07364
 1.19545 -8.51258  1.07407
 1.19588 -8.50571  1.07451
 1.19632 -8.49885  1.07451
 1.19675   -8.492  1.07494
 1.19718 -8.48515  1.07538
 1.19762 -8.47832  1.07581
 1.19805 -8.47149  1.07624
 1.19848 -8.46467  1.07624
 1.19892 -8.45785  1.07668
 1.19935 -8.45104  1.07711
 1.19978 -8.44424  1.07754
 1.20022 -8.43745  1.07798
 1.20065 -8.43067  1.07798
 1.20108 -8.42388  1.07841
 1.20152 -8.41711  1.07884
 1.20195 -8.41035  1.07928
 1.20238 -8.40359  1.07971
 1.20282 -8.39684  1.08014
 1.20325  -8.3901  1.08014
 1.20368 -8.38336  1.08058
 1.20412 -8.37663  1.08101
 1.20455 -8.36991  1.08144
 1.20498  -8.3632  1.08188
 1.20542  -8.3565  1.08188
 1.20585  -8.3498  1.08231
 1.20629  -8.3431  1.08274
 1.20672 -8.33642  1.08318
 1.20715 -8.32974  1.08361
 1.20759 -8.32307  1.08404
 1.20802 -8.31641  1.08404
 1.20845 -8.30975  1.08448
 1.20889  -8.3031  1.08491
 1.20932 -8.29645  1.08535
 1.20975 -8.28982  1.08578
 1.21019 -8.28319  1.08578
 1.21062 -8.27657  1.08621
 1.21105 -8.26995  1.08665
 1.21149 -8.26335  1.08708
 1.21192 -8.25675  1.08751
 1.21235 -8.25016  1.08751
 1.21279 -8.24357  1.08795
 1.21322 -8.23699  1.08838
 1.21365 -8.23041  1.08881
 1.21409 -8.22385  1.08925
 1.21452 -8.21729  1.08968
 1.21495 -8.21074  1.08968
 1.21539 -8.20419  1.09011
 1.21582 -8.19766  1.09055
 1.21626 -8.19113  1.09098
 1.21669  -8.1846  1.09141
 1.21712 -8.17809  1.09141
 1.21756 -8.17157  1.09185
 1.21799 -8.16507  1.09228
 1.21842 -8.15858  1.09271
 1.21886 -8.15209  1.09315
 1.21929 -8.14561  1.09315
 1.21972 -8.13913  1.09358
 1.22016 -8.13266  1.09401
 1.22059  -8.1262  1.09445
 1.22102 -8.11974  1.09488
 1.22146  -8.1133  1.09532
 1.22189 -8.10685  1.09532
 1.22232 -8.10042  1.09575
 1.22276 -8.09399  1.09618
 1.22319 -8.08757  1.09662
 1.22362 -8.08115  1.09705
 1.22406 -8.07475  1.09705
 1.22449 -8.06834  1.09748
 1.22492 -8.06195  1.09792
 1.22536 -8.05556  1.09835
 1.22579 -8.04918  1.09878
 1.22623 -8.04281  1.09878
 1.22666 -8.03644  1.09922
 1.22709 -8.03008  1.09965
 1.22753 -8.02372  1.10008
 1.22796 -8.01738  1.10052
 1.22839 -8.01104  1.10095
 1.22883  -8.0047  1.10095
 1.22926 -7.99838  1.10138
 1.22969 -7.99205  1.10182
 1.23013 -7.98574  1.10225
 1.23056 -7.97943  1.10268
 1.23099 -7.97313  1.10268
 1.23143 -7.96684  1.10312
 1.23186 -7.96055  1.10355
 1.23229 -7.95427  1.10398
 1.23273   -7.948  1.10442
 1.23316 -7.94173  1.10442
 1.23359 -7.93547  1.10485
 1.23403 -7.92921  1.10529
 1.23446 -7.92296  1.10572
 1.23489 -7.91672  1.10615
 1.23533 -7.91049  1.10659
 1.23576 -7.90426  1.10659
  1.2362 -7.89803  1.10702
 1.23663 -7.89182  1.10745
 1.23706 -7.88561  1.10789
  1.2375 -7.87941  1.10832
 1.23793 -7.87321  1.10832
 1.23836 -7.86702  1.10875
  1.2388 -7.86084  1.10919
 1.23923 -7.85466  1.10962
 1.23966 -7.84849  1.11005
  1.2401 -7.84233  1.11005
 1.24053 -7.83617  1.11049
 1.24096 -7.83002  1.11092
  1.2414 -7.82387  1.11135
 1.24183 -7.81774  1.11179
 1.24226 -7.81161  1.11222
  1.2427 -7.80548  1.11222
 1.24313 -7.79936  1.11265
 1.24356 -7.79325  1.11309
   1.244 -7.78714  1.11352
 1.24443 -7.78104  1.11395
 1.24486 -7.77495  1.11395
  1.2453 -7.76886  1.11439
 1.24573 -7.76278  1.11482
 1.24617  -7.7567  1.11526
  1.2466 -7.75064  1.11569
 1.24703 -7.74457  1.11569
 1.24747 -7.73852  1.11612
  1.2479 -7.73247  1.11656
 1.24833 -7.72642  1.11699
 1.24877 -7.72039  1.11742
  1.2492 -7.71436  1.11786
 1.24963 -7.70833  1.11786
 1.25007 -7.70231  1.11829
  1.2505  -7.6963  1.11872
 1.25093  -7.6903  1.11916
 1.25137  -7.6843  1.11959
  1.2518  -7.6783  1.11959
 1.25223 -7.67232  1.12002
 1.25267 -7.66633  1.12046
  1.2531 -7.66036  1.12089
 1.25353 -7.65439  1.12132
 1.25397 -7.64843  1.12132
  1.2544 -7.64247  1.12176
 1.25483 -7.63652  1.12219
 1.25527 -7.63058  1.12262
  1.2557 -7.62464  1.12306
 1.25614 -7.61871  1.12349
 1.25657 -7.61278  1.12349
   1.257 -7.60686  1.12392
 1.25744 -7.60095  1.12436
 1.25787 -7.59504  1.12479
  1.2583 -7.58914  1.12523
 1.25874 -7.58325  1.12523
 1.25917 -7.57736  1.12566
  1.2596 -7.57147  1.12609
 1.26004  -7.5656  1.12653
 1.26047 -7.55973  1.12696
  1.2609 -7.55387  1.12696
 1.26134   -7.548  1.12739
 1.26177 -7.54215  1.12783
  1.2622  -7.5363  1.12826
 1.26264 -7.53046  1.12869
 1.26307 -7.52463  1.12913
  1.2635  -7.5188  1.12913
 1.26394 -7.51298  1.12956
 1.26437 -7.50716  1.12999
  1.2648 -7.50135  1.13043
 1.26524 -7.49555  1.13086
 1.26567 -7.48975  1.13086
 1.26611 -7.48395  1.13129
 1.26654 -7.47817  1.13173
 1.26697 -7.47239  1.13216
 1.26741 -7.46661  1.13259
 1.26784 -7.46084  1.13259
 1.26827 -7.45508  1.13303
 1.26871 -7.44932  1.13346
 1.26914 -7.44357  1.13389
 1.26957 -7.43782  1.13433
 1.27001 -7.43209  1.13476
 1.27044 -7.42635  1.13476
 1.27087 -7.42062   1.1352
 1.27131  -7.4149  1.13563
 1.27174 -7.40918  1.13606
 1.27217 -7.40348   1.1365
 1.27261 -7.39777   1.1365
 1.27304 -7.39207  1.13693
 1.27347 -7.38638  1.13736
 1.27391 -7.38069   1.1378
 1.27434 -7.37501  1.13823
 1.27477 -7.36934  1.13823
 1.27521 -7.36367  1.13866
 1.27564   -7.358   1.1391
 1.27608 -7.35234  1.13953
 1.27651 -7.34669  1.13996
 1.27694 -7.34105   1.1404
 1.27738  -7.3354   1.1404
 1.27781 -7.32977  1.14083
 1.27824 -7.32414  1.14126
 1.27868 -7.31852   1.1417
 1.27911  -7.3129  1.14213
 1.27954 -7.30729  1.14213
 1.27998 -7.30168  1.14256
 1.28041 -7.29608    1.143
 1.28084 -7.29048  1.14343
 1.28128  -7.2849  1.14386
 1.28171 -7.27931  1.14386
 1.28214 -7.27373   1.1443
 1.28258 -7.26816  1.14473
 1.28301 -7.26259  1.14517
 1.28344 -7.25703   1.1456
 1.28388 -7.25148  1.14603
 1.28431 -7.24593  1.14603
 1.28474 -7.24038  1.14647
 1.28518 -7.23484   1.1469
 1.28561 -7.22931  1.14733
 1.28605 -7.22379  1.14777
 1.28648 -7.21826  1.14777
 1.28691 -7.21275   1.1482
 1.28735 -7.20724  1.14863
 1.28778 -7.20173  1.14907
 1.28821 -7.19623   1.1495
 1.28865 -7.19074   1.1495
 1.28908 -7.18525  1.14993
 1.28951 -7.17977  1.15037
 1.28995 -7.17429   1.1508
 1.29038 -7.16882  1.15123
 1.29081 -7.16335  1.15167
 1.29125 -7.15789  1.15167
 1.29168 -7.15244   1.1521
 1.29211 -7.14699  1.15253
 1.29255 -7.14155  1.15297
 1.29298 -7.13611   1.1534
 1.29341 -7.13067   1.1534
 1.29385 -7.12524  1.15383
 1.29428 -7.11982  1.15427
 1.29471 -7.11441   1.1547
 1.29515   -7.109  1.15514
 1.29558 -7.10359  1.15514
 1.29602 -7.09819  1.15557
 1.29645 -7.09279    1.156
 1.29688 -7.08741  1.15644
 1.29732 -7.08202  1.15687
 1.29775 -7.07664   1.1573
 1.29818 -7.07127   1.1573
 1.29862  -7.0659  1.15774
 1.29905 -7.06054  1.15817
 1.29948 -7.05518   1.1586
 1.29992 -7.04983  1.15904
 1.30035 -7.04449  1.15904
 1.30078 -7.03914  1.15947
 1.30122 -7.03381   1.1599
 1.30165 -7.02848  1.16034
 1.30208 -7.02316  1.16077
 1.30252 -7.01784  1.16077
 1.30295 -7.01252   1.1612
 1.30338 -7.00721  1.16164
 1.30382 -7.00191  1.16207
 1.30425 -6.99661   1.1625
 1.30468 -6.99132  1.16294
 1.30512 -6.98603  1.16294
 1.30555 -6.98075  1.16337
 1.30599 -6.97547   1.1638
 1.30642  -6.9702  1.16424
 1.30685 -6.96494  1.16467
 1.30729 -6.95967  1.16467
 1.30772 -6.95442  1.16511
 1.30815 -6.94917  1.16554
 1.30859 -6.94392  1.16597
 1.30902 -6.93868  1.16641
 1.30945 -6.93345  1.16641
 1.30989 -6.92822  1.16684
 1.31032 -6.92299  1.16727
 1.31075 -6.91777  1.16771
 1.31119 -6.91256  1.16814
 1.31162 -6.90735  1.16814
 1.31205 -6.90215  1.16857
 1.31249 -6.89695  1.16901
 1.31292 -6.89176  1.16944
 1.31335 -6.88657  1.16987
 1.31379 -6.88139  1.17031
 1.31422 -6.87621  1.17031
 1.31465 -6.87104  1.17074
 1.31509 -6.86587  1.17117
 1.31552 -6.86071  1.17161
 1.31596 -6.85555  1.17204
 1.31639  -6.8504  1.17204
 1.31682 -6.84525  1.17247
 1.31726 -6.84011  1.17291
 1.31769 -6.83497  1.17334
 1.31812 -6.82984  1.17377
 1.31856 -6.82472  1.17377
 1.31899 -6.81959  1.17421
 1.31942 -6.81448  1.17464
 1.31986 -6.80937  1.17508
 1.32029 -6.80426  1.17551
 1.32072 -6.79916  1.17594
 1.32116 -6.79406  1.17594
 1.32159 -6.78897  1.17638
 1.32202 -6.78389  1.17681
 1.32246 -6.77881  1.17724
 1.32289 -6.77373  1.17768
 1.32332 -6.76866  1.17768
 1.32376  -6.7636  1.17811
 1.32419 -6.75854  1.17854
 1.32462 -6.75348  1.17898
 1.32506 -6.74843  1.17941
 1.32549 -6.74338  1.17941
 1.32593 -6.73834  1.17984
 1.32636 -6.73331  1.18028
 1.32679 -6.72828  1.18071
 1.32723 -6.72325  1.18114
 1.32766 -6.71823  1.18114
 1.32809 -6.71322  1.18158
 1.32853  -6.7082  1.18201
 1.32896  -6.7032  1.18244
 1.32939  -6.6982  1.18288
 1.32983  -6.6932  1.18331
 1.33026 -6.68821  1.18331
 1.33069 -6.68323  1.18374
 1.33113 -6.67824  1.18418
 1.33156 -6.67327  1.18461
 1.33199  -6.6683  1.18505
 1.33243 -6.66333  1.18505
 1.33286 -6.65837  1.18548
 1.33329 -6.65341  1.18591
 1.33373 -6.64846  1.18635
 1.33416 -6.64351  1.18678
 1.33459 -6.63857  1.18678
 1.33503 -6.63364  1.18721
 1.33546  -6.6287  1.18765
  1.3359 -6.62377  1.18808
 1.33633 -6.61885  1.18851
 1.33676 -6.61394  1.18851
  1.3372 -6.60902  1.18895
 1.33763 -6.60411  1.18938
 1.33806 -6.59921  1.18981
  1.3385 -6.59431  1.19025
 1.33893 -6.58942  1.19068
 1.33936 -6.58453  1.19068
  1.3398 -6.57965  1.19111
 1.34023 -6.57477  1.19155
 1.34066 -6.56989  1.19198
  1.3411 -6.56502  1.19241
 1.34153 -6.56016  1.19241
 1.34196  -6.5553  1.19285
  1.3424 -6.55044  1.19328
 1.34283 -6.54559  1.19371
 1.34326 -6.54075  1.19415
  1.3437 -6.53591  1.19415
 1.34413 -6.53107  1.19458
 1.34456 -6.52624  1.19502
   1.345 -6.52141  1.19545
 1.34543 -6.51659  1.19588
 1.34587 -6.51177  1.19632
  1.3463 -6.50696  1.19632
 1.34673 -6.50215  1.19675
 1.34717 -6.49735  1.19718
  1.3476 -6.49255  1.19762
 1.34803 -6.48776  1.19805
 1.34847 -6.48297  1.19805
  1.3489 -6.47818  1.19848
 1.34933  -6.4734  1.19892
 1.34977 -6.46863  1.19935
  1.3502 -6.46386  1.19978
 1.35063 -6.45909  1.19978
 1.35107 -6.45433  1.20022
  1.3515 -6.44957  1.20065
 1.35193 -6.44482  1.20108
 1.35237 -6.44007  1.20152
  1.3528 -6.43533  1.20195
 1.35323 -6.43059  1.20195
 1.35367 -6.42586  1.20238
  1.3541 -6.42113  1.20282
 1.35453 -6.41641  1.20325
 1.35497 -6.41169  1.20368
  1.3554 -6.40697  1.20368
 1.35584 -6.40226  1.20412
 1.35627 -6.39756  1.20455
  1.3567 -6.39285  1.20498
 1.35714 -6.38816  1.20542
 1.35757 -6.38347  1.20542
   1.358 -6.37878  1.20585
 1.35844 -6.37409  1.20629
 1.35887 -6.36942  1.20672
  1.3593 -6.36474  1.20715
 1.35974 -6.36007  1.20759
 1.36017 -6.35541  1.20759
  1.3606 -6.35075  1.20802
 1.36104 -6.34609  1.20845
 1.36147 -6.34144  1.20889
  1.3619  -6.3368  1.20932
 1.36234 -6.33215  1.20932
 1.36277 -6.32751  1.20975
  1.3632 -6.32288  1.21019
 1.36364 -6.31825  1.21062
 1.36407 -6.31363  1.21105
  1.3645 -6.30901  1.21105
 1.36494 -6.30439  1.21149
 1.36537 -6.29978  1.21192
 1.36581 -6.29517  1.21235
 1.36624 -6.29057  1.21279
 1.36667 -6.28598  1.21279
 1.36711 -6.28138  1.21322
 1.36754 -6.27679  1.21365
 1.36797 -6.27221  1.21409
 1.36841 -6.26763  1.21452
 1.36884 -6.26305  1.21495
 1.36927 -6.25848  1.21495
 1.36971 -6.25392  1.21539
 1.37014 -6.24935  1.21582
 1.37057  -6.2448  1.21626
 1.37101 -6.24024  1.21669
 1.37144 -6.23569  1.21669
 1.37187 -6.23115  1.21712
 1.37231 -6.22661  1.21756
 1.37274 -6.22207  1.21799
 1.37317 -6.21754  1.21842
 1.37361 -6.21301  1.21842
 1.37404 -6.20849  1.21886
 1.37447 -6.20397  1.21929
 1.37491 -6.19946  1.21972
 1.37534 -6.19495  1.22016
 1.37578 -6.19044  1.22016
 1.37621 -6.18594  1.22059
 1.37664 -6.18145  1.22102
 1.37708 -6.17695  1.22146
 1.37751 -6.17247  1.22189
 1.37794 -6.16798  1.22232
 1.37838  -6.1635  1.22232
 1.37881 -6.15903  1.22276
 1.37924 -6.15456  1.22319
 1.37968 -6.15009  1.22362
 1.38011 -6.14563  1.22406
 1.38054 -6.14117  1.22406
 1.38098 -6.13671  1.22449
 1.38141 -6.13226  1.22492
 1.38184 -6.12782  1.22536
 1.38228 -6.12338  1.22579
 1.38271 -6.11894  1.22579
 1.38314 -6.11451  1.22623
 1.38358 -6.11008  1.22666
 1.38401 -6.10566  1.22709
 1.38444 -6.10124  1.22753
 1.38488 -6.09682  1.22753
 1.38531 -6.09241  1.22796
 1.38575   -6.088  1.22839
 1.38618  -6.0836  1.22883
 1.38661  -6.0792  1.22926
 1.38705 -6.07481  1.22969
 1.38748 -6.07042  1.22969
 1.38791 -6.06603  1.23013
 1.38835 -6.06165  1.23056
 1.38878 -6.05727  1.23099
 1.38921  -6.0529  1.23143
 1.38965 -6.04853  1.23143
 1.39008 -6.04416  1.23186
 1.39051  -6.0398  1.23229
 1.39095 -6.03545  1.23273
 1.39138 -6.03109  1.23316
 1.39181 -6.02675  1.23316
 1.39225  -6.0224  1.23359
 1.39268 -6.01806  1.23403
 1.39311 -6.01372  1.23446
 1.39355 -6.00939  1.23489
 1.39398 -6.00507  1.23533
 1.39441 -6.00074  1.23533
 1.39485 -5.99642  1.23576
 1.39528  -5.9921   1.2362
 1.39572 -5.98779  1.23663
 1.39615 -5.98349  1.23706
 1.39658 -5.97918  1.23706
 1.39702 -5.97488   1.2375
 1.39745 -5.97059  1.23793
 1.39788  -5.9663  1.23836
 1.39832 -5.96201   1.2388
 1.39875 -5.95773   1.2388
 1.39918 -5.95345  1.23923
 1.39962 -5.94917  1.23966
 1.40005  -5.9449   1.2401
 1.40048 -5.94064  1.24053
 1.40092 -5.93638  1.24053
 1.40135 -5.93212  1.24096
 1.40178 -5.92786   1.2414
 1.40222 -5.92361  1.24183
 1.40265 -5.91936  1.24226
 1.40308 -5.91512   1.2427
 1.40352 -5.91088   1.2427
 1.40395 -5.90665  1.24313
 1.40438 -5.90242  1.24356
 1.40482 -5.89819    1.244
 1.40525 -5.89397  1.24443
 1.40569 -5.88975  1.24443
 1.40612 -5.88554  1.24486
 1.40655 -5.88133   1.2453
 1.40699 -5.87712  1.24573
 1.40742 -5.87292  1.24617
 1.40785 -5.86872  1.24617
 1.40829 -5.86452   1.2466
 1.40872 -5.86033  1.24703
 1.40915 -5.85615  1.24747
 1.40959 -5.85196   1.2479
 1.41002 -5.84779   1.2479
 1.41045 -5.84361  1.24833
 1.41089 -5.83944  1.24877
 1.41132 -5.83527   1.2492
 1.41175 -5.83111  1.24963
 1.41219 -5.82695  1.25007
 1.41262  -5.8228  1.25007
 1.41305 -5.81864   1.2505
 1.41349  -5.8145  1.25093
 1.41392 -5.81035  1.25137
 1.41435 -5.80621   1.2518
 1.41479 -5.80208   1.2518
 1.41522 -5.79795  1.25223
 1.41566 -5.79382  1.25267
 1.41609 -5.78969   1.2531
 1.41652 -5.78557  1.25353
 1.41696 -5.78146  1.25353
 1.41739 -5.77734  1.25397
 1.41782 -5.77324   1.2544
 1.41826 -5.76913  1.25483
 1.41869 -5.76503  1.25527
 1.41912 -5.76094   1.2557
 1.41956 -5.75684   1.2557
 1.41999 -5.75275  1.25614
 1.42042 -5.74867  1.25657
 1.42086 -5.74458    1.257
 1.42129 -5.74051  1.25744
 1.42172 -5.73643  1.25744
 1.42216 -5.73236  1.25787
 1.42259  -5.7283   1.2583
 1.42302 -5.72423  1.25874
 1.42346 -5.72018  1.25917
 1.42389 -5.71612  1.25917
 1.42432 -5.71207   1.2596
 1.42476 -5.70802  1.26004
 1.42519 -5.70398  1.26047
 1.42563 -5.69994   1.2609
 1.42606  -5.6959   1.2609
 1.42649 -5.69187  1.26134
 1.42693 -5.68784  1.26177
 1.42736 -5.68382   1.2622
 1.42779  -5.6798  1.26264
 1.42823 -5.67578  1.26264
 1.42866 -5.67177  1.26307
 1.42909 -5.66775   1.2635
 1.42953 -5.66375  1.26394
 1.42996 -5.65975  1.26437
 1.43039 -5.65575   1.2648
 1.43083 -5.65176   1.2648
 1.43126 -5.64776  1.26524
 1.43169 -5.64377  1.26567
 1.43213 -5.63979  1.26611
 1.43256 -5.63581  1.26654
 1.43299 -5.63184  1.26654
 1.43343 -5.62786  1.26697
 1.43386 -5.62389  1.26741
 1.43429 -5.61993  1.26784
 1.43473 -5.61597  1.26827
 1.43516 -5.61201  1.26827
  1.4356 -5.60806  1.26871
 1.43603 -5.60411  1.26914
 1.43646 -5.60016  1.26957
  1.4369 -5.59622  1.27001
 1.43733 -5.59228  1.27001
 1.43776 -5.58834  1.27044
  1.4382 -5.58441  1.27087
 1.43863 -5.58048  1.27131
 1.43906 -5.57656  1.27174
  1.4395 -5.57264  1.27174
 1.43993 -5.56872  1.27217
 1.44036  -5.5648  1.27261
  1.4408 -5.56089  1.27304
 1.44123 -5.55699  1.27347
 1.44166 -5.55309  1.27391
  1.4421 -5.54919  1.27391
 1.44253 -5.54529  1.27434
 1.44296  -5.5414  1.27477
  1.4434 -5.53751  1.27521
 1.44383 -5.53362  1.27564
 1.44426 -5.52974  1.27564
  1.4447 -5.52586  1.27608
 1.44513 -5.52199  1.27651
 1.44557 -5.51812  1.27694
   1.446 -5.51425  1.27738
 1.44643 -5.51039  1.27738
 1.44687 -5.50653  1.27781
  1.4473 -5.50267  1.27824
 1.44773 -5.49882  1.27868
 1.44817 -5.49497  1.27911
  1.4486 -5.49113  1.27954
 1.44903 -5.48728  1.27954
 1.44947 -5.48344  1.27998
  1.4499 -5.47961  1.28041
 1.45033 -5.47578  1.28084
 1.45077 -5.47195  1.28128
  1.4512 -5.46813  1.28128
 1.45163 -5.46431  1.28171
 1.45207 -5.46049  1.28214
  1.4525 -5.45667  1.28258
 1.45293 -5.45287  1.28301
 1.45337 -5.44906  1.28301
  1.4538 -5.44525  1.28344
 1.45423 -5.44145  1.28388
 1.45467 -5.43766  1.28431
  1.4551 -5.43387  1.28474
 1.45554 -5.43008  1.28518
 1.45597 -5.42629  1.28518
  1.4564 -5.42251  1.28561
 1.45684 -5.41873  1.28605
 1.45727 -5.41495  1.28648
  1.4577 -5.41118  1.28691
 1.45814 -5.40741  1.28691
 1.45857 -5.40365  1.28735
   1.459 -5.39989  1.28778
 1.45944 -5.39613  1.28821
 1.45987 -5.39238  1.28865
  1.4603 -5.38862  1.28865
 1.46074 -5.38488  1.28908
 1.46117 -5.38113  1.28951
  1.4616 -5.37739  1.28995
 1.46204 -5.37365  1.29038
 1.46247 -5.36992  1.29038
  1.4629 -5.36619  1.29081
 1.46334 -5.36246  1.29125
 1.46377 -5.35874  1.29168
  1.4642 -5.35502  1.29211
 1.46464  -5.3513  1.29255
 1.46507 -5.34759  1.29255
 1.46551 -5.34388  1.29298
 1.46594 -5.34017  1.29341
 1.46637 -5.33647  1.29385
 1.46681 -5.33277  1.29428
 1.46724 -5.32907  1.29428
 1.46767 -5.32538  1.29471
 1.46811 -5.32169  1.29515
 1.46854   -5.318  1.29558
 1.46897 -5.31432  1.29602
 1.46941 -5.31064  1.29602
 1.46984 -5.30696  1.29645
 1.47027 -5.30329  1.29688
 1.47071 -5.29962  1.29732
 1.47114 -5.29595  1.29775
 1.47157 -5.29229  1.29775
 1.47201 -5.28863  1.29818
 1.47244 -5.28497  1.29862
 1.47287 -5.28132  1.29905
 1.47331 -5.27767  1.29948
 1.47374 -5.27403  1.29992
 1.47417 -5.27038  1.29992
 1.47461 -5.26674  1.30035
 1.47504 -5.26311  1.30078
 1.47548 -5.25947  1.30122
 1.47591 -5.25585  1.30165
 1.47634 -5.25222  1.30165
 1.47678 -5.24859  1.30208
 1.47721 -5.24497  1.30252
 1.47764 -5.24136  1.30295
 1.47808 -5.23775  1.30338
 1.47851 -5.23414  1.30338
 1.47894 -5.23053  1.30382
 1.47938 -5.22692  1.30425
 1.47981 -5.22332  1.30468
 1.48024 -5.21973  1.30512
 1.48068 -5.21614  1.30512
 1.48111 -5.21254  1.30555
 1.48154 -5.20896  1.30599
 1.48198 -5.20537  1.30642
 1.48241 -5.20179  1.30685
 1.48284 -5.19822  1.30685
 1.48328 -5.19464  1.30729
 1.48371 -5.19107  1.30772
 1.48414  -5.1875  1.30815
 1.48458 -5.18394  1.30859
 1.48501 -5.18038  1.30902
 1.48545 -5.17682  1.30902
 1.48588 -5.17326  1.30945
 1.48631 -5.16971  1.30989
 1.48675 -5.16617  1.31032
 1.48718 -5.16262  1.31075
 1.48761 -5.15908  1.31075
 1.48805 -5.15554  1.31119
 1.48848   -5.152  1.31162
 1.48891 -5.14847  1.31205
 1.48935 -5.14494  1.31249
 1.48978 -5.14142  1.31249
 1.49021 -5.13789  1.31292
 1.49065 -5.13437  1.31335
 1.49108 -5.13086  1.31379
 1.49151 -5.12735  1.31422
 1.49195 -5.12384  1.31422
 1.49238 -5.12033  1.31465
 1.49281 -5.11682  1.31509
 1.49325 -5.11332  1.31552
 1.49368 -5.10983  1.31596
 1.49411 -5.10633  1.31639
 1.49455 -5.10284  1.31639
 1.49498 -5.09935  1.31682
 1.49542 -5.09587  1.31726
 1.49585 -5.09239  1.31769
 1.49628 -5.08891  1.31812
 1.49672 -5.08543  1.31812
 1.49715 -5.08196  1.31856
 1.49758 -5.07849  1.31899
 1.49802 -5.07503  1.31942
 1.49845 -5.07156  1.31986
 1.49888  -5.0681  1.31986
 1.49932 -5.06465  1.32029
 1.49975 -5.06119  1.32072
 1.50018 -5.05774  1.32116
 1.50062  -5.0543  1.32159
 1.50105 -5.05085  1.32159
 1.50148 -5.04741  1.32202
 1.50192 -5.04397  1.32246
 1.50235 -5.04054  1.32289
 1.50278 -5.03711  1.32332
 1.50322 -5.03368  1.32332
 1.50365 -5.03025  1.32376
 1.50408 -5.02683  1.32419
 1.50452 -5.02341  1.32462
 1.50495 -5.01999  1.32506
 1.50539 -5.01658  1.32549
 1.50582 -5.01317  1.32549
 1.50625 -5.00976  1.32593
 1.50669 -5.00636  1.32636
 1.50712 -5.00296  1.32679
 1.50755 -4.99956  1.32723
 1.50799 -4.99616  1.32723
 1.50842 -4.99277  1.32766
 1.50885 -4.98938  1.32809
 1.50929 -4.98599  1.32853
 1.50972 -4.98261  1.32896
 1.51015 -4.97923  1.32896
 1.51059 -4.97585  1.32939
 1.51102 -4.97248  1.32983
 1.51145 -4.96911  1.33026
 1.51189 -4.96574  1.33069
 1.51232 -4.96238  1.33069
 1.51275 -4.95901  1.33113
 1.51319 -4.95566  1.33156
 1.51362  -4.9523  1.33199
 1.51405 -4.94895  1.33243
 1.51449  -4.9456  1.33286
 1.51492 -4.94225  1.33286
 1.51536 -4.93891  1.33329
 1.51579 -4.93556  1.33373
 1.51622 -4.93223  1.33416
 1.51666 -4.92889  1.33459
 1.51709 -4.92556  1.33459
 1.51752 -4.92223  1.33503
 1.51796  -4.9189  1.33546
 1.51839 -4.91558   1.3359
 1.51882 -4.91226  1.33633
 1.51926 -4.90894  1.33633
 1.51969 -4.90563  1.33676
 1.52012 -4.90232   1.3372
 1.52056 -4.89901  1.33763
 1.52099  -4.8957  1.33806
 1.52142  -4.8924  1.33806
 1.52186  -4.8891   1.3385
 1.52229  -4.8858  1.33893
 1.52272 -4.88251  1.33936
 1.52316 -4.87922   1.3398
 1.52359 -4.87593  1.34023
 1.52402 -4.87265  1.34023
 1.52446 -4.86936  1.34066
 1.52489 -4.86609   1.3411
 1.52533 -4.86281  1.34153
 1.52576 -4.85954  1.34196
 1.52619 -4.85627  1.34196
 1.52663   -4.853   1.3424
 1.52706 -4.84973  1.34283
 1.52749 -4.84647  1.34326
 1.52793 -4.84321   1.3437
 1.52836 -4.83996   1.3437
 1.52879  -4.8367  1.34413
 1.52923 -4.83345  1.34456
 1.52966 -4.83021    1.345
 1.53009 -4.82696  1.34543
 1.53053 -4.82372  1.34543
 1.53096 -4.82048  1.34587
 1.53139 -4.81724   1.3463
 1.53183 -4.81401  1.34673
 1.53226 -4.81078  1.34717
 1.53269 -4.80755  1.34717
 1.53313 -4.80433   1.3476
 1.53356 -4.80111  1.34803
 1.53399 -4.79789  1.34847
 1.53443 -4.79467   1.3489
 1.53486 -4.79146  1.34933
  1.5353 -4.78825  1.34933
 1.53573 -4.78504  1.34977
 1.53616 -4.78184   1.3502
  1.5366 -4.77864  1.35063
 1.53703 -4.77544  1.35107
 1.53746 -4.77224  1.35107
  1.5379 -4.76905   1.3515
 1.53833 -4.76586  1.35193
 1.53876 -4.76267  1.35237
  1.5392 -4.75948   1.3528
 1.53963  -4.7563   1.3528
 1.54006 -4.75312  1.35323
  1.5405 -4.74995  1.35367
 1.54093 -4.74677   1.3541
 1.54136  -4.7436  1.35453
  1.5418 -4.74043  1.35453
 1.54223 -4.73727  1.35497
 1.54266  -4.7341   1.3554
  1.5431 -4.73094  1.35584
 1.54353 -4.72779  1.35627
 1.54396 -4.72463   1.3567
  1.5444 -4.72148   1.3567
 1.54483 -4.71833  1.35714
 1.54527 -4.71519  1.35757
  1.5457 -4.71204    1.358
 1.54613  -4.7089  1.35844
 1.54657 -4.70577  1.35844
   1.547 -4.70263  1.35887
 1.54743  -4.6995   1.3593
 1.54787 -4.69637  1.35974
  1.5483 -4.69324  1.36017
 1.54873 -4.69012  1.36017
 1.54917   -4.687   1.3606
  1.5496 -4.68388  1.36104
 1.55003 -4.68076  1.36147
 1.55047 -4.67765   1.3619
  1.5509 -4.67454   1.3619
 1.55133 -4.67143  1.36234
 1.55177 -4.66833  1.36277
  1.5522 -4.66523   1.3632
 1.55263 -4.66213  1.36364
 1.55307 -4.65903  1.36364
  1.5535 -4.65594  1.36407
 1.55393 -4.65284   1.3645
 1.55437 -4.64975  1.36494
  1.5548 -4.64667  1.36537
 1.55524 -4.64359  1.36581
 1.55567 -4.64051  1.36581
  1.5561 -4.63743  1.36624
 1.55654 -4.63435  1.36667
 1.55697 -4.63128  1.36711
  1.5574 -4.62821  1.36754
 1.55784 -4.62514  1.36754
 1.55827 -4.62208  1.36797
  1.5587 -4.61902  1.36841
 1.55914 -4.61596  1.36884
 1.55957  -4.6129  1.36927
    1.56 -4.60985  1.36927
 1.56044  -4.6068  1.36971
 1.56087 -4.60375  1.37014
  1.5613  -4.6007  1.37057
 1.56174 -4.59766  1.37101
 1.56217 -4.59462  1.37101
  1.5626 -4.59158  1.37144
 1.56304 -4.58855  1.37187
 1.56347 -4.58551  1.37231
  1.5639 -4.58248  1.37274
 1.56434 -4.57946  1.37274
 1.56477 -4.57643  1.37317
 1.56521 -4.57341  1.37361
 1.56564 -4.57039  1.37404
 1.56607 -4.56737  1.37447
 1.56651 -4.56436  1.37491
 1.56694 -4.56135  1.37491
 1.56737 -4.55834  1.37534
 1.56781 -4.55533  1.37578
 1.56824 -4.55233  1.37621
 1.56867 -4.54933  1.37664
 1.56911 -4.54633  1.37664
 1.56954 -4.54333  1.37708
 1.56997 -4.54034  1.37751
 1.57041 -4.53735  1.37794
 1.57084 -4.53436  1.37838
 1.57127 -4.53137  1.37838
 1.57171 -4.52839  1.37881
 1.57214 -4.52541  1.37924
 1.57257 -4.52243  1.37968
 1.57301 -4.51946  1.38011
 1.57344 -4.51649  1.38011
 1.57387 -4.51352  1.38054
 1.57431 -4.51055  1.38098
 1.57474 -4.50758  1.38141
 1.57518 -4.50462  1.38184
 1.57561 -4.50166  1.38228
 1.57604  -4.4987  1.38228
 1.57648 -4.49575  1.38271
 1.57691  -4.4928  1.38314
 1.57734 -4.48985  1.38358
 1.57778  -4.4869  1.38401
 1.57821 -4.48396  1.38401
 1.57864 -4.48101  1.38444
 1.57908 -4.47807  1.38488
 1.57951 -4.47514  1.38531
 1.57994  -4.4722  1.38575
 1.58038 -4.46927  1.38575
 1.58081 -4.46634  1.38618
 1.58124 -4.46341  1.38661
 1.58168 -4.46049  1.38705
 1.58211 -4.45757  1.38748
 1.58254 -4.45465  1.38748
 1.58298 -4.45173  1.38791
 1.58341 -4.44882  1.38835
 1.58384 -4.44591  1.38878
 1.58428   -4.443  1.38921
 1.58471 -4.44009  1.38921
 1.58515 -4.43719  1.38965
 1.58558 -4.43428  1.39008
 1.58601 -4.43139  1.39051
 1.58645 -4.42849  1.39095
 1.58688 -4.42559  1.39138
 1.58731  -4.4227  1.39138
 1.58775 -4.41981  1.39181
 1.58818 -4.41693  1.39225
 1.58861 -4.41404  1.39268
 1.58905 -4.41116  1.39311
 1.58948 -4.40828  1.39311
 1.58991  -4.4054  1.39355
 1.59035 -4.40253  1.39398
 1.59078 -4.39966  1.39441
 1.59121 -4.39679  1.39485
 1.59165 -4.39392  1.39485
 1.59208 -4.39106  1.39528
 1.59251  -4.3882  1.39572
 1.59295 -4.38534  1.39615
 1.59338 -4.38248  1.39658
 1.59381 -4.37962  1.39658
 1.59425 -4.37677  1.39702
 1.59468 -4.37392  1.39745
 1.59512 -4.37107  1.39788
 1.59555 -4.36823  1.39832
 1.59598 -4.36539  1.39875
 1.59642 -4.36255  1.39875
 1.59685 -4.35971  1.39918
 1.59728 -4.35687  1.39962
 1.59772 -4.35404  1.40005
 1.59815 -4.35121  1.40048
 1.59858 -4.34838  1.40048
 1.59902 -4.34556  1.40092
 1.59945 -4.34273  1.40135
 1.59988 -4.33991  1.40178
 1.60032 -4.33709  1.40222
 1.60075 -4.33428  1.40222
 1.60118 -4.33146  1.40265
 1.60162 -4.32865  1.40308
 1.60205 -4.32584  1.40352
 1.60248 -4.32304  1.40395
 1.60292 -4.32023  1.40395
 1.60335 -4.31743  1.40438
 1.60378 -4.31463  1.40482
 1.60422 -4.31184  1.40525
 1.60465 -4.30904  1.40569
 1.60509 -4.30625  1.40569
 1.60552 -4.30346  1.40612
 1.60595 -4.30067  1.40655
 1.60639 -4.29789  1.40699
 1.60682 -4.29511  1.40742
 1.60725 -4.29233  1.40742
 1.60769 -4.28955  1.40785
 1.60812 -4.28677  1.40829
 1.60855   -4.284  1.40872
 1.60899 -4.28123  1.40915
 1.60942 -4.27846  1.40959
 1.60985 -4.27569  1.40959
 1.61029 -4.27293  1.41002
 1.61072 -4.27017  1.41045
 1.61115 -4.26741  1.41089
 1.61159 -4.26465  1.41132
 1.61202  -4.2619  1.41132
 1.61245 -4.25915  1.41175
 1.61289  -4.2564  1.41219
 1.61332 -4.25365  1.41262
 1.61375 -4.25091  1.41305
 1.61419 -4.24816  1.41305
 1.61462 -4.24542  1.41349
 1.61506 -4.24268  1.41392
 1.61549 -4.23995  1.41435
 1.61592 -4.23722  1.41479
 1.61636 -4.23449  1.41479
 1.61679 -4.23176  1.41522
 1.61722 -4.22903  1.41566
 1.61766 -4.22631  1.41609
 1.61809 -4.22358  1.41652
 1.61852 -4.22087  1.41652
 1.61896 -4.21815  1.41696
 1.61939 -4.21543  1.41739
 1.61982 -4.21272  1.41782
 1.62026 -4.21001  1.41826
 1.62069  -4.2073  1.41869
 1.62112  -4.2046  1.41869
 1.62156 -4.20189  1.41912
 1.62199 -4.19919  1.41956
 1.62242 -4.19649  1.41999
 1.62286  -4.1938  1.42042
 1.62329  -4.1911  1.42042
 1.62372 -4.18841  1.42086
 1.62416 -4.18572  1.42129
 1.62459 -4.18303  1.42172
 1.62503 -4.18035  1.42216
 1.62546 -4.17766  1.42216
 1.62589 -4.17498  1.42259
 1.62633  -4.1723  1.42302
 1.62676 -4.16963  1.42346
 1.62719 -4.16695  1.42389
 1.62763 -4.16428  1.42389
 1.62806 -4.16161  1.42432
 1.62849 -4.15895  1.42476
 1.62893 -4.15628  1.42519
 1.62936 -4.15362  1.42563
 1.62979 -4.15096  1.42563
 1.63023  -4.1483  1.42606
 1.63066 -4.14564  1.42649
 1.63109 -4.14299  1.42693
 1.63153 -4.14034  1.42736
 1.63196 -4.13769  1.42779
 1.63239 -4.13504  1.42779
 1.63283  -4.1324  1.42823
 1.63326 -4.12975  1.42866
 1.63369 -4.12711  1.42909
 1.63413 -4.12448  1.42953
 1.63456 -4.12184  1.42953
 1.63499 -4.11921  1.42996
 1.63543 -4.11657  1.43039
 1.63586 -4.11395  1.43083
  1.6363 -4.11132  1.43126
 1.63673 -4.10869  1.43126
 1.63716 -4.10607  1.43169
  1.6376 -4.10345  1.43213
 1.63803 -4.10083  1.43256
 1.63846 -4.09822  1.43299
  1.6389  -4.0956  1.43299
 1.63933 -4.09299  1.43343
 1.63976 -4.09038  1.43386
  1.6402 -4.08777  1.43429
 1.64063 -4.08517  1.43473
 1.64106 -4.08257  1.43473
  1.6415 -4.07996  1.43516
 1.64193 -4.07737   1.4356
 1.64236 -4.07477  1.43603
  1.6428 -4.07218  1.43646
 1.64323 -4.06958   1.4369
 1.64366 -4.06699   1.4369
  1.6441  -4.0644  1.43733
 1.64453 -4.06182  1.43776
 1.64496 -4.05924   1.4382
  1.6454 -4.05666  1.43863
 1.64583 -4.05408  1.43863
 1.64627  -4.0515  1.43906
  1.6467 -4.04892   1.4395
 1.64713 -4.04635  1.43993
 1.64757 -4.04378  1.44036
   1.648 -4.04121  1.44036
 1.64843 -4.03865   1.4408
 1.64887 -4.03608  1.44123
  1.6493 -4.03352  1.44166
 1.64973 -4.03096   1.4421
 1.65017  -4.0284   1.4421
  1.6506 -4.02585  1.44253
 1.65103 -4.02329  1.44296
 1.65147 -4.02074   1.4434
  1.6519 -4.01819  1.44383
 1.65233 -4.01565  1.44383
 1.65277  -4.0131  1.44426
  1.6532 -4.01056   1.4447
 1.65363 -4.00802  1.44513
 1.65407 -4.00548  1.44557
  1.6545 -4.00294  1.44557
 1.65493 -4.00041    1.446
 1.65537 -3.99787  1.44643
  1.6558 -3.99534  1.44687
 1.65624 -3.99282   1.4473
 1.65667 -3.99029  1.44773
  1.6571 -3.98777  1.44773
 1.65754 -3.98524  1.44817
 1.65797 -3.98272   1.4486
  1.6584 -3.98021  1.44903
 1.65884 -3.97769  1.44947
 1.65927 -3.97518  1.44947
  1.6597 -3.97267   1.4499
 1.66014 -3.97016  1.45033
 1.66057 -3.96765  1.45077
   1.661 -3.96515   1.4512
 1.66144 -3.96264   1.4512
 1.66187 -3.96014  1.45163
  1.6623 -3.95764  1.45207
 1.66274 -3.95515   1.4525
 1.66317 -3.95265  1.45293
  1.6636 -3.95016  1.45293
 1.66404 -3.94767  1.45337
 1.66447 -3.94518   1.4538
  1.6649 -3.94269  1.45423
 1.66534 -3.94021  1.45467
 1.66577 -3.93773  1.45467
 1.66621 -3.93524   1.4551
 1.66664 -3.93277  1.45554
 1.66707 -3.93029  1.45597
 1.66751 -3.92782   1.4564
 1.66794 -3.92534  1.45684
 1.66837 -3.92287  1.45684
 1.66881 -3.92041  1.45727
 1.66924 -3.91794   1.4577
 1.66967 -3.91548  1.45814
 1.67011 -3.91301  1.45857
 1.67054 -3.91055  1.45857
 1.67097  -3.9081    1.459
 1.67141 -3.90564  1.45944
 1.67184 -3.90319  1.45987
 1.67227 -3.90073   1.4603
 1.67271 -3.89828   1.4603
 1.67314 -3.89584  1.46074
 1.67357 -3.89339  1.46117
 1.67401 -3.89095   1.4616
 1.67444 -3.88851  1.46204
 1.67487 -3.88607  1.46204
 1.67531 -3.88363  1.46247
 1.67574 -3.88119   1.4629
 1.67618 -3.87876  1.46334
 1.67661 -3.87633  1.46377
 1.67704  -3.8739  1.46377
 1.67748 -3.87147   1.4642
 1.67791 -3.86904  1.46464
 1.67834 -3.86662  1.46507
 1.67878  -3.8642  1.46551
 1.67921 -3.86178  1.46594
 1.67964 -3.85936  1.46594
 1.68008 -3.85694  1.46637
 1.68051 -3.85453  1.46681
 1.68094 -3.85212  1.46724
 1.68138 -3.84971  1.46767
 1.68181  -3.8473  1.46767
 1.68224  -3.8449  1.46811
 1.68268 -3.84249  1.46854
 1.68311 -3.84009  1.46897
 1.68354 -3.83769  1.46941
 1.68398 -3.83529  1.46941
 1.68441  -3.8329  1.46984
 1.68484  -3.8305  1.47027
 1.68528 -3.82811  1.47071
 1.68571 -3.82572  1.47114
 1.68615 -3.82333  1.47114
 1.68658 -3.82095  1.47157
 1.68701 -3.81856  1.47201
 1.68745 -3.81618  1.47244
 1.68788  -3.8138  1.47287
 1.68831 -3.81142  1.47287
 1.68875 -3.80904  1.47331
 1.68918 -3.80667  1.47374
 1.68961  -3.8043  1.47417
 1.69005 -3.80193  1.47461
 1.69048 -3.79956  1.47461
 1.69091 -3.79719  1.47504
 1.69135 -3.79483  1.47548
 1.69178 -3.79246  1.47591
 1.69221  -3.7901  1.47634
 1.69265 -3.78774  1.47678
 1.69308 -3.78539  1.47678
 1.69351 -3.78303  1.47721
 1.69395 -3.78068  1.47764
 1.69438 -3.77833  1.47808
 1.69481 -3.77598  1.47851
 1.69525 -3.77363  1.47851
 1.69568 -3.77128  1.47894
 1.69612 -3.76894  1.47938
 1.69655  -3.7666  1.47981
 1.69698 -3.76426  1.48024
 1.69742 -3.76192  1.48024
 1.69785 -3.75958  1.48068
 1.69828 -3.75725  1.48111
 1.69872 -3.75492  1.48154
 1.69915 -3.75259  1.48198
 1.69958 -3.75026  1.48198
 1.70002 -3.74793  1.48241
 1.70045 -3.74561  1.48284
 1.70088 -3.74328  1.48328
 1.70132 -3.74096  1.48371
 1.70175 -3.73865  1.48371
 1.70218 -3.73633  1.48414
 1.70262 -3.73401  1.48458
 1.70305  -3.7317  1.48501
 1.70348 -3.72939  1.48545
 1.70392 -3.72708  1.48545
 1.70435 -3.72477  1.48588
 1.70478 -3.72246  1.48631
 1.70522 -3.72016  1.48675
 1.70565 -3.71786  1.48718
 1.70609 -3.71556  1.48761
 1.70652 -3.71326  1.48761
 1.70695 -3.71096  1.48805
 1.70739 -3.70867  1.48848
 1.70782 -3.70638  1.48891
 1.70825 -3.70409  1.48935
 1.70869  -3.7018  1.48935
 1.70912 -3.69951  1.48978
 1.70955 -3.69722  1.49021
 1.70999 -3.69494  1.49065
 1.71042 -3.69266  1.49108
 1.71085 -3.69038  1.49108
 1.71129  -3.6881  1.49151
 1.71172 -3.68582  1.49195
 1.71215 -3.68355  1.49238
 1.71259 -3.68128  1.49281
 1.71302 -3.67901  1.49281
 1.71345 -3.67674  1.49325
 1.71389 -3.67447  1.49368
 1.71432 -3.67221  1.49411
 1.71475 -3.66994  1.49455
 1.71519 -3.66768  1.49455
 1.71562 -3.66542  1.49498
 1.71606 -3.66316  1.49542
 1.71649 -3.66091  1.49585
 1.71692 -3.65865  1.49628
 1.71736  -3.6564  1.49672
 1.71779 -3.65415  1.49672
 1.71822  -3.6519  1.49715
 1.71866 -3.64966  1.49758
 1.71909 -3.64741  1.49802
 1.71952 -3.64517  1.49845
 1.71996 -3.64293  1.49845
 1.72039 -3.64069  1.49888
 1.72082 -3.63845  1.49932
 1.72126 -3.63621  1.49975
 1.72169 -3.63398  1.50018
 1.72212 -3.63175  1.50018
 1.72256 -3.62951  1.50062
 1.72299 -3.62729  1.50105
 1.72342 -3.62506  1.50148
 1.72386 -3.62283  1.50192
 1.72429 -3.62061  1.50192
 1.72472 -3.61839  1.50235
 1.72516 -3.61617  1.50278
 1.72559 -3.61395  1.50322
 1.72603 -3.61173  1.50365
 1.72646 -3.60952  1.50365
 1.72689 -3.60731  1.50408
 1.72733  -3.6051  1.50452
 1.72776 -3.60289  1.50495
 1.72819 -3.60068  1.50539
 1.72863 -3.59847  1.50539
 1.72906 -3.59627  1.50582
 1.72949 -3.59407  1.50625
 1.72993 -3.59187  1.50669
 1.73036 -3.58967  1.50712
 1.73079 -3.58747  1.50755
 1.73123 -3.58528  1.50755
 1.73166 -3.58308  1.50799
 1.73209 -3.58089  1.50842
 1.73253  -3.5787  1.50885
 1.73296 -3.57652  1.50929
 1.73339 -3.57433  1.50929
 1.73383 -3.57214  1.50972
 1.73426 -3.56996  1.51015
 1.73469 -3.56778  1.51059
 1.73513  -3.5656  1.51102
 1.73556 -3.56342  1.51102
   1.736 -3.56125  1.51145
 1.73643 -3.55907  1.51189
 1.73686  -3.5569  1.51232
  1.7373 -3.55473  1.51275
 1.73773 -3.55256  1.51275
 1.73816  -3.5504  1.51319
  1.7386 -3.54823  1.51362
 1.73903 -3.54607  1.51405
 1.73946  -3.5439  1.51449
  1.7399 -3.54174  1.51449
 1.74033 -3.53959  1.51492
 1.74076 -3.53743  1.51536
  1.7412 -3.53527  1.51579
 1.74163 -3.53312  1.51622
 1.74206 -3.53097  1.51622
  1.7425 -3.52882  1.51666
 1.74293 -3.52667  1.51709
 1.74336 -3.52452  1.51752
  1.7438 -3.52238  1.51796
 1.74423 -3.52024  1.51796
 1.74466  -3.5181  1.51839
  1.7451 -3.51596  1.51882
 1.74553 -3.51382  1.51926
 1.74597 -3.51168  1.51969
  1.7464 -3.50955  1.51969
 1.74683 -3.50742  1.52012
 1.74727 -3.50528  1.52056
  1.7477 -3.50315  1.52099
 1.74813 -3.50103  1.52142
 1.74857  -3.4989  1.52186
   1.749 -3.49678  1.52186
 1.74943 -3.49465  1.52229
 1.74987 -3.49253  1.52272
  1.7503 -3.49041  1.52316
 1.75073  -3.4883  1.52359
 1.75117 -3.48618  1.52359
  1.7516 -3.48407  1.52402
 1.75203 -3.48195  1.52446
 1.75247 -3.47984  1.52489
  1.7529 -3.47773  1.52533
 1.75333 -3.47563  1.52533
 1.75377 -3.47352  1.52576
  1.7542 -3.47142  1.52619
 1.75463 -3.46931  1.52663
 1.75507 -3.46721  1.52706
  1.7555 -3.46512  1.52706
 1.75594 -3.46302  1.52749
 1.75637 -3.46092  1.52793
  1.7568 -3.45883  1.52836
 1.75724 -3.45673  1.52879
 1.75767 -3.45464  1.52879
  1.7581 -3.45256  1.52923
 1.75854 -3.45047  1.52966
 1.75897 -3.44838  1.53009
  1.7594  -3.4463  1.53053
 1.75984 -3.44422  1.53053
 1.76027 -3.44213  1.53096
  1.7607 -3.44006  1.53139
 1.76114 -3.43798  1.53183
 1.76157  -3.4359  1.53226
   1.762 -3.43383  1.53269
 1.76244 -3.43175  1.53269
 1.76287 -3.42968  1.53313
  1.7633 -3.42761  1.53356
 1.76374 -3.42555  1.53399
 1.76417 -3.42348  1.53443
  1.7646 -3.42142  1.53443
 1.76504 -3.41935  1.53486
 1.76547 -3.41729   1.5353
 1.76591 -3.41523  1.53573
 1.76634 -3.41317  1.53616
 1.76677 -3.41112  1.53616
 1.76721 -3.40906   1.5366
 1.76764 -3.40701  1.53703
 1.76807 -3.40496  1.53746
 1.76851 -3.40291   1.5379
 1.76894 -3.40086   1.5379
 1.76937 -3.39881  1.53833
 1.76981 -3.39677  1.53876
 1.77024 -3.39473   1.5392
 1.77067 -3.39268  1.53963
 1.77111 -3.39064  1.53963
 1.77154 -3.38861  1.54006
 1.77197 -3.38657   1.5405
 1.77241 -3.38453  1.54093
 1.77284  -3.3825  1.54136
 1.77327 -3.38047   1.5418
 1.77371 -3.37844   1.5418
 1.77414 -3.37641  1.54223
 1.77457 -3.37438  1.54266
 1.77501 -3.37235   1.5431
 1.77544 -3.37033  1.54353
 1.77588 -3.36831  1.54353
 1.77631 -3.36629  1.54396
 1.77674 -3.36427   1.5444
 1.77718 -3.36225  1.54483
 1.77761 -3.36023  1.54527
 1.77804 -3.35822  1.54527
 1.77848 -3.35621   1.5457
 1.77891 -3.35419  1.54613
 1.77934 -3.35218  1.54657
 1.77978 -3.35018    1.547
 1.78021 -3.34817    1.547
 1.78064 -3.34616  1.54743
 1.78108 -3.34416  1.54787
 1.78151 -3.34216   1.5483
 1.78194 -3.34016  1.54873
 1.78238 -3.33816  1.54873
 1.78281 -3.33616  1.54917
 1.78324 -3.33416   1.5496
 1.78368 -3.33217  1.55003
 1.78411 -3.33018  1.55047
 1.78454 -3.32819  1.55047
 1.78498  -3.3262   1.5509
 1.78541 -3.32421  1.55133
 1.78585 -3.32222  1.55177
 1.78628 -3.32024   1.5522
 1.78671 -3.31826  1.55263
 1.78715 -3.31627  1.55263
 1.78758 -3.31429  1.55307
 1.78801 -3.31231   1.5535
 1.78845 -3.31034  1.55393
 1.78888 -3.30836  1.55437
 1.78931 -3.30639  1.55437
 1.78975 -3.30442   1.5548
 1.79018 -3.30244  1.55524
 1.79061 -3.30048  1.55567
 1.79105 -3.29851   1.5561
 1.79148 -3.29654   1.5561
 1.79191 -3.29458  1.55654
 1.79235 -3.29261  1.55697
 1.79278 -3.29065   1.5574
 1.79321 -3.28869  1.55784
 1.79365 -3.28673  1.55784
 1.79408 -3.28478  1.55827
 1.79451 -3.28282   1.5587
 1.79495 -3.28087  1.55914
 1.79538 -3.27891  1.55957
 1.79582 -3.27696  1.55957
 1.79625 -3.27501     1.56
 1.79668 -3.27306  1.56044
 1.79712 -3.27112  1.56087
 1.79755 -3.26917   1.5613
 1.79798 -3.26723   1.5613
 1.79842 -3.26529  1.56174
 1.79885 -3.26335  1.56217
 1.79928 -3.26141   1.5626
 1.79972 -3.25947  1.56304
 1.80015 -3.25754  1.56304
 1.80058  -3.2556  1.56347
 1.80102 -3.25367   1.5639
 1.80145 -3.25174  1.56434
 1.80188 -3.24981  1.56477
 1.80232 -3.24788  1.56521
 1.80275 -3.24595  1.56521
 1.80318 -3.24403  1.56564
 1.80362  -3.2421  1.56607
 1.80405 -3.24018  1.56651
 1.80448 -3.23826  1.56694
 1.80492 -3.23634  1.56694
 1.80535 -3.23442  1.56737
 1.80579  -3.2325  1.56781
 1.80622 -3.23059  1.56824
 1.80665 -3.22868  1.56867
 1.80709 -3.22676  1.56867
 1.80752 -3.22485  1.56911
 1.80795 -3.22294  1.56954
 1.80839 -3.22104  1.56997
 1.80882 -3.21913  1.57041
 1.80925 -3.21723  1.57041
 1.80969 -3.21532  1.57084
 1.81012 -3.21342  1.57127
 1.81055 -3.21152  1.57171
 1.81099 -3.20962  1.57214
 1.81142 -3.20773  1.57214
 1.81185 -3.20583  1.57257
 1.81229 -3.20393  1.57301
 1.81272 -3.20204  1.57344
 1.81315 -3.20015  1.57387
 1.81359 -3.19826  1.57387
 1.81402 -3.19637  1.57431
 1.81445 -3.19449  1.57474
 1.81489  -3.1926  1.57518
 1.81532 -3.19072  1.57561
 1.81576 -3.18883  1.57604
 1.81619 -3.18695  1.57604
 1.81662 -3.18507  1.57648
 1.81706 -3.18319  1.57691
 1.81749 -3.18132  1.57734
 1.81792 -3.17944  1.57778
 1.81836 -3.17757  1.57778
 1.81879  -3.1757  1.57821
 1.81922 -3.17382  1.57864
 1.81966 -3.17195  1.57908
 1.82009 -3.17009  1.57951
 1.82052 -3.16822  1.57951
 1.82096 -3.16635  1.57994
 1.82139 -3.16449  1.58038
 1.82182 -3.16263  1.58081
 1.82226 -3.16077  1.58124
 1.82269 -3.15891  1.58124
 1.82312 -3.15705  1.58168
 1.82356 -3.15519  1.58211
 1.82399 -3.15334  1.58254
 1.82442 -3.15148  1.58298
 1.82486 -3.14963  1.58298
 1.82529 -3.14778  1.58341
 1.82573 -3.14593  1.58384
 1.82616 -3.14408  1.58428
 1.82659 -3.14224  1.58471
 1.82703 -3.14039  1.58471
 1.82746 -3.13855  1.58515
 1.82789  -3.1367  1.58558
 1.82833 -3.13486  1.58601
 1.82876 -3.13302  1.58645
 1.82919 -3.13119  1.58645
 1.82963 -3.12935  1.58688
 1.83006 -3.12751  1.58731
 1.83049 -3.12568  1.58775
 1.83093 -3.12385  1.58818
 1.83136 -3.12202  1.58818
 1.83179 -3.12019  1.58861
 1.83223 -3.11836  1.58905
 1.83266 -3.11653  1.58948
 1.83309 -3.11471  1.58991
 1.83353 -3.11288  1.59035
 1.83396 -3.11106  1.59035
 1.83439 -3.10924  1.59078
 1.83483 -3.10742  1.59121
 1.83526  -3.1056  1.59165
  1.8357 -3.10378  1.59208
 1.83613 -3.10197  1.59208
 1.83656 -3.10015  1.59251
   1.837 -3.09834  1.59295
 1.83743 -3.09653  1.59338
 1.83786 -3.09472  1.59381
  1.8383 -3.09291  1.59381
 1.83873  -3.0911  1.59425
 1.83916 -3.08929  1.59468
  1.8396 -3.08749  1.59512
 1.84003 -3.08569  1.59555
 1.84046 -3.08388  1.59555
  1.8409 -3.08208  1.59598
 1.84133 -3.08028  1.59642
 1.84176 -3.07849  1.59685
  1.8422 -3.07669  1.59728
 1.84263  -3.0749  1.59728
 1.84306  -3.0731  1.59772
  1.8435 -3.07131  1.59815
 1.84393 -3.06952  1.59858
 1.84436 -3.06773  1.59902
  1.8448 -3.06594  1.59902
 1.84523 -3.06415  1.59945
 1.84567 -3.06237  1.59988
  1.8461 -3.06058  1.60032
 1.84653  -3.0588  1.60075
 1.84697 -3.05702  1.60075
  1.8474 -3.05524  1.60118
 1.84783 -3.05346  1.60162
 1.84827 -3.05168  1.60205
  1.8487 -3.04991  1.60248
 1.84913 -3.04813  1.60292
 1.84957 -3.04636  1.60292
    1.85 -3.04459  1.60335