 kgrid  ValNew  Policy 
    0.55  -41.528 0.575142
0.550433  -41.475 0.575575
0.550867 -41.4222 0.575575
  0.5513 -41.3694 0.576009
0.551734 -41.3168 0.576442
0.552167 -41.2644 0.576876
0.552601 -41.2121 0.576876
0.553034 -41.1598 0.577309
0.553468 -41.1077 0.577743
0.553901 -41.0558 0.578176
0.554335  -41.004 0.578176
0.554768 -40.9522  0.57861
0.555202 -40.9007 0.579043
0.555635 -40.8492 0.579476
0.556069 -40.7979 0.579476
0.556502 -40.7467  0.57991
0.556936 -40.6956 0.580343
0.557369 -40.6446 0.580777
0.557803 -40.5938  0.58121
0.558236  -40.543  0.58121
 0.55867 -40.4924 0.581644
0.559103 -40.4419 0.582077
0.559537 -40.3915 0.582511
 0.55997 -40.3412 0.582944
0.560403  -40.291 0.582944
0.560837 -40.2409 0.583378
 0.56127 -40.1908 0.583811
0.561704 -40.1409 0.584245
0.562137 -40.0912 0.584678
0.562571 -40.0415 0.585112
0.563004 -39.9919 0.585112
0.563438 -39.9423 0.585545
0.563871 -39.8929 0.585979
0.564305 -39.8436 0.586412
0.564738 -39.7944 0.586846
0.565172 -39.7453 0.587279
0.565605 -39.6963 0.587279
0.566039 -39.6474 0.587713
0.566472 -39.5986 0.588146
0.566906 -39.5499  0.58858
0.567339 -39.5012 0.589013
0.567773 -39.4527 0.589446
0.568206 -39.4043 0.589446
 0.56864  -39.356  0.58988
0.569073 -39.3077 0.590313
0.569507 -39.2596 0.590747
 0.56994 -39.2115  0.59118
0.570373 -39.1636 0.591614
0.570807 -39.1157 0.591614
 0.57124 -39.0679 0.592047
0.571674 -39.0203 0.592481
0.572107 -38.9727 0.592914
0.572541 -38.9252 0.593348
0.572974 -38.8778 0.593781
0.573408 -38.8305 0.594215
0.573841 -38.7833 0.594215
0.574275 -38.7361 0.594648
0.574708 -38.6891 0.595082
0.575142 -38.6422 0.595515
0.575575 -38.5953 0.595949
0.576009 -38.5486 0.596382
0.576442 -38.5019 0.596382
0.576876 -38.4553 0.596816
0.577309 -38.4088 0.597249
0.577743 -38.3624 0.597683
0.578176 -38.3161 0.598116
 0.57861 -38.2699  0.59855
0.579043 -38.2237 0.598983
0.579476 -38.1777 0.598983
 0.57991 -38.1317 0.599416
0.580343 -38.0858  0.59985
0.580777   -38.04 0.600283
 0.58121 -37.9943 0.600717
0.581644 -37.9487  0.60115
0.582077 -37.9031  0.60115
0.582511 -37.8577 0.601584
0.582944 -37.8123 0.602017
0.583378  -37.767 0.602451
0.583811 -37.7218 0.602884
0.584245 -37.6767 0.603318
0.584678 -37.6317 0.603318
0.585112 -37.5868 0.603751
0.585545 -37.5419 0.604185
0.585979 -37.4971 0.604618
0.586412 -37.4524 0.605052
0.586846 -37.4078 0.605485
0.587279 -37.3633 0.605919
0.587713 -37.3188 0.605919
0.588146 -37.2745 0.606352
 0.58858 -37.2302 0.606786
0.589013  -37.186 0.607219
0.589446 -37.1419 0.607653
 0.58988 -37.0978 0.608086
0.590313 -37.0539  0.60852
0.590747   -37.01  0.60852
 0.59118 -36.9662 0.608953
0.591614 -36.9225 0.609386
0.592047 -36.8788  0.60982
0.592481 -36.8353 0.610253
0.592914 -36.7918 0.610687
0.593348 -36.7484 0.610687
0.593781 -36.7051  0.61112
0.594215 -36.6618 0.611554
0.594648 -36.6186 0.611987
0.595082 -36.5756 0.612421
0.595515 -36.5325 0.612854
0.595949 -36.4896 0.613288
0.596382 -36.4468 0.613288
0.596816  -36.404 0.613721
0.597249 -36.3613 0.614155
0.597683 -36.3186 0.614588
0.598116 -36.2761 0.615022
 0.59855 -36.2336 0.615455
0.598983 -36.1912 0.615889
0.599416 -36.1489 0.615889
 0.59985 -36.1066 0.616322
0.600283 -36.0644 0.616756
0.600717 -36.0223 0.617189
 0.60115 -35.9803 0.617623
0.601584 -35.9383 0.618056
0.602017 -35.8964 0.618489
0.602451 -35.8546 0.618489
0.602884 -35.8129 0.618923
0.603318 -35.7712 0.619356
0.603751 -35.7296  0.61979
0.604185 -35.6881 0.620223
0.604618 -35.6467 0.620657
0.605052 -35.6053  0.62109
0.605485  -35.564  0.62109
0.605919 -35.5228 0.621524
0.606352 -35.4816 0.621957
0.606786 -35.4405 0.622391
0.607219 -35.3995 0.622824
0.607653 -35.3585 0.623258
0.608086 -35.3177 0.623691
 0.60852 -35.2769 0.624125
0.608953 -35.2361 0.624125
0.609386 -35.1955 0.624558
 0.60982 -35.1549 0.624992
0.610253 -35.1143 0.625425
0.610687 -35.0739 0.625859
 0.61112 -35.0335 0.626292
0.611554 -34.9932 0.626726
0.611987 -34.9529 0.626726
0.612421 -34.9128 0.627159
0.612854 -34.8726 0.627593
0.613288 -34.8326 0.628026
0.613721 -34.7926 0.628459
0.614155 -34.7528 0.628893
0.614588 -34.7129 0.629326
0.615022 -34.6732 0.629326
0.615455 -34.6334  0.62976
0.615889 -34.5938 0.630193
0.616322 -34.5542 0.630627
0.616756 -34.5148  0.63106
0.617189 -34.4753 0.631494
0.617623  -34.436 0.631927
0.618056 -34.3967 0.631927
0.618489 -34.3574 0.632361
0.618923 -34.3183 0.632794
0.619356 -34.2791 0.633228
 0.61979 -34.2401 0.633661
0.620223 -34.2011 0.634095
0.620657 -34.1622 0.634528
 0.62109 -34.1234 0.634962
0.621524 -34.0846 0.634962
0.621957 -34.0459 0.635395
0.622391 -34.0072 0.635829
0.622824 -33.9687 0.636262
0.623258 -33.9301 0.636696
0.623691 -33.8917 0.637129
0.624125 -33.8533 0.637563
0.624558  -33.815 0.637563
0.624992 -33.7767 0.637996
0.625425 -33.7385 0.638429
0.625859 -33.7003 0.638863
0.626292 -33.6622 0.639296
0.626726 -33.6242  0.63973
0.627159 -33.5863 0.640163
0.627593 -33.5484 0.640597
0.628026 -33.5106 0.640597
0.628459 -33.4728  0.64103
0.628893 -33.4351 0.641464
0.629326 -33.3974 0.641897
 0.62976 -33.3599 0.642331
0.630193 -33.3223 0.642764
0.630627 -33.2849 0.643198
 0.63106 -33.2475 0.643631
0.631494 -33.2102 0.643631
0.631927 -33.1729 0.644065
0.632361 -33.1356 0.644498
0.632794 -33.0985 0.644932
0.633228 -33.0614 0.645365
0.633661 -33.0244 0.645799
0.634095 -32.9874 0.646232
0.634528 -32.9505 0.646232
0.634962 -32.9136 0.646666
0.635395 -32.8768 0.647099
0.635829 -32.8401 0.647533
0.636262 -32.8034 0.647966
0.636696 -32.7668 0.648399
0.637129 -32.7302 0.648833
0.637563 -32.6937 0.649266
0.637996 -32.6573 0.649266
0.638429 -32.6209   0.6497
0.638863 -32.5846 0.650133
0.639296 -32.5483 0.650567
 0.63973 -32.5121    0.651
0.640163 -32.4759 0.651434
0.640597 -32.4399 0.651867
 0.64103 -32.4038 0.652301
0.641464 -32.3679 0.652301
0.641897 -32.3319 0.652734
0.642331 -32.2961 0.653168
0.642764 -32.2603 0.653601
0.643198 -32.2245 0.654035
0.643631 -32.1888 0.654468
0.644065 -32.1532 0.654902
0.644498 -32.1176 0.654902
0.644932 -32.0821 0.655335
0.645365 -32.0466 0.655769
0.645799 -32.0112 0.656202
0.646232 -31.9759 0.656636
0.646666 -31.9406 0.657069
0.647099 -31.9054 0.657503
0.647533 -31.8702 0.657936
0.647966 -31.8351 0.657936
0.648399    -31.8 0.658369
0.648833  -31.765 0.658803
0.649266   -31.73 0.659236
  0.6497 -31.6951  0.65967
0.650133 -31.6603 0.660103
0.650567 -31.6255 0.660537
   0.651 -31.5907  0.66097
0.651434 -31.5561  0.66097
0.651867 -31.5214 0.661404
0.652301 -31.4868 0.661837
0.652734 -31.4523 0.662271
0.653168 -31.4178 0.662704
0.653601 -31.3834 0.663138
0.654035 -31.3491 0.663571
0.654468 -31.3148 0.663571
0.654902 -31.2805 0.664005
0.655335 -31.2463 0.664438
0.655769 -31.2122 0.664872
0.656202 -31.1781 0.665305
0.656636 -31.1441 0.665739
0.657069 -31.1101 0.666172
0.657503 -31.0762 0.666606
0.657936 -31.0423 0.666606
0.658369 -31.0084 0.667039
0.658803 -30.9747 0.667472
0.659236 -30.9409 0.667906
 0.65967 -30.9073 0.668339
0.660103 -30.8737 0.668773
0.660537 -30.8401 0.669206
 0.66097 -30.8066  0.66964
0.661404 -30.7731  0.66964
0.661837 -30.7397 0.670073
0.662271 -30.7064 0.670507
0.662704 -30.6731  0.67094
0.663138 -30.6398 0.671374
0.663571 -30.6066 0.671807
0.664005 -30.5735 0.672241
0.664438 -30.5404 0.672674
0.664872 -30.5073 0.672674
0.665305 -30.4743 0.673108
0.665739 -30.4414 0.673541
0.666172 -30.4085 0.673975
0.666606 -30.3756 0.674408
0.667039 -30.3429 0.674842
0.667472 -30.3101 0.675275
0.667906 -30.2774 0.675275
0.668339 -30.2448 0.675709
0.668773 -30.2122 0.676142
0.669206 -30.1796 0.676576
 0.66964 -30.1472 0.677009
0.670073 -30.1147 0.677442
0.670507 -30.0823 0.677876
 0.67094   -30.05 0.678309
0.671374 -30.0177 0.678309
0.671807 -29.9854 0.678743
0.672241 -29.9532 0.679176
0.672674 -29.9211  0.67961
0.673108  -29.889 0.680043
0.673541  -29.857 0.680477
0.673975  -29.825  0.68091
0.674408  -29.793 0.681344
0.674842 -29.7611 0.681344
0.675275 -29.7293 0.681777
0.675709 -29.6974 0.682211
0.676142 -29.6657 0.682644
0.676576  -29.634 0.683078
0.677009 -29.6023 0.683511
0.677442 -29.5707 0.683945
0.677876 -29.5392 0.684378
0.678309 -29.5076 0.684378
0.678743 -29.4762 0.684812
0.679176 -29.4447 0.685245
 0.67961 -29.4134 0.685679
0.680043  -29.382 0.686112
0.680477 -29.3508 0.686546
 0.68091 -29.3195 0.686979
0.681344 -29.2884 0.687412
0.681777 -29.2572 0.687412
0.682211 -29.2261 0.687846
0.682644 -29.1951 0.688279
0.683078 -29.1641 0.688713
0.683511 -29.1331 0.689146
0.683945 -29.1022  0.68958
0.684378 -29.0714 0.690013
0.684812 -29.0406 0.690013
0.685245 -29.0098 0.690447
0.685679 -28.9791  0.69088
0.686112 -28.9484 0.691314
0.686546 -28.9178 0.691747
0.686979 -28.8872 0.692181
0.687412 -28.8566 0.692614
0.687846 -28.8262 0.693048
0.688279 -28.7957 0.693048
0.688713 -28.7653 0.693481
0.689146 -28.7349 0.693915
 0.68958 -28.7046 0.694348
0.690013 -28.6744 0.694782
0.690447 -28.6442 0.695215
 0.69088  -28.614 0.695649
0.691314 -28.5839 0.696082
0.691747 -28.5538 0.696082
0.692181 -28.5237 0.696516
0.692614 -28.4937 0.696949
0.693048 -28.4638 0.697382
0.693481 -28.4339 0.697816
0.693915  -28.404 0.698249
0.694348 -28.3742 0.698683
0.694782 -28.3444 0.699116
0.695215 -28.3147 0.699116
0.695649  -28.285  0.69955
0.696082 -28.2554 0.699983
0.696516 -28.2258 0.700417
0.696949 -28.1962  0.70085
0.697382 -28.1667 0.701284
0.697816 -28.1372 0.701717
0.698249 -28.1078 0.702151
0.698683 -28.0784 0.702151
0.699116 -28.0491 0.702584
 0.69955 -28.0198 0.703018
0.699983 -27.9906 0.703451
0.700417 -27.9614 0.703885
 0.70085 -27.9322 0.704318
0.701284 -27.9031 0.704752
0.701717  -27.874 0.704752
0.702151  -27.845 0.705185
0.702584  -27.816 0.705619
0.703018  -27.787 0.706052
0.703451 -27.7581 0.706485
0.703885 -27.7292 0.706919
0.704318 -27.7004 0.707352
0.704752 -27.6716 0.707786
0.705185 -27.6429 0.707786
0.705619 -27.6142 0.708219
0.706052 -27.5855 0.708653
0.706485 -27.5569 0.709086
0.706919 -27.5283  0.70952
0.707352 -27.4998 0.709953
0.707786 -27.4713 0.710387
0.708219 -27.4429  0.71082
0.708653 -27.4145  0.71082
0.709086 -27.3861 0.711254
 0.70952 -27.3578 0.711687
0.709953 -27.3295 0.712121
0.710387 -27.3013 0.712554
 0.71082 -27.2731 0.712988
0.711254 -27.2449 0.713421
0.711687 -27.2168 0.713855
0.712121 -27.1887 0.713855
0.712554 -27.1607 0.714288
0.712988 -27.1327 0.714722
0.713421 -27.1047 0.715155
0.713855 -27.0768 0.715589
0.714288 -27.0489 0.716022
0.714722 -27.0211 0.716455
0.715155 -26.9933 0.716889
0.715589 -26.9655 0.716889
0.716022 -26.9378 0.717322
0.716455 -26.9101 0.717756
0.716889 -26.8825 0.718189
0.717322 -26.8549 0.718623
0.717756 -26.8274 0.719056
0.718189 -26.7999  0.71949
0.718623 -26.7724  0.71949
0.719056 -26.7449 0.719923
 0.71949 -26.7175 0.720357
0.719923 -26.6902  0.72079
0.720357 -26.6629 0.721224
 0.72079 -26.6356 0.721657
0.721224 -26.6083 0.722091
0.721657 -26.5812 0.722524
0.722091  -26.554 0.722524
0.722524 -26.5269 0.722958
0.722958 -26.4998 0.723391
0.723391 -26.4727 0.723825
0.723825 -26.4457 0.724258
0.724258 -26.4187 0.724692
0.724692 -26.3918 0.725125
0.725125 -26.3649 0.725559
0.725559 -26.3381 0.725559
0.725992 -26.3113 0.725992
0.726425 -26.2845 0.726425
0.726859 -26.2577 0.726859
0.727292  -26.231 0.727292
0.727726 -26.2044 0.727726
0.728159 -26.1778 0.728159
0.728593 -26.1512 0.728593
0.729026 -26.1246 0.728593
 0.72946 -26.0981 0.729026
0.729893 -26.0716  0.72946
0.730327 -26.0452 0.729893
 0.73076 -26.0188 0.730327
0.731194 -25.9925  0.73076
0.731627 -25.9661 0.731194
0.732061 -25.9399 0.731194
0.732494 -25.9136 0.731627
0.732928 -25.8874 0.732061
0.733361 -25.8612 0.732494
0.733795 -25.8351 0.732928
0.734228  -25.809 0.733361
0.734662 -25.7829 0.733795
0.735095 -25.7569 0.734228
0.735529 -25.7309 0.734228
0.735962 -25.7049 0.734662
0.736395  -25.679 0.735095
0.736829 -25.6531 0.735529
0.737262 -25.6273 0.735962
0.737696 -25.6015 0.736395
0.738129 -25.5757 0.736829
0.738563   -25.55 0.737262
0.738996 -25.5243 0.737262
 0.73943 -25.4986 0.737696
0.739863  -25.473 0.738129
0.740297 -25.4474 0.738563
 0.74073 -25.4219 0.738996
0.741164 -25.3963  0.73943
0.741597 -25.3709 0.739863
0.742031 -25.3454 0.739863
0.742464   -25.32 0.740297
0.742898 -25.2946  0.74073
0.743331 -25.2693 0.741164
0.743765  -25.244 0.741597
0.744198 -25.2187 0.742031
0.744632 -25.1935 0.742464
0.745065 -25.1683 0.742898
0.745498 -25.1431 0.742898
0.745932  -25.118 0.743331
0.746365 -25.0929 0.743765
0.746799 -25.0678 0.744198
0.747232 -25.0428 0.744632
0.747666 -25.0178 0.745065
0.748099 -24.9929 0.745498
0.748533  -24.968 0.745932
0.748966 -24.9431 0.745932
  0.7494 -24.9182 0.746365
0.749833 -24.8934 0.746799
0.750267 -24.8686 0.747232
  0.7507 -24.8439 0.747666
0.751134 -24.8192 0.748099
0.751567 -24.7945 0.748533
0.752001 -24.7699 0.748966
0.752434 -24.7452 0.748966
0.752868 -24.7207   0.7494
0.753301 -24.6961 0.749833
0.753735 -24.6716 0.750267
0.754168 -24.6471   0.7507
0.754602 -24.6227 0.751134
0.755035 -24.5983 0.751567
0.755468 -24.5739 0.751567
0.755902 -24.5496 0.752001
0.756335 -24.5253 0.752434
0.756769  -24.501 0.752868
0.757202 -24.4768 0.753301
0.757636 -24.4526 0.753735
0.758069 -24.4284 0.754168
0.758503 -24.4043 0.754602
0.758936 -24.3802 0.754602
 0.75937 -24.3561 0.755035
0.759803 -24.3321 0.755468
0.760237 -24.3081 0.755902
 0.76067 -24.2841 0.756335
0.761104 -24.2602 0.756769
0.761537 -24.2363 0.757202
0.761971 -24.2124 0.757202
0.762404 -24.1885 0.757636
0.762838 -24.1647 0.758069
0.763271 -24.1409 0.758503
0.763705 -24.1172 0.758936
0.764138 -24.0935  0.75937
0.764572 -24.0698 0.759803
0.765005 -24.0462 0.760237
0.765438 -24.0226 0.760237
0.765872  -23.999  0.76067
0.766305 -23.9754 0.761104
0.766739 -23.9519 0.761537
0.767172 -23.9284 0.761971
0.767606  -23.905 0.762404
0.768039 -23.8816 0.762838
0.768473 -23.8582 0.763271
0.768906 -23.8348 0.763271
 0.76934 -23.8115 0.763705
0.769773 -23.7882 0.764138
0.770207 -23.7649 0.764572
 0.77064 -23.7417 0.765005
0.771074 -23.7185 0.765438
0.771507 -23.6954 0.765872
0.771941 -23.6722 0.766305
0.772374 -23.6491 0.766305
0.772808 -23.6261 0.766739
0.773241  -23.603 0.767172
0.773675   -23.58 0.767606
0.774108  -23.557 0.768039
0.774542 -23.5341 0.768473
0.774975 -23.5112 0.768906
0.775408 -23.4883 0.768906
0.775842 -23.4654  0.76934
0.776275 -23.4426 0.769773
0.776709 -23.4198 0.770207
0.777142 -23.3971  0.77064
0.777576 -23.3743 0.771074
0.778009 -23.3516 0.771507
0.778443  -23.329 0.771941
0.778876 -23.3063 0.771941
 0.77931 -23.2837 0.772374
0.779743 -23.2611 0.772808
0.780177 -23.2386 0.773241
 0.78061 -23.2161 0.773675
0.781044 -23.1936 0.774108
0.781477 -23.1711 0.774542
0.781911 -23.1487 0.774542
0.782344 -23.1263 0.774975
0.782778  -23.104 0.775408
0.783211 -23.0816 0.775842
0.783645 -23.0593 0.776275
0.784078  -23.037 0.776709
0.784512 -23.0148 0.777142
0.784945 -22.9926 0.777576
0.785378 -22.9704 0.777576
0.785812 -22.9482 0.778009
0.786245 -22.9261 0.778443
0.786679  -22.904 0.778876
0.787112 -22.8819  0.77931
0.787546 -22.8599 0.779743
0.787979 -22.8379 0.780177
0.788413 -22.8159 0.780177
0.788846  -22.794  0.78061
 0.78928 -22.7721 0.781044
0.789713 -22.7502 0.781477
0.790147 -22.7283 0.781911
 0.79058 -22.7065 0.782344
0.791014 -22.6847 0.782778
0.791447 -22.6629 0.783211
0.791881 -22.6412 0.783211
0.792314 -22.6194 0.783645
0.792748 -22.5977 0.784078
0.793181 -22.5761 0.784512
0.793615 -22.5545 0.784945
0.794048 -22.5329 0.785378
0.794481 -22.5113 0.785812
0.794915 -22.4898 0.786245
0.795348 -22.4682 0.786245
0.795782 -22.4468 0.786679
0.796215 -22.4253 0.787112
0.796649 -22.4039 0.787546
0.797082 -22.3825 0.787979
0.797516 -22.3611 0.788413
0.797949 -22.3398 0.788846
0.798383 -22.3184 0.788846
0.798816 -22.2971  0.78928
 0.79925 -22.2759 0.789713
0.799683 -22.2547 0.790147
0.800117 -22.2335  0.79058
 0.80055 -22.2123 0.791014
0.800984 -22.1911 0.791447
0.801417   -22.17 0.791881
0.801851 -22.1489 0.791881
0.802284 -22.1279 0.792314
0.802718 -22.1068 0.792748
0.803151 -22.0858 0.793181
0.803585 -22.0648 0.793615
0.804018 -22.0439 0.794048
0.804451  -22.023 0.794481
0.804885 -22.0021 0.794481
0.805318 -21.9812 0.794915
0.805752 -21.9604 0.795348
0.806185 -21.9395 0.795782
0.806619 -21.9187 0.796215
0.807052  -21.898 0.796649
0.807486 -21.8773 0.797082
0.807919 -21.8566 0.797516
0.808353 -21.8359 0.797516
0.808786 -21.8152 0.797949
 0.80922 -21.7946 0.798383
0.809653  -21.774 0.798816
0.810087 -21.7534  0.79925
 0.81052 -21.7329 0.799683
0.810954 -21.7124 0.800117
0.811387 -21.6919 0.800117
0.811821 -21.6714  0.80055
0.812254  -21.651 0.800984
0.812688 -21.6306 0.801417
0.813121 -21.6102 0.801851
0.813555 -21.5898 0.802284
0.813988 -21.5695 0.802718
0.814421 -21.5492 0.803151
0.814855 -21.5289 0.803151
0.815288 -21.5087 0.803585
0.815722 -21.4884 0.804018
0.816155 -21.4682 0.804451
0.816589 -21.4481 0.804885
0.817022 -21.4279 0.805318
0.817456 -21.4078 0.805752
0.817889 -21.3877 0.805752
0.818323 -21.3677 0.806185
0.818756 -21.3476 0.806619
 0.81919 -21.3276 0.807052
0.819623 -21.3076 0.807486
0.820057 -21.2877 0.807919
 0.82049 -21.2677 0.808353
0.820924 -21.2478 0.808786
0.821357 -21.2279 0.808786
0.821791 -21.2081  0.80922
0.822224 -21.1882 0.809653
0.822658 -21.1684 0.810087
0.823091 -21.1486  0.81052
0.823525 -21.1289 0.810954
0.823958 -21.1092 0.811387
0.824391 -21.0895 0.811387
0.824825 -21.0698 0.811821
0.825258 -21.0501 0.812254
0.825692 -21.0305 0.812688
0.826125 -21.0109 0.813121
0.826559 -20.9913 0.813555
0.826992 -20.9717 0.813988
0.827426 -20.9522 0.814421
0.827859 -20.9327 0.814421
0.828293 -20.9132 0.814855
0.828726 -20.8938 0.815288
 0.82916 -20.8744 0.815722
0.829593  -20.855 0.816155
0.830027 -20.8356 0.816589
 0.83046 -20.8162 0.817022
0.830894 -20.7969 0.817022
0.831327 -20.7776 0.817456
0.831761 -20.7583 0.817889
0.832194 -20.7391 0.818323
0.832628 -20.7198 0.818756
0.833061 -20.7006  0.81919
0.833494 -20.6814 0.819623
0.833928 -20.6623 0.820057
0.834361 -20.6432 0.820057
0.834795 -20.6241  0.82049
0.835228  -20.605 0.820924
0.835662 -20.5859 0.821357
0.836095 -20.5669 0.821791
0.836529 -20.5479 0.822224
0.836962 -20.5289 0.822658
0.837396 -20.5099 0.822658
0.837829  -20.491 0.823091
0.838263 -20.4721 0.823525
0.838696 -20.4532 0.823958
 0.83913 -20.4343 0.824391
0.839563 -20.4155 0.824825
0.839997 -20.3967 0.825258
 0.84043 -20.3779 0.825692
0.840864 -20.3591 0.825692
0.841297 -20.3404 0.826125
0.841731 -20.3217 0.826559
0.842164  -20.303 0.826992
0.842598 -20.2843 0.827426
0.843031 -20.2656 0.827859
0.843464  -20.247 0.828293
0.843898 -20.2284 0.828293
0.844331 -20.2098 0.828726
0.844765 -20.1913  0.82916
0.845198 -20.1727 0.829593
0.845632 -20.1542 0.830027
0.846065 -20.1358  0.83046
0.846499 -20.1173 0.830894
0.846932 -20.0989 0.831327
0.847366 -20.0805 0.831327
0.847799 -20.0621 0.831761
0.848233 -20.0437 0.832194
0.848666 -20.0253 0.832628
  0.8491  -20.007 0.833061
0.849533 -19.9887 0.833494
0.849967 -19.9705 0.833928
  0.8504 -19.9522 0.833928
0.850834  -19.934 0.834361
0.851267 -19.9158 0.834795
0.851701 -19.8976 0.835228
0.852134 -19.8794 0.835662
0.852568 -19.8613 0.836095
0.853001 -19.8432 0.836529
0.853434 -19.8251 0.836962
0.853868  -19.807 0.836962
0.854301  -19.789 0.837396
0.854735 -19.7709 0.837829
0.855168 -19.7529 0.838263
0.855602  -19.735 0.838696
0.856035  -19.717  0.83913
0.856469 -19.6991 0.839563
0.856902 -19.6812 0.839563
0.857336 -19.6633 0.839997
0.857769 -19.6454  0.84043
0.858203 -19.6276 0.840864
0.858636 -19.6098 0.841297
 0.85907  -19.592 0.841731
0.859503 -19.5742 0.842164
0.859937 -19.5564 0.842164
 0.86037 -19.5387 0.842598
0.860804  -19.521 0.843031
0.861237 -19.5033 0.843464
0.861671 -19.4856 0.843898
0.862104  -19.468 0.844331
0.862538 -19.4504 0.844765
0.862971 -19.4328 0.845198
0.863404 -19.4152 0.845198
0.863838 -19.3977 0.845632
0.864271 -19.3801 0.846065
0.864705 -19.3626 0.846499
0.865138 -19.3451 0.846932
0.865572 -19.3277 0.847366
0.866005 -19.3102 0.847799
0.866439 -19.2928 0.847799
0.866872 -19.2754 0.848233
0.867306  -19.258 0.848666
0.867739 -19.2406   0.8491
0.868173 -19.2233 0.849533
0.868606  -19.206 0.849967
 0.86904 -19.1887   0.8504
0.869473 -19.1714 0.850834
0.869907 -19.1542 0.850834
 0.87034 -19.1369 0.851267
0.870774 -19.1197 0.851701
0.871207 -19.1026 0.852134
0.871641 -19.0854 0.852568
0.872074 -19.0682 0.853001
0.872508 -19.0511 0.853434
0.872941  -19.034 0.853434
0.873374 -19.0169 0.853868
0.873808 -18.9999 0.854301
0.874241 -18.9828 0.854735
0.874675 -18.9658 0.855168
0.875108 -18.9488 0.855602
0.875542 -18.9319 0.856035
0.875975 -18.9149 0.856035
0.876409  -18.898 0.856469
0.876842  -18.881 0.856902
0.877276 -18.8642 0.857336
0.877709 -18.8473 0.857769
0.878143 -18.8304 0.858203
0.878576 -18.8136 0.858636
 0.87901 -18.7968  0.85907
0.879443   -18.78  0.85907
0.879877 -18.7632 0.859503
 0.88031 -18.7465 0.859937
0.880744 -18.7298  0.86037
0.881177 -18.7131 0.860804
0.881611 -18.6964 0.861237
0.882044 -18.6797 0.861671
0.882477 -18.6631 0.861671
0.882911 -18.6464 0.862104
0.883344 -18.6298 0.862538
0.883778 -18.6133 0.862971
0.884211 -18.5967 0.863404
0.884645 -18.5802 0.863838
0.885078 -18.5636 0.864271
0.885512 -18.5471 0.864271
0.885945 -18.5306 0.864705
0.886379 -18.5142 0.865138
0.886812 -18.4977 0.865572
0.887246 -18.4813 0.866005
0.887679 -18.4649 0.866439
0.888113 -18.4485 0.866872
0.888546 -18.4322 0.867306
 0.88898 -18.4158 0.867306
0.889413 -18.3995 0.867739
0.889847 -18.3832 0.868173
 0.89028 -18.3669 0.868606
0.890714 -18.3507  0.86904
0.891147 -18.3344 0.869473
0.891581 -18.3182 0.869907
0.892014  -18.302 0.869907
0.892447 -18.2858  0.87034
0.892881 -18.2697 0.870774
0.893314 -18.2535 0.871207
0.893748 -18.2374 0.871641
0.894181 -18.2213 0.872074
0.894615 -18.2052 0.872508
0.895048 -18.1891 0.872508
0.895482 -18.1731 0.872941
0.895915 -18.1571 0.873374
0.896349 -18.1411 0.873808
0.896782 -18.1251 0.874241
0.897216 -18.1091 0.874675
0.897649 -18.0932 0.875108
0.898083 -18.0772 0.875542
0.898516 -18.0613 0.875542
 0.89895 -18.0454 0.875975
0.899383 -18.0296 0.876409
0.899817 -18.0137 0.876842
 0.90025 -17.9979 0.877276
0.900684 -17.9821 0.877709
0.901117 -17.9663 0.878143
0.901551 -17.9505 0.878143
0.901984 -17.9347 0.878576
0.902417  -17.919  0.87901
0.902851 -17.9033 0.879443
0.903284 -17.8876 0.879877
0.903718 -17.8719  0.88031
0.904151 -17.8562 0.880744
0.904585 -17.8406 0.880744
0.905018  -17.825 0.881177
0.905452 -17.8094 0.881611
0.905885 -17.7938 0.882044
0.906319 -17.7782 0.882477
0.906752 -17.7627 0.882911
0.907186 -17.7471 0.883344
0.907619 -17.7316 0.883778
0.908053 -17.7161 0.883778
0.908486 -17.7006 0.884211
 0.90892 -17.6852 0.884645
0.909353 -17.6698 0.885078
0.909787 -17.6543 0.885512
 0.91022 -17.6389 0.885945
0.910654 -17.6236 0.886379
0.911087 -17.6082 0.886379
0.911521 -17.5928 0.886812
0.911954 -17.5775 0.887246
0.912387 -17.5622 0.887679
0.912821 -17.5469 0.888113
0.913254 -17.5317 0.888546
0.913688 -17.5164  0.88898
0.914121 -17.5012  0.88898
0.914555 -17.4859 0.889413
0.914988 -17.4707 0.889847
0.915422 -17.4556  0.89028
0.915855 -17.4404 0.890714
0.916289 -17.4253 0.891147
0.916722 -17.4101 0.891581
0.917156  -17.395 0.891581
0.917589 -17.3799 0.892014
0.918023 -17.3649 0.892447
0.918456 -17.3498 0.892881
 0.91889 -17.3348 0.893314
0.919323 -17.3198 0.893748
0.919757 -17.3048 0.894181
 0.92019 -17.2898 0.894615
0.920624 -17.2748 0.894615
0.921057 -17.2599 0.895048
 0.92149 -17.2449 0.895482
0.921924   -17.23 0.895915
0.922357 -17.2151 0.896349
0.922791 -17.2003 0.896782
0.923224 -17.1854 0.897216
0.923658 -17.1706 0.897216
0.924091 -17.1557 0.897649
0.924525 -17.1409 0.898083
0.924958 -17.1261 0.898516
0.925392 -17.1114  0.89895
0.925825 -17.0966 0.899383
0.926259 -17.0819 0.899817
0.926692 -17.0672 0.899817
0.927126 -17.0525  0.90025
0.927559 -17.0378 0.900684
0.927993 -17.0231 0.901117
0.928426 -17.0085 0.901551
 0.92886 -16.9938 0.901984
0.929293 -16.9792 0.902417
0.929727 -16.9646 0.902851
 0.93016   -16.95 0.902851
0.930594 -16.9355 0.903284
0.931027 -16.9209 0.903718
 0.93146 -16.9064 0.904151
0.931894 -16.8919 0.904585
0.932327 -16.8774 0.905018
0.932761 -16.8629 0.905452
0.933194 -16.8485 0.905452
0.933628  -16.834 0.905885
0.934061 -16.8196 0.906319
0.934495 -16.8052 0.906752
0.934928 -16.7908 0.907186
0.935362 -16.7764 0.907619
0.935795 -16.7621 0.908053
0.936229 -16.7477 0.908053
0.936662 -16.7334 0.908486
0.937096 -16.7191  0.90892
0.937529 -16.7048 0.909353
0.937963 -16.6905 0.909787
0.938396 -16.6763  0.91022
 0.93883  -16.662 0.910654
0.939263 -16.6478 0.910654
0.939697 -16.6336 0.911087
 0.94013 -16.6194 0.911521
0.940564 -16.6052 0.911954
0.940997 -16.5911 0.912387
 0.94143 -16.5769 0.912821
0.941864 -16.5628 0.913254
0.942297 -16.5487 0.913688
0.942731 -16.5346 0.913688
0.943164 -16.5205 0.914121
0.943598 -16.5065 0.914555
0.944031 -16.4924 0.914988
0.944465 -16.4784 0.915422
0.944898 -16.4644 0.915855
0.945332 -16.4504 0.916289
0.945765 -16.4364 0.916289
0.946199 -16.4225 0.916722
0.946632 -16.4085 0.917156
0.947066 -16.3946 0.917589
0.947499 -16.3807 0.918023
0.947933 -16.3668 0.918456
0.948366 -16.3529  0.91889
  0.9488  -16.339  0.91889
0.949233 -16.3252 0.919323
0.949667 -16.3114 0.919757
  0.9501 -16.2975  0.92019
0.950534 -16.2837 0.920624
0.950967   -16.27 0.921057
  0.9514 -16.2562  0.92149
0.951834 -16.2424  0.92149
0.952267 -16.2287 0.921924
0.952701  -16.215 0.922357
0.953134 -16.2013 0.922791
0.953568 -16.1876 0.923224
0.954001 -16.1739 0.923658
0.954435 -16.1603 0.924091
0.954868 -16.1466 0.924091
0.955302  -16.133 0.924525
0.955735 -16.1194 0.924958
0.956169 -16.1058 0.925392
0.956602 -16.0922 0.925825
0.957036 -16.0787 0.926259
0.957469 -16.0651 0.926692
0.957903 -16.0516 0.927126
0.958336 -16.0381 0.927126
 0.95877 -16.0246 0.927559
0.959203 -16.0111 0.927993
0.959637 -15.9976 0.928426
 0.96007 -15.9842  0.92886
0.960504 -15.9707 0.929293
0.960937 -15.9573 0.929727
 0.96137 -15.9439 0.929727
0.961804 -15.9305  0.93016
0.962237 -15.9171 0.930594
0.962671 -15.9038 0.931027
0.963104 -15.8904  0.93146
0.963538 -15.8771 0.931894
0.963971 -15.8638 0.932327
0.964405 -15.8505 0.932327
0.964838 -15.8372 0.932761
0.965272 -15.8239 0.933194
0.965705 -15.8107 0.933628
0.966139 -15.7975 0.934061
0.966572 -15.7842 0.934495
0.967006  -15.771 0.934928
0.967439 -15.7578 0.934928
0.967873 -15.7447 0.935362
0.968306 -15.7315 0.935795
 0.96874 -15.7183 0.936229
0.969173 -15.7052 0.936662
0.969607 -15.6921 0.937096
 0.97004  -15.679 0.937529
0.970473 -15.6659 0.937529
0.970907 -15.6528 0.937963
 0.97134 -15.6398 0.938396
0.971774 -15.6267  0.93883
0.972207 -15.6137 0.939263
0.972641 -15.6007 0.939697
0.973074 -15.5877  0.94013
0.973508 -15.5747 0.940564
0.973941 -15.5617 0.940564
0.974375 -15.5488 0.940997
0.974808 -15.5359  0.94143
0.975242 -15.5229 0.941864
0.975675   -15.51 0.942297
0.976109 -15.4971 0.942731
0.976542 -15.4843 0.943164
0.976976 -15.4714 0.943164
0.977409 -15.4585 0.943598
0.977843 -15.4457 0.944031
0.978276 -15.4329 0.944465
 0.97871 -15.4201 0.944898
0.979143 -15.4073 0.945332
0.979577 -15.3945 0.945765
 0.98001 -15.3817 0.945765
0.980443  -15.369 0.946199
0.980877 -15.3563 0.946632
 0.98131 -15.3435 0.947066
0.981744 -15.3308 0.947499
0.982177 -15.3181 0.947933
0.982611 -15.3055 0.948366
0.983044 -15.2928 0.948366
0.983478 -15.2802   0.9488
0.983911 -15.2675 0.949233
0.984345 -15.2549 0.949667
0.984778 -15.2423   0.9501
0.985212 -15.2297 0.950534
0.985645 -15.2171 0.950967
0.986079 -15.2046 0.950967
0.986512  -15.192   0.9514
0.986946 -15.1795 0.951834
0.987379  -15.167 0.952267
0.987813 -15.1545 0.952701
0.988246  -15.142 0.953134
 0.98868 -15.1295 0.953568
0.989113  -15.117 0.953568
0.989547 -15.1046 0.954001
 0.98998 -15.0921 0.954435
0.990413 -15.0797 0.954868
0.990847 -15.0673 0.955302
 0.99128 -15.0549 0.955735
0.991714 -15.0425 0.956169
0.992147 -15.0302 0.956602
0.992581 -15.0178 0.956602
0.993014 -15.0055 0.957036
0.993448 -14.9932 0.957469
0.993881 -14.9809 0.957903
0.994315 -14.9686 0.958336
0.994748 -14.9563  0.95877
0.995182  -14.944 0.959203
0.995615 -14.9318 0.959203
0.996049 -14.9195 0.959637
0.996482 -14.9073  0.96007
0.996916 -14.8951 0.960504
0.997349 -14.8829 0.960937
0.997783 -14.8707  0.96137
0.998216 -14.8585 0.961804
 0.99865 -14.8464 0.961804
0.999083 -14.8342 0.962237
0.999517 -14.8221 0.962671
 0.99995   -14.81 0.963104
 1.00038 -14.7978 0.963538
 1.00082 -14.7858 0.963971
 1.00125 -14.7737 0.964405
 1.00168 -14.7616 0.964405
 1.00212 -14.7496 0.964838
 1.00255 -14.7375 0.965272
 1.00298 -14.7255 0.965705
 1.00342 -14.7135 0.966139
 1.00385 -14.7015 0.966572
 1.00428 -14.6895 0.967006
 1.00472 -14.6775 0.967006
 1.00515 -14.6656 0.967439
 1.00559 -14.6536 0.967873
 1.00602 -14.6417 0.968306
 1.00645 -14.6298  0.96874
 1.00689 -14.6179 0.969173
 1.00732  -14.606 0.969607
 1.00775 -14.5941 0.969607
 1.00819 -14.5822  0.97004
 1.00862 -14.5704 0.970473
 1.00905 -14.5586 0.970907
 1.00949 -14.5467  0.97134
 1.00992 -14.5349 0.971774
 1.01035 -14.5231 0.972207
 1.01079 -14.5113 0.972207
 1.01122 -14.4996 0.972641
 1.01165 -14.4878 0.973074
 1.01209 -14.4761 0.973508
 1.01252 -14.4643 0.973941
 1.01295 -14.4526 0.974375
 1.01339 -14.4409 0.974808
 1.01382 -14.4292 0.974808
 1.01425 -14.4175 0.975242
 1.01469 -14.4058 0.975675
 1.01512 -14.3942 0.976109
 1.01556 -14.3825 0.976542
 1.01599 -14.3709 0.976976
 1.01642 -14.3593 0.977409
 1.01686 -14.3477 0.977843
 1.01729 -14.3361 0.977843
 1.01772 -14.3245 0.978276
 1.01816  -14.313  0.97871
 1.01859 -14.3014 0.979143
 1.01902 -14.2899 0.979577
 1.01946 -14.2783  0.98001
 1.01989 -14.2668 0.980443
 1.02032 -14.2553 0.980443
 1.02076 -14.2438 0.980877
 1.02119 -14.2323  0.98131
 1.02162 -14.2209 0.981744
 1.02206 -14.2094 0.982177
 1.02249  -14.198 0.982611
 1.02292 -14.1866 0.983044
 1.02336 -14.1752 0.983044
 1.02379 -14.1637 0.983478
 1.02422 -14.1524 0.983911
 1.02466  -14.141 0.984345
 1.02509 -14.1296 0.984778
 1.02553 -14.1183 0.985212
 1.02596 -14.1069 0.985645
 1.02639 -14.0956 0.985645
 1.02683 -14.0843 0.986079
 1.02726  -14.073 0.986512
 1.02769 -14.0617 0.986946
 1.02813 -14.0504 0.987379
 1.02856 -14.0391 0.987813
 1.02899 -14.0279 0.988246
 1.02943 -14.0167 0.988246
 1.02986 -14.0054  0.98868
 1.03029 -13.9942 0.989113
 1.03073  -13.983 0.989547
 1.03116 -13.9718  0.98998
 1.03159 -13.9606 0.990413
 1.03203 -13.9495 0.990847
 1.03246 -13.9383 0.990847
 1.03289 -13.9272  0.99128
 1.03333  -13.916 0.991714
 1.03376 -13.9049 0.992147
 1.03419 -13.8938 0.992581
 1.03463 -13.8827 0.993014
 1.03506 -13.8716 0.993448
  1.0355 -13.8606 0.993448
 1.03593 -13.8495 0.993881
 1.03636 -13.8385 0.994315
  1.0368 -13.8274 0.994748
 1.03723 -13.8164 0.995182
 1.03766 -13.8054 0.995615
  1.0381 -13.7944 0.996049
 1.03853 -13.7834 0.996049
 1.03896 -13.7724 0.996482
  1.0394 -13.7615 0.996916
 1.03983 -13.7505 0.997349
 1.04026 -13.7396 0.997783
  1.0407 -13.7286 0.998216
 1.04113 -13.7177  0.99865
 1.04156 -13.7068  0.99865
   1.042 -13.6959 0.999083
 1.04243 -13.6851 0.999517
 1.04286 -13.6742  0.99995
  1.0433 -13.6633  1.00038
 1.04373 -13.6525  1.00082
 1.04416 -13.6417  1.00125
  1.0446 -13.6308  1.00125
 1.04503   -13.62  1.00168
 1.04547 -13.6092  1.00212
  1.0459 -13.5984  1.00255
 1.04633 -13.5877  1.00298
 1.04677 -13.5769  1.00342
  1.0472 -13.5662  1.00385
 1.04763 -13.5554  1.00385
 1.04807 -13.5447  1.00428
  1.0485  -13.534  1.00472
 1.04893 -13.5233  1.00515
 1.04937 -13.5126  1.00559
  1.0498 -13.5019  1.00602
 1.05023 -13.4912  1.00645
 1.05067 -13.4806  1.00645
  1.0511 -13.4699  1.00689
 1.05153 -13.4593  1.00732
 1.05197 -13.4486  1.00775
  1.0524  -13.438  1.00819
 1.05283 -13.4274  1.00862
 1.05327 -13.4168  1.00905
  1.0537 -13.4063  1.00905
 1.05413 -13.3957  1.00949
 1.05457 -13.3851  1.00992
   1.055 -13.3746  1.01035
 1.05544 -13.3641  1.01079
 1.05587 -13.3535  1.01122
  1.0563  -13.343  1.01165
 1.05674 -13.3325  1.01165
 1.05717  -13.322  1.01209
  1.0576 -13.3116  1.01252
 1.05804 -13.3011  1.01295
 1.05847 -13.2906  1.01339
  1.0589 -13.2802  1.01382
 1.05934 -13.2698  1.01425
 1.05977 -13.2593  1.01425
  1.0602 -13.2489  1.01469
 1.06064 -13.2385  1.01512
 1.06107 -13.2281  1.01556
  1.0615 -13.2178  1.01599
 1.06194 -13.2074  1.01642
 1.06237  -13.197  1.01686
  1.0628 -13.1867  1.01686
 1.06324 -13.1764  1.01729
 1.06367 -13.1661  1.01772
  1.0641 -13.1557  1.01816
 1.06454 -13.1454  1.01859
 1.06497 -13.1351  1.01902
 1.06541 -13.1249  1.01946
 1.06584 -13.1146  1.01946
 1.06627 -13.1044  1.01989
 1.06671 -13.0941  1.02032
 1.06714 -13.0839  1.02076
 1.06757 -13.0736  1.02119
 1.06801 -13.0634  1.02162
 1.06844 -13.0532  1.02206
 1.06887  -13.043  1.02206
 1.06931 -13.0329  1.02249
 1.06974 -13.0227  1.02292
 1.07017 -13.0125  1.02336
 1.07061 -13.0024  1.02379
 1.07104 -12.9922  1.02422
 1.07147 -12.9821  1.02466
 1.07191  -12.972  1.02466
 1.07234 -12.9619  1.02509
 1.07277 -12.9518  1.02553
 1.07321 -12.9417  1.02596
 1.07364 -12.9317  1.02639
 1.07407 -12.9216  1.02683
 1.07451 -12.9115  1.02726
 1.07494 -12.9015  1.02769
 1.07538 -12.8915  1.02769
 1.07581 -12.8815  1.02813
 1.07624 -12.8714  1.02856
 1.07668 -12.8614  1.02899
 1.07711 -12.8515  1.02943
 1.07754 -12.8415  1.02986
 1.07798 -12.8315  1.03029
 1.07841 -12.8216  1.03029
 1.07884 -12.8116  1.03073
 1.07928 -12.8017  1.03116
 1.07971 -12.7918  1.03159
 1.08014 -12.7818  1.03203
 1.08058 -12.7719  1.03246
 1.08101  -12.762  1.03289
 1.08144 -12.7522  1.03289
 1.08188 -12.7423  1.03333
 1.08231 -12.7324  1.03376
 1.08274 -12.7226  1.03419
 1.08318 -12.7127  1.03463
 1.08361 -12.7029  1.03506
 1.08404 -12.6931   1.0355
 1.08448 -12.6833   1.0355
 1.08491 -12.6735  1.03593
 1.08535 -12.6637  1.03636
 1.08578 -12.6539   1.0368
 1.08621 -12.6441  1.03723
 1.08665 -12.6344  1.03766
 1.08708 -12.6246   1.0381
 1.08751 -12.6149   1.0381
 1.08795 -12.6052  1.03853
 1.08838 -12.5954  1.03896
 1.08881 -12.5857   1.0394
 1.08925  -12.576  1.03983
 1.08968 -12.5664  1.04026
 1.09011 -12.5567  1.04026
 1.09055  -12.547   1.0407
 1.09098 -12.5374  1.04113
 1.09141 -12.5277  1.04156
 1.09185 -12.5181    1.042
 1.09228 -12.5084  1.04243
 1.09271 -12.4988  1.04286
 1.09315 -12.4892   1.0433
 1.09358 -12.4796   1.0433
 1.09401   -12.47  1.04373
 1.09445 -12.4605  1.04416
 1.09488 -12.4509   1.0446
 1.09532 -12.4413  1.04503
 1.09575 -12.4318  1.04547
 1.09618 -12.4223   1.0459
 1.09662 -12.4127   1.0459
 1.09705 -12.4032  1.04633
 1.09748 -12.3937  1.04677
 1.09792 -12.3842   1.0472
 1.09835 -12.3747  1.04763
 1.09878 -12.3652  1.04807
 1.09922 -12.3558   1.0485
 1.09965 -12.3463   1.0485
 1.10008 -12.3369  1.04893
 1.10052 -12.3274  1.04937
 1.10095  -12.318   1.0498
 1.10138 -12.3086  1.05023
 1.10182 -12.2992  1.05067
 1.10225 -12.2898   1.0511
 1.10268 -12.2804   1.0511
 1.10312  -12.271  1.05153
 1.10355 -12.2616  1.05197
 1.10398 -12.2523   1.0524
 1.10442 -12.2429  1.05283
 1.10485 -12.2336  1.05327
 1.10529 -12.2243   1.0537
 1.10572 -12.2149   1.0537
 1.10615 -12.2056  1.05413
 1.10659 -12.1963  1.05457
 1.10702  -12.187    1.055
 1.10745 -12.1777  1.05544
 1.10789 -12.1685  1.05587
 1.10832 -12.1592   1.0563
 1.10875   -12.15   1.0563
 1.10919 -12.1407  1.05674
 1.10962 -12.1315  1.05717
 1.11005 -12.1222   1.0576
 1.11049  -12.113  1.05804
 1.11092 -12.1038  1.05847
 1.11135 -12.0946   1.0589
 1.11179 -12.0854   1.0589
 1.11222 -12.0763  1.05934
 1.11265 -12.0671  1.05977
 1.11309 -12.0579   1.0602
 1.11352 -12.0488  1.06064
 1.11395 -12.0397  1.06107
 1.11439 -12.0305   1.0615
 1.11482 -12.0214   1.0615
 1.11526 -12.0123  1.06194
 1.11569 -12.0032  1.06237
 1.11612 -11.9941   1.0628
 1.11656  -11.985  1.06324
 1.11699 -11.9759  1.06367
 1.11742 -11.9669   1.0641
 1.11786 -11.9578   1.0641
 1.11829 -11.9488  1.06454
 1.11872 -11.9397  1.06497
 1.11916 -11.9307  1.06541
 1.11959 -11.9217  1.06584
 1.12002 -11.9127  1.06627
 1.12046 -11.9037  1.06671
 1.12089 -11.8947  1.06671
 1.12132 -11.8857  1.06714
 1.12176 -11.8767  1.06757
 1.12219 -11.8678  1.06801
 1.12262 -11.8588  1.06844
 1.12306 -11.8499  1.06887
 1.12349 -11.8409  1.06887
 1.12392  -11.832  1.06931
 1.12436 -11.8231  1.06974
 1.12479 -11.8142  1.07017
 1.12523 -11.8053  1.07061
 1.12566 -11.7964  1.07104
 1.12609 -11.7875  1.07147
 1.12653 -11.7786  1.07147
 1.12696 -11.7698  1.07191
 1.12739 -11.7609  1.07234
 1.12783 -11.7521  1.07277
 1.12826 -11.7432  1.07321
 1.12869 -11.7344  1.07364
 1.12913 -11.7256  1.07407
 1.12956 -11.7168  1.07407
 1.12999  -11.708  1.07451
 1.13043 -11.6992  1.07494
 1.13086 -11.6904  1.07538
 1.13129 -11.6816  1.07581
 1.13173 -11.6729  1.07624
 1.13216 -11.6641  1.07668
 1.13259 -11.6554  1.07668
 1.13303 -11.6466  1.07711
 1.13346 -11.6379  1.07754
 1.13389 -11.6292  1.07798
 1.13433 -11.6205  1.07841
 1.13476 -11.6118  1.07884
  1.1352 -11.6031  1.07928
 1.13563 -11.5944  1.07928
 1.13606 -11.5857  1.07971
  1.1365 -11.5771  1.08014
 1.13693 -11.5684  1.08058
 1.13736 -11.5597  1.08101
  1.1378 -11.5511  1.08144
 1.13823 -11.5425  1.08188
 1.13866 -11.5339  1.08188
  1.1391 -11.5252  1.08231
 1.13953 -11.5166  1.08274
 1.13996  -11.508  1.08318
  1.1404 -11.4994  1.08361
 1.14083 -11.4909  1.08404
 1.14126 -11.4823  1.08448
  1.1417 -11.4737  1.08448
 1.14213 -11.4652  1.08491
 1.14256 -11.4566  1.08535
   1.143 -11.4481  1.08578
 1.14343 -11.4396  1.08621
 1.14386 -11.4311  1.08665
  1.1443 -11.4225  1.08708
 1.14473  -11.414  1.08708
 1.14517 -11.4056  1.08751
  1.1456 -11.3971  1.08795
 1.14603 -11.3886  1.08838
 1.14647 -11.3801  1.08881
  1.1469 -11.3717  1.08925
 1.14733 -11.3632  1.08968
 1.14777 -11.3548  1.08968
  1.1482 -11.3463  1.09011
 1.14863 -11.3379  1.09055
 1.14907 -11.3295  1.09098
  1.1495 -11.3211  1.09141
 1.14993 -11.3127  1.09185
 1.15037 -11.3043  1.09228
  1.1508 -11.2959  1.09228
 1.15123 -11.2875  1.09271
 1.15167 -11.2792  1.09315
  1.1521 -11.2708  1.09358
 1.15253 -11.2625  1.09401
 1.15297 -11.2541  1.09445
  1.1534 -11.2458  1.09488
 1.15383 -11.2375  1.09488
 1.15427 -11.2292  1.09532
  1.1547 -11.2208  1.09575
 1.15514 -11.2126  1.09618
 1.15557 -11.2043  1.09662
   1.156  -11.196  1.09705
 1.15644 -11.1877  1.09748
 1.15687 -11.1794  1.09748
  1.1573 -11.1712  1.09792
 1.15774 -11.1629  1.09835
 1.15817 -11.1547  1.09878
  1.1586 -11.1465  1.09922
 1.15904 -11.1382  1.09965
 1.15947   -11.13  1.10008
  1.1599 -11.1218  1.10008
 1.16034 -11.1136  1.10052
 1.16077 -11.1054  1.10095
  1.1612 -11.0972  1.10138
 1.16164 -11.0891  1.10182
 1.16207 -11.0809  1.10225
  1.1625 -11.0727  1.10225
 1.16294 -11.0646  1.10268
 1.16337 -11.0564  1.10312
  1.1638 -11.0483  1.10355
 1.16424 -11.0402  1.10398
 1.16467 -11.0321  1.10442
 1.16511 -11.0239  1.10485
 1.16554 -11.0158  1.10485
 1.16597 -11.0078  1.10529
 1.16641 -10.9997  1.10572
 1.16684 -10.9916  1.10615
 1.16727 -10.9835  1.10659
 1.16771 -10.9755  1.10702
 1.16814 -10.9674  1.10745
 1.16857 -10.9594  1.10745
 1.16901 -10.9513  1.10789
 1.16944 -10.9433  1.10832
 1.16987 -10.9353  1.10875
 1.17031 -10.9272  1.10919
 1.17074 -10.9192  1.10962
 1.17117 -10.9112  1.11005
 1.17161 -10.9033  1.11005
 1.17204 -10.8953  1.11049
 1.17247 -10.8873  1.11092
 1.17291 -10.8793  1.11135
 1.17334 -10.8714  1.11179
 1.17377 -10.8634  1.11222
 1.17421 -10.8555  1.11265
 1.17464 -10.8475  1.11265
 1.17508 -10.8396  1.11309
 1.17551 -10.8317  1.11352
 1.17594 -10.8238  1.11395
 1.17638 -10.8159  1.11439
 1.17681  -10.808  1.11482
 1.17724 -10.8001  1.11526
 1.17768 -10.7922  1.11526
 1.17811 -10.7843  1.11569
 1.17854 -10.7765  1.11612
 1.17898 -10.7686  1.11656
 1.17941 -10.7608  1.11699
 1.17984 -10.7529  1.11742
 1.18028 -10.7451  1.11786
 1.18071 -10.7373  1.11786
 1.18114 -10.7294  1.11829
 1.18158 -10.7216  1.11872
 1.18201 -10.7138  1.11916
 1.18244  -10.706  1.11959
 1.18288 -10.6983  1.12002
 1.18331 -10.6905  1.12046
 1.18374 -10.6827  1.12046
 1.18418 -10.6749  1.12089
 1.18461 -10.6672  1.12132
 1.18505 -10.6594  1.12176
 1.18548 -10.6517  1.12219
 1.18591  -10.644  1.12262
 1.18635 -10.6362  1.12262
 1.18678 -10.6285  1.12306
 1.18721 -10.6208  1.12349
 1.18765 -10.6131  1.12392
 1.18808 -10.6054  1.12436
 1.18851 -10.5977  1.12479
 1.18895   -10.59  1.12523
 1.18938 -10.5824  1.12523
 1.18981 -10.5747  1.12566
 1.19025  -10.567  1.12609
 1.19068 -10.5594  1.12653
 1.19111 -10.5517  1.12696
 1.19155 -10.5441  1.12739
 1.19198 -10.5365  1.12783
 1.19241 -10.5288  1.12783
 1.19285 -10.5212  1.12826
 1.19328 -10.5136  1.12869
 1.19371  -10.506  1.12913
 1.19415 -10.4984  1.12956
 1.19458 -10.4908  1.12999
 1.19502 -10.4833  1.13043
 1.19545 -10.4757  1.13043
 1.19588 -10.4681  1.13086
 1.19632 -10.4606  1.13129
 1.19675  -10.453  1.13173
 1.19718 -10.4455  1.13216
 1.19762  -10.438  1.13259
 1.19805 -10.4304  1.13303
 1.19848 -10.4229  1.13303
 1.19892 -10.4154  1.13346
 1.19935 -10.4079  1.13389
 1.19978 -10.4004  1.13433
 1.20022 -10.3929  1.13476
 1.20065 -10.3854   1.1352
 1.20108  -10.378  1.13563
 1.20152 -10.3705  1.13563
 1.20195  -10.363  1.13606
 1.20238 -10.3556   1.1365
 1.20282 -10.3481  1.13693
 1.20325 -10.3407  1.13736
 1.20368 -10.3333   1.1378
 1.20412 -10.3259  1.13823
 1.20455 -10.3184  1.13823
 1.20498  -10.311  1.13866
 1.20542 -10.3036   1.1391
 1.20585 -10.2962  1.13953
 1.20629 -10.2888  1.13996
 1.20672 -10.2815   1.1404
 1.20715 -10.2741  1.14083
 1.20759 -10.2667  1.14083
 1.20802 -10.2594  1.14126
 1.20845  -10.252   1.1417
 1.20889 -10.2447  1.14213
 1.20932 -10.2373  1.14256
 1.20975   -10.23    1.143
 1.21019 -10.2227    1.143
 1.21062 -10.2154  1.14343
 1.21105  -10.208  1.14386
 1.21149 -10.2007   1.1443
 1.21192 -10.1935  1.14473
 1.21235 -10.1862  1.14517
 1.21279 -10.1789   1.1456
 1.21322 -10.1716   1.1456
 1.21365 -10.1643  1.14603
 1.21409 -10.1571  1.14647
 1.21452 -10.1498   1.1469
 1.21495 -10.1426  1.14733
 1.21539 -10.1353  1.14777
 1.21582 -10.1281   1.1482
 1.21626 -10.1209   1.1482
 1.21669 -10.1137  1.14863
 1.21712 -10.1065  1.14907
 1.21756 -10.0993   1.1495
 1.21799 -10.0921  1.14993
 1.21842 -10.0849  1.15037
 1.21886 -10.0777   1.1508
 1.21929 -10.0705   1.1508
 1.21972 -10.0633  1.15123
 1.22016 -10.0562  1.15167
 1.22059  -10.049   1.1521
 1.22102 -10.0419  1.15253
 1.22146 -10.0347  1.15297
 1.22189 -10.0276   1.1534
 1.22232 -10.0205   1.1534
 1.22276 -10.0133  1.15383
 1.22319 -10.0062  1.15427
 1.22362 -9.99912   1.1547
 1.22406 -9.99202  1.15514
 1.22449 -9.98493  1.15557
 1.22492 -9.97784    1.156
 1.22536 -9.97076    1.156
 1.22579 -9.96368  1.15644
 1.22623 -9.95661  1.15687
 1.22666 -9.94955   1.1573
 1.22709  -9.9425  1.15774
 1.22753 -9.93546  1.15817
 1.22796 -9.92842   1.1586
 1.22839 -9.92138   1.1586
 1.22883 -9.91435  1.15904
 1.22926 -9.90733  1.15947
 1.22969 -9.90032   1.1599
 1.23013 -9.89331  1.16034
 1.23056 -9.88632  1.16077
 1.23099 -9.87932  1.16077
 1.23143 -9.87234   1.1612
 1.23186 -9.86536  1.16164
 1.23229 -9.85838  1.16207
 1.23273 -9.85142   1.1625
 1.23316 -9.84446  1.16294
 1.23359  -9.8375  1.16337
 1.23403 -9.83056  1.16337
 1.23446 -9.82362   1.1638
 1.23489 -9.81668  1.16424
 1.23533 -9.80976  1.16467
 1.23576 -9.80284  1.16511
  1.2362 -9.79592  1.16554
 1.23663 -9.78902  1.16597
 1.23706 -9.78212  1.16597
  1.2375 -9.77522  1.16641
 1.23793 -9.76833  1.16684
 1.23836 -9.76145  1.16727
  1.2388 -9.75458  1.16771
 1.23923 -9.74771  1.16814
 1.23966 -9.74085  1.16857
  1.2401   -9.734  1.16857
 1.24053 -9.72715  1.16901
 1.24096  -9.7203  1.16944
  1.2414 -9.71347  1.16987
 1.24183 -9.70664  1.17031
 1.24226 -9.69982  1.17074
  1.2427 -9.69301  1.17117
 1.24313  -9.6862  1.17117
 1.24356 -9.67939  1.17161
   1.244 -9.67259  1.17204
 1.24443  -9.6658  1.17247
 1.24486 -9.65902  1.17291
  1.2453 -9.65225  1.17334
 1.24573 -9.64548  1.17334
 1.24617 -9.63871  1.17377
  1.2466 -9.63195  1.17421
 1.24703  -9.6252  1.17464
 1.24747 -9.61845  1.17508
  1.2479 -9.61172  1.17551
 1.24833 -9.60499  1.17594
 1.24877 -9.59826  1.17594
  1.2492 -9.59154  1.17638
 1.24963 -9.58482  1.17681
 1.25007 -9.57812  1.17724
  1.2505 -9.57142  1.17768
 1.25093 -9.56472  1.17811
 1.25137 -9.55804  1.17854
  1.2518 -9.55136  1.17854
 1.25223 -9.54468  1.17898
 1.25267 -9.53801  1.17941
  1.2531 -9.53135  1.17984
 1.25353 -9.52469  1.18028
 1.25397 -9.51804  1.18071
  1.2544  -9.5114  1.18114
 1.25483 -9.50476  1.18114
 1.25527 -9.49813  1.18158
  1.2557  -9.4915  1.18201
 1.25614 -9.48488  1.18244
 1.25657 -9.47827  1.18288
   1.257 -9.47166  1.18331
 1.25744 -9.46506  1.18374
 1.25787 -9.45847  1.18374
  1.2583 -9.45188  1.18418
 1.25874  -9.4453  1.18461
 1.25917 -9.43872  1.18505
  1.2596 -9.43215  1.18548
 1.26004 -9.42559  1.18591
 1.26047 -9.41903  1.18591
  1.2609 -9.41248  1.18635
 1.26134 -9.40594  1.18678
 1.26177  -9.3994  1.18721
  1.2622 -9.39286  1.18765
 1.26264 -9.38634  1.18808
 1.26307 -9.37982  1.18851
  1.2635 -9.37331  1.18851
 1.26394  -9.3668  1.18895
 1.26437 -9.36029  1.18938
  1.2648  -9.3538  1.18981
 1.26524 -9.34731  1.19025
 1.26567 -9.34082  1.19068
 1.26611 -9.33435  1.19111
 1.26654 -9.32788  1.19111
 1.26697 -9.32141  1.19155
 1.26741 -9.31495  1.19198
 1.26784 -9.30849  1.19241
 1.26827 -9.30205  1.19285
 1.26871 -9.29561  1.19328
 1.26914 -9.28917  1.19371
 1.26957 -9.28274  1.19371
 1.27001 -9.27632  1.19415
 1.27044  -9.2699  1.19458
 1.27087 -9.26349  1.19502
 1.27131 -9.25708  1.19545
 1.27174 -9.25068  1.19588
 1.27217 -9.24429  1.19632
 1.27261  -9.2379  1.19632
 1.27304 -9.23152  1.19675
 1.27347 -9.22514  1.19718
 1.27391 -9.21877  1.19762
 1.27434 -9.21241  1.19805
 1.27477 -9.20605  1.19848
 1.27521  -9.1997  1.19848
 1.27564 -9.19335  1.19892
 1.27608 -9.18701  1.19935
 1.27651 -9.18068  1.19978
 1.27694 -9.17435  1.20022
 1.27738 -9.16802  1.20065
 1.27781 -9.16171  1.20108
 1.27824  -9.1554  1.20108
 1.27868 -9.14909  1.20152
 1.27911 -9.14279  1.20195
 1.27954  -9.1365  1.20238
 1.27998 -9.13021  1.20282
 1.28041 -9.12393  1.20325
 1.28084 -9.11765  1.20368
 1.28128 -9.11138  1.20368
 1.28171 -9.10512  1.20412
 1.28214 -9.09886  1.20455
 1.28258 -9.09261  1.20498
 1.28301 -9.08636  1.20542
 1.28344 -9.08012  1.20585
 1.28388 -9.07389  1.20629
 1.28431 -9.06765  1.20629
 1.28474 -9.06143  1.20672
 1.28518 -9.05521  1.20715
 1.28561   -9.049  1.20759
 1.28605 -9.04279  1.20802
 1.28648 -9.03659  1.20845
 1.28691  -9.0304  1.20889
 1.28735 -9.02421  1.20889
 1.28778 -9.01802  1.20932
 1.28821 -9.01184  1.20975
 1.28865 -9.00567  1.21019
 1.28908  -8.9995  1.21062
 1.28951 -8.99334  1.21105
 1.28995 -8.98719  1.21105
 1.29038 -8.98104  1.21149
 1.29081  -8.9749  1.21192
 1.29125 -8.96876  1.21235
 1.29168 -8.96262  1.21279
 1.29211  -8.9565  1.21322
 1.29255 -8.95038  1.21365
 1.29298 -8.94426  1.21365
 1.29341 -8.93815  1.21409
 1.29385 -8.93205  1.21452
 1.29428 -8.92595  1.21495
 1.29471 -8.91985  1.21539
 1.29515 -8.91376  1.21582
 1.29558 -8.90768  1.21626
 1.29602 -8.90161  1.21626
 1.29645 -8.89554  1.21669
 1.29688 -8.88947  1.21712
 1.29732 -8.88341  1.21756
 1.29775 -8.87735  1.21799
 1.29818 -8.87131  1.21842
 1.29862 -8.86527  1.21842
 1.29905 -8.85923  1.21886
 1.29948 -8.85319  1.21929
 1.29992 -8.84717  1.21972
 1.30035 -8.84114  1.22016
 1.30078 -8.83513  1.22059
 1.30122 -8.82912  1.22102
 1.30165 -8.82312  1.22102
 1.30208 -8.81712  1.22146
 1.30252 -8.81112  1.22189
 1.30295 -8.80513  1.22232
 1.30338 -8.79915  1.22276
 1.30382 -8.79317  1.22319
 1.30425  -8.7872  1.22362
 1.30468 -8.78124  1.22362
 1.30512 -8.77528  1.22406
 1.30555 -8.76932  1.22449
 1.30599 -8.76337  1.22492
 1.30642 -8.75743  1.22536
 1.30685 -8.75149  1.22579
 1.30729 -8.74556  1.22623
 1.30772 -8.73963  1.22623
 1.30815  -8.7337  1.22666
 1.30859 -8.72778  1.22709
 1.30902 -8.72187  1.22753
 1.30945 -8.71597  1.22796
 1.30989 -8.71007  1.22839
 1.31032 -8.70417  1.22883
 1.31075 -8.69828  1.22883
 1.31119 -8.69239  1.22926
 1.31162 -8.68651  1.22969
 1.31205 -8.68064  1.23013
 1.31249 -8.67477  1.23056
 1.31292 -8.66891  1.23099
 1.31335 -8.66305  1.23143
 1.31379  -8.6572  1.23143
 1.31422 -8.65135  1.23186
 1.31465  -8.6455  1.23229
 1.31509 -8.63967  1.23273
 1.31552 -8.63384  1.23316
 1.31596 -8.62801  1.23359
 1.31639 -8.62219  1.23359
 1.31682 -8.61637  1.23403
 1.31726 -8.61056  1.23446
 1.31769 -8.60475  1.23489
 1.31812 -8.59895  1.23533
 1.31856 -8.59316  1.23576
 1.31899 -8.58737   1.2362
 1.31942 -8.58159   1.2362
 1.31986 -8.57581  1.23663
 1.32029 -8.57003  1.23706
 1.32072 -8.56426   1.2375
 1.32116  -8.5585  1.23793
 1.32159 -8.55274  1.23836
 1.32202 -8.54699   1.2388
 1.32246 -8.54124   1.2388
 1.32289  -8.5355  1.23923
 1.32332 -8.52976  1.23966
 1.32376 -8.52403   1.2401
 1.32419  -8.5183  1.24053
 1.32462 -8.51258  1.24096
 1.32506 -8.50686  1.24096
 1.32549 -8.50115   1.2414
 1.32593 -8.49544  1.24183
 1.32636 -8.48974  1.24226
 1.32679 -8.48405   1.2427
 1.32723 -8.47835  1.24313
 1.32766 -8.47267  1.24356
 1.32809 -8.46699  1.24356
 1.32853 -8.46131    1.244
 1.32896 -8.45564  1.24443
 1.32939 -8.44998  1.24486
 1.32983 -8.44432   1.2453
 1.33026 -8.43866  1.24573
 1.33069 -8.43301  1.24617
 1.33113 -8.42737  1.24617
 1.33156 -8.42173   1.2466
 1.33199 -8.41609  1.24703
 1.33243 -8.41046  1.24747
 1.33286 -8.40484   1.2479
 1.33329 -8.39922  1.24833
 1.33373  -8.3936  1.24877
 1.33416 -8.38799  1.24877
 1.33459 -8.38239   1.2492
 1.33503 -8.37679  1.24963
 1.33546 -8.37119  1.25007
  1.3359  -8.3656   1.2505
 1.33633 -8.36002  1.25093
 1.33676 -8.35444  1.25093
  1.3372 -8.34886  1.25137
 1.33763 -8.34329   1.2518
 1.33806 -8.33773  1.25223
  1.3385 -8.33217  1.25267
 1.33893 -8.32662   1.2531
 1.33936 -8.32107  1.25353
  1.3398 -8.31552  1.25353
 1.34023 -8.30998  1.25397
 1.34066 -8.30445   1.2544
  1.3411 -8.29892  1.25483
 1.34153 -8.29339  1.25527
 1.34196 -8.28787   1.2557
  1.3424 -8.28236  1.25614
 1.34283 -8.27685  1.25614
 1.34326 -8.27134  1.25657
  1.3437 -8.26584    1.257
 1.34413 -8.26035  1.25744
 1.34456 -8.25486  1.25787
   1.345 -8.24937   1.2583
 1.34543 -8.24389   1.2583
 1.34587 -8.23842  1.25874
  1.3463 -8.23294  1.25917
 1.34673 -8.22748   1.2596
 1.34717 -8.22202  1.26004
  1.3476 -8.21656  1.26047
 1.34803 -8.21111   1.2609
 1.34847 -8.20566   1.2609
  1.3489 -8.20022  1.26134
 1.34933 -8.19478  1.26177
 1.34977 -8.18935   1.2622
  1.3502 -8.18392  1.26264
 1.35063  -8.1785  1.26307
 1.35107 -8.17309   1.2635
  1.3515 -8.16767   1.2635
 1.35193 -8.16227  1.26394
 1.35237 -8.15686  1.26437
  1.3528 -8.15146   1.2648
 1.35323 -8.14607  1.26524
 1.35367 -8.14068  1.26567
  1.3541  -8.1353  1.26611
 1.35453 -8.12992  1.26611
 1.35497 -8.12454  1.26654
  1.3554 -8.11917  1.26697
 1.35584 -8.11381  1.26741
 1.35627 -8.10845  1.26784
  1.3567  -8.1031  1.26827
 1.35714 -8.09775  1.26827
 1.35757  -8.0924  1.26871
   1.358 -8.08706  1.26914
 1.35844 -8.08172  1.26957
 1.35887 -8.07639  1.27001
  1.3593 -8.07106  1.27044
 1.35974 -8.06574  1.27087
 1.36017 -8.06043  1.27087
  1.3606 -8.05511  1.27131
 1.36104  -8.0498  1.27174
 1.36147  -8.0445  1.27217
  1.3619  -8.0392  1.27261
 1.36234 -8.03391  1.27304
 1.36277 -8.02862  1.27347
  1.3632 -8.02333  1.27347
 1.36364 -8.01805  1.27391
 1.36407 -8.01278  1.27434
  1.3645 -8.00751  1.27477
 1.36494 -8.00224  1.27521
 1.36537 -7.99698  1.27564
 1.36581 -7.99173  1.27564
 1.36624 -7.98647  1.27608
 1.36667 -7.98122  1.27651
 1.36711 -7.97598  1.27694
 1.36754 -7.97074  1.27738
 1.36797 -7.96551  1.27781
 1.36841 -7.96028  1.27824
 1.36884 -7.95506  1.27824
 1.36927 -7.94984  1.27868
 1.36971 -7.94462  1.27911
 1.37014 -7.93941  1.27954
 1.37057 -7.93421  1.27998
 1.37101 -7.92901  1.28041
 1.37144 -7.92381  1.28084
 1.37187 -7.91862  1.28084
 1.37231 -7.91343  1.28128
 1.37274 -7.90825  1.28171
 1.37317 -7.90307  1.28214
 1.37361 -7.89789  1.28258
 1.37404 -7.89272  1.28301
 1.37447 -7.88756  1.28344
 1.37491  -7.8824  1.28344
 1.37534 -7.87724  1.28388
 1.37578 -7.87209  1.28431
 1.37621 -7.86694  1.28474
 1.37664  -7.8618  1.28518
 1.37708 -7.85667  1.28561
 1.37751 -7.85153  1.28561
 1.37794  -7.8464  1.28605
 1.37838 -7.84128  1.28648
 1.37881 -7.83616  1.28691
 1.37924 -7.83104  1.28735
 1.37968 -7.82593  1.28778
 1.38011 -7.82083  1.28821
 1.38054 -7.81573  1.28821
 1.38098 -7.81063  1.28865
 1.38141 -7.80553  1.28908
 1.38184 -7.80045  1.28951
 1.38228 -7.79536  1.28995
 1.38271 -7.79028  1.29038
 1.38314 -7.78521  1.29081
 1.38358 -7.78014  1.29081
 1.38401 -7.77507  1.29125
 1.38444 -7.77001  1.29168
 1.38488 -7.76495  1.29211
 1.38531  -7.7599  1.29255
 1.38575 -7.75485  1.29298
 1.38618 -7.74981  1.29298
 1.38661 -7.74477  1.29341
 1.38705 -7.73973  1.29385
 1.38748  -7.7347  1.29428
 1.38791 -7.72967  1.29471
 1.38835 -7.72465  1.29515
 1.38878 -7.71963  1.29558
 1.38921 -7.71462  1.29558
 1.38965 -7.70961  1.29602
 1.39008  -7.7046  1.29645
 1.39051  -7.6996  1.29688
 1.39095 -7.69461  1.29732
 1.39138 -7.68962  1.29775
 1.39181 -7.68463  1.29818
 1.39225 -7.67965  1.29818
 1.39268 -7.67467  1.29862
 1.39311 -7.66969  1.29905
 1.39355 -7.66472  1.29948
 1.39398 -7.65976  1.29992
 1.39441  -7.6548  1.30035
 1.39485 -7.64984  1.30078
 1.39528 -7.64489  1.30078
 1.39572 -7.63994  1.30122
 1.39615 -7.63499  1.30165
 1.39658 -7.63005  1.30208
 1.39702 -7.62512  1.30252
 1.39745 -7.62019  1.30295
 1.39788 -7.61526  1.30295
 1.39832 -7.61034  1.30338
 1.39875 -7.60542  1.30382
 1.39918  -7.6005  1.30425
 1.39962 -7.59559  1.30468
 1.40005 -7.59069  1.30512
 1.40048 -7.58579  1.30555
 1.40092 -7.58089  1.30555
 1.40135   -7.576  1.30599
 1.40178 -7.57111  1.30642
 1.40222 -7.56622  1.30685
 1.40265 -7.56134  1.30729
 1.40308 -7.55647  1.30772
 1.40352  -7.5516  1.30815
 1.40395 -7.54673  1.30815
 1.40438 -7.54186  1.30859
 1.40482   -7.537  1.30902
 1.40525 -7.53215  1.30945
 1.40569  -7.5273  1.30989
 1.40612 -7.52245  1.31032
 1.40655 -7.51761  1.31032
 1.40699 -7.51277  1.31075
 1.40742 -7.50794  1.31119
 1.40785  -7.5031  1.31162
 1.40829 -7.49828  1.31205
 1.40872 -7.49346  1.31249
 1.40915 -7.48864  1.31292
 1.40959 -7.48383  1.31292
 1.41002 -7.47902  1.31335
 1.41045 -7.47421  1.31379
 1.41089 -7.46941  1.31422
 1.41132 -7.46461  1.31465
 1.41175 -7.45982  1.31509
 1.41219 -7.45504  1.31552
 1.41262 -7.45025  1.31552
 1.41305 -7.44547  1.31596
 1.41349 -7.44069  1.31639
 1.41392 -7.43592  1.31682
 1.41435 -7.43115  1.31726
 1.41479 -7.42639  1.31769
 1.41522 -7.42163  1.31769
 1.41566 -7.41687  1.31812
 1.41609 -7.41212  1.31856
 1.41652 -7.40737  1.31899
 1.41696 -7.40263  1.31942
 1.41739 -7.39789  1.31986
 1.41782 -7.39316  1.32029
 1.41826 -7.38842  1.32029
 1.41869  -7.3837  1.32072
 1.41912 -7.37897  1.32116
 1.41956 -7.37425  1.32159
 1.41999 -7.36954  1.32202
 1.42042 -7.36483  1.32246
 1.42086 -7.36012  1.32246
 1.42129 -7.35542  1.32289
 1.42172 -7.35072  1.32332
 1.42216 -7.34602  1.32376
 1.42259 -7.34133  1.32419
 1.42302 -7.33664  1.32462
 1.42346 -7.33196  1.32506
 1.42389 -7.32728  1.32506
 1.42432 -7.32261  1.32549
 1.42476 -7.31794  1.32593
 1.42519 -7.31327  1.32636
 1.42563 -7.30861  1.32679
 1.42606 -7.30395  1.32723
 1.42649  -7.2993  1.32723
 1.42693 -7.29464  1.32766
 1.42736    -7.29  1.32809
 1.42779 -7.28535  1.32853
 1.42823 -7.28071  1.32896
 1.42866 -7.27608  1.32939
 1.42909 -7.27145  1.32983
 1.42953 -7.26682  1.33026
 1.42996  -7.2622  1.33026
 1.43039 -7.25758  1.33069
 1.43083 -7.25296  1.33113
 1.43126 -7.24835  1.33156
 1.43169 -7.24374  1.33199
 1.43213 -7.23914  1.33243
 1.43256 -7.23454  1.33243
 1.43299 -7.22994  1.33286
 1.43343 -7.22535  1.33329
 1.43386 -7.22076  1.33373
 1.43429 -7.21618  1.33416
 1.43473  -7.2116  1.33459
 1.43516 -7.20702  1.33503
  1.4356 -7.20245  1.33503
 1.43603 -7.19788  1.33546
 1.43646 -7.19331   1.3359
  1.4369 -7.18875  1.33633
 1.43733  -7.1842  1.33676
 1.43776 -7.17964   1.3372
  1.4382  -7.1751  1.33763
 1.43863 -7.17055  1.33763
 1.43906 -7.16601  1.33806
  1.4395 -7.16147   1.3385
 1.43993 -7.15694  1.33893
 1.44036 -7.15241  1.33936
  1.4408 -7.14788   1.3398
 1.44123 -7.14336   1.3398
 1.44166 -7.13884  1.34023
  1.4421 -7.13432  1.34066
 1.44253 -7.12981   1.3411
 1.44296 -7.12531  1.34153
  1.4434  -7.1208  1.34196
 1.44383  -7.1163   1.3424
 1.44426 -7.11181   1.3424
  1.4447 -7.10732  1.34283
 1.44513 -7.10283  1.34326
 1.44557 -7.09834   1.3437
   1.446 -7.09386  1.34413
 1.44643 -7.08939  1.34456
 1.44687 -7.08492  1.34456
  1.4473 -7.08044    1.345
 1.44773 -7.07598  1.34543
 1.44817 -7.07152  1.34587
  1.4486 -7.06706   1.3463
 1.44903 -7.06261  1.34673
 1.44947 -7.05816  1.34717
  1.4499 -7.05371  1.34717
 1.45033 -7.04927   1.3476
 1.45077 -7.04483  1.34803
  1.4512 -7.04039  1.34847
 1.45163 -7.03596   1.3489
 1.45207 -7.03153  1.34933
  1.4525 -7.02711  1.34977
 1.45293 -7.02269  1.34977
 1.45337 -7.01827   1.3502
  1.4538 -7.01386  1.35063
 1.45423 -7.00945  1.35107
 1.45467 -7.00504   1.3515
  1.4551 -7.00064  1.35193
 1.45554 -6.99625  1.35193
 1.45597 -6.99185  1.35237
  1.4564 -6.98746   1.3528
 1.45684 -6.98307  1.35323
 1.45727 -6.97869  1.35367
  1.4577 -6.97431   1.3541
 1.45814 -6.96993  1.35453
 1.45857 -6.96556  1.35453
   1.459 -6.96119  1.35497
 1.45944 -6.95683   1.3554
 1.45987 -6.95246  1.35584
  1.4603 -6.94811  1.35627
 1.46074 -6.94375   1.3567
 1.46117  -6.9394  1.35714
  1.4616 -6.93506  1.35714
 1.46204 -6.93071  1.35757
 1.46247 -6.92637    1.358
  1.4629 -6.92204  1.35844
 1.46334 -6.91771  1.35887
 1.46377 -6.91338   1.3593
  1.4642 -6.90905   1.3593
 1.46464 -6.90473  1.35974
 1.46507 -6.90041  1.36017
 1.46551  -6.8961   1.3606
 1.46594 -6.89179  1.36104
 1.46637 -6.88748  1.36147
 1.46681 -6.88318   1.3619
 1.46724 -6.87888   1.3619
 1.46767 -6.87458  1.36234
 1.46811 -6.87029  1.36277
 1.46854   -6.866   1.3632
 1.46897 -6.86172  1.36364
 1.46941 -6.85743  1.36407
 1.46984 -6.85316   1.3645
 1.47027 -6.84888   1.3645
 1.47071 -6.84461  1.36494
 1.47114 -6.84034  1.36537
 1.47157 -6.83608  1.36581
 1.47201 -6.83182  1.36624
 1.47244 -6.82756  1.36667
 1.47287 -6.82331  1.36667
 1.47331 -6.81906  1.36711
 1.47374 -6.81481  1.36754
 1.47417 -6.81057  1.36797
 1.47461 -6.80633  1.36841
 1.47504  -6.8021  1.36884
 1.47548 -6.79786  1.36927
 1.47591 -6.79363  1.36927
 1.47634 -6.78941  1.36971
 1.47678 -6.78519  1.37014
 1.47721 -6.78097  1.37057
 1.47764 -6.77675  1.37101
 1.47808 -6.77254  1.37144
 1.47851 -6.76834  1.37144
 1.47894 -6.76413  1.37187
 1.47938 -6.75993  1.37231
 1.47981 -6.75573  1.37274
 1.48024 -6.75154  1.37317
 1.48068 -6.74735  1.37361
 1.48111 -6.74317  1.37404
 1.48154 -6.73898  1.37404
 1.48198  -6.7348  1.37447
 1.48241 -6.73063  1.37491
 1.48284 -6.72645  1.37534
 1.48328 -6.72228  1.37578
 1.48371 -6.71812  1.37621
 1.48414 -6.71396  1.37664
 1.48458  -6.7098  1.37664
 1.48501 -6.70564  1.37708
 1.48545 -6.70149  1.37751
 1.48588 -6.69734  1.37794
 1.48631 -6.69319  1.37838
 1.48675 -6.68905  1.37881
 1.48718 -6.68492  1.37881
 1.48761 -6.68078  1.37924
 1.48805 -6.67665  1.37968
 1.48848 -6.67252  1.38011
 1.48891  -6.6684  1.38054
 1.48935 -6.66427  1.38098
 1.48978 -6.66016  1.38141
 1.49021 -6.65604  1.38141
 1.49065 -6.65193  1.38184
 1.49108 -6.64782  1.38228
 1.49151 -6.64372  1.38271
 1.49195 -6.63962  1.38314
 1.49238 -6.63552  1.38358
 1.49281 -6.63143  1.38401
 1.49325 -6.62734  1.38401
 1.49368 -6.62325  1.38444
 1.49411 -6.61916  1.38488
 1.49455 -6.61508  1.38531
 1.49498 -6.61101  1.38575
 1.49542 -6.60693  1.38618
 1.49585 -6.60286  1.38618
 1.49628 -6.59879  1.38661
 1.49672 -6.59473  1.38705
 1.49715 -6.59067  1.38748
 1.49758 -6.58661  1.38791
 1.49802 -6.58256  1.38835
 1.49845 -6.57851  1.38878
 1.49888 -6.57446  1.38878
 1.49932 -6.57042  1.38921
 1.49975 -6.56638  1.38965
 1.50018 -6.56234  1.39008
 1.50062 -6.55831  1.39051
 1.50105 -6.55428  1.39095
 1.50148 -6.55025  1.39095
 1.50192 -6.54622  1.39138
 1.50235  -6.5422  1.39181
 1.50278 -6.53819  1.39225
 1.50322 -6.53417  1.39268
 1.50365 -6.53016  1.39311
 1.50408 -6.52615  1.39355
 1.50452 -6.52215  1.39355
 1.50495 -6.51815  1.39398
 1.50539 -6.51415  1.39441
 1.50582 -6.51016  1.39485
 1.50625 -6.50617  1.39528
 1.50669 -6.50218  1.39572
 1.50712 -6.49819  1.39572
 1.50755 -6.49421  1.39615
 1.50799 -6.49023  1.39658
 1.50842 -6.48626  1.39702
 1.50885 -6.48229  1.39745
 1.50929 -6.47832  1.39788
 1.50972 -6.47435  1.39832
 1.51015 -6.47039  1.39832
 1.51059 -6.46643  1.39875
 1.51102 -6.46248  1.39918
 1.51145 -6.45853  1.39962
 1.51189 -6.45458  1.40005
 1.51232 -6.45063  1.40048
 1.51275 -6.44669  1.40092
 1.51319 -6.44275  1.40092
 1.51362 -6.43881  1.40135
 1.51405 -6.43488  1.40178
 1.51449 -6.43095  1.40222
 1.51492 -6.42702  1.40265
 1.51536  -6.4231  1.40308
 1.51579 -6.41918  1.40308
 1.51622 -6.41526  1.40352
 1.51666 -6.41135  1.40395
 1.51709 -6.40744  1.40438
 1.51752 -6.40353  1.40482
 1.51796 -6.39963  1.40525
 1.51839 -6.39573  1.40569
 1.51882 -6.39183  1.40569
 1.51926 -6.38794  1.40612
 1.51969 -6.38404  1.40655
 1.52012 -6.38016  1.40699
 1.52056 -6.37627  1.40742
 1.52099 -6.37239  1.40785
 1.52142 -6.36851  1.40829
 1.52186 -6.36464  1.40829
 1.52229 -6.36076  1.40872
 1.52272 -6.35689  1.40915
 1.52316 -6.35303  1.40959
 1.52359 -6.34916  1.41002
 1.52402 -6.34531  1.41045
 1.52446 -6.34145  1.41045
 1.52489 -6.33759  1.41089
 1.52533 -6.33374  1.41132
 1.52576  -6.3299  1.41175
 1.52619 -6.32605  1.41219
 1.52663 -6.32221  1.41262
 1.52706 -6.31837  1.41305
 1.52749 -6.31454  1.41305
 1.52793 -6.31071  1.41349
 1.52836 -6.30688  1.41392
 1.52879 -6.30305  1.41435
 1.52923 -6.29923  1.41479
 1.52966 -6.29541  1.41522
 1.53009 -6.29159  1.41522
 1.53053 -6.28778  1.41566
 1.53096 -6.28397  1.41609
 1.53139 -6.28016  1.41652
 1.53183 -6.27636  1.41696
 1.53226 -6.27256  1.41739
 1.53269 -6.26876  1.41782
 1.53313 -6.26497  1.41782
 1.53356 -6.26117  1.41826
 1.53399 -6.25738  1.41869
 1.53443  -6.2536  1.41912
 1.53486 -6.24982  1.41956
  1.5353 -6.24604  1.41999
 1.53573 -6.24226  1.42042
 1.53616 -6.23849  1.42042
  1.5366 -6.23472  1.42086
 1.53703 -6.23095  1.42129
 1.53746 -6.22719  1.42172
  1.5379 -6.22342  1.42216
 1.53833 -6.21967  1.42259
 1.53876 -6.21591  1.42259
  1.5392 -6.21216  1.42302
 1.53963 -6.20841  1.42346
 1.54006 -6.20466  1.42389
  1.5405 -6.20092  1.42432
 1.54093 -6.19718  1.42476
 1.54136 -6.19344  1.42519
  1.5418 -6.18971  1.42519
 1.54223 -6.18598  1.42563
 1.54266 -6.18225  1.42606
  1.5431 -6.17853  1.42649
 1.54353  -6.1748  1.42693
 1.54396 -6.17109  1.42736
  1.5444 -6.16737  1.42736
 1.54483 -6.16366  1.42779
 1.54527 -6.15994  1.42823
  1.5457 -6.15624  1.42866
 1.54613 -6.15253  1.42909
 1.54657 -6.14883  1.42953
   1.547 -6.14514  1.42996
 1.54743 -6.14144  1.42996
 1.54787 -6.13775  1.43039
  1.5483 -6.13406  1.43083
 1.54873 -6.13037  1.43126
 1.54917 -6.12669  1.43169
  1.5496 -6.12301  1.43213
 1.55003 -6.11933  1.43213
 1.55047 -6.11566  1.43256
  1.5509 -6.11198  1.43299
 1.55133 -6.10831  1.43343
 1.55177 -6.10465  1.43386
  1.5522 -6.10099  1.43429
 1.55263 -6.09733  1.43473
 1.55307 -6.09367  1.43473
  1.5535 -6.09002  1.43516
 1.55393 -6.08636   1.4356
 1.55437 -6.08272  1.43603
  1.5548 -6.07907  1.43646
 1.55524 -6.07543   1.4369
 1.55567 -6.07179  1.43733
  1.5561 -6.06815  1.43733
 1.55654 -6.06452  1.43776
 1.55697 -6.06089   1.4382
  1.5574 -6.05726  1.43863
 1.55784 -6.05364  1.43906
 1.55827 -6.05001   1.4395
  1.5587  -6.0464   1.4395
 1.55914 -6.04278  1.43993
 1.55957 -6.03916  1.44036
    1.56 -6.03555   1.4408
 1.56044 -6.03195  1.44123
 1.56087 -6.02834  1.44166
  1.5613 -6.02474   1.4421
 1.56174 -6.02114   1.4421
 1.56217 -6.01754  1.44253
  1.5626 -6.01395  1.44296
 1.56304 -6.01036   1.4434
 1.56347 -6.00677  1.44383
  1.5639 -6.00319  1.44426
 1.56434 -5.99961   1.4447
 1.56477 -5.99603   1.4447
 1.56521 -5.99245  1.44513
 1.56564 -5.98888  1.44557
 1.56607 -5.98531    1.446
 1.56651 -5.98174  1.44643
 1.56694 -5.97818  1.44687
 1.56737 -5.97461  1.44687
 1.56781 -5.97105   1.4473
 1.56824  -5.9675  1.44773
 1.56867 -5.96394  1.44817
 1.56911 -5.96039   1.4486
 1.56954 -5.95685  1.44903
 1.56997  -5.9533  1.44947
 1.57041 -5.94976  1.44947
 1.57084 -5.94622   1.4499
 1.57127 -5.94268  1.45033
 1.57171 -5.93915  1.45077
 1.57214 -5.93562   1.4512
 1.57257 -5.93209  1.45163
 1.57301 -5.92857  1.45163
 1.57344 -5.92504  1.45207
 1.57387 -5.92152   1.4525
 1.57431   -5.918  1.45293
 1.57474 -5.91449  1.45337
 1.57518 -5.91098   1.4538
 1.57561 -5.90747  1.45423
 1.57604 -5.90397  1.45423
 1.57648 -5.90046  1.45467
 1.57691 -5.89696   1.4551
 1.57734 -5.89346  1.45554
 1.57778 -5.88997  1.45597
 1.57821 -5.88648   1.4564
 1.57864 -5.88299   1.4564
 1.57908  -5.8795  1.45684
 1.57951 -5.87602  1.45727
 1.57994 -5.87254   1.4577
 1.58038 -5.86906  1.45814
 1.58081 -5.86558  1.45857
 1.58124 -5.86211    1.459
 1.58168 -5.85864    1.459
 1.58211 -5.85517  1.45944
 1.58254 -5.85171  1.45987
 1.58298 -5.84825   1.4603
 1.58341 -5.84479  1.46074
 1.58384 -5.84133  1.46117
 1.58428 -5.83788  1.46117
 1.58471 -5.83443   1.4616
 1.58515 -5.83098  1.46204
 1.58558 -5.82753  1.46247
 1.58601 -5.82409   1.4629
 1.58645 -5.82065  1.46334
 1.58688 -5.81721  1.46377
 1.58731 -5.81378  1.46377
 1.58775 -5.81034   1.4642
 1.58818 -5.80691  1.46464
 1.58861 -5.80349  1.46507
 1.58905 -5.80006  1.46551
 1.58948 -5.79664  1.46594
 1.58991 -5.79323  1.46594
 1.59035 -5.78981  1.46637
 1.59078  -5.7864  1.46681
 1.59121 -5.78298  1.46724
 1.59165 -5.77958  1.46767
 1.59208 -5.77617  1.46811
 1.59251 -5.77277  1.46854
 1.59295 -5.76937  1.46854
 1.59338 -5.76597  1.46897
 1.59381 -5.76258  1.46941
 1.59425 -5.75919  1.46984
 1.59468  -5.7558  1.47027
 1.59512 -5.75241  1.47071
 1.59555 -5.74903  1.47071
 1.59598 -5.74565  1.47114
 1.59642 -5.74227  1.47157
 1.59685 -5.73889  1.47201
 1.59728 -5.73552  1.47244
 1.59772 -5.73215  1.47287
 1.59815 -5.72878  1.47331
 1.59858 -5.72542  1.47331
 1.59902 -5.72205  1.47374
 1.59945 -5.71869  1.47417
 1.59988 -5.71533  1.47461
 1.60032 -5.71198  1.47504
 1.60075 -5.70863  1.47548
 1.60118 -5.70528  1.47591
 1.60162 -5.70193  1.47591
 1.60205 -5.69859  1.47634
 1.60248 -5.69524  1.47678
 1.60292 -5.69191  1.47721
 1.60335 -5.68857  1.47764
 1.60378 -5.68524  1.47808
 1.60422  -5.6819  1.47808
 1.60465 -5.67858  1.47851
 1.60509 -5.67525  1.47894
 1.60552 -5.67193  1.47938
 1.60595  -5.6686  1.47981
 1.60639 -5.66529  1.48024
 1.60682 -5.66197  1.48068
 1.60725 -5.65866  1.48068
 1.60769 -5.65535  1.48111
 1.60812 -5.65204  1.48154
 1.60855 -5.64873  1.48198
 1.60899 -5.64543  1.48241
 1.60942 -5.64213  1.48284
 1.60985 -5.63883  1.48284
 1.61029 -5.63554  1.48328
 1.61072 -5.63224  1.48371
 1.61115 -5.62895  1.48414
 1.61159 -5.62567  1.48458
 1.61202 -5.62238  1.48501
 1.61245  -5.6191  1.48545
 1.61289 -5.61582  1.48545
 1.61332 -5.61254  1.48588
 1.61375 -5.60927  1.48631
 1.61419   -5.606  1.48675
 1.61462 -5.60273  1.48718
 1.61506 -5.59946  1.48761
 1.61549  -5.5962  1.48761
 1.61592 -5.59293  1.48805
 1.61636 -5.58967  1.48848
 1.61679 -5.58642  1.48891
 1.61722 -5.58316  1.48935
 1.61766 -5.57991  1.48978
 1.61809 -5.57666  1.49021
 1.61852 -5.57341  1.49021
 1.61896 -5.57017  1.49065
 1.61939 -5.56693  1.49108
 1.61982 -5.56369  1.49151
 1.62026 -5.56045  1.49195
 1.62069 -5.55722  1.49238
 1.62112 -5.55399  1.49238
 1.62156 -5.55076  1.49281
 1.62199 -5.54753  1.49325
 1.62242  -5.5443  1.49368
 1.62286 -5.54108  1.49411
 1.62329 -5.53786  1.49455
 1.62372 -5.53465  1.49498
 1.62416 -5.53143  1.49498
 1.62459 -5.52822  1.49542
 1.62503 -5.52501  1.49585
 1.62546  -5.5218  1.49628
 1.62589  -5.5186  1.49672
 1.62633  -5.5154  1.49715
 1.62676  -5.5122  1.49758
 1.62719   -5.509  1.49758
 1.62763 -5.50581  1.49802
 1.62806 -5.50261  1.49845
 1.62849 -5.49943  1.49888
 1.62893 -5.49624  1.49932
 1.62936 -5.49305  1.49975
 1.62979 -5.48987  1.49975
 1.63023 -5.48669  1.50018
 1.63066 -5.48351  1.50062
 1.63109 -5.48034  1.50105
 1.63153 -5.47717  1.50148
 1.63196   -5.474  1.50192
 1.63239 -5.47083  1.50235
 1.63283 -5.46766  1.50235
 1.63326  -5.4645  1.50278
 1.63369 -5.46134  1.50322
 1.63413 -5.45818  1.50365
 1.63456 -5.45503  1.50408
 1.63499 -5.45188  1.50452
 1.63543 -5.44873  1.50452
 1.63586 -5.44558  1.50495
  1.6363 -5.44243  1.50539
 1.63673 -5.43929  1.50582
 1.63716 -5.43615  1.50625
  1.6376 -5.43301  1.50669
 1.63803 -5.42987  1.50712
 1.63846 -5.42674  1.50712
  1.6389 -5.42361  1.50755
 1.63933 -5.42048  1.50799
 1.63976 -5.41735  1.50842
  1.6402 -5.41423  1.50885
 1.64063 -5.41111  1.50929
 1.64106 -5.40799  1.50929
  1.6415 -5.40487  1.50972
 1.64193 -5.40176  1.51015
 1.64236 -5.39864  1.51059
  1.6428 -5.39553  1.51102
 1.64323 -5.39243  1.51145
 1.64366 -5.38932  1.51189
  1.6441 -5.38622  1.51189
 1.64453 -5.38312  1.51232
 1.64496 -5.38002  1.51275
  1.6454 -5.37693  1.51319
 1.64583 -5.37383  1.51362
 1.64627 -5.37074  1.51405
  1.6467 -5.36766  1.51405
 1.64713 -5.36457  1.51449
 1.64757 -5.36148  1.51492
   1.648  -5.3584  1.51536
 1.64843 -5.35532  1.51579
 1.64887 -5.35225  1.51622
  1.6493 -5.34918  1.51666
 1.64973  -5.3461  1.51666
 1.65017 -5.34303  1.51709
  1.6506 -5.33997  1.51752
 1.65103  -5.3369  1.51796
 1.65147 -5.33384  1.51839
  1.6519 -5.33078  1.51882
 1.65233 -5.32772  1.51882
 1.65277 -5.32467  1.51926
  1.6532 -5.32161  1.51969
 1.65363 -5.31856  1.52012
 1.65407 -5.31551  1.52056
  1.6545 -5.31247  1.52099
 1.65493 -5.30942  1.52142
 1.65537 -5.30638  1.52142
  1.6558 -5.30334  1.52186
 1.65624 -5.30031  1.52229
 1.65667 -5.29727  1.52272
  1.6571 -5.29424  1.52316
 1.65754 -5.29121  1.52359
 1.65797 -5.28818  1.52359
  1.6584 -5.28516  1.52402
 1.65884 -5.28213  1.52446
 1.65927 -5.27911  1.52489
  1.6597 -5.27609  1.52533
 1.66014 -5.27308  1.52576
 1.66057 -5.27006  1.52619
   1.661 -5.26705  1.52619
 1.66144 -5.26404  1.52663
 1.66187 -5.26104  1.52706
  1.6623 -5.25803  1.52749
 1.66274 -5.25503  1.52793
 1.66317 -5.25203  1.52836
  1.6636 -5.24903  1.52836
 1.66404 -5.24604  1.52879
 1.66447 -5.24304  1.52923
  1.6649 -5.24005  1.52966
 1.66534 -5.23706  1.53009
 1.66577 -5.23408  1.53053
 1.66621 -5.23109  1.53096
 1.66664 -5.22811  1.53096
 1.66707 -5.22513  1.53139
 1.66751 -5.22215  1.53183
 1.66794 -5.21918  1.53226
 1.66837  -5.2162  1.53269
 1.66881 -5.21323  1.53313
 1.66924 -5.21027  1.53313
 1.66967  -5.2073  1.53356
 1.67011 -5.20433  1.53399
 1.67054 -5.20137  1.53443
 1.67097 -5.19841  1.53486
 1.67141 -5.19546   1.5353
 1.67184  -5.1925  1.53573
 1.67227 -5.18955  1.53573
 1.67271  -5.1866  1.53616
 1.67314 -5.18365   1.5366
 1.67357  -5.1807  1.53703
 1.67401 -5.17776  1.53746
 1.67444 -5.17482   1.5379
 1.67487 -5.17188   1.5379
 1.67531 -5.16894  1.53833
 1.67574 -5.16601  1.53876
 1.67618 -5.16307   1.5392
 1.67661 -5.16014  1.53963
 1.67704 -5.15722  1.54006
 1.67748 -5.15429   1.5405
 1.67791 -5.15137   1.5405
 1.67834 -5.14844  1.54093
 1.67878 -5.14552  1.54136
 1.67921 -5.14261   1.5418
 1.67964 -5.13969  1.54223
 1.68008 -5.13678  1.54266
 1.68051 -5.13387  1.54266
 1.68094 -5.13096   1.5431
 1.68138 -5.12805  1.54353
 1.68181 -5.12515  1.54396
 1.68224 -5.12225   1.5444
 1.68268 -5.11935  1.54483
 1.68311 -5.11645  1.54527
 1.68354 -5.11355  1.54527
 1.68398 -5.11066   1.5457
 1.68441 -5.10777  1.54613
 1.68484 -5.10488  1.54657
 1.68528 -5.10199    1.547
 1.68571 -5.09911  1.54743
 1.68615 -5.09623  1.54743
 1.68658 -5.09335  1.54787
 1.68701 -5.09047   1.5483
 1.68745 -5.08759  1.54873
 1.68788 -5.08472  1.54917
 1.68831 -5.08185   1.5496
 1.68875 -5.07898  1.55003
 1.68918 -5.07611  1.55003
 1.68961 -5.07325  1.55047
 1.69005 -5.07038   1.5509
 1.69048 -5.06752  1.55133
 1.69091 -5.06466  1.55177
 1.69135 -5.06181   1.5522
 1.69178 -5.05895   1.5522
 1.69221  -5.0561  1.55263
 1.69265 -5.05325  1.55307
 1.69308  -5.0504   1.5535
 1.69351 -5.04756  1.55393
 1.69395 -5.04471  1.55437
 1.69438 -5.04187   1.5548
 1.69481 -5.03903   1.5548
 1.69525 -5.03619  1.55524
 1.69568 -5.03336  1.55567
 1.69612 -5.03053   1.5561
 1.69655 -5.02769  1.55654
 1.69698 -5.02487  1.55697
 1.69742 -5.02204  1.55697
 1.69785 -5.01921   1.5574
 1.69828 -5.01639  1.55784
 1.69872 -5.01357  1.55827
 1.69915 -5.01075   1.5587
 1.69958 -5.00794  1.55914
 1.70002 -5.00512  1.55957
 1.70045 -5.00231  1.55957
 1.70088  -4.9995     1.56
 1.70132 -4.99669  1.56044
 1.70175 -4.99389  1.56087
 1.70218 -4.99108   1.5613
 1.70262 -4.98828  1.56174
 1.70305 -4.98548  1.56174
 1.70348 -4.98269  1.56217
 1.70392 -4.97989   1.5626
 1.70435  -4.9771  1.56304
 1.70478 -4.97431  1.56347
 1.70522 -4.97152   1.5639
 1.70565 -4.96873  1.56434
 1.70609 -4.96595  1.56434
 1.70652 -4.96316  1.56477
 1.70695 -4.96038  1.56521
 1.70739  -4.9576  1.56564
 1.70782 -4.95483  1.56607
 1.70825 -4.95205  1.56651
 1.70869 -4.94928  1.56651
 1.70912 -4.94651  1.56694
 1.70955 -4.94374  1.56737
 1.70999 -4.94097  1.56781
 1.71042 -4.93821  1.56824
 1.71085 -4.93545  1.56867
 1.71129 -4.93269  1.56911
 1.71172 -4.92993  1.56911
 1.71215 -4.92717  1.56954
 1.71259 -4.92442  1.56997
 1.71302 -4.92167  1.57041
 1.71345 -4.91892  1.57084
 1.71389 -4.91617  1.57127
 1.71432 -4.91342  1.57127
 1.71475 -4.91068  1.57171
 1.71519 -4.90794  1.57214
 1.71562  -4.9052  1.57257
 1.71606 -4.90246  1.57301
 1.71649 -4.89973  1.57344
 1.71692 -4.89699  1.57387
 1.71736 -4.89426  1.57387
 1.71779 -4.89153  1.57431
 1.71822  -4.8888  1.57474
 1.71866 -4.88608  1.57518
 1.71909 -4.88335  1.57561
 1.71952 -4.88063  1.57604
 1.71996 -4.87791  1.57604
 1.72039 -4.87519  1.57648
 1.72082 -4.87248  1.57691
 1.72126 -4.86976  1.57734
 1.72169 -4.86705  1.57778
 1.72212 -4.86434  1.57821
 1.72256 -4.86164  1.57864
 1.72299 -4.85893  1.57864
 1.72342 -4.85623  1.57908
 1.72386 -4.85353  1.57951
 1.72429 -4.85083  1.57994
 1.72472 -4.84813  1.58038
 1.72516 -4.84543  1.58081
 1.72559 -4.84274  1.58081
 1.72603 -4.84005  1.58124
 1.72646 -4.83736  1.58168
 1.72689 -4.83467  1.58211
 1.72733 -4.83199  1.58254
 1.72776  -4.8293  1.58298
 1.72819 -4.82662  1.58341
 1.72863 -4.82394  1.58341
 1.72906 -4.82126  1.58384
 1.72949 -4.81859  1.58428
 1.72993 -4.81591  1.58471
 1.73036 -4.81324  1.58515
 1.73079 -4.81057  1.58558
 1.73123 -4.80791  1.58558
 1.73166 -4.80524  1.58601
 1.73209 -4.80258  1.58645
 1.73253 -4.79991  1.58688
 1.73296 -4.79725  1.58731
 1.73339  -4.7946  1.58775
 1.73383 -4.79194  1.58775
 1.73426 -4.78929  1.58818
 1.73469 -4.78663  1.58861
 1.73513 -4.78398  1.58905
 1.73556 -4.78133  1.58948
   1.736 -4.77869  1.58991
 1.73643 -4.77604  1.59035
 1.73686  -4.7734  1.59035
  1.7373 -4.77076  1.59078
 1.73773 -4.76812  1.59121
 1.73816 -4.76549  1.59165
  1.7386 -4.76285  1.59208
 1.73903 -4.76022  1.59251
 1.73946 -4.75759  1.59251
  1.7399 -4.75496  1.59295
 1.74033 -4.75233  1.59338
 1.74076 -4.74971  1.59381
  1.7412 -4.74708  1.59425
 1.74163 -4.74446  1.59468
 1.74206 -4.74184  1.59512
  1.7425 -4.73923  1.59512
 1.74293 -4.73661  1.59555
 1.74336   -4.734  1.59598
  1.7438 -4.73138  1.59642
 1.74423 -4.72878  1.59685
 1.74466 -4.72617  1.59728
  1.7451 -4.72356  1.59728
 1.74553 -4.72096  1.59772
 1.74597 -4.71836  1.59815
  1.7464 -4.71575  1.59858
 1.74683 -4.71316  1.59902
 1.74727 -4.71056  1.59945
  1.7477 -4.70797  1.59988
 1.74813 -4.70537  1.59988
 1.74857 -4.70278  1.60032
   1.749 -4.70019  1.60075
 1.74943 -4.69761  1.60118
 1.74987 -4.69502  1.60162
  1.7503 -4.69244  1.60205
 1.75073 -4.68986  1.60205
 1.75117 -4.68728  1.60248
  1.7516  -4.6847  1.60292
 1.75203 -4.68213  1.60335
 1.75247 -4.67955  1.60378
  1.7529 -4.67698  1.60422
 1.75333 -4.67441  1.60465
 1.75377 -4.67184  1.60465
  1.7542 -4.66928  1.60509
 1.75463 -4.66671  1.60552
 1.75507 -4.66415  1.60595
  1.7555 -4.66159  1.60639
 1.75594 -4.65903  1.60682
 1.75637 -4.65647  1.60682
  1.7568 -4.65392  1.60725
 1.75724 -4.65136  1.60769
 1.75767 -4.64881  1.60812
  1.7581 -4.64626  1.60855
 1.75854 -4.64372  1.60899
 1.75897 -4.64117  1.60942
  1.7594 -4.63863  1.60942
 1.75984 -4.63608  1.60985
 1.76027 -4.63354  1.61029
  1.7607 -4.63101  1.61072
 1.76114 -4.62847  1.61115
 1.76157 -4.62594  1.61159
   1.762  -4.6234  1.61159
 1.76244 -4.62087  1.61202
 1.76287 -4.61834  1.61245
  1.7633 -4.61581  1.61289
 1.76374 -4.61329  1.61332
 1.76417 -4.61077  1.61375
  1.7646 -4.60824  1.61419
 1.76504 -4.60572  1.61419
 1.76547 -4.60321  1.61462
 1.76591 -4.60069  1.61506
 1.76634 -4.59817  1.61549
 1.76677 -4.59566  1.61592
 1.76721 -4.59315  1.61636
 1.76764 -4.59064  1.61636
 1.76807 -4.58813  1.61679
 1.76851 -4.58563  1.61722
 1.76894 -4.58313  1.61766
 1.76937 -4.58062  1.61809
 1.76981 -4.57812  1.61852
 1.77024 -4.57563  1.61896
 1.77067 -4.57313  1.61896
 1.77111 -4.57063  1.61939
 1.77154 -4.56814  1.61982
 1.77197 -4.56565  1.62026
 1.77241 -4.56316  1.62069
 1.77284 -4.56067  1.62112
 1.77327 -4.55819  1.62112
 1.77371 -4.55571  1.62156
 1.77414 -4.55322  1.62199
 1.77457 -4.55074  1.62242
 1.77501 -4.54826  1.62286
 1.77544 -4.54579  1.62329
 1.77588 -4.54331  1.62372
 1.77631 -4.54084  1.62372
 1.77674 -4.53837  1.62416
 1.77718  -4.5359  1.62459
 1.77761 -4.53343  1.62503
 1.77804 -4.53097  1.62546
 1.77848  -4.5285  1.62589
 1.77891 -4.52604  1.62589
 1.77934 -4.52358  1.62633
 1.77978 -4.52112  1.62676
 1.78021 -4.51866  1.62719
 1.78064 -4.51621  1.62763
 1.78108 -4.51375  1.62806
 1.78151  -4.5113  1.62849
 1.78194 -4.50885  1.62849
 1.78238  -4.5064  1.62893
 1.78281 -4.50396  1.62936
 1.78324 -4.50151  1.62979
 1.78368 -4.49907  1.63023
 1.78411 -4.49663  1.63066
 1.78454 -4.49419  1.63066
 1.78498 -4.49175  1.63109
 1.78541 -4.48932  1.63153
 1.78585 -4.48688  1.63196
 1.78628 -4.48445  1.63239
 1.78671 -4.48202  1.63283
 1.78715 -4.47959  1.63283
 1.78758 -4.47716  1.63326
 1.78801 -4.47474  1.63369
 1.78845 -4.47231  1.63413
 1.78888 -4.46989  1.63456
 1.78931 -4.46747  1.63499
 1.78975 -4.46505  1.63543
 1.79018 -4.46264  1.63543
 1.79061 -4.46022  1.63586
 1.79105 -4.45781   1.6363
 1.79148  -4.4554  1.63673
 1.79191 -4.45299  1.63716
 1.79235 -4.45058   1.6376
 1.79278 -4.44817   1.6376
 1.79321 -4.44577  1.63803
 1.79365 -4.44337  1.63846
 1.79408 -4.44096   1.6389
 1.79451 -4.43856  1.63933
 1.79495 -4.43617  1.63976
 1.79538 -4.43377   1.6402
 1.79582 -4.43138   1.6402
 1.79625 -4.42898  1.64063
 1.79668 -4.42659  1.64106
 1.79712  -4.4242   1.6415
 1.79755 -4.42182  1.64193
 1.79798 -4.41943  1.64236
 1.79842 -4.41705  1.64236
 1.79885 -4.41466   1.6428
 1.79928 -4.41228  1.64323
 1.79972 -4.40991  1.64366
 1.80015 -4.40753   1.6441
 1.80058 -4.40515  1.64453
 1.80102 -4.40278  1.64496
 1.80145 -4.40041  1.64496
 1.80188 -4.39804   1.6454
 1.80232 -4.39567  1.64583
 1.80275  -4.3933  1.64627
 1.80318 -4.39093   1.6467
 1.80362 -4.38857  1.64713
 1.80405 -4.38621  1.64713
 1.80448 -4.38385  1.64757
 1.80492 -4.38149    1.648
 1.80535 -4.37913  1.64843
 1.80579 -4.37678  1.64887
 1.80622 -4.37442   1.6493
 1.80665 -4.37207   1.6493
 1.80709 -4.36972  1.64973
 1.80752 -4.36737  1.65017
 1.80795 -4.36503   1.6506
 1.80839 -4.36268  1.65103
 1.80882 -4.36034  1.65147
 1.80925   -4.358   1.6519
 1.80969 -4.35566   1.6519
 1.81012 -4.35332  1.65233
 1.81055 -4.35098  1.65277
 1.81099 -4.34864   1.6532
 1.81142 -4.34631  1.65363
 1.81185 -4.34398  1.65407
 1.81229 -4.34165  1.65407
 1.81272 -4.33932   1.6545
 1.81315 -4.33699  1.65493
 1.81359 -4.33467  1.65537
 1.81402 -4.33234   1.6558
 1.81445 -4.33002  1.65624
 1.81489  -4.3277  1.65667
 1.81532 -4.32538  1.65667
 1.81576 -4.32307   1.6571
 1.81619 -4.32075  1.65754
 1.81662 -4.31844  1.65797
 1.81706 -4.31613   1.6584
 1.81749 -4.31382  1.65884
 1.81792 -4.31151  1.65884
 1.81836  -4.3092  1.65927
 1.81879 -4.30689   1.6597
 1.81922 -4.30459  1.66014
 1.81966 -4.30229  1.66057
 1.82009 -4.29999    1.661
 1.82052 -4.29769  1.66144
 1.82096 -4.29539  1.66144
 1.82139 -4.29309  1.66187
 1.82182  -4.2908   1.6623
 1.82226 -4.28851  1.66274
 1.82269 -4.28622  1.66317
 1.82312 -4.28393   1.6636
 1.82356 -4.28164   1.6636
 1.82399 -4.27935  1.66404
 1.82442 -4.27707  1.66447
 1.82486 -4.27479   1.6649
 1.82529  -4.2725  1.66534
 1.82573 -4.27023  1.66577
 1.82616 -4.26795  1.66621
 1.82659 -4.26567  1.66621
 1.82703  -4.2634  1.66664
 1.82746 -4.26112  1.66707
 1.82789 -4.25885  1.66751
 1.82833 -4.25658  1.66794
 1.82876 -4.25431  1.66837
 1.82919 -4.25205  1.66837
 1.82963 -4.24978  1.66881
 1.83006 -4.24752  1.66924
 1.83049 -4.24526  1.66967
 1.83093 -4.24299  1.67011
 1.83136 -4.24074  1.67054
 1.83179 -4.23848  1.67054
 1.83223 -4.23622  1.67097
 1.83266 -4.23397  1.67141
 1.83309 -4.23172  1.67184
 1.83353 -4.22947  1.67227
 1.83396 -4.22722  1.67271
 1.83439 -4.22497  1.67314
 1.83483 -4.22272  1.67314
 1.83526 -4.22048  1.67357
  1.8357 -4.21824  1.67401
 1.83613 -4.21599  1.67444
 1.83656 -4.21375  1.67487
   1.837 -4.21152  1.67531
 1.83743 -4.20928  1.67531
 1.83786 -4.20704  1.67574
  1.8383 -4.20481  1.67618
 1.83873 -4.20258  1.67661
 1.83916 -4.20035  1.67704
  1.8396 -4.19812  1.67748
 1.84003 -4.19589  1.67791
 1.84046 -4.19367  1.67791
  1.8409 -4.19144  1.67834
 1.84133 -4.18922  1.67878
 1.84176   -4.187  1.67921
  1.8422 -4.18478  1.67964
 1.84263 -4.18256  1.68008
 1.84306 -4.18035  1.68008
  1.8435 -4.17813  1.68051
 1.84393 -4.17592  1.68094
 1.84436 -4.17371  1.68138
  1.8448  -4.1715  1.68181
 1.84523 -4.16929  1.68224
 1.84567 -4.16708  1.68268
  1.8461 -4.16488  1.68268
 1.84653 -4.16267  1.68311
 1.84697 -4.16047  1.68354
  1.8474 -4.15827  1.68398
 1.84783 -4.15607  1.68441
 1.84827 -4.15387  1.68484
  1.8487 -4.15168  1.68484
 1.84913 -4.14948  1.68528
 1.84957 -4.14729  1.68571
    1.85  -4.1451  1.68615