 kgrid  ValNew  Policy 
    0.55 -57.2524     0.55
0.550433 -57.1732     0.55
0.550867 -57.0946     0.55
  0.5513 -57.0165     0.55
0.551734 -56.9389     0.55
0.552167 -56.8619     0.55
0.552601 -56.7854     0.55
0.553034 -56.7095     0.55
0.553468 -56.6341     0.55
0.553901 -56.5592     0.55
0.554335 -56.4848     0.55
0.554768 -56.4109     0.55
0.555202 -56.3376     0.55
0.555635 -56.2647     0.55
0.556069 -56.1924     0.55
0.556502 -56.1205     0.55
0.556936 -56.0492     0.55
0.557369 -55.9783     0.55
0.557803 -55.9079     0.55
0.558236  -55.838     0.55
 0.55867 -55.7686     0.55
0.559103 -55.6996     0.55
0.559537 -55.6312     0.55
 0.55997 -55.5631     0.55
0.560403 -55.4956     0.55
0.560837 -55.4285     0.55
 0.56127 -55.3618     0.55
0.561704 -55.2956     0.55
0.562137 -55.2299     0.55
0.562571 -55.1643 0.550433
0.563004  -55.099 0.550867
0.563438 -55.0339 0.550867
0.563871 -54.9689   0.5513
0.564305 -54.9042 0.551734
0.564738 -54.8395 0.551734
0.565172 -54.7751 0.552167
0.565605 -54.7109 0.552601
0.566039 -54.6468 0.552601
0.566472 -54.5829 0.553034
0.566906 -54.5193 0.553468
0.567339 -54.4558 0.553468
0.567773 -54.3924 0.553901
0.568206 -54.3292 0.554335
 0.56864 -54.2663 0.554335
0.569073 -54.2034 0.554768
0.569507 -54.1408 0.555202
 0.56994 -54.0784 0.555635
0.570373  -54.016 0.555635
0.570807 -53.9539 0.556069
 0.57124  -53.892 0.556502
0.571674 -53.8302 0.556502
0.572107 -53.7686 0.556936
0.572541 -53.7071 0.557369
0.572974 -53.6459 0.557369
0.573408 -53.5847 0.557803
0.573841 -53.5238 0.558236
0.574275  -53.463 0.558236
0.574708 -53.4024  0.55867
0.575142 -53.3419 0.559103
0.575575 -53.2817 0.559537
0.576009 -53.2215 0.559537
0.576442 -53.1616  0.55997
0.576876 -53.1018 0.560403
0.577309 -53.0421 0.560403
0.577743 -52.9826 0.560837
0.578176 -52.9233  0.56127
 0.57861 -52.8642  0.56127
0.579043 -52.8051 0.561704
0.579476 -52.7463 0.562137
 0.57991 -52.6876 0.562571
0.580343  -52.629 0.562571
0.580777 -52.5707 0.563004
 0.58121 -52.5124 0.563438
0.581644 -52.4543 0.563438
0.582077 -52.3963 0.563871
0.582511 -52.3385 0.564305
0.582944 -52.2808 0.564738
0.583378 -52.2233 0.564738
0.583811 -52.1658 0.565172
0.584245 -52.1086 0.565605
0.584678 -52.0514 0.566039
0.585112 -51.9944 0.566039
0.585545 -51.9375 0.566472
0.585979 -51.8808 0.566906
0.586412 -51.8242 0.567339
0.586846 -51.7677 0.567339
0.587279 -51.7113 0.567773
0.587713 -51.6551 0.568206
0.588146  -51.599  0.56864
 0.58858 -51.5431  0.56864
0.589013 -51.4872 0.569073
0.589446 -51.4315 0.569507
 0.58988 -51.3759  0.56994
0.590313 -51.3205  0.56994
0.590747 -51.2652 0.570373
 0.59118   -51.21 0.570807
0.591614 -51.1549  0.57124
0.592047    -51.1  0.57124
0.592481 -51.0452 0.571674
0.592914 -50.9905 0.572107
0.593348 -50.9359 0.572541
0.593781 -50.8815 0.572974
0.594215 -50.8272 0.572974
0.594648  -50.773 0.573408
0.595082 -50.7189 0.573841
0.595515  -50.665 0.574275
0.595949 -50.6111 0.574275
0.596382 -50.5574 0.574708
0.596816 -50.5038 0.575142
0.597249 -50.4504 0.575575
0.597683  -50.397 0.575575
0.598116 -50.3438 0.576009
 0.59855 -50.2906 0.576442
0.598983 -50.2377 0.576876
0.599416 -50.1848 0.576876
 0.59985  -50.132 0.577309
0.600283 -50.0793 0.577743
0.600717 -50.0268 0.578176
 0.60115 -49.9744  0.57861
0.601584 -49.9221  0.57861
0.602017 -49.8699 0.579043
0.602451 -49.8178 0.579476
0.602884 -49.7659  0.57991
0.603318  -49.714  0.57991
0.603751 -49.6622 0.580343
0.604185 -49.6105 0.580777
0.604618 -49.5589  0.58121
0.605052 -49.5074 0.581644
0.605485 -49.4561 0.582077
0.605919 -49.4048 0.582511
0.606352 -49.3535 0.582511
0.606786 -49.3024 0.582944
0.607219 -49.2514 0.583378
0.607653 -49.2004 0.583811
0.608086 -49.1496 0.584245
 0.60852 -49.0989 0.584678
0.608953 -49.0482 0.584678
0.609386 -48.9976 0.585112
 0.60982 -48.9471 0.585545
0.610253 -48.8967 0.585979
0.610687 -48.8465 0.586412
 0.61112 -48.7963 0.586412
0.611554 -48.7461 0.586846
0.611987 -48.6961 0.587279
0.612421 -48.6461 0.587713
0.612854 -48.5963 0.588146
0.613288 -48.5465  0.58858
0.613721 -48.4969 0.589013
0.614155 -48.4473 0.589013
0.614588 -48.3978 0.589446
0.615022 -48.3483  0.58988
0.615455  -48.299 0.590313
0.615889 -48.2498 0.590747
0.616322 -48.2006  0.59118
0.616756 -48.1515  0.59118
0.617189 -48.1025 0.591614
0.617623 -48.0536 0.592047
0.618056 -48.0048 0.592481
0.618489  -47.956 0.592914
0.618923 -47.9074 0.593348
0.619356 -47.8588 0.593781
 0.61979 -47.8103 0.593781
0.620223 -47.7619 0.594215
0.620657 -47.7136 0.594648
 0.62109 -47.6654 0.595082
0.621524 -47.6172 0.595515
0.621957 -47.5691 0.595949
0.622391 -47.5212 0.595949
0.622824 -47.4732 0.596382
0.623258 -47.4254 0.596816
0.623691 -47.3776 0.597249
0.624125   -47.33 0.597683
0.624558 -47.2824 0.598116
0.624992 -47.2349  0.59855
0.625425 -47.1875  0.59855
0.625859 -47.1401 0.598983
0.626292 -47.0928 0.599416
0.626726 -47.0456  0.59985
0.627159 -46.9985 0.600283
0.627593 -46.9515 0.600717
0.628026 -46.9046  0.60115
0.628459 -46.8577  0.60115
0.628893 -46.8109 0.601584
0.629326 -46.7641 0.602017
 0.62976 -46.7175 0.602451
0.630193 -46.6709 0.602884
0.630627 -46.6245 0.603318
 0.63106 -46.5781 0.603751
0.631494 -46.5317 0.603751
0.631927 -46.4854 0.604185
0.632361 -46.4393 0.604618
0.632794 -46.3931 0.605052
0.633228 -46.3471 0.605485
0.633661 -46.3012 0.605919
0.634095 -46.2553 0.606352
0.634528 -46.2095 0.606352
0.634962 -46.1637 0.606786
0.635395  -46.118 0.607219
0.635829 -46.0724 0.607653
0.636262 -46.0269 0.608086
0.636696 -45.9815  0.60852
0.637129 -45.9361 0.608953
0.637563 -45.8908 0.608953
0.637996 -45.8456 0.609386
0.638429 -45.8004  0.60982
0.638863 -45.7553 0.610253
0.639296 -45.7103 0.610687
 0.63973 -45.6653  0.61112
0.640163 -45.6205 0.611554
0.640597 -45.5757 0.611554
 0.64103 -45.5309 0.611987
0.641464 -45.4862 0.612421
0.641897 -45.4416 0.612854
0.642331 -45.3971 0.613288
0.642764 -45.3527 0.613721
0.643198 -45.3083 0.614155
0.643631  -45.264 0.614588
0.644065 -45.2197 0.614588
0.644498 -45.1755 0.615022
0.644932 -45.1314 0.615455
0.645365 -45.0874 0.615889
0.645799 -45.0434 0.616322
0.646232 -44.9995 0.616756
0.646666 -44.9557 0.617189
0.647099 -44.9119 0.617189
0.647533 -44.8682 0.617623
0.647966 -44.8246 0.618056
0.648399  -44.781 0.618489
0.648833 -44.7375 0.618923
0.649266 -44.6941 0.619356
  0.6497 -44.6507  0.61979
0.650133 -44.6074 0.620223
0.650567 -44.5642 0.620223
   0.651  -44.521 0.620657
0.651434 -44.4779  0.62109
0.651867 -44.4349 0.621524
0.652301 -44.3919 0.621957
0.652734 -44.3491 0.622391
0.653168 -44.3062 0.622824
0.653601 -44.2635 0.622824
0.654035 -44.2207 0.623258
0.654468 -44.1781 0.623691
0.654902 -44.1355 0.624125
0.655335  -44.093 0.624558
0.655769 -44.0505 0.624992
0.656202 -44.0082 0.625425
0.656636 -43.9658 0.625859
0.657069 -43.9236 0.625859
0.657503 -43.8814 0.626292
0.657936 -43.8392 0.626726
0.658369 -43.7971 0.627159
0.658803 -43.7551 0.627593
0.659236 -43.7132 0.628026
 0.65967 -43.6713 0.628459
0.660103 -43.6295 0.628893
0.660537 -43.5877 0.628893
 0.66097  -43.546 0.629326
0.661404 -43.5044  0.62976
0.661837 -43.4628 0.630193
0.662271 -43.4212 0.630627
0.662704 -43.3798  0.63106
0.663138 -43.3384 0.631494
0.663571 -43.2971 0.631927
0.664005 -43.2558 0.631927
0.664438 -43.2146 0.632361
0.664872 -43.1734 0.632794
0.665305 -43.1323 0.633228
0.665739 -43.0913 0.633661
0.666172 -43.0503 0.634095
0.666606 -43.0094 0.634528
0.667039 -42.9685 0.634962
0.667472 -42.9278 0.635395
0.667906  -42.887 0.635395
0.668339 -42.8463 0.635829
0.668773 -42.8057 0.636262
0.669206 -42.7651 0.636696
 0.66964 -42.7246 0.637129
0.670073 -42.6842 0.637563
0.670507 -42.6438 0.637996
 0.67094 -42.6035 0.638429
0.671374 -42.5632 0.638429
0.671807  -42.523 0.638863
0.672241 -42.4828 0.639296
0.672674 -42.4427  0.63973
0.673108 -42.4027 0.640163
0.673541 -42.3627 0.640597
0.673975 -42.3228  0.64103
0.674408 -42.2829 0.641464
0.674842 -42.2431 0.641464
0.675275 -42.2034 0.641897
0.675709 -42.1637 0.642331
0.676142  -42.124 0.642764
0.676576 -42.0844 0.643198
0.677009 -42.0449 0.643631
0.677442 -42.0055 0.644065
0.677876  -41.966 0.644498
0.678309 -41.9267 0.644498
0.678743 -41.8874 0.644932
0.679176 -41.8481 0.645365
 0.67961 -41.8089 0.645799
0.680043 -41.7698 0.646232
0.680477 -41.7307 0.646666
 0.68091 -41.6917 0.647099
0.681344 -41.6527 0.647533
0.681777 -41.6138 0.647533
0.682211  -41.575 0.647966
0.682644 -41.5361 0.648399
0.683078 -41.4974 0.648833
0.683511 -41.4587 0.649266
0.683945 -41.4201   0.6497
0.684378 -41.3815 0.650133
0.684812 -41.3429 0.650567
0.685245 -41.3045    0.651
0.685679  -41.266    0.651
0.686112 -41.2277 0.651434
0.686546 -41.1893 0.651867
0.686979 -41.1511 0.652301
0.687412 -41.1129 0.652734
0.687846 -41.0747 0.653168
0.688279 -41.0366 0.653601
0.688713 -40.9986 0.654035
0.689146 -40.9606 0.654035
 0.68958 -40.9226 0.654468
0.690013 -40.8847 0.654902
0.690447 -40.8469 0.655335
 0.69088 -40.8091 0.655769
0.691314 -40.7714 0.656202
0.691747 -40.7337 0.656636
0.692181 -40.6961 0.657069
0.692614 -40.6585 0.657069
0.693048  -40.621 0.657503
0.693481 -40.5835 0.657936
0.693915 -40.5461 0.658369
0.694348 -40.5087 0.658803
0.694782 -40.4714 0.659236
0.695215 -40.4341  0.65967
0.695649 -40.3969 0.660103
0.696082 -40.3598 0.660537
0.696516 -40.3226 0.660537
0.696949 -40.2856  0.66097
0.697382 -40.2486 0.661404
0.697816 -40.2116 0.661837
0.698249 -40.1747 0.662271
0.698683 -40.1378 0.662704
0.699116  -40.101 0.663138
 0.69955 -40.0643 0.663571
0.699983 -40.0276 0.663571
0.700417 -39.9909 0.664005
 0.70085 -39.9543 0.664438
0.701284 -39.9177 0.664872
0.701717 -39.8812 0.665305
0.702151 -39.8447 0.665739
0.702584 -39.8083 0.666172
0.703018  -39.772 0.666606
0.703451 -39.7357 0.667039
0.703885 -39.6994 0.667039
0.704318 -39.6632 0.667472
0.704752  -39.627 0.667906
0.705185 -39.5909 0.668339
0.705619 -39.5549 0.668773
0.706052 -39.5188 0.669206
0.706485 -39.4829  0.66964
0.706919  -39.447 0.670073
0.707352 -39.4111 0.670073
0.707786 -39.3753 0.670507
0.708219 -39.3395  0.67094
0.708653 -39.3038 0.671374
0.709086 -39.2681 0.671807
 0.70952 -39.2325 0.672241
0.709953 -39.1969 0.672674
0.710387 -39.1614 0.673108
 0.71082 -39.1259 0.673541
0.711254 -39.0904 0.673541
0.711687 -39.0551 0.673975
0.712121 -39.0197 0.674408
0.712554 -38.9844 0.674842
0.712988 -38.9492 0.675275
0.713421  -38.914 0.675709
0.713855 -38.8788 0.676142
0.714288 -38.8437 0.676576
0.714722 -38.8087 0.677009
0.715155 -38.7736 0.677009
0.715589 -38.7387 0.677442
0.716022 -38.7037 0.677876
0.716455 -38.6689 0.678309
0.716889  -38.634 0.678743
0.717322 -38.5993 0.679176
0.717756 -38.5645  0.67961
0.718189 -38.5299 0.680043
0.718623 -38.4952 0.680043
0.719056 -38.4606 0.680477
 0.71949 -38.4261  0.68091
0.719923 -38.3916 0.681344
0.720357 -38.3571 0.681777
 0.72079 -38.3227 0.682211
0.721224 -38.2883 0.682644
0.721657  -38.254 0.683078
0.722091 -38.2197 0.683511
0.722524 -38.1855 0.683511
0.722958 -38.1513 0.683945
0.723391 -38.1172 0.684378
0.723825 -38.0831 0.684812
0.724258  -38.049 0.685245
0.724692  -38.015 0.685679
0.725125 -37.9811 0.686112
0.725559 -37.9472 0.686546
0.725992 -37.9133 0.686546
0.726425 -37.8795 0.686979
0.726859 -37.8457 0.687412
0.727292 -37.8119 0.687846
0.727726 -37.7782 0.688279
0.728159 -37.7446 0.688713
0.728593  -37.711 0.689146
0.729026 -37.6774  0.68958
 0.72946 -37.6439 0.690013
0.729893 -37.6104 0.690013
0.730327  -37.577 0.690447
 0.73076 -37.5436  0.69088
0.731194 -37.5103 0.691314
0.731627  -37.477 0.691747
0.732061 -37.4437 0.692181
0.732494 -37.4105 0.692614
0.732928 -37.3773 0.693048
0.733361 -37.3442 0.693481
0.733795 -37.3111 0.693481
0.734228 -37.2781 0.693915
0.734662 -37.2451 0.694348
0.735095 -37.2121 0.694782
0.735529 -37.1792 0.695215
0.735962 -37.1463 0.695649
0.736395 -37.1135 0.696082
0.736829 -37.0807 0.696516
0.737262  -37.048 0.696949
0.737696 -37.0153 0.696949
0.738129 -36.9826 0.697382
0.738563   -36.95 0.697816
0.738996 -36.9174 0.698249
 0.73943 -36.8849 0.698683
0.739863 -36.8524 0.699116
0.740297   -36.82  0.69955
 0.74073 -36.7876 0.699983
0.741164 -36.7552 0.699983
0.741597 -36.7229 0.700417
0.742031 -36.6906  0.70085
0.742464 -36.6584 0.701284
0.742898 -36.6262 0.701717
0.743331  -36.594 0.702151
0.743765 -36.5619 0.702584
0.744198 -36.5299 0.703018
0.744632 -36.4978 0.703451
0.745065 -36.4658 0.703451
0.745498 -36.4339 0.703885
0.745932  -36.402 0.704318
0.746365 -36.3701 0.704752
0.746799 -36.3383 0.705185
0.747232 -36.3065 0.705619
0.747666 -36.2747 0.706052
0.748099 -36.2431 0.706485
0.748533 -36.2114 0.706919
0.748966 -36.1798 0.706919
  0.7494 -36.1482 0.707352
0.749833 -36.1166 0.707786
0.750267 -36.0851 0.708219
  0.7507 -36.0537 0.708653
0.751134 -36.0222 0.709086
0.751567 -35.9909  0.70952
0.752001 -35.9595 0.709953
0.752434 -35.9282 0.709953
0.752868  -35.897 0.710387
0.753301 -35.8657  0.71082
0.753735 -35.8345 0.711254
0.754168 -35.8034 0.711687
0.754602 -35.7723 0.712121
0.755035 -35.7412 0.712554
0.755468 -35.7102 0.712988
0.755902 -35.6792 0.713421
0.756335 -35.6483 0.713421
0.756769 -35.6174 0.713855
0.757202 -35.5865 0.714288
0.757636 -35.5557 0.714722
0.758069 -35.5249 0.715155
0.758503 -35.4941 0.715589
0.758936 -35.4634 0.716022
 0.75937 -35.4327 0.716455
0.759803 -35.4021 0.716889
0.760237 -35.3715 0.716889
 0.76067 -35.3409 0.717322
0.761104 -35.3104 0.717756
0.761537 -35.2799 0.718189
0.761971 -35.2495 0.718623
0.762404 -35.2191 0.719056
0.762838 -35.1887  0.71949
0.763271 -35.1584 0.719923
0.763705 -35.1281 0.720357
0.764138 -35.0979 0.720357
0.764572 -35.0676  0.72079
0.765005 -35.0374 0.721224
0.765438 -35.0073 0.721657
0.765872 -34.9772 0.722091
0.766305 -34.9471 0.722524
0.766739 -34.9171 0.722958
0.767172 -34.8871 0.723391
0.767606 -34.8572 0.723391
0.768039 -34.8273 0.723825
0.768473 -34.7974 0.724258
0.768906 -34.7675 0.724692
 0.76934 -34.7377 0.725125
0.769773  -34.708 0.725559
0.770207 -34.6782 0.725992
 0.77064 -34.6486 0.726425
0.771074 -34.6189 0.726859
0.771507 -34.5893 0.726859
0.771941 -34.5597 0.727292
0.772374 -34.5302 0.727726
0.772808 -34.5006 0.728159
0.773241 -34.4712 0.728593
0.773675 -34.4417 0.729026
0.774108 -34.4123  0.72946
0.774542  -34.383 0.729893
0.774975 -34.3537 0.730327
0.775408 -34.3244 0.730327
0.775842 -34.2951  0.73076
0.776275 -34.2659 0.731194
0.776709 -34.2367 0.731627
0.777142 -34.2076 0.732061
0.777576 -34.1785 0.732494
0.778009 -34.1494 0.732928
0.778443 -34.1204 0.733361
0.778876 -34.0914 0.733795
 0.77931 -34.0624 0.733795
0.779743 -34.0335 0.734228
0.780177 -34.0046 0.734662
 0.78061 -33.9757 0.735095
0.781044 -33.9469 0.735529
0.781477 -33.9181 0.735962
0.781911 -33.8894 0.736395
0.782344 -33.8606 0.736829
0.782778  -33.832 0.736829
0.783211 -33.8033 0.737262
0.783645 -33.7747 0.737696
0.784078 -33.7461 0.738129
0.784512 -33.7176 0.738563
0.784945 -33.6891 0.738996
0.785378 -33.6606  0.73943
0.785812 -33.6322 0.739863
0.786245 -33.6038 0.740297
0.786679 -33.5754 0.740297
0.787112 -33.5471  0.74073
0.787546 -33.5188 0.741164
0.787979 -33.4905 0.741597
0.788413 -33.4623 0.742031
0.788846 -33.4341 0.742464
 0.78928 -33.4059 0.742898
0.789713 -33.3778 0.743331
0.790147 -33.3497 0.743765
 0.79058 -33.3217 0.743765
0.791014 -33.2936 0.744198
0.791447 -33.2656 0.744632
0.791881 -33.2377 0.745065
0.792314 -33.2098 0.745498
0.792748 -33.1819 0.745932
0.793181  -33.154 0.746365
0.793615 -33.1262 0.746799
0.794048 -33.0984 0.746799
0.794481 -33.0707 0.747232
0.794915  -33.043 0.747666
0.795348 -33.0153 0.748099
0.795782 -32.9876 0.748533
0.796215   -32.96 0.748966
0.796649 -32.9324   0.7494
0.797082 -32.9049 0.749833
0.797516 -32.8774 0.750267
0.797949 -32.8499 0.750267
0.798383 -32.8224   0.7507
0.798816  -32.795 0.751134
 0.79925 -32.7676 0.751567
0.799683 -32.7403 0.752001
0.800117  -32.713 0.752434
 0.80055 -32.6857 0.752868
0.800984 -32.6584 0.753301
0.801417 -32.6312 0.753735
0.801851  -32.604 0.753735
0.802284 -32.5769 0.754168
0.802718 -32.5497 0.754602
0.803151 -32.5226 0.755035
0.803585 -32.4956 0.755468
0.804018 -32.4686 0.755902
0.804451 -32.4416 0.756335
0.804885 -32.4146 0.756769
0.805318 -32.3877 0.757202
0.805752 -32.3608 0.757202
0.806185 -32.3339 0.757636
0.806619 -32.3071 0.758069
0.807052 -32.2803 0.758503
0.807486 -32.2535 0.758936
0.807919 -32.2268  0.75937
0.808353 -32.2001 0.759803
0.808786 -32.1734 0.760237
 0.80922 -32.1468 0.760237
0.809653 -32.1202  0.76067
0.810087 -32.0936 0.761104
 0.81052 -32.0671 0.761537
0.810954 -32.0406 0.761971
0.811387 -32.0141 0.762404
0.811821 -31.9876 0.762838
0.812254 -31.9612 0.763271
0.812688 -31.9348 0.763705
0.813121 -31.9085 0.763705
0.813555 -31.8822 0.764138
0.813988 -31.8559 0.764572
0.814421 -31.8296 0.765005
0.814855 -31.8034 0.765438
0.815288 -31.7772 0.765872
0.815722  -31.751 0.766305
0.816155 -31.7249 0.766739
0.816589 -31.6988 0.767172
0.817022 -31.6727 0.767172
0.817456 -31.6467 0.767606
0.817889 -31.6206 0.768039
0.818323 -31.5947 0.768473
0.818756 -31.5687 0.768906
 0.81919 -31.5428  0.76934
0.819623 -31.5169 0.769773
0.820057  -31.491 0.770207
 0.82049 -31.4652 0.770207
0.820924 -31.4394  0.77064
0.821357 -31.4136 0.771074
0.821791 -31.3879 0.771507
0.822224 -31.3622 0.771941
0.822658 -31.3365 0.772374
0.823091 -31.3109 0.772808
0.823525 -31.2853 0.773241
0.823958 -31.2597 0.773675
0.824391 -31.2341 0.773675
0.824825 -31.2086 0.774108
0.825258 -31.1831 0.774542
0.825692 -31.1576 0.774975
0.826125 -31.1322 0.775408
0.826559 -31.1068 0.775842
0.826992 -31.0814 0.776275
0.827426 -31.0561 0.776709
0.827859 -31.0308 0.777142
0.828293 -31.0055 0.777142
0.828726 -30.9802 0.777576
 0.82916  -30.955 0.778009
0.829593 -30.9298 0.778443
0.830027 -30.9046 0.778876
 0.83046 -30.8795  0.77931
0.830894 -30.8544 0.779743
0.831327 -30.8293 0.780177
0.831761 -30.8043  0.78061
0.832194 -30.7792  0.78061
0.832628 -30.7542 0.781044
0.833061 -30.7293 0.781477
0.833494 -30.7043 0.781911
0.833928 -30.6794 0.782344
0.834361 -30.6545 0.782778
0.834795 -30.6297 0.783211
0.835228 -30.6049 0.783645
0.835662 -30.5801 0.783645
0.836095 -30.5553 0.784078
0.836529 -30.5306 0.784512
0.836962 -30.5059 0.784945
0.837396 -30.4812 0.785378
0.837829 -30.4566 0.785812
0.838263  -30.432 0.786245
0.838696 -30.4074 0.786679
 0.83913 -30.3828 0.787112
0.839563 -30.3583 0.787112
0.839997 -30.3338 0.787546
 0.84043 -30.3093 0.787979
0.840864 -30.2848 0.788413
0.841297 -30.2604 0.788846
0.841731  -30.236  0.78928
0.842164 -30.2117 0.789713
0.842598 -30.1874 0.790147
0.843031 -30.1631  0.79058
0.843464 -30.1388  0.79058
0.843898 -30.1145 0.791014
0.844331 -30.0903 0.791447
0.844765 -30.0661 0.791881
0.845198 -30.0419 0.792314
0.845632 -30.0178 0.792748
0.846065 -29.9937 0.793181
0.846499 -29.9696 0.793615
0.846932 -29.9456 0.793615
0.847366 -29.9215 0.794048
0.847799 -29.8975 0.794481
0.848233 -29.8736 0.794915
0.848666 -29.8496 0.795348
  0.8491 -29.8257 0.795782
0.849533 -29.8018 0.796215
0.849967 -29.7779 0.796649
  0.8504 -29.7541 0.797082
0.850834 -29.7303 0.797082
0.851267 -29.7065 0.797516
0.851701 -29.6828 0.797949
0.852134  -29.659 0.798383
0.852568 -29.6353 0.798816
0.853001 -29.6117  0.79925
0.853434  -29.588 0.799683
0.853868 -29.5644 0.800117
0.854301 -29.5408  0.80055
0.854735 -29.5173  0.80055
0.855168 -29.4937 0.800984
0.855602 -29.4702 0.801417
0.856035 -29.4467 0.801851
0.856469 -29.4233 0.802284
0.856902 -29.3998 0.802718
0.857336 -29.3765 0.803151
0.857769 -29.3531 0.803585
0.858203 -29.3297 0.803585
0.858636 -29.3064 0.804018
 0.85907 -29.2831 0.804451
0.859503 -29.2598 0.804885
0.859937 -29.2366 0.805318
 0.86037 -29.2134 0.805752
0.860804 -29.1902 0.806185
0.861237  -29.167 0.806619
0.861671 -29.1439 0.807052
0.862104 -29.1208 0.807052
0.862538 -29.0977 0.807486
0.862971 -29.0746 0.807919
0.863404 -29.0516 0.808353
0.863838 -29.0286 0.808786
0.864271 -29.0056  0.80922
0.864705 -28.9827 0.809653
0.865138 -28.9597 0.810087
0.865572 -28.9368  0.81052
0.866005  -28.914  0.81052
0.866439 -28.8911 0.810954
0.866872 -28.8683 0.811387
0.867306 -28.8455 0.811821
0.867739 -28.8227 0.812254
0.868173    -28.8 0.812688
0.868606 -28.7772 0.813121
 0.86904 -28.7546 0.813555
0.869473 -28.7319 0.813555
0.869907 -28.7092 0.813988
 0.87034 -28.6866 0.814421
0.870774  -28.664 0.814855
0.871207 -28.6414 0.815288
0.871641 -28.6189 0.815722
0.872074 -28.5964 0.816155
0.872508 -28.5739 0.816589
0.872941 -28.5514 0.817022
0.873374  -28.529 0.817022
0.873808 -28.5066 0.817456
0.874241 -28.4842 0.817889
0.874675 -28.4618 0.818323
0.875108 -28.4395 0.818756
0.875542 -28.4172  0.81919
0.875975 -28.3949 0.819623
0.876409 -28.3726 0.820057
0.876842 -28.3504  0.82049
0.877276 -28.3281  0.82049
0.877709 -28.3059 0.820924
0.878143 -28.2838 0.821357
0.878576 -28.2616 0.821791
 0.87901 -28.2395 0.822224
0.879443 -28.2174 0.822658
0.879877 -28.1954 0.823091
 0.88031 -28.1733 0.823525
0.880744 -28.1513 0.823525
0.881177 -28.1293 0.823958
0.881611 -28.1073 0.824391
0.882044 -28.0854 0.824825
0.882477 -28.0635 0.825258
0.882911 -28.0416 0.825692
0.883344 -28.0197 0.826125
0.883778 -27.9979 0.826559
0.884211  -27.976 0.826992
0.884645 -27.9542 0.826992
0.885078 -27.9325 0.827426
0.885512 -27.9107 0.827859
0.885945  -27.889 0.828293
0.886379 -27.8673 0.828726
0.886812 -27.8456  0.82916
0.887246 -27.8239 0.829593
0.887679 -27.8023 0.830027
0.888113 -27.7807  0.83046
0.888546 -27.7591  0.83046
 0.88898 -27.7376 0.830894
0.889413  -27.716 0.831327
0.889847 -27.6945 0.831761
 0.89028  -27.673 0.832194
0.890714 -27.6516 0.832628
0.891147 -27.6301 0.833061
0.891581 -27.6087 0.833494
0.892014 -27.5873 0.833494
0.892447  -27.566 0.833928
0.892881 -27.5446 0.834361
0.893314 -27.5233 0.834795
0.893748  -27.502 0.835228
0.894181 -27.4807 0.835662
0.894615 -27.4595 0.836095
0.895048 -27.4383 0.836529
0.895482 -27.4171 0.836962
0.895915 -27.3959 0.836962
0.896349 -27.3747 0.837396
0.896782 -27.3536 0.837829
0.897216 -27.3325 0.838263
0.897649 -27.3114 0.838696
0.898083 -27.2903  0.83913
0.898516 -27.2693 0.839563
 0.89895 -27.2483 0.839997
0.899383 -27.2273 0.839997
0.899817 -27.2063  0.84043
 0.90025 -27.1853 0.840864
0.900684 -27.1644 0.841297
0.901117 -27.1435 0.841731
0.901551 -27.1226 0.842164
0.901984 -27.1018 0.842598
0.902417 -27.0809 0.843031
0.902851 -27.0601 0.843464
0.903284 -27.0393 0.843464
0.903718 -27.0186 0.843898
0.904151 -26.9978 0.844331
0.904585 -26.9771 0.844765
0.905018 -26.9564 0.845198
0.905452 -26.9357 0.845632
0.905885 -26.9151 0.846065
0.906319 -26.8945 0.846499
0.906752 -26.8739 0.846932
0.907186 -26.8533 0.846932
0.907619 -26.8327 0.847366
0.908053 -26.8122 0.847799
0.908486 -26.7916 0.848233
 0.90892 -26.7711 0.848666
0.909353 -26.7507   0.8491
0.909787 -26.7302 0.849533
 0.91022 -26.7098 0.849967
0.910654 -26.6894 0.849967
0.911087  -26.669   0.8504
0.911521 -26.6486 0.850834
0.911954 -26.6283 0.851267
0.912387  -26.608 0.851701
0.912821 -26.5877 0.852134
0.913254 -26.5674 0.852568
0.913688 -26.5472 0.853001
0.914121 -26.5269 0.853434
0.914555 -26.5067 0.853434
0.914988 -26.4865 0.853868
0.915422 -26.4664 0.854301
0.915855 -26.4462 0.854735
0.916289 -26.4261 0.855168
0.916722  -26.406 0.855602
0.917156 -26.3859 0.856035
0.917589 -26.3659 0.856469
0.918023 -26.3459 0.856902
0.918456 -26.3258 0.856902
 0.91889 -26.3058 0.857336
0.919323 -26.2859 0.857769
0.919757 -26.2659 0.858203
 0.92019  -26.246 0.858636
0.920624 -26.2261  0.85907
0.921057 -26.2062 0.859503
 0.92149 -26.1864 0.859937
0.921924 -26.1665 0.859937
0.922357 -26.1467  0.86037
0.922791 -26.1269 0.860804
0.923224 -26.1071 0.861237
0.923658 -26.0874 0.861671
0.924091 -26.0676 0.862104
0.924525 -26.0479 0.862538
0.924958 -26.0282 0.862971
0.925392 -26.0086 0.863404
0.925825 -25.9889 0.863404
0.926259 -25.9693 0.863838
0.926692 -25.9497 0.864271
0.927126 -25.9301 0.864705
0.927559 -25.9105 0.865138
0.927993  -25.891 0.865572
0.928426 -25.8715 0.866005
 0.92886  -25.852 0.866439
0.929293 -25.8325 0.866439
0.929727  -25.813 0.866872
 0.93016 -25.7936 0.867306
0.930594 -25.7741 0.867739
0.931027 -25.7548 0.868173
 0.93146 -25.7354 0.868606
0.931894  -25.716  0.86904
0.932327 -25.6967 0.869473
0.932761 -25.6774 0.869907
0.933194 -25.6581 0.869907
0.933628 -25.6388  0.87034
0.934061 -25.6195 0.870774
0.934495 -25.6003 0.871207
0.934928 -25.5811 0.871641
0.935362 -25.5619 0.872074
0.935795 -25.5427 0.872508
0.936229 -25.5236 0.872941
0.936662 -25.5045 0.872941
0.937096 -25.4853 0.873374
0.937529 -25.4663 0.873808
0.937963 -25.4472 0.874241
0.938396 -25.4281 0.874675
 0.93883 -25.4091 0.875108
0.939263 -25.3901 0.875542
0.939697 -25.3711 0.875975
 0.94013 -25.3521 0.876409
0.940564 -25.3332 0.876409
0.940997 -25.3143 0.876842
 0.94143 -25.2954 0.877276
0.941864 -25.2765 0.877709
0.942297 -25.2576 0.878143
0.942731 -25.2387 0.878576
0.943164 -25.2199  0.87901
0.943598 -25.2011 0.879443
0.944031 -25.1823 0.879877
0.944465 -25.1636 0.879877
0.944898 -25.1448  0.88031
0.945332 -25.1261 0.880744
0.945765 -25.1074 0.881177
0.946199 -25.0887 0.881611
0.946632   -25.07 0.882044
0.947066 -25.0514 0.882477
0.947499 -25.0327 0.882911
0.947933 -25.0141 0.882911
0.948366 -24.9955 0.883344
  0.9488  -24.977 0.883778
0.949233 -24.9584 0.884211
0.949667 -24.9399 0.884645
  0.9501 -24.9213 0.885078
0.950534 -24.9029 0.885512
0.950967 -24.8844 0.885945
  0.9514 -24.8659 0.886379
0.951834 -24.8475 0.886379
0.952267 -24.8291 0.886812
0.952701 -24.8107 0.887246
0.953134 -24.7923 0.887679
0.953568 -24.7739 0.888113
0.954001 -24.7556 0.888546
0.954435 -24.7373  0.88898
0.954868  -24.719 0.889413
0.955302 -24.7007 0.889413
0.955735 -24.6824 0.889847
0.956169 -24.6642  0.89028
0.956602  -24.646 0.890714
0.957036 -24.6278 0.891147
0.957469 -24.6096 0.891581
0.957903 -24.5914 0.892014
0.958336 -24.5733 0.892447
 0.95877 -24.5551 0.892881
0.959203  -24.537 0.892881
0.959637 -24.5189 0.893314
 0.96007 -24.5009 0.893748
0.960504 -24.4828 0.894181
0.960937 -24.4648 0.894615
 0.96137 -24.4468 0.895048
0.961804 -24.4288 0.895482
0.962237 -24.4108 0.895915
0.962671 -24.3928 0.895915
0.963104 -24.3749 0.896349
0.963538  -24.357 0.896782
0.963971 -24.3391 0.897216
0.964405 -24.3212 0.897649
0.964838 -24.3033 0.898083
0.965272 -24.2855 0.898516
0.965705 -24.2676  0.89895
0.966139 -24.2498 0.899383
0.966572  -24.232 0.899383
0.967006 -24.2143 0.899817
0.967439 -24.1965  0.90025
0.967873 -24.1788 0.900684
0.968306  -24.161 0.901117
 0.96874 -24.1433 0.901551
0.969173 -24.1257 0.901984
0.969607  -24.108 0.902417
 0.97004 -24.0904 0.902417
0.970473 -24.0727 0.902851
0.970907 -24.0551 0.903284
 0.97134 -24.0375 0.903718
0.971774   -24.02 0.904151
0.972207 -24.0024 0.904585
0.972641 -23.9849 0.905018
0.973074 -23.9674 0.905452
0.973508 -23.9499 0.905885
0.973941 -23.9324 0.905885
0.974375 -23.9149 0.906319
0.974808 -23.8975 0.906752
0.975242   -23.88 0.907186
0.975675 -23.8626 0.907619
0.976109 -23.8452 0.908053
0.976542 -23.8279 0.908486
0.976976 -23.8105  0.90892
0.977409 -23.7932  0.90892
0.977843 -23.7759 0.909353
0.978276 -23.7585 0.909787
 0.97871 -23.7413  0.91022
0.979143  -23.724 0.910654
0.979577 -23.7067 0.911087
 0.98001 -23.6895 0.911521
0.980443 -23.6723 0.911954
0.980877 -23.6551 0.912387
 0.98131 -23.6379 0.912387
0.981744 -23.6208 0.912821
0.982177 -23.6036 0.913254
0.982611 -23.5865 0.913688
0.983044 -23.5694 0.914121
0.983478 -23.5523 0.914555
0.983911 -23.5352 0.914988
0.984345 -23.5182 0.915422
0.984778 -23.5011 0.915855
0.985212 -23.4841 0.915855
0.985645 -23.4671 0.916289
0.986079 -23.4501 0.916722
0.986512 -23.4332 0.917156
0.986946 -23.4162 0.917589
0.987379 -23.3993 0.918023
0.987813 -23.3824 0.918456
0.988246 -23.3655  0.91889
 0.98868 -23.3486  0.91889
0.989113 -23.3317 0.919323
0.989547 -23.3149 0.919757
 0.98998  -23.298  0.92019
0.990413 -23.2812 0.920624
0.990847 -23.2644 0.921057
 0.99128 -23.2476  0.92149
0.991714 -23.2309 0.921924
0.992147 -23.2141 0.922357
0.992581 -23.1974 0.922357
0.993014 -23.1807 0.922791
0.993448  -23.164 0.923224
0.993881 -23.1473 0.923658
0.994315 -23.1307 0.924091
0.994748  -23.114 0.924525
0.995182 -23.0974 0.924958
0.995615 -23.0808 0.925392
0.996049 -23.0642 0.925392
0.996482 -23.0476 0.925825
0.996916 -23.0311 0.926259
0.997349 -23.0145 0.926692
0.997783  -22.998 0.927126
0.998216 -22.9815 0.927559
 0.99865  -22.965 0.927993
0.999083 -22.9485 0.928426
0.999517 -22.9321  0.92886
 0.99995 -22.9156  0.92886
 1.00038 -22.8992 0.929293
 1.00082 -22.8828 0.929727
 1.00125 -22.8664  0.93016
 1.00168   -22.85 0.930594
 1.00212 -22.8337 0.931027
 1.00255 -22.8173  0.93146
 1.00298  -22.801 0.931894
 1.00342 -22.7847 0.931894
 1.00385 -22.7684 0.932327
 1.00428 -22.7521 0.932761
 1.00472 -22.7359 0.933194
 1.00515 -22.7196 0.933628
 1.00559 -22.7034 0.934061
 1.00602 -22.6872 0.934495
 1.00645  -22.671 0.934928
 1.00689 -22.6548 0.935362
 1.00732 -22.6387 0.935362
 1.00775 -22.6225 0.935795
 1.00819 -22.6064 0.936229
 1.00862 -22.5903 0.936662
 1.00905 -22.5742 0.937096
 1.00949 -22.5581 0.937529
 1.00992  -22.542 0.937963
 1.01035  -22.526 0.938396
 1.01079 -22.5099 0.938396
 1.01122 -22.4939  0.93883
 1.01165 -22.4779 0.939263
 1.01209 -22.4619 0.939697
 1.01252  -22.446  0.94013
 1.01295   -22.43 0.940564
 1.01339 -22.4141 0.940997
 1.01382 -22.3982  0.94143
 1.01425 -22.3823 0.941864
 1.01469 -22.3664 0.941864
 1.01512 -22.3505 0.942297
 1.01556 -22.3346 0.942731
 1.01599 -22.3188 0.943164
 1.01642  -22.303 0.943598
 1.01686 -22.2872 0.944031
 1.01729 -22.2714 0.944465
 1.01772 -22.2556 0.944898
 1.01816 -22.2398 0.944898
 1.01859 -22.2241 0.945332
 1.01902 -22.2084 0.945765
 1.01946 -22.1926 0.946199
 1.01989 -22.1769 0.946632
 1.02032 -22.1613 0.947066
 1.02076 -22.1456 0.947499
 1.02119 -22.1299 0.947933
 1.02162 -22.1143 0.948366
 1.02206 -22.0987 0.948366
 1.02249 -22.0831   0.9488
 1.02292 -22.0675 0.949233
 1.02336 -22.0519 0.949667
 1.02379 -22.0364   0.9501
 1.02422 -22.0208 0.950534
 1.02466 -22.0053 0.950967
 1.02509 -21.9898   0.9514
 1.02553 -21.9743   0.9514
 1.02596 -21.9588 0.951834
 1.02639 -21.9433 0.952267
 1.02683 -21.9279 0.952701
 1.02726 -21.9124 0.953134
 1.02769  -21.897 0.953568
 1.02813 -21.8816 0.954001
 1.02856 -21.8662 0.954435
 1.02899 -21.8509 0.954868
 1.02943 -21.8355 0.954868
 1.02986 -21.8201 0.955302
 1.03029 -21.8048 0.955735
 1.03073 -21.7895 0.956169
 1.03116 -21.7742 0.956602
 1.03159 -21.7589 0.957036
 1.03203 -21.7436 0.957469
 1.03246 -21.7284 0.957903
 1.03289 -21.7132 0.957903
 1.03333 -21.6979 0.958336
 1.03376 -21.6827  0.95877
 1.03419 -21.6675 0.959203
 1.03463 -21.6523 0.959637
 1.03506 -21.6372  0.96007
  1.0355  -21.622 0.960504
 1.03593 -21.6069 0.960937
 1.03636 -21.5918 0.960937
  1.0368 -21.5767  0.96137
 1.03723 -21.5616 0.961804
 1.03766 -21.5465 0.962237
  1.0381 -21.5315 0.962671
 1.03853 -21.5164 0.963104
 1.03896 -21.5014 0.963538
  1.0394 -21.4864 0.963971
 1.03983 -21.4714 0.964405
 1.04026 -21.4564 0.964405
  1.0407 -21.4414 0.964838
 1.04113 -21.4265 0.965272
 1.04156 -21.4115 0.965705
   1.042 -21.3966 0.966139
 1.04243 -21.3817 0.966572
 1.04286 -21.3668 0.967006
  1.0433 -21.3519 0.967439
 1.04373  -21.337 0.967439
 1.04416 -21.3222 0.967873
  1.0446 -21.3073 0.968306
 1.04503 -21.2925  0.96874
 1.04547 -21.2777 0.969173
  1.0459 -21.2629 0.969607
 1.04633 -21.2481  0.97004
 1.04677 -21.2334 0.970473
  1.0472 -21.2186 0.970907
 1.04763 -21.2039 0.970907
 1.04807 -21.1891  0.97134
  1.0485 -21.1744 0.971774
 1.04893 -21.1597 0.972207
 1.04937  -21.145 0.972641
  1.0498 -21.1304 0.973074
 1.05023 -21.1157 0.973508
 1.05067 -21.1011 0.973941
  1.0511 -21.0865 0.973941
 1.05153 -21.0719 0.974375
 1.05197 -21.0573 0.974808
  1.0524 -21.0427 0.975242
 1.05283 -21.0281 0.975675
 1.05327 -21.0136 0.976109
  1.0537  -20.999 0.976542
 1.05413 -20.9845 0.976976
 1.05457   -20.97 0.977409
   1.055 -20.9555 0.977409
 1.05544  -20.941 0.977843
 1.05587 -20.9265 0.978276
  1.0563 -20.9121  0.97871
 1.05674 -20.8976 0.979143
 1.05717 -20.8832 0.979577
  1.0576 -20.8688  0.98001
 1.05804 -20.8544 0.980443
 1.05847   -20.84 0.980443
  1.0589 -20.8257 0.980877
 1.05934 -20.8113  0.98131
 1.05977  -20.797 0.981744
  1.0602 -20.7826 0.982177
 1.06064 -20.7683 0.982611
 1.06107  -20.754 0.983044
  1.0615 -20.7397 0.983478
 1.06194 -20.7255 0.983911
 1.06237 -20.7112 0.983911
  1.0628 -20.6969 0.984345
 1.06324 -20.6827 0.984778
 1.06367 -20.6685 0.985212
  1.0641 -20.6543 0.985645
 1.06454 -20.6401 0.986079
 1.06497 -20.6259 0.986512
 1.06541 -20.6118 0.986946
 1.06584 -20.5976 0.986946
 1.06627 -20.5835 0.987379
 1.06671 -20.5694 0.987813
 1.06714 -20.5552 0.988246
 1.06757 -20.5411  0.98868
 1.06801 -20.5271 0.989113
 1.06844  -20.513 0.989547
 1.06887 -20.4989  0.98998
 1.06931 -20.4849  0.98998
 1.06974 -20.4709 0.990413
 1.07017 -20.4569 0.990847
 1.07061 -20.4429  0.99128
 1.07104 -20.4289 0.991714
 1.07147 -20.4149 0.992147
 1.07191 -20.4009 0.992581
 1.07234  -20.387 0.993014
 1.07277 -20.3731 0.993448
 1.07321 -20.3591 0.993448
 1.07364 -20.3452 0.993881
 1.07407 -20.3313 0.994315
 1.07451 -20.3175 0.994748
 1.07494 -20.3036 0.995182
 1.07538 -20.2897 0.995615
 1.07581 -20.2759 0.996049
 1.07624 -20.2621 0.996482
 1.07668 -20.2483 0.996482
 1.07711 -20.2345 0.996916
 1.07754 -20.2207 0.997349
 1.07798 -20.2069 0.997783
 1.07841 -20.1931 0.998216
 1.07884 -20.1794  0.99865
 1.07928 -20.1656 0.999083
 1.07971 -20.1519 0.999517
 1.08014 -20.1382  0.99995
 1.08058 -20.1245  0.99995
 1.08101 -20.1108  1.00038
 1.08144 -20.0972  1.00082
 1.08188 -20.0835  1.00125
 1.08231 -20.0699  1.00168
 1.08274 -20.0562  1.00212
 1.08318 -20.0426  1.00255
 1.08361  -20.029  1.00298
 1.08404 -20.0154  1.00298
 1.08448 -20.0018  1.00342
 1.08491 -19.9883  1.00385
 1.08535 -19.9747  1.00428
 1.08578 -19.9612  1.00472
 1.08621 -19.9476  1.00515
 1.08665 -19.9341  1.00559
 1.08708 -19.9206  1.00602
 1.08751 -19.9072  1.00602
 1.08795 -19.8937  1.00645
 1.08838 -19.8802  1.00689
 1.08881 -19.8668  1.00732
 1.08925 -19.8533  1.00775
 1.08968 -19.8399  1.00819
 1.09011 -19.8265  1.00862
 1.09055 -19.8131  1.00905
 1.09098 -19.7997  1.00949
 1.09141 -19.7863  1.00949
 1.09185  -19.773  1.00992
 1.09228 -19.7596  1.01035
 1.09271 -19.7463  1.01079
 1.09315 -19.7329  1.01122
 1.09358 -19.7196  1.01165
 1.09401 -19.7063  1.01209
 1.09445 -19.6931  1.01252
 1.09488 -19.6798  1.01252
 1.09532 -19.6665  1.01295
 1.09575 -19.6533  1.01339
 1.09618   -19.64  1.01382
 1.09662 -19.6268  1.01425
 1.09705 -19.6136  1.01469
 1.09748 -19.6004  1.01512
 1.09792 -19.5872  1.01556
 1.09835  -19.574  1.01599
 1.09878 -19.5609  1.01599
 1.09922 -19.5477  1.01642
 1.09965 -19.5346  1.01686
 1.10008 -19.5215  1.01729
 1.10052 -19.5084  1.01772
 1.10095 -19.4953  1.01816
 1.10138 -19.4822  1.01859
 1.10182 -19.4691  1.01902
 1.10225  -19.456  1.01902
 1.10268  -19.443  1.01946
 1.10312 -19.4299  1.01989
 1.10355 -19.4169  1.02032
 1.10398 -19.4039  1.02076
 1.10442 -19.3909  1.02119
 1.10485 -19.3779  1.02162
 1.10529 -19.3649  1.02206
 1.10572  -19.352  1.02249
 1.10615  -19.339  1.02249
 1.10659 -19.3261  1.02292
 1.10702 -19.3131  1.02336
 1.10745 -19.3002  1.02379
 1.10789 -19.2873  1.02422
 1.10832 -19.2744  1.02466
 1.10875 -19.2615  1.02509
 1.10919 -19.2487  1.02553
 1.10962 -19.2358  1.02553
 1.11005  -19.223  1.02596
 1.11049 -19.2101  1.02639
 1.11092 -19.1973  1.02683
 1.11135 -19.1845  1.02726
 1.11179 -19.1717  1.02769
 1.11222 -19.1589  1.02813
 1.11265 -19.1462  1.02856
 1.11309 -19.1334  1.02856
 1.11352 -19.1207  1.02899
 1.11395 -19.1079  1.02943
 1.11439 -19.0952  1.02986
 1.11482 -19.0825  1.03029
 1.11526 -19.0698  1.03073
 1.11569 -19.0571  1.03116
 1.11612 -19.0444  1.03159
 1.11656 -19.0317  1.03203
 1.11699 -19.0191  1.03203
 1.11742 -19.0064  1.03246
 1.11786 -18.9938  1.03289
 1.11829 -18.9812  1.03333
 1.11872 -18.9686  1.03376
 1.11916  -18.956  1.03419
 1.11959 -18.9434  1.03463
 1.12002 -18.9308  1.03506
 1.12046 -18.9183  1.03506
 1.12089 -18.9057   1.0355
 1.12132 -18.8932  1.03593
 1.12176 -18.8807  1.03636
 1.12219 -18.8682   1.0368
 1.12262 -18.8556  1.03723
 1.12306 -18.8432  1.03766
 1.12349 -18.8307   1.0381
 1.12392 -18.8182   1.0381
 1.12436 -18.8058  1.03853
 1.12479 -18.7933  1.03896
 1.12523 -18.7809   1.0394
 1.12566 -18.7685  1.03983
 1.12609  -18.756  1.04026
 1.12653 -18.7436   1.0407
 1.12696 -18.7313  1.04113
 1.12739 -18.7189  1.04156
 1.12783 -18.7065  1.04156
 1.12826 -18.6942    1.042
 1.12869 -18.6818  1.04243
 1.12913 -18.6695  1.04286
 1.12956 -18.6572   1.0433
 1.12999 -18.6449  1.04373
 1.13043 -18.6326  1.04416
 1.13086 -18.6203   1.0446
 1.13129  -18.608   1.0446
 1.13173 -18.5958  1.04503
 1.13216 -18.5835  1.04547
 1.13259 -18.5713   1.0459
 1.13303  -18.559  1.04633
 1.13346 -18.5468  1.04677
 1.13389 -18.5346   1.0472
 1.13433 -18.5224  1.04763
 1.13476 -18.5102  1.04807
  1.1352 -18.4981  1.04807
 1.13563 -18.4859   1.0485
 1.13606 -18.4737  1.04893
  1.1365 -18.4616  1.04937
 1.13693 -18.4495   1.0498
 1.13736 -18.4374  1.05023
  1.1378 -18.4253  1.05067
 1.13823 -18.4132   1.0511
 1.13866 -18.4011   1.0511
  1.1391  -18.389  1.05153
 1.13953 -18.3769  1.05197
 1.13996 -18.3649   1.0524
  1.1404 -18.3529  1.05283
 1.14083 -18.3408  1.05327
 1.14126 -18.3288   1.0537
  1.1417 -18.3168  1.05413
 1.14213 -18.3048  1.05413
 1.14256 -18.2928  1.05457
   1.143 -18.2809    1.055
 1.14343 -18.2689  1.05544
 1.14386 -18.2569  1.05587
  1.1443  -18.245   1.0563
 1.14473 -18.2331  1.05674
 1.14517 -18.2212  1.05717
  1.1456 -18.2092   1.0576
 1.14603 -18.1973   1.0576
 1.14647 -18.1855  1.05804
  1.1469 -18.1736  1.05847
 1.14733 -18.1617   1.0589
 1.14777 -18.1499  1.05934
  1.1482  -18.138  1.05977
 1.14863 -18.1262   1.0602
 1.14907 -18.1144  1.06064
  1.1495 -18.1026  1.06064
 1.14993 -18.0908  1.06107
 1.15037  -18.079   1.0615
  1.1508 -18.0672  1.06194
 1.15123 -18.0554  1.06237
 1.15167 -18.0437   1.0628
  1.1521 -18.0319  1.06324
 1.15253 -18.0202  1.06367
 1.15297 -18.0085   1.0641
  1.1534 -17.9967   1.0641
 1.15383  -17.985  1.06454
 1.15427 -17.9733  1.06497
  1.1547 -17.9617  1.06541
 1.15514   -17.95  1.06584
 1.15557 -17.9383  1.06627
   1.156 -17.9267  1.06671
 1.15644  -17.915  1.06714
 1.15687 -17.9034  1.06714
  1.1573 -17.8918  1.06757
 1.15774 -17.8802  1.06801
 1.15817 -17.8686  1.06844
  1.1586  -17.857  1.06887
 1.15904 -17.8454  1.06931
 1.15947 -17.8339  1.06974
  1.1599 -17.8223  1.07017
 1.16034 -17.8108  1.07017
 1.16077 -17.7992  1.07061
  1.1612 -17.7877  1.07104
 1.16164 -17.7762  1.07147
 1.16207 -17.7647  1.07191
  1.1625 -17.7532  1.07234
 1.16294 -17.7417  1.07277
 1.16337 -17.7302  1.07321
  1.1638 -17.7188  1.07364
 1.16424 -17.7073  1.07364
 1.16467 -17.6959  1.07407
 1.16511 -17.6844  1.07451
 1.16554  -17.673  1.07494
 1.16597 -17.6616  1.07538
 1.16641 -17.6502  1.07581
 1.16684 -17.6388  1.07624
 1.16727 -17.6274  1.07668
 1.16771 -17.6161  1.07668
 1.16814 -17.6047  1.07711
 1.16857 -17.5933  1.07754
 1.16901  -17.582  1.07798
 1.16944 -17.5707  1.07841
 1.16987 -17.5594  1.07884
 1.17031  -17.548  1.07928
 1.17074 -17.5368  1.07971
 1.17117 -17.5255  1.07971
 1.17161 -17.5142  1.08014
 1.17204 -17.5029  1.08058
 1.17247 -17.4916  1.08101
 1.17291 -17.4804  1.08144
 1.17334 -17.4692  1.08188
 1.17377 -17.4579  1.08231
 1.17421 -17.4467  1.08274
 1.17464 -17.4355  1.08274
 1.17508 -17.4243  1.08318
 1.17551 -17.4131  1.08361
 1.17594 -17.4019  1.08404
 1.17638 -17.3908  1.08448
 1.17681 -17.3796  1.08491
 1.17724 -17.3685  1.08535
 1.17768 -17.3573  1.08578
 1.17811 -17.3462  1.08621
 1.17854 -17.3351  1.08621
 1.17898  -17.324  1.08665
 1.17941 -17.3129  1.08708
 1.17984 -17.3018  1.08751
 1.18028 -17.2907  1.08795
 1.18071 -17.2796  1.08838
 1.18114 -17.2686  1.08881
 1.18158 -17.2575  1.08925
 1.18201 -17.2465  1.08925
 1.18244 -17.2355  1.08968
 1.18288 -17.2244  1.09011
 1.18331 -17.2134  1.09055
 1.18374 -17.2024  1.09098
 1.18418 -17.1914  1.09141
 1.18461 -17.1805  1.09185
 1.18505 -17.1695  1.09228
 1.18548 -17.1585  1.09271
 1.18591 -17.1476  1.09271
 1.18635 -17.1366  1.09315
 1.18678 -17.1257  1.09358
 1.18721 -17.1148  1.09401
 1.18765 -17.1039  1.09445
 1.18808  -17.093  1.09488
 1.18851 -17.0821  1.09532
 1.18895 -17.0712  1.09575
 1.18938 -17.0603  1.09575
 1.18981 -17.0495  1.09618
 1.19025 -17.0386  1.09662
 1.19068 -17.0277  1.09705
 1.19111 -17.0169  1.09748
 1.19155 -17.0061  1.09792
 1.19198 -16.9953  1.09835
 1.19241 -16.9845  1.09878
 1.19285 -16.9737  1.09878
 1.19328 -16.9629  1.09922
 1.19371 -16.9521  1.09965
 1.19415 -16.9413  1.10008
 1.19458 -16.9306  1.10052
 1.19502 -16.9198  1.10095
 1.19545 -16.9091  1.10138
 1.19588 -16.8984  1.10182
 1.19632 -16.8876  1.10182
 1.19675 -16.8769  1.10225
 1.19718 -16.8662  1.10268
 1.19762 -16.8555  1.10312
 1.19805 -16.8448  1.10355
 1.19848 -16.8342  1.10398
 1.19892 -16.8235  1.10442
 1.19935 -16.8129  1.10485
 1.19978 -16.8022  1.10529
 1.20022 -16.7916  1.10529
 1.20065 -16.7809  1.10572
 1.20108 -16.7703  1.10615
 1.20152 -16.7597  1.10659
 1.20195 -16.7491  1.10702
 1.20238 -16.7385  1.10745
 1.20282 -16.7279  1.10789
 1.20325 -16.7174  1.10832
 1.20368 -16.7068  1.10832
 1.20412 -16.6963  1.10875
 1.20455 -16.6857  1.10919
 1.20498 -16.6752  1.10962
 1.20542 -16.6647  1.11005
 1.20585 -16.6541  1.11049
 1.20629 -16.6436  1.11092
 1.20672 -16.6331  1.11135
 1.20715 -16.6227  1.11135
 1.20759 -16.6122  1.11179
 1.20802 -16.6017  1.11222
 1.20845 -16.5912  1.11265
 1.20889 -16.5808  1.11309
 1.20932 -16.5703  1.11352
 1.20975 -16.5599  1.11395
 1.21019 -16.5495  1.11439
 1.21062 -16.5391  1.11482
 1.21105 -16.5287  1.11482
 1.21149 -16.5183  1.11526
 1.21192 -16.5079  1.11569
 1.21235 -16.4975  1.11612
 1.21279 -16.4871  1.11656
 1.21322 -16.4768  1.11699
 1.21365 -16.4664  1.11742
 1.21409 -16.4561  1.11786
 1.21452 -16.4458  1.11786
 1.21495 -16.4354  1.11829
 1.21539 -16.4251  1.11872
 1.21582 -16.4148  1.11916
 1.21626 -16.4045  1.11959
 1.21669 -16.3942  1.12002
 1.21712 -16.3839  1.12046
 1.21756 -16.3737  1.12089
 1.21799 -16.3634  1.12089
 1.21842 -16.3532  1.12132
 1.21886 -16.3429  1.12176
 1.21929 -16.3327  1.12219
 1.21972 -16.3225  1.12262
 1.22016 -16.3122  1.12306
 1.22059  -16.302  1.12349
 1.22102 -16.2918  1.12392
 1.22146 -16.2816  1.12392
 1.22189 -16.2715  1.12436
 1.22232 -16.2613  1.12479
 1.22276 -16.2511  1.12523
 1.22319  -16.241  1.12566
 1.22362 -16.2308  1.12609
 1.22406 -16.2207  1.12653
 1.22449 -16.2106  1.12696
 1.22492 -16.2004  1.12739
 1.22536 -16.1903  1.12739
 1.22579 -16.1802  1.12783
 1.22623 -16.1701  1.12826
 1.22666   -16.16  1.12869
 1.22709   -16.15  1.12913
 1.22753 -16.1399  1.12956
 1.22796 -16.1298  1.12999
 1.22839 -16.1198  1.13043
 1.22883 -16.1098  1.13043
 1.22926 -16.0997  1.13086
 1.22969 -16.0897  1.13129
 1.23013 -16.0797  1.13173
 1.23056 -16.0697  1.13216
 1.23099 -16.0597  1.13259
 1.23143 -16.0497  1.13303
 1.23186 -16.0397  1.13346
 1.23229 -16.0297  1.13346
 1.23273 -16.0198  1.13389
 1.23316 -16.0098  1.13433
 1.23359 -15.9999  1.13476
 1.23403 -15.9899   1.1352
 1.23446   -15.98  1.13563
 1.23489 -15.9701  1.13606
 1.23533 -15.9602   1.1365
 1.23576 -15.9503  1.13693
  1.2362 -15.9404  1.13693
 1.23663 -15.9305  1.13736
 1.23706 -15.9206   1.1378
  1.2375 -15.9107  1.13823
 1.23793 -15.9009  1.13866
 1.23836  -15.891   1.1391
  1.2388 -15.8812  1.13953
 1.23923 -15.8713  1.13996
 1.23966 -15.8615  1.13996
  1.2401 -15.8517   1.1404
 1.24053 -15.8419  1.14083
 1.24096 -15.8321  1.14126
  1.2414 -15.8223   1.1417
 1.24183 -15.8125  1.14213
 1.24226 -15.8027  1.14256
  1.2427  -15.793    1.143
 1.24313 -15.7832    1.143
 1.24356 -15.7735  1.14343
   1.244 -15.7637  1.14386
 1.24443  -15.754   1.1443
 1.24486 -15.7442  1.14473
  1.2453 -15.7345  1.14517
 1.24573 -15.7248   1.1456
 1.24617 -15.7151  1.14603
  1.2466 -15.7054  1.14647
 1.24703 -15.6957  1.14647
 1.24747 -15.6861   1.1469
  1.2479 -15.6764  1.14733
 1.24833 -15.6667  1.14777
 1.24877 -15.6571   1.1482
  1.2492 -15.6474  1.14863
 1.24963 -15.6378  1.14907
 1.25007 -15.6282   1.1495
  1.2505 -15.6186   1.1495
 1.25093 -15.6089  1.14993
 1.25137 -15.5993  1.15037
  1.2518 -15.5897   1.1508
 1.25223 -15.5802  1.15123
 1.25267 -15.5706  1.15167
  1.2531  -15.561   1.1521
 1.25353 -15.5515  1.15253
 1.25397 -15.5419  1.15253
  1.2544 -15.5324  1.15297
 1.25483 -15.5228   1.1534
 1.25527 -15.5133  1.15383
  1.2557 -15.5038  1.15427
 1.25614 -15.4943   1.1547
 1.25657 -15.4848  1.15514
   1.257 -15.4753  1.15557
 1.25744 -15.4658    1.156
 1.25787 -15.4563    1.156
  1.2583 -15.4468  1.15644
 1.25874 -15.4373  1.15687
 1.25917 -15.4279   1.1573
  1.2596 -15.4184  1.15774
 1.26004  -15.409  1.15817
 1.26047 -15.3996   1.1586
  1.2609 -15.3901  1.15904
 1.26134 -15.3807  1.15904
 1.26177 -15.3713  1.15947
  1.2622 -15.3619   1.1599
 1.26264 -15.3525  1.16034
 1.26307 -15.3431  1.16077
  1.2635 -15.3338   1.1612
 1.26394 -15.3244  1.16164
 1.26437  -15.315  1.16207
  1.2648 -15.3057  1.16207
 1.26524 -15.2963   1.1625
 1.26567  -15.287  1.16294
 1.26611 -15.2777  1.16337
 1.26654 -15.2683   1.1638
 1.26697  -15.259  1.16424
 1.26741 -15.2497  1.16467
 1.26784 -15.2404  1.16511
 1.26827 -15.2311  1.16511
 1.26871 -15.2219  1.16554
 1.26914 -15.2126  1.16597
 1.26957 -15.2033  1.16641
 1.27001 -15.1941  1.16684
 1.27044 -15.1848  1.16727
 1.27087 -15.1756  1.16771
 1.27131 -15.1663  1.16814
 1.27174 -15.1571  1.16814
 1.27217 -15.1479  1.16857
 1.27261 -15.1387  1.16901
 1.27304 -15.1295  1.16944
 1.27347 -15.1203  1.16987
 1.27391 -15.1111  1.17031
 1.27434 -15.1019  1.17074
 1.27477 -15.0927  1.17117
 1.27521 -15.0836  1.17161
 1.27564 -15.0744  1.17161
 1.27608 -15.0653  1.17204
 1.27651 -15.0561  1.17247
 1.27694  -15.047  1.17291
 1.27738 -15.0378  1.17334
 1.27781 -15.0287  1.17377
 1.27824 -15.0196  1.17421
 1.27868 -15.0105  1.17464
 1.27911 -15.0014  1.17464
 1.27954 -14.9923  1.17508
 1.27998 -14.9832  1.17551
 1.28041 -14.9742  1.17594
 1.28084 -14.9651  1.17638
 1.28128  -14.956  1.17681
 1.28171  -14.947  1.17724
 1.28214  -14.938  1.17768
 1.28258 -14.9289  1.17768
 1.28301 -14.9199  1.17811
 1.28344 -14.9109  1.17854
 1.28388 -14.9019  1.17898
 1.28431 -14.8929  1.17941
 1.28474 -14.8839  1.17984
 1.28518 -14.8749  1.18028
 1.28561 -14.8659  1.18071
 1.28605 -14.8569  1.18114
 1.28648 -14.8479  1.18114
 1.28691  -14.839  1.18158
 1.28735   -14.83  1.18201
 1.28778 -14.8211  1.18244
 1.28821 -14.8121  1.18288
 1.28865 -14.8032  1.18331
 1.28908 -14.7943  1.18374
 1.28951 -14.7854  1.18418
 1.28995 -14.7765  1.18418
 1.29038 -14.7676  1.18461
 1.29081 -14.7587  1.18505
 1.29125 -14.7498  1.18548
 1.29168 -14.7409  1.18591
 1.29211  -14.732  1.18635
 1.29255 -14.7232  1.18678
 1.29298 -14.7143  1.18721
 1.29341 -14.7055  1.18721
 1.29385 -14.6966  1.18765
 1.29428 -14.6878  1.18808
 1.29471  -14.679  1.18851
 1.29515 -14.6701  1.18895
 1.29558 -14.6613  1.18938
 1.29602 -14.6525  1.18981
 1.29645 -14.6437  1.19025
 1.29688 -14.6349  1.19025
 1.29732 -14.6261  1.19068
 1.29775 -14.6174  1.19111
 1.29818 -14.6086  1.19155
 1.29862 -14.5998  1.19198
 1.29905 -14.5911  1.19241
 1.29948 -14.5823  1.19285
 1.29992 -14.5736  1.19328
 1.30035 -14.5649  1.19371
 1.30078 -14.5561  1.19371
 1.30122 -14.5474  1.19415
 1.30165 -14.5387  1.19458
 1.30208   -14.53  1.19502
 1.30252 -14.5213  1.19545
 1.30295 -14.5126  1.19588
 1.30338 -14.5039  1.19632
 1.30382 -14.4953  1.19675
 1.30425 -14.4866  1.19675
 1.30468 -14.4779  1.19718
 1.30512 -14.4693  1.19762
 1.30555 -14.4606  1.19805
 1.30599  -14.452  1.19848
 1.30642 -14.4434  1.19892
 1.30685 -14.4347  1.19935
 1.30729 -14.4261  1.19978
 1.30772 -14.4175  1.19978
 1.30815 -14.4089  1.20022
 1.30859 -14.4003  1.20065
 1.30902 -14.3917  1.20108
 1.30945 -14.3831  1.20152
 1.30989 -14.3746  1.20195
 1.31032  -14.366  1.20238
 1.31075 -14.3574  1.20282
 1.31119 -14.3489  1.20282
 1.31162 -14.3403  1.20325
 1.31205 -14.3318  1.20368
 1.31249 -14.3233  1.20412
 1.31292 -14.3147  1.20455
 1.31335 -14.3062  1.20498
 1.31379 -14.2977  1.20542
 1.31422 -14.2892  1.20585
 1.31465 -14.2807  1.20585
 1.31509 -14.2722  1.20629
 1.31552 -14.2637  1.20672
 1.31596 -14.2553  1.20715
 1.31639 -14.2468  1.20759
 1.31682 -14.2383  1.20802
 1.31726 -14.2299  1.20845
 1.31769 -14.2214  1.20889
 1.31812  -14.213  1.20932
 1.31856 -14.2045  1.20932
 1.31899 -14.1961  1.20975
 1.31942 -14.1877  1.21019
 1.31986 -14.1793  1.21062
 1.32029 -14.1709  1.21105
 1.32072 -14.1625  1.21149
 1.32116 -14.1541  1.21192
 1.32159 -14.1457  1.21235
 1.32202 -14.1373  1.21235
 1.32246 -14.1289  1.21279
 1.32289 -14.1206  1.21322
 1.32332 -14.1122  1.21365
 1.32376 -14.1039  1.21409
 1.32419 -14.0955  1.21452
 1.32462 -14.0872  1.21495
 1.32506 -14.0788  1.21539
 1.32549 -14.0705  1.21539
 1.32593 -14.0622  1.21582
 1.32636 -14.0539  1.21626
 1.32679 -14.0456  1.21669
 1.32723 -14.0373  1.21712
 1.32766  -14.029  1.21756
 1.32809 -14.0207  1.21799
 1.32853 -14.0124  1.21842
 1.32896 -14.0042  1.21842
 1.32939 -13.9959  1.21886
 1.32983 -13.9876  1.21929
 1.33026 -13.9794  1.21972
 1.33069 -13.9711  1.22016
 1.33113 -13.9629  1.22059
 1.33156 -13.9547  1.22102
 1.33199 -13.9464  1.22146
 1.33243 -13.9382  1.22189
 1.33286   -13.93  1.22189
 1.33329 -13.9218  1.22232
 1.33373 -13.9136  1.22276
 1.33416 -13.9054  1.22319
 1.33459 -13.8972  1.22362
 1.33503 -13.8891  1.22406
 1.33546 -13.8809  1.22449
  1.3359 -13.8727  1.22492
 1.33633 -13.8646  1.22492
 1.33676 -13.8564  1.22536
  1.3372 -13.8483  1.22579
 1.33763 -13.8401  1.22623
 1.33806  -13.832  1.22666
  1.3385 -13.8239  1.22709
 1.33893 -13.8157  1.22753
 1.33936 -13.8076  1.22796
  1.3398 -13.7995  1.22796
 1.34023 -13.7914  1.22839
 1.34066 -13.7833  1.22883
  1.3411 -13.7753  1.22926
 1.34153 -13.7672  1.22969
 1.34196 -13.7591  1.23013
  1.3424  -13.751  1.23056
 1.34283  -13.743  1.23099
 1.34326 -13.7349  1.23099
  1.3437 -13.7269  1.23143
 1.34413 -13.7188  1.23186
 1.34456 -13.7108  1.23229
   1.345 -13.7028  1.23273
 1.34543 -13.6948  1.23316
 1.34587 -13.6867  1.23359
  1.3463 -13.6787  1.23403
 1.34673 -13.6707  1.23403
 1.34717 -13.6627  1.23446
  1.3476 -13.6548  1.23489
 1.34803 -13.6468  1.23533
 1.34847 -13.6388  1.23576
  1.3489 -13.6308   1.2362
 1.34933 -13.6229  1.23663
 1.34977 -13.6149  1.23706
  1.3502  -13.607   1.2375
 1.35063  -13.599   1.2375
 1.35107 -13.5911  1.23793
  1.3515 -13.5831  1.23836
 1.35193 -13.5752   1.2388
 1.35237 -13.5673  1.23923
  1.3528 -13.5594  1.23966
 1.35323 -13.5515   1.2401
 1.35367 -13.5436  1.24053
  1.3541 -13.5357  1.24053
 1.35453 -13.5278  1.24096
 1.35497 -13.5199   1.2414
  1.3554 -13.5121  1.24183
 1.35584 -13.5042  1.24226
 1.35627 -13.4963   1.2427
  1.3567 -13.4885  1.24313
 1.35714 -13.4806  1.24356
 1.35757 -13.4728  1.24356
   1.358  -13.465    1.244
 1.35844 -13.4571  1.24443
 1.35887 -13.4493  1.24486
  1.3593 -13.4415   1.2453
 1.35974 -13.4337  1.24573
 1.36017 -13.4259  1.24617
  1.3606 -13.4181   1.2466
 1.36104 -13.4103   1.2466
 1.36147 -13.4025  1.24703
  1.3619 -13.3947  1.24747
 1.36234 -13.3869   1.2479
 1.36277 -13.3792  1.24833
  1.3632 -13.3714  1.24877
 1.36364 -13.3637   1.2492
 1.36407 -13.3559  1.24963
  1.3645 -13.3482  1.24963
 1.36494 -13.3404  1.25007
 1.36537 -13.3327   1.2505
 1.36581  -13.325  1.25093
 1.36624 -13.3173  1.25137
 1.36667 -13.3096   1.2518
 1.36711 -13.3018  1.25223
 1.36754 -13.2941  1.25267
 1.36797 -13.2865  1.25267
 1.36841 -13.2788   1.2531
 1.36884 -13.2711  1.25353
 1.36927 -13.2634  1.25397
 1.36971 -13.2557   1.2544
 1.37014 -13.2481  1.25483
 1.37057 -13.2404  1.25527
 1.37101 -13.2328   1.2557
 1.37144 -13.2251  1.25614
 1.37187 -13.2175  1.25614
 1.37231 -13.2099  1.25657
 1.37274 -13.2022    1.257
 1.37317 -13.1946  1.25744
 1.37361  -13.187  1.25787
 1.37404 -13.1794   1.2583
 1.37447 -13.1718  1.25874
 1.37491 -13.1642  1.25917
 1.37534 -13.1566  1.25917
 1.37578  -13.149   1.2596
 1.37621 -13.1414  1.26004
 1.37664 -13.1339  1.26047
 1.37708 -13.1263   1.2609
 1.37751 -13.1188  1.26134
 1.37794 -13.1112  1.26177
 1.37838 -13.1037   1.2622
 1.37881 -13.0961   1.2622
 1.37924 -13.0886  1.26264
 1.37968  -13.081  1.26307
 1.38011 -13.0735   1.2635
 1.38054  -13.066  1.26394
 1.38098 -13.0585  1.26437
 1.38141  -13.051   1.2648
 1.38184 -13.0435  1.26524
 1.38228  -13.036  1.26524
 1.38271 -13.0285  1.26567
 1.38314  -13.021  1.26611
 1.38358 -13.0135  1.26654
 1.38401 -13.0061  1.26697
 1.38444 -12.9986  1.26741
 1.38488 -12.9912  1.26784
 1.38531 -12.9837  1.26827
 1.38575 -12.9763  1.26871
 1.38618 -12.9688  1.26871
 1.38661 -12.9614  1.26914
 1.38705  -12.954  1.26957
 1.38748 -12.9465  1.27001
 1.38791 -12.9391  1.27044
 1.38835 -12.9317  1.27087
 1.38878 -12.9243  1.27131
 1.38921 -12.9169  1.27174
 1.38965 -12.9095  1.27174
 1.39008 -12.9021  1.27217
 1.39051 -12.8947  1.27261
 1.39095 -12.8874  1.27304
 1.39138   -12.88  1.27347
 1.39181 -12.8726  1.27391
 1.39225 -12.8653  1.27434
 1.39268 -12.8579  1.27477
 1.39311 -12.8506  1.27477
 1.39355 -12.8432  1.27521
 1.39398 -12.8359  1.27564
 1.39441 -12.8285  1.27608
 1.39485 -12.8212  1.27651
 1.39528 -12.8139  1.27694
 1.39572 -12.8066  1.27738
 1.39615 -12.7993  1.27781
 1.39658  -12.792  1.27781
 1.39702 -12.7847  1.27824
 1.39745 -12.7774  1.27868
 1.39788 -12.7701  1.27911
 1.39832 -12.7628  1.27954
 1.39875 -12.7556  1.27998
 1.39918 -12.7483  1.28041
 1.39962  -12.741  1.28084
 1.40005 -12.7338  1.28084
 1.40048 -12.7265  1.28128
 1.40092 -12.7193  1.28171
 1.40135  -12.712  1.28214
 1.40178 -12.7048  1.28258
 1.40222 -12.6976  1.28301
 1.40265 -12.6904  1.28344
 1.40308 -12.6831  1.28388
 1.40352 -12.6759  1.28388
 1.40395 -12.6687  1.28431
 1.40438 -12.6615  1.28474
 1.40482 -12.6543  1.28518
 1.40525 -12.6471  1.28561
 1.40569   -12.64  1.28605
 1.40612 -12.6328  1.28648
 1.40655 -12.6256  1.28691
 1.40699 -12.6185  1.28735
 1.40742 -12.6113  1.28735
 1.40785 -12.6041  1.28778
 1.40829  -12.597  1.28821
 1.40872 -12.5898  1.28865
 1.40915 -12.5827  1.28908
 1.40959 -12.5756  1.28951
 1.41002 -12.5684  1.28995
 1.41045 -12.5613  1.29038
 1.41089 -12.5542  1.29038
 1.41132 -12.5471  1.29081
 1.41175   -12.54  1.29125
 1.41219 -12.5329  1.29168
 1.41262 -12.5258  1.29211
 1.41305 -12.5187  1.29255
 1.41349 -12.5116  1.29298
 1.41392 -12.5046  1.29341
 1.41435 -12.4975  1.29341
 1.41479 -12.4904  1.29385
 1.41522 -12.4834  1.29428
 1.41566 -12.4763  1.29471
 1.41609 -12.4693  1.29515
 1.41652 -12.4622  1.29558
 1.41696 -12.4552  1.29602
 1.41739 -12.4481  1.29645
 1.41782 -12.4411  1.29645
 1.41826 -12.4341  1.29688
 1.41869 -12.4271  1.29732
 1.41912 -12.4201  1.29775
 1.41956 -12.4131  1.29818
 1.41999 -12.4061  1.29862
 1.42042 -12.3991  1.29905
 1.42086 -12.3921  1.29948
 1.42129 -12.3851  1.29948
 1.42172 -12.3781  1.29992
 1.42216 -12.3711  1.30035
 1.42259 -12.3642  1.30078
 1.42302 -12.3572  1.30122
 1.42346 -12.3502  1.30165
 1.42389 -12.3433  1.30208
 1.42432 -12.3363  1.30252
 1.42476 -12.3294  1.30252
 1.42519 -12.3225  1.30295
 1.42563 -12.3155  1.30338
 1.42606 -12.3086  1.30382
 1.42649 -12.3017  1.30425
 1.42693 -12.2948  1.30468
 1.42736 -12.2879  1.30512
 1.42779  -12.281  1.30555
 1.42823 -12.2741  1.30599
 1.42866 -12.2672  1.30599
 1.42909 -12.2603  1.30642
 1.42953 -12.2534  1.30685
 1.42996 -12.2465  1.30729
 1.43039 -12.2397  1.30772
 1.43083 -12.2328  1.30815
 1.43126 -12.2259  1.30859
 1.43169 -12.2191  1.30902
 1.43213 -12.2122  1.30902
 1.43256 -12.2054  1.30945
 1.43299 -12.1985  1.30989
 1.43343 -12.1917  1.31032
 1.43386 -12.1849  1.31075
 1.43429 -12.1781  1.31119
 1.43473 -12.1712  1.31162
 1.43516 -12.1644  1.31205
  1.4356 -12.1576  1.31205
 1.43603 -12.1508  1.31249
 1.43646  -12.144  1.31292
  1.4369 -12.1372  1.31335
 1.43733 -12.1304  1.31379
 1.43776 -12.1236  1.31422
  1.4382 -12.1169  1.31465
 1.43863 -12.1101  1.31509
 1.43906 -12.1033  1.31509
  1.4395 -12.0966  1.31552
 1.43993 -12.0898  1.31596
 1.44036 -12.0831  1.31639
  1.4408 -12.0763  1.31682
 1.44123 -12.0696  1.31726
 1.44166 -12.0628  1.31769
  1.4421 -12.0561  1.31812
 1.44253 -12.0494  1.31812
 1.44296 -12.0427  1.31856
  1.4434 -12.0359  1.31899
 1.44383 -12.0292  1.31942
 1.44426 -12.0225  1.31986
  1.4447 -12.0158  1.32029
 1.44513 -12.0091  1.32072
 1.44557 -12.0024  1.32116
   1.446 -11.9958  1.32159
 1.44643 -11.9891  1.32159
 1.44687 -11.9824  1.32202
  1.4473 -11.9757  1.32246
 1.44773 -11.9691  1.32289
 1.44817 -11.9624  1.32332
  1.4486 -11.9558  1.32376
 1.44903 -11.9491  1.32419
 1.44947 -11.9425  1.32462
  1.4499 -11.9358  1.32462
 1.45033 -11.9292  1.32506
 1.45077 -11.9226  1.32549
  1.4512 -11.9159  1.32593
 1.45163 -11.9093  1.32636
 1.45207 -11.9027  1.32679
  1.4525 -11.8961  1.32723
 1.45293 -11.8895  1.32766
 1.45337 -11.8829  1.32766
  1.4538 -11.8763  1.32809
 1.45423 -11.8697  1.32853
 1.45467 -11.8631  1.32896
  1.4551 -11.8566  1.32939
 1.45554   -11.85  1.32983
 1.45597 -11.8434  1.33026
  1.4564 -11.8369  1.33069
 1.45684 -11.8303  1.33069
 1.45727 -11.8237  1.33113
  1.4577 -11.8172  1.33156
 1.45814 -11.8106  1.33199
 1.45857 -11.8041  1.33243
   1.459 -11.7976  1.33286
 1.45944  -11.791  1.33329
 1.45987 -11.7845  1.33373
  1.4603  -11.778  1.33373
 1.46074 -11.7715  1.33416
 1.46117  -11.765  1.33459
  1.4616 -11.7585  1.33503
 1.46204  -11.752  1.33546
 1.46247 -11.7455   1.3359
  1.4629  -11.739  1.33633
 1.46334 -11.7325  1.33676
 1.46377  -11.726  1.33676
  1.4642 -11.7196   1.3372
 1.46464 -11.7131  1.33763
 1.46507 -11.7066  1.33806
 1.46551 -11.7002   1.3385
 1.46594 -11.6937  1.33893
 1.46637 -11.6873  1.33936
 1.46681 -11.6808   1.3398
 1.46724 -11.6744   1.3398
 1.46767 -11.6679  1.34023
 1.46811 -11.6615  1.34066
 1.46854 -11.6551   1.3411
 1.46897 -11.6487  1.34153
 1.46941 -11.6422  1.34196
 1.46984 -11.6358   1.3424
 1.47027 -11.6294  1.34283
 1.47071  -11.623  1.34326
 1.47114 -11.6166  1.34326
 1.47157 -11.6102   1.3437
 1.47201 -11.6039  1.34413
 1.47244 -11.5975  1.34456
 1.47287 -11.5911    1.345
 1.47331 -11.5847  1.34543
 1.47374 -11.5784  1.34587
 1.47417  -11.572   1.3463
 1.47461 -11.5656   1.3463
 1.47504 -11.5593  1.34673
 1.47548 -11.5529  1.34717
 1.47591 -11.5466   1.3476
 1.47634 -11.5402  1.34803
 1.47678 -11.5339  1.34847
 1.47721 -11.5276   1.3489
 1.47764 -11.5213  1.34933
 1.47808 -11.5149  1.34933
 1.47851 -11.5086  1.34977
 1.47894 -11.5023   1.3502
 1.47938  -11.496  1.35063
 1.47981 -11.4897  1.35107
 1.48024 -11.4834   1.3515
 1.48068 -11.4771  1.35193
 1.48111 -11.4708  1.35237
 1.48154 -11.4646  1.35237
 1.48198 -11.4583   1.3528
 1.48241  -11.452  1.35323
 1.48284 -11.4457  1.35367
 1.48328 -11.4395   1.3541
 1.48371 -11.4332  1.35453
 1.48414  -11.427  1.35497
 1.48458 -11.4207   1.3554
 1.48501 -11.4145   1.3554
 1.48545 -11.4082  1.35584
 1.48588  -11.402  1.35627
 1.48631 -11.3958   1.3567
 1.48675 -11.3895  1.35714
 1.48718 -11.3833  1.35757
 1.48761 -11.3771    1.358
 1.48805 -11.3709  1.35844
 1.48848 -11.3647  1.35844
 1.48891 -11.3585  1.35887
 1.48935 -11.3523   1.3593
 1.48978 -11.3461  1.35974
 1.49021 -11.3399  1.36017
 1.49065 -11.3337   1.3606
 1.49108 -11.3275  1.36104
 1.49151 -11.3214  1.36147
 1.49195 -11.3152  1.36147
 1.49238  -11.309   1.3619
 1.49281 -11.3029  1.36234
 1.49325 -11.2967  1.36277
 1.49368 -11.2905   1.3632
 1.49411 -11.2844  1.36364
 1.49455 -11.2783  1.36407
 1.49498 -11.2721   1.3645
 1.49542  -11.266  1.36494
 1.49585 -11.2599  1.36494
 1.49628 -11.2537  1.36537
 1.49672 -11.2476  1.36581
 1.49715 -11.2415  1.36624
 1.49758 -11.2354  1.36667
 1.49802 -11.2293  1.36711
 1.49845 -11.2232  1.36754
 1.49888 -11.2171  1.36797
 1.49932  -11.211  1.36797
 1.49975 -11.2049  1.36841
 1.50018 -11.1988  1.36884
 1.50062 -11.1927  1.36927
 1.50105 -11.1867  1.36971
 1.50148 -11.1806  1.37014
 1.50192 -11.1745  1.37057
 1.50235 -11.1685  1.37101
 1.50278 -11.1624  1.37101
 1.50322 -11.1564  1.37144
 1.50365 -11.1503  1.37187
 1.50408 -11.1443  1.37231
 1.50452 -11.1382  1.37274
 1.50495 -11.1322  1.37317
 1.50539 -11.1262  1.37361
 1.50582 -11.1201  1.37404
 1.50625 -11.1141  1.37404
 1.50669 -11.1081  1.37447
 1.50712 -11.1021  1.37491
 1.50755 -11.0961  1.37534
 1.50799 -11.0901  1.37578
 1.50842 -11.0841  1.37621
 1.50885 -11.0781  1.37664
 1.50929 -11.0721  1.37708
 1.50972 -11.0661  1.37708
 1.51015 -11.0601  1.37751
 1.51059 -11.0542  1.37794
 1.51102 -11.0482  1.37838
 1.51145 -11.0422  1.37881
 1.51189 -11.0363  1.37924
 1.51232 -11.0303  1.37968
 1.51275 -11.0243  1.38011
 1.51319 -11.0184  1.38011
 1.51362 -11.0124  1.38054
 1.51405 -11.0065  1.38098
 1.51449 -11.0006  1.38141
 1.51492 -10.9946  1.38184
 1.51536 -10.9887  1.38228
 1.51579 -10.9828  1.38271
 1.51622 -10.9769  1.38314
 1.51666  -10.971  1.38314
 1.51709  -10.965  1.38358
 1.51752 -10.9591  1.38401
 1.51796 -10.9532  1.38444
 1.51839 -10.9473  1.38488
 1.51882 -10.9414  1.38531
 1.51926 -10.9356  1.38575
 1.51969 -10.9297  1.38618
 1.52012 -10.9238  1.38618
 1.52056 -10.9179  1.38661
 1.52099  -10.912  1.38705
 1.52142 -10.9062  1.38748
 1.52186 -10.9003  1.38791
 1.52229 -10.8945  1.38835
 1.52272 -10.8886  1.38878
 1.52316 -10.8828  1.38921
 1.52359 -10.8769  1.38965
 1.52402 -10.8711  1.38965
 1.52446 -10.8652  1.39008
 1.52489 -10.8594  1.39051
 1.52533 -10.8536  1.39095
 1.52576 -10.8477  1.39138
 1.52619 -10.8419  1.39181
 1.52663 -10.8361  1.39225
 1.52706 -10.8303  1.39268
 1.52749 -10.8245  1.39268
 1.52793 -10.8187  1.39311
 1.52836 -10.8129  1.39355
 1.52879 -10.8071  1.39398
 1.52923 -10.8013  1.39441
 1.52966 -10.7955  1.39485
 1.53009 -10.7897  1.39528
 1.53053  -10.784  1.39572
 1.53096 -10.7782  1.39572
 1.53139 -10.7724  1.39615
 1.53183 -10.7666  1.39658
 1.53226 -10.7609  1.39702
 1.53269 -10.7551  1.39745
 1.53313 -10.7494  1.39788
 1.53356 -10.7436  1.39832
 1.53399 -10.7379  1.39875
 1.53443 -10.7321  1.39875
 1.53486 -10.7264  1.39918
  1.5353 -10.7207  1.39962
 1.53573  -10.715  1.40005
 1.53616 -10.7092  1.40048
  1.5366 -10.7035  1.40092
 1.53703 -10.6978  1.40135
 1.53746 -10.6921  1.40178
  1.5379 -10.6864  1.40178
 1.53833 -10.6807  1.40222
 1.53876  -10.675  1.40265
  1.5392 -10.6693  1.40308
 1.53963 -10.6636  1.40352
 1.54006 -10.6579  1.40395
  1.5405 -10.6522  1.40438
 1.54093 -10.6466  1.40482
 1.54136 -10.6409  1.40482
  1.5418 -10.6352  1.40525
 1.54223 -10.6295  1.40569
 1.54266 -10.6239  1.40612
  1.5431 -10.6182  1.40655
 1.54353 -10.6126  1.40699
 1.54396 -10.6069  1.40742
  1.5444 -10.6013  1.40785
 1.54483 -10.5957  1.40785
 1.54527   -10.59  1.40829
  1.5457 -10.5844  1.40872
 1.54613 -10.5788  1.40915
 1.54657 -10.5731  1.40959
   1.547 -10.5675  1.41002
 1.54743 -10.5619  1.41045
 1.54787 -10.5563  1.41089
  1.5483 -10.5507  1.41089
 1.54873 -10.5451  1.41132
 1.54917 -10.5395  1.41175
  1.5496 -10.5339  1.41219
 1.55003 -10.5283  1.41262
 1.55047 -10.5227  1.41305
  1.5509 -10.5171  1.41349
 1.55133 -10.5115  1.41392
 1.55177  -10.506  1.41392
  1.5522 -10.5004  1.41435
 1.55263 -10.4948  1.41479
 1.55307 -10.4893  1.41522
  1.5535 -10.4837  1.41566
 1.55393 -10.4781  1.41609
 1.55437 -10.4726  1.41652
  1.5548 -10.4671  1.41696
 1.55524 -10.4615  1.41696
 1.55567  -10.456  1.41739
  1.5561 -10.4504  1.41782
 1.55654 -10.4449  1.41826
 1.55697 -10.4394  1.41869
  1.5574 -10.4339  1.41912
 1.55784 -10.4283  1.41956
 1.55827 -10.4228  1.41999
  1.5587 -10.4173  1.42042
 1.55914 -10.4118  1.42042
 1.55957 -10.4063  1.42086
    1.56 -10.4008  1.42129
 1.56044 -10.3953  1.42172
 1.56087 -10.3898  1.42216
  1.5613 -10.3843  1.42259
 1.56174 -10.3788  1.42302
 1.56217 -10.3734  1.42346
  1.5626 -10.3679  1.42346
 1.56304 -10.3624  1.42389
 1.56347  -10.357  1.42432
  1.5639 -10.3515  1.42476
 1.56434  -10.346  1.42519
 1.56477 -10.3406  1.42563
 1.56521 -10.3351  1.42606
 1.56564 -10.3297  1.42649
 1.56607 -10.3242  1.42649
 1.56651 -10.3188  1.42693
 1.56694 -10.3134  1.42736
 1.56737 -10.3079  1.42779
 1.56781 -10.3025  1.42823
 1.56824 -10.2971  1.42866
 1.56867 -10.2917  1.42909
 1.56911 -10.2862  1.42953
 1.56954 -10.2808  1.42953
 1.56997 -10.2754  1.42996
 1.57041   -10.27  1.43039
 1.57084 -10.2646  1.43083
 1.57127 -10.2592  1.43126
 1.57171 -10.2538  1.43169
 1.57214 -10.2484  1.43213
 1.57257  -10.243  1.43256
 1.57301 -10.2377  1.43256
 1.57344 -10.2323  1.43299
 1.57387 -10.2269  1.43343
 1.57431 -10.2215  1.43386
 1.57474 -10.2162  1.43429
 1.57518 -10.2108  1.43473
 1.57561 -10.2055  1.43516
 1.57604 -10.2001   1.4356
 1.57648 -10.1948   1.4356
 1.57691 -10.1894  1.43603
 1.57734 -10.1841  1.43646
 1.57778 -10.1787   1.4369
 1.57821 -10.1734  1.43733
 1.57864 -10.1681  1.43776
 1.57908 -10.1627   1.4382
 1.57951 -10.1574  1.43863
 1.57994 -10.1521  1.43863
 1.58038 -10.1468  1.43906
 1.58081 -10.1415   1.4395
 1.58124 -10.1361  1.43993
 1.58168 -10.1308  1.44036
 1.58211 -10.1255   1.4408
 1.58254 -10.1202  1.44123
 1.58298  -10.115  1.44166
 1.58341 -10.1097  1.44166
 1.58384 -10.1044   1.4421
 1.58428 -10.0991  1.44253
 1.58471 -10.0938  1.44296
 1.58515 -10.0885   1.4434
 1.58558 -10.0833  1.44383
 1.58601  -10.078  1.44426
 1.58645 -10.0727   1.4447
 1.58688 -10.0675   1.4447
 1.58731 -10.0622  1.44513
 1.58775  -10.057  1.44557
 1.58818 -10.0517    1.446
 1.58861 -10.0465  1.44643
 1.58905 -10.0412  1.44687
 1.58948  -10.036   1.4473
 1.58991 -10.0308  1.44773
 1.59035 -10.0255  1.44773
 1.59078 -10.0203  1.44817
 1.59121 -10.0151   1.4486
 1.59165 -10.0099  1.44903
 1.59208 -10.0046  1.44947
 1.59251 -9.99944   1.4499
 1.59295 -9.99423  1.45033
 1.59338 -9.98903  1.45077
 1.59381 -9.98383   1.4512
 1.59425 -9.97863   1.4512
 1.59468 -9.97344  1.45163
 1.59512 -9.96825  1.45207
 1.59555 -9.96306   1.4525
 1.59598 -9.95788  1.45293
 1.59642  -9.9527  1.45337
 1.59685 -9.94753   1.4538
 1.59728 -9.94236  1.45423
 1.59772 -9.93719  1.45423
 1.59815 -9.93203  1.45467
 1.59858 -9.92687   1.4551
 1.59902 -9.92171  1.45554
 1.59945 -9.91656  1.45597
 1.59988 -9.91141   1.4564
 1.60032 -9.90626  1.45684
 1.60075 -9.90112  1.45684
 1.60118 -9.89599  1.45727
 1.60162 -9.89085   1.4577
 1.60205 -9.88572  1.45814
 1.60248 -9.88059  1.45857
 1.60292 -9.87547    1.459
 1.60335 -9.87035  1.45944
 1.60378 -9.86523  1.45987
 1.60422 -9.86012  1.45987
 1.60465 -9.85501   1.4603
 1.60509 -9.84991  1.46074
 1.60552  -9.8448  1.46117
 1.60595  -9.8397   1.4616
 1.60639 -9.83461  1.46204
 1.60682 -9.82952  1.46247
 1.60725 -9.82443   1.4629
 1.60769 -9.81935  1.46334
 1.60812 -9.81427  1.46334
 1.60855 -9.80919  1.46377
 1.60899 -9.80412   1.4642
 1.60942 -9.79905  1.46464
 1.60985 -9.79398  1.46507
 1.61029 -9.78892  1.46551
 1.61072 -9.78386  1.46594
 1.61115 -9.77881  1.46637
 1.61159 -9.77375  1.46637
 1.61202 -9.76871  1.46681
 1.61245 -9.76366  1.46724
 1.61289 -9.75862  1.46767
 1.61332 -9.75358  1.46811
 1.61375 -9.74855  1.46854
 1.61419 -9.74352  1.46897
 1.61462 -9.73849  1.46941
 1.61506 -9.73347  1.46941
 1.61549 -9.72845  1.46984
 1.61592 -9.72343  1.47027
 1.61636 -9.71842  1.47071
 1.61679 -9.71341  1.47114
 1.61722  -9.7084  1.47157
 1.61766  -9.7034  1.47201
 1.61809  -9.6984  1.47244
 1.61852 -9.69341  1.47244
 1.61896 -9.68842  1.47287
 1.61939 -9.68343  1.47331
 1.61982 -9.67844  1.47374
 1.62026 -9.67346  1.47417
 1.62069 -9.66848  1.47461
 1.62112 -9.66351  1.47504
 1.62156 -9.65854  1.47548
 1.62199 -9.65357  1.47548
 1.62242 -9.64861  1.47591
 1.62286 -9.64365  1.47634
 1.62329 -9.63869  1.47678
 1.62372 -9.63374  1.47721
 1.62416 -9.62879  1.47764
 1.62459 -9.62384  1.47808
 1.62503  -9.6189  1.47851
 1.62546 -9.61396  1.47851
 1.62589 -9.60902  1.47894
 1.62633 -9.60409  1.47938
 1.62676 -9.59916  1.47981
 1.62719 -9.59423  1.48024
 1.62763 -9.58931  1.48068
 1.62806 -9.58439  1.48111
 1.62849 -9.57948  1.48154
 1.62893 -9.57457  1.48154
 1.62936 -9.56966  1.48198
 1.62979 -9.56475  1.48241
 1.63023 -9.55985  1.48284
 1.63066 -9.55495  1.48328
 1.63109 -9.55006  1.48371
 1.63153 -9.54517  1.48414
 1.63196 -9.54028  1.48458
 1.63239 -9.53539  1.48458
 1.63283 -9.53051  1.48501
 1.63326 -9.52563  1.48545
 1.63369 -9.52076  1.48588
 1.63413 -9.51589  1.48631
 1.63456 -9.51102  1.48675
 1.63499 -9.50616  1.48718
 1.63543  -9.5013  1.48761
 1.63586 -9.49644  1.48761
  1.6363 -9.49158  1.48805
 1.63673 -9.48673  1.48848
 1.63716 -9.48188  1.48891
  1.6376 -9.47704  1.48935
 1.63803  -9.4722  1.48978
 1.63846 -9.46736  1.49021
  1.6389 -9.46253  1.49065
 1.63933  -9.4577  1.49065
 1.63976 -9.45287  1.49108
  1.6402 -9.44805  1.49151
 1.64063 -9.44323  1.49195
 1.64106 -9.43841  1.49238
  1.6415 -9.43359  1.49281
 1.64193 -9.42878  1.49325
 1.64236 -9.42398  1.49368
  1.6428 -9.41918  1.49368
 1.64323 -9.41437  1.49411
 1.64366 -9.40958  1.49455
  1.6441 -9.40478  1.49498
 1.64453 -9.39999  1.49542
 1.64496  -9.3952  1.49585
  1.6454 -9.39042  1.49628
 1.64583 -9.38564  1.49672
 1.64627 -9.38086  1.49715
  1.6467 -9.37609  1.49715
 1.64713 -9.37132  1.49758
 1.64757 -9.36655  1.49802
   1.648 -9.36179  1.49845
 1.64843 -9.35703  1.49888
 1.64887 -9.35227  1.49932
  1.6493 -9.34752  1.49975
 1.64973 -9.34277  1.50018
 1.65017 -9.33802  1.50018
  1.6506 -9.33327  1.50062
 1.65103 -9.32853  1.50105
 1.65147 -9.32379  1.50148
  1.6519 -9.31906  1.50192
 1.65233 -9.31433  1.50235
 1.65277  -9.3096  1.50278
  1.6532 -9.30488  1.50322
 1.65363 -9.30015  1.50322
 1.65407 -9.29544  1.50365
  1.6545 -9.29072  1.50408
 1.65493 -9.28601  1.50452
 1.65537  -9.2813  1.50495
  1.6558 -9.27659  1.50539
 1.65624 -9.27189  1.50582
 1.65667  -9.2672  1.50625
  1.6571  -9.2625  1.50625
 1.65754 -9.25781  1.50669
 1.65797 -9.25312  1.50712
  1.6584 -9.24843  1.50755
 1.65884 -9.24375  1.50799
 1.65927 -9.23907  1.50842
  1.6597 -9.23439  1.50885
 1.66014 -9.22972  1.50929
 1.66057 -9.22505  1.50929
   1.661 -9.22039  1.50972
 1.66144 -9.21572  1.51015
 1.66187 -9.21106  1.51059
  1.6623  -9.2064  1.51102
 1.66274 -9.20175  1.51145
 1.66317  -9.1971  1.51189
  1.6636 -9.19245  1.51232
 1.66404 -9.18781  1.51232
 1.66447 -9.18317  1.51275
  1.6649 -9.17853  1.51319
 1.66534  -9.1739  1.51362
 1.66577 -9.16926  1.51405
 1.66621 -9.16464  1.51449
 1.66664 -9.16001  1.51492
 1.66707 -9.15539  1.51536
 1.66751 -9.15077  1.51536
 1.66794 -9.14616  1.51579
 1.66837 -9.14154  1.51622
 1.66881 -9.13693  1.51666
 1.66924 -9.13233  1.51709
 1.66967 -9.12773  1.51752
 1.67011 -9.12313  1.51796
 1.67054 -9.11853  1.51839
 1.67097 -9.11394  1.51839
 1.67141 -9.10935  1.51882
 1.67184 -9.10476  1.51926
 1.67227 -9.10017  1.51969
 1.67271 -9.09559  1.52012
 1.67314 -9.09102  1.52056
 1.67357 -9.08644  1.52099
 1.67401 -9.08187  1.52142
 1.67444  -9.0773  1.52142
 1.67487 -9.07274  1.52186
 1.67531 -9.06817  1.52229
 1.67574 -9.06362  1.52272
 1.67618 -9.05906  1.52316
 1.67661 -9.05451  1.52359
 1.67704 -9.04996  1.52402
 1.67748 -9.04541  1.52446
 1.67791 -9.04087  1.52446
 1.67834 -9.03633  1.52489
 1.67878 -9.03179  1.52533
 1.67921 -9.02726  1.52576
 1.67964 -9.02273  1.52619
 1.68008  -9.0182  1.52663
 1.68051 -9.01367  1.52706
 1.68094 -9.00915  1.52749
 1.68138 -9.00463  1.52749
 1.68181 -9.00012  1.52793
 1.68224  -8.9956  1.52836
 1.68268 -8.99109  1.52879
 1.68311 -8.98659  1.52923
 1.68354 -8.98209  1.52966
 1.68398 -8.97759  1.53009
 1.68441 -8.97309  1.53053
 1.68484  -8.9686  1.53053
 1.68528  -8.9641  1.53096
 1.68571 -8.95962  1.53139
 1.68615 -8.95513  1.53183
 1.68658 -8.95065  1.53226
 1.68701 -8.94617  1.53269
 1.68745 -8.94169  1.53313
 1.68788 -8.93722  1.53356
 1.68831 -8.93275  1.53356
 1.68875 -8.92829  1.53399
 1.68918 -8.92382  1.53443
 1.68961 -8.91936  1.53486
 1.69005  -8.9149   1.5353
 1.69048 -8.91045  1.53573
 1.69091   -8.906  1.53616
 1.69135 -8.90155   1.5366
 1.69178  -8.8971   1.5366
 1.69221 -8.89266  1.53703
 1.69265 -8.88822  1.53746
 1.69308 -8.88378   1.5379
 1.69351 -8.87935  1.53833
 1.69395 -8.87492  1.53876
 1.69438 -8.87049   1.5392
 1.69481 -8.86607  1.53963
 1.69525 -8.86165  1.53963
 1.69568 -8.85723  1.54006
 1.69612 -8.85281   1.5405
 1.69655  -8.8484  1.54093
 1.69698 -8.84399  1.54136
 1.69742 -8.83958   1.5418
 1.69785 -8.83518  1.54223
 1.69828 -8.83078  1.54266
 1.69872 -8.82639  1.54266
 1.69915 -8.82199   1.5431
 1.69958  -8.8176  1.54353
 1.70002 -8.81321  1.54396
 1.70045 -8.80882   1.5444
 1.70088 -8.80444  1.54483
 1.70132 -8.80006  1.54527
 1.70175 -8.79568   1.5457
 1.70218 -8.79131   1.5457
 1.70262 -8.78694  1.54613
 1.70305 -8.78257  1.54657
 1.70348 -8.77821    1.547
 1.70392 -8.77384  1.54743
 1.70435 -8.76948  1.54787
 1.70478 -8.76513   1.5483
 1.70522 -8.76078  1.54873
 1.70565 -8.75643  1.54873
 1.70609 -8.75208  1.54917
 1.70652 -8.74773   1.5496
 1.70695 -8.74339  1.55003
 1.70739 -8.73905  1.55047
 1.70782 -8.73472   1.5509
 1.70825 -8.73038  1.55133
 1.70869 -8.72606  1.55177
 1.70912 -8.72173   1.5522
 1.70955  -8.7174   1.5522
 1.70999 -8.71308  1.55263
 1.71042 -8.70876  1.55307
 1.71085 -8.70445   1.5535
 1.71129 -8.70014  1.55393
 1.71172 -8.69583  1.55437
 1.71215 -8.69152   1.5548
 1.71259 -8.68722  1.55524
 1.71302 -8.68292  1.55524
 1.71345 -8.67862  1.55567
 1.71389 -8.67432   1.5561
 1.71432 -8.67003  1.55654
 1.71475 -8.66574  1.55697
 1.71519 -8.66146   1.5574
 1.71562 -8.65717  1.55784
 1.71606 -8.65289  1.55827
 1.71649 -8.64861  1.55827
 1.71692 -8.64434   1.5587
 1.71736 -8.64007  1.55914
 1.71779  -8.6358  1.55957
 1.71822 -8.63153     1.56
 1.71866 -8.62727  1.56044
 1.71909 -8.62301  1.56087
 1.71952 -8.61875   1.5613
 1.71996  -8.6145   1.5613
 1.72039 -8.61024  1.56174
 1.72082 -8.60599  1.56217
 1.72126 -8.60175   1.5626
 1.72169  -8.5975  1.56304
 1.72212 -8.59326  1.56347
 1.72256 -8.58903   1.5639
 1.72299 -8.58479  1.56434
 1.72342 -8.58056  1.56434
 1.72386 -8.57633  1.56477
 1.72429  -8.5721  1.56521
 1.72472 -8.56788  1.56564
 1.72516 -8.56366  1.56607
 1.72559 -8.55944  1.56651
 1.72603 -8.55522  1.56694
 1.72646 -8.55101  1.56737
 1.72689  -8.5468  1.56737
 1.72733  -8.5426  1.56781
 1.72776 -8.53839  1.56824
 1.72819 -8.53419  1.56867
 1.72863 -8.52999  1.56911
 1.72906  -8.5258  1.56954
 1.72949  -8.5216  1.56997
 1.72993 -8.51741  1.57041
 1.73036 -8.51323  1.57041
 1.73079 -8.50904  1.57084
 1.73123 -8.50486  1.57127
 1.73166 -8.50068  1.57171
 1.73209 -8.49651  1.57214
 1.73253 -8.49233  1.57257
 1.73296 -8.48816  1.57301
 1.73339   -8.484  1.57344
 1.73383 -8.47983  1.57344
 1.73426 -8.47567  1.57387
 1.73469 -8.47151  1.57431
 1.73513 -8.46735  1.57474
 1.73556  -8.4632  1.57518
   1.736 -8.45905  1.57561
 1.73643  -8.4549  1.57604
 1.73686 -8.45075  1.57648
  1.7373 -8.44661  1.57648
 1.73773 -8.44247  1.57691
 1.73816 -8.43833  1.57734
  1.7386  -8.4342  1.57778
 1.73903 -8.43007  1.57821
 1.73946 -8.42594  1.57864
  1.7399 -8.42181  1.57908
 1.74033 -8.41769  1.57951
 1.74076 -8.41357  1.57951
  1.7412 -8.40945  1.57994
 1.74163 -8.40533  1.58038
 1.74206 -8.40122  1.58081
  1.7425 -8.39711  1.58124
 1.74293   -8.393  1.58168
 1.74336  -8.3889  1.58211
  1.7438  -8.3848  1.58254
 1.74423  -8.3807  1.58254
 1.74466  -8.3766  1.58298
  1.7451 -8.37251  1.58341
 1.74553 -8.36842  1.58384
 1.74597 -8.36433  1.58428
  1.7464 -8.36024  1.58471
 1.74683 -8.35616  1.58515
 1.74727 -8.35208  1.58558
  1.7477   -8.348  1.58558
 1.74813 -8.34393  1.58601
 1.74857 -8.33986  1.58645
   1.749 -8.33579  1.58688
 1.74943 -8.33172  1.58731
 1.74987 -8.32766  1.58775
  1.7503  -8.3236  1.58818
 1.75073 -8.31954  1.58861
 1.75117 -8.31548  1.58861
  1.7516 -8.31143  1.58905
 1.75203 -8.30738  1.58948
 1.75247 -8.30333  1.58991
  1.7529 -8.29928  1.59035
 1.75333 -8.29524  1.59078
 1.75377  -8.2912  1.59121
  1.7542 -8.28717  1.59165
 1.75463 -8.28313  1.59165
 1.75507  -8.2791  1.59208
  1.7555 -8.27507  1.59251
 1.75594 -8.27104  1.59295
 1.75637 -8.26702  1.59338
  1.7568   -8.263  1.59381
 1.75724 -8.25898  1.59425
 1.75767 -8.25497  1.59468
  1.7581 -8.25095  1.59468
 1.75854 -8.24694  1.59512
 1.75897 -8.24293  1.59555
  1.7594 -8.23893  1.59598
 1.75984 -8.23492  1.59642
 1.76027 -8.23092  1.59685
  1.7607 -8.22693  1.59728
 1.76114 -8.22293  1.59772
 1.76157 -8.21894  1.59772
   1.762 -8.21495  1.59815
 1.76244 -8.21096  1.59858
 1.76287 -8.20698  1.59902
  1.7633   -8.203  1.59945
 1.76374 -8.19902  1.59988
 1.76417 -8.19504  1.60032
  1.7646 -8.19107  1.60075
 1.76504  -8.1871  1.60075
 1.76547 -8.18313  1.60118
 1.76591 -8.17916  1.60162
 1.76634  -8.1752  1.60205
 1.76677 -8.17124  1.60248
 1.76721 -8.16728  1.60292
 1.76764 -8.16333  1.60335
 1.76807 -8.15937  1.60378
 1.76851 -8.15542  1.60378
 1.76894 -8.15147  1.60422
 1.76937 -8.14753  1.60465
 1.76981 -8.14359  1.60509
 1.77024 -8.13965  1.60552
 1.77067 -8.13571  1.60595
 1.77111 -8.13177  1.60639
 1.77154 -8.12784  1.60682
 1.77197 -8.12391  1.60682
 1.77241 -8.11998  1.60725
 1.77284 -8.11606  1.60769
 1.77327 -8.11214  1.60812
 1.77371 -8.10822  1.60855
 1.77414  -8.1043  1.60899
 1.77457 -8.10039  1.60942
 1.77501 -8.09648  1.60985
 1.77544 -8.09257  1.60985
 1.77588 -8.08866  1.61029
 1.77631 -8.08476  1.61072
 1.77674 -8.08085  1.61115
 1.77718 -8.07695  1.61159
 1.77761 -8.07306  1.61202
 1.77804 -8.06917  1.61245
 1.77848 -8.06527  1.61289
 1.77891 -8.06139  1.61289
 1.77934  -8.0575  1.61332
 1.77978 -8.05361  1.61375
 1.78021 -8.04973  1.61419
 1.78064 -8.04585  1.61462
 1.78108 -8.04198  1.61506
 1.78151 -8.03811  1.61549
 1.78194 -8.03423  1.61592
 1.78238 -8.03037  1.61592
 1.78281  -8.0265  1.61636
 1.78324 -8.02264  1.61679
 1.78368 -8.01877  1.61722
 1.78411 -8.01492  1.61766
 1.78454 -8.01106  1.61809
 1.78498 -8.00721  1.61852
 1.78541 -8.00336  1.61896
 1.78585 -7.99951  1.61896
 1.78628 -7.99566  1.61939
 1.78671 -7.99182  1.61982
 1.78715 -7.98798  1.62026
 1.78758 -7.98414  1.62069
 1.78801  -7.9803  1.62112
 1.78845 -7.97647  1.62156
 1.78888 -7.97264  1.62199
 1.78931 -7.96881  1.62199
 1.78975 -7.96498  1.62242
 1.79018 -7.96116  1.62286
 1.79061 -7.95734  1.62329
 1.79105 -7.95352  1.62372
 1.79148  -7.9497  1.62416
 1.79191 -7.94589  1.62459
 1.79235 -7.94208  1.62503
 1.79278 -7.93827  1.62503
 1.79321 -7.93446  1.62546
 1.79365 -7.93066  1.62589
 1.79408 -7.92686  1.62633
 1.79451 -7.92306  1.62676
 1.79495 -7.91926  1.62719
 1.79538 -7.91547  1.62763
 1.79582 -7.91168  1.62806
 1.79625 -7.90789  1.62806
 1.79668  -7.9041  1.62849
 1.79712 -7.90032  1.62893
 1.79755 -7.89654  1.62936
 1.79798 -7.89276  1.62979
 1.79842 -7.88898  1.63023
 1.79885 -7.88521  1.63066
 1.79928 -7.88144  1.63109
 1.79972 -7.87767  1.63109
 1.80015  -7.8739  1.63153
 1.80058 -7.87014  1.63196
 1.80102 -7.86637  1.63239
 1.80145 -7.86261  1.63283
 1.80188 -7.85886  1.63326
 1.80232  -7.8551  1.63369
 1.80275 -7.85135  1.63413
 1.80318  -7.8476  1.63413
 1.80362 -7.84385  1.63456
 1.80405 -7.84011  1.63499
 1.80448 -7.83636  1.63543
 1.80492 -7.83262  1.63586
 1.80535 -7.82889   1.6363
 1.80579 -7.82515  1.63673
 1.80622 -7.82142  1.63716
 1.80665 -7.81769  1.63716
 1.80709 -7.81396   1.6376
 1.80752 -7.81023  1.63803
 1.80795 -7.80651  1.63846
 1.80839 -7.80279   1.6389
 1.80882 -7.79907  1.63933
 1.80925 -7.79536  1.63976
 1.80969 -7.79164   1.6402
 1.81012 -7.78793   1.6402
 1.81055 -7.78422  1.64063
 1.81099 -7.78051  1.64106
 1.81142 -7.77681   1.6415
 1.81185 -7.77311  1.64193
 1.81229 -7.76941  1.64236
 1.81272 -7.76571   1.6428
 1.81315 -7.76202  1.64323
 1.81359 -7.75833  1.64323
 1.81402 -7.75464  1.64366
 1.81445 -7.75095   1.6441
 1.81489 -7.74726  1.64453
 1.81532 -7.74358  1.64496
 1.81576  -7.7399   1.6454
 1.81619 -7.73622  1.64583
 1.81662 -7.73255  1.64627
 1.81706 -7.72887  1.64627
 1.81749  -7.7252   1.6467
 1.81792 -7.72153  1.64713
 1.81836 -7.71787  1.64757
 1.81879  -7.7142    1.648
 1.81922 -7.71054  1.64843
 1.81966 -7.70688  1.64887
 1.82009 -7.70323   1.6493
 1.82052 -7.69957   1.6493
 1.82096 -7.69592  1.64973
 1.82139 -7.69227  1.65017
 1.82182 -7.68862   1.6506
 1.82226 -7.68498  1.65103
 1.82269 -7.68133  1.65147
 1.82312 -7.67769   1.6519
 1.82356 -7.67406  1.65233
 1.82399 -7.67042  1.65233
 1.82442 -7.66679  1.65277
 1.82486 -7.66315   1.6532
 1.82529 -7.65952  1.65363
 1.82573  -7.6559  1.65407
 1.82616 -7.65227   1.6545
 1.82659 -7.64865  1.65493
 1.82703 -7.64503  1.65537
 1.82746 -7.64142  1.65537
 1.82789  -7.6378   1.6558
 1.82833 -7.63419  1.65624
 1.82876 -7.63058  1.65667
 1.82919 -7.62697   1.6571
 1.82963 -7.62336  1.65754
 1.83006 -7.61976  1.65797
 1.83049 -7.61616   1.6584
 1.83093 -7.61256   1.6584
 1.83136 -7.60897  1.65884
 1.83179 -7.60537  1.65927
 1.83223 -7.60178   1.6597
 1.83266 -7.59819  1.66014
 1.83309  -7.5946  1.66057
 1.83353 -7.59102    1.661
 1.83396 -7.58743  1.66144
 1.83439 -7.58385  1.66144
 1.83483 -7.58028  1.66187
 1.83526  -7.5767   1.6623
  1.8357 -7.57313  1.66274
 1.83613 -7.56955  1.66317
 1.83656 -7.56599   1.6636
   1.837 -7.56242  1.66404
 1.83743 -7.55886  1.66447
 1.83786 -7.55529  1.66447
  1.8383 -7.55173   1.6649
 1.83873 -7.54817  1.66534
 1.83916 -7.54462  1.66577
  1.8396 -7.54107  1.66621
 1.84003 -7.53751  1.66664
 1.84046 -7.53397  1.66707
  1.8409 -7.53042  1.66751
 1.84133 -7.52688  1.66751
 1.84176 -7.52333  1.66794
  1.8422 -7.51979  1.66837
 1.84263 -7.51626  1.66881
 1.84306 -7.51272  1.66924
  1.8435 -7.50919  1.66967
 1.84393 -7.50566  1.67011
 1.84436 -7.50213  1.67054
  1.8448  -7.4986  1.67054
 1.84523 -7.49508  1.67097
 1.84567 -7.49156  1.67141
  1.8461 -7.48804  1.67184
 1.84653 -7.48452  1.67227
 1.84697 -7.48101  1.67271
  1.8474 -7.47749  1.67314
 1.84783 -7.47398  1.67357
 1.84827 -7.47048  1.67357
  1.8487 -7.46697  1.67401
 1.84913 -7.46346  1.67444
 1.84957 -7.45996  1.67487
    1.85 -7.45646  1.67531