 kgrid  ValNew  Policy 
    0.55 -31.2425 0.611987
0.550433 -31.2003 0.612421
0.550867 -31.1582 0.612854
  0.5513 -31.1161 0.613288
0.551734 -31.0742 0.613721
0.552167 -31.0324 0.614155
0.552601 -30.9906 0.614588
0.553034 -30.9489 0.614588
0.553468 -30.9073 0.615022
0.553901 -30.8658 0.615455
0.554335 -30.8244 0.615889
0.554768  -30.783 0.616322
0.555202 -30.7418 0.616756
0.555635 -30.7006 0.617189
0.556069 -30.6595 0.617189
0.556502 -30.6184 0.617623
0.556936 -30.5775 0.618056
0.557369 -30.5366 0.618489
0.557803 -30.4958 0.618923
0.558236 -30.4552 0.619356
 0.55867 -30.4145 0.619356
0.559103  -30.374  0.61979
0.559537 -30.3335 0.620223
 0.55997 -30.2931 0.620657
0.560403 -30.2528  0.62109
0.560837 -30.2126 0.621524
 0.56127 -30.1725 0.621957
0.561704 -30.1324 0.622391
0.562137 -30.0924 0.622391
0.562571 -30.0524 0.622824
0.563004 -30.0126 0.623258
0.563438 -29.9728 0.623691
0.563871 -29.9331 0.624125
0.564305 -29.8935 0.624558
0.564738  -29.854 0.624992
0.565172 -29.8145 0.624992
0.565605 -29.7751 0.625425
0.566039 -29.7358 0.625859
0.566472 -29.6966 0.626292
0.566906 -29.6574 0.626726
0.567339 -29.6183 0.627159
0.567773 -29.5793 0.627593
0.568206 -29.5404 0.627593
 0.56864 -29.5015 0.628026
0.569073 -29.4627 0.628459
0.569507  -29.424 0.628893
 0.56994 -29.3854 0.629326
0.570373 -29.3468  0.62976
0.570807 -29.3083 0.630193
 0.57124 -29.2699 0.630193
0.571674 -29.2315 0.630627
0.572107 -29.1933  0.63106
0.572541  -29.155 0.631494
0.572974 -29.1169 0.631927
0.573408 -29.0789 0.632361
0.573841 -29.0409 0.632794
0.574275  -29.003 0.632794
0.574708 -28.9651 0.633228
0.575142 -28.9273 0.633661
0.575575 -28.8896 0.634095
0.576009  -28.852 0.634528
0.576442 -28.8144 0.634962
0.576876 -28.7769 0.635395
0.577309 -28.7395 0.635395
0.577743 -28.7022 0.635829
0.578176 -28.6649 0.636262
 0.57861 -28.6277 0.636696
0.579043 -28.5905 0.637129
0.579476 -28.5534 0.637563
 0.57991 -28.5165 0.637996
0.580343 -28.4795 0.638429
0.580777 -28.4426 0.638429
 0.58121 -28.4058 0.638863
0.581644 -28.3691 0.639296
0.582077 -28.3324  0.63973
0.582511 -28.2958 0.640163
0.582944 -28.2593 0.640597
0.583378 -28.2229  0.64103
0.583811 -28.1865  0.64103
0.584245 -28.1501 0.641464
0.584678 -28.1138 0.641897
0.585112 -28.0776 0.642331
0.585545 -28.0415 0.642764
0.585979 -28.0055 0.643198
0.586412 -27.9695 0.643631
0.586846 -27.9335 0.643631
0.587279 -27.8977 0.644065
0.587713 -27.8618 0.644498
0.588146 -27.8261 0.644932
 0.58858 -27.7904 0.645365
0.589013 -27.7548 0.645799
0.589446 -27.7193 0.646232
 0.58988 -27.6838 0.646666
0.590313 -27.6484 0.646666
0.590747  -27.613 0.647099
 0.59118 -27.5777 0.647533
0.591614 -27.5425 0.647966
0.592047 -27.5073 0.648399
0.592481 -27.4722 0.648833
0.592914 -27.4372 0.649266
0.593348 -27.4022 0.649266
0.593781 -27.3673   0.6497
0.594215 -27.3325 0.650133
0.594648 -27.2977 0.650567
0.595082  -27.263    0.651
0.595515 -27.2283 0.651434
0.595949 -27.1937 0.651867
0.596382 -27.1592 0.652301
0.596816 -27.1247 0.652301
0.597249 -27.0903 0.652734
0.597683 -27.0559 0.653168
0.598116 -27.0217 0.653601
 0.59855 -26.9874 0.654035
0.598983 -26.9533 0.654468
0.599416 -26.9192 0.654902
 0.59985 -26.8851 0.654902
0.600283 -26.8511 0.655335
0.600717 -26.8172 0.655769
 0.60115 -26.7833 0.656202
0.601584 -26.7495 0.656636
0.602017 -26.7158 0.657069
0.602451 -26.6821 0.657503
0.602884 -26.6485 0.657503
0.603318 -26.6149 0.657936
0.603751 -26.5814 0.658369
0.604185  -26.548 0.658803
0.604618 -26.5146 0.659236
0.605052 -26.4813  0.65967
0.605485  -26.448 0.660103
0.605919 -26.4148 0.660537
0.606352 -26.3817 0.660537
0.606786 -26.3486  0.66097
0.607219 -26.3155 0.661404
0.607653 -26.2825 0.661837
0.608086 -26.2496 0.662271
 0.60852 -26.2168 0.662704
0.608953  -26.184 0.663138
0.609386 -26.1512 0.663138
 0.60982 -26.1186 0.663571
0.610253 -26.0859 0.664005
0.610687 -26.0533 0.664438
 0.61112 -26.0208 0.664872
0.611554 -25.9884 0.665305
0.611987  -25.956 0.665739
0.612421 -25.9236 0.666172
0.612854 -25.8913 0.666172
0.613288 -25.8591 0.666606
0.613721 -25.8269 0.667039
0.614155 -25.7948 0.667472
0.614588 -25.7627 0.667906
0.615022 -25.7307 0.668339
0.615455 -25.6988 0.668773
0.615889 -25.6669 0.668773
0.616322 -25.6351 0.669206
0.616756 -25.6033  0.66964
0.617189 -25.5715 0.670073
0.617623 -25.5399 0.670507
0.618056 -25.5082  0.67094
0.618489 -25.4767 0.671374
0.618923 -25.4452 0.671807
0.619356 -25.4137 0.671807
 0.61979 -25.3823 0.672241
0.620223  -25.351 0.672674
0.620657 -25.3197 0.673108
 0.62109 -25.2884 0.673541
0.621524 -25.2572 0.673975
0.621957 -25.2261 0.674408
0.622391  -25.195 0.674408
0.622824  -25.164 0.674842
0.623258  -25.133 0.675275
0.623691 -25.1021 0.675709
0.624125 -25.0712 0.676142
0.624558 -25.0404 0.676576
0.624992 -25.0097 0.677009
0.625425  -24.979 0.677009
0.625859 -24.9483 0.677442
0.626292 -24.9177 0.677876
0.626726 -24.8872 0.678309
0.627159 -24.8567 0.678743
0.627593 -24.8262 0.679176
0.628026 -24.7958  0.67961
0.628459 -24.7655 0.680043
0.628893 -24.7352 0.680043
0.629326  -24.705 0.680477
 0.62976 -24.6748  0.68091
0.630193 -24.6446 0.681344
0.630627 -24.6146 0.681777
 0.63106 -24.5845 0.682211
0.631494 -24.5546 0.682644
0.631927 -24.5246 0.682644
0.632361 -24.4947 0.683078
0.632794 -24.4649 0.683511
0.633228 -24.4351 0.683945
0.633661 -24.4054 0.684378
0.634095 -24.3757 0.684812
0.634528 -24.3461 0.685245
0.634962 -24.3165 0.685679
0.635395  -24.287 0.685679
0.635829 -24.2575 0.686112
0.636262 -24.2281 0.686546
0.636696 -24.1987 0.686979
0.637129 -24.1694 0.687412
0.637563 -24.1401 0.687846
0.637996 -24.1109 0.688279
0.638429 -24.0817 0.688279
0.638863 -24.0526 0.688713
0.639296 -24.0235 0.689146
 0.63973 -23.9945  0.68958
0.640163 -23.9655 0.690013
0.640597 -23.9366 0.690447
 0.64103 -23.9077  0.69088
0.641464 -23.8788  0.69088
0.641897 -23.8501 0.691314
0.642331 -23.8213 0.691747
0.642764 -23.7926 0.692181
0.643198  -23.764 0.692614
0.643631 -23.7354 0.693048
0.644065 -23.7068 0.693481
0.644498 -23.6783 0.693481
0.644932 -23.6499 0.693915
0.645365 -23.6215 0.694348
0.645799 -23.5931 0.694782
0.646232 -23.5648 0.695215
0.646666 -23.5365 0.695649
0.647099 -23.5083 0.696082
0.647533 -23.4802 0.696516
0.647966  -23.452 0.696516
0.648399 -23.4239 0.696949
0.648833 -23.3959 0.697382
0.649266 -23.3679 0.697816
  0.6497   -23.34 0.698249
0.650133 -23.3121 0.698683
0.650567 -23.2843 0.699116
   0.651 -23.2565 0.699116
0.651434 -23.2287  0.69955
0.651867  -23.201 0.699983
0.652301 -23.1733 0.700417
0.652734 -23.1457  0.70085
0.653168 -23.1181 0.701284
0.653601 -23.0906 0.701717
0.654035 -23.0632 0.701717
0.654468 -23.0357 0.702151
0.654902 -23.0083 0.702584
0.655335  -22.981 0.703018
0.655769 -22.9537 0.703451
0.656202 -22.9264 0.703885
0.656636 -22.8992 0.704318
0.657069 -22.8721 0.704752
0.657503  -22.845 0.704752
0.657936 -22.8179 0.705185
0.658369 -22.7908 0.705619
0.658803 -22.7639 0.706052
0.659236 -22.7369 0.706485
 0.65967   -22.71 0.706919
0.660103 -22.6832 0.707352
0.660537 -22.6564 0.707352
 0.66097 -22.6296 0.707786
0.661404 -22.6029 0.708219
0.661837 -22.5762 0.708653
0.662271 -22.5496 0.709086
0.662704  -22.523  0.70952
0.663138 -22.4964 0.709953
0.663571 -22.4699 0.710387
0.664005 -22.4435 0.710387
0.664438  -22.417  0.71082
0.664872 -22.3907 0.711254
0.665305 -22.3643 0.711687
0.665739  -22.338 0.712121
0.666172 -22.3118 0.712554
0.666606 -22.2856 0.712988
0.667039 -22.2594 0.712988
0.667472 -22.2333 0.713421
0.667906 -22.2072 0.713855
0.668339 -22.1812 0.714288
0.668773 -22.1552 0.714722
0.669206 -22.1293 0.715155
 0.66964 -22.1034 0.715589
0.670073 -22.0775 0.715589
0.670507 -22.0517 0.716022
 0.67094 -22.0259 0.716455
0.671374 -22.0001 0.716889
0.671807 -21.9744 0.717322
0.672241 -21.9488 0.717756
0.672674 -21.9232 0.718189
0.673108 -21.8976 0.718623
0.673541 -21.8721 0.718623
0.673975 -21.8466 0.719056
0.674408 -21.8211  0.71949
0.674842 -21.7957 0.719923
0.675275 -21.7703 0.720357
0.675709  -21.745  0.72079
0.676142 -21.7197 0.721224
0.676576 -21.6945 0.721224
0.677009 -21.6693 0.721657
0.677442 -21.6441 0.722091
0.677876  -21.619 0.722524
0.678309 -21.5939 0.722958
0.678743 -21.5688 0.723391
0.679176 -21.5438 0.723825
 0.67961 -21.5189 0.723825
0.680043 -21.4939 0.724258
0.680477 -21.4691 0.724692
 0.68091 -21.4442 0.725125
0.681344 -21.4194 0.725559
0.681777 -21.3946 0.725992
0.682211 -21.3699 0.726425
0.682644 -21.3452 0.726425
0.683078 -21.3206 0.726859
0.683511  -21.296 0.727292
0.683945 -21.2714 0.727726
0.684378 -21.2469 0.728159
0.684812 -21.2224 0.728593
0.685245 -21.1979 0.729026
0.685679 -21.1735  0.72946
0.686112 -21.1491  0.72946
0.686546 -21.1248 0.729893
0.686979 -21.1005 0.730327
0.687412 -21.0762  0.73076
0.687846  -21.052 0.731194
0.688279 -21.0278 0.731627
0.688713 -21.0037 0.731627
0.689146 -20.9796 0.732061
 0.68958 -20.9555 0.732494
0.690013 -20.9315 0.732928
0.690447 -20.9075 0.733361
 0.69088 -20.8835 0.733795
0.691314 -20.8596 0.734228
0.691747 -20.8357 0.734662
0.692181 -20.8119 0.734662
0.692614 -20.7881 0.735095
0.693048 -20.7643 0.735529
0.693481 -20.7406 0.735962
0.693915 -20.7169 0.736395
0.694348 -20.6932 0.736829
0.694782 -20.6696 0.737262
0.695215  -20.646 0.737262
0.695649 -20.6225 0.737696
0.696082  -20.599 0.738129
0.696516 -20.5755 0.738563
0.696949 -20.5521 0.738996
0.697382 -20.5287  0.73943
0.697816 -20.5053 0.739863
0.698249  -20.482 0.739863
0.698683 -20.4587 0.740297
0.699116 -20.4355  0.74073
 0.69955 -20.4123 0.741164
0.699983 -20.3891 0.741597
0.700417 -20.3659 0.742031
 0.70085 -20.3428 0.742464
0.701284 -20.3198 0.742464
0.701717 -20.2967 0.742898
0.702151 -20.2737 0.743331
0.702584 -20.2508 0.743765
0.703018 -20.2278 0.744198
0.703451  -20.205 0.744632
0.703885 -20.1821 0.745065
0.704318 -20.1593 0.745065
0.704752 -20.1365 0.745498
0.705185 -20.1138 0.745932
0.705619  -20.091 0.746365
0.706052 -20.0684 0.746799
0.706485 -20.0457 0.747232
0.706919 -20.0231 0.747666
0.707352 -20.0006 0.748099
0.707786  -19.978 0.748099
0.708219 -19.9555 0.748533
0.708653  -19.933 0.748966
0.709086 -19.9106   0.7494
 0.70952 -19.8882 0.749833
0.709953 -19.8659 0.750267
0.710387 -19.8435   0.7507
 0.71082 -19.8212   0.7507
0.711254  -19.799 0.751134
0.711687 -19.7767 0.751567
0.712121 -19.7546 0.752001
0.712554 -19.7324 0.752434
0.712988 -19.7103 0.752868
0.713421 -19.6882 0.753301
0.713855 -19.6661 0.753301
0.714288 -19.6441 0.753735
0.714722 -19.6221 0.754168
0.715155 -19.6002 0.754602
0.715589 -19.5783 0.755035
0.716022 -19.5564 0.755468
0.716455 -19.5345 0.755902
0.716889 -19.5127 0.755902
0.717322 -19.4909 0.756335
0.717756 -19.4692 0.756769
0.718189 -19.4474 0.757202
0.718623 -19.4258 0.757636
0.719056 -19.4041 0.758069
 0.71949 -19.3825 0.758503
0.719923 -19.3609 0.758503
0.720357 -19.3394 0.758936
 0.72079 -19.3178  0.75937
0.721224 -19.2964 0.759803
0.721657 -19.2749 0.760237
0.722091 -19.2535  0.76067
0.722524 -19.2321 0.761104
0.722958 -19.2107 0.761104
0.723391 -19.1894 0.761537
0.723825 -19.1681 0.761971
0.724258 -19.1469 0.762404
0.724692 -19.1256 0.762838
0.725125 -19.1044 0.763271
0.725559 -19.0833 0.763705
0.725992 -19.0622 0.763705
0.726425 -19.0411 0.764138
0.726859   -19.02 0.764572
0.727292  -18.999 0.765005
0.727726  -18.978 0.765438
0.728159  -18.957 0.765872
0.728593 -18.9361 0.766305
0.729026 -18.9152 0.766305
 0.72946 -18.8943 0.766739
0.729893 -18.8734 0.767172
0.730327 -18.8526 0.767606
 0.73076 -18.8318 0.768039
0.731194 -18.8111 0.768473
0.731627 -18.7904 0.768906
0.732061 -18.7697 0.768906
0.732494  -18.749  0.76934
0.732928 -18.7284 0.769773
0.733361 -18.7078 0.770207
0.733795 -18.6873  0.77064
0.734228 -18.6667 0.771074
0.734662 -18.6462 0.771507
0.735095 -18.6258 0.771507
0.735529 -18.6053 0.771941
0.735962 -18.5849 0.772374
0.736395 -18.5646 0.772808
0.736829 -18.5442 0.773241
0.737262 -18.5239 0.773675
0.737696 -18.5036 0.774108
0.738129 -18.4834 0.774108
0.738563 -18.4631 0.774542
0.738996 -18.4429 0.774975
 0.73943 -18.4228 0.775408
0.739863 -18.4026 0.775842
0.740297 -18.3826 0.776275
 0.74073 -18.3625 0.776709
0.741164 -18.3424 0.777142
0.741597 -18.3224 0.777142
0.742031 -18.3024 0.777576
0.742464 -18.2825 0.778009
0.742898 -18.2626 0.778443
0.743331 -18.2427 0.778876
0.743765 -18.2228  0.77931
0.744198  -18.203  0.77931
0.744632 -18.1832 0.779743
0.745065 -18.1634 0.780177
0.745498 -18.1437  0.78061
0.745932 -18.1239 0.781044
0.746365 -18.1043 0.781477
0.746799 -18.0846 0.781911
0.747232  -18.065 0.781911
0.747666 -18.0454 0.782344
0.748099 -18.0258 0.782778
0.748533 -18.0063 0.783211
0.748966 -17.9868 0.783645
  0.7494 -17.9673 0.784078
0.749833 -17.9478 0.784512
0.750267 -17.9284 0.784512
  0.7507  -17.909 0.784945
0.751134 -17.8896 0.785378
0.751567 -17.8703 0.785812
0.752001  -17.851 0.786245
0.752434 -17.8317 0.786679
0.752868 -17.8125 0.787112
0.753301 -17.7932 0.787112
0.753735  -17.774 0.787546
0.754168 -17.7549 0.787979
0.754602 -17.7357 0.788413
0.755035 -17.7166 0.788846
0.755468 -17.6975  0.78928
0.755902 -17.6785 0.789713
0.756335 -17.6595 0.789713
0.756769 -17.6405 0.790147
0.757202 -17.6215  0.79058
0.757636 -17.6025 0.791014
0.758069 -17.5836 0.791447
0.758503 -17.5648 0.791881
0.758936 -17.5459 0.792314
 0.75937 -17.5271 0.792314
0.759803 -17.5083 0.792748
0.760237 -17.4895 0.793181
 0.76067 -17.4707 0.793615
0.761104  -17.452 0.794048
0.761537 -17.4333 0.794481
0.761971 -17.4147 0.794915
0.762404  -17.396 0.794915
0.762838 -17.3774 0.795348
0.763271 -17.3588 0.795782
0.763705 -17.3403 0.796215
0.764138 -17.3217 0.796649
0.764572 -17.3032 0.797082
0.765005 -17.2848 0.797516
0.765438 -17.2663 0.797516
0.765872 -17.2479 0.797949
0.766305 -17.2295 0.798383
0.766739 -17.2111 0.798816
0.767172 -17.1928  0.79925
0.767606 -17.1745 0.799683
0.768039 -17.1562 0.800117
0.768473 -17.1379 0.800117
0.768906 -17.1197  0.80055
 0.76934 -17.1015 0.800984
0.769773 -17.0833 0.801417
0.770207 -17.0651 0.801851
 0.77064  -17.047 0.802284
0.771074 -17.0289 0.802284
0.771507 -17.0108 0.802718
0.771941 -16.9928 0.803151
0.772374 -16.9748 0.803585
0.772808 -16.9568 0.804018
0.773241 -16.9388 0.804451
0.773675 -16.9209 0.804885
0.774108 -16.9029 0.804885
0.774542  -16.885 0.805318
0.774975 -16.8672 0.805752
0.775408 -16.8493 0.806185
0.775842 -16.8315 0.806619
0.776275 -16.8137 0.807052
0.776709  -16.796 0.807486
0.777142 -16.7782 0.807486
0.777576 -16.7605 0.807919
0.778009 -16.7428 0.808353
0.778443 -16.7252 0.808786
0.778876 -16.7075  0.80922
 0.77931 -16.6899 0.809653
0.779743 -16.6723 0.810087
0.780177 -16.6548 0.810087
 0.78061 -16.6372  0.81052
0.781044 -16.6197 0.810954
0.781477 -16.6022 0.811387
0.781911 -16.5848 0.811821
0.782344 -16.5673 0.812254
0.782778 -16.5499 0.812688
0.783211 -16.5326 0.812688
0.783645 -16.5152 0.813121
0.784078 -16.4979 0.813555
0.784512 -16.4805 0.813988
0.784945 -16.4633 0.814421
0.785378  -16.446 0.814855
0.785812 -16.4288 0.815288
0.786245 -16.4116 0.815288
0.786679 -16.3944 0.815722
0.787112 -16.3772 0.816155
0.787546 -16.3601 0.816589
0.787979  -16.343 0.817022
0.788413 -16.3259 0.817456
0.788846 -16.3088 0.817889
 0.78928 -16.2918 0.817889
0.789713 -16.2748 0.818323
0.790147 -16.2578 0.818756
 0.79058 -16.2408  0.81919
0.791014 -16.2239 0.819623
0.791447 -16.2069 0.820057
0.791881   -16.19 0.820057
0.792314 -16.1732  0.82049
0.792748 -16.1563 0.820924
0.793181 -16.1395 0.821357
0.793615 -16.1227 0.821791
0.794048 -16.1059 0.822224
0.794481 -16.0892 0.822658
0.794915 -16.0725 0.822658
0.795348 -16.0558 0.823091
0.795782 -16.0391 0.823525
0.796215 -16.0224 0.823958
0.796649 -16.0058 0.824391
0.797082 -15.9892 0.824825
0.797516 -15.9726 0.825258
0.797949  -15.956 0.825258
0.798383 -15.9395 0.825692
0.798816  -15.923 0.826125
 0.79925 -15.9065 0.826559
0.799683   -15.89 0.826992
0.800117 -15.8736 0.827426
 0.80055 -15.8572 0.827859
0.800984 -15.8408 0.827859
0.801417 -15.8244 0.828293
0.801851  -15.808 0.828726
0.802284 -15.7917  0.82916
0.802718 -15.7754 0.829593
0.803151 -15.7591 0.830027
0.803585 -15.7428  0.83046
0.804018 -15.7266  0.83046
0.804451 -15.7104 0.830894
0.804885 -15.6942 0.831327
0.805318  -15.678 0.831761
0.805752 -15.6619 0.832194
0.806185 -15.6458 0.832628
0.806619 -15.6297 0.832628
0.807052 -15.6136 0.833061
0.807486 -15.5975 0.833494
0.807919 -15.5815 0.833928
0.808353 -15.5655 0.834361
0.808786 -15.5495 0.834795
 0.80922 -15.5335 0.835228
0.809653 -15.5176 0.835228
0.810087 -15.5017 0.835662
 0.81052 -15.4858 0.836095
0.810954 -15.4699 0.836529
0.811387  -15.454 0.836962
0.811821 -15.4382 0.837396
0.812254 -15.4224 0.837829
0.812688 -15.4066 0.837829
0.813121 -15.3908 0.838263
0.813555 -15.3751 0.838696
0.813988 -15.3594  0.83913
0.814421 -15.3437 0.839563
0.814855  -15.328 0.839997
0.815288 -15.3123  0.84043
0.815722 -15.2967  0.84043
0.816155 -15.2811 0.840864
0.816589 -15.2655 0.841297
0.817022 -15.2499 0.841731
0.817456 -15.2344 0.842164
0.817889 -15.2188 0.842598
0.818323 -15.2033 0.842598
0.818756 -15.1879 0.843031
 0.81919 -15.1724 0.843464
0.819623 -15.1569 0.843898
0.820057 -15.1415 0.844331
 0.82049 -15.1261 0.844765
0.820924 -15.1108 0.845198
0.821357 -15.0954 0.845198
0.821791 -15.0801 0.845632
0.822224 -15.0648 0.846065
0.822658 -15.0495 0.846499
0.823091 -15.0342 0.846932
0.823525 -15.0189 0.847366
0.823958 -15.0037 0.847799
0.824391 -14.9885 0.847799
0.824825 -14.9733 0.848233
0.825258 -14.9582 0.848666
0.825692  -14.943   0.8491
0.826125 -14.9279 0.849533
0.826559 -14.9128 0.849967
0.826992 -14.8977 0.849967
0.827426 -14.8826   0.8504
0.827859 -14.8676 0.850834
0.828293 -14.8526 0.851267
0.828726 -14.8376 0.851701
 0.82916 -14.8226 0.852134
0.829593 -14.8076 0.852568
0.830027 -14.7927 0.852568
 0.83046 -14.7778 0.853001
0.830894 -14.7629 0.853434
0.831327  -14.748 0.853868
0.831761 -14.7332 0.854301
0.832194 -14.7183 0.854735
0.832628 -14.7035 0.855168
0.833061 -14.6887 0.855168
0.833494 -14.6739 0.855602
0.833928 -14.6592 0.856035
0.834361 -14.6445 0.856469
0.834795 -14.6297 0.856902
0.835228  -14.615 0.857336
0.835662 -14.6004 0.857769
0.836095 -14.5857 0.857769
0.836529 -14.5711 0.858203
0.836962 -14.5565 0.858636
0.837396 -14.5419  0.85907
0.837829 -14.5273 0.859503
0.838263 -14.5128 0.859937
0.838696 -14.4982 0.859937
 0.83913 -14.4837  0.86037
0.839563 -14.4692 0.860804
0.839997 -14.4547 0.861237
 0.84043 -14.4403 0.861671
0.840864 -14.4258 0.862104
0.841297 -14.4114 0.862538
0.841731  -14.397 0.862538
0.842164 -14.3827 0.862971
0.842598 -14.3683 0.863404
0.843031  -14.354 0.863838
0.843464 -14.3396 0.864271
0.843898 -14.3253 0.864705
0.844331 -14.3111 0.865138
0.844765 -14.2968 0.865138
0.845198 -14.2826 0.865572
0.845632 -14.2683 0.866005
0.846065 -14.2541 0.866439
0.846499   -14.24 0.866872
0.846932 -14.2258 0.867306
0.847366 -14.2117 0.867306
0.847799 -14.1975 0.867739
0.848233 -14.1834 0.868173
0.848666 -14.1693 0.868606
  0.8491 -14.1553  0.86904
0.849533 -14.1412 0.869473
0.849967 -14.1272 0.869907
  0.8504 -14.1132 0.869907
0.850834 -14.0992  0.87034
0.851267 -14.0852 0.870774
0.851701 -14.0712 0.871207
0.852134 -14.0573 0.871641
0.852568 -14.0434 0.872074
0.853001 -14.0295 0.872074
0.853434 -14.0156 0.872508
0.853868 -14.0018 0.872941
0.854301 -13.9879 0.873374
0.854735 -13.9741 0.873808
0.855168 -13.9603 0.874241
0.855602 -13.9465 0.874675
0.856035 -13.9327 0.874675
0.856469  -13.919 0.875108
0.856902 -13.9052 0.875542
0.857336 -13.8915 0.875975
0.857769 -13.8778 0.876409
0.858203 -13.8642 0.876842
0.858636 -13.8505 0.877276
 0.85907 -13.8369 0.877276
0.859503 -13.8232 0.877709
0.859937 -13.8096 0.878143
 0.86037 -13.7961 0.878576
0.860804 -13.7825  0.87901
0.861237 -13.7689 0.879443
0.861671 -13.7554 0.879443
0.862104 -13.7419 0.879877
0.862538 -13.7284  0.88031
0.862971 -13.7149 0.880744
0.863404 -13.7015 0.881177
0.863838  -13.688 0.881611
0.864271 -13.6746 0.882044
0.864705 -13.6612 0.882044
0.865138 -13.6478 0.882477
0.865572 -13.6344 0.882911
0.866005 -13.6211 0.883344
0.866439 -13.6078 0.883778
0.866872 -13.5944 0.884211
0.867306 -13.5811 0.884645
0.867739 -13.5679 0.884645
0.868173 -13.5546 0.885078
0.868606 -13.5414 0.885512
 0.86904 -13.5281 0.885945
0.869473 -13.5149 0.886379
0.869907 -13.5017 0.886812
 0.87034 -13.4886 0.886812
0.870774 -13.4754 0.887246
0.871207 -13.4622 0.887679
0.871641 -13.4491 0.888113
0.872074  -13.436 0.888546
0.872508 -13.4229  0.88898
0.872941 -13.4099 0.889413
0.873374 -13.3968 0.889413
0.873808 -13.3838 0.889847
0.874241 -13.3707  0.89028
0.874675 -13.3577 0.890714
0.875108 -13.3448 0.891147
0.875542 -13.3318 0.891581
0.875975 -13.3188 0.891581
0.876409 -13.3059 0.892014
0.876842  -13.293 0.892447
0.877276 -13.2801 0.892881
0.877709 -13.2672 0.893314
0.878143 -13.2543 0.893748
0.878576 -13.2415 0.894181
 0.87901 -13.2287 0.894181
0.879443 -13.2158 0.894615
0.879877  -13.203 0.895048
 0.88031 -13.1903 0.895482
0.880744 -13.1775 0.895915
0.881177 -13.1648 0.896349
0.881611  -13.152 0.896349
0.882044 -13.1393 0.896782
0.882477 -13.1266 0.897216
0.882911 -13.1139 0.897649
0.883344 -13.1013 0.898083
0.883778 -13.0886 0.898516
0.884211  -13.076  0.89895
0.884645 -13.0634  0.89895
0.885078 -13.0508 0.899383
0.885512 -13.0382 0.899817
0.885945 -13.0256  0.90025
0.886379 -13.0131 0.900684
0.886812 -13.0005 0.901117
0.887246  -12.988 0.901117
0.887679 -12.9755 0.901551
0.888113  -12.963 0.901984
0.888546 -12.9506 0.902417
 0.88898 -12.9381 0.902851
0.889413 -12.9257 0.903284
0.889847 -12.9133 0.903718
 0.89028 -12.9009 0.903718
0.890714 -12.8885 0.904151
0.891147 -12.8761 0.904585
0.891581 -12.8638 0.905018
0.892014 -12.8514 0.905452
0.892447 -12.8391 0.905885
0.892881 -12.8268 0.906319
0.893314 -12.8145 0.906319
0.893748 -12.8022 0.906752
0.894181   -12.79 0.907186
0.894615 -12.7777 0.907619
0.895048 -12.7655 0.908053
0.895482 -12.7533 0.908486
0.895915 -12.7411 0.908486
0.896349 -12.7289  0.90892
0.896782 -12.7168 0.909353
0.897216 -12.7046 0.909787
0.897649 -12.6925  0.91022
0.898083 -12.6804 0.910654
0.898516 -12.6683 0.911087
 0.89895 -12.6562 0.911087
0.899383 -12.6441 0.911521
0.899817 -12.6321 0.911954
 0.90025   -12.62 0.912387
0.900684  -12.608 0.912821
0.901117  -12.596 0.913254
0.901551  -12.584 0.913254
0.901984  -12.572 0.913688
0.902417 -12.5601 0.914121
0.902851 -12.5481 0.914555
0.903284 -12.5362 0.914988
0.903718 -12.5243 0.915422
0.904151 -12.5124 0.915855
0.904585 -12.5005 0.915855
0.905018 -12.4886 0.916289
0.905452 -12.4768 0.916722
0.905885 -12.4649 0.917156
0.906319 -12.4531 0.917589
0.906752 -12.4413 0.918023
0.907186 -12.4295 0.918023
0.907619 -12.4177 0.918456
0.908053  -12.406  0.91889
0.908486 -12.3942 0.919323
 0.90892 -12.3825 0.919757
0.909353 -12.3708  0.92019
0.909787 -12.3591  0.92019
 0.91022 -12.3474 0.920624
0.910654 -12.3357 0.921057
0.911087 -12.3241  0.92149
0.911521 -12.3124 0.921924
0.911954 -12.3008 0.922357
0.912387 -12.2892 0.922791
0.912821 -12.2776 0.922791
0.913254  -12.266 0.923224
0.913688 -12.2544 0.923658
0.914121 -12.2429 0.924091
0.914555 -12.2313 0.924525
0.914988 -12.2198 0.924958
0.915422 -12.2083 0.925392
0.915855 -12.1968 0.925392
0.916289 -12.1853 0.925825
0.916722 -12.1739 0.926259
0.917156 -12.1624 0.926692
0.917589  -12.151 0.927126
0.918023 -12.1396 0.927559
0.918456 -12.1282 0.927559
 0.91889 -12.1168 0.927993
0.919323 -12.1054 0.928426
0.919757  -12.094  0.92886
 0.92019 -12.0827 0.929293
0.920624 -12.0713 0.929727
0.921057   -12.06  0.93016
 0.92149 -12.0487  0.93016
0.921924 -12.0374 0.930594
0.922357 -12.0261 0.931027
0.922791 -12.0149  0.93146
0.923224 -12.0036 0.931894
0.923658 -11.9924 0.932327
0.924091 -11.9812 0.932327
0.924525   -11.97 0.932761
0.924958 -11.9588 0.933194
0.925392 -11.9476 0.933628
0.925825 -11.9364 0.934061
0.926259 -11.9253 0.934495
0.926692 -11.9142 0.934495
0.927126  -11.903 0.934928
0.927559 -11.8919 0.935362
0.927993 -11.8808 0.935795
0.928426 -11.8698 0.936229
 0.92886 -11.8587 0.936662
0.929293 -11.8476 0.937096
0.929727 -11.8366 0.937096
 0.93016 -11.8256 0.937529
0.930594 -11.8146 0.937963
0.931027 -11.8036 0.938396
 0.93146 -11.7926  0.93883
0.931894 -11.7816 0.939263
0.932327 -11.7707 0.939263
0.932761 -11.7597 0.939697
0.933194 -11.7488  0.94013
0.933628 -11.7379 0.940564
0.934061  -11.727 0.940997
0.934495 -11.7161  0.94143
0.934928 -11.7052 0.941864
0.935362 -11.6944 0.941864
0.935795 -11.6835 0.942297
0.936229 -11.6727 0.942731
0.936662 -11.6619 0.943164
0.937096 -11.6511 0.943598
0.937529 -11.6403 0.944031
0.937963 -11.6295 0.944031
0.938396 -11.6188 0.944465
 0.93883  -11.608 0.944898
0.939263 -11.5973 0.945332
0.939697 -11.5865 0.945765
 0.94013 -11.5758 0.946199
0.940564 -11.5651 0.946632
0.940997 -11.5545 0.946632
 0.94143 -11.5438 0.947066
0.941864 -11.5331 0.947499
0.942297 -11.5225 0.947933
0.942731 -11.5119 0.948366
0.943164 -11.5012   0.9488
0.943598 -11.4906   0.9488
0.944031   -11.48 0.949233
0.944465 -11.4695 0.949667
0.944898 -11.4589   0.9501
0.945332 -11.4484 0.950534
0.945765 -11.4378 0.950967
0.946199 -11.4273 0.950967
0.946632 -11.4168   0.9514
0.947066 -11.4063 0.951834
0.947499 -11.3958 0.952267
0.947933 -11.3853 0.952701
0.948366 -11.3749 0.953134
  0.9488 -11.3644 0.953568
0.949233  -11.354 0.953568
0.949667 -11.3436 0.954001
  0.9501 -11.3332 0.954435
0.950534 -11.3228 0.954868
0.950967 -11.3124 0.955302
  0.9514  -11.302 0.955735
0.951834 -11.2917 0.956169
0.952267 -11.2813 0.956169
0.952701  -11.271 0.956602
0.953134 -11.2607 0.957036
0.953568 -11.2504 0.957469
0.954001 -11.2401 0.957903
0.954435 -11.2298 0.958336
0.954868 -11.2195 0.958336
0.955302 -11.2093  0.95877
0.955735  -11.199 0.959203
0.956169 -11.1888 0.959637
0.956602 -11.1786  0.96007
0.957036 -11.1684 0.960504
0.957469 -11.1582 0.960504
0.957903  -11.148 0.960937
0.958336 -11.1379  0.96137
 0.95877 -11.1277 0.961804
0.959203 -11.1176 0.962237
0.959637 -11.1074 0.962671
 0.96007 -11.0973 0.962671
0.960504 -11.0872 0.963104
0.960937 -11.0771 0.963538
 0.96137  -11.067 0.963971
0.961804  -11.057 0.964405
0.962237 -11.0469 0.964838
0.962671 -11.0369 0.965272
0.963104 -11.0269 0.965272
0.963538 -11.0168 0.965705
0.963971 -11.0068 0.966139
0.964405 -10.9968 0.966572
0.964838 -10.9869 0.967006
0.965272 -10.9769 0.967439
0.965705 -10.9669 0.967439
0.966139  -10.957 0.967873
0.966572 -10.9471 0.968306
0.967006 -10.9371  0.96874
0.967439 -10.9272 0.969173
0.967873 -10.9173 0.969607
0.968306 -10.9075  0.97004
 0.96874 -10.8976  0.97004
0.969173 -10.8877 0.970473
0.969607 -10.8779 0.970907
 0.97004  -10.868  0.97134
0.970473 -10.8582 0.971774
0.970907 -10.8484 0.972207
 0.97134 -10.8386 0.972207
0.971774 -10.8288 0.972641
0.972207 -10.8191 0.973074
0.972641 -10.8093 0.973508
0.973074 -10.7995 0.973941
0.973508 -10.7898 0.974375
0.973941 -10.7801 0.974375
0.974375 -10.7704 0.974808
0.974808 -10.7607 0.975242
0.975242  -10.751 0.975675
0.975675 -10.7413 0.976109
0.976109 -10.7316 0.976542
0.976542  -10.722 0.976976
0.976976 -10.7123 0.976976
0.977409 -10.7027 0.977409
0.977843 -10.6931 0.977843
0.978276 -10.6835 0.978276
 0.97871 -10.6739  0.97871
0.979143 -10.6643 0.979143
0.979577 -10.6547 0.979143
 0.98001 -10.6451 0.979577
0.980443 -10.6356  0.98001
0.980877  -10.626 0.980443
 0.98131 -10.6165 0.980877
0.981744  -10.607  0.98131
0.982177 -10.5975  0.98131
0.982611  -10.588 0.981744
0.983044 -10.5785 0.982177
0.983478  -10.569 0.982611
0.983911 -10.5596 0.983044
0.984345 -10.5501 0.983478
0.984778 -10.5407 0.983911
0.985212 -10.5313 0.983911
0.985645 -10.5219 0.984345
0.986079 -10.5125 0.984778
0.986512 -10.5031 0.985212
0.986946 -10.4937 0.985645
0.987379 -10.4843 0.986079
0.987813  -10.475 0.986079
0.988246 -10.4656 0.986512
 0.98868 -10.4563 0.986946
0.989113 -10.4469 0.987379
0.989547 -10.4376 0.987813
 0.98998 -10.4283 0.988246
0.990413  -10.419 0.988246
0.990847 -10.4098  0.98868
 0.99128 -10.4005 0.989113
0.991714 -10.3912 0.989547
0.992147  -10.382  0.98998
0.992581 -10.3728 0.990413
0.993014 -10.3635 0.990847
0.993448 -10.3543 0.990847
0.993881 -10.3451  0.99128
0.994315 -10.3359 0.991714
0.994748 -10.3267 0.992147
0.995182 -10.3176 0.992581
0.995615 -10.3084 0.993014
0.996049 -10.2993 0.993014
0.996482 -10.2901 0.993448
0.996916  -10.281 0.993881
0.997349 -10.2719 0.994315
0.997783 -10.2628 0.994748
0.998216 -10.2537 0.995182
 0.99865 -10.2446 0.995182
0.999083 -10.2356 0.995615
0.999517 -10.2265 0.996049
 0.99995 -10.2174 0.996482
 1.00038 -10.2084 0.996916
 1.00082 -10.1994 0.997349
 1.00125 -10.1904 0.997783
 1.00168 -10.1814 0.997783
 1.00212 -10.1724 0.998216
 1.00255 -10.1634  0.99865
 1.00298 -10.1544 0.999083
 1.00342 -10.1454 0.999517
 1.00385 -10.1365  0.99995
 1.00428 -10.1276  0.99995
 1.00472 -10.1186  1.00038
 1.00515 -10.1097  1.00082
 1.00559 -10.1008  1.00125
 1.00602 -10.0919  1.00168
 1.00645  -10.083  1.00212
 1.00689 -10.0741  1.00212
 1.00732 -10.0653  1.00255
 1.00775 -10.0564  1.00298
 1.00819 -10.0475  1.00342
 1.00862 -10.0387  1.00385
 1.00905 -10.0299  1.00428
 1.00949 -10.0211  1.00472
 1.00992 -10.0123  1.00472
 1.01035 -10.0035  1.00515
 1.01079 -9.99469  1.00559
 1.01122 -9.98591  1.00602
 1.01165 -9.97715  1.00645
 1.01209  -9.9684  1.00689
 1.01252 -9.95966  1.00689
 1.01295 -9.95092  1.00732
 1.01339  -9.9422  1.00775
 1.01382 -9.93349  1.00819
 1.01425 -9.92479  1.00862
 1.01469  -9.9161  1.00905
 1.01512 -9.90742  1.00905
 1.01556 -9.89875  1.00949
 1.01599 -9.89008  1.00992
 1.01642 -9.88143  1.01035
 1.01686 -9.87279  1.01079
 1.01729 -9.86417  1.01122
 1.01772 -9.85555  1.01122
 1.01816 -9.84694  1.01165
 1.01859 -9.83833  1.01209
 1.01902 -9.82974  1.01252
 1.01946 -9.82117  1.01295
 1.01989  -9.8126  1.01339
 1.02032 -9.80404  1.01382
 1.02076 -9.79549  1.01382
 1.02119 -9.78695  1.01425
 1.02162 -9.77842  1.01469
 1.02206  -9.7699  1.01512
 1.02249 -9.76139  1.01556
 1.02292  -9.7529  1.01599
 1.02336 -9.74441  1.01599
 1.02379 -9.73593  1.01642
 1.02422 -9.72745  1.01686
 1.02466 -9.71899  1.01729
 1.02509 -9.71055  1.01772
 1.02553 -9.70211  1.01816
 1.02596 -9.69368  1.01816
 1.02639 -9.68526  1.01859
 1.02683 -9.67685  1.01902
 1.02726 -9.66845  1.01946
 1.02769 -9.66006  1.01989
 1.02813 -9.65168  1.02032
 1.02856 -9.64331  1.02032
 1.02899 -9.63494  1.02076
 1.02943 -9.62659  1.02119
 1.02986 -9.61825  1.02162
 1.03029 -9.60992  1.02206
 1.03073  -9.6016  1.02249
 1.03116 -9.59329  1.02292
 1.03159 -9.58498  1.02292
 1.03203 -9.57669  1.02336
 1.03246  -9.5684  1.02379
 1.03289 -9.56013  1.02422
 1.03333 -9.55187  1.02466
 1.03376 -9.54361  1.02509
 1.03419 -9.53537  1.02509
 1.03463 -9.52713  1.02553
 1.03506  -9.5189  1.02596
  1.0355 -9.51069  1.02639
 1.03593 -9.50248  1.02683
 1.03636 -9.49429  1.02726
  1.0368  -9.4861  1.02726
 1.03723 -9.47792  1.02769
 1.03766 -9.46975  1.02813
  1.0381 -9.46159  1.02856
 1.03853 -9.45344  1.02899
 1.03896  -9.4453  1.02943
  1.0394 -9.43717  1.02986
 1.03983 -9.42905  1.02986
 1.04026 -9.42093  1.03029
  1.0407 -9.41283  1.03073
 1.04113 -9.40474  1.03116
 1.04156 -9.39665  1.03159
   1.042 -9.38858  1.03203
 1.04243 -9.38052  1.03203
 1.04286 -9.37246  1.03246
  1.0433 -9.36441  1.03289
 1.04373 -9.35637  1.03333
 1.04416 -9.34834  1.03376
  1.0446 -9.34033  1.03419
 1.04503 -9.33232  1.03419
 1.04547 -9.32431  1.03463
  1.0459 -9.31632  1.03506
 1.04633 -9.30834   1.0355
 1.04677 -9.30037  1.03593
  1.0472 -9.29241  1.03636
 1.04763 -9.28445  1.03636
 1.04807 -9.27651   1.0368
  1.0485 -9.26857  1.03723
 1.04893 -9.26064  1.03766
 1.04937 -9.25272   1.0381
  1.0498 -9.24481  1.03853
 1.05023 -9.23692  1.03853
 1.05067 -9.22902  1.03896
  1.0511 -9.22114   1.0394
 1.05153 -9.21327  1.03983
 1.05197  -9.2054  1.04026
  1.0524 -9.19755   1.0407
 1.05283 -9.18971  1.04113
 1.05327 -9.18187  1.04113
  1.0537 -9.17404  1.04156
 1.05413 -9.16622    1.042
 1.05457 -9.15841  1.04243
   1.055 -9.15061  1.04286
 1.05544 -9.14282   1.0433
 1.05587 -9.13504   1.0433
  1.0563 -9.12726  1.04373
 1.05674 -9.11949  1.04416
 1.05717 -9.11174   1.0446
  1.0576 -9.10399  1.04503
 1.05804 -9.09626  1.04547
 1.05847 -9.08853  1.04547
  1.0589  -9.0808   1.0459
 1.05934 -9.07309  1.04633
 1.05977 -9.06539  1.04677
  1.0602 -9.05769   1.0472
 1.06064 -9.05001  1.04763
 1.06107 -9.04233  1.04807
  1.0615 -9.03466  1.04807
 1.06194   -9.027   1.0485
 1.06237 -9.01935  1.04893
  1.0628 -9.01171  1.04937
 1.06324 -9.00407   1.0498
 1.06367 -8.99645  1.05023
  1.0641 -8.98883  1.05023
 1.06454 -8.98122  1.05067
 1.06497 -8.97363   1.0511
 1.06541 -8.96604  1.05153
 1.06584 -8.95845  1.05197
 1.06627 -8.95088   1.0524
 1.06671 -8.94332   1.0524
 1.06714 -8.93576  1.05283
 1.06757 -8.92821  1.05327
 1.06801 -8.92067   1.0537
 1.06844 -8.91314  1.05413
 1.06887 -8.90563  1.05457
 1.06931 -8.89811  1.05457
 1.06974 -8.89061    1.055
 1.07017 -8.88311  1.05544
 1.07061 -8.87562  1.05587
 1.07104 -8.86814   1.0563
 1.07147 -8.86068  1.05674
 1.07191 -8.85321  1.05674
 1.07234 -8.84576  1.05717
 1.07277 -8.83831   1.0576
 1.07321 -8.83087  1.05804
 1.07364 -8.82345  1.05847
 1.07407 -8.81603   1.0589
 1.07451 -8.80862  1.05934
 1.07494 -8.80121  1.05934
 1.07538 -8.79381  1.05977
 1.07581 -8.78643   1.0602
 1.07624 -8.77905  1.06064
 1.07668 -8.77168  1.06107
 1.07711 -8.76432  1.06107
 1.07754 -8.75697   1.0615
 1.07798 -8.74962  1.06194
 1.07841 -8.74228  1.06237
 1.07884 -8.73495   1.0628
 1.07928 -8.72763  1.06324
 1.07971 -8.72032  1.06367
 1.08014 -8.71302  1.06367
 1.08058 -8.70572   1.0641
 1.08101 -8.69843  1.06454
 1.08144 -8.69115  1.06497
 1.08188 -8.68388  1.06541
 1.08231 -8.67662  1.06584
 1.08274 -8.66937  1.06584
 1.08318 -8.66212  1.06627
 1.08361 -8.65488  1.06671
 1.08404 -8.64765  1.06714
 1.08448 -8.64043  1.06757
 1.08491 -8.63321  1.06801
 1.08535 -8.62601  1.06801
 1.08578 -8.61881  1.06844
 1.08621 -8.61162  1.06887
 1.08665 -8.60443  1.06931
 1.08708 -8.59726  1.06974
 1.08751  -8.5901  1.07017
 1.08795 -8.58294  1.07017
 1.08838 -8.57579  1.07061
 1.08881 -8.56864  1.07104
 1.08925 -8.56151  1.07147
 1.08968 -8.55438  1.07191
 1.09011 -8.54727  1.07234
 1.09055 -8.54016  1.07234
 1.09098 -8.53305  1.07277
 1.09141 -8.52596  1.07321
 1.09185 -8.51887  1.07364
 1.09228 -8.51179  1.07407
 1.09271 -8.50472  1.07451
 1.09315 -8.49766  1.07494
 1.09358 -8.49061  1.07494
 1.09401 -8.48356  1.07538
 1.09445 -8.47652  1.07581
 1.09488 -8.46949  1.07624
 1.09532 -8.46247  1.07668
 1.09575 -8.45545  1.07711
 1.09618 -8.44844  1.07711
 1.09662 -8.44144  1.07754
 1.09705 -8.43445  1.07798
 1.09748 -8.42746  1.07841
 1.09792 -8.42049  1.07884
 1.09835 -8.41352  1.07928
 1.09878 -8.40656  1.07928
 1.09922  -8.3996  1.07971
 1.09965 -8.39266  1.08014
 1.10008 -8.38572  1.08058
 1.10052 -8.37879  1.08101
 1.10095 -8.37187  1.08144
 1.10138 -8.36495  1.08144
 1.10182 -8.35804  1.08188
 1.10225 -8.35114  1.08231
 1.10268 -8.34425  1.08274
 1.10312 -8.33736  1.08318
 1.10355 -8.33049  1.08361
 1.10398 -8.32362  1.08361
 1.10442 -8.31676  1.08404
 1.10485  -8.3099  1.08448
 1.10529 -8.30305  1.08491
 1.10572 -8.29622  1.08535
 1.10615 -8.28939  1.08578
 1.10659 -8.28256  1.08578
 1.10702 -8.27574  1.08621
 1.10745 -8.26893  1.08665
 1.10789 -8.26213  1.08708
 1.10832 -8.25534  1.08751
 1.10875 -8.24855  1.08795
 1.10919 -8.24178  1.08795
 1.10962   -8.235  1.08838
 1.11005 -8.22824  1.08881
 1.11049 -8.22148  1.08925
 1.11092 -8.21473  1.08968
 1.11135 -8.20799  1.09011
 1.11179 -8.20126  1.09055
 1.11222 -8.19453  1.09055
 1.11265 -8.18781  1.09098
 1.11309  -8.1811  1.09141
 1.11352 -8.17439  1.09185
 1.11395 -8.16769  1.09228
 1.11439 -8.16101  1.09271
 1.11482 -8.15432  1.09271
 1.11526 -8.14764  1.09315
 1.11569 -8.14098  1.09358
 1.11612 -8.13431  1.09401
 1.11656 -8.12766  1.09445
 1.11699 -8.12102  1.09488
 1.11742 -8.11438  1.09488
 1.11786 -8.10774  1.09532
 1.11829 -8.10112  1.09575
 1.11872  -8.0945  1.09618
 1.11916 -8.08789  1.09662
 1.11959 -8.08129  1.09705
 1.12002  -8.0747  1.09705
 1.12046 -8.06811  1.09748
 1.12089 -8.06152  1.09792
 1.12132 -8.05495  1.09835
 1.12176 -8.04838  1.09878
 1.12219 -8.04183  1.09922
 1.12262 -8.03527  1.09922
 1.12306 -8.02873  1.09965
 1.12349 -8.02219  1.10008
 1.12392 -8.01566  1.10052
 1.12436 -8.00913  1.10095
 1.12479 -8.00262  1.10138
 1.12523 -7.99611  1.10138
 1.12566 -7.98961  1.10182
 1.12609 -7.98311  1.10225
 1.12653 -7.97662  1.10268
 1.12696 -7.97014  1.10312
 1.12739 -7.96367  1.10355
 1.12783  -7.9572  1.10355
 1.12826 -7.95074  1.10398
 1.12869 -7.94428  1.10442
 1.12913 -7.93784  1.10485
 1.12956  -7.9314  1.10529
 1.12999 -7.92497  1.10572
 1.13043 -7.91854  1.10572
 1.13086 -7.91212  1.10615
 1.13129 -7.90571  1.10659
 1.13173 -7.89931  1.10702
 1.13216 -7.89291  1.10745
 1.13259 -7.88652  1.10789
 1.13303 -7.88014  1.10832
 1.13346 -7.87376  1.10832
 1.13389 -7.86739  1.10875
 1.13433 -7.86103  1.10919
 1.13476 -7.85467  1.10962
  1.1352 -7.84832  1.11005
 1.13563 -7.84198  1.11049
 1.13606 -7.83565  1.11049
  1.1365 -7.82932  1.11092
 1.13693 -7.82299  1.11135
 1.13736 -7.81668  1.11179
  1.1378 -7.81037  1.11222
 1.13823 -7.80407  1.11265
 1.13866 -7.79778  1.11265
  1.1391 -7.79149  1.11309
 1.13953 -7.78521  1.11352
 1.13996 -7.77893  1.11395
  1.1404 -7.77267  1.11439
 1.14083 -7.76641  1.11482
 1.14126 -7.76015  1.11482
  1.1417  -7.7539  1.11526
 1.14213 -7.74766  1.11569
 1.14256 -7.74143  1.11612
   1.143  -7.7352  1.11656
 1.14343 -7.72899  1.11699
 1.14386 -7.72277  1.11699
  1.1443 -7.71656  1.11742
 1.14473 -7.71036  1.11786
 1.14517 -7.70417  1.11829
  1.1456 -7.69798  1.11872
 1.14603  -7.6918  1.11916
 1.14647 -7.68563  1.11916
  1.1469 -7.67946  1.11959
 1.14733  -7.6733  1.12002
 1.14777 -7.66715  1.12046
  1.1482   -7.661  1.12089
 1.14863 -7.65486  1.12132
 1.14907 -7.64873  1.12132
  1.1495  -7.6426  1.12176
 1.14993 -7.63648  1.12219
 1.15037 -7.63036  1.12262
  1.1508 -7.62426  1.12306
 1.15123 -7.61816  1.12349
 1.15167 -7.61206  1.12349
  1.1521 -7.60597  1.12392
 1.15253 -7.59989  1.12436
 1.15297 -7.59382  1.12479
  1.1534 -7.58775  1.12523
 1.15383 -7.58169  1.12566
 1.15427 -7.57563  1.12566
  1.1547 -7.56958  1.12609
 1.15514 -7.56354  1.12653
 1.15557  -7.5575  1.12696
   1.156 -7.55147  1.12739
 1.15644 -7.54545  1.12783
 1.15687 -7.53943  1.12783
  1.1573 -7.53342  1.12826
 1.15774 -7.52742  1.12869
 1.15817 -7.52142  1.12913
  1.1586 -7.51543  1.12956
 1.15904 -7.50944  1.12999
 1.15947 -7.50347  1.12999
  1.1599 -7.49749  1.13043
 1.16034 -7.49153  1.13086
 1.16077 -7.48557  1.13129
  1.1612 -7.47961  1.13173
 1.16164 -7.47367  1.13216
 1.16207 -7.46773  1.13259
  1.1625 -7.46179  1.13259
 1.16294 -7.45587  1.13303
 1.16337 -7.44994  1.13346
  1.1638 -7.44403  1.13389
 1.16424 -7.43812  1.13433
 1.16467 -7.43222  1.13433
 1.16511 -7.42632  1.13476
 1.16554 -7.42043   1.1352
 1.16597 -7.41455  1.13563
 1.16641 -7.40867  1.13606
 1.16684  -7.4028   1.1365
 1.16727 -7.39693   1.1365
 1.16771 -7.39107  1.13693
 1.16814 -7.38522  1.13736
 1.16857 -7.37937   1.1378
 1.16901 -7.37353  1.13823
 1.16944  -7.3677  1.13866
 1.16987 -7.36187   1.1391
 1.17031 -7.35605   1.1391
 1.17074 -7.35023  1.13953
 1.17117 -7.34442  1.13996
 1.17161 -7.33862   1.1404
 1.17204 -7.33282  1.14083
 1.17247 -7.32703  1.14126
 1.17291 -7.32125  1.14126
 1.17334 -7.31547   1.1417
 1.17377 -7.30969  1.14213
 1.17421 -7.30393  1.14256
 1.17464 -7.29817    1.143
 1.17508 -7.29241  1.14343
 1.17551 -7.28666  1.14343
 1.17594 -7.28092  1.14386
 1.17638 -7.27518   1.1443
 1.17681 -7.26945  1.14473
 1.17724 -7.26373  1.14517
 1.17768 -7.25801   1.1456
 1.17811  -7.2523   1.1456
 1.17854 -7.24659  1.14603
 1.17898 -7.24089  1.14647
 1.17941 -7.23519   1.1469
 1.17984 -7.22951  1.14733
 1.18028 -7.22383  1.14777
 1.18071 -7.21815  1.14777
 1.18114 -7.21248   1.1482
 1.18158 -7.20681  1.14863
 1.18201 -7.20115  1.14907
 1.18244  -7.1955   1.1495
 1.18288 -7.18985  1.14993
 1.18331 -7.18421  1.14993
 1.18374 -7.17858  1.15037
 1.18418 -7.17295   1.1508
 1.18461 -7.16733  1.15123
 1.18505 -7.16171  1.15167
 1.18548  -7.1561   1.1521
 1.18591 -7.15049   1.1521
 1.18635 -7.14489  1.15253
 1.18678  -7.1393  1.15297
 1.18721 -7.13371   1.1534
 1.18765 -7.12813  1.15383
 1.18808 -7.12255  1.15427
 1.18851 -7.11698  1.15427
 1.18895 -7.11142   1.1547
 1.18938 -7.10586  1.15514
 1.18981  -7.1003  1.15557
 1.19025 -7.09476    1.156
 1.19068 -7.08922  1.15644
 1.19111 -7.08368  1.15644
 1.19155 -7.07815  1.15687
 1.19198 -7.07262   1.1573
 1.19241 -7.06711  1.15774
 1.19285 -7.06159  1.15817
 1.19328 -7.05609   1.1586
 1.19371 -7.05059   1.1586
 1.19415 -7.04509  1.15904
 1.19458  -7.0396  1.15947
 1.19502 -7.03412   1.1599
 1.19545 -7.02864  1.16034
 1.19588 -7.02317  1.16077
 1.19632  -7.0177  1.16077
 1.19675 -7.01224   1.1612
 1.19718 -7.00678  1.16164
 1.19762 -7.00133  1.16207
 1.19805 -6.99589   1.1625
 1.19848 -6.99045  1.16294
 1.19892 -6.98502  1.16294
 1.19935 -6.97959  1.16337
 1.19978 -6.97417   1.1638
 1.20022 -6.96875  1.16424
 1.20065 -6.96334  1.16467
 1.20108 -6.95794  1.16511
 1.20152 -6.95254  1.16511
 1.20195 -6.94714  1.16554
 1.20238 -6.94175  1.16597
 1.20282 -6.93637  1.16641
 1.20325 -6.93099  1.16684
 1.20368 -6.92562  1.16727
 1.20412 -6.92026  1.16727
 1.20455  -6.9149  1.16771
 1.20498 -6.90954  1.16814
 1.20542 -6.90419  1.16857
 1.20585 -6.89885  1.16901
 1.20629 -6.89351  1.16944
 1.20672 -6.88818  1.16944
 1.20715 -6.88285  1.16987
 1.20759 -6.87753  1.17031
 1.20802 -6.87221  1.17074
 1.20845  -6.8669  1.17117
 1.20889  -6.8616  1.17161
 1.20932  -6.8563  1.17161
 1.20975   -6.851  1.17204
 1.21019 -6.84571  1.17247
 1.21062 -6.84043  1.17291
 1.21105 -6.83515  1.17334
 1.21149 -6.82988  1.17377
 1.21192 -6.82462  1.17377
 1.21235 -6.81935  1.17421
 1.21279  -6.8141  1.17464
 1.21322 -6.80885  1.17508
 1.21365  -6.8036  1.17551
 1.21409 -6.79836  1.17594
 1.21452 -6.79313  1.17594
 1.21495  -6.7879  1.17638
 1.21539 -6.78267  1.17681
 1.21582 -6.77745  1.17724
 1.21626 -6.77224  1.17768
 1.21669 -6.76703  1.17811
 1.21712 -6.76183  1.17811
 1.21756 -6.75663  1.17854
 1.21799 -6.75144  1.17898
 1.21842 -6.74625  1.17941
 1.21886 -6.74107  1.17984
 1.21929  -6.7359  1.18028
 1.21972 -6.73073  1.18028
 1.22016 -6.72556  1.18071
 1.22059  -6.7204  1.18114
 1.22102 -6.71525  1.18158
 1.22146  -6.7101  1.18201
 1.22189 -6.70496  1.18244
 1.22232 -6.69982  1.18244
 1.22276 -6.69468  1.18288
 1.22319 -6.68955  1.18331
 1.22362 -6.68443  1.18374
 1.22406 -6.67931  1.18418
 1.22449  -6.6742  1.18461
 1.22492 -6.66909  1.18461
 1.22536 -6.66399  1.18505
 1.22579 -6.65889  1.18548
 1.22623  -6.6538  1.18591
 1.22666 -6.64871  1.18635
 1.22709 -6.64363  1.18678
 1.22753 -6.63856  1.18678
 1.22796 -6.63349  1.18721
 1.22839 -6.62842  1.18765
 1.22883 -6.62336  1.18808
 1.22926  -6.6183  1.18851
 1.22969 -6.61325  1.18895
 1.23013 -6.60821  1.18895
 1.23056 -6.60317  1.18938
 1.23099 -6.59813  1.18981
 1.23143  -6.5931  1.19025
 1.23186 -6.58808  1.19068
 1.23229 -6.58306  1.19111
 1.23273 -6.57804  1.19111
 1.23316 -6.57303  1.19155
 1.23359 -6.56803  1.19198
 1.23403 -6.56303  1.19241
 1.23446 -6.55803  1.19285
 1.23489 -6.55305  1.19328
 1.23533 -6.54806  1.19328
 1.23576 -6.54308  1.19371
  1.2362 -6.53811  1.19415
 1.23663 -6.53314  1.19458
 1.23706 -6.52817  1.19502
  1.2375 -6.52322  1.19545
 1.23793 -6.51826  1.19545
 1.23836 -6.51331  1.19588
  1.2388 -6.50837  1.19632
 1.23923 -6.50343  1.19675
 1.23966  -6.4985  1.19718
  1.2401 -6.49357  1.19762
 1.24053 -6.48864  1.19762
 1.24096 -6.48372  1.19805
  1.2414 -6.47881  1.19848
 1.24183  -6.4739  1.19892
 1.24226   -6.469  1.19935
  1.2427  -6.4641  1.19978
 1.24313  -6.4592  1.19978
 1.24356 -6.45431  1.20022
   1.244 -6.44943  1.20065
 1.24443 -6.44455  1.20108
 1.24486 -6.43967  1.20152
  1.2453 -6.43481  1.20195
 1.24573 -6.42994  1.20195
 1.24617 -6.42508  1.20238
  1.2466 -6.42023  1.20282
 1.24703 -6.41538  1.20325
 1.24747 -6.41053  1.20368
  1.2479 -6.40569  1.20412
 1.24833 -6.40086  1.20412
 1.24877 -6.39602  1.20455
  1.2492  -6.3912  1.20498
 1.24963 -6.38638  1.20542
 1.25007 -6.38156  1.20585
  1.2505 -6.37675  1.20629
 1.25093 -6.37195  1.20629
 1.25137 -6.36714  1.20672
  1.2518 -6.36235  1.20715
 1.25223 -6.35755  1.20759
 1.25267 -6.35277  1.20802
  1.2531 -6.34799  1.20845
 1.25353 -6.34321  1.20845
 1.25397 -6.33844  1.20889
  1.2544 -6.33367  1.20932
 1.25483  -6.3289  1.20975
 1.25527 -6.32415  1.21019
  1.2557 -6.31939  1.21062
 1.25614 -6.31464  1.21062
 1.25657  -6.3099  1.21105
   1.257 -6.30516  1.21149
 1.25744 -6.30043  1.21192
 1.25787  -6.2957  1.21235
  1.2583 -6.29097  1.21279
 1.25874 -6.28625  1.21279
 1.25917 -6.28153  1.21322
  1.2596 -6.27682  1.21365
 1.26004 -6.27212  1.21409
 1.26047 -6.26742  1.21452
  1.2609 -6.26272  1.21495
 1.26134 -6.25803  1.21495
 1.26177 -6.25334  1.21539
  1.2622 -6.24866  1.21582
 1.26264 -6.24398  1.21626
 1.26307  -6.2393  1.21669
  1.2635 -6.23464  1.21712
 1.26394 -6.22997  1.21712
 1.26437 -6.22531  1.21756
  1.2648 -6.22066  1.21799
 1.26524 -6.21601  1.21842
 1.26567 -6.21136  1.21886
 1.26611 -6.20672  1.21929
 1.26654 -6.20209  1.21929
 1.26697 -6.19745  1.21972
 1.26741 -6.19282  1.22016
 1.26784  -6.1882  1.22059
 1.26827 -6.18359  1.22102
 1.26871 -6.17897  1.22146
 1.26914 -6.17436  1.22146
 1.26957 -6.16976  1.22189
 1.27001 -6.16516  1.22232
 1.27044 -6.16056  1.22276
 1.27087 -6.15597  1.22319
 1.27131 -6.15139  1.22362
 1.27174 -6.14681  1.22362
 1.27217 -6.14223  1.22406
 1.27261 -6.13766  1.22449
 1.27304 -6.13309  1.22492
 1.27347 -6.12853  1.22536
 1.27391 -6.12397  1.22579
 1.27434 -6.11941  1.22579
 1.27477 -6.11486  1.22623
 1.27521 -6.11032  1.22666
 1.27564 -6.10578  1.22709
 1.27608 -6.10124  1.22753
 1.27651 -6.09671  1.22796
 1.27694 -6.09218  1.22796
 1.27738 -6.08766  1.22839
 1.27781 -6.08314  1.22883
 1.27824 -6.07863  1.22926
 1.27868 -6.07412  1.22969
 1.27911 -6.06961  1.23013
 1.27954 -6.06511  1.23013
 1.27998 -6.06062  1.23056
 1.28041 -6.05612  1.23099
 1.28084 -6.05164  1.23143
 1.28128 -6.04716  1.23186
 1.28171 -6.04268  1.23229
 1.28214  -6.0382  1.23229
 1.28258 -6.03373  1.23273
 1.28301 -6.02927  1.23316
 1.28344 -6.02481  1.23359
 1.28388 -6.02035  1.23403
 1.28431  -6.0159  1.23403
 1.28474 -6.01145  1.23446
 1.28518 -6.00701  1.23489
 1.28561 -6.00257  1.23533
 1.28605 -5.99813  1.23576
 1.28648 -5.99371   1.2362
 1.28691 -5.98928   1.2362
 1.28735 -5.98486  1.23663
 1.28778 -5.98044  1.23706
 1.28821 -5.97603   1.2375
 1.28865 -5.97162  1.23793
 1.28908 -5.96722  1.23836
 1.28951 -5.96282  1.23836
 1.28995 -5.95842   1.2388
 1.29038 -5.95403  1.23923
 1.29081 -5.94964  1.23966
 1.29125 -5.94526   1.2401
 1.29168 -5.94088  1.24053
 1.29211 -5.93651  1.24053
 1.29255 -5.93214  1.24096
 1.29298 -5.92777   1.2414
 1.29341 -5.92341  1.24183
 1.29385 -5.91905  1.24226
 1.29428  -5.9147   1.2427
 1.29471 -5.91036   1.2427
 1.29515 -5.90601  1.24313
 1.29558 -5.90167  1.24356
 1.29602 -5.89733    1.244
 1.29645   -5.893  1.24443
 1.29688 -5.88868  1.24486
 1.29732 -5.88435  1.24486
 1.29775 -5.88003   1.2453
 1.29818 -5.87572  1.24573
 1.29862 -5.87141  1.24617
 1.29905  -5.8671   1.2466
 1.29948  -5.8628  1.24703
 1.29992 -5.85851  1.24703
 1.30035 -5.85421  1.24747
 1.30078 -5.84992   1.2479
 1.30122 -5.84564  1.24833
 1.30165 -5.84136  1.24877
 1.30208 -5.83708   1.2492
 1.30252 -5.83281   1.2492
 1.30295 -5.82854  1.24963
 1.30338 -5.82427  1.25007
 1.30382 -5.82001   1.2505
 1.30425 -5.81576  1.25093
 1.30468 -5.81151  1.25137
 1.30512 -5.80726  1.25137
 1.30555 -5.80302   1.2518
 1.30599 -5.79878  1.25223
 1.30642 -5.79454  1.25267
 1.30685 -5.79031   1.2531
 1.30729 -5.78608  1.25353
 1.30772 -5.78186  1.25353
 1.30815 -5.77764  1.25397
 1.30859 -5.77343   1.2544
 1.30902 -5.76921  1.25483
 1.30945 -5.76501  1.25527
 1.30989 -5.76081   1.2557
 1.31032 -5.75661   1.2557
 1.31075 -5.75241  1.25614
 1.31119 -5.74822  1.25657
 1.31162 -5.74404    1.257
 1.31205 -5.73985  1.25744
 1.31249 -5.73568  1.25787
 1.31292  -5.7315  1.25787
 1.31335 -5.72733   1.2583
 1.31379 -5.72317  1.25874
 1.31422   -5.719  1.25917
 1.31465 -5.71485   1.2596
 1.31509 -5.71069  1.26004
 1.31552 -5.70654  1.26004
 1.31596  -5.7024  1.26047
 1.31639 -5.69825   1.2609
 1.31682 -5.69412  1.26134
 1.31726 -5.68998  1.26177
 1.31769 -5.68585  1.26177
 1.31812 -5.68173   1.2622
 1.31856  -5.6776  1.26264
 1.31899 -5.67349  1.26307
 1.31942 -5.66937   1.2635
 1.31986 -5.66526  1.26394
 1.32029 -5.66116  1.26394
 1.32072 -5.65705  1.26437
 1.32116 -5.65296   1.2648
 1.32159 -5.64886  1.26524
 1.32202 -5.64477  1.26567
 1.32246 -5.64068  1.26611
 1.32289  -5.6366  1.26611
 1.32332 -5.63252  1.26654
 1.32376 -5.62845  1.26697
 1.32419 -5.62438  1.26741
 1.32462 -5.62031  1.26784
 1.32506 -5.61625  1.26827
 1.32549 -5.61219  1.26827
 1.32593 -5.60814  1.26871
 1.32636 -5.60408  1.26914
 1.32679 -5.60003  1.26957
 1.32723 -5.59599  1.27001
 1.32766 -5.59195  1.27044
 1.32809 -5.58792  1.27044
 1.32853 -5.58389  1.27087
 1.32896 -5.57986  1.27131
 1.32939 -5.57583  1.27174
 1.32983 -5.57181  1.27217
 1.33026  -5.5678  1.27261
 1.33069 -5.56379  1.27261
 1.33113 -5.55978  1.27304
 1.33156 -5.55577  1.27347
 1.33199 -5.55177  1.27391
 1.33243 -5.54777  1.27434
 1.33286 -5.54378  1.27477
 1.33329 -5.53979  1.27477
 1.33373  -5.5358  1.27521
 1.33416 -5.53182  1.27564
 1.33459 -5.52784  1.27608
 1.33503 -5.52387  1.27651
 1.33546  -5.5199  1.27694
  1.3359 -5.51593  1.27694
 1.33633 -5.51197  1.27738
 1.33676 -5.50801  1.27781
  1.3372 -5.50405  1.27824
 1.33763  -5.5001  1.27868
 1.33806 -5.49616  1.27868
  1.3385 -5.49221  1.27911
 1.33893 -5.48827  1.27954
 1.33936 -5.48433  1.27998
  1.3398  -5.4804  1.28041
 1.34023 -5.47647  1.28084
 1.34066 -5.47255  1.28084
  1.3411 -5.46863  1.28128
 1.34153 -5.46471  1.28171
 1.34196 -5.46079  1.28214
  1.3424 -5.45688  1.28258
 1.34283 -5.45298  1.28301
 1.34326 -5.44908  1.28301
  1.3437 -5.44518  1.28344
 1.34413 -5.44128  1.28388
 1.34456 -5.43739  1.28431
   1.345  -5.4335  1.28474
 1.34543 -5.42962  1.28518
 1.34587 -5.42574  1.28518
  1.3463 -5.42186  1.28561
 1.34673 -5.41798  1.28605
 1.34717 -5.41411  1.28648
  1.3476 -5.41025  1.28691
 1.34803 -5.40639  1.28735
 1.34847 -5.40253  1.28735
  1.3489 -5.39867  1.28778
 1.34933 -5.39482  1.28821
 1.34977 -5.39097  1.28865
  1.3502 -5.38713  1.28908
 1.35063 -5.38329  1.28951
 1.35107 -5.37945  1.28951
  1.3515 -5.37562  1.28995
 1.35193 -5.37179  1.29038
 1.35237 -5.36796  1.29081
  1.3528 -5.36414  1.29125
 1.35323 -5.36032  1.29168
 1.35367 -5.35651  1.29168
  1.3541 -5.35269  1.29211
 1.35453 -5.34889  1.29255
 1.35497 -5.34508  1.29298
  1.3554 -5.34128  1.29341
 1.35584 -5.33749  1.29385
 1.35627 -5.33369  1.29385
  1.3567  -5.3299  1.29428
 1.35714 -5.32611  1.29471
 1.35757 -5.32233  1.29515
   1.358 -5.31855  1.29558
 1.35844 -5.31478  1.29602
 1.35887 -5.31101  1.29602
  1.3593 -5.30724  1.29645
 1.35974 -5.30347  1.29688
 1.36017 -5.29971  1.29732
  1.3606 -5.29595  1.29775
 1.36104  -5.2922  1.29775
 1.36147 -5.28845  1.29818
  1.3619  -5.2847  1.29862
 1.36234 -5.28095  1.29905
 1.36277 -5.27721  1.29948
  1.3632 -5.27348  1.29992
 1.36364 -5.26975  1.29992
 1.36407 -5.26602  1.30035
  1.3645 -5.26229  1.30078
 1.36494 -5.25857  1.30122
 1.36537 -5.25485  1.30165
 1.36581 -5.25113  1.30208
 1.36624 -5.24742  1.30208
 1.36667 -5.24371  1.30252
 1.36711    -5.24  1.30295
 1.36754  -5.2363  1.30338
 1.36797  -5.2326  1.30382
 1.36841 -5.22891  1.30425
 1.36884 -5.22522  1.30425
 1.36927 -5.22153  1.30468
 1.36971 -5.21784  1.30512
 1.37014 -5.21416  1.30555
 1.37057 -5.21049  1.30599
 1.37101 -5.20681  1.30642
 1.37144 -5.20314  1.30642
 1.37187 -5.19947  1.30685
 1.37231 -5.19581  1.30729
 1.37274 -5.19215  1.30772
 1.37317 -5.18849  1.30815
 1.37361 -5.18484  1.30859
 1.37404 -5.18119  1.30859
 1.37447 -5.17754  1.30902
 1.37491  -5.1739  1.30945
 1.37534 -5.17026  1.30989
 1.37578 -5.16662  1.31032
 1.37621 -5.16299  1.31075
 1.37664 -5.15936  1.31075
 1.37708 -5.15573  1.31119
 1.37751 -5.15211  1.31162
 1.37794 -5.14849  1.31205
 1.37838 -5.14487  1.31249
 1.37881 -5.14126  1.31249
 1.37924 -5.13765  1.31292
 1.37968 -5.13404  1.31335
 1.38011 -5.13044  1.31379
 1.38054 -5.12684  1.31422
 1.38098 -5.12325  1.31465
 1.38141 -5.11965  1.31465
 1.38184 -5.11606  1.31509
 1.38228 -5.11248  1.31552
 1.38271 -5.10889  1.31596
 1.38314 -5.10532  1.31639
 1.38358 -5.10174  1.31682
 1.38401 -5.09817  1.31682
 1.38444  -5.0946  1.31726
 1.38488 -5.09103  1.31769
 1.38531 -5.08747  1.31812
 1.38575 -5.08391  1.31856
 1.38618 -5.08035  1.31899
 1.38661  -5.0768  1.31899
 1.38705 -5.07325  1.31942
 1.38748  -5.0697  1.31986
 1.38791 -5.06616  1.32029
 1.38835 -5.06262  1.32072
 1.38878 -5.05909  1.32116
 1.38921 -5.05555  1.32116
 1.38965 -5.05202  1.32159
 1.39008 -5.04849  1.32202
 1.39051 -5.04497  1.32246
 1.39095 -5.04145  1.32289
 1.39138 -5.03793  1.32332
 1.39181 -5.03442  1.32332
 1.39225 -5.03091  1.32376
 1.39268  -5.0274  1.32419
 1.39311  -5.0239  1.32462
 1.39355  -5.0204  1.32506
 1.39398  -5.0169  1.32506
 1.39441 -5.01341  1.32549
 1.39485 -5.00991  1.32593
 1.39528 -5.00643  1.32636
 1.39572 -5.00294  1.32679
 1.39615 -4.99946  1.32723
 1.39658 -4.99598  1.32723
 1.39702 -4.99251  1.32766
 1.39745 -4.98904  1.32809
 1.39788 -4.98557  1.32853
 1.39832  -4.9821  1.32896
 1.39875 -4.97864  1.32939
 1.39918 -4.97518  1.32939
 1.39962 -4.97173  1.32983
 1.40005 -4.96827  1.33026
 1.40048 -4.96482  1.33069
 1.40092 -4.96138  1.33113
 1.40135 -4.95794  1.33156
 1.40178  -4.9545  1.33156
 1.40222 -4.95106  1.33199
 1.40265 -4.94762  1.33243
 1.40308 -4.94419  1.33286
 1.40352 -4.94077  1.33329
 1.40395 -4.93734  1.33373
 1.40438 -4.93392  1.33373
 1.40482  -4.9305  1.33416
 1.40525 -4.92709  1.33459
 1.40569 -4.92368  1.33503
 1.40612 -4.92027  1.33546
 1.40655 -4.91687  1.33546
 1.40699 -4.91346   1.3359
 1.40742 -4.91006  1.33633
 1.40785 -4.90667  1.33676
 1.40829 -4.90327   1.3372
 1.40872 -4.89989  1.33763
 1.40915  -4.8965  1.33763
 1.40959 -4.89312  1.33806
 1.41002 -4.88973   1.3385
 1.41045 -4.88636  1.33893
 1.41089 -4.88298  1.33936
 1.41132 -4.87961   1.3398
 1.41175 -4.87624   1.3398
 1.41219 -4.87288  1.34023
 1.41262 -4.86952  1.34066
 1.41305 -4.86616   1.3411
 1.41349  -4.8628  1.34153
 1.41392 -4.85945  1.34196
 1.41435  -4.8561  1.34196
 1.41479 -4.85275   1.3424
 1.41522 -4.84941  1.34283
 1.41566 -4.84607  1.34326
 1.41609 -4.84273   1.3437
 1.41652  -4.8394  1.34413
 1.41696 -4.83607  1.34413
 1.41739 -4.83274  1.34456
 1.41782 -4.82941    1.345
 1.41826 -4.82609  1.34543
 1.41869 -4.82277  1.34587
 1.41912 -4.81946   1.3463
 1.41956 -4.81614   1.3463
 1.41999 -4.81283  1.34673
 1.42042 -4.80953  1.34717
 1.42086 -4.80622   1.3476
 1.42129 -4.80292  1.34803
 1.42172 -4.79962  1.34847
 1.42216 -4.79633  1.34847
 1.42259 -4.79304   1.3489
 1.42302 -4.78975  1.34933
 1.42346 -4.78646  1.34977
 1.42389 -4.78318   1.3502
 1.42432  -4.7799   1.3502
 1.42476 -4.77662  1.35063
 1.42519 -4.77335  1.35107
 1.42563 -4.77007   1.3515
 1.42606 -4.76681  1.35193
 1.42649 -4.76354  1.35237
 1.42693 -4.76028  1.35237
 1.42736 -4.75702   1.3528
 1.42779 -4.75376  1.35323
 1.42823 -4.75051  1.35367
 1.42866 -4.74726   1.3541
 1.42909 -4.74401  1.35453
 1.42953 -4.74077  1.35453
 1.42996 -4.73753  1.35497
 1.43039 -4.73429   1.3554
 1.43083 -4.73105  1.35584
 1.43126 -4.72782  1.35627
 1.43169 -4.72459   1.3567
 1.43213 -4.72136   1.3567
 1.43256 -4.71814  1.35714
 1.43299 -4.71492  1.35757
 1.43343  -4.7117    1.358
 1.43386 -4.70848  1.35844
 1.43429 -4.70527  1.35844
 1.43473 -4.70206  1.35887
 1.43516 -4.69885   1.3593
  1.4356 -4.69565  1.35974
 1.43603 -4.69245  1.36017
 1.43646 -4.68925   1.3606
  1.4369 -4.68606   1.3606
 1.43733 -4.68287  1.36104
 1.43776 -4.67968  1.36147
  1.4382 -4.67649   1.3619
 1.43863 -4.67331  1.36234
 1.43906 -4.67013  1.36277
  1.4395 -4.66695  1.36277
 1.43993 -4.66377   1.3632
 1.44036  -4.6606  1.36364
  1.4408 -4.65743  1.36407
 1.44123 -4.65427   1.3645
 1.44166  -4.6511  1.36494
  1.4421 -4.64794  1.36494
 1.44253 -4.64478  1.36537
 1.44296 -4.64163  1.36581
  1.4434 -4.63848  1.36624
 1.44383 -4.63533  1.36667
 1.44426 -4.63218  1.36711
  1.4447 -4.62904  1.36711
 1.44513  -4.6259  1.36754
 1.44557 -4.62276  1.36797
   1.446 -4.61962  1.36841
 1.44643 -4.61649  1.36884
 1.44687 -4.61336  1.36884
  1.4473 -4.61023  1.36927
 1.44773 -4.60711  1.36971
 1.44817 -4.60399  1.37014
  1.4486 -4.60087  1.37057
 1.44903 -4.59776  1.37101
 1.44947 -4.59464  1.37101
  1.4499 -4.59153  1.37144
 1.45033 -4.58843  1.37187
 1.45077 -4.58532  1.37231
  1.4512 -4.58222  1.37274
 1.45163 -4.57912  1.37317
 1.45207 -4.57603  1.37317
  1.4525 -4.57293  1.37361
 1.45293 -4.56984  1.37404
 1.45337 -4.56675  1.37447
  1.4538 -4.56367  1.37491
 1.45423 -4.56059  1.37534
 1.45467 -4.55751  1.37534
  1.4551 -4.55443  1.37578
 1.45554 -4.55136  1.37621
 1.45597 -4.54828  1.37664
  1.4564 -4.54522  1.37708
 1.45684 -4.54215  1.37751
 1.45727 -4.53909  1.37751
  1.4577 -4.53603  1.37794
 1.45814 -4.53297  1.37838
 1.45857 -4.52991  1.37881
   1.459 -4.52686  1.37924
 1.45944 -4.52381  1.37968
 1.45987 -4.52077  1.37968
  1.4603 -4.51772  1.38011
 1.46074 -4.51468  1.38054
 1.46117 -4.51164  1.38098
  1.4616 -4.50861  1.38141
 1.46204 -4.50557  1.38141
 1.46247 -4.50254  1.38184
  1.4629 -4.49952  1.38228
 1.46334 -4.49649  1.38271
 1.46377 -4.49347  1.38314
  1.4642 -4.49045  1.38358
 1.46464 -4.48743  1.38358
 1.46507 -4.48442  1.38401
 1.46551 -4.48141  1.38444
 1.46594  -4.4784  1.38488
 1.46637 -4.47539  1.38531
 1.46681 -4.47239  1.38575
 1.46724 -4.46939  1.38575
 1.46767 -4.46639  1.38618
 1.46811 -4.46339  1.38661
 1.46854  -4.4604  1.38705
 1.46897 -4.45741  1.38748
 1.46941 -4.45442  1.38748
 1.46984 -4.45144  1.38791
 1.47027 -4.44846  1.38835
 1.47071 -4.44548  1.38878
 1.47114  -4.4425  1.38921
 1.47157 -4.43952  1.38965
 1.47201 -4.43655  1.38965
 1.47244 -4.43358  1.39008
 1.47287 -4.43062  1.39051
 1.47331 -4.42765  1.39095
 1.47374 -4.42469  1.39138
 1.47417 -4.42173  1.39181
 1.47461 -4.41878  1.39181
 1.47504 -4.41582  1.39225
 1.47548 -4.41287  1.39268
 1.47591 -4.40992  1.39311
 1.47634 -4.40698  1.39355
 1.47678 -4.40404  1.39355
 1.47721  -4.4011  1.39398
 1.47764 -4.39816  1.39441
 1.47808 -4.39522  1.39485
 1.47851 -4.39229  1.39528
 1.47894 -4.38936  1.39572
 1.47938 -4.38643  1.39615
 1.47981 -4.38351  1.39615
 1.48024 -4.38059  1.39658
 1.48068 -4.37767  1.39702
 1.48111 -4.37475  1.39745
 1.48154 -4.37184  1.39788
 1.48198 -4.36892  1.39832
 1.48241 -4.36601  1.39832
 1.48284 -4.36311  1.39875
 1.48328  -4.3602  1.39918
 1.48371  -4.3573  1.39962
 1.48414  -4.3544  1.40005
 1.48458 -4.35151  1.40005
 1.48501 -4.34861  1.40048
 1.48545 -4.34572  1.40092
 1.48588 -4.34283  1.40135
 1.48631 -4.33994  1.40178
 1.48675 -4.33706  1.40222
 1.48718 -4.33418  1.40222
 1.48761  -4.3313  1.40265
 1.48805 -4.32842  1.40308
 1.48848 -4.32555  1.40352
 1.48891 -4.32268  1.40395
 1.48935 -4.31981  1.40438
 1.48978 -4.31694  1.40438
 1.49021 -4.31408  1.40482
 1.49065 -4.31122  1.40525
 1.49108 -4.30836  1.40569
 1.49151  -4.3055  1.40612
 1.49195 -4.30265  1.40612
 1.49238  -4.2998  1.40655
 1.49281 -4.29695  1.40699
 1.49325  -4.2941  1.40742
 1.49368 -4.29126  1.40785
 1.49411 -4.28842  1.40829
 1.49455 -4.28558  1.40829
 1.49498 -4.28274  1.40872
 1.49542 -4.27991  1.40915
 1.49585 -4.27708  1.40959
 1.49628 -4.27425  1.41002
 1.49672 -4.27143  1.41045
 1.49715  -4.2686  1.41045
 1.49758 -4.26578  1.41089
 1.49802 -4.26296  1.41132
 1.49845 -4.26014  1.41175
 1.49888 -4.25733  1.41219
 1.49932 -4.25452  1.41262
 1.49975 -4.25171  1.41262
 1.50018  -4.2489  1.41305
 1.50062  -4.2461  1.41349
 1.50105  -4.2433  1.41392
 1.50148  -4.2405  1.41435
 1.50192  -4.2377  1.41479
 1.50235 -4.23491  1.41479
 1.50278 -4.23211  1.41522
 1.50322 -4.22932  1.41566
 1.50365 -4.22654  1.41609
 1.50408 -4.22375  1.41652
 1.50452 -4.22097  1.41652
 1.50495 -4.21819  1.41696
 1.50539 -4.21541  1.41739
 1.50582 -4.21264  1.41782
 1.50625 -4.20987  1.41826
 1.50669  -4.2071  1.41869
 1.50712 -4.20433  1.41869
 1.50755 -4.20156  1.41912
 1.50799  -4.1988  1.41956
 1.50842 -4.19604  1.41999
 1.50885 -4.19328  1.42042
 1.50929 -4.19053  1.42086
 1.50972 -4.18777  1.42086
 1.51015 -4.18502  1.42129
 1.51059 -4.18227  1.42172
 1.51102 -4.17953  1.42216
 1.51145 -4.17678  1.42259
 1.51189 -4.17404  1.42259
 1.51232  -4.1713  1.42302
 1.51275 -4.16857  1.42346
 1.51319 -4.16583  1.42389
 1.51362  -4.1631  1.42432
 1.51405 -4.16037  1.42476
 1.51449 -4.15764  1.42476
 1.51492 -4.15492  1.42519
 1.51536  -4.1522  1.42563
 1.51579 -4.14948  1.42606
 1.51622 -4.14676  1.42649
 1.51666 -4.14404  1.42693
 1.51709 -4.14133  1.42693
 1.51752 -4.13862  1.42736
 1.51796 -4.13591  1.42779
 1.51839  -4.1332  1.42823
 1.51882  -4.1305  1.42866
 1.51926  -4.1278  1.42909
 1.51969  -4.1251  1.42909
 1.52012  -4.1224  1.42953
 1.52056 -4.11971  1.42996
 1.52099 -4.11702  1.43039
 1.52142 -4.11433  1.43083
 1.52186 -4.11164  1.43083
 1.52229 -4.10896  1.43126
 1.52272 -4.10627  1.43169
 1.52316 -4.10359  1.43213
 1.52359 -4.10091  1.43256
 1.52402 -4.09824  1.43299
 1.52446 -4.09557  1.43299
 1.52489 -4.09289  1.43343
 1.52533 -4.09022  1.43386
 1.52576 -4.08756  1.43429
 1.52619 -4.08489  1.43473
 1.52663 -4.08223  1.43516
 1.52706 -4.07957  1.43516
 1.52749 -4.07691   1.4356
 1.52793 -4.07426  1.43603
 1.52836 -4.07161  1.43646
 1.52879 -4.06896   1.4369
 1.52923 -4.06631  1.43733
 1.52966 -4.06366  1.43733
 1.53009 -4.06102  1.43776
 1.53053 -4.05838   1.4382
 1.53096 -4.05574  1.43863
 1.53139  -4.0531  1.43906
 1.53183 -4.05047  1.43906
 1.53226 -4.04783   1.4395
 1.53269  -4.0452  1.43993
 1.53313 -4.04258  1.44036
 1.53356 -4.03995   1.4408
 1.53399 -4.03733  1.44123
 1.53443 -4.03471  1.44123
 1.53486 -4.03209  1.44166
  1.5353 -4.02947   1.4421
 1.53573 -4.02686  1.44253
 1.53616 -4.02424  1.44296
  1.5366 -4.02163   1.4434
 1.53703 -4.01903   1.4434
 1.53746 -4.01642  1.44383
  1.5379 -4.01382  1.44426
 1.53833 -4.01122   1.4447
 1.53876 -4.00862  1.44513
  1.5392 -4.00602  1.44557
 1.53963 -4.00343  1.44557
 1.54006 -4.00083    1.446
  1.5405 -3.99824  1.44643
 1.54093 -3.99566  1.44687
 1.54136 -3.99307   1.4473
  1.5418 -3.99049   1.4473
 1.54223 -3.98791  1.44773
 1.54266 -3.98533  1.44817
  1.5431 -3.98275   1.4486
 1.54353 -3.98018  1.44903
 1.54396 -3.97761  1.44947
  1.5444 -3.97504  1.44947
 1.54483 -3.97247   1.4499
 1.54527  -3.9699  1.45033
  1.5457 -3.96734  1.45077
 1.54613 -3.96478   1.4512
 1.54657 -3.96222  1.45163
   1.547 -3.95966  1.45163
 1.54743 -3.95711  1.45207
 1.54787 -3.95455   1.4525
  1.5483   -3.952  1.45293
 1.54873 -3.94946  1.45337
 1.54917 -3.94691  1.45337
  1.5496 -3.94437   1.4538
 1.55003 -3.94182  1.45423
 1.55047 -3.93928  1.45467
  1.5509 -3.93675   1.4551
 1.55133 -3.93421  1.45554
 1.55177 -3.93168  1.45554
  1.5522 -3.92915  1.45597
 1.55263 -3.92662   1.4564
 1.55307 -3.92409  1.45684
  1.5535 -3.92157  1.45727
 1.55393 -3.91905   1.4577
 1.55437 -3.91653   1.4577
  1.5548 -3.91401  1.45814
 1.55524 -3.91149  1.45857
 1.55567 -3.90898    1.459
  1.5561 -3.90647  1.45944
 1.55654 -3.90396  1.45987
 1.55697 -3.90145  1.45987
  1.5574 -3.89894   1.4603
 1.55784 -3.89644  1.46074
 1.55827 -3.89394  1.46117
  1.5587 -3.89144   1.4616
 1.55914 -3.88895   1.4616
 1.55957 -3.88645  1.46204
    1.56 -3.88396  1.46247
 1.56044 -3.88147   1.4629
 1.56087 -3.87898  1.46334
  1.5613 -3.87649  1.46377
 1.56174 -3.87401  1.46377
 1.56217 -3.87153   1.4642
  1.5626 -3.86905  1.46464
 1.56304 -3.86657  1.46507
 1.56347 -3.86409  1.46551
  1.5639 -3.86162  1.46594
 1.56434 -3.85915  1.46594
 1.56477 -3.85668  1.46637
 1.56521 -3.85421  1.46681
 1.56564 -3.85175  1.46724
 1.56607 -3.84928  1.46767
 1.56651 -3.84682  1.46767
 1.56694 -3.84436  1.46811
 1.56737 -3.84191  1.46854
 1.56781 -3.83945  1.46897
 1.56824   -3.837  1.46941
 1.56867 -3.83455  1.46984
 1.56911  -3.8321  1.46984
 1.56954 -3.82965  1.47027
 1.56997 -3.82721  1.47071
 1.57041 -3.82476  1.47114
 1.57084 -3.82232  1.47157
 1.57127 -3.81989  1.47201
 1.57171 -3.81745  1.47201
 1.57214 -3.81502  1.47244
 1.57257 -3.81258  1.47287
 1.57301 -3.81015  1.47331
 1.57344 -3.80772  1.47374
 1.57387  -3.8053  1.47417
 1.57431 -3.80287  1.47417
 1.57474 -3.80045  1.47461
 1.57518 -3.79803  1.47504
 1.57561 -3.79561  1.47548
 1.57604  -3.7932  1.47591
 1.57648 -3.79079  1.47591
 1.57691 -3.78837  1.47634
 1.57734 -3.78596  1.47678
 1.57778 -3.78355  1.47721
 1.57821 -3.78115  1.47764
 1.57864 -3.77875  1.47808
 1.57908 -3.77634  1.47808
 1.57951 -3.77394  1.47851
 1.57994 -3.77155  1.47894
 1.58038 -3.76915  1.47938
 1.58081 -3.76676  1.47981
 1.58124 -3.76437  1.48024
 1.58168 -3.76198  1.48024
 1.58211 -3.75959  1.48068
 1.58254  -3.7572  1.48111
 1.58298 -3.75482  1.48154
 1.58341 -3.75244  1.48198
 1.58384 -3.75006  1.48198
 1.58428 -3.74768  1.48241
 1.58471  -3.7453  1.48284
 1.58515 -3.74293  1.48328
 1.58558 -3.74056  1.48371
 1.58601 -3.73819  1.48414
 1.58645 -3.73582  1.48414
 1.58688 -3.73345  1.48458
 1.58731 -3.73109  1.48501
 1.58775 -3.72873  1.48545
 1.58818 -3.72637  1.48588
 1.58861 -3.72401  1.48631
 1.58905 -3.72165  1.48631
 1.58948  -3.7193  1.48675
 1.58991 -3.71695  1.48718
 1.59035  -3.7146  1.48761
 1.59078 -3.71225  1.48805
 1.59121  -3.7099  1.48848
 1.59165 -3.70756  1.48848
 1.59208 -3.70522  1.48891
 1.59251 -3.70288  1.48935
 1.59295 -3.70054  1.48978
 1.59338  -3.6982  1.49021
 1.59381 -3.69587  1.49021
 1.59425 -3.69354  1.49065
 1.59468  -3.6912  1.49108
 1.59512 -3.68888  1.49151
 1.59555 -3.68655  1.49195
 1.59598 -3.68423  1.49238
 1.59642  -3.6819  1.49238
 1.59685 -3.67958  1.49281
 1.59728 -3.67726  1.49325
 1.59772 -3.67494  1.49368
 1.59815 -3.67263  1.49411
 1.59858 -3.67032  1.49455
 1.59902 -3.66801  1.49455
 1.59945  -3.6657  1.49498
 1.59988 -3.66339  1.49542
 1.60032 -3.66108  1.49585
 1.60075 -3.65878  1.49628
 1.60118 -3.65648  1.49628
 1.60162 -3.65418  1.49672
 1.60205 -3.65188  1.49715
 1.60248 -3.64958  1.49758
 1.60292 -3.64729  1.49802
 1.60335   -3.645  1.49845
 1.60378 -3.64271  1.49845
 1.60422 -3.64042  1.49888
 1.60465 -3.63813  1.49932
 1.60509 -3.63585  1.49975
 1.60552 -3.63357  1.50018
 1.60595 -3.63129  1.50062
 1.60639 -3.62901  1.50062
 1.60682 -3.62673  1.50105
 1.60725 -3.62445  1.50148
 1.60769 -3.62218  1.50192
 1.60812 -3.61991  1.50235
 1.60855 -3.61764  1.50235
 1.60899 -3.61537  1.50278
 1.60942 -3.61311  1.50322
 1.60985 -3.61084  1.50365
 1.61029 -3.60858  1.50408
 1.61072 -3.60632  1.50452
 1.61115 -3.60406  1.50452
 1.61159 -3.60181  1.50495
 1.61202 -3.59955  1.50539
 1.61245  -3.5973  1.50582
 1.61289 -3.59505  1.50625
 1.61332  -3.5928  1.50669
 1.61375 -3.59055  1.50669
 1.61419 -3.58831  1.50712
 1.61462 -3.58606  1.50755
 1.61506 -3.58382  1.50799
 1.61549 -3.58158  1.50842
 1.61592 -3.57934  1.50842
 1.61636 -3.57711  1.50885
 1.61679 -3.57487  1.50929
 1.61722 -3.57264  1.50972
 1.61766 -3.57041  1.51015
 1.61809 -3.56818  1.51059
 1.61852 -3.56595  1.51059
 1.61896 -3.56373  1.51102
 1.61939 -3.56151  1.51145
 1.61982 -3.55928  1.51189
 1.62026 -3.55707  1.51232
 1.62069 -3.55485  1.51275
 1.62112 -3.55263  1.51275
 1.62156 -3.55042  1.51319
 1.62199 -3.54821  1.51362
 1.62242 -3.54599  1.51405
 1.62286 -3.54379  1.51449
 1.62329 -3.54158  1.51449
 1.62372 -3.53938  1.51492
 1.62416 -3.53717  1.51536
 1.62459 -3.53497  1.51579
 1.62503 -3.53277  1.51622
 1.62546 -3.53057  1.51666
 1.62589 -3.52838  1.51666
 1.62633 -3.52618  1.51709
 1.62676 -3.52399  1.51752
 1.62719  -3.5218  1.51796
 1.62763 -3.51961  1.51839
 1.62806 -3.51742  1.51882
 1.62849 -3.51524  1.51882
 1.62893 -3.51306  1.51926
 1.62936 -3.51087  1.51969
 1.62979 -3.50869  1.52012
 1.63023 -3.50652  1.52056
 1.63066 -3.50434  1.52099
 1.63109 -3.50217  1.52099
 1.63153 -3.49999  1.52142
 1.63196 -3.49782  1.52186
 1.63239 -3.49565  1.52229
 1.63283 -3.49349  1.52272
 1.63326 -3.49132  1.52272
 1.63369 -3.48916  1.52316
 1.63413 -3.48699  1.52359
 1.63456 -3.48483  1.52402
 1.63499 -3.48267  1.52446
 1.63543 -3.48052  1.52489
 1.63586 -3.47836  1.52489
  1.6363 -3.47621  1.52533
 1.63673 -3.47406  1.52576
 1.63716 -3.47191  1.52619
  1.6376 -3.46976  1.52663
 1.63803 -3.46761  1.52663
 1.63846 -3.46547  1.52706
  1.6389 -3.46333  1.52749
 1.63933 -3.46119  1.52793
 1.63976 -3.45905  1.52836
  1.6402 -3.45691  1.52879
 1.64063 -3.45477  1.52879
 1.64106 -3.45264  1.52923
  1.6415 -3.45051  1.52966
 1.64193 -3.44838  1.53009
 1.64236 -3.44625  1.53053
  1.6428 -3.44412  1.53096
 1.64323   -3.442  1.53096
 1.64366 -3.43987  1.53139
  1.6441 -3.43775  1.53183
 1.64453 -3.43563  1.53226
 1.64496 -3.43351  1.53269
  1.6454 -3.43139  1.53313
 1.64583 -3.42928  1.53313
 1.64627 -3.42717  1.53356
  1.6467 -3.42505  1.53399
 1.64713 -3.42294  1.53443
 1.64757 -3.42084  1.53486
   1.648 -3.41873  1.53486
 1.64843 -3.41662   1.5353
 1.64887 -3.41452  1.53573
  1.6493 -3.41242  1.53616
 1.64973 -3.41032   1.5366
 1.65017 -3.40822  1.53703
  1.6506 -3.40613  1.53703
 1.65103 -3.40403  1.53746
 1.65147 -3.40194   1.5379
  1.6519 -3.39985  1.53833
 1.65233 -3.39776  1.53876
 1.65277 -3.39567   1.5392
  1.6532 -3.39358   1.5392
 1.65363  -3.3915  1.53963
 1.65407 -3.38942  1.54006
  1.6545 -3.38734   1.5405
 1.65493 -3.38526  1.54093
 1.65537 -3.38318  1.54093
  1.6558  -3.3811  1.54136
 1.65624 -3.37903   1.5418
 1.65667 -3.37696  1.54223
  1.6571 -3.37489  1.54266
 1.65754 -3.37282   1.5431
 1.65797 -3.37075   1.5431
  1.6584 -3.36868  1.54353
 1.65884 -3.36662  1.54396
 1.65927 -3.36456   1.5444
  1.6597  -3.3625  1.54483
 1.66014 -3.36044  1.54483
 1.66057 -3.35838  1.54527
   1.661 -3.35632   1.5457
 1.66144 -3.35427  1.54613
 1.66187 -3.35222  1.54657
  1.6623 -3.35016    1.547
 1.66274 -3.34812    1.547
 1.66317 -3.34607  1.54743
  1.6636 -3.34402  1.54787
 1.66404 -3.34198   1.5483
 1.66447 -3.33993  1.54873
  1.6649 -3.33789  1.54917
 1.66534 -3.33585  1.54917
 1.66577 -3.33382   1.5496
 1.66621 -3.33178  1.55003
 1.66664 -3.32974  1.55047
 1.66707 -3.32771   1.5509
 1.66751 -3.32568  1.55133
 1.66794 -3.32365  1.55133
 1.66837 -3.32162  1.55177
 1.66881  -3.3196   1.5522
 1.66924 -3.31757  1.55263
 1.66967 -3.31555  1.55307
 1.67011 -3.31353  1.55307
 1.67054 -3.31151   1.5535
 1.67097 -3.30949  1.55393
 1.67141 -3.30747  1.55437
 1.67184 -3.30546   1.5548
 1.67227 -3.30344  1.55524
 1.67271 -3.30143  1.55524
 1.67314 -3.29942  1.55567
 1.67357 -3.29741   1.5561
 1.67401 -3.29541  1.55654
 1.67444  -3.2934  1.55697
 1.67487  -3.2914  1.55697
 1.67531  -3.2894   1.5574
 1.67574 -3.28739  1.55784
 1.67618  -3.2854  1.55827
 1.67661  -3.2834   1.5587
 1.67704  -3.2814  1.55914
 1.67748 -3.27941  1.55914
 1.67791 -3.27742  1.55957
 1.67834 -3.27543     1.56
 1.67878 -3.27344  1.56044
 1.67921 -3.27145  1.56087
 1.67964 -3.26946   1.5613
 1.68008 -3.26748   1.5613
 1.68051 -3.26549  1.56174
 1.68094 -3.26351  1.56217
 1.68138 -3.26153   1.5626
 1.68181 -3.25956  1.56304
 1.68224 -3.25758  1.56304
 1.68268  -3.2556  1.56347
 1.68311 -3.25363   1.5639
 1.68354 -3.25166  1.56434
 1.68398 -3.24969  1.56477
 1.68441 -3.24772  1.56521
 1.68484 -3.24575  1.56521
 1.68528 -3.24379  1.56564
 1.68571 -3.24182  1.56607
 1.68615 -3.23986  1.56651
 1.68658  -3.2379  1.56694
 1.68701 -3.23594  1.56737
 1.68745 -3.23398  1.56737
 1.68788 -3.23202  1.56781
 1.68831 -3.23007  1.56824
 1.68875 -3.22812  1.56867
 1.68918 -3.22617  1.56911
 1.68961 -3.22422  1.56911
 1.69005 -3.22227  1.56954
 1.69048 -3.22032  1.56997
 1.69091 -3.21837  1.57041
 1.69135 -3.21643  1.57084
 1.69178 -3.21449  1.57127
 1.69221 -3.21255  1.57127
 1.69265 -3.21061  1.57171
 1.69308 -3.20867  1.57214
 1.69351 -3.20673  1.57257
 1.69395  -3.2048  1.57301
 1.69438 -3.20287  1.57344
 1.69481 -3.20093  1.57344
 1.69525   -3.199  1.57387
 1.69568 -3.19708  1.57431
 1.69612 -3.19515  1.57474
 1.69655 -3.19322  1.57518
 1.69698  -3.1913  1.57518
 1.69742 -3.18938  1.57561
 1.69785 -3.18746  1.57604
 1.69828 -3.18554  1.57648
 1.69872 -3.18362  1.57691
 1.69915  -3.1817  1.57734
 1.69958 -3.17979  1.57734
 1.70002 -3.17788  1.57778
 1.70045 -3.17596  1.57821
 1.70088 -3.17405  1.57864
 1.70132 -3.17214  1.57908
 1.70175 -3.17024  1.57908
 1.70218 -3.16833  1.57951
 1.70262 -3.16643  1.57994
 1.70305 -3.16452  1.58038
 1.70348 -3.16262  1.58081
 1.70392 -3.16072  1.58124
 1.70435 -3.15883  1.58124
 1.70478 -3.15693  1.58168
 1.70522 -3.15503  1.58211
 1.70565 -3.15314  1.58254
 1.70609 -3.15125  1.58298
 1.70652 -3.14936  1.58341
 1.70695 -3.14747  1.58341
 1.70739 -3.14558  1.58384
 1.70782 -3.14369  1.58428
 1.70825 -3.14181  1.58471
 1.70869 -3.13993  1.58515
 1.70912 -3.13804  1.58515
 1.70955 -3.13616  1.58558
 1.70999 -3.13429  1.58601
 1.71042 -3.13241  1.58645
 1.71085 -3.13053  1.58688
 1.71129 -3.12866  1.58731
 1.71172 -3.12679  1.58731
 1.71215 -3.12491  1.58775
 1.71259 -3.12304  1.58818
 1.71302 -3.12117  1.58861
 1.71345 -3.11931  1.58905
 1.71389 -3.11744  1.58948
 1.71432 -3.11558  1.58948
 1.71475 -3.11372  1.58991
 1.71519 -3.11185  1.59035
 1.71562 -3.10999  1.59078
 1.71606 -3.10814  1.59121
 1.71649 -3.10628  1.59121
 1.71692 -3.10442  1.59165
 1.71736 -3.10257  1.59208
 1.71779 -3.10072  1.59251
 1.71822 -3.09887  1.59295
 1.71866 -3.09702  1.59338
 1.71909 -3.09517  1.59338
 1.71952 -3.09332  1.59381
 1.71996 -3.09148  1.59425
 1.72039 -3.08963  1.59468
 1.72082 -3.08779  1.59512
 1.72126 -3.08595  1.59555
 1.72169 -3.08411  1.59555
 1.72212 -3.08227  1.59598
 1.72256 -3.08044  1.59642
 1.72299  -3.0786  1.59685
 1.72342 -3.07677  1.59728
 1.72386 -3.07494  1.59728
 1.72429 -3.07311  1.59772
 1.72472 -3.07128  1.59815
 1.72516 -3.06945  1.59858
 1.72559 -3.06762  1.59902
 1.72603  -3.0658  1.59945
 1.72646 -3.06398  1.59945
 1.72689 -3.06215  1.59988
 1.72733 -3.06033  1.60032
 1.72776 -3.05851  1.60075
 1.72819  -3.0567  1.60118
 1.72863 -3.05488  1.60118
 1.72906 -3.05306  1.60162
 1.72949 -3.05125  1.60205
 1.72993 -3.04944  1.60248
 1.73036 -3.04763  1.60292
 1.73079 -3.04582  1.60335
 1.73123 -3.04401  1.60335
 1.73166  -3.0422  1.60378
 1.73209  -3.0404  1.60422
 1.73253 -3.03859  1.60465
 1.73296 -3.03679  1.60509
 1.73339 -3.03499  1.60552
 1.73383 -3.03319  1.60552
 1.73426 -3.03139  1.60595
 1.73469  -3.0296  1.60639
 1.73513  -3.0278  1.60682
 1.73556 -3.02601  1.60725
   1.736 -3.02422  1.60725
 1.73643 -3.02242  1.60769
 1.73686 -3.02063  1.60812
  1.7373 -3.01885  1.60855
 1.73773 -3.01706  1.60899
 1.73816 -3.01527  1.60942
  1.7386 -3.01349  1.60942
 1.73903 -3.01171  1.60985
 1.73946 -3.00993  1.61029
  1.7399 -3.00815  1.61072
 1.74033 -3.00637  1.61115
 1.74076 -3.00459  1.61115
  1.7412 -3.00281  1.61159
 1.74163 -3.00104  1.61202
 1.74206 -2.99927  1.61245
  1.7425 -2.99749  1.61289
 1.74293 -2.99572  1.61332
 1.74336 -2.99396  1.61332
  1.7438 -2.99219  1.61375
 1.74423 -2.99042  1.61419
 1.74466 -2.98866  1.61462
  1.7451 -2.98689  1.61506
 1.74553 -2.98513  1.61549
 1.74597 -2.98337  1.61549
  1.7464 -2.98161  1.61592
 1.74683 -2.97985  1.61636
 1.74727  -2.9781  1.61679
  1.7477 -2.97634  1.61722
 1.74813 -2.97459  1.61722
 1.74857 -2.97283  1.61766
   1.749 -2.97108  1.61809
 1.74943 -2.96933  1.61852
 1.74987 -2.96759  1.61896
  1.7503 -2.96584  1.61939
 1.75073 -2.96409  1.61939
 1.75117 -2.96235  1.61982
  1.7516  -2.9606  1.62026
 1.75203 -2.95886  1.62069
 1.75247 -2.95712  1.62112
  1.7529 -2.95538  1.62156
 1.75333 -2.95365  1.62156
 1.75377 -2.95191  1.62199
  1.7542 -2.95017  1.62242
 1.75463 -2.94844  1.62286
 1.75507 -2.94671  1.62329
  1.7555 -2.94498  1.62329
 1.75594 -2.94325  1.62372
 1.75637 -2.94152  1.62416
  1.7568 -2.93979  1.62459
 1.75724 -2.93807  1.62503
 1.75767 -2.93634  1.62546
  1.7581 -2.93462  1.62546
 1.75854  -2.9329  1.62589
 1.75897 -2.93118  1.62633
  1.7594 -2.92946  1.62676
 1.75984 -2.92774  1.62719
 1.76027 -2.92603  1.62719
  1.7607 -2.92431  1.62763
 1.76114  -2.9226  1.62806
 1.76157 -2.92088  1.62849
   1.762 -2.91917  1.62893
 1.76244 -2.91746  1.62936
 1.76287 -2.91575  1.62936
  1.7633 -2.91405  1.62979
 1.76374 -2.91234  1.63023
 1.76417 -2.91064  1.63066
  1.7646 -2.90893  1.63109
 1.76504 -2.90723  1.63153
 1.76547 -2.90553  1.63153
 1.76591 -2.90383  1.63196
 1.76634 -2.90213  1.63239
 1.76677 -2.90044  1.63283
 1.76721 -2.89874  1.63326
 1.76764 -2.89705  1.63326
 1.76807 -2.89535  1.63369
 1.76851 -2.89366  1.63413
 1.76894 -2.89197  1.63456
 1.76937 -2.89028  1.63499
 1.76981  -2.8886  1.63543
 1.77024 -2.88691  1.63543
 1.77067 -2.88523  1.63586
 1.77111 -2.88354   1.6363
 1.77154 -2.88186  1.63673
 1.77197 -2.88018  1.63716
 1.77241  -2.8785  1.63716
 1.77284 -2.87682   1.6376
 1.77327 -2.87514  1.63803
 1.77371 -2.87347  1.63846
 1.77414 -2.87179   1.6389
 1.77457 -2.87012  1.63933
 1.77501 -2.86845  1.63933
 1.77544 -2.86678  1.63976
 1.77588 -2.86511   1.6402
 1.77631 -2.86344  1.64063
 1.77674 -2.86177  1.64106
 1.77718 -2.86011   1.6415
 1.77761 -2.85844   1.6415
 1.77804 -2.85678  1.64193
 1.77848 -2.85512  1.64236
 1.77891 -2.85346   1.6428
 1.77934  -2.8518  1.64323
 1.77978 -2.85014  1.64323
 1.78021 -2.84848  1.64366
 1.78064 -2.84683   1.6441
 1.78108 -2.84517  1.64453
 1.78151 -2.84352  1.64496
 1.78194 -2.84187   1.6454
 1.78238 -2.84022   1.6454
 1.78281 -2.83857  1.64583
 1.78324 -2.83692  1.64627
 1.78368 -2.83527   1.6467
 1.78411 -2.83363  1.64713
 1.78454 -2.83198  1.64713
 1.78498 -2.83034  1.64757
 1.78541  -2.8287    1.648
 1.78585 -2.82706  1.64843
 1.78628 -2.82542  1.64887
 1.78671 -2.82378   1.6493
 1.78715 -2.82214   1.6493
 1.78758 -2.82051  1.64973
 1.78801 -2.81887  1.65017
 1.78845 -2.81724   1.6506
 1.78888 -2.81561  1.65103
 1.78931 -2.81398  1.65147
 1.78975 -2.81235  1.65147
 1.79018 -2.81072   1.6519
 1.79061 -2.80909  1.65233
 1.79105 -2.80747  1.65277
 1.79148 -2.80584   1.6532
 1.79191 -2.80422   1.6532
 1.79235  -2.8026  1.65363
 1.79278 -2.80098  1.65407
 1.79321 -2.79936   1.6545
 1.79365 -2.79774  1.65493
 1.79408 -2.79612  1.65537
 1.79451 -2.79451  1.65537
 1.79495 -2.79289   1.6558
 1.79538 -2.79128  1.65624
 1.79582 -2.78967  1.65667
 1.79625 -2.78806   1.6571
 1.79668 -2.78645   1.6571
 1.79712 -2.78484  1.65754
 1.79755 -2.78323  1.65797
 1.79798 -2.78163   1.6584
 1.79842 -2.78002  1.65884
 1.79885 -2.77842  1.65927
 1.79928 -2.77682  1.65927
 1.79972 -2.77521   1.6597
 1.80015 -2.77361  1.66014
 1.80058 -2.77202  1.66057
 1.80102 -2.77042    1.661
 1.80145 -2.76882    1.661
 1.80188 -2.76723  1.66144
 1.80232 -2.76563  1.66187
 1.80275 -2.76404   1.6623
 1.80318 -2.76245  1.66274
 1.80362 -2.76086  1.66317
 1.80405 -2.75927  1.66317
 1.80448 -2.75768   1.6636
 1.80492  -2.7561  1.66404
 1.80535 -2.75451  1.66447
 1.80579 -2.75293   1.6649
 1.80622 -2.75134   1.6649
 1.80665 -2.74976  1.66534
 1.80709 -2.74818  1.66577
 1.80752  -2.7466  1.66621
 1.80795 -2.74502  1.66664
 1.80839 -2.74345  1.66707
 1.80882 -2.74187  1.66707
 1.80925  -2.7403  1.66751
 1.80969 -2.73872  1.66794
 1.81012 -2.73715  1.66837
 1.81055 -2.73558  1.66881
 1.81099 -2.73401  1.66924
 1.81142 -2.73244  1.66924
 1.81185 -2.73087  1.66967
 1.81229 -2.72931  1.67011
 1.81272 -2.72774  1.67054
 1.81315 -2.72618  1.67097
 1.81359 -2.72461  1.67141
 1.81402 -2.72305  1.67141
 1.81445 -2.72149  1.67184
 1.81489 -2.71993  1.67227
 1.81532 -2.71837  1.67271
 1.81576 -2.71682  1.67314
 1.81619 -2.71526  1.67314
 1.81662 -2.71371  1.67357
 1.81706 -2.71215  1.67401
 1.81749  -2.7106  1.67444
 1.81792 -2.70905  1.67487
 1.81836  -2.7075  1.67531
 1.81879 -2.70595  1.67531
 1.81922  -2.7044  1.67574
 1.81966 -2.70286  1.67618
 1.82009 -2.70131  1.67661
 1.82052 -2.69977  1.67704
 1.82096 -2.69822  1.67704
 1.82139 -2.69668  1.67748
 1.82182 -2.69514  1.67791
 1.82226  -2.6936  1.67834
 1.82269 -2.69206  1.67878
 1.82312 -2.69053  1.67921
 1.82356 -2.68899  1.67921
 1.82399 -2.68746  1.67964
 1.82442 -2.68592  1.68008
 1.82486 -2.68439  1.68051
 1.82529 -2.68286  1.68094
 1.82573 -2.68133  1.68094
 1.82616  -2.6798  1.68138
 1.82659 -2.67827  1.68181
 1.82703 -2.67674  1.68224
 1.82746 -2.67522  1.68268
 1.82789 -2.67369  1.68311
 1.82833 -2.67217  1.68311
 1.82876 -2.67065  1.68354
 1.82919 -2.66913  1.68398
 1.82963 -2.66761  1.68441
 1.83006 -2.66609  1.68484
 1.83049 -2.66457  1.68528
 1.83093 -2.66305  1.68528
 1.83136 -2.66154  1.68571
 1.83179 -2.66002  1.68615
 1.83223 -2.65851  1.68658
 1.83266   -2.657  1.68701
 1.83309 -2.65549  1.68701
 1.83353 -2.65398  1.68745
 1.83396 -2.65247  1.68788
 1.83439 -2.65096  1.68831
 1.83483 -2.64945  1.68875
 1.83526 -2.64795  1.68918
  1.8357 -2.64644  1.68918
 1.83613 -2.64494  1.68961
 1.83656 -2.64344  1.69005
   1.837 -2.64194  1.69048
 1.83743 -2.64044  1.69091
 1.83786 -2.63894  1.69091
  1.8383 -2.63744  1.69135
 1.83873 -2.63594  1.69178
 1.83916 -2.63445  1.69221
  1.8396 -2.63296  1.69265
 1.84003 -2.63146  1.69308
 1.84046 -2.62997  1.69308
  1.8409 -2.62848  1.69351
 1.84133 -2.62699  1.69395
 1.84176  -2.6255  1.69438
  1.8422 -2.62401  1.69481
 1.84263 -2.62253  1.69481
 1.84306 -2.62104  1.69525
  1.8435 -2.61956  1.69568
 1.84393 -2.61807  1.69612
 1.84436 -2.61659  1.69655
  1.8448 -2.61511  1.69698
 1.84523 -2.61363  1.69698
 1.84567 -2.61215  1.69742
  1.8461 -2.61067  1.69785
 1.84653  -2.6092  1.69828
 1.84697 -2.60772  1.69872
  1.8474 -2.60625  1.69872
 1.84783 -2.60478  1.69915
 1.84827  -2.6033  1.69958
  1.8487 -2.60183  1.70002
 1.84913 -2.60036  1.70045
 1.84957 -2.59889  1.70088
    1.85 -2.59743  1.70088