 kgrid  ValNew  Policy 
    0.55 -36.3774 0.573408
0.550433 -36.3254 0.573841
0.550867 -36.2736 0.574275
  0.5513  -36.222 0.574275
0.551734 -36.1704 0.574708
0.552167 -36.1189 0.575142
0.552601 -36.0676 0.575575
0.553034 -36.0165 0.575575
0.553468 -35.9654 0.576009
0.553901 -35.9145 0.576442
0.554335 -35.8637 0.576876
0.554768 -35.8131 0.576876
0.555202 -35.7625 0.577309
0.555635 -35.7121 0.577743
0.556069 -35.6618 0.578176
0.556502 -35.6117 0.578176
0.556936 -35.5616  0.57861
0.557369 -35.5117 0.579043
0.557803 -35.4619 0.579476
0.558236 -35.4123 0.579476
 0.55867 -35.3627  0.57991
0.559103 -35.3133 0.580343
0.559537  -35.264 0.580777
 0.55997 -35.2148 0.580777
0.560403 -35.1658  0.58121
0.560837 -35.1169 0.581644
 0.56127 -35.0681 0.582077
0.561704 -35.0194 0.582077
0.562137 -34.9708 0.582511
0.562571 -34.9223 0.582944
0.563004  -34.874 0.583378
0.563438 -34.8258 0.583378
0.563871 -34.7776 0.583811
0.564305 -34.7296 0.584245
0.564738 -34.6817 0.584678
0.565172 -34.6339 0.585112
0.565605 -34.5862 0.585112
0.566039 -34.5385 0.585545
0.566472  -34.491 0.585979
0.566906 -34.4436 0.586412
0.567339 -34.3963 0.586846
0.567773 -34.3491 0.586846
0.568206  -34.302 0.587279
 0.56864 -34.2549 0.587713
0.569073  -34.208 0.588146
0.569507 -34.1612  0.58858
 0.56994 -34.1145 0.589013
0.570373 -34.0679 0.589013
0.570807 -34.0213 0.589446
 0.57124 -33.9749  0.58988
0.571674 -33.9285 0.590313
0.572107 -33.8823 0.590747
0.572541 -33.8362 0.590747
0.572974 -33.7901  0.59118
0.573408 -33.7442 0.591614
0.573841 -33.6983 0.592047
0.574275 -33.6525 0.592481
0.574708 -33.6069 0.592914
0.575142 -33.5613 0.592914
0.575575 -33.5158 0.593348
0.576009 -33.4704 0.593781
0.576442 -33.4251 0.594215
0.576876 -33.3799 0.594648
0.577309 -33.3348 0.594648
0.577743 -33.2898 0.595082
0.578176 -33.2448 0.595515
 0.57861    -33.2 0.595949
0.579043 -33.1553 0.596382
0.579476 -33.1107 0.596382
 0.57991 -33.0661 0.596816
0.580343 -33.0216 0.597249
0.580777 -32.9772 0.597683
 0.58121 -32.9329 0.598116
0.581644 -32.8887  0.59855
0.582077 -32.8446  0.59855
0.582511 -32.8006 0.598983
0.582944 -32.7566 0.599416
0.583378 -32.7128  0.59985
0.583811  -32.669 0.600283
0.584245 -32.6254 0.600283
0.584678 -32.5818 0.600717
0.585112 -32.5383  0.60115
0.585545 -32.4949 0.601584
0.585979 -32.4515 0.602017
0.586412 -32.4083 0.602451
0.586846 -32.3652 0.602451
0.587279 -32.3221 0.602884
0.587713 -32.2791 0.603318
0.588146 -32.2362 0.603751
 0.58858 -32.1934 0.604185
0.589013 -32.1507 0.604618
0.589446  -32.108 0.604618
 0.58988 -32.0655 0.605052
0.590313  -32.023 0.605485
0.590747 -31.9806 0.605919
 0.59118 -31.9383 0.606352
0.591614 -31.8961 0.606352
0.592047 -31.8539 0.606786
0.592481 -31.8119 0.607219
0.592914 -31.7699 0.607653
0.593348  -31.728 0.608086
0.593781 -31.6862  0.60852
0.594215 -31.6445  0.60852
0.594648 -31.6028 0.608953
0.595082 -31.5612 0.609386
0.595515 -31.5197  0.60982
0.595949 -31.4783 0.610253
0.596382  -31.437 0.610687
0.596816 -31.3957 0.610687
0.597249 -31.3546  0.61112
0.597683 -31.3135 0.611554
0.598116 -31.2725 0.611987
 0.59855 -31.2315 0.612421
0.598983 -31.1907 0.612421
0.599416 -31.1499 0.612854
 0.59985 -31.1092 0.613288
0.600283 -31.0686 0.613721
0.600717 -31.0281 0.614155
 0.60115 -30.9876 0.614588
0.601584 -30.9472 0.614588
0.602017 -30.9069 0.615022
0.602451 -30.8667 0.615455
0.602884 -30.8265 0.615889
0.603318 -30.7864 0.616322
0.603751 -30.7464 0.616756
0.604185 -30.7065 0.616756
0.604618 -30.6666 0.617189
0.605052 -30.6269 0.617623
0.605485 -30.5872 0.618056
0.605919 -30.5475 0.618489
0.606352  -30.508 0.618923
0.606786 -30.4685 0.618923
0.607219 -30.4291 0.619356
0.607653 -30.3898  0.61979
0.608086 -30.3505 0.620223
 0.60852 -30.3113 0.620657
0.608953 -30.2723  0.62109
0.609386 -30.2332  0.62109
 0.60982 -30.1942 0.621524
0.610253 -30.1553 0.621957
0.610687 -30.1165 0.622391
 0.61112 -30.0778 0.622824
0.611554 -30.0391 0.622824
0.611987 -30.0005 0.623258
0.612421  -29.962 0.623691
0.612854 -29.9235 0.624125
0.613288 -29.8851 0.624558
0.613721 -29.8468 0.624992
0.614155 -29.8086 0.624992
0.614588 -29.7704 0.625425
0.615022 -29.7322 0.625859
0.615455 -29.6942 0.626292
0.615889 -29.6562 0.626726
0.616322 -29.6183 0.627159
0.616756 -29.5805 0.627593
0.617189 -29.5427 0.627593
0.617623  -29.505 0.628026
0.618056 -29.4674 0.628459
0.618489 -29.4299 0.628893
0.618923 -29.3924 0.629326
0.619356  -29.355  0.62976
 0.61979 -29.3176  0.62976
0.620223 -29.2803 0.630193
0.620657 -29.2431 0.630627
 0.62109  -29.206  0.63106
0.621524 -29.1689 0.631494
0.621957 -29.1319 0.631927
0.622391 -29.0949 0.631927
0.622824  -29.058 0.632361
0.623258 -29.0212 0.632794
0.623691 -28.9845 0.633228
0.624125 -28.9478 0.633661
0.624558 -28.9112 0.634095
0.624992 -28.8747 0.634095
0.625425 -28.8382 0.634528
0.625859 -28.8018 0.634962
0.626292 -28.7654 0.635395
0.626726 -28.7291 0.635829
0.627159 -28.6929 0.636262
0.627593 -28.6568 0.636262
0.628026 -28.6207 0.636696
0.628459 -28.5846 0.637129
0.628893 -28.5487 0.637563
0.629326 -28.5128 0.637996
 0.62976  -28.477 0.638429
0.630193 -28.4412 0.638429
0.630627 -28.4055 0.638863
 0.63106 -28.3698 0.639296
0.631494 -28.3343  0.63973
0.631927 -28.2988 0.640163
0.632361 -28.2633 0.640597
0.632794 -28.2279 0.640597
0.633228 -28.1926  0.64103
0.633661 -28.1573 0.641464
0.634095 -28.1221 0.641897
0.634528  -28.087 0.642331
0.634962 -28.0519 0.642764
0.635395 -28.0169 0.642764
0.635829 -27.9819 0.643198
0.636262  -27.947 0.643631
0.636696 -27.9122 0.644065
0.637129 -27.8774 0.644498
0.637563 -27.8427 0.644932
0.637996  -27.808 0.645365
0.638429 -27.7734 0.645365
0.638863 -27.7389 0.645799
0.639296 -27.7044 0.646232
 0.63973   -27.67 0.646666
0.640163 -27.6357 0.647099
0.640597 -27.6014 0.647533
 0.64103 -27.5671 0.647533
0.641464  -27.533 0.647966
0.641897 -27.4988 0.648399
0.642331 -27.4648 0.648833
0.642764 -27.4308 0.649266
0.643198 -27.3969   0.6497
0.643631  -27.363   0.6497
0.644065 -27.3291 0.650133
0.644498 -27.2954 0.650567
0.644932 -27.2617    0.651
0.645365  -27.228 0.651434
0.645799 -27.1945 0.651867
0.646232 -27.1609 0.651867
0.646666 -27.1274 0.652301
0.647099  -27.094 0.652734
0.647533 -27.0607 0.653168
0.647966 -27.0274 0.653601
0.648399 -26.9941 0.654035
0.648833 -26.9609 0.654468
0.649266 -26.9278 0.654468
  0.6497 -26.8947 0.654902
0.650133 -26.8617 0.655335
0.650567 -26.8288 0.655769
   0.651 -26.7959 0.656202
0.651434  -26.763 0.656636
0.651867 -26.7302 0.656636
0.652301 -26.6975 0.657069
0.652734 -26.6648 0.657503
0.653168 -26.6322 0.657936
0.653601 -26.5996 0.658369
0.654035 -26.5671 0.658803
0.654468 -26.5347 0.658803
0.654902 -26.5022 0.659236
0.655335 -26.4699  0.65967
0.655769 -26.4376 0.660103
0.656202 -26.4054 0.660537
0.656636 -26.3732  0.66097
0.657069 -26.3411  0.66097
0.657503  -26.309 0.661404
0.657936  -26.277 0.661837
0.658369  -26.245 0.662271
0.658803 -26.2131 0.662704
0.659236 -26.1812 0.663138
 0.65967 -26.1495 0.663571
0.660103 -26.1177 0.663571
0.660537  -26.086 0.664005
 0.66097 -26.0543 0.664438
0.661404 -26.0228 0.664872
0.661837 -25.9912 0.665305
0.662271 -25.9598 0.665739
0.662704 -25.9283 0.665739
0.663138 -25.8969 0.666172
0.663571 -25.8656 0.666606
0.664005 -25.8343 0.667039
0.664438 -25.8031 0.667472
0.664872  -25.772 0.667906
0.665305 -25.7409 0.667906
0.665739 -25.7098 0.668339
0.666172 -25.6788 0.668773
0.666606 -25.6478 0.669206
0.667039 -25.6169  0.66964
0.667472 -25.5861 0.670073
0.667906 -25.5553 0.670073
0.668339 -25.5245 0.670507
0.668773 -25.4938  0.67094
0.669206 -25.4631 0.671374
 0.66964 -25.4325 0.671807
0.670073  -25.402 0.672241
0.670507 -25.3715 0.672674
 0.67094 -25.3411 0.672674
0.671374 -25.3107 0.673108
0.671807 -25.2803 0.673541
0.672241   -25.25 0.673975
0.672674 -25.2198 0.674408
0.673108 -25.1896 0.674842
0.673541 -25.1595 0.674842
0.673975 -25.1294 0.675275
0.674408 -25.0993 0.675709
0.674842 -25.0693 0.676142
0.675275 -25.0394 0.676576
0.675709 -25.0095 0.677009
0.676142 -24.9796 0.677009
0.676576 -24.9498 0.677442
0.677009 -24.9201 0.677876
0.677442 -24.8904 0.678309
0.677876 -24.8607 0.678743
0.678309 -24.8311 0.679176
0.678743 -24.8016 0.679176
0.679176 -24.7721  0.67961
 0.67961 -24.7426 0.680043
0.680043 -24.7132 0.680477
0.680477 -24.6839  0.68091
 0.68091 -24.6546 0.681344
0.681344 -24.6253 0.681777
0.681777 -24.5961 0.681777
0.682211 -24.5669 0.682211
0.682644 -24.5378 0.682644
0.683078 -24.5087 0.683078
0.683511 -24.4797 0.683511
0.683945 -24.4507 0.683945
0.684378 -24.4218 0.683945
0.684812 -24.3929 0.684378
0.685245 -24.3641 0.684812
0.685679 -24.3353 0.685245
0.686112 -24.3066 0.685679
0.686546 -24.2779 0.686112
0.686979 -24.2492 0.686112
0.687412 -24.2206 0.686546
0.687846 -24.1921 0.686979
0.688279 -24.1636 0.687412
0.688713 -24.1351 0.687846
0.689146 -24.1067 0.688279
 0.68958 -24.0783 0.688713
0.690013   -24.05 0.688713
0.690447 -24.0217 0.689146
 0.69088 -23.9935  0.68958
0.691314 -23.9653 0.690013
0.691747 -23.9372 0.690447
0.692181 -23.9091  0.69088
0.692614  -23.881  0.69088
0.693048  -23.853 0.691314
0.693481 -23.8251 0.691747
0.693915 -23.7972 0.692181
0.694348 -23.7693 0.692614
0.694782 -23.7415 0.693048
0.695215 -23.7137 0.693048
0.695649  -23.686 0.693481
0.696082 -23.6583 0.693915
0.696516 -23.6306 0.694348
0.696949  -23.603 0.694782
0.697382 -23.5755 0.695215
0.697816  -23.548 0.695215
0.698249 -23.5205 0.695649
0.698683 -23.4931 0.696082
0.699116 -23.4657 0.696516
 0.69955 -23.4384 0.696949
0.699983 -23.4111 0.697382
0.700417 -23.3838 0.697382
 0.70085 -23.3566 0.697816
0.701284 -23.3295 0.698249
0.701717 -23.3023 0.698683
0.702151 -23.2753 0.699116
0.702584 -23.2482  0.69955
0.703018 -23.2213 0.699983
0.703451 -23.1943 0.699983
0.703885 -23.1674 0.700417
0.704318 -23.1405  0.70085
0.704752 -23.1137 0.701284
0.705185  -23.087 0.701717
0.705619 -23.0602 0.702151
0.706052 -23.0336 0.702151
0.706485 -23.0069 0.702584
0.706919 -22.9803 0.703018
0.707352 -22.9537 0.703451
0.707786 -22.9272 0.703885
0.708219 -22.9008 0.704318
0.708653 -22.8743 0.704752
0.709086 -22.8479 0.704752
 0.70952 -22.8216 0.705185
0.709953 -22.7953 0.705619
0.710387  -22.769 0.706052
 0.71082 -22.7428 0.706485
0.711254 -22.7166 0.706919
0.711687 -22.6904 0.706919
0.712121 -22.6643 0.707352
0.712554 -22.6383 0.707786
0.712988 -22.6123 0.708219
0.713421 -22.5863 0.708653
0.713855 -22.5604 0.709086
0.714288 -22.5345 0.709086
0.714722 -22.5086  0.70952
0.715155 -22.4828 0.709953
0.715589  -22.457 0.710387
0.716022 -22.4313  0.71082
0.716455 -22.4056 0.711254
0.716889 -22.3799 0.711254
0.717322 -22.3543 0.711687
0.717756 -22.3287 0.712121
0.718189 -22.3032 0.712554
0.718623 -22.2777 0.712988
0.719056 -22.2523 0.713421
 0.71949 -22.2269 0.713421
0.719923 -22.2015 0.713855
0.720357 -22.1761 0.714288
 0.72079 -22.1508 0.714722
0.721224 -22.1256 0.715155
0.721657 -22.1004 0.715589
0.722091 -22.0752 0.716022
0.722524 -22.0501 0.716022
0.722958  -22.025 0.716455
0.723391 -21.9999 0.716889
0.723825 -21.9749 0.717322
0.724258 -21.9499 0.717756
0.724692  -21.925 0.718189
0.725125 -21.9001 0.718189
0.725559 -21.8752 0.718623
0.725992 -21.8504 0.719056
0.726425 -21.8256  0.71949
0.726859 -21.8008 0.719923
0.727292 -21.7761 0.720357
0.727726 -21.7515 0.720357
0.728159 -21.7268  0.72079
0.728593 -21.7022 0.721224
0.729026 -21.6777 0.721657
 0.72946 -21.6532 0.722091
0.729893 -21.6287 0.722524
0.730327 -21.6043 0.722524
 0.73076 -21.5798 0.722958
0.731194 -21.5555 0.723391
0.731627 -21.5311 0.723825
0.732061 -21.5068 0.724258
0.732494 -21.4826 0.724692
0.732928 -21.4584 0.725125
0.733361 -21.4342 0.725125
0.733795 -21.4101 0.725559
0.734228 -21.3859 0.725992
0.734662 -21.3619 0.726425
0.735095 -21.3379 0.726859
0.735529 -21.3139 0.727292
0.735962 -21.2899 0.727292
0.736395  -21.266 0.727726
0.736829 -21.2421 0.728159
0.737262 -21.2182 0.728593
0.737696 -21.1944 0.729026
0.738129 -21.1707  0.72946
0.738563 -21.1469  0.72946
0.738996 -21.1232 0.729893
 0.73943 -21.0996 0.730327
0.739863 -21.0759  0.73076
0.740297 -21.0523 0.731194
 0.74073 -21.0288 0.731627
0.741164 -21.0053 0.731627
0.741597 -20.9818 0.732061
0.742031 -20.9583 0.732494
0.742464 -20.9349 0.732928
0.742898 -20.9115 0.733361
0.743331 -20.8882 0.733795
0.743765 -20.8649 0.733795
0.744198 -20.8416 0.734228
0.744632 -20.8184 0.734662
0.745065 -20.7952 0.735095
0.745498  -20.772 0.735529
0.745932 -20.7489 0.735962
0.746365 -20.7258 0.736395
0.746799 -20.7027 0.736395
0.747232 -20.6797 0.736829
0.747666 -20.6567 0.737262
0.748099 -20.6338 0.737696
0.748533 -20.6109 0.738129
0.748966  -20.588 0.738563
  0.7494 -20.5651 0.738563
0.749833 -20.5423 0.738996
0.750267 -20.5195  0.73943
  0.7507 -20.4968 0.739863
0.751134 -20.4741 0.740297
0.751567 -20.4514  0.74073
0.752001 -20.4288  0.74073
0.752434 -20.4061 0.741164
0.752868 -20.3836 0.741597
0.753301  -20.361 0.742031
0.753735 -20.3385 0.742464
0.754168  -20.316 0.742898
0.754602 -20.2936 0.742898
0.755035 -20.2712 0.743331
0.755468 -20.2488 0.743765
0.755902 -20.2265 0.744198
0.756335 -20.2042 0.744632
0.756769 -20.1819 0.745065
0.757202 -20.1597 0.745065
0.757636 -20.1375 0.745498
0.758069 -20.1153 0.745932
0.758503 -20.0932 0.746365
0.758936 -20.0711 0.746799
 0.75937  -20.049 0.747232
0.759803  -20.027 0.747666
0.760237  -20.005 0.747666
 0.76067  -19.983 0.748099
0.761104  -19.961 0.748533
0.761537 -19.9391 0.748966
0.761971 -19.9173   0.7494
0.762404 -19.8954 0.749833
0.762838 -19.8736 0.749833
0.763271 -19.8518 0.750267
0.763705 -19.8301   0.7507
0.764138 -19.8084 0.751134
0.764572 -19.7867 0.751567
0.765005 -19.7651 0.752001
0.765438 -19.7435 0.752001
0.765872 -19.7219 0.752434
0.766305 -19.7003 0.752868
0.766739 -19.6788 0.753301
0.767172 -19.6573 0.753735
0.767606 -19.6359 0.754168
0.768039 -19.6144 0.754168
0.768473 -19.5931 0.754602
0.768906 -19.5717 0.755035
 0.76934 -19.5504 0.755468
0.769773 -19.5291 0.755902
0.770207 -19.5078 0.756335
 0.77064 -19.4866 0.756335
0.771074 -19.4654 0.756769
0.771507 -19.4442 0.757202
0.771941 -19.4231 0.757636
0.772374  -19.402 0.758069
0.772808 -19.3809 0.758503
0.773241 -19.3599 0.758503
0.773675 -19.3389 0.758936
0.774108 -19.3179  0.75937
0.774542 -19.2969 0.759803
0.774975  -19.276 0.760237
0.775408 -19.2551  0.76067
0.775842 -19.2343  0.76067
0.776275 -19.2134 0.761104
0.776709 -19.1926 0.761537
0.777142 -19.1719 0.761971
0.777576 -19.1511 0.762404
0.778009 -19.1304 0.762838
0.778443 -19.1098 0.762838
0.778876 -19.0891 0.763271
 0.77931 -19.0685 0.763705
0.779743 -19.0479 0.764138
0.780177 -19.0274 0.764572
 0.78061 -19.0068 0.765005
0.781044 -18.9864 0.765438
0.781477 -18.9659 0.765438
0.781911 -18.9455 0.765872
0.782344 -18.9251 0.766305
0.782778 -18.9047 0.766739
0.783211 -18.8844 0.767172
0.783645  -18.864 0.767606
0.784078 -18.8438 0.767606
0.784512 -18.8235 0.768039
0.784945 -18.8033 0.768473
0.785378 -18.7831 0.768906
0.785812 -18.7629  0.76934
0.786245 -18.7428 0.769773
0.786679 -18.7227 0.769773
0.787112 -18.7026 0.770207
0.787546 -18.6826  0.77064
0.787979 -18.6625 0.771074
0.788413 -18.6426 0.771507
0.788846 -18.6226 0.771941
 0.78928 -18.6027 0.771941
0.789713 -18.5828 0.772374
0.790147 -18.5629 0.772808
 0.79058 -18.5431 0.773241
0.791014 -18.5232 0.773675
0.791447 -18.5035 0.774108
0.791881 -18.4837 0.774108
0.792314  -18.464 0.774542
0.792748 -18.4443 0.774975
0.793181 -18.4246 0.775408
0.793615  -18.405 0.775842
0.794048 -18.3854 0.776275
0.794481 -18.3658 0.776275
0.794915 -18.3462 0.776709
0.795348 -18.3267 0.777142
0.795782 -18.3072 0.777576
0.796215 -18.2877 0.778009
0.796649 -18.2683 0.778443
0.797082 -18.2489 0.778876
0.797516 -18.2295 0.778876
0.797949 -18.2101  0.77931
0.798383 -18.1908 0.779743
0.798816 -18.1715 0.780177
 0.79925 -18.1522  0.78061
0.799683  -18.133 0.781044
0.800117 -18.1137 0.781044
 0.80055 -18.0945 0.781477
0.800984 -18.0754 0.781911
0.801417 -18.0562 0.782344
0.801851 -18.0371 0.782778
0.802284  -18.018 0.783211
0.802718  -17.999 0.783211
0.803151   -17.98 0.783645
0.803585  -17.961 0.784078
0.804018  -17.942 0.784512
0.804451  -17.923 0.784945
0.804885 -17.9041 0.785378
0.805318 -17.8852 0.785378
0.805752 -17.8664 0.785812
0.806185 -17.8475 0.786245
0.806619 -17.8287 0.786679
0.807052 -17.8099 0.787112
0.807486 -17.7912 0.787546
0.807919 -17.7725 0.787546
0.808353 -17.7537 0.787979
0.808786 -17.7351 0.788413
 0.80922 -17.7164 0.788846
0.809653 -17.6978  0.78928
0.810087 -17.6792 0.789713
 0.81052 -17.6606 0.789713
0.810954 -17.6421 0.790147
0.811387 -17.6236  0.79058
0.811821 -17.6051 0.791014
0.812254 -17.5866 0.791447
0.812688 -17.5682 0.791881
0.813121 -17.5498 0.791881
0.813555 -17.5314 0.792314
0.813988  -17.513 0.792748
0.814421 -17.4947 0.793181
0.814855 -17.4764 0.793615
0.815288 -17.4581 0.794048
0.815722 -17.4399 0.794048
0.816155 -17.4216 0.794481
0.816589 -17.4034 0.794915
0.817022 -17.3852 0.795348
0.817456 -17.3671 0.795782
0.817889  -17.349 0.796215
0.818323 -17.3309 0.796215
0.818756 -17.3128 0.796649
 0.81919 -17.2947 0.797082
0.819623 -17.2767 0.797516
0.820057 -17.2587 0.797949
 0.82049 -17.2408 0.798383
0.820924 -17.2228 0.798383
0.821357 -17.2049 0.798816
0.821791  -17.187  0.79925
0.822224 -17.1691 0.799683
0.822658 -17.1513 0.800117
0.823091 -17.1335  0.80055
0.823525 -17.1157  0.80055
0.823958 -17.0979 0.800984
0.824391 -17.0801 0.801417
0.824825 -17.0624 0.801851
0.825258 -17.0447 0.802284
0.825692 -17.0271 0.802718
0.826125 -17.0094 0.802718
0.826559 -16.9918 0.803151
0.826992 -16.9742 0.803585
0.827426 -16.9566 0.804018
0.827859 -16.9391 0.804451
0.828293 -16.9216 0.804885
0.828726 -16.9041 0.804885
 0.82916 -16.8866 0.805318
0.829593 -16.8691 0.805752
0.830027 -16.8517 0.806185
 0.83046 -16.8343 0.806619
0.830894 -16.8169 0.807052
0.831327 -16.7996 0.807052
0.831761 -16.7823 0.807486
0.832194  -16.765 0.807919
0.832628 -16.7477 0.808353
0.833061 -16.7304 0.808786
0.833494 -16.7132  0.80922
0.833928  -16.696  0.80922
0.834361 -16.6788 0.809653
0.834795 -16.6616 0.810087
0.835228 -16.6445  0.81052
0.835662 -16.6274 0.810954
0.836095 -16.6103 0.811387
0.836529 -16.5933 0.811387
0.836962 -16.5762 0.811821
0.837396 -16.5592 0.812254
0.837829 -16.5422 0.812688
0.838263 -16.5252 0.813121
0.838696 -16.5083 0.813555
 0.83913 -16.4914 0.813555
0.839563 -16.4745 0.813988
0.839997 -16.4576 0.814421
 0.84043 -16.4408 0.814855
0.840864 -16.4239 0.815288
0.841297 -16.4071 0.815722
0.841731 -16.3904 0.815722
0.842164 -16.3736 0.816155
0.842598 -16.3569 0.816589
0.843031 -16.3402 0.817022
0.843464 -16.3235 0.817456
0.843898 -16.3068 0.817889
0.844331 -16.2902 0.817889
0.844765 -16.2735 0.818323
0.845198 -16.2569 0.818756
0.845632 -16.2404  0.81919
0.846065 -16.2238 0.819623
0.846499 -16.2073 0.820057
0.846932 -16.1908 0.820057
0.847366 -16.1743  0.82049
0.847799 -16.1579 0.820924
0.848233 -16.1414 0.821357
0.848666  -16.125 0.821791
  0.8491 -16.1086 0.822224
0.849533 -16.0923 0.822224
0.849967 -16.0759 0.822658
  0.8504 -16.0596 0.823091
0.850834 -16.0433 0.823525
0.851267  -16.027 0.823958
0.851701 -16.0108 0.824391
0.852134 -15.9945 0.824391
0.852568 -15.9783 0.824825
0.853001 -15.9621 0.825258
0.853434  -15.946 0.825692
0.853868 -15.9298 0.826125
0.854301 -15.9137 0.826559
0.854735 -15.8976 0.826559
0.855168 -15.8815 0.826992
0.855602 -15.8655 0.827426
0.856035 -15.8494 0.827859
0.856469 -15.8334 0.828293
0.856902 -15.8174 0.828726
0.857336 -15.8015 0.828726
0.857769 -15.7855  0.82916
0.858203 -15.7696 0.829593
0.858636 -15.7537 0.830027
 0.85907 -15.7378  0.83046
0.859503 -15.7219 0.830894
0.859937 -15.7061 0.830894
 0.86037 -15.6903 0.831327
0.860804 -15.6745 0.831761
0.861237 -15.6587 0.832194
0.861671  -15.643 0.832628
0.862104 -15.6272 0.833061
0.862538 -15.6115 0.833061
0.862971 -15.5958 0.833494
0.863404 -15.5802 0.833928
0.863838 -15.5645 0.834361
0.864271 -15.5489 0.834795
0.864705 -15.5333 0.835228
0.865138 -15.5177 0.835228
0.865572 -15.5022 0.835662
0.866005 -15.4866 0.836095
0.866439 -15.4711 0.836529
0.866872 -15.4556 0.836962
0.867306 -15.4402 0.837396
0.867739 -15.4247 0.837396
0.868173 -15.4093 0.837829
0.868606 -15.3938 0.838263
 0.86904 -15.3785 0.838696
0.869473 -15.3631  0.83913
0.869907 -15.3477 0.839563
 0.87034 -15.3324 0.839563
0.870774 -15.3171 0.839997
0.871207 -15.3018  0.84043
0.871641 -15.2865 0.840864
0.872074 -15.2713 0.841297
0.872508 -15.2561 0.841731
0.872941 -15.2409 0.841731
0.873374 -15.2257 0.842164
0.873808 -15.2105 0.842598
0.874241 -15.1954 0.843031
0.874675 -15.1802 0.843464
0.875108 -15.1651 0.843898
0.875542 -15.1501 0.843898
0.875975  -15.135 0.844331
0.876409   -15.12 0.844765
0.876842 -15.1049 0.845198
0.877276 -15.0899 0.845632
0.877709  -15.075 0.846065
0.878143   -15.06 0.846065
0.878576  -15.045 0.846499
 0.87901 -15.0301 0.846932
0.879443 -15.0152 0.847366
0.879877 -15.0003 0.847799
 0.88031 -14.9855 0.848233
0.880744 -14.9706 0.848233
0.881177 -14.9558 0.848666
0.881611  -14.941   0.8491
0.882044 -14.9262 0.849533
0.882477 -14.9115 0.849967
0.882911 -14.8967   0.8504
0.883344  -14.882   0.8504
0.883778 -14.8673 0.850834
0.884211 -14.8526 0.851267
0.884645 -14.8379 0.851701
0.885078 -14.8233 0.852134
0.885512 -14.8087 0.852568
0.885945 -14.7941 0.852568
0.886379 -14.7795 0.853001
0.886812 -14.7649 0.853434
0.887246 -14.7504 0.853868
0.887679 -14.7358 0.854301
0.888113 -14.7213 0.854301
0.888546 -14.7068 0.854735
 0.88898 -14.6924 0.855168
0.889413 -14.6779 0.855602
0.889847 -14.6635 0.856035
 0.89028 -14.6491 0.856469
0.890714 -14.6347 0.856469
0.891147 -14.6203 0.856902
0.891581  -14.606 0.857336
0.892014 -14.5916 0.857769
0.892447 -14.5773 0.858203
0.892881  -14.563 0.858636
0.893314 -14.5487 0.858636
0.893748 -14.5345  0.85907
0.894181 -14.5202 0.859503
0.894615  -14.506 0.859937
0.895048 -14.4918  0.86037
0.895482 -14.4776 0.860804
0.895915 -14.4635 0.860804
0.896349 -14.4493 0.861237
0.896782 -14.4352 0.861671
0.897216 -14.4211 0.862104
0.897649  -14.407 0.862538
0.898083 -14.3929 0.862971
0.898516 -14.3789 0.863404
 0.89895 -14.3648 0.863404
0.899383 -14.3508 0.863838
0.899817 -14.3368 0.864271
 0.90025 -14.3228 0.864705
0.900684 -14.3089 0.865138
0.901117 -14.2949 0.865572
0.901551  -14.281 0.865572
0.901984 -14.2671 0.866005
0.902417 -14.2532 0.866439
0.902851 -14.2393 0.866872
0.903284 -14.2255 0.867306
0.903718 -14.2116 0.867306
0.904151 -14.1978 0.867739
0.904585  -14.184 0.868173
0.905018 -14.1702 0.868606
0.905452 -14.1565  0.86904
0.905885 -14.1427 0.869473
0.906319  -14.129 0.869473
0.906752 -14.1153 0.869907
0.907186 -14.1016  0.87034
0.907619 -14.0879 0.870774
0.908053 -14.0743 0.871207
0.908486 -14.0607 0.871641
 0.90892  -14.047 0.871641
0.909353 -14.0334 0.872074
0.909787 -14.0199 0.872508
 0.91022 -14.0063 0.872941
0.910654 -13.9927 0.873374
0.911087 -13.9792 0.873808
0.911521 -13.9657 0.873808
0.911954 -13.9522 0.874241
0.912387 -13.9387 0.874675
0.912821 -13.9253 0.875108
0.913254 -13.9118 0.875542
0.913688 -13.8984 0.875975
0.914121  -13.885 0.875975
0.914555 -13.8716 0.876409
0.914988 -13.8582 0.876842
0.915422 -13.8449 0.877276
0.915855 -13.8315 0.877709
0.916289 -13.8182 0.878143
0.916722 -13.8049 0.878143
0.917156 -13.7916 0.878576
0.917589 -13.7784  0.87901
0.918023 -13.7651 0.879443
0.918456 -13.7519 0.879877
 0.91889 -13.7387  0.88031
0.919323 -13.7255  0.88031
0.919757 -13.7123 0.880744
 0.92019 -13.6991 0.881177
0.920624  -13.686 0.881611
0.921057 -13.6729 0.882044
 0.92149 -13.6597 0.882477
0.921924 -13.6466 0.882477
0.922357 -13.6336 0.882911
0.922791 -13.6205 0.883344
0.923224 -13.6075 0.883778
0.923658 -13.5944 0.884211
0.924091 -13.5814 0.884211
0.924525 -13.5684 0.884645
0.924958 -13.5554 0.885078
0.925392 -13.5425 0.885512
0.925825 -13.5295 0.885945
0.926259 -13.5166 0.886379
0.926692 -13.5037 0.886379
0.927126 -13.4908 0.886812
0.927559 -13.4779 0.887246
0.927993 -13.4651 0.887679
0.928426 -13.4522 0.888113
 0.92886 -13.4394 0.888546
0.929293 -13.4266 0.888546
0.929727 -13.4138  0.88898
 0.93016  -13.401 0.889413
0.930594 -13.3882 0.889847
0.931027 -13.3755  0.89028
 0.93146 -13.3628 0.890714
0.931894   -13.35 0.890714
0.932327 -13.3373 0.891147
0.932761 -13.3247 0.891581
0.933194  -13.312 0.892014
0.933628 -13.2993 0.892447
0.934061 -13.2867 0.892881
0.934495 -13.2741 0.892881
0.934928 -13.2615 0.893314
0.935362 -13.2489 0.893748
0.935795 -13.2363 0.894181
0.936229 -13.2238 0.894615
0.936662 -13.2113 0.895048
0.937096 -13.1987 0.895048
0.937529 -13.1862 0.895482
0.937963 -13.1737 0.895915
0.938396 -13.1613 0.896349
 0.93883 -13.1488 0.896782
0.939263 -13.1364 0.897216
0.939697  -13.124 0.897216
 0.94013 -13.1115 0.897649
0.940564 -13.0991 0.898083
0.940997 -13.0868 0.898516
 0.94143 -13.0744  0.89895
0.941864 -13.0621  0.89895
0.942297 -13.0497 0.899383
0.942731 -13.0374 0.899817
0.943164 -13.0251  0.90025
0.943598 -13.0128 0.900684
0.944031 -13.0006 0.901117
0.944465 -12.9883 0.901117
0.944898 -12.9761 0.901551
0.945332 -12.9639 0.901984
0.945765 -12.9517 0.902417
0.946199 -12.9395 0.902851
0.946632 -12.9273 0.903284
0.947066 -12.9151 0.903284
0.947499  -12.903 0.903718
0.947933 -12.8909 0.904151
0.948366 -12.8787 0.904585
  0.9488 -12.8667 0.905018
0.949233 -12.8546 0.905452
0.949667 -12.8425 0.905452
  0.9501 -12.8305 0.905885
0.950534 -12.8184 0.906319
0.950967 -12.8064 0.906752
  0.9514 -12.7944 0.907186
0.951834 -12.7824 0.907619
0.952267 -12.7704 0.907619
0.952701 -12.7585 0.908053
0.953134 -12.7465 0.908486
0.953568 -12.7346  0.90892
0.954001 -12.7227 0.909353
0.954435 -12.7108 0.909787
0.954868 -12.6989 0.909787
0.955302  -12.687  0.91022
0.955735 -12.6752 0.910654
0.956169 -12.6633 0.911087
0.956602 -12.6515 0.911521
0.957036 -12.6397 0.911954
0.957469 -12.6279 0.911954
0.957903 -12.6161 0.912387
0.958336 -12.6043 0.912821
 0.95877 -12.5926 0.913254
0.959203 -12.5809 0.913688
0.959637 -12.5691 0.913688
 0.96007 -12.5574 0.914121
0.960504 -12.5457 0.914555
0.960937 -12.5341 0.914988
 0.96137 -12.5224 0.915422
0.961804 -12.5107 0.915855
0.962237 -12.4991 0.915855
0.962671 -12.4875 0.916289
0.963104 -12.4759 0.916722
0.963538 -12.4643 0.917156
0.963971 -12.4527 0.917589
0.964405 -12.4412 0.918023
0.964838 -12.4296 0.918023
0.965272 -12.4181 0.918456
0.965705 -12.4066  0.91889
0.966139  -12.395 0.919323
0.966572 -12.3836 0.919757
0.967006 -12.3721  0.92019
0.967439 -12.3606  0.92019
0.967873 -12.3492 0.920624
0.968306 -12.3377 0.921057
 0.96874 -12.3263  0.92149
0.969173 -12.3149 0.921924
0.969607 -12.3035 0.922357
 0.97004 -12.2922 0.922357
0.970473 -12.2808 0.922791
0.970907 -12.2694 0.923224
 0.97134 -12.2581 0.923658
0.971774 -12.2468 0.924091
0.972207 -12.2355 0.924525
0.972641 -12.2242 0.924525
0.973074 -12.2129 0.924958
0.973508 -12.2017 0.925392
0.973941 -12.1904 0.925825
0.974375 -12.1792 0.926259
0.974808  -12.168 0.926692
0.975242 -12.1567 0.926692
0.975675 -12.1455 0.927126
0.976109 -12.1344 0.927559
0.976542 -12.1232 0.927993
0.976976 -12.1121 0.928426
0.977409 -12.1009 0.928426
0.977843 -12.0898  0.92886
0.978276 -12.0787 0.929293
 0.97871 -12.0676 0.929727
0.979143 -12.0565  0.93016
0.979577 -12.0454 0.930594
 0.98001 -12.0344 0.930594
0.980443 -12.0233 0.931027
0.980877 -12.0123  0.93146
 0.98131 -12.0013 0.931894
0.981744 -11.9903 0.932327
0.982177 -11.9793 0.932761
0.982611 -11.9683 0.932761
0.983044 -11.9574 0.933194
0.983478 -11.9464 0.933628
0.983911 -11.9355 0.934061
0.984345 -11.9246 0.934495
0.984778 -11.9137 0.934928
0.985212 -11.9028 0.934928
0.985645 -11.8919 0.935362
0.986079  -11.881 0.935795
0.986512 -11.8702 0.936229
0.986946 -11.8593 0.936662
0.987379 -11.8485 0.936662
0.987813 -11.8377 0.937096
0.988246 -11.8269 0.937529
 0.98868 -11.8161 0.937963
0.989113 -11.8053 0.938396
0.989547 -11.7946  0.93883
 0.98998 -11.7838  0.93883
0.990413 -11.7731 0.939263
0.990847 -11.7624 0.939697
 0.99128 -11.7516  0.94013
0.991714  -11.741 0.940564
0.992147 -11.7303 0.940997
0.992581 -11.7196 0.940997
0.993014 -11.7089  0.94143
0.993448 -11.6983 0.941864
0.993881 -11.6877 0.942297
0.994315 -11.6771 0.942731
0.994748 -11.6665 0.943164
0.995182 -11.6559 0.943164
0.995615 -11.6453 0.943598
0.996049 -11.6347 0.944031
0.996482 -11.6242 0.944465
0.996916 -11.6136 0.944898
0.997349 -11.6031 0.945332
0.997783 -11.5926 0.945332
0.998216 -11.5821 0.945765
 0.99865 -11.5716 0.946199
0.999083 -11.5611 0.946632
0.999517 -11.5507 0.947066
 0.99995 -11.5402 0.947066
 1.00038 -11.5298 0.947499
 1.00082 -11.5193 0.947933
 1.00125 -11.5089 0.948366
 1.00168 -11.4985   0.9488
 1.00212 -11.4882 0.949233
 1.00255 -11.4778 0.949233
 1.00298 -11.4674 0.949667
 1.00342 -11.4571   0.9501
 1.00385 -11.4467 0.950534
 1.00428 -11.4364 0.950967
 1.00472 -11.4261   0.9514
 1.00515 -11.4158   0.9514
 1.00559 -11.4055 0.951834
 1.00602 -11.3952 0.952267
 1.00645  -11.385 0.952701
 1.00689 -11.3747 0.953134
 1.00732 -11.3645 0.953568
 1.00775 -11.3543 0.953568
 1.00819 -11.3441 0.954001
 1.00862 -11.3339 0.954435
 1.00905 -11.3237 0.954868
 1.00949 -11.3135 0.955302
 1.00992 -11.3033 0.955302
 1.01035 -11.2932 0.955735
 1.01079  -11.283 0.956169
 1.01122 -11.2729 0.956602
 1.01165 -11.2628 0.957036
 1.01209 -11.2527 0.957469
 1.01252 -11.2426 0.957469
 1.01295 -11.2325 0.957903
 1.01339 -11.2225 0.958336
 1.01382 -11.2124  0.95877
 1.01425 -11.2024 0.959203
 1.01469 -11.1923 0.959637
 1.01512 -11.1823 0.959637
 1.01556 -11.1723  0.96007
 1.01599 -11.1623 0.960504
 1.01642 -11.1523 0.960937
 1.01686 -11.1424  0.96137
 1.01729 -11.1324 0.961804
 1.01772 -11.1225 0.961804
 1.01816 -11.1125 0.962237
 1.01859 -11.1026 0.962671
 1.01902 -11.0927 0.963104
 1.01946 -11.0828 0.963538
 1.01989 -11.0729 0.963971
 1.02032 -11.0631 0.963971
 1.02076 -11.0532 0.964405
 1.02119 -11.0433 0.964838
 1.02162 -11.0335 0.965272
 1.02206 -11.0237 0.965705
 1.02249 -11.0139 0.966139
 1.02292 -11.0041 0.966139
 1.02336 -10.9943 0.966572
 1.02379 -10.9845 0.967006
 1.02422 -10.9747 0.967439
 1.02466  -10.965 0.967873
 1.02509 -10.9552 0.967873
 1.02553 -10.9455 0.968306
 1.02596 -10.9358  0.96874
 1.02639 -10.9261 0.969173
 1.02683 -10.9164 0.969607
 1.02726 -10.9067  0.97004
 1.02769  -10.897  0.97004
 1.02813 -10.8873 0.970473
 1.02856 -10.8777 0.970907
 1.02899  -10.868  0.97134
 1.02943 -10.8584 0.971774
 1.02986 -10.8488 0.972207
 1.03029 -10.8392 0.972207
 1.03073 -10.8296 0.972641
 1.03116   -10.82 0.973074
 1.03159 -10.8104 0.973508
 1.03203 -10.8009 0.973941
 1.03246 -10.7913 0.974375
 1.03289 -10.7818 0.974375
 1.03333 -10.7723 0.974808
 1.03376 -10.7627 0.975242
 1.03419 -10.7532 0.975675
 1.03463 -10.7437 0.976109
 1.03506 -10.7343 0.976109
  1.0355 -10.7248 0.976542
 1.03593 -10.7153 0.976976
 1.03636 -10.7059 0.977409
  1.0368 -10.6964 0.977843
 1.03723  -10.687 0.978276
 1.03766 -10.6776 0.978276
  1.0381 -10.6682  0.97871
 1.03853 -10.6588 0.979143
 1.03896 -10.6494 0.979577
  1.0394 -10.6401  0.98001
 1.03983 -10.6307 0.980443
 1.04026 -10.6213 0.980443
  1.0407  -10.612 0.980877
 1.04113 -10.6027  0.98131
 1.04156 -10.5934 0.981744
   1.042 -10.5841 0.982177
 1.04243 -10.5748 0.982611
 1.04286 -10.5655 0.982611
  1.0433 -10.5562 0.983044
 1.04373  -10.547 0.983478
 1.04416 -10.5377 0.983911
  1.0446 -10.5285 0.984345
 1.04503 -10.5192 0.984345
 1.04547   -10.51 0.984778
  1.0459 -10.5008 0.985212
 1.04633 -10.4916 0.985645
 1.04677 -10.4824 0.986079
  1.0472 -10.4733 0.986512
 1.04763 -10.4641 0.986512
 1.04807 -10.4549 0.986946
  1.0485 -10.4458 0.987379
 1.04893 -10.4367 0.987813
 1.04937 -10.4275 0.988246
  1.0498 -10.4184  0.98868
 1.05023 -10.4093  0.98868
 1.05067 -10.4002 0.989113
  1.0511 -10.3912 0.989547
 1.05153 -10.3821  0.98998
 1.05197  -10.373 0.990413
  1.0524  -10.364 0.990413
 1.05283  -10.355 0.990847
 1.05327 -10.3459  0.99128
  1.0537 -10.3369 0.991714
 1.05413 -10.3279 0.992147
 1.05457 -10.3189 0.992581
   1.055 -10.3099 0.992581
 1.05544  -10.301 0.993014
 1.05587  -10.292 0.993448
  1.0563 -10.2831 0.993881
 1.05674 -10.2741 0.994315
 1.05717 -10.2652 0.994748
  1.0576 -10.2563 0.994748
 1.05804 -10.2474 0.995182
 1.05847 -10.2385 0.995615
  1.0589 -10.2296 0.996049
 1.05934 -10.2207 0.996482
 1.05977 -10.2118 0.996916
  1.0602  -10.203 0.996916
 1.06064 -10.1941 0.997349
 1.06107 -10.1853 0.997783
  1.0615 -10.1765 0.998216
 1.06194 -10.1676  0.99865
 1.06237 -10.1588  0.99865
  1.0628   -10.15 0.999083
 1.06324 -10.1412 0.999517
 1.06367 -10.1325  0.99995
  1.0641 -10.1237  1.00038
 1.06454 -10.1149  1.00082
 1.06497 -10.1062  1.00082
 1.06541 -10.0975  1.00125
 1.06584 -10.0887  1.00168
 1.06627   -10.08  1.00212
 1.06671 -10.0713  1.00255
 1.06714 -10.0626  1.00298
 1.06757 -10.0539  1.00298
 1.06801 -10.0453  1.00342
 1.06844 -10.0366  1.00385
 1.06887 -10.0279  1.00428
 1.06931 -10.0193  1.00472
 1.06974 -10.0107  1.00515
 1.07017  -10.002  1.00515
 1.07061 -9.99342  1.00559
 1.07104 -9.98481  1.00602
 1.07147 -9.97622  1.00645
 1.07191 -9.96763  1.00689
 1.07234 -9.95906  1.00689
 1.07277 -9.95049  1.00732
 1.07321 -9.94193  1.00775
 1.07364 -9.93339  1.00819
 1.07407 -9.92485  1.00862
 1.07451 -9.91633  1.00905
 1.07494 -9.90781  1.00905
 1.07538  -9.8993  1.00949
 1.07581  -9.8908  1.00992
 1.07624 -9.88232  1.01035
 1.07668 -9.87384  1.01079
 1.07711 -9.86537  1.01122
 1.07754 -9.85691  1.01122
 1.07798 -9.84846  1.01165
 1.07841 -9.84003  1.01209
 1.07884  -9.8316  1.01252
 1.07928 -9.82318  1.01295
 1.07971 -9.81477  1.01295
 1.08014 -9.80637  1.01339
 1.08058 -9.79798  1.01382
 1.08101  -9.7896  1.01425
 1.08144 -9.78122  1.01469
 1.08188 -9.77287  1.01512
 1.08231 -9.76451  1.01512
 1.08274 -9.75617  1.01556
 1.08318 -9.74783  1.01599
 1.08361 -9.73951  1.01642
 1.08404  -9.7312  1.01686
 1.08448  -9.7229  1.01729
 1.08491  -9.7146  1.01729
 1.08535 -9.70631  1.01772
 1.08578 -9.69803  1.01816
 1.08621 -9.68977  1.01859
 1.08665 -9.68151  1.01902
 1.08708 -9.67327  1.01946
 1.08751 -9.66503  1.01946
 1.08795  -9.6568  1.01989
 1.08838 -9.64858  1.02032
 1.08881 -9.64037  1.02076
 1.08925 -9.63217  1.02119
 1.08968 -9.62398  1.02119
 1.09011 -9.61579  1.02162
 1.09055 -9.60762  1.02206
 1.09098 -9.59945  1.02249
 1.09141  -9.5913  1.02292
 1.09185 -9.58316  1.02336
 1.09228 -9.57502  1.02336
 1.09271 -9.56689  1.02379
 1.09315 -9.55877  1.02422
 1.09358 -9.55066  1.02466
 1.09401 -9.54257  1.02509
 1.09445 -9.53448  1.02553
 1.09488  -9.5264  1.02553
 1.09532 -9.51832  1.02596
 1.09575 -9.51026  1.02639
 1.09618 -9.50221  1.02683
 1.09662 -9.49416  1.02726
 1.09705 -9.48613  1.02726
 1.09748  -9.4781  1.02769
 1.09792 -9.47008  1.02813
 1.09835 -9.46208  1.02856
 1.09878 -9.45408  1.02899
 1.09922 -9.44609  1.02943
 1.09965 -9.43811  1.02943
 1.10008 -9.43014  1.02986
 1.10052 -9.42217  1.03029
 1.10095 -9.41422  1.03073
 1.10138 -9.40628  1.03116
 1.10182 -9.39834  1.03159
 1.10225 -9.39041  1.03159
 1.10268 -9.38249  1.03203
 1.10312 -9.37458  1.03246
 1.10355 -9.36668  1.03289
 1.10398  -9.3588  1.03333
 1.10442 -9.35091  1.03333
 1.10485 -9.34304  1.03376
 1.10529 -9.33517  1.03419
 1.10572 -9.32732  1.03463
 1.10615 -9.31947  1.03506
 1.10659 -9.31163   1.0355
 1.10702 -9.30381   1.0355
 1.10745 -9.29598  1.03593
 1.10789 -9.28817  1.03636
 1.10832 -9.28037   1.0368
 1.10875 -9.27257  1.03723
 1.10919 -9.26479  1.03766
 1.10962 -9.25701  1.03766
 1.11005 -9.24924   1.0381
 1.11049 -9.24148  1.03853
 1.11092 -9.23373  1.03896
 1.11135 -9.22599   1.0394
 1.11179 -9.21826   1.0394
 1.11222 -9.21054  1.03983
 1.11265 -9.20282  1.04026
 1.11309 -9.19511   1.0407
 1.11352 -9.18741  1.04113
 1.11395 -9.17972  1.04156
 1.11439 -9.17204  1.04156
 1.11482 -9.16437    1.042
 1.11526  -9.1567  1.04243
 1.11569 -9.14905  1.04286
 1.11612  -9.1414   1.0433
 1.11656 -9.13377  1.04373
 1.11699 -9.12613  1.04373
 1.11742 -9.11851  1.04416
 1.11786  -9.1109   1.0446
 1.11829 -9.10329  1.04503
 1.11872  -9.0957  1.04547
 1.11916 -9.08811   1.0459
 1.11959 -9.08053   1.0459
 1.12002 -9.07296  1.04633
 1.12046  -9.0654  1.04677
 1.12089 -9.05784   1.0472
 1.12132  -9.0503  1.04763
 1.12176 -9.04276  1.04763
 1.12219 -9.03523  1.04807
 1.12262 -9.02771   1.0485
 1.12306  -9.0202  1.04893
 1.12349  -9.0127  1.04937
 1.12392  -9.0052   1.0498
 1.12436 -8.99771   1.0498
 1.12479 -8.99023  1.05023
 1.12523 -8.98276  1.05067
 1.12566  -8.9753   1.0511
 1.12609 -8.96785  1.05153
 1.12653 -8.96041  1.05197
 1.12696 -8.95297  1.05197
 1.12739 -8.94554   1.0524
 1.12783 -8.93812  1.05283
 1.12826 -8.93071  1.05327
 1.12869  -8.9233   1.0537
 1.12913 -8.91591   1.0537
 1.12956 -8.90851  1.05413
 1.12999 -8.90113  1.05457
 1.13043 -8.89376    1.055
 1.13086  -8.8864  1.05544
 1.13129 -8.87905  1.05587
 1.13173  -8.8717  1.05587
 1.13216 -8.86436   1.0563
 1.13259 -8.85703  1.05674
 1.13303  -8.8497  1.05717
 1.13346 -8.84239   1.0576
 1.13389 -8.83509   1.0576
 1.13433 -8.82778  1.05804
 1.13476 -8.82049  1.05847
  1.1352 -8.81321   1.0589
 1.13563 -8.80594  1.05934
 1.13606 -8.79867  1.05977
  1.1365 -8.79141  1.05977
 1.13693 -8.78416   1.0602
 1.13736 -8.77692  1.06064
  1.1378 -8.76968  1.06107
 1.13823 -8.76246   1.0615
 1.13866 -8.75524  1.06194
  1.1391 -8.74803  1.06194
 1.13953 -8.74083  1.06237
 1.13996 -8.73363   1.0628
  1.1404 -8.72644  1.06324
 1.14083 -8.71927  1.06367
 1.14126  -8.7121  1.06367
  1.1417 -8.70493   1.0641
 1.14213 -8.69777  1.06454
 1.14256 -8.69063  1.06497
   1.143 -8.68349  1.06541
 1.14343 -8.67636  1.06584
 1.14386 -8.66923  1.06584
  1.1443 -8.66211  1.06627
 1.14473   -8.655  1.06671
 1.14517  -8.6479  1.06714
  1.1456 -8.64081  1.06757
 1.14603 -8.63373  1.06801
 1.14647 -8.62665  1.06801
  1.1469 -8.61958  1.06844
 1.14733 -8.61252  1.06887
 1.14777 -8.60546  1.06931
  1.1482 -8.59842  1.06974
 1.14863 -8.59138  1.06974
 1.14907 -8.58435  1.07017
  1.1495 -8.57732  1.07061
 1.14993 -8.57031  1.07104
 1.15037  -8.5633  1.07147
  1.1508  -8.5563  1.07191
 1.15123 -8.54931  1.07191
 1.15167 -8.54232  1.07234
  1.1521 -8.53534  1.07277
 1.15253 -8.52837  1.07321
 1.15297 -8.52141  1.07364
  1.1534 -8.51446  1.07407
 1.15383 -8.50751  1.07407
 1.15427 -8.50057  1.07451
  1.1547 -8.49363  1.07494
 1.15514 -8.48671  1.07538
 1.15557 -8.47979  1.07581
   1.156 -8.47289  1.07581
 1.15644 -8.46598  1.07624
 1.15687 -8.45909  1.07668
  1.1573  -8.4522  1.07711
 1.15774 -8.44532  1.07754
 1.15817 -8.43845  1.07798
  1.1586 -8.43158  1.07798
 1.15904 -8.42473  1.07841
 1.15947 -8.41788  1.07884
  1.1599 -8.41103  1.07928
 1.16034  -8.4042  1.07971
 1.16077 -8.39737  1.07971
  1.1612 -8.39055  1.08014
 1.16164 -8.38374  1.08058
 1.16207 -8.37693  1.08101
  1.1625 -8.37013  1.08144
 1.16294 -8.36335  1.08188
 1.16337 -8.35656  1.08188
  1.1638 -8.34978  1.08231
 1.16424 -8.34301  1.08274
 1.16467 -8.33625  1.08318
 1.16511  -8.3295  1.08361
 1.16554 -8.32276  1.08404
 1.16597 -8.31601  1.08404
 1.16641 -8.30928  1.08448
 1.16684 -8.30255  1.08491
 1.16727 -8.29584  1.08535
 1.16771 -8.28913  1.08578
 1.16814 -8.28243  1.08578
 1.16857 -8.27573  1.08621
 1.16901 -8.26904  1.08665
 1.16944 -8.26236  1.08708
 1.16987 -8.25568  1.08751
 1.17031 -8.24902  1.08795
 1.17074 -8.24236  1.08795
 1.17117  -8.2357  1.08838
 1.17161 -8.22906  1.08881
 1.17204 -8.22242  1.08925
 1.17247 -8.21579  1.08968
 1.17291 -8.20917  1.09011
 1.17334 -8.20255  1.09011
 1.17377 -8.19594  1.09055
 1.17421 -8.18933  1.09098
 1.17464 -8.18274  1.09141
 1.17508 -8.17615  1.09185
 1.17551 -8.16957  1.09185
 1.17594 -8.16299  1.09228
 1.17638 -8.15642  1.09271
 1.17681 -8.14986  1.09315
 1.17724 -8.14331  1.09358
 1.17768 -8.13677  1.09401
 1.17811 -8.13023  1.09401
 1.17854 -8.12369  1.09445
 1.17898 -8.11717  1.09488
 1.17941 -8.11065  1.09532
 1.17984 -8.10414  1.09575
 1.18028 -8.09764  1.09575
 1.18071 -8.09114  1.09618
 1.18114 -8.08464  1.09662
 1.18158 -8.07816  1.09705
 1.18201 -8.07168  1.09748
 1.18244 -8.06522  1.09792
 1.18288 -8.05875  1.09792
 1.18331  -8.0523  1.09835
 1.18374 -8.04584  1.09878
 1.18418  -8.0394  1.09922
 1.18461 -8.03297  1.09965
 1.18505 -8.02654  1.10008
 1.18548 -8.02012  1.10008
 1.18591  -8.0137  1.10052
 1.18635 -8.00729  1.10095
 1.18678 -8.00089  1.10138
 1.18721  -7.9945  1.10182
 1.18765 -7.98811  1.10182
 1.18808 -7.98173  1.10225
 1.18851 -7.97536  1.10268
 1.18895 -7.96899  1.10312
 1.18938 -7.96263  1.10355
 1.18981 -7.95628  1.10398
 1.19025 -7.94993  1.10398
 1.19068 -7.94359  1.10442
 1.19111 -7.93725  1.10485
 1.19155 -7.93093  1.10529
 1.19198 -7.92461  1.10572
 1.19241  -7.9183  1.10615
 1.19285 -7.91199  1.10615
 1.19328 -7.90569  1.10659
 1.19371 -7.89939  1.10702
 1.19415 -7.89311  1.10745
 1.19458 -7.88683  1.10789
 1.19502 -7.88056  1.10789
 1.19545 -7.87429  1.10832
 1.19588 -7.86803  1.10875
 1.19632 -7.86178  1.10919
 1.19675 -7.85553  1.10962
 1.19718 -7.84929  1.11005
 1.19762 -7.84306  1.11005
 1.19805 -7.83683  1.11049
 1.19848 -7.83061  1.11092
 1.19892 -7.82439  1.11135
 1.19935 -7.81819  1.11179
 1.19978 -7.81199  1.11179
 1.20022 -7.80579  1.11222
 1.20065  -7.7996  1.11265
 1.20108 -7.79342  1.11309
 1.20152 -7.78725  1.11352
 1.20195 -7.78108  1.11395
 1.20238 -7.77492  1.11395
 1.20282 -7.76877  1.11439
 1.20325 -7.76262  1.11482
 1.20368 -7.75647  1.11526
 1.20412 -7.75034  1.11569
 1.20455 -7.74421  1.11612
 1.20498 -7.73809  1.11612
 1.20542 -7.73197  1.11656
 1.20585 -7.72586  1.11699
 1.20629 -7.71976  1.11742
 1.20672 -7.71366  1.11786
 1.20715 -7.70757  1.11786
 1.20759 -7.70149  1.11829
 1.20802 -7.69541  1.11872
 1.20845 -7.68934  1.11916
 1.20889 -7.68327  1.11959
 1.20932 -7.67722  1.12002
 1.20975 -7.67116  1.12002
 1.21019 -7.66512  1.12046
 1.21062 -7.65908  1.12089
 1.21105 -7.65304  1.12132
 1.21149 -7.64702  1.12176
 1.21192   -7.641  1.12176
 1.21235 -7.63498  1.12219
 1.21279 -7.62897  1.12262
 1.21322 -7.62297  1.12306
 1.21365 -7.61698  1.12349
 1.21409 -7.61099  1.12392
 1.21452 -7.60501  1.12392
 1.21495 -7.59903  1.12436
 1.21539 -7.59306  1.12479
 1.21582 -7.58709  1.12523
 1.21626 -7.58114  1.12566
 1.21669 -7.57519  1.12609
 1.21712 -7.56924  1.12609
 1.21756  -7.5633  1.12653
 1.21799 -7.55737  1.12696
 1.21842 -7.55144  1.12739
 1.21886 -7.54552  1.12783
 1.21929 -7.53961  1.12783
 1.21972  -7.5337  1.12826
 1.22016 -7.52779  1.12869
 1.22059  -7.5219  1.12913
 1.22102 -7.51601  1.12956
 1.22146 -7.51013  1.12999
 1.22189 -7.50425  1.12999
 1.22232 -7.49838  1.13043
 1.22276 -7.49251  1.13086
 1.22319 -7.48665  1.13129
 1.22362  -7.4808  1.13173
 1.22406 -7.47496  1.13173
 1.22449 -7.46911  1.13216
 1.22492 -7.46328  1.13259
 1.22536 -7.45745  1.13303
 1.22579 -7.45163  1.13346
 1.22623 -7.44581  1.13389
 1.22666    -7.44  1.13389
 1.22709 -7.43419  1.13433
 1.22753 -7.42839  1.13476
 1.22796  -7.4226   1.1352
 1.22839 -7.41682  1.13563
 1.22883 -7.41104  1.13606
 1.22926 -7.40526  1.13606
 1.22969 -7.39949   1.1365
 1.23013 -7.39373  1.13693
 1.23056 -7.38797  1.13736
 1.23099 -7.38222   1.1378
 1.23143 -7.37648   1.1378
 1.23186 -7.37074  1.13823
 1.23229 -7.36501  1.13866
 1.23273 -7.35928   1.1391
 1.23316 -7.35356  1.13953
 1.23359 -7.34784  1.13996
 1.23403 -7.34213  1.13996
 1.23446 -7.33643   1.1404
 1.23489 -7.33073  1.14083
 1.23533 -7.32504  1.14126
 1.23576 -7.31936   1.1417
  1.2362 -7.31368   1.1417
 1.23663   -7.308  1.14213
 1.23706 -7.30233  1.14256
  1.2375 -7.29667    1.143
 1.23793 -7.29102  1.14343
 1.23836 -7.28537  1.14386
  1.2388 -7.27972  1.14386
 1.23923 -7.27408   1.1443
 1.23966 -7.26845  1.14473
  1.2401 -7.26282  1.14517
 1.24053  -7.2572   1.1456
 1.24096 -7.25159  1.14603
  1.2414 -7.24597  1.14603
 1.24183 -7.24037  1.14647
 1.24226 -7.23477   1.1469
  1.2427 -7.22918  1.14733
 1.24313 -7.22359  1.14777
 1.24356 -7.21801  1.14777
   1.244 -7.21243   1.1482
 1.24443 -7.20686  1.14863
 1.24486  -7.2013  1.14907
  1.2453 -7.19574   1.1495
 1.24573 -7.19019  1.14993
 1.24617 -7.18464  1.14993
  1.2466  -7.1791  1.15037
 1.24703 -7.17357   1.1508
 1.24747 -7.16804  1.15123
  1.2479 -7.16251  1.15167
 1.24833   -7.157  1.15167
 1.24877 -7.15148   1.1521
  1.2492 -7.14597  1.15253
 1.24963 -7.14047  1.15297
 1.25007 -7.13498   1.1534
  1.2505 -7.12949  1.15383
 1.25093   -7.124  1.15383
 1.25137 -7.11852  1.15427
  1.2518 -7.11305   1.1547
 1.25223 -7.10758  1.15514
 1.25267 -7.10212  1.15557
  1.2531 -7.09666  1.15557
 1.25353 -7.09121    1.156
 1.25397 -7.08577  1.15644
  1.2544 -7.08033  1.15687
 1.25483 -7.07489   1.1573
 1.25527 -7.06946  1.15774
  1.2557 -7.06404  1.15774
 1.25614 -7.05862  1.15817
 1.25657 -7.05321   1.1586
   1.257  -7.0478  1.15904
 1.25744  -7.0424  1.15947
 1.25787 -7.03701  1.15947
  1.2583 -7.03161   1.1599
 1.25874 -7.02623  1.16034
 1.25917 -7.02085  1.16077
  1.2596 -7.01548   1.1612
 1.26004 -7.01011  1.16164
 1.26047 -7.00475  1.16164
  1.2609 -6.99939  1.16207
 1.26134 -6.99404   1.1625
 1.26177 -6.98869  1.16294
  1.2622 -6.98335  1.16337
 1.26264 -6.97801  1.16337
 1.26307 -6.97268   1.1638
  1.2635 -6.96736  1.16424
 1.26394 -6.96204  1.16467
 1.26437 -6.95672  1.16511
  1.2648 -6.95142  1.16554
 1.26524 -6.94611  1.16554
 1.26567 -6.94081  1.16597
 1.26611 -6.93552  1.16641
 1.26654 -6.93023  1.16684
 1.26697 -6.92495  1.16727
 1.26741 -6.91968  1.16771
 1.26784  -6.9144  1.16771
 1.26827 -6.90914  1.16814
 1.26871 -6.90388  1.16857
 1.26914 -6.89862  1.16901
 1.26957 -6.89337  1.16944
 1.27001 -6.88813  1.16944
 1.27044 -6.88289  1.16987
 1.27087 -6.87765  1.17031
 1.27131 -6.87242  1.17074
 1.27174  -6.8672  1.17117
 1.27217 -6.86198  1.17161
 1.27261 -6.85677  1.17161
 1.27304 -6.85156  1.17204
 1.27347 -6.84636  1.17247
 1.27391 -6.84116  1.17291
 1.27434 -6.83597  1.17334
 1.27477 -6.83079  1.17334
 1.27521  -6.8256  1.17377
 1.27564 -6.82043  1.17421
 1.27608 -6.81525  1.17464
 1.27651 -6.81009  1.17508
 1.27694 -6.80493  1.17551
 1.27738 -6.79977  1.17551
 1.27781 -6.79462  1.17594
 1.27824 -6.78948  1.17638
 1.27868 -6.78434  1.17681
 1.27911  -6.7792  1.17724
 1.27954 -6.77408  1.17768
 1.27998 -6.76895  1.17768
 1.28041 -6.76383  1.17811
 1.28084 -6.75872  1.17854
 1.28128 -6.75361  1.17898
 1.28171  -6.7485  1.17941
 1.28214 -6.74341  1.17941
 1.28258 -6.73831  1.17984
 1.28301 -6.73322  1.18028
 1.28344 -6.72814  1.18071
 1.28388 -6.72306  1.18114
 1.28431 -6.71799  1.18158
 1.28474 -6.71292  1.18158
 1.28518 -6.70786  1.18201
 1.28561  -6.7028  1.18244
 1.28605 -6.69774  1.18288
 1.28648  -6.6927  1.18331
 1.28691 -6.68766  1.18331
 1.28735 -6.68262  1.18374
 1.28778 -6.67758  1.18418
 1.28821 -6.67255  1.18461
 1.28865 -6.66753  1.18505
 1.28908 -6.66252  1.18548
 1.28951  -6.6575  1.18548
 1.28995 -6.65249  1.18591
 1.29038 -6.64749  1.18635
 1.29081 -6.64249  1.18678
 1.29125  -6.6375  1.18721
 1.29168 -6.63252  1.18721
 1.29211 -6.62753  1.18765
 1.29255 -6.62255  1.18808
 1.29298 -6.61758  1.18851
 1.29341 -6.61261  1.18895
 1.29385 -6.60765  1.18938
 1.29428 -6.60269  1.18938
 1.29471 -6.59774  1.18981
 1.29515 -6.59279  1.19025
 1.29558 -6.58785  1.19068
 1.29602 -6.58291  1.19111
 1.29645 -6.57798  1.19111
 1.29688 -6.57305  1.19155
 1.29732 -6.56812  1.19198
 1.29775 -6.56321  1.19241
 1.29818 -6.55829  1.19285
 1.29862 -6.55338  1.19328
 1.29905 -6.54848  1.19328
 1.29948 -6.54358  1.19371
 1.29992 -6.53868  1.19415
 1.30035  -6.5338  1.19458
 1.30078 -6.52891  1.19502
 1.30122 -6.52403  1.19502
 1.30165 -6.51916  1.19545
 1.30208 -6.51429  1.19588
 1.30252 -6.50942  1.19632
 1.30295 -6.50456  1.19675
 1.30338 -6.49971  1.19718
 1.30382 -6.49486  1.19718
 1.30425 -6.49001  1.19762
 1.30468 -6.48517  1.19805
 1.30512 -6.48033  1.19848
 1.30555  -6.4755  1.19892
 1.30599 -6.47067  1.19892
 1.30642 -6.46585  1.19935
 1.30685 -6.46103  1.19978
 1.30729 -6.45622  1.20022
 1.30772 -6.45141  1.20065
 1.30815 -6.44661  1.20108
 1.30859 -6.44181  1.20108
 1.30902 -6.43702  1.20152
 1.30945 -6.43223  1.20195
 1.30989 -6.42744  1.20238
 1.31032 -6.42267  1.20282
 1.31075 -6.41789  1.20282
 1.31119 -6.41312  1.20325
 1.31162 -6.40836  1.20368
 1.31205  -6.4036  1.20412
 1.31249 -6.39884  1.20455
 1.31292 -6.39409  1.20498
 1.31335 -6.38934  1.20498
 1.31379  -6.3846  1.20542
 1.31422 -6.37986  1.20585
 1.31465 -6.37513  1.20629
 1.31509  -6.3704  1.20672
 1.31552 -6.36568  1.20715
 1.31596 -6.36096  1.20715
 1.31639 -6.35625  1.20759
 1.31682 -6.35154  1.20802
 1.31726 -6.34683  1.20845
 1.31769 -6.34213  1.20889
 1.31812 -6.33744  1.20889
 1.31856 -6.33275  1.20932
 1.31899 -6.32806  1.20975
 1.31942 -6.32338  1.21019
 1.31986  -6.3187  1.21062
 1.32029 -6.31403  1.21105
 1.32072 -6.30936  1.21105
 1.32116  -6.3047  1.21149
 1.32159 -6.30004  1.21192
 1.32202 -6.29539  1.21235
 1.32246 -6.29074  1.21279
 1.32289 -6.28609  1.21279
 1.32332 -6.28145  1.21322
 1.32376 -6.27682  1.21365
 1.32419 -6.27218  1.21409
 1.32462 -6.26756  1.21452
 1.32506 -6.26294  1.21495
 1.32549 -6.25832  1.21495
 1.32593  -6.2537  1.21539
 1.32636  -6.2491  1.21582
 1.32679 -6.24449  1.21626
 1.32723 -6.23989  1.21669
 1.32766  -6.2353  1.21669
 1.32809 -6.23071  1.21712
 1.32853 -6.22612  1.21756
 1.32896 -6.22154  1.21799
 1.32939 -6.21696  1.21842
 1.32983 -6.21239  1.21886
 1.33026 -6.20782  1.21886
 1.33069 -6.20325  1.21929
 1.33113 -6.19869  1.21972
 1.33156 -6.19414  1.22016
 1.33199 -6.18959  1.22059
 1.33243 -6.18504  1.22059
 1.33286  -6.1805  1.22102
 1.33329 -6.17596  1.22146
 1.33373 -6.17143  1.22189
 1.33416  -6.1669  1.22232
 1.33459 -6.16238  1.22276
 1.33503 -6.15786  1.22276
 1.33546 -6.15334  1.22319
  1.3359 -6.14883  1.22362
 1.33633 -6.14433  1.22406
 1.33676 -6.13982  1.22449
  1.3372 -6.13533  1.22449
 1.33763 -6.13083  1.22492
 1.33806 -6.12634  1.22536
  1.3385 -6.12186  1.22579
 1.33893 -6.11738  1.22623
 1.33936  -6.1129  1.22666
  1.3398 -6.10843  1.22666
 1.34023 -6.10396  1.22709
 1.34066  -6.0995  1.22753
  1.3411 -6.09504  1.22796
 1.34153 -6.09059  1.22839
 1.34196 -6.08614  1.22839
  1.3424 -6.08169  1.22883
 1.34283 -6.07725  1.22926
 1.34326 -6.07281  1.22969
  1.3437 -6.06838  1.23013
 1.34413 -6.06395  1.23056
 1.34456 -6.05953  1.23056
   1.345 -6.05511  1.23099
 1.34543 -6.05069  1.23143
 1.34587 -6.04628  1.23186
  1.3463 -6.04187  1.23229
 1.34673 -6.03747  1.23229
 1.34717 -6.03307  1.23273
  1.3476 -6.02868  1.23316
 1.34803 -6.02429  1.23359
 1.34847  -6.0199  1.23403
  1.3489 -6.01552  1.23446
 1.34933 -6.01114  1.23446
 1.34977 -6.00677  1.23489
  1.3502  -6.0024  1.23533
 1.35063 -5.99803  1.23576
 1.35107 -5.99367   1.2362
  1.3515 -5.98932   1.2362
 1.35193 -5.98496  1.23663
 1.35237 -5.98061  1.23706
  1.3528 -5.97627   1.2375
 1.35323 -5.97193  1.23793
 1.35367  -5.9676  1.23836
  1.3541 -5.96327  1.23836
 1.35453 -5.95894   1.2388
 1.35497 -5.95461  1.23923
  1.3554 -5.95029  1.23966
 1.35584 -5.94598   1.2401
 1.35627 -5.94167   1.2401
  1.3567 -5.93736  1.24053
 1.35714 -5.93306  1.24096
 1.35757 -5.92876   1.2414
   1.358 -5.92447  1.24183
 1.35844 -5.92018  1.24226
 1.35887 -5.91589  1.24226
  1.3593 -5.91161   1.2427
 1.35974 -5.90733  1.24313
 1.36017 -5.90306  1.24356
  1.3606 -5.89879    1.244
 1.36104 -5.89453    1.244
 1.36147 -5.89026  1.24443
  1.3619 -5.88601  1.24486
 1.36234 -5.88175   1.2453
 1.36277  -5.8775  1.24573
  1.3632 -5.87326  1.24617
 1.36364 -5.86902  1.24617
 1.36407 -5.86478   1.2466
  1.3645 -5.86055  1.24703
 1.36494 -5.85632  1.24747
 1.36537  -5.8521   1.2479
 1.36581 -5.84788   1.2479
 1.36624 -5.84366  1.24833
 1.36667 -5.83944  1.24877
 1.36711 -5.83524   1.2492
 1.36754 -5.83103  1.24963
 1.36797 -5.82683  1.25007
 1.36841 -5.82264  1.25007
 1.36884 -5.81844   1.2505
 1.36927 -5.81425  1.25093
 1.36971 -5.81007  1.25137
 1.37014 -5.80589   1.2518
 1.37057 -5.80171   1.2518
 1.37101 -5.79754  1.25223
 1.37144 -5.79337  1.25267
 1.37187 -5.78921   1.2531
 1.37231 -5.78504  1.25353
 1.37274 -5.78089  1.25397
 1.37317 -5.77674  1.25397
 1.37361 -5.77259   1.2544
 1.37404 -5.76844  1.25483
 1.37447  -5.7643  1.25527
 1.37491 -5.76016   1.2557
 1.37534 -5.75603   1.2557
 1.37578  -5.7519  1.25614
 1.37621 -5.74778  1.25657
 1.37664 -5.74365    1.257
 1.37708 -5.73954  1.25744
 1.37751 -5.73542  1.25787
 1.37794 -5.73131  1.25787
 1.37838 -5.72721   1.2583
 1.37881 -5.72311  1.25874
 1.37924 -5.71901  1.25917
 1.37968 -5.71491   1.2596
 1.38011 -5.71083   1.2596
 1.38054 -5.70674  1.26004
 1.38098 -5.70265  1.26047
 1.38141 -5.69858   1.2609
 1.38184  -5.6945  1.26134
 1.38228 -5.69043  1.26177
 1.38271 -5.68636  1.26177
 1.38314  -5.6823   1.2622
 1.38358 -5.67824  1.26264
 1.38401 -5.67419  1.26307
 1.38444 -5.67013   1.2635
 1.38488 -5.66609   1.2635
 1.38531 -5.66204  1.26394
 1.38575   -5.658  1.26437
 1.38618 -5.65397   1.2648
 1.38661 -5.64993  1.26524
 1.38705  -5.6459  1.26567
 1.38748 -5.64188  1.26567
 1.38791 -5.63786  1.26611
 1.38835 -5.63384  1.26654
 1.38878 -5.62983  1.26697
 1.38921 -5.62582  1.26741
 1.38965 -5.62181  1.26741
 1.39008 -5.61781  1.26784
 1.39051 -5.61381  1.26827
 1.39095 -5.60982  1.26871
 1.39138 -5.60582  1.26914
 1.39181 -5.60184  1.26957
 1.39225 -5.59785  1.26957
 1.39268 -5.59387  1.27001
 1.39311  -5.5899  1.27044
 1.39355 -5.58593  1.27087
 1.39398 -5.58196  1.27131
 1.39441 -5.57799  1.27131
 1.39485 -5.57403  1.27174
 1.39528 -5.57008  1.27217
 1.39572 -5.56612  1.27261
 1.39615 -5.56217  1.27304
 1.39658 -5.55823  1.27347
 1.39702 -5.55428  1.27347
 1.39745 -5.55034  1.27391
 1.39788 -5.54641  1.27434
 1.39832 -5.54248  1.27477
 1.39875 -5.53855  1.27521
 1.39918 -5.53463  1.27521
 1.39962 -5.53071  1.27564
 1.40005 -5.52679  1.27608
 1.40048 -5.52288  1.27651
 1.40092 -5.51897  1.27694
 1.40135 -5.51506  1.27694
 1.40178 -5.51116  1.27738
 1.40222 -5.50726  1.27781
 1.40265 -5.50337  1.27824
 1.40308 -5.49947  1.27868
 1.40352 -5.49559  1.27911
 1.40395  -5.4917  1.27911
 1.40438 -5.48782  1.27954
 1.40482 -5.48395  1.27998
 1.40525 -5.48007  1.28041
 1.40569 -5.47621  1.28084
 1.40612 -5.47234  1.28084
 1.40655 -5.46848  1.28128
 1.40699 -5.46462  1.28171
 1.40742 -5.46076  1.28214
 1.40785 -5.45691  1.28258
 1.40829 -5.45307  1.28301
 1.40872 -5.44922  1.28301
 1.40915 -5.44538  1.28344
 1.40959 -5.44154  1.28388
 1.41002 -5.43771  1.28431
 1.41045 -5.43388  1.28474
 1.41089 -5.43006  1.28518
 1.41132 -5.42623  1.28518
 1.41175 -5.42241  1.28561
 1.41219  -5.4186  1.28605
 1.41262 -5.41479  1.28648
 1.41305 -5.41098  1.28691
 1.41349 -5.40717  1.28691
 1.41392 -5.40337  1.28735
 1.41435 -5.39957  1.28778
 1.41479 -5.39578  1.28821
 1.41522 -5.39199  1.28865
 1.41566  -5.3882  1.28908
 1.41609 -5.38442  1.28908
 1.41652 -5.38064  1.28951
 1.41696 -5.37686  1.28995
 1.41739 -5.37309  1.29038
 1.41782 -5.36932  1.29081
 1.41826 -5.36555  1.29081
 1.41869 -5.36179  1.29125
 1.41912 -5.35803  1.29168
 1.41956 -5.35427  1.29211
 1.41999 -5.35052  1.29255
 1.42042 -5.34677  1.29255
 1.42086 -5.34303  1.29298
 1.42129 -5.33928  1.29341
 1.42172 -5.33555  1.29385
 1.42216 -5.33181  1.29428
 1.42259 -5.32808  1.29471
 1.42302 -5.32435  1.29471
 1.42346 -5.32063  1.29515
 1.42389 -5.31691  1.29558
 1.42432 -5.31319  1.29602
 1.42476 -5.30947  1.29645
 1.42519 -5.30576  1.29645
 1.42563 -5.30206  1.29688
 1.42606 -5.29835  1.29732
 1.42649 -5.29465  1.29775
 1.42693 -5.29095  1.29818
 1.42736 -5.28726  1.29862
 1.42779 -5.28357  1.29862
 1.42823 -5.27988  1.29905
 1.42866  -5.2762  1.29948
 1.42909 -5.27252  1.29992
 1.42953 -5.26884  1.30035
 1.42996 -5.26517  1.30035
 1.43039  -5.2615  1.30078
 1.43083 -5.25783  1.30122
 1.43126 -5.25417  1.30165
 1.43169 -5.25051  1.30208
 1.43213 -5.24686  1.30252
 1.43256  -5.2432  1.30252
 1.43299 -5.23955  1.30295
 1.43343  -5.2359  1.30338
 1.43386 -5.23226  1.30382
 1.43429 -5.22862  1.30425
 1.43473 -5.22499  1.30425
 1.43516 -5.22135  1.30468
  1.4356 -5.21772  1.30512
 1.43603  -5.2141  1.30555
 1.43646 -5.21048  1.30599
  1.4369 -5.20686  1.30642
 1.43733 -5.20324  1.30642
 1.43776 -5.19963  1.30685
  1.4382 -5.19602  1.30729
 1.43863 -5.19241  1.30772
 1.43906 -5.18881  1.30815
  1.4395 -5.18521  1.30815
 1.43993 -5.18161  1.30859
 1.44036 -5.17802  1.30902
  1.4408 -5.17443  1.30945
 1.44123 -5.17084  1.30989
 1.44166 -5.16726  1.31032
  1.4421 -5.16368  1.31032
 1.44253  -5.1601  1.31075
 1.44296 -5.15653  1.31119
  1.4434 -5.15296  1.31162
 1.44383 -5.14939  1.31205
 1.44426 -5.14583  1.31205
  1.4447 -5.14227  1.31249
 1.44513 -5.13871  1.31292
 1.44557 -5.13516  1.31335
   1.446 -5.13161  1.31379
 1.44643 -5.12806  1.31422
 1.44687 -5.12451  1.31422
  1.4473 -5.12097  1.31465
 1.44773 -5.11743  1.31509
 1.44817  -5.1139  1.31552
  1.4486 -5.11037  1.31596
 1.44903 -5.10684  1.31596
 1.44947 -5.10332  1.31639
  1.4499 -5.09979  1.31682
 1.45033 -5.09628  1.31726
 1.45077 -5.09276  1.31769
  1.4512 -5.08925  1.31769
 1.45163 -5.08574  1.31812
 1.45207 -5.08223  1.31856
  1.4525 -5.07873  1.31899
 1.45293 -5.07523  1.31942
 1.45337 -5.07174  1.31986
  1.4538 -5.06825  1.31986
 1.45423 -5.06476  1.32029
 1.45467 -5.06127  1.32072
  1.4551 -5.05779  1.32116
 1.45554 -5.05431  1.32159
 1.45597 -5.05083  1.32159
  1.4564 -5.04735  1.32202
 1.45684 -5.04388  1.32246
 1.45727 -5.04042  1.32289
  1.4577 -5.03695  1.32332
 1.45814 -5.03349  1.32376
 1.45857 -5.03003  1.32376
   1.459 -5.02658  1.32419
 1.45944 -5.02313  1.32462
 1.45987 -5.01968  1.32506
  1.4603 -5.01623  1.32549
 1.46074 -5.01279  1.32549
 1.46117 -5.00935  1.32593
  1.4616 -5.00591  1.32636
 1.46204 -5.00248  1.32679
 1.46247 -4.99905  1.32723
  1.4629 -4.99563  1.32766
 1.46334  -4.9922  1.32766
 1.46377 -4.98878  1.32809
  1.4642 -4.98536  1.32853
 1.46464 -4.98195  1.32896
 1.46507 -4.97854  1.32939
 1.46551 -4.97513  1.32939
 1.46594 -4.97172  1.32983
 1.46637 -4.96832  1.33026
 1.46681 -4.96492  1.33069
 1.46724 -4.96153  1.33113
 1.46767 -4.95813  1.33156
 1.46811 -4.95474  1.33156
 1.46854 -4.95136  1.33199
 1.46897 -4.94797  1.33243
 1.46941 -4.94459  1.33286
 1.46984 -4.94122  1.33329
 1.47027 -4.93784  1.33329
 1.47071 -4.93447  1.33373
 1.47114  -4.9311  1.33416
 1.47157 -4.92773  1.33459
 1.47201 -4.92437  1.33503
 1.47244 -4.92101  1.33503
 1.47287 -4.91766  1.33546
 1.47331  -4.9143   1.3359
 1.47374 -4.91095  1.33633
 1.47417 -4.90761  1.33676
 1.47461 -4.90426   1.3372
 1.47504 -4.90092   1.3372
 1.47548 -4.89758  1.33763
 1.47591 -4.89425  1.33806
 1.47634 -4.89091   1.3385
 1.47678 -4.88758  1.33893
 1.47721 -4.88426  1.33893
 1.47764 -4.88093  1.33936
 1.47808 -4.87761   1.3398
 1.47851  -4.8743  1.34023
 1.47894 -4.87098  1.34066
 1.47938 -4.86767   1.3411
 1.47981 -4.86436   1.3411
 1.48024 -4.86106  1.34153
 1.48068 -4.85775  1.34196
 1.48111 -4.85446   1.3424
 1.48154 -4.85116  1.34283
 1.48198 -4.84787  1.34283
 1.48241 -4.84457  1.34326
 1.48284 -4.84129   1.3437
 1.48328   -4.838  1.34413
 1.48371 -4.83472  1.34456
 1.48414 -4.83144    1.345
 1.48458 -4.82817    1.345
 1.48501 -4.82489  1.34543
 1.48545 -4.82162  1.34587
 1.48588 -4.81835   1.3463
 1.48631 -4.81509  1.34673
 1.48675 -4.81183  1.34673
 1.48718 -4.80857  1.34717
 1.48761 -4.80532   1.3476
 1.48805 -4.80206  1.34803
 1.48848 -4.79881  1.34847
 1.48891 -4.79557   1.3489
 1.48935 -4.79232   1.3489
 1.48978 -4.78908  1.34933
 1.49021 -4.78584  1.34977
 1.49065 -4.78261   1.3502
 1.49108 -4.77938  1.35063
 1.49151 -4.77615  1.35063
 1.49195 -4.77292  1.35107
 1.49238  -4.7697   1.3515
 1.49281 -4.76648  1.35193
 1.49325 -4.76326  1.35237
 1.49368 -4.76004  1.35237
 1.49411 -4.75683   1.3528
 1.49455 -4.75362  1.35323
 1.49498 -4.75041  1.35367
 1.49542 -4.74721   1.3541
 1.49585 -4.74401  1.35453
 1.49628 -4.74081  1.35453
 1.49672 -4.73762  1.35497
 1.49715 -4.73442   1.3554
 1.49758 -4.73123  1.35584
 1.49802 -4.72805  1.35627
 1.49845 -4.72487  1.35627
 1.49888 -4.72168   1.3567
 1.49932 -4.71851  1.35714
 1.49975 -4.71533  1.35757
 1.50018 -4.71216    1.358
 1.50062 -4.70899  1.35844
 1.50105 -4.70582  1.35844
 1.50148 -4.70266  1.35887
 1.50192  -4.6995   1.3593
 1.50235 -4.69634  1.35974
 1.50278 -4.69318  1.36017
 1.50322 -4.69003  1.36017
 1.50365 -4.68688   1.3606
 1.50408 -4.68373  1.36104
 1.50452 -4.68059  1.36147
 1.50495 -4.67745   1.3619
 1.50539 -4.67431   1.3619
 1.50582 -4.67117  1.36234
 1.50625 -4.66804  1.36277
 1.50669 -4.66491   1.3632
 1.50712 -4.66178  1.36364
 1.50755 -4.65866  1.36407
 1.50799 -4.65553  1.36407
 1.50842 -4.65241   1.3645
 1.50885  -4.6493  1.36494
 1.50929 -4.64618  1.36537
 1.50972 -4.64307  1.36581
 1.51015 -4.63996  1.36581
 1.51059 -4.63686  1.36624
 1.51102 -4.63375  1.36667
 1.51145 -4.63065  1.36711
 1.51189 -4.62756  1.36754
 1.51232 -4.62446  1.36797
 1.51275 -4.62137  1.36797
 1.51319 -4.61828  1.36841
 1.51362 -4.61519  1.36884
 1.51405 -4.61211  1.36927
 1.51449 -4.60903  1.36971
 1.51492 -4.60595  1.36971
 1.51536 -4.60287  1.37014
 1.51579  -4.5998  1.37057
 1.51622 -4.59673  1.37101
 1.51666 -4.59366  1.37144
 1.51709  -4.5906  1.37187
 1.51752 -4.58754  1.37187
 1.51796 -4.58448  1.37231
 1.51839 -4.58142  1.37274
 1.51882 -4.57836  1.37317
 1.51926 -4.57531  1.37361
 1.51969 -4.57227  1.37361
 1.52012 -4.56922  1.37404
 1.52056 -4.56617  1.37447
 1.52099 -4.56313  1.37491
 1.52142  -4.5601  1.37534
 1.52186 -4.55706  1.37578
 1.52229 -4.55403  1.37578
 1.52272   -4.551  1.37621
 1.52316 -4.54797  1.37664
 1.52359 -4.54495  1.37708
 1.52402 -4.54192  1.37751
 1.52446  -4.5389  1.37751
 1.52489 -4.53589  1.37794
 1.52533 -4.53287  1.37838
 1.52576 -4.52986  1.37881
 1.52619 -4.52685  1.37924
 1.52663 -4.52385  1.37924
 1.52706 -4.52084  1.37968
 1.52749 -4.51784  1.38011
 1.52793 -4.51484  1.38054
 1.52836 -4.51185  1.38098
 1.52879 -4.50886  1.38141
 1.52923 -4.50586  1.38141
 1.52966 -4.50288  1.38184
 1.53009 -4.49989  1.38228
 1.53053 -4.49691  1.38271
 1.53096 -4.49393  1.38314
 1.53139 -4.49095  1.38314
 1.53183 -4.48798  1.38358
 1.53226   -4.485  1.38401
 1.53269 -4.48203  1.38444
 1.53313 -4.47907  1.38488
 1.53356  -4.4761  1.38531
 1.53399 -4.47314  1.38531
 1.53443 -4.47018  1.38575
 1.53486 -4.46722  1.38618
  1.5353 -4.46427  1.38661
 1.53573 -4.46132  1.38705
 1.53616 -4.45837  1.38705
  1.5366 -4.45542  1.38748
 1.53703 -4.45248  1.38791
 1.53746 -4.44954  1.38835
  1.5379  -4.4466  1.38878
 1.53833 -4.44366  1.38921
 1.53876 -4.44073  1.38921
  1.5392  -4.4378  1.38965
 1.53963 -4.43487  1.39008
 1.54006 -4.43194  1.39051
  1.5405 -4.42902  1.39095
 1.54093  -4.4261  1.39095
 1.54136 -4.42318  1.39138
  1.5418 -4.42026  1.39181
 1.54223 -4.41735  1.39225
 1.54266 -4.41444  1.39268
  1.5431 -4.41153  1.39268
 1.54353 -4.40863  1.39311
 1.54396 -4.40572  1.39355
  1.5444 -4.40282  1.39398
 1.54483 -4.39992  1.39441
 1.54527 -4.39703  1.39485
  1.5457 -4.39414  1.39485
 1.54613 -4.39124  1.39528
 1.54657 -4.38836  1.39572
   1.547 -4.38547  1.39615
 1.54743 -4.38259  1.39658
 1.54787 -4.37971  1.39658
  1.5483 -4.37683  1.39702
 1.54873 -4.37395  1.39745
 1.54917 -4.37108  1.39788
  1.5496 -4.36821  1.39832
 1.55003 -4.36534  1.39875
 1.55047 -4.36248  1.39875
  1.5509 -4.35961  1.39918
 1.55133 -4.35675  1.39962
 1.55177 -4.35389  1.40005
  1.5522 -4.35104  1.40048
 1.55263 -4.34818  1.40048
 1.55307 -4.34533  1.40092
  1.5535 -4.34249  1.40135
 1.55393 -4.33964  1.40178
 1.55437  -4.3368  1.40222
  1.5548 -4.33396  1.40222
 1.55524 -4.33112  1.40265
 1.55567 -4.32828  1.40308
  1.5561 -4.32545  1.40352
 1.55654 -4.32261  1.40395
 1.55697 -4.31979  1.40438
  1.5574 -4.31696  1.40438
 1.55784 -4.31414  1.40482
 1.55827 -4.31131  1.40525
  1.5587  -4.3085  1.40569
 1.55914 -4.30568  1.40612
 1.55957 -4.30287  1.40612
    1.56 -4.30005  1.40655
 1.56044 -4.29724  1.40699
 1.56087 -4.29444  1.40742
  1.5613 -4.29163  1.40785
 1.56174 -4.28883  1.40785
 1.56217 -4.28603  1.40829
  1.5626 -4.28323  1.40872
 1.56304 -4.28044  1.40915
 1.56347 -4.27765  1.40959
  1.5639 -4.27486  1.41002
 1.56434 -4.27207  1.41002
 1.56477 -4.26928  1.41045
 1.56521  -4.2665  1.41089
 1.56564 -4.26372  1.41132
 1.56607 -4.26094  1.41175
 1.56651 -4.25817  1.41175
 1.56694 -4.25539  1.41219
 1.56737 -4.25262  1.41262
 1.56781 -4.24985  1.41305
 1.56824 -4.24709  1.41349
 1.56867 -4.24432  1.41392
 1.56911 -4.24156  1.41392
 1.56954  -4.2388  1.41435
 1.56997 -4.23604  1.41479
 1.57041 -4.23329  1.41522
 1.57084 -4.23054  1.41566
 1.57127 -4.22779  1.41566
 1.57171 -4.22504  1.41609
 1.57214  -4.2223  1.41652
 1.57257 -4.21955  1.41696
 1.57301 -4.21681  1.41739
 1.57344 -4.21408  1.41782
 1.57387 -4.21134  1.41782
 1.57431 -4.20861  1.41826
 1.57474 -4.20588  1.41869
 1.57518 -4.20315  1.41912
 1.57561 -4.20042  1.41956
 1.57604  -4.1977  1.41956
 1.57648 -4.19497  1.41999
 1.57691 -4.19226  1.42042
 1.57734 -4.18954  1.42086
 1.57778 -4.18682  1.42129
 1.57821 -4.18411  1.42129
 1.57864  -4.1814  1.42172
 1.57908 -4.17869  1.42216
 1.57951 -4.17599  1.42259
 1.57994 -4.17329  1.42302
 1.58038 -4.17059  1.42346
 1.58081 -4.16789  1.42346
 1.58124 -4.16519  1.42389
 1.58168  -4.1625  1.42432
 1.58211  -4.1598  1.42476
 1.58254 -4.15712  1.42519
 1.58298 -4.15443  1.42519
 1.58341 -4.15174  1.42563
 1.58384 -4.14906  1.42606
 1.58428 -4.14638  1.42649
 1.58471  -4.1437  1.42693
 1.58515 -4.14103  1.42693
 1.58558 -4.13835  1.42736
 1.58601 -4.13568  1.42779
 1.58645 -4.13301  1.42823
 1.58688 -4.13035  1.42866
 1.58731 -4.12768  1.42909
 1.58775 -4.12502  1.42909
 1.58818 -4.12236  1.42953
 1.58861  -4.1197  1.42996
 1.58905 -4.11705  1.43039
 1.58948  -4.1144  1.43083
 1.58991 -4.11175  1.43083
 1.59035  -4.1091  1.43126
 1.59078 -4.10645  1.43169
 1.59121 -4.10381  1.43213
 1.59165 -4.10117  1.43256
 1.59208 -4.09853  1.43299
 1.59251 -4.09589  1.43299
 1.59295 -4.09325  1.43343
 1.59338 -4.09062  1.43386
 1.59381 -4.08799  1.43429
 1.59425 -4.08536  1.43473
 1.59468 -4.08274  1.43473
 1.59512 -4.08011  1.43516
 1.59555 -4.07749   1.4356
 1.59598 -4.07487  1.43603
 1.59642 -4.07225  1.43646
 1.59685 -4.06964   1.4369
 1.59728 -4.06703   1.4369
 1.59772 -4.06441  1.43733
 1.59815 -4.06181  1.43776
 1.59858  -4.0592   1.4382
 1.59902  -4.0566  1.43863
 1.59945 -4.05399  1.43863
 1.59988 -4.05139  1.43906
 1.60032  -4.0488   1.4395
 1.60075  -4.0462  1.43993
 1.60118 -4.04361  1.44036
 1.60162 -4.04102  1.44036
 1.60205 -4.03843   1.4408
 1.60248 -4.03584  1.44123
 1.60292 -4.03326  1.44166
 1.60335 -4.03068   1.4421
 1.60378  -4.0281  1.44253
 1.60422 -4.02552  1.44253
 1.60465 -4.02294  1.44296
 1.60509 -4.02037   1.4434
 1.60552  -4.0178  1.44383
 1.60595 -4.01523  1.44426
 1.60639 -4.01266  1.44426
 1.60682  -4.0101   1.4447
 1.60725 -4.00753  1.44513
 1.60769 -4.00497  1.44557
 1.60812 -4.00242    1.446
 1.60855 -3.99986    1.446
 1.60899 -3.99731  1.44643
 1.60942 -3.99475  1.44687
 1.60985  -3.9922   1.4473
 1.61029 -3.98966  1.44773
 1.61072 -3.98711  1.44817
 1.61115 -3.98457  1.44817
 1.61159 -3.98203   1.4486
 1.61202 -3.97949  1.44903
 1.61245 -3.97695  1.44947
 1.61289 -3.97442   1.4499
 1.61332 -3.97188   1.4499
 1.61375 -3.96935  1.45033
 1.61419 -3.96682  1.45077
 1.61462  -3.9643   1.4512
 1.61506 -3.96177  1.45163
 1.61549 -3.95925  1.45207
 1.61592 -3.95673  1.45207
 1.61636 -3.95421   1.4525
 1.61679  -3.9517  1.45293
 1.61722 -3.94918  1.45337
 1.61766 -3.94667   1.4538
 1.61809 -3.94416   1.4538
 1.61852 -3.94166  1.45423
 1.61896 -3.93915  1.45467
 1.61939 -3.93665   1.4551
 1.61982 -3.93415  1.45554
 1.62026 -3.93165  1.45554
 1.62069 -3.92915  1.45597
 1.62112 -3.92666   1.4564
 1.62156 -3.92416  1.45684
 1.62199 -3.92167  1.45727
 1.62242 -3.91919   1.4577
 1.62286  -3.9167   1.4577
 1.62329 -3.91421  1.45814
 1.62372 -3.91173  1.45857
 1.62416 -3.90925    1.459
 1.62459 -3.90677  1.45944
 1.62503  -3.9043  1.45944
 1.62546 -3.90182  1.45987
 1.62589 -3.89935   1.4603
 1.62633 -3.89688  1.46074
 1.62676 -3.89441  1.46117
 1.62719 -3.89195  1.46117
 1.62763 -3.88948   1.4616
 1.62806 -3.88702  1.46204
 1.62849 -3.88456  1.46247
 1.62893  -3.8821   1.4629
 1.62936 -3.87965  1.46334
 1.62979  -3.8772  1.46334
 1.63023 -3.87474  1.46377
 1.63066 -3.87229   1.4642
 1.63109 -3.86985  1.46464
 1.63153  -3.8674  1.46507
 1.63196 -3.86496  1.46507
 1.63239 -3.86252  1.46551
 1.63283 -3.86008  1.46594
 1.63326 -3.85764  1.46637
 1.63369 -3.85521  1.46681
 1.63413 -3.85277  1.46724
 1.63456 -3.85034  1.46724
 1.63499 -3.84791  1.46767
 1.63543 -3.84548  1.46811
 1.63586 -3.84306  1.46854
  1.6363 -3.84064  1.46897
 1.63673 -3.83822  1.46897
 1.63716  -3.8358  1.46941
  1.6376 -3.83338  1.46984
 1.63803 -3.83096  1.47027
 1.63846 -3.82855  1.47071
  1.6389 -3.82614  1.47071
 1.63933 -3.82373  1.47114
 1.63976 -3.82132  1.47157
  1.6402 -3.81892  1.47201
 1.64063 -3.81652  1.47244
 1.64106 -3.81411  1.47287
  1.6415 -3.81172  1.47287
 1.64193 -3.80932  1.47331
 1.64236 -3.80692  1.47374
  1.6428 -3.80453  1.47417
 1.64323 -3.80214  1.47461
 1.64366 -3.79975  1.47461
  1.6441 -3.79736  1.47504
 1.64453 -3.79498  1.47548
 1.64496 -3.79259  1.47591
  1.6454 -3.79021  1.47634
 1.64583 -3.78783  1.47634
 1.64627 -3.78545  1.47678
  1.6467 -3.78308  1.47721
 1.64713 -3.78071  1.47764
 1.64757 -3.77833  1.47808
   1.648 -3.77597  1.47851
 1.64843  -3.7736  1.47851
 1.64887 -3.77123  1.47894
  1.6493 -3.76887  1.47938
 1.64973 -3.76651  1.47981
 1.65017 -3.76415  1.48024
  1.6506 -3.76179  1.48024
 1.65103 -3.75943  1.48068
 1.65147 -3.75708  1.48111
  1.6519 -3.75473  1.48154
 1.65233 -3.75238  1.48198
 1.65277 -3.75003  1.48241
  1.6532 -3.74768  1.48241
 1.65363 -3.74534  1.48284
 1.65407 -3.74299  1.48328
  1.6545 -3.74065  1.48371
 1.65493 -3.73832  1.48414
 1.65537 -3.73598  1.48414
  1.6558 -3.73364  1.48458
 1.65624 -3.73131  1.48501
 1.65667 -3.72898  1.48545
  1.6571 -3.72665  1.48588
 1.65754 -3.72432  1.48588
 1.65797   -3.722  1.48631
  1.6584 -3.71968  1.48675
 1.65884 -3.71735  1.48718
 1.65927 -3.71504  1.48761
  1.6597 -3.71272  1.48805
 1.66014  -3.7104  1.48805
 1.66057 -3.70809  1.48848
   1.661 -3.70578  1.48891
 1.66144 -3.70347  1.48935
 1.66187 -3.70116  1.48978
  1.6623 -3.69885  1.48978
 1.66274 -3.69655  1.49021
 1.66317 -3.69425  1.49065
  1.6636 -3.69194  1.49108
 1.66404 -3.68965  1.49151
 1.66447 -3.68735  1.49151
  1.6649 -3.68505  1.49195
 1.66534 -3.68276  1.49238
 1.66577 -3.68047  1.49281
 1.66621 -3.67818  1.49325
 1.66664 -3.67589  1.49368
 1.66707 -3.67361  1.49368
 1.66751 -3.67132  1.49411
 1.66794 -3.66904  1.49455
 1.66837 -3.66676  1.49498
 1.66881 -3.66449  1.49542
 1.66924 -3.66221  1.49542
 1.66967 -3.65993  1.49585
 1.67011 -3.65766  1.49628
 1.67054 -3.65539  1.49672
 1.67097 -3.65312  1.49715
 1.67141 -3.65086  1.49715
 1.67184 -3.64859  1.49758
 1.67227 -3.64633  1.49802
 1.67271 -3.64407  1.49845
 1.67314 -3.64181  1.49888
 1.67357 -3.63955  1.49932
 1.67401 -3.63729  1.49932
 1.67444 -3.63504  1.49975
 1.67487 -3.63279  1.50018
 1.67531 -3.63054  1.50062
 1.67574 -3.62829  1.50105
 1.67618 -3.62604  1.50105
 1.67661  -3.6238  1.50148
 1.67704 -3.62155  1.50192
 1.67748 -3.61931  1.50235
 1.67791 -3.61707  1.50278
 1.67834 -3.61484  1.50278
 1.67878  -3.6126  1.50322
 1.67921 -3.61037  1.50365
 1.67964 -3.60813  1.50408
 1.68008  -3.6059  1.50452
 1.68051 -3.60367  1.50495
 1.68094 -3.60145  1.50495
 1.68138 -3.59922  1.50539
 1.68181   -3.597  1.50582
 1.68224 -3.59478  1.50625
 1.68268 -3.59256  1.50669
 1.68311 -3.59034  1.50669
 1.68354 -3.58813  1.50712
 1.68398 -3.58591  1.50755
 1.68441  -3.5837  1.50799
 1.68484 -3.58149  1.50842
 1.68528 -3.57928  1.50885
 1.68571 -3.57707  1.50885
 1.68615 -3.57487  1.50929
 1.68658 -3.57266  1.50972
 1.68701 -3.57046  1.51015
 1.68745 -3.56826  1.51059
 1.68788 -3.56607  1.51059
 1.68831 -3.56387  1.51102
 1.68875 -3.56167  1.51145
 1.68918 -3.55948  1.51189
 1.68961 -3.55729  1.51232
 1.69005  -3.5551  1.51232
 1.69048 -3.55291  1.51275
 1.69091 -3.55073  1.51319
 1.69135 -3.54854  1.51362
 1.69178 -3.54636  1.51405
 1.69221 -3.54418  1.51405
 1.69265   -3.542  1.51449
 1.69308 -3.53983  1.51492
 1.69351 -3.53765  1.51536
 1.69395 -3.53548  1.51579
 1.69438 -3.53331  1.51622
 1.69481 -3.53114  1.51622
 1.69525 -3.52897  1.51666
 1.69568  -3.5268  1.51709
 1.69612 -3.52464  1.51752
 1.69655 -3.52248  1.51796
 1.69698 -3.52032  1.51796
 1.69742 -3.51816  1.51839
 1.69785   -3.516  1.51882
 1.69828 -3.51384  1.51926
 1.69872 -3.51169  1.51969
 1.69915 -3.50954  1.51969
 1.69958 -3.50739  1.52012
 1.70002 -3.50524  1.52056
 1.70045 -3.50309  1.52099
 1.70088 -3.50094  1.52142
 1.70132  -3.4988  1.52186
 1.70175 -3.49666  1.52186
 1.70218 -3.49452  1.52229
 1.70262 -3.49238  1.52272
 1.70305 -3.49024  1.52316
 1.70348 -3.48811  1.52359
 1.70392 -3.48598  1.52359
 1.70435 -3.48384  1.52402
 1.70478 -3.48171  1.52446
 1.70522 -3.47958  1.52489
 1.70565 -3.47746  1.52533
 1.70609 -3.47533  1.52533
 1.70652 -3.47321  1.52576
 1.70695 -3.47109  1.52619
 1.70739 -3.46897  1.52663
 1.70782 -3.46685  1.52706
 1.70825 -3.46474  1.52749
 1.70869 -3.46262  1.52749
 1.70912 -3.46051  1.52793
 1.70955  -3.4584  1.52836
 1.70999 -3.45629  1.52879
 1.71042 -3.45418  1.52923
 1.71085 -3.45207  1.52923
 1.71129 -3.44997  1.52966
 1.71172 -3.44787  1.53009
 1.71215 -3.44576  1.53053
 1.71259 -3.44367  1.53096
 1.71302 -3.44157  1.53139
 1.71345 -3.43947  1.53139
 1.71389 -3.43738  1.53183
 1.71432 -3.43528  1.53226
 1.71475 -3.43319  1.53269
 1.71519  -3.4311  1.53313
 1.71562 -3.42902  1.53313
 1.71606 -3.42693  1.53356
 1.71649 -3.42485  1.53399
 1.71692 -3.42276  1.53443
 1.71736 -3.42068  1.53486
 1.71779  -3.4186   1.5353
 1.71822 -3.41653   1.5353
 1.71866 -3.41445  1.53573
 1.71909 -3.41237  1.53616
 1.71952  -3.4103   1.5366
 1.71996 -3.40823  1.53703
 1.72039 -3.40616  1.53703
 1.72082 -3.40409  1.53746
 1.72126 -3.40203   1.5379
 1.72169 -3.39996  1.53833
 1.72212  -3.3979  1.53876
 1.72256 -3.39584  1.53876
 1.72299 -3.39378   1.5392
 1.72342 -3.39172  1.53963
 1.72386 -3.38967  1.54006
 1.72429 -3.38761   1.5405
 1.72472 -3.38556  1.54093
 1.72516 -3.38351  1.54093
 1.72559 -3.38146  1.54136
 1.72603 -3.37941   1.5418
 1.72646 -3.37736  1.54223
 1.72689 -3.37532  1.54266
 1.72733 -3.37327  1.54266
 1.72776 -3.37123   1.5431
 1.72819 -3.36919  1.54353
 1.72863 -3.36715  1.54396
 1.72906 -3.36512   1.5444
 1.72949 -3.36308   1.5444
 1.72993 -3.36105  1.54483
 1.73036 -3.35902  1.54527
 1.73079 -3.35699   1.5457
 1.73123 -3.35496  1.54613
 1.73166 -3.35293  1.54613
 1.73209  -3.3509  1.54657
 1.73253 -3.34888    1.547
 1.73296 -3.34686  1.54743
 1.73339 -3.34484  1.54787
 1.73383 -3.34282   1.5483
 1.73426  -3.3408   1.5483
 1.73469 -3.33879  1.54873
 1.73513 -3.33677  1.54917
 1.73556 -3.33476   1.5496
   1.736 -3.33275  1.55003
 1.73643 -3.33074  1.55003
 1.73686 -3.32873  1.55047
  1.7373 -3.32672   1.5509
 1.73773 -3.32472  1.55133
 1.73816 -3.32272  1.55177
  1.7386 -3.32072  1.55177
 1.73903 -3.31871   1.5522
 1.73946 -3.31672  1.55263
  1.7399 -3.31472  1.55307
 1.74033 -3.31272   1.5535
 1.74076 -3.31073  1.55393
  1.7412 -3.30874  1.55393
 1.74163 -3.30675  1.55437
 1.74206 -3.30476   1.5548
  1.7425 -3.30277  1.55524
 1.74293 -3.30079  1.55567
 1.74336  -3.2988  1.55567
  1.7438 -3.29682   1.5561
 1.74423 -3.29484  1.55654
 1.74466 -3.29286  1.55697
  1.7451 -3.29088   1.5574
 1.74553  -3.2889  1.55784
 1.74597 -3.28693  1.55784
  1.7464 -3.28496  1.55827
 1.74683 -3.28298   1.5587
 1.74727 -3.28101  1.55914
  1.7477 -3.27905  1.55957
 1.74813 -3.27708  1.55957
 1.74857 -3.27511     1.56
   1.749 -3.27315  1.56044
 1.74943 -3.27119  1.56087
 1.74987 -3.26923   1.5613
  1.7503 -3.26727   1.5613
 1.75073 -3.26531  1.56174
 1.75117 -3.26335  1.56217
  1.7516  -3.2614   1.5626
 1.75203 -3.25944  1.56304
 1.75247 -3.25749  1.56347
  1.7529 -3.25554  1.56347
 1.75333 -3.25359   1.5639
 1.75377 -3.25165  1.56434
  1.7542  -3.2497  1.56477
 1.75463 -3.24776  1.56521
 1.75507 -3.24581  1.56521
  1.7555 -3.24387  1.56564
 1.75594 -3.24193  1.56607
 1.75637    -3.24  1.56651
  1.7568 -3.23806  1.56694
 1.75724 -3.23612  1.56694
 1.75767 -3.23419  1.56737
  1.7581 -3.23226  1.56781
 1.75854 -3.23033  1.56824
 1.75897  -3.2284  1.56867
  1.7594 -3.22647  1.56911
 1.75984 -3.22455  1.56911
 1.76027 -3.22262  1.56954
  1.7607  -3.2207  1.56997
 1.76114 -3.21878  1.57041
 1.76157 -3.21686  1.57084
   1.762 -3.21494  1.57084
 1.76244 -3.21302  1.57127
 1.76287 -3.21111  1.57171
  1.7633 -3.20919  1.57214
 1.76374 -3.20728  1.57257
 1.76417 -3.20537  1.57257
  1.7646 -3.20346  1.57301
 1.76504 -3.20155  1.57344
 1.76547 -3.19965  1.57387
 1.76591 -3.19774  1.57431
 1.76634 -3.19584  1.57474
 1.76677 -3.19394  1.57474
 1.76721 -3.19204  1.57518
 1.76764 -3.19014  1.57561
 1.76807 -3.18824  1.57604
 1.76851 -3.18634  1.57648
 1.76894 -3.18445  1.57648
 1.76937 -3.18256  1.57691
 1.76981 -3.18066  1.57734
 1.77024 -3.17877  1.57778
 1.77067 -3.17689  1.57821
 1.77111   -3.175  1.57821
 1.77154 -3.17311  1.57864
 1.77197 -3.17123  1.57908
 1.77241 -3.16935  1.57951
 1.77284 -3.16747  1.57994
 1.77327 -3.16559  1.58038
 1.77371 -3.16371  1.58038
 1.77414 -3.16183  1.58081
 1.77457 -3.15996  1.58124
 1.77501 -3.15808  1.58168
 1.77544 -3.15621  1.58211
 1.77588 -3.15434  1.58211
 1.77631 -3.15247  1.58254
 1.77674  -3.1506  1.58298
 1.77718 -3.14873  1.58341
 1.77761 -3.14687  1.58384
 1.77804 -3.14501  1.58384
 1.77848 -3.14314  1.58428
 1.77891 -3.14128  1.58471
 1.77934 -3.13942  1.58515
 1.77978 -3.13756  1.58558
 1.78021 -3.13571  1.58558
 1.78064 -3.13385  1.58601
 1.78108   -3.132  1.58645
 1.78151 -3.13015  1.58688
 1.78194  -3.1283  1.58731
 1.78238 -3.12645  1.58775
 1.78281  -3.1246  1.58775
 1.78324 -3.12275  1.58818
 1.78368 -3.12091  1.58861
 1.78411 -3.11906  1.58905
 1.78454 -3.11722  1.58948
 1.78498 -3.11538  1.58948
 1.78541 -3.11354  1.58991
 1.78585  -3.1117  1.59035
 1.78628 -3.10987  1.59078
 1.78671 -3.10803  1.59121
 1.78715  -3.1062  1.59165
 1.78758 -3.10437  1.59165
 1.78801 -3.10253  1.59208
 1.78845 -3.10071  1.59251
 1.78888 -3.09888  1.59295
 1.78931 -3.09705  1.59338
 1.78975 -3.09523  1.59338
 1.79018  -3.0934  1.59381
 1.79061 -3.09158  1.59425
 1.79105 -3.08976  1.59468
 1.79148 -3.08794  1.59512
 1.79191 -3.08612  1.59512
 1.79235  -3.0843  1.59555
 1.79278 -3.08249  1.59598
 1.79321 -3.08067  1.59642
 1.79365 -3.07886  1.59685
 1.79408 -3.07705  1.59685
 1.79451 -3.07524  1.59728
 1.79495 -3.07343  1.59772
 1.79538 -3.07163  1.59815
 1.79582 -3.06982  1.59858
 1.79625 -3.06802  1.59902
 1.79668 -3.06621  1.59902
 1.79712 -3.06441  1.59945
 1.79755 -3.06261  1.59988
 1.79798 -3.06081  1.60032
 1.79842 -3.05902  1.60075
 1.79885 -3.05722  1.60075
 1.79928 -3.05543  1.60118
 1.79972 -3.05363  1.60162
 1.80015 -3.05184  1.60205
 1.80058 -3.05005  1.60248
 1.80102 -3.04826  1.60248
 1.80145 -3.04648  1.60292
 1.80188 -3.04469  1.60335
 1.80232  -3.0429  1.60378
 1.80275 -3.04112  1.60422
 1.80318 -3.03934  1.60465
 1.80362 -3.03756  1.60465
 1.80405 -3.03578  1.60509
 1.80448   -3.034  1.60552
 1.80492 -3.03222  1.60595
 1.80535 -3.03045  1.60639
 1.80579 -3.02868  1.60639
 1.80622  -3.0269  1.60682
 1.80665 -3.02513  1.60725
 1.80709 -3.02336  1.60769
 1.80752 -3.02159  1.60812
 1.80795 -3.01983  1.60812
 1.80839 -3.01806  1.60855
 1.80882  -3.0163  1.60899
 1.80925 -3.01453  1.60942
 1.80969 -3.01277  1.60985
 1.81012 -3.01101  1.61029
 1.81055 -3.00925  1.61029
 1.81099 -3.00749  1.61072
 1.81142 -3.00574  1.61115
 1.81185 -3.00398  1.61159
 1.81229 -3.00223  1.61202
 1.81272 -3.00048  1.61202
 1.81315 -2.99873  1.61245
 1.81359 -2.99698  1.61289
 1.81402 -2.99523  1.61332
 1.81445 -2.99348  1.61375
 1.81489 -2.99174  1.61375
 1.81532 -2.98999  1.61419
 1.81576 -2.98825  1.61462
 1.81619 -2.98651  1.61506
 1.81662 -2.98477  1.61549
 1.81706 -2.98303  1.61592
 1.81749 -2.98129  1.61592
 1.81792 -2.97955  1.61636
 1.81836 -2.97782  1.61679
 1.81879 -2.97608  1.61722
 1.81922 -2.97435  1.61766
 1.81966 -2.97262  1.61766
 1.82009 -2.97089  1.61809
 1.82052 -2.96916  1.61852
 1.82096 -2.96744  1.61896
 1.82139 -2.96571  1.61939
 1.82182 -2.96399  1.61939
 1.82226 -2.96226  1.61982
 1.82269 -2.96054  1.62026
 1.82312 -2.95882  1.62069
 1.82356  -2.9571  1.62112
 1.82399 -2.95538  1.62156
 1.82442 -2.95367  1.62156
 1.82486 -2.95195  1.62199
 1.82529 -2.95024  1.62242
 1.82573 -2.94853  1.62286
 1.82616 -2.94682  1.62329
 1.82659  -2.9451  1.62329
 1.82703  -2.9434  1.62372
 1.82746 -2.94169  1.62416
 1.82789 -2.93998  1.62459
 1.82833 -2.93828  1.62503
 1.82876 -2.93657  1.62503
 1.82919 -2.93487  1.62546
 1.82963 -2.93317  1.62589
 1.83006 -2.93147  1.62633
 1.83049 -2.92977  1.62676
 1.83093 -2.92808  1.62676
 1.83136 -2.92638  1.62719
 1.83179 -2.92469  1.62763
 1.83223 -2.92299  1.62806
 1.83266  -2.9213  1.62849
 1.83309 -2.91961  1.62893
 1.83353 -2.91792  1.62893
 1.83396 -2.91623  1.62936
 1.83439 -2.91455  1.62979
 1.83483 -2.91286  1.63023
 1.83526 -2.91118  1.63066
  1.8357 -2.90949  1.63066
 1.83613 -2.90781  1.63109
 1.83656 -2.90613  1.63153
   1.837 -2.90445  1.63196
 1.83743 -2.90277  1.63239
 1.83786  -2.9011  1.63239
  1.8383 -2.89942  1.63283
 1.83873 -2.89775  1.63326
 1.83916 -2.89607  1.63369
  1.8396  -2.8944  1.63413
 1.84003 -2.89273  1.63456
 1.84046 -2.89106  1.63456
  1.8409  -2.8894  1.63499
 1.84133 -2.88773  1.63543
 1.84176 -2.88606  1.63586
  1.8422  -2.8844   1.6363
 1.84263 -2.88274   1.6363
 1.84306 -2.88108  1.63673
  1.8435 -2.87942  1.63716
 1.84393 -2.87776   1.6376
 1.84436  -2.8761  1.63803
  1.8448 -2.87444  1.63803
 1.84523 -2.87279  1.63846
 1.84567 -2.87113   1.6389
  1.8461 -2.86948  1.63933
 1.84653 -2.86783  1.63976
 1.84697 -2.86618   1.6402
  1.8474 -2.86453   1.6402
 1.84783 -2.86288  1.64063
 1.84827 -2.86124  1.64106
  1.8487 -2.85959   1.6415
 1.84913 -2.85795  1.64193
 1.84957  -2.8563  1.64193
    1.85 -2.85466  1.64236