 kgrid  ValNew  Policy 
    0.55 -34.7498     0.55
0.550433 -34.6879 0.550433
0.550867 -34.6263 0.550433
  0.5513 -34.5648 0.550867
0.551734 -34.5036 0.550867
0.552167 -34.4425   0.5513
0.552601 -34.3817 0.551734
0.553034  -34.321 0.551734
0.553468 -34.2605 0.552167
0.553901 -34.2003 0.552601
0.554335 -34.1402 0.552601
0.554768 -34.0803 0.553034
0.555202 -34.0206 0.553034
0.555635  -33.961 0.553468
0.556069 -33.9017 0.553901
0.556502 -33.8425 0.553901
0.556936 -33.7835 0.554335
0.557369 -33.7247 0.554768
0.557803 -33.6661 0.554768
0.558236 -33.6076 0.555202
 0.55867 -33.5494 0.555635
0.559103 -33.4912 0.555635
0.559537 -33.4333 0.556069
 0.55997 -33.3756 0.556502
0.560403  -33.318 0.556502
0.560837 -33.2605 0.556936
 0.56127 -33.2033 0.557369
0.561704 -33.1462 0.557369
0.562137 -33.0893 0.557803
0.562571 -33.0326 0.557803
0.563004  -32.976 0.558236
0.563438 -32.9196  0.55867
0.563871 -32.8635  0.55867
0.564305 -32.8074 0.559103
0.564738 -32.7515 0.559537
0.565172 -32.6958 0.559537
0.565605 -32.6402  0.55997
0.566039 -32.5848 0.560403
0.566472 -32.5296 0.560403
0.566906 -32.4745 0.560837
0.567339 -32.4196  0.56127
0.567773 -32.3648  0.56127
0.568206 -32.3102 0.561704
 0.56864 -32.2558 0.562137
0.569073 -32.2015 0.562137
0.569507 -32.1474 0.562571
 0.56994 -32.0935 0.563004
0.570373 -32.0397 0.563004
0.570807  -31.986 0.563438
 0.57124 -31.9326 0.563871
0.571674 -31.8792 0.563871
0.572107  -31.826 0.564305
0.572541 -31.7731 0.564738
0.572974 -31.7201 0.564738
0.573408 -31.6674 0.565172
0.573841 -31.6149 0.565172
0.574275 -31.5625 0.565605
0.574708 -31.5102 0.566039
0.575142 -31.4581 0.566039
0.575575 -31.4061 0.566472
0.576009 -31.3543 0.566906
0.576442 -31.3027 0.566906
0.576876 -31.2511 0.567339
0.577309 -31.1998 0.567773
0.577743 -31.1486 0.567773
0.578176 -31.0975 0.568206
 0.57861 -31.0466  0.56864
0.579043 -30.9958  0.56864
0.579476 -30.9452 0.569073
 0.57991 -30.8947 0.569507
0.580343 -30.8443 0.569507
0.580777 -30.7941  0.56994
 0.58121  -30.744 0.570373
0.581644 -30.6941 0.570807
0.582077 -30.6442 0.570807
0.582511 -30.5945  0.57124
0.582944 -30.5449 0.571674
0.583378 -30.4955 0.571674
0.583811 -30.4461 0.572107
0.584245  -30.397 0.572541
0.584678 -30.3479 0.572541
0.585112  -30.299 0.572974
0.585545 -30.2502 0.573408
0.585979 -30.2015 0.573408
0.586412 -30.1529 0.573841
0.586846 -30.1045 0.574275
0.587279 -30.0562 0.574708
0.587713  -30.008 0.574708
0.588146   -29.96 0.575142
 0.58858  -29.912 0.575575
0.589013 -29.8643 0.575575
0.589446 -29.8166 0.576009
 0.58988  -29.769 0.576442
0.590313 -29.7216 0.576876
0.590747 -29.6742 0.576876
 0.59118 -29.6271 0.577309
0.591614   -29.58 0.577743
0.592047  -29.533 0.577743
0.592481 -29.4862 0.578176
0.592914 -29.4395  0.57861
0.593348 -29.3929  0.57861
0.593781 -29.3464 0.579043
0.594215 -29.3001 0.579476
0.594648 -29.2538  0.57991
0.595082 -29.2077  0.57991
0.595515 -29.1617 0.580343
0.595949 -29.1158 0.580777
0.596382   -29.07 0.580777
0.596816 -29.0243  0.58121
0.597249 -28.9788 0.581644
0.597683 -28.9334 0.581644
0.598116 -28.8881 0.582077
 0.59855 -28.8428 0.582511
0.598983 -28.7978 0.582944
0.599416 -28.7528 0.582944
 0.59985 -28.7079 0.583378
0.600283 -28.6632 0.583811
0.600717 -28.6186 0.583811
 0.60115  -28.574 0.584245
0.601584 -28.5296 0.584678
0.602017 -28.4853 0.585112
0.602451 -28.4411 0.585112
0.602884  -28.397 0.585545
0.603318  -28.353 0.585979
0.603751 -28.3092 0.585979
0.604185 -28.2654 0.586412
0.604618 -28.2217 0.586846
0.605052 -28.1781 0.587279
0.605485 -28.1347 0.587279
0.605919 -28.0912 0.587713
0.606352 -28.0479 0.588146
0.606786 -28.0048  0.58858
0.607219 -27.9617 0.589013
0.607653 -27.9186 0.589013
0.608086 -27.8757 0.589446
 0.60852 -27.8329  0.58988
0.608953 -27.7902 0.590313
0.609386 -27.7475 0.590313
 0.60982  -27.705 0.590747
0.610253 -27.6625  0.59118
0.610687 -27.6202 0.591614
 0.61112 -27.5779 0.591614
0.611554 -27.5357 0.592047
0.611987 -27.4936 0.592481
0.612421 -27.4517 0.592914
0.612854 -27.4098 0.592914
0.613288 -27.3679 0.593348
0.613721 -27.3262 0.593781
0.614155 -27.2846 0.594215
0.614588 -27.2431 0.594215
0.615022 -27.2016 0.594648
0.615455 -27.1602 0.595082
0.615889  -27.119 0.595515
0.616322 -27.0778 0.595515
0.616756 -27.0367 0.595949
0.617189 -26.9957 0.596382
0.617623 -26.9548 0.596816
0.618056  -26.914 0.597249
0.618489 -26.8732 0.597249
0.618923 -26.8325 0.597683
0.619356  -26.792 0.598116
 0.61979 -26.7515  0.59855
0.620223 -26.7111  0.59855
0.620657 -26.6708 0.598983
 0.62109 -26.6305 0.599416
0.621524 -26.5904  0.59985
0.621957 -26.5504  0.59985
0.622391 -26.5104 0.600283
0.622824 -26.4705 0.600717
0.623258 -26.4307  0.60115
0.623691  -26.391  0.60115
0.624125 -26.3514 0.601584
0.624558 -26.3118 0.602017
0.624992 -26.2724 0.602451
0.625425  -26.233 0.602884
0.625859 -26.1937 0.602884
0.626292 -26.1545 0.603318
0.626726 -26.1153 0.603751
0.627159 -26.0763 0.604185
0.627593 -26.0373 0.604185
0.628026 -25.9984 0.604618
0.628459 -25.9596 0.605052
0.628893 -25.9209 0.605485
0.629326 -25.8823 0.605485
 0.62976 -25.8437 0.605919
0.630193 -25.8052 0.606352
0.630627 -25.7668 0.606786
 0.63106 -25.7285 0.606786
0.631494 -25.6902 0.607219
0.631927 -25.6521 0.607653
0.632361  -25.614 0.608086
0.632794  -25.576  0.60852
0.633228 -25.5381  0.60852
0.633661 -25.5002 0.608953
0.634095 -25.4624 0.609386
0.634528 -25.4247  0.60982
0.634962 -25.3871  0.60982
0.635395 -25.3496 0.610253
0.635829 -25.3121 0.610687
0.636262 -25.2747  0.61112
0.636696 -25.2375  0.61112
0.637129 -25.2002 0.611554
0.637563  -25.163 0.611987
0.637996  -25.126 0.612421
0.638429  -25.089 0.612854
0.638863  -25.052 0.612854
0.639296 -25.0152 0.613288
 0.63973 -24.9784 0.613721
0.640163 -24.9417 0.614155
0.640597 -24.9051 0.614155
 0.64103 -24.8685 0.614588
0.641464 -24.8321 0.615022
0.641897 -24.7957 0.615455
0.642331 -24.7593 0.615455
0.642764 -24.7231 0.615889
0.643198 -24.6869 0.616322
0.643631 -24.6508 0.616756
0.644065 -24.6148 0.617189
0.644498 -24.5788 0.617189
0.644932 -24.5429 0.617623
0.645365 -24.5071 0.618056
0.645799 -24.4714 0.618489
0.646232 -24.4357 0.618489
0.646666 -24.4001 0.618923
0.647099 -24.3645 0.619356
0.647533 -24.3291  0.61979
0.647966 -24.2937  0.61979
0.648399 -24.2584 0.620223
0.648833 -24.2231 0.620657
0.649266  -24.188  0.62109
  0.6497 -24.1529 0.621524
0.650133 -24.1179 0.621524
0.650567 -24.0829 0.621957
   0.651  -24.048 0.622391
0.651434 -24.0132 0.622824
0.651867 -23.9784 0.622824
0.652301 -23.9437 0.623258
0.652734 -23.9091 0.623691
0.653168 -23.8746 0.624125
0.653601 -23.8401 0.624558
0.654035 -23.8057 0.624558
0.654468 -23.7713 0.624992
0.654902 -23.7371 0.625425
0.655335 -23.7029 0.625859
0.655769 -23.6687 0.625859
0.656202 -23.6347 0.626292
0.656636 -23.6007 0.626726
0.657069 -23.5667 0.627159
0.657503 -23.5329 0.627159
0.657936 -23.4991 0.627593
0.658369 -23.4653 0.628026
0.658803 -23.4317 0.628459
0.659236 -23.3981 0.628893
 0.65967 -23.3645 0.628893
0.660103 -23.3311 0.629326
0.660537 -23.2977  0.62976
 0.66097 -23.2643 0.630193
0.661404 -23.2311 0.630193
0.661837 -23.1978 0.630627
0.662271 -23.1647  0.63106
0.662704 -23.1316 0.631494
0.663138 -23.0986 0.631927
0.663571 -23.0657 0.631927
0.664005 -23.0328 0.632361
0.664438 -22.9999 0.632794
0.664872 -22.9672 0.633228
0.665305 -22.9345 0.633228
0.665739 -22.9019 0.633661
0.666172 -22.8693 0.634095
0.666606 -22.8368 0.634528
0.667039 -22.8044 0.634962
0.667472  -22.772 0.634962
0.667906 -22.7397 0.635395
0.668339 -22.7074 0.635829
0.668773 -22.6752 0.636262
0.669206 -22.6431 0.636262
 0.66964  -22.611 0.636696
0.670073  -22.579 0.637129
0.670507 -22.5471 0.637563
 0.67094 -22.5152 0.637996
0.671374 -22.4834 0.637996
0.671807 -22.4516 0.638429
0.672241 -22.4199 0.638863
0.672674 -22.3883 0.639296
0.673108 -22.3567 0.639296
0.673541 -22.3252  0.63973
0.673975 -22.2937 0.640163
0.674408 -22.2623 0.640597
0.674842  -22.231 0.640597
0.675275 -22.1997  0.64103
0.675709 -22.1685 0.641464
0.676142 -22.1373 0.641897
0.676576 -22.1062 0.642331
0.677009 -22.0752 0.642331
0.677442 -22.0442 0.642764
0.677876 -22.0133 0.643198
0.678309 -21.9824 0.643631
0.678743 -21.9516 0.643631
0.679176 -21.9209 0.644065
 0.67961 -21.8902 0.644498
0.680043 -21.8595 0.644932
0.680477  -21.829 0.645365
 0.68091 -21.7985 0.645365
0.681344  -21.768 0.645799
0.681777 -21.7376 0.646232
0.682211 -21.7073 0.646666
0.682644  -21.677 0.646666
0.683078 -21.6467 0.647099
0.683511 -21.6166 0.647533
0.683945 -21.5864 0.647966
0.684378 -21.5564 0.648399
0.684812 -21.5264 0.648399
0.685245 -21.4964 0.648833
0.685679 -21.4665 0.649266
0.686112 -21.4367   0.6497
0.686546  -21.407   0.6497
0.686979 -21.3772 0.650133
0.687412 -21.3476 0.650567
0.687846 -21.3179    0.651
0.688279 -21.2884 0.651434
0.688713 -21.2589 0.651434
0.689146 -21.2295 0.651867
 0.68958 -21.2001 0.652301
0.690013 -21.1707 0.652734
0.690447 -21.1415 0.652734
 0.69088 -21.1122 0.653168
0.691314 -21.0831 0.653601
0.691747 -21.0539 0.654035
0.692181 -21.0249 0.654468
0.692614 -20.9959 0.654468
0.693048 -20.9669 0.654902
0.693481  -20.938 0.655335
0.693915 -20.9092 0.655769
0.694348 -20.8804 0.655769
0.694782 -20.8517 0.656202
0.695215  -20.823 0.656636
0.695649 -20.7943 0.657069
0.696082 -20.7658 0.657503
0.696516 -20.7372 0.657503
0.696949 -20.7087 0.657936
0.697382 -20.6803 0.658369
0.697816  -20.652 0.658803
0.698249 -20.6237 0.659236
0.698683 -20.5954 0.659236
0.699116 -20.5671  0.65967
 0.69955  -20.539 0.660103
0.699983 -20.5109 0.660537
0.700417 -20.4828 0.660537
 0.70085 -20.4548  0.66097
0.701284 -20.4268 0.661404
0.701717 -20.3989 0.661837
0.702151 -20.3711 0.662271
0.702584 -20.3433 0.662271
0.703018 -20.3155 0.662704
0.703451 -20.2878 0.663138
0.703885 -20.2602 0.663571
0.704318 -20.2326 0.663571
0.704752  -20.205 0.664005
0.705185 -20.1775 0.664438
0.705619   -20.15 0.664872
0.706052 -20.1227 0.665305
0.706485 -20.0953 0.665305
0.706919  -20.068 0.665739
0.707352 -20.0407 0.666172
0.707786 -20.0135 0.666606
0.708219 -19.9864 0.666606
0.708653 -19.9593 0.667039
0.709086 -19.9322 0.667472
 0.70952 -19.9052 0.667906
0.709953 -19.8783 0.668339
0.710387 -19.8513 0.668339
 0.71082 -19.8245 0.668773
0.711254 -19.7977 0.669206
0.711687 -19.7709  0.66964
0.712121 -19.7442  0.66964
0.712554 -19.7175 0.670073
0.712988 -19.6909 0.670507
0.713421 -19.6643  0.67094
0.713855 -19.6378 0.671374
0.714288 -19.6113 0.671374
0.714722 -19.5849 0.671807
0.715155 -19.5585 0.672241
0.715589 -19.5322 0.672674
0.716022 -19.5059 0.672674
0.716455 -19.4797 0.673108
0.716889 -19.4535 0.673541
0.717322 -19.4273 0.673975
0.717756 -19.4012 0.674408
0.718189 -19.3752 0.674408
0.718623 -19.3492 0.674842
0.719056 -19.3232 0.675275
 0.71949 -19.2973 0.675709
0.719923 -19.2715 0.675709
0.720357 -19.2456 0.676142
 0.72079 -19.2199 0.676576
0.721224 -19.1941 0.677009
0.721657 -19.1685 0.677442
0.722091 -19.1428 0.677442
0.722524 -19.1172 0.677876
0.722958 -19.0917 0.678309
0.723391 -19.0662 0.678743
0.723825 -19.0408 0.679176
0.724258 -19.0153 0.679176
0.724692   -18.99  0.67961
0.725125 -18.9647 0.680043
0.725559 -18.9394 0.680477
0.725992 -18.9142 0.680477
0.726425  -18.889  0.68091
0.726859 -18.8639 0.681344
0.727292 -18.8388 0.681777
0.727726 -18.8137 0.682211
0.728159 -18.7887 0.682211
0.728593 -18.7638 0.682644
0.729026 -18.7388 0.683078
 0.72946  -18.714 0.683511
0.729893 -18.6892 0.683511
0.730327 -18.6644 0.683945
 0.73076 -18.6396 0.684378
0.731194 -18.6149 0.684812
0.731627 -18.5903 0.684812
0.732061 -18.5657 0.685245
0.732494 -18.5411 0.685679
0.732928 -18.5166 0.686112
0.733361 -18.4921 0.686546
0.733795 -18.4677 0.686546
0.734228 -18.4433 0.686979
0.734662  -18.419 0.687412
0.735095 -18.3947 0.687846
0.735529 -18.3704 0.688279
0.735962 -18.3462 0.688279
0.736395  -18.322 0.688713
0.736829 -18.2979 0.689146
0.737262 -18.2738  0.68958
0.737696 -18.2497  0.68958
0.738129 -18.2257 0.690013
0.738563 -18.2018 0.690447
0.738996 -18.1778  0.69088
 0.73943  -18.154 0.691314
0.739863 -18.1301 0.691314
0.740297 -18.1063 0.691747
 0.74073 -18.0826 0.692181
0.741164 -18.0589 0.692614
0.741597 -18.0352 0.692614
0.742031 -18.0116 0.693048
0.742464  -17.988 0.693481
0.742898 -17.9644 0.693915
0.743331 -17.9409 0.694348
0.743765 -17.9175 0.694348
0.744198  -17.894 0.694782
0.744632 -17.8706 0.695215
0.745065 -17.8473 0.695649
0.745498  -17.824 0.695649
0.745932 -17.8007 0.696082
0.746365 -17.7775 0.696516
0.746799 -17.7543 0.696949
0.747232 -17.7312 0.697382
0.747666 -17.7081 0.697382
0.748099  -17.685 0.697816
0.748533  -17.662 0.698249
0.748966  -17.639 0.698683
  0.7494 -17.6161 0.698683
0.749833 -17.5932 0.699116
0.750267 -17.5703  0.69955
  0.7507 -17.5475 0.699983
0.751134 -17.5247 0.699983
0.751567  -17.502 0.700417
0.752001 -17.4793  0.70085
0.752434 -17.4566 0.701284
0.752868  -17.434 0.701717
0.753301 -17.4114 0.701717
0.753735 -17.3889 0.702151
0.754168 -17.3664 0.702584
0.754602 -17.3439 0.703018
0.755035 -17.3215 0.703451
0.755468 -17.2991 0.703451
0.755902 -17.2767 0.703885
0.756335 -17.2544 0.704318
0.756769 -17.2321 0.704752
0.757202 -17.2099 0.704752
0.757636 -17.1877 0.705185
0.758069 -17.1655 0.705619
0.758503 -17.1434 0.706052
0.758936 -17.1213 0.706485
 0.75937 -17.0993 0.706485
0.759803 -17.0773 0.706919
0.760237 -17.0553 0.707352
 0.76067 -17.0334 0.707786
0.761104 -17.0115 0.707786
0.761537 -16.9896 0.708219
0.761971 -16.9678 0.708653
0.762404  -16.946 0.709086
0.762838 -16.9243  0.70952
0.763271 -16.9026  0.70952
0.763705 -16.8809 0.709953
0.764138 -16.8592 0.710387
0.764572 -16.8377  0.71082
0.765005 -16.8161  0.71082
0.765438 -16.7946 0.711254
0.765872 -16.7731 0.711687
0.766305 -16.7516 0.712121
0.766739 -16.7302 0.712121
0.767172 -16.7088 0.712554
0.767606 -16.6875 0.712988
0.768039 -16.6662 0.713421
0.768473 -16.6449 0.713855
0.768906 -16.6237 0.713855
 0.76934 -16.6025 0.714288
0.769773 -16.5813 0.714722
0.770207 -16.5602 0.715155
 0.77064 -16.5391 0.715155
0.771074 -16.5181 0.715589
0.771507  -16.497 0.716022
0.771941 -16.4761 0.716455
0.772374 -16.4551 0.716889
0.772808 -16.4342 0.716889
0.773241 -16.4133 0.717322
0.773675 -16.3925 0.717756
0.774108 -16.3717 0.718189
0.774542 -16.3509 0.718189
0.774975 -16.3302 0.718623
0.775408 -16.3095 0.719056
0.775842 -16.2888  0.71949
0.776275 -16.2682 0.719923
0.776709 -16.2476 0.719923
0.777142  -16.227 0.720357
0.777576 -16.2065  0.72079
0.778009  -16.186 0.721224
0.778443 -16.1656 0.721224
0.778876 -16.1451 0.721657
 0.77931 -16.1247 0.722091
0.779743 -16.1044 0.722524
0.780177 -16.0841 0.722958
 0.78061 -16.0638 0.722958
0.781044 -16.0435 0.723391
0.781477 -16.0233 0.723825
0.781911 -16.0031 0.724258
0.782344  -15.983 0.724258
0.782778 -15.9629 0.724692
0.783211 -15.9428 0.725125
0.783645 -15.9227 0.725559
0.784078 -15.9027 0.725992
0.784512 -15.8827 0.725992
0.784945 -15.8628 0.726425
0.785378 -15.8429 0.726859
0.785812  -15.823 0.727292
0.786245 -15.8032 0.727292
0.786679 -15.7833 0.727726
0.787112 -15.7636 0.728159
0.787546 -15.7438 0.728593
0.787979 -15.7241 0.729026
0.788413 -15.7044 0.729026
0.788846 -15.6848  0.72946
 0.78928 -15.6651 0.729893
0.789713 -15.6456 0.730327
0.790147  -15.626 0.730327
 0.79058 -15.6065  0.73076
0.791014  -15.587 0.731194
0.791447 -15.5675 0.731627
0.791881 -15.5481 0.732061
0.792314 -15.5287 0.732061
0.792748 -15.5094 0.732494
0.793181   -15.49 0.732928
0.793615 -15.4708 0.733361
0.794048 -15.4515 0.733361
0.794481 -15.4323 0.733795
0.794915 -15.4131 0.734228
0.795348 -15.3939 0.734662
0.795782 -15.3748 0.735095
0.796215 -15.3557 0.735095
0.796649 -15.3366 0.735529
0.797082 -15.3175 0.735962
0.797516 -15.2985 0.736395
0.797949 -15.2796 0.736395
0.798383 -15.2606 0.736829
0.798816 -15.2417 0.737262
 0.79925 -15.2228 0.737696
0.799683  -15.204 0.737696
0.800117 -15.1851 0.738129
 0.80055 -15.1663 0.738563
0.800984 -15.1476 0.738996
0.801417 -15.1289  0.73943
0.801851 -15.1102  0.73943
0.802284 -15.0915 0.739863
0.802718 -15.0729 0.740297
0.803151 -15.0543  0.74073
0.803585 -15.0357  0.74073
0.804018 -15.0171 0.741164
0.804451 -14.9986 0.741597
0.804885 -14.9801 0.742031
0.805318 -14.9617 0.742464
0.805752 -14.9433 0.742464
0.806185 -14.9249 0.742898
0.806619 -14.9065 0.743331
0.807052 -14.8882 0.743765
0.807486 -14.8699 0.743765
0.807919 -14.8516 0.744198
0.808353 -14.8333 0.744632
0.808786 -14.8151 0.745065
 0.80922  -14.797 0.745498
0.809653 -14.7788 0.745498
0.810087 -14.7607 0.745932
 0.81052 -14.7426 0.746365
0.810954 -14.7245 0.746799
0.811387 -14.7065 0.746799
0.811821 -14.6885 0.747232
0.812254 -14.6705 0.747666
0.812688 -14.6525 0.748099
0.813121 -14.6346 0.748099
0.813555 -14.6167 0.748533
0.813988 -14.5989 0.748966
0.814421  -14.581   0.7494
0.814855 -14.5632 0.749833
0.815288 -14.5455 0.749833
0.815722 -14.5277 0.750267
0.816155   -14.51   0.7507
0.816589 -14.4923 0.751134
0.817022 -14.4747 0.751134
0.817456  -14.457 0.751567
0.817889 -14.4394 0.752001
0.818323 -14.4218 0.752434
0.818756 -14.4043 0.752868
 0.81919 -14.3868 0.752868
0.819623 -14.3693 0.753301
0.820057 -14.3518 0.753735
 0.82049 -14.3344 0.754168
0.820924  -14.317 0.754168
0.821357 -14.2996 0.754602
0.821791 -14.2823 0.755035
0.822224  -14.265 0.755468
0.822658 -14.2477 0.755902
0.823091 -14.2304 0.755902
0.823525 -14.2132 0.756335
0.823958 -14.1959 0.756769
0.824391 -14.1788 0.757202
0.824825 -14.1616 0.757202
0.825258 -14.1445 0.757636
0.825692 -14.1274 0.758069
0.826125 -14.1103 0.758503
0.826559 -14.0933 0.758936
0.826992 -14.0763 0.758936
0.827426 -14.0593  0.75937
0.827859 -14.0423 0.759803
0.828293 -14.0254 0.760237
0.828726 -14.0085 0.760237
 0.82916 -13.9916  0.76067
0.829593 -13.9747 0.761104
0.830027 -13.9579 0.761537
 0.83046 -13.9411 0.761537
0.830894 -13.9243 0.761971
0.831327 -13.9076 0.762404
0.831761 -13.8909 0.762838
0.832194 -13.8742 0.763271
0.832628 -13.8575 0.763271
0.833061 -13.8409 0.763705
0.833494 -13.8243 0.764138
0.833928 -13.8077 0.764572
0.834361 -13.7911 0.764572
0.834795 -13.7746 0.765005
0.835228 -13.7581 0.765438
0.835662 -13.7416 0.765872
0.836095 -13.7251 0.766305
0.836529 -13.7087 0.766305
0.836962 -13.6923 0.766739
0.837396 -13.6759 0.767172
0.837829 -13.6596 0.767606
0.838263 -13.6433 0.767606
0.838696  -13.627 0.768039
 0.83913 -13.6107 0.768473
0.839563 -13.5944 0.768906
0.839997 -13.5782 0.768906
 0.84043  -13.562  0.76934
0.840864 -13.5459 0.769773
0.841297 -13.5297 0.770207
0.841731 -13.5136  0.77064
0.842164 -13.4975  0.77064
0.842598 -13.4814 0.771074
0.843031 -13.4654 0.771507
0.843464 -13.4494 0.771941
0.843898 -13.4334 0.771941
0.844331 -13.4174 0.772374
0.844765 -13.4015 0.772808
0.845198 -13.3856 0.773241
0.845632 -13.3697 0.773675
0.846065 -13.3538 0.773675
0.846499  -13.338 0.774108
0.846932 -13.3221 0.774542
0.847366 -13.3064 0.774975
0.847799 -13.2906 0.774975
0.848233 -13.2748 0.775408
0.848666 -13.2591 0.775842
  0.8491 -13.2434 0.776275
0.849533 -13.2278 0.776709
0.849967 -13.2121 0.776709
  0.8504 -13.1965 0.777142
0.850834 -13.1809 0.777576
0.851267 -13.1653 0.778009
0.851701 -13.1498 0.778009
0.852134 -13.1343 0.778443
0.852568 -13.1188 0.778876
0.853001 -13.1033  0.77931
0.853434 -13.0879  0.77931
0.853868 -13.0724 0.779743
0.854301  -13.057 0.780177
0.854735 -13.0417  0.78061
0.855168 -13.0263 0.781044
0.855602  -13.011 0.781044
0.856035 -12.9957 0.781477
0.856469 -12.9804 0.781911
0.856902 -12.9651 0.782344
0.857336 -12.9499 0.782344
0.857769 -12.9347 0.782778
0.858203 -12.9195 0.783211
0.858636 -12.9044 0.783645
 0.85907 -12.8892 0.784078
0.859503 -12.8741 0.784078
0.859937  -12.859 0.784512
 0.86037 -12.8439 0.784945
0.860804 -12.8289 0.785378
0.861237 -12.8139 0.785378
0.861671 -12.7989 0.785812
0.862104 -12.7839 0.786245
0.862538  -12.769 0.786679
0.862971  -12.754 0.786679
0.863404 -12.7391 0.787112
0.863838 -12.7242 0.787546
0.864271 -12.7094 0.787979
0.864705 -12.6946 0.788413
0.865138 -12.6797 0.788413
0.865572  -12.665 0.788846
0.866005 -12.6502  0.78928
0.866439 -12.6354 0.789713
0.866872 -12.6207 0.789713
0.867306  -12.606 0.790147
0.867739 -12.5914  0.79058
0.868173 -12.5767 0.791014
0.868606 -12.5621 0.791447
 0.86904 -12.5475 0.791447
0.869473 -12.5329 0.791881
0.869907 -12.5183 0.792314
 0.87034 -12.5038 0.792748
0.870774 -12.4893 0.792748
0.871207 -12.4748 0.793181
0.871641 -12.4603 0.793615
0.872074 -12.4458 0.794048
0.872508 -12.4314 0.794048
0.872941  -12.417 0.794481
0.873374 -12.4026 0.794915
0.873808 -12.3883 0.795348
0.874241 -12.3739 0.795782
0.874675 -12.3596 0.795782
0.875108 -12.3453 0.796215
0.875542  -12.331 0.796649
0.875975 -12.3168 0.797082
0.876409 -12.3026 0.797082
0.876842 -12.2883 0.797516
0.877276 -12.2741 0.797949
0.877709   -12.26 0.798383
0.878143 -12.2458 0.798383
0.878576 -12.2317 0.798816
 0.87901 -12.2176  0.79925
0.879443 -12.2035 0.799683
0.879877 -12.1895 0.800117
 0.88031 -12.1755 0.800117
0.880744 -12.1614  0.80055
0.881177 -12.1474 0.800984
0.881611 -12.1335 0.801417
0.882044 -12.1195 0.801417
0.882477 -12.1056 0.801851
0.882911 -12.0917 0.802284
0.883344 -12.0778 0.802718
0.883778 -12.0639 0.803151
0.884211 -12.0501 0.803151
0.884645 -12.0363 0.803585
0.885078 -12.0225 0.804018
0.885512 -12.0087 0.804451
0.885945 -11.9949 0.804451
0.886379 -11.9812 0.804885
0.886812 -11.9675 0.805318
0.887246 -11.9538 0.805752
0.887679 -11.9401 0.806185
0.888113 -11.9264 0.806185
0.888546 -11.9128 0.806619
 0.88898 -11.8992 0.807052
0.889413 -11.8856 0.807486
0.889847  -11.872 0.807486
 0.89028 -11.8584 0.807919
0.890714 -11.8449 0.808353
0.891147 -11.8314 0.808786
0.891581 -11.8179 0.808786
0.892014 -11.8044  0.80922
0.892447  -11.791 0.809653
0.892881 -11.7776 0.810087
0.893314 -11.7641  0.81052
0.893748 -11.7508  0.81052
0.894181 -11.7374 0.810954
0.894615  -11.724 0.811387
0.895048 -11.7107 0.811821
0.895482 -11.6974 0.811821
0.895915 -11.6841 0.812254
0.896349 -11.6708 0.812688
0.896782 -11.6576 0.813121
0.897216 -11.6444 0.813121
0.897649 -11.6311 0.813555
0.898083 -11.6179 0.813988
0.898516 -11.6048 0.814421
 0.89895 -11.5916 0.814855
0.899383 -11.5785 0.814855
0.899817 -11.5654 0.815288
 0.90025 -11.5523 0.815722
0.900684 -11.5392 0.816155
0.901117 -11.5262 0.816155
0.901551 -11.5131 0.816589
0.901984 -11.5001 0.817022
0.902417 -11.4871 0.817456
0.902851 -11.4742 0.817456
0.903284 -11.4612 0.817889
0.903718 -11.4483 0.818323
0.904151 -11.4353 0.818756
0.904585 -11.4224  0.81919
0.905018 -11.4096  0.81919
0.905452 -11.3967 0.819623
0.905885 -11.3839 0.820057
0.906319  -11.371  0.82049
0.906752 -11.3582  0.82049
0.907186 -11.3455 0.820924
0.907619 -11.3327 0.821357
0.908053   -11.32 0.821791
0.908486 -11.3072 0.822224
 0.90892 -11.2945 0.822224
0.909353 -11.2818 0.822658
0.909787 -11.2692 0.823091
 0.91022 -11.2565 0.823525
0.910654 -11.2439 0.823525
0.911087 -11.2313 0.823958
0.911521 -11.2187 0.824391
0.911954 -11.2061 0.824825
0.912387 -11.1935 0.824825
0.912821  -11.181 0.825258
0.913254 -11.1685 0.825692
0.913688  -11.156 0.826125
0.914121 -11.1435 0.826559
0.914555  -11.131 0.826559
0.914988 -11.1186 0.826992
0.915422 -11.1062 0.827426
0.915855 -11.0938 0.827859
0.916289 -11.0814 0.827859
0.916722  -11.069 0.828293
0.917156 -11.0566 0.828726
0.917589 -11.0443  0.82916
0.918023  -11.032  0.82916
0.918456 -11.0197 0.829593
 0.91889 -11.0074 0.830027
0.919323 -10.9951  0.83046
0.919757 -10.9829 0.830894
 0.92019 -10.9707 0.830894
0.920624 -10.9585 0.831327
0.921057 -10.9463 0.831761
 0.92149 -10.9341 0.832194
0.921924 -10.9219 0.832194
0.922357 -10.9098 0.832628
0.922791 -10.8977 0.833061
0.923224 -10.8856 0.833494
0.923658 -10.8735 0.833494
0.924091 -10.8614 0.833928
0.924525 -10.8494 0.834361
0.924958 -10.8374 0.834795
0.925392 -10.8254 0.835228
0.925825 -10.8134 0.835228
0.926259 -10.8014 0.835662
0.926692 -10.7894 0.836095
0.927126 -10.7775 0.836529
0.927559 -10.7655 0.836529
0.927993 -10.7536 0.836962
0.928426 -10.7417 0.837396
 0.92886 -10.7299 0.837829
0.929293  -10.718 0.837829
0.929727 -10.7062 0.838263
 0.93016 -10.6944 0.838696
0.930594 -10.6826  0.83913
0.931027 -10.6708 0.839563
 0.93146  -10.659 0.839563
0.931894 -10.6473 0.839997
0.932327 -10.6355  0.84043
0.932761 -10.6238 0.840864
0.933194 -10.6121 0.840864
0.933628 -10.6004 0.841297
0.934061 -10.5887 0.841731
0.934495 -10.5771 0.842164
0.934928 -10.5655 0.842164
0.935362 -10.5538 0.842598
0.935795 -10.5422 0.843031
0.936229 -10.5307 0.843464
0.936662 -10.5191 0.843898
0.937096 -10.5076 0.843898
0.937529  -10.496 0.844331
0.937963 -10.4845 0.844765
0.938396  -10.473 0.845198
 0.93883 -10.4615 0.845198
0.939263 -10.4501 0.845632
0.939697 -10.4386 0.846065
 0.94013 -10.4272 0.846499
0.940564 -10.4158 0.846932
0.940997 -10.4044 0.846932
 0.94143  -10.393 0.847366
0.941864 -10.3816 0.847799
0.942297 -10.3703 0.848233
0.942731 -10.3589 0.848233
0.943164 -10.3476 0.848666
0.943598 -10.3363   0.8491
0.944031  -10.325 0.849533
0.944465 -10.3138 0.849967
0.944898 -10.3025 0.849967
0.945332 -10.2913   0.8504
0.945765 -10.2801 0.850834
0.946199 -10.2689 0.851267
0.946632 -10.2577 0.851267
0.947066 -10.2465 0.851701
0.947499 -10.2353 0.852134
0.947933 -10.2242 0.852568
0.948366 -10.2131 0.852568
  0.9488  -10.202 0.853001
0.949233 -10.1909 0.853434
0.949667 -10.1798 0.853868
  0.9501 -10.1688 0.853868
0.950534 -10.1577 0.854301
0.950967 -10.1467 0.854735
  0.9514 -10.1357 0.855168
0.951834 -10.1247 0.855602
0.952267 -10.1137 0.855602
0.952701 -10.1027 0.856035
0.953134 -10.0918 0.856469
0.953568 -10.0808 0.856902
0.954001 -10.0699 0.856902
0.954435  -10.059 0.857336
0.954868 -10.0481 0.857769
0.955302 -10.0373 0.858203
0.955735 -10.0264 0.858203
0.956169 -10.0156 0.858636
0.956602 -10.0048  0.85907
0.957036 -9.99394 0.859503
0.957469 -9.98316 0.859937
0.957903 -9.97238 0.859937
0.958336 -9.96161  0.86037
 0.95877 -9.95086 0.860804
0.959203 -9.94014 0.861237
0.959637 -9.92942 0.861237
 0.96007 -9.91872 0.861671
0.960504 -9.90803 0.862104
0.960937 -9.89736 0.862538
 0.96137 -9.88671 0.862538
0.961804 -9.87607 0.862971
0.962237 -9.86544 0.863404
0.962671 -9.85483 0.863838
0.963104 -9.84424 0.864271
0.963538 -9.83366 0.864271
0.963971 -9.82309 0.864705
0.964405 -9.81254 0.865138
0.964838 -9.80201 0.865572
0.965272 -9.79149 0.865572
0.965705 -9.78098 0.866005
0.966139 -9.77049 0.866439
0.966572 -9.76001 0.866872
0.967006 -9.74956 0.867306
0.967439 -9.73911 0.867306
0.967873 -9.72867 0.867739
0.968306 -9.71826 0.868173
 0.96874 -9.70786 0.868606
0.969173 -9.69747 0.868606
0.969607  -9.6871  0.86904
 0.97004 -9.67674 0.869473
0.970473  -9.6664 0.869907
0.970907 -9.65607 0.869907
 0.97134 -9.64576  0.87034
0.971774 -9.63545 0.870774
0.972207 -9.62517 0.871207
0.972641 -9.61491 0.871641
0.973074 -9.60465 0.871641
0.973508  -9.5944 0.872074
0.973941 -9.58418 0.872508
0.974375 -9.57397 0.872941
0.974808 -9.56377 0.872941
0.975242 -9.55358 0.873374
0.975675 -9.54341 0.873808
0.976109 -9.53326 0.874241
0.976542 -9.52312 0.874241
0.976976 -9.51299 0.874675
0.977409 -9.50288 0.875108
0.977843 -9.49278 0.875542
0.978276  -9.4827 0.875542
 0.97871 -9.47263 0.875975
0.979143 -9.46257 0.876409
0.979577 -9.45253 0.876842
 0.98001  -9.4425 0.877276
0.980443 -9.43249 0.877276
0.980877 -9.42249 0.877709
 0.98131  -9.4125 0.878143
0.981744 -9.40253 0.878576
0.982177 -9.39257 0.878576
0.982611 -9.38263  0.87901
0.983044  -9.3727 0.879443
0.983478 -9.36278 0.879877
0.983911 -9.35288 0.879877
0.984345 -9.34299  0.88031
0.984778 -9.33311 0.880744
0.985212 -9.32325 0.881177
0.985645 -9.31341 0.881611
0.986079 -9.30358 0.881611
0.986512 -9.29375 0.882044
0.986946 -9.28395 0.882477
0.987379 -9.27416 0.882911
0.987813 -9.26438 0.882911
0.988246 -9.25461 0.883344
 0.98868 -9.24486 0.883778
0.989113 -9.23512 0.884211
0.989547  -9.2254 0.884211
 0.98998 -9.21569 0.884645
0.990413 -9.20599 0.885078
0.990847  -9.1963 0.885512
 0.99128 -9.18664 0.885945
0.991714 -9.17698 0.885945
0.992147 -9.16733 0.886379
0.992581  -9.1577 0.886812
0.993014 -9.14809 0.887246
0.993448 -9.13848 0.887246
0.993881 -9.12889 0.887679
0.994315 -9.11931 0.888113
0.994748 -9.10975 0.888546
0.995182  -9.1002 0.888546
0.995615 -9.09066  0.88898
0.996049 -9.08113 0.889413
0.996482 -9.07162 0.889847
0.996916 -9.06213  0.89028
0.997349 -9.05264  0.89028
0.997783 -9.04317 0.890714
0.998216 -9.03371 0.891147
 0.99865 -9.02427 0.891581
0.999083 -9.01483 0.891581
0.999517 -9.00541 0.892014
 0.99995   -8.996 0.892447
 1.00038 -8.98661 0.892881
 1.00082 -8.97723 0.892881
 1.00125 -8.96786 0.893314
 1.00168 -8.95851 0.893748
 1.00212 -8.94916 0.894181
 1.00255 -8.93984 0.894615
 1.00298 -8.93052 0.894615
 1.00342 -8.92121 0.895048
 1.00385 -8.91192 0.895482
 1.00428 -8.90265 0.895915
 1.00472 -8.89338 0.895915
 1.00515 -8.88413 0.896349
 1.00559 -8.87489 0.896782
 1.00602 -8.86566 0.897216
 1.00645 -8.85645 0.897216
 1.00689 -8.84724 0.897649
 1.00732 -8.83805 0.898083
 1.00775 -8.82888 0.898516
 1.00819 -8.81972  0.89895
 1.00862 -8.81056  0.89895
 1.00905 -8.80142 0.899383
 1.00949 -8.79229 0.899817
 1.00992 -8.78318  0.90025
 1.01035 -8.77408  0.90025
 1.01079 -8.76499 0.900684
 1.01122 -8.75591 0.901117
 1.01165 -8.74685 0.901551
 1.01209  -8.7378 0.901551
 1.01252 -8.72875 0.901984
 1.01295 -8.71972 0.902417
 1.01339 -8.71071 0.902851
 1.01382 -8.70171 0.903284
 1.01425 -8.69272 0.903284
 1.01469 -8.68374 0.903718
 1.01512 -8.67477 0.904151
 1.01556 -8.66582 0.904585
 1.01599 -8.65688 0.904585
 1.01642 -8.64794 0.905018
 1.01686 -8.63903 0.905452
 1.01729 -8.63012 0.905885
 1.01772 -8.62123 0.905885
 1.01816 -8.61235 0.906319
 1.01859 -8.60348 0.906752
 1.01902 -8.59462 0.907186
 1.01946 -8.58578 0.907186
 1.01989 -8.57694 0.907619
 1.02032 -8.56812 0.908053
 1.02076 -8.55931 0.908486
 1.02119 -8.55052  0.90892
 1.02162 -8.54173  0.90892
 1.02206 -8.53295 0.909353
 1.02249 -8.52419 0.909787
 1.02292 -8.51545  0.91022
 1.02336 -8.50671  0.91022
 1.02379 -8.49798 0.910654
 1.02422 -8.48926 0.911087
 1.02466 -8.48056 0.911521
 1.02509 -8.47187 0.911954
 1.02553 -8.46319 0.911954
 1.02596 -8.45452 0.912387
 1.02639 -8.44587 0.912821
 1.02683 -8.43723 0.913254
 1.02726 -8.42859 0.913254
 1.02769 -8.41997 0.913688
 1.02813 -8.41136 0.914121
 1.02856 -8.40276 0.914555
 1.02899 -8.39418 0.914555
 1.02943  -8.3856 0.914988
 1.02986 -8.37704 0.915422
 1.03029 -8.36849 0.915855
 1.03073 -8.35995 0.915855
 1.03116 -8.35142 0.916289
 1.03159  -8.3429 0.916722
 1.03203  -8.3344 0.917156
 1.03246 -8.32591 0.917589
 1.03289 -8.31742 0.917589
 1.03333 -8.30895 0.918023
 1.03376 -8.30049 0.918456
 1.03419 -8.29204  0.91889
 1.03463  -8.2836  0.91889
 1.03506 -8.27518 0.919323
  1.0355 -8.26676 0.919757
 1.03593 -8.25836  0.92019
 1.03636 -8.24997  0.92019
  1.0368 -8.24159 0.920624
 1.03723 -8.23322 0.921057
 1.03766 -8.22486  0.92149
  1.0381 -8.21651  0.92149
 1.03853 -8.20817 0.921924
 1.03896 -8.19985 0.922357
  1.0394 -8.19153 0.922791
 1.03983 -8.18323 0.923224
 1.04026 -8.17494 0.923224
  1.0407 -8.16666 0.923658
 1.04113 -8.15839 0.924091
 1.04156 -8.15013 0.924525
   1.042 -8.14189 0.924525
 1.04243 -8.13365 0.924958
 1.04286 -8.12542 0.925392
  1.0433 -8.11721 0.925825
 1.04373 -8.10901 0.926259
 1.04416 -8.10081 0.926259
  1.0446 -8.09262 0.926692
 1.04503 -8.08446 0.927126
 1.04547  -8.0763 0.927559
  1.0459 -8.06815 0.927559
 1.04633 -8.06001 0.927993
 1.04677 -8.05188 0.928426
  1.0472 -8.04376  0.92886
 1.04763 -8.03566  0.92886
 1.04807 -8.02756 0.929293
  1.0485 -8.01948 0.929727
 1.04893  -8.0114  0.93016
 1.04937 -8.00334 0.930594
  1.0498 -7.99528 0.930594
 1.05023 -7.98724 0.931027
 1.05067 -7.97921  0.93146
  1.0511 -7.97119 0.931894
 1.05153 -7.96318 0.931894
 1.05197 -7.95518 0.932327
  1.0524  -7.9472 0.932761
 1.05283 -7.93922 0.933194
 1.05327 -7.93125 0.933194
  1.0537 -7.92329 0.933628
 1.05413 -7.91534 0.934061
 1.05457 -7.90741 0.934495
   1.055 -7.89948 0.934495
 1.05544 -7.89156 0.934928
 1.05587 -7.88366 0.935362
  1.0563 -7.87577 0.935795
 1.05674 -7.86788 0.936229
 1.05717 -7.86001 0.936229
  1.0576 -7.85214 0.936662
 1.05804 -7.84429 0.937096
 1.05847 -7.83645 0.937529
  1.0589 -7.82862 0.937529
 1.05934 -7.82079 0.937963
 1.05977 -7.81298 0.938396
  1.0602 -7.80518  0.93883
 1.06064 -7.79739  0.93883
 1.06107 -7.78961 0.939263
  1.0615 -7.78184 0.939697
 1.06194 -7.77408  0.94013
 1.06237 -7.76633  0.94013
  1.0628 -7.75859 0.940564
 1.06324 -7.75086 0.940997
 1.06367 -7.74314  0.94143
  1.0641 -7.73543 0.941864
 1.06454 -7.72773 0.941864
 1.06497 -7.72004 0.942297
 1.06541 -7.71236 0.942731
 1.06584 -7.70469 0.943164
 1.06627 -7.69703 0.943164
 1.06671 -7.68938 0.943598
 1.06714 -7.68174 0.944031
 1.06757 -7.67411 0.944465
 1.06801 -7.66649 0.944465
 1.06844 -7.65888 0.944898
 1.06887 -7.65128 0.945332
 1.06931 -7.64369 0.945765
 1.06974 -7.63611 0.945765
 1.07017 -7.62854 0.946199
 1.07061 -7.62098 0.946632
 1.07104 -7.61343 0.947066
 1.07147 -7.60589 0.947499
 1.07191 -7.59836 0.947499
 1.07234 -7.59084 0.947933
 1.07277 -7.58333 0.948366
 1.07321 -7.57583   0.9488
 1.07364 -7.56834   0.9488
 1.07407 -7.56085 0.949233
 1.07451 -7.55338 0.949667
 1.07494 -7.54592   0.9501
 1.07538 -7.53847   0.9501
 1.07581 -7.53103 0.950534
 1.07624 -7.52359 0.950967
 1.07668 -7.51617   0.9514
 1.07711 -7.50876   0.9514
 1.07754 -7.50135 0.951834
 1.07798 -7.49395 0.952267
 1.07841 -7.48657 0.952701
 1.07884  -7.4792 0.953134
 1.07928 -7.47183 0.953134
 1.07971 -7.46447 0.953568
 1.08014 -7.45712 0.954001
 1.08058 -7.44979 0.954435
 1.08101 -7.44246 0.954435
 1.08144 -7.43514 0.954868
 1.08188 -7.42783 0.955302
 1.08231 -7.42053 0.955735
 1.08274 -7.41325 0.955735
 1.08318 -7.40596 0.956169
 1.08361 -7.39869 0.956602
 1.08404 -7.39143 0.957036
 1.08448 -7.38418 0.957469
 1.08491 -7.37693 0.957469
 1.08535  -7.3697 0.957903
 1.08578 -7.36247 0.958336
 1.08621 -7.35526  0.95877
 1.08665 -7.34806  0.95877
 1.08708 -7.34086 0.959203
 1.08751 -7.33367 0.959637
 1.08795 -7.32649  0.96007
 1.08838 -7.31932  0.96007
 1.08881 -7.31216 0.960504
 1.08925 -7.30501 0.960937
 1.08968 -7.29787  0.96137
 1.09011 -7.29074 0.961804
 1.09055 -7.28362 0.961804
 1.09098  -7.2765 0.962237
 1.09141  -7.2694 0.962671
 1.09185  -7.2623 0.963104
 1.09228 -7.25522 0.963104
 1.09271 -7.24814 0.963538
 1.09315 -7.24107 0.963971
 1.09358 -7.23401 0.964405
 1.09401 -7.22696 0.964405
 1.09445 -7.21992 0.964838
 1.09488 -7.21289 0.965272
 1.09532 -7.20586 0.965705
 1.09575 -7.19885 0.965705
 1.09618 -7.19184 0.966139
 1.09662 -7.18485 0.966572
 1.09705 -7.17786 0.967006
 1.09748 -7.17089 0.967439
 1.09792 -7.16391 0.967439
 1.09835 -7.15695 0.967873
 1.09878    -7.15 0.968306
 1.09922 -7.14306  0.96874
 1.09965 -7.13613  0.96874
 1.10008  -7.1292 0.969173
 1.10052 -7.12228 0.969607
 1.10095 -7.11538  0.97004
 1.10138 -7.10848  0.97004
 1.10182 -7.10159 0.970473
 1.10225 -7.09471 0.970907
 1.10268 -7.08784  0.97134
 1.10312 -7.08097 0.971774
 1.10355 -7.07412 0.971774
 1.10398 -7.06727 0.972207
 1.10442 -7.06043 0.972641
 1.10485 -7.05361 0.973074
 1.10529 -7.04679 0.973074
 1.10572 -7.03997 0.973508
 1.10615 -7.03317 0.973941
 1.10659 -7.02638 0.974375
 1.10702 -7.01959 0.974375
 1.10745 -7.01281 0.974808
 1.10789 -7.00605 0.975242
 1.10832 -6.99929 0.975675
 1.10875 -6.99254 0.975675
 1.10919 -6.98579 0.976109
 1.10962 -6.97906 0.976542
 1.11005 -6.97233 0.976976
 1.11049 -6.96562 0.976976
 1.11092 -6.95891 0.977409
 1.11135 -6.95221 0.977843
 1.11179 -6.94552 0.978276
 1.11222 -6.93884  0.97871
 1.11265 -6.93216  0.97871
 1.11309 -6.92549 0.979143
 1.11352 -6.91884 0.979577
 1.11395 -6.91219  0.98001
 1.11439 -6.90555  0.98001
 1.11482 -6.89891 0.980443
 1.11526 -6.89229 0.980877
 1.11569 -6.88567  0.98131
 1.11612 -6.87907  0.98131
 1.11656 -6.87247 0.981744
 1.11699 -6.86588 0.982177
 1.11742 -6.85929 0.982611
 1.11786 -6.85272 0.983044
 1.11829 -6.84615 0.983044
 1.11872 -6.83959 0.983478
 1.11916 -6.83305 0.983911
 1.11959 -6.82651 0.984345
 1.12002 -6.81997 0.984345
 1.12046 -6.81345 0.984778
 1.12089 -6.80693 0.985212
 1.12132 -6.80042 0.985645
 1.12176 -6.79392 0.985645
 1.12219 -6.78743 0.986079
 1.12262 -6.78095 0.986512
 1.12306 -6.77447 0.986946
 1.12349 -6.76801 0.986946
 1.12392 -6.76154 0.987379
 1.12436 -6.75509 0.987813
 1.12479 -6.74865 0.988246
 1.12523 -6.74222  0.98868
 1.12566 -6.73579  0.98868
 1.12609 -6.72937 0.989113
 1.12653 -6.72296 0.989547
 1.12696 -6.71655  0.98998
 1.12739 -6.71016  0.98998
 1.12783 -6.70377 0.990413
 1.12826 -6.69739 0.990847
 1.12869 -6.69102  0.99128
 1.12913 -6.68466  0.99128
 1.12956  -6.6783 0.991714
 1.12999 -6.67195 0.992147
 1.13043 -6.66562 0.992581
 1.13086 -6.65929 0.992581
 1.13129 -6.65296 0.993014
 1.13173 -6.64664 0.993448
 1.13216 -6.64034 0.993881
 1.13259 -6.63404 0.994315
 1.13303 -6.62775 0.994315
 1.13346 -6.62146 0.994748
 1.13389 -6.61518 0.995182
 1.13433 -6.60892 0.995615
 1.13476 -6.60266 0.995615
  1.1352  -6.5964 0.996049
 1.13563 -6.59016 0.996482
 1.13606 -6.58392 0.996916
  1.1365 -6.57769 0.996916
 1.13693 -6.57147 0.997349
 1.13736 -6.56525 0.997783
  1.1378 -6.55905 0.998216
 1.13823 -6.55285 0.998216
 1.13866 -6.54666  0.99865
  1.1391 -6.54047 0.999083
 1.13953  -6.5343 0.999517
 1.13996 -6.52813  0.99995
  1.1404 -6.52197  0.99995
 1.14083 -6.51581  1.00038
 1.14126 -6.50967  1.00082
  1.1417 -6.50353  1.00125
 1.14213  -6.4974  1.00125
 1.14256 -6.49128  1.00168
   1.143 -6.48516  1.00212
 1.14343 -6.47906  1.00255
 1.14386 -6.47296  1.00255
  1.1443 -6.46686  1.00298
 1.14473 -6.46078  1.00342
 1.14517  -6.4547  1.00385
  1.1456 -6.44864  1.00428
 1.14603 -6.44257  1.00428
 1.14647 -6.43651  1.00472
  1.1469 -6.43047  1.00515
 1.14733 -6.42443  1.00559
 1.14777  -6.4184  1.00559
  1.1482 -6.41237  1.00602
 1.14863 -6.40635  1.00645
 1.14907 -6.40034  1.00689
  1.1495 -6.39434  1.00689
 1.14993 -6.38834  1.00732
 1.15037 -6.38236  1.00775
  1.1508 -6.37638  1.00819
 1.15123 -6.37041  1.00819
 1.15167 -6.36444  1.00862
  1.1521 -6.35848  1.00905
 1.15253 -6.35253  1.00949
 1.15297 -6.34659  1.00992
  1.1534 -6.34065  1.00992
 1.15383 -6.33472  1.01035
 1.15427  -6.3288  1.01079
  1.1547 -6.32288  1.01122
 1.15514 -6.31697  1.01122
 1.15557 -6.31107  1.01165
   1.156 -6.30518  1.01209
 1.15644 -6.29929  1.01252
 1.15687 -6.29342  1.01252
  1.1573 -6.28754  1.01295
 1.15774 -6.28168  1.01339
 1.15817 -6.27582  1.01382
  1.1586 -6.26997  1.01382
 1.15904 -6.26413  1.01425
 1.15947 -6.25829  1.01469
  1.1599 -6.25246  1.01512
 1.16034 -6.24665  1.01556
 1.16077 -6.24083  1.01556
  1.1612 -6.23502  1.01599
 1.16164 -6.22922  1.01642
 1.16207 -6.22343  1.01686
  1.1625 -6.21764  1.01686
 1.16294 -6.21186  1.01729
 1.16337 -6.20609  1.01772
  1.1638 -6.20033  1.01816
 1.16424 -6.19457  1.01816
 1.16467 -6.18882  1.01859
 1.16511 -6.18307  1.01902
 1.16554 -6.17734  1.01946
 1.16597 -6.17161  1.01946
 1.16641 -6.16588  1.01989
 1.16684 -6.16017  1.02032
 1.16727 -6.15446  1.02076
 1.16771 -6.14876  1.02076
 1.16814 -6.14306  1.02119
 1.16857 -6.13737  1.02162
 1.16901 -6.13169  1.02206
 1.16944 -6.12602  1.02249
 1.16987 -6.12035  1.02249
 1.17031 -6.11469  1.02292
 1.17074 -6.10904  1.02336
 1.17117 -6.10339  1.02379
 1.17161 -6.09775  1.02379
 1.17204 -6.09212  1.02422
 1.17247 -6.08649  1.02466
 1.17291 -6.08087  1.02509
 1.17334 -6.07526  1.02509
 1.17377 -6.06965  1.02553
 1.17421 -6.06405  1.02596
 1.17464 -6.05846  1.02639
 1.17508 -6.05288  1.02639
 1.17551  -6.0473  1.02683
 1.17594 -6.04172  1.02726
 1.17638 -6.03616  1.02769
 1.17681  -6.0306  1.02813
 1.17724 -6.02505  1.02813
 1.17768  -6.0195  1.02856
 1.17811 -6.01396  1.02899
 1.17854 -6.00843  1.02943
 1.17898 -6.00291  1.02943
 1.17941 -5.99739  1.02986
 1.17984 -5.99188  1.03029
 1.18028 -5.98637  1.03073
 1.18071 -5.98087  1.03073
 1.18114 -5.97538  1.03116
 1.18158 -5.96989  1.03159
 1.18201 -5.96442  1.03203
 1.18244 -5.95895  1.03203
 1.18288 -5.95348  1.03246
 1.18331 -5.94802  1.03289
 1.18374 -5.94257  1.03333
 1.18418 -5.93712  1.03376
 1.18461 -5.93168  1.03376
 1.18505 -5.92625  1.03419
 1.18548 -5.92082  1.03463
 1.18591  -5.9154  1.03506
 1.18635 -5.90999  1.03506
 1.18678 -5.90458   1.0355
 1.18721 -5.89918  1.03593
 1.18765 -5.89379  1.03636
 1.18808  -5.8884  1.03636
 1.18851 -5.88302   1.0368
 1.18895 -5.87764  1.03723
 1.18938 -5.87228  1.03766
 1.18981 -5.86692  1.03766
 1.19025 -5.86156   1.0381
 1.19068 -5.85621  1.03853
 1.19111 -5.85087  1.03896
 1.19155 -5.84553   1.0394
 1.19198  -5.8402   1.0394
 1.19241 -5.83488  1.03983
 1.19285 -5.82956  1.04026
 1.19328 -5.82425   1.0407
 1.19371 -5.81895   1.0407
 1.19415 -5.81365  1.04113
 1.19458 -5.80836  1.04156
 1.19502 -5.80307    1.042
 1.19545 -5.79779    1.042
 1.19588 -5.79252  1.04243
 1.19632 -5.78725  1.04286
 1.19675 -5.78199   1.0433
 1.19718 -5.77674   1.0433
 1.19762 -5.77149  1.04373
 1.19805 -5.76625  1.04416
 1.19848 -5.76102   1.0446
 1.19892 -5.75579  1.04503
 1.19935 -5.75056  1.04503
 1.19978 -5.74535  1.04547
 1.20022 -5.74014   1.0459
 1.20065 -5.73493  1.04633
 1.20108 -5.72974  1.04633
 1.20152 -5.72454  1.04677
 1.20195 -5.71936   1.0472
 1.20238 -5.71418  1.04763
 1.20282 -5.70901  1.04763
 1.20325 -5.70384  1.04807
 1.20368 -5.69868   1.0485
 1.20412 -5.69352  1.04893
 1.20455 -5.68838  1.04893
 1.20498 -5.68323  1.04937
 1.20542  -5.6781   1.0498
 1.20585 -5.67296  1.05023
 1.20629 -5.66784  1.05023
 1.20672 -5.66272  1.05067
 1.20715 -5.65761   1.0511
 1.20759  -5.6525  1.05153
 1.20802  -5.6474  1.05197
 1.20845 -5.64231  1.05197
 1.20889 -5.63722   1.0524
 1.20932 -5.63214  1.05283
 1.20975 -5.62706  1.05327
 1.21019 -5.62199  1.05327
 1.21062 -5.61693   1.0537
 1.21105 -5.61187  1.05413
 1.21149 -5.60682  1.05457
 1.21192 -5.60177  1.05457
 1.21235 -5.59673    1.055
 1.21279  -5.5917  1.05544
 1.21322 -5.58667  1.05587
 1.21365 -5.58165  1.05587
 1.21409 -5.57663   1.0563
 1.21452 -5.57162  1.05674
 1.21495 -5.56661  1.05717
 1.21539 -5.56162   1.0576
 1.21582 -5.55662   1.0576
 1.21626 -5.55163  1.05804
 1.21669 -5.54665  1.05847
 1.21712 -5.54168   1.0589
 1.21756 -5.53671   1.0589
 1.21799 -5.53174  1.05934
 1.21842 -5.52679  1.05977
 1.21886 -5.52184   1.0602
 1.21929 -5.51689   1.0602
 1.21972 -5.51195  1.06064
 1.22016 -5.50701  1.06107
 1.22059 -5.50208   1.0615
 1.22102 -5.49716   1.0615
 1.22146 -5.49224  1.06194
 1.22189 -5.48733  1.06237
 1.22232 -5.48243   1.0628
 1.22276 -5.47753  1.06324
 1.22319 -5.47263  1.06324
 1.22362 -5.46774  1.06367
 1.22406 -5.46286   1.0641
 1.22449 -5.45798  1.06454
 1.22492 -5.45311  1.06454
 1.22536 -5.44824  1.06497
 1.22579 -5.44338  1.06541
 1.22623 -5.43853  1.06584
 1.22666 -5.43368  1.06584
 1.22709 -5.42884  1.06627
 1.22753   -5.424  1.06671
 1.22796 -5.41917  1.06714
 1.22839 -5.41435  1.06714
 1.22883 -5.40952  1.06757
 1.22926 -5.40471  1.06801
 1.22969  -5.3999  1.06844
 1.23013  -5.3951  1.06887
 1.23056  -5.3903  1.06887
 1.23099  -5.3855  1.06931
 1.23143 -5.38072  1.06974
 1.23186 -5.37594  1.07017
 1.23229 -5.37116  1.07017
 1.23273 -5.36639  1.07061
 1.23316 -5.36162  1.07104
 1.23359 -5.35687  1.07147
 1.23403 -5.35211  1.07147
 1.23446 -5.34736  1.07191
 1.23489 -5.34262  1.07234
 1.23533 -5.33788  1.07277
 1.23576 -5.33315  1.07277
  1.2362 -5.32843  1.07321
 1.23663 -5.32371  1.07364
 1.23706 -5.31899  1.07407
  1.2375 -5.31428  1.07407
 1.23793 -5.30958  1.07451
 1.23836 -5.30488  1.07494
  1.2388 -5.30018  1.07538
 1.23923  -5.2955  1.07581
 1.23966 -5.29081  1.07581
  1.2401 -5.28614  1.07624
 1.24053 -5.28147  1.07668
 1.24096  -5.2768  1.07711
  1.2414 -5.27214  1.07711
 1.24183 -5.26748  1.07754
 1.24226 -5.26283  1.07798
  1.2427 -5.25819  1.07841
 1.24313 -5.25355  1.07841
 1.24356 -5.24891  1.07884
   1.244 -5.24429  1.07928
 1.24443 -5.23966  1.07971
 1.24486 -5.23505  1.07971
  1.2453 -5.23043  1.08014
 1.24573 -5.22582  1.08058
 1.24617 -5.22122  1.08101
  1.2466 -5.21663  1.08101
 1.24703 -5.21203  1.08144
 1.24747 -5.20745  1.08188
  1.2479 -5.20287  1.08231
 1.24833 -5.19829  1.08274
 1.24877 -5.19372  1.08274
  1.2492 -5.18916  1.08318
 1.24963  -5.1846  1.08361
 1.25007 -5.18004  1.08404
  1.2505 -5.17549  1.08404
 1.25093 -5.17095  1.08448
 1.25137 -5.16641  1.08491
  1.2518 -5.16188  1.08535
 1.25223 -5.15735  1.08535
 1.25267 -5.15282  1.08578
  1.2531 -5.14831  1.08621
 1.25353 -5.14379  1.08665
 1.25397 -5.13929  1.08665
  1.2544 -5.13478  1.08708
 1.25483 -5.13029  1.08751
 1.25527 -5.12579  1.08795
  1.2557 -5.12131  1.08795
 1.25614 -5.11683  1.08838
 1.25657 -5.11235  1.08881
   1.257 -5.10788  1.08925
 1.25744 -5.10341  1.08968
 1.25787 -5.09895  1.08968
  1.2583 -5.09449  1.09011
 1.25874 -5.09004  1.09055
 1.25917  -5.0856  1.09098
  1.2596 -5.08116  1.09098
 1.26004 -5.07672  1.09141
 1.26047 -5.07229  1.09185
  1.2609 -5.06786  1.09228
 1.26134 -5.06344  1.09228
 1.26177 -5.05902  1.09271
  1.2622 -5.05461  1.09315
 1.26264 -5.05021  1.09358
 1.26307 -5.04581  1.09358
  1.2635 -5.04141  1.09401
 1.26394 -5.03702  1.09445
 1.26437 -5.03264  1.09488
  1.2648 -5.02826  1.09532
 1.26524 -5.02388  1.09532
 1.26567 -5.01951  1.09575
 1.26611 -5.01514  1.09618
 1.26654 -5.01078  1.09662
 1.26697 -5.00643  1.09662
 1.26741 -5.00208  1.09705
 1.26784 -4.99773  1.09748
 1.26827 -4.99339  1.09792
 1.26871 -4.98905  1.09792
 1.26914 -4.98472  1.09835
 1.26957  -4.9804  1.09878
 1.27001 -4.97607  1.09922
 1.27044 -4.97176  1.09922
 1.27087 -4.96745  1.09965
 1.27131 -4.96314  1.10008
 1.27174 -4.95884  1.10052
 1.27217 -4.95454  1.10052
 1.27261 -4.95025  1.10095
 1.27304 -4.94596  1.10138
 1.27347 -4.94168  1.10182
 1.27391  -4.9374  1.10225
 1.27434 -4.93313  1.10225
 1.27477 -4.92886  1.10268
 1.27521  -4.9246  1.10312
 1.27564 -4.92034  1.10355
 1.27608 -4.91609  1.10355
 1.27651 -4.91184  1.10398
 1.27694  -4.9076  1.10442
 1.27738 -4.90336  1.10485
 1.27781 -4.89913  1.10485
 1.27824 -4.89489  1.10529
 1.27868 -4.89067  1.10572
 1.27911 -4.88645  1.10615
 1.27954 -4.88224  1.10615
 1.27998 -4.87803  1.10659
 1.28041 -4.87382  1.10702
 1.28084 -4.86962  1.10745
 1.28128 -4.86543  1.10745
 1.28171 -4.86123  1.10789
 1.28214 -4.85705  1.10832
 1.28258 -4.85286  1.10875
 1.28301 -4.84869  1.10919
 1.28344 -4.84452  1.10919
 1.28388 -4.84035  1.10962
 1.28431 -4.83618  1.11005
 1.28474 -4.83203  1.11049
 1.28518 -4.82787  1.11049
 1.28561 -4.82372  1.11092
 1.28605 -4.81958  1.11135
 1.28648 -4.81544  1.11179
 1.28691 -4.81131  1.11179
 1.28735 -4.80717  1.11222
 1.28778 -4.80305  1.11265
 1.28821 -4.79893  1.11309
 1.28865 -4.79481  1.11309
 1.28908  -4.7907  1.11352
 1.28951 -4.78659  1.11395
 1.28995 -4.78249  1.11439
 1.29038 -4.77839  1.11482
 1.29081  -4.7743  1.11482
 1.29125 -4.77021  1.11526
 1.29168 -4.76612  1.11569
 1.29211 -4.76205  1.11612
 1.29255 -4.75797  1.11612
 1.29298  -4.7539  1.11656
 1.29341 -4.74983  1.11699
 1.29385 -4.74577  1.11742
 1.29428 -4.74171  1.11742
 1.29471 -4.73766  1.11786
 1.29515 -4.73361  1.11829
 1.29558 -4.72957  1.11872
 1.29602 -4.72553  1.11872
 1.29645  -4.7215  1.11916
 1.29688 -4.71747  1.11959
 1.29732 -4.71344  1.12002
 1.29775 -4.70942  1.12002
 1.29818  -4.7054  1.12046
 1.29862 -4.70139  1.12089
 1.29905 -4.69739  1.12132
 1.29948 -4.69338  1.12176
 1.29992 -4.68938  1.12176
 1.30035 -4.68539  1.12219
 1.30078  -4.6814  1.12262
 1.30122 -4.67742  1.12306
 1.30165 -4.67344  1.12306
 1.30208 -4.66946  1.12349
 1.30252 -4.66549  1.12392
 1.30295 -4.66152  1.12436
 1.30338 -4.65756  1.12436
 1.30382  -4.6536  1.12479
 1.30425 -4.64964  1.12523
 1.30468 -4.64569  1.12566
 1.30512 -4.64175  1.12566
 1.30555 -4.63781  1.12609
 1.30599 -4.63387  1.12653
 1.30642 -4.62994  1.12696
 1.30685 -4.62601  1.12696
 1.30729 -4.62209  1.12739
 1.30772 -4.61817  1.12783
 1.30815 -4.61425  1.12826
 1.30859 -4.61034  1.12869
 1.30902 -4.60644  1.12869
 1.30945 -4.60253  1.12913
 1.30989 -4.59864  1.12956
 1.31032 -4.59474  1.12999
 1.31075 -4.59085  1.12999
 1.31119 -4.58697  1.13043
 1.31162 -4.58309  1.13086
 1.31205 -4.57921  1.13129
 1.31249 -4.57534  1.13129
 1.31292 -4.57147  1.13173
 1.31335 -4.56761  1.13216
 1.31379 -4.56375  1.13259
 1.31422  -4.5599  1.13259
 1.31465 -4.55604  1.13303
 1.31509  -4.5522  1.13346
 1.31552 -4.54836  1.13389
 1.31596 -4.54452  1.13389
 1.31639 -4.54069  1.13433
 1.31682 -4.53686  1.13476
 1.31726 -4.53303   1.1352
 1.31769 -4.52921  1.13563
 1.31812 -4.52539  1.13563
 1.31856 -4.52158  1.13606
 1.31899 -4.51777   1.1365
 1.31942 -4.51397  1.13693
 1.31986 -4.51017  1.13693
 1.32029 -4.50637  1.13736
 1.32072 -4.50258   1.1378
 1.32116 -4.49879  1.13823
 1.32159 -4.49501  1.13823
 1.32202 -4.49123  1.13866
 1.32246 -4.48746   1.1391
 1.32289 -4.48369  1.13953
 1.32332 -4.47992  1.13953
 1.32376 -4.47616  1.13996
 1.32419  -4.4724   1.1404
 1.32462 -4.46864  1.14083
 1.32506  -4.4649  1.14083
 1.32549 -4.46115  1.14126
 1.32593 -4.45741   1.1417
 1.32636 -4.45367  1.14213
 1.32679 -4.44994  1.14256
 1.32723 -4.44621  1.14256
 1.32766 -4.44248    1.143
 1.32809 -4.43876  1.14343
 1.32853 -4.43504  1.14386
 1.32896 -4.43133  1.14386
 1.32939 -4.42762   1.1443
 1.32983 -4.42391  1.14473
 1.33026 -4.42021  1.14517
 1.33069 -4.41651  1.14517
 1.33113 -4.41282   1.1456
 1.33156 -4.40913  1.14603
 1.33199 -4.40545  1.14647
 1.33243 -4.40177  1.14647
 1.33286 -4.39809   1.1469
 1.33329 -4.39442  1.14733
 1.33373 -4.39075  1.14777
 1.33416 -4.38708  1.14777
 1.33459 -4.38342   1.1482
 1.33503 -4.37976  1.14863
 1.33546 -4.37611  1.14907
  1.3359 -4.37246   1.1495
 1.33633 -4.36882   1.1495
 1.33676 -4.36518  1.14993
  1.3372 -4.36154  1.15037
 1.33763 -4.35791   1.1508
 1.33806 -4.35428   1.1508
  1.3385 -4.35065  1.15123
 1.33893 -4.34703  1.15167
 1.33936 -4.34341   1.1521
  1.3398  -4.3398   1.1521
 1.34023 -4.33619  1.15253
 1.34066 -4.33258  1.15297
  1.3411 -4.32898   1.1534
 1.34153 -4.32539   1.1534
 1.34196 -4.32179  1.15383
  1.3424  -4.3182  1.15427
 1.34283 -4.31462   1.1547
 1.34326 -4.31103   1.1547
  1.3437 -4.30745  1.15514
 1.34413 -4.30388  1.15557
 1.34456 -4.30031    1.156
   1.345 -4.29674  1.15644
 1.34543 -4.29318  1.15644
 1.34587 -4.28962  1.15687
  1.3463 -4.28607   1.1573
 1.34673 -4.28252  1.15774
 1.34717 -4.27897  1.15774
  1.3476 -4.27542  1.15817
 1.34803 -4.27189   1.1586
 1.34847 -4.26835  1.15904
  1.3489 -4.26482  1.15904
 1.34933 -4.26129  1.15947
 1.34977 -4.25776   1.1599
  1.3502 -4.25424  1.16034
 1.35063 -4.25073  1.16034
 1.35107 -4.24721  1.16077
  1.3515  -4.2437   1.1612
 1.35193  -4.2402  1.16164
 1.35237  -4.2367  1.16164
  1.3528  -4.2332  1.16207
 1.35323  -4.2297   1.1625
 1.35367 -4.22621  1.16294
  1.3541 -4.22273  1.16337
 1.35453 -4.21924  1.16337
 1.35497 -4.21577   1.1638
  1.3554 -4.21229  1.16424
 1.35584 -4.20882  1.16467
 1.35627 -4.20535  1.16467
  1.3567 -4.20189  1.16511
 1.35714 -4.19843  1.16554
 1.35757 -4.19497  1.16597
   1.358 -4.19152  1.16597
 1.35844 -4.18807  1.16641
 1.35887 -4.18462  1.16684
  1.3593 -4.18118  1.16727
 1.35974 -4.17774  1.16727
 1.36017 -4.17431  1.16771
  1.3606 -4.17088  1.16814
 1.36104 -4.16745  1.16857
 1.36147 -4.16403  1.16857
  1.3619 -4.16061  1.16901
 1.36234 -4.15719  1.16944
 1.36277 -4.15378  1.16987
  1.3632 -4.15037  1.17031
 1.36364 -4.14696  1.17031
 1.36407 -4.14356  1.17074
  1.3645 -4.14016  1.17117
 1.36494 -4.13677  1.17161
 1.36537 -4.13338  1.17161
 1.36581 -4.12999  1.17204
 1.36624 -4.12661  1.17247
 1.36667 -4.12323  1.17291
 1.36711 -4.11985  1.17291
 1.36754 -4.11648  1.17334
 1.36797 -4.11311  1.17377
 1.36841 -4.10975  1.17421
 1.36884 -4.10638  1.17421
 1.36927 -4.10303  1.17464
 1.36971 -4.09967  1.17508
 1.37014 -4.09632  1.17551
 1.37057 -4.09297  1.17551
 1.37101 -4.08963  1.17594
 1.37144 -4.08629  1.17638
 1.37187 -4.08295  1.17681
 1.37231 -4.07962  1.17681
 1.37274 -4.07629  1.17724
 1.37317 -4.07296  1.17768
 1.37361 -4.06964  1.17811
 1.37404 -4.06632  1.17811
 1.37447 -4.06301  1.17854
 1.37491 -4.05969  1.17898
 1.37534 -4.05639  1.17941
 1.37578 -4.05308  1.17984
 1.37621 -4.04978  1.17984
 1.37664 -4.04648  1.18028
 1.37708 -4.04319  1.18071
 1.37751  -4.0399  1.18114
 1.37794 -4.03661  1.18114
 1.37838 -4.03333  1.18158
 1.37881 -4.03005  1.18201
 1.37924 -4.02677  1.18244
 1.37968  -4.0235  1.18244
 1.38011 -4.02023  1.18288
 1.38054 -4.01696  1.18331
 1.38098  -4.0137  1.18374
 1.38141 -4.01044  1.18374
 1.38184 -4.00718  1.18418
 1.38228 -4.00393  1.18461
 1.38271 -4.00068  1.18505
 1.38314 -3.99743  1.18505
 1.38358 -3.99419  1.18548
 1.38401 -3.99095  1.18591
 1.38444 -3.98772  1.18635
 1.38488 -3.98449  1.18678
 1.38531 -3.98126  1.18678
 1.38575 -3.97803  1.18721
 1.38618 -3.97481  1.18765
 1.38661 -3.97159  1.18808
 1.38705 -3.96838  1.18808
 1.38748 -3.96516  1.18851
 1.38791 -3.96196  1.18895
 1.38835 -3.95875  1.18938
 1.38878 -3.95555  1.18938
 1.38921 -3.95235  1.18981
 1.38965 -3.94916  1.19025
 1.39008 -3.94597  1.19068
 1.39051 -3.94278  1.19068
 1.39095 -3.93959  1.19111
 1.39138 -3.93641  1.19155
 1.39181 -3.93323  1.19198
 1.39225 -3.93006  1.19198
 1.39268 -3.92689  1.19241
 1.39311 -3.92372  1.19285
 1.39355 -3.92055  1.19328
 1.39398 -3.91739  1.19328
 1.39441 -3.91424  1.19371
 1.39485 -3.91108  1.19415
 1.39528 -3.90793  1.19458
 1.39572 -3.90478  1.19502
 1.39615 -3.90164  1.19502
 1.39658  -3.8985  1.19545
 1.39702 -3.89536  1.19588
 1.39745 -3.89222  1.19632
 1.39788 -3.88909  1.19632
 1.39832 -3.88596  1.19675
 1.39875 -3.88284  1.19718
 1.39918 -3.87972  1.19762
 1.39962  -3.8766  1.19762
 1.40005 -3.87348  1.19805
 1.40048 -3.87037  1.19848
 1.40092 -3.86726  1.19892
 1.40135 -3.86416  1.19892
 1.40178 -3.86106  1.19935
 1.40222 -3.85796  1.19978
 1.40265 -3.85486  1.20022
 1.40308 -3.85177  1.20022
 1.40352 -3.84868  1.20065
 1.40395 -3.84559  1.20108
 1.40438 -3.84251  1.20152
 1.40482 -3.83943  1.20195
 1.40525 -3.83636  1.20195
 1.40569 -3.83328  1.20238
 1.40612 -3.83021  1.20282
 1.40655 -3.82715  1.20325
 1.40699 -3.82408  1.20325
 1.40742 -3.82102  1.20368
 1.40785 -3.81797  1.20412
 1.40829 -3.81491  1.20455
 1.40872 -3.81186  1.20455
 1.40915 -3.80882  1.20498
 1.40959 -3.80577  1.20542
 1.41002 -3.80273  1.20585
 1.41045 -3.79969  1.20585
 1.41089 -3.79666  1.20629
 1.41132 -3.79363  1.20672
 1.41175  -3.7906  1.20715
 1.41219 -3.78757  1.20715
 1.41262 -3.78455  1.20759
 1.41305 -3.78153  1.20802
 1.41349 -3.77852  1.20845
 1.41392  -3.7755  1.20889
 1.41435 -3.77249  1.20889
 1.41479 -3.76949  1.20932
 1.41522 -3.76648  1.20975
 1.41566 -3.76348  1.21019
 1.41609 -3.76049  1.21019
 1.41652 -3.75749  1.21062
 1.41696  -3.7545  1.21105
 1.41739 -3.75152  1.21149
 1.41782 -3.74853  1.21149
 1.41826 -3.74555  1.21192
 1.41869 -3.74257  1.21235
 1.41912  -3.7396  1.21279
 1.41956 -3.73662  1.21279
 1.41999 -3.73365  1.21322
 1.42042 -3.73069  1.21365
 1.42086 -3.72772  1.21409
 1.42129 -3.72476  1.21409
 1.42172 -3.72181  1.21452
 1.42216 -3.71885  1.21495
 1.42259  -3.7159  1.21539
 1.42302 -3.71296  1.21539
 1.42346 -3.71001  1.21582
 1.42389 -3.70707  1.21626
 1.42432 -3.70413  1.21669
 1.42476  -3.7012  1.21669
 1.42519 -3.69826  1.21712
 1.42563 -3.69533  1.21756
 1.42606 -3.69241  1.21799
 1.42649 -3.68948  1.21842
 1.42693 -3.68656  1.21842
 1.42736 -3.68364  1.21886
 1.42779 -3.68073  1.21929
 1.42823 -3.67782  1.21972
 1.42866 -3.67491  1.21972
 1.42909   -3.672  1.22016
 1.42953  -3.6691  1.22059
 1.42996  -3.6662  1.22102
 1.43039 -3.66331  1.22102
 1.43083 -3.66041  1.22146
 1.43126 -3.65752  1.22189
 1.43169 -3.65464  1.22232
 1.43213 -3.65175  1.22232
 1.43256 -3.64887  1.22276
 1.43299 -3.64599  1.22319
 1.43343 -3.64312  1.22362
 1.43386 -3.64024  1.22362
 1.43429 -3.63737  1.22406
 1.43473 -3.63451  1.22449
 1.43516 -3.63164  1.22492
  1.4356 -3.62878  1.22536
 1.43603 -3.62592  1.22536
 1.43646 -3.62307  1.22579
  1.4369 -3.62022  1.22623
 1.43733 -3.61737  1.22666
 1.43776 -3.61452  1.22666
  1.4382 -3.61168  1.22709
 1.43863 -3.60884  1.22753
 1.43906   -3.606  1.22796
  1.4395 -3.60317  1.22796
 1.43993 -3.60033  1.22839
 1.44036  -3.5975  1.22883
  1.4408 -3.59468  1.22926
 1.44123 -3.59186  1.22926
 1.44166 -3.58904  1.22969
  1.4421 -3.58622  1.23013
 1.44253  -3.5834  1.23056
 1.44296 -3.58059  1.23056
  1.4434 -3.57778  1.23099
 1.44383 -3.57498  1.23143
 1.44426 -3.57218  1.23186
  1.4447 -3.56938  1.23186
 1.44513 -3.56658  1.23229
 1.44557 -3.56378  1.23273
   1.446 -3.56099  1.23316
 1.44643 -3.55821  1.23316
 1.44687 -3.55542  1.23359
  1.4473 -3.55264  1.23403
 1.44773 -3.54986  1.23446
 1.44817 -3.54708  1.23489
  1.4486  -3.5443  1.23489
 1.44903 -3.54153  1.23533
 1.44947 -3.53876  1.23576
  1.4499   -3.536   1.2362
 1.45033 -3.53324   1.2362
 1.45077 -3.53047  1.23663
  1.4512 -3.52772  1.23706
 1.45163 -3.52496   1.2375
 1.45207 -3.52221   1.2375
  1.4525 -3.51946  1.23793
 1.45293 -3.51672  1.23836
 1.45337 -3.51397   1.2388
  1.4538 -3.51123   1.2388
 1.45423 -3.50849  1.23923
 1.45467 -3.50576  1.23966
  1.4551 -3.50303   1.2401
 1.45554  -3.5003   1.2401
 1.45597 -3.49757  1.24053
  1.4564 -3.49485  1.24096
 1.45684 -3.49212   1.2414
 1.45727 -3.48941   1.2414
  1.4577 -3.48669  1.24183
 1.45814 -3.48398  1.24226
 1.45857 -3.48127   1.2427
   1.459 -3.47856  1.24313
 1.45944 -3.47585  1.24313
 1.45987 -3.47315  1.24356
  1.4603 -3.47045    1.244
 1.46074 -3.46776  1.24443
 1.46117 -3.46506  1.24443
  1.4616 -3.46237  1.24486
 1.46204 -3.45968   1.2453
 1.46247   -3.457  1.24573
  1.4629 -3.45432  1.24573
 1.46334 -3.45163  1.24617
 1.46377 -3.44896   1.2466
  1.4642 -3.44628  1.24703
 1.46464 -3.44361  1.24703
 1.46507 -3.44094  1.24747
 1.46551 -3.43827   1.2479
 1.46594 -3.43561  1.24833
 1.46637 -3.43295  1.24833
 1.46681 -3.43029  1.24877
 1.46724 -3.42763   1.2492
 1.46767 -3.42498  1.24963
 1.46811 -3.42233  1.24963
 1.46854 -3.41968  1.25007
 1.46897 -3.41704   1.2505
 1.46941 -3.41439  1.25093
 1.46984 -3.41176  1.25137
 1.47027 -3.40912  1.25137
 1.47071 -3.40648   1.2518
 1.47114 -3.40385  1.25223
 1.47157 -3.40122  1.25267
 1.47201  -3.3986  1.25267
 1.47244 -3.39597   1.2531
 1.47287 -3.39335  1.25353
 1.47331 -3.39073  1.25397
 1.47374 -3.38811  1.25397
 1.47417  -3.3855   1.2544
 1.47461 -3.38289  1.25483
 1.47504 -3.38028  1.25527
 1.47548 -3.37768  1.25527
 1.47591 -3.37507   1.2557
 1.47634 -3.37247  1.25614
 1.47678 -3.36988  1.25657
 1.47721 -3.36728  1.25657
 1.47764 -3.36469    1.257
 1.47808  -3.3621  1.25744
 1.47851 -3.35951  1.25787
 1.47894 -3.35693  1.25787
 1.47938 -3.35434   1.2583
 1.47981 -3.35176  1.25874
 1.48024 -3.34919  1.25917
 1.48068 -3.34661   1.2596
 1.48111 -3.34404   1.2596
 1.48154 -3.34147  1.26004
 1.48198  -3.3389  1.26047
 1.48241 -3.33634   1.2609
 1.48284 -3.33378   1.2609
 1.48328 -3.33122  1.26134
 1.48371 -3.32866  1.26177
 1.48414 -3.32611   1.2622
 1.48458 -3.32356   1.2622
 1.48501 -3.32101  1.26264
 1.48545 -3.31846  1.26307
 1.48588 -3.31592   1.2635
 1.48631 -3.31338   1.2635
 1.48675 -3.31084  1.26394
 1.48718  -3.3083  1.26437
 1.48761 -3.30577   1.2648
 1.48805 -3.30324   1.2648
 1.48848 -3.30071  1.26524
 1.48891 -3.29818  1.26567
 1.48935 -3.29566  1.26611
 1.48978 -3.29314  1.26611
 1.49021 -3.29062  1.26654
 1.49065  -3.2881  1.26697
 1.49108 -3.28559  1.26741
 1.49151 -3.28308  1.26784
 1.49195 -3.28057  1.26784
 1.49238 -3.27807  1.26827
 1.49281 -3.27556  1.26871
 1.49325 -3.27306  1.26914
 1.49368 -3.27056  1.26914
 1.49411 -3.26807  1.26957
 1.49455 -3.26557  1.27001
 1.49498 -3.26308  1.27044
 1.49542 -3.26059  1.27044
 1.49585 -3.25811  1.27087
 1.49628 -3.25562  1.27131
 1.49672 -3.25314  1.27174
 1.49715 -3.25066  1.27174
 1.49758 -3.24819  1.27217
 1.49802 -3.24571  1.27261
 1.49845 -3.24324  1.27304
 1.49888 -3.24077  1.27304
 1.49932 -3.23831  1.27347
 1.49975 -3.23584  1.27391
 1.50018 -3.23338  1.27434
 1.50062 -3.23092  1.27434
 1.50105 -3.22847  1.27477
 1.50148 -3.22601  1.27521
 1.50192 -3.22356  1.27564
 1.50235 -3.22111  1.27564
 1.50278 -3.21866  1.27608
 1.50322 -3.21622  1.27651
 1.50365 -3.21378  1.27694
 1.50408 -3.21134  1.27738
 1.50452  -3.2089  1.27738
 1.50495 -3.20646  1.27781
 1.50539 -3.20403  1.27824
 1.50582  -3.2016  1.27868
 1.50625 -3.19917  1.27868
 1.50669 -3.19675  1.27911
 1.50712 -3.19432  1.27954
 1.50755 -3.19191  1.27998
 1.50799 -3.18949  1.27998
 1.50842 -3.18707  1.28041
 1.50885 -3.18466  1.28084
 1.50929 -3.18225  1.28128
 1.50972 -3.17984  1.28128
 1.51015 -3.17743  1.28171
 1.51059 -3.17503  1.28214
 1.51102 -3.17263  1.28258
 1.51145 -3.17023  1.28258
 1.51189 -3.16783  1.28301
 1.51232 -3.16543  1.28344
 1.51275 -3.16304  1.28388
 1.51319 -3.16065  1.28388
 1.51362 -3.15827  1.28431
 1.51405 -3.15588  1.28474
 1.51449  -3.1535  1.28518
 1.51492 -3.15112  1.28518
 1.51536 -3.14874  1.28561
 1.51579 -3.14636  1.28605
 1.51622 -3.14399  1.28648
 1.51666 -3.14162  1.28648
 1.51709 -3.13925  1.28691
 1.51752 -3.13688  1.28735
 1.51796 -3.13452  1.28778
 1.51839 -3.13216  1.28821
 1.51882  -3.1298  1.28821
 1.51926 -3.12744  1.28865
 1.51969 -3.12509  1.28908
 1.52012 -3.12274  1.28951
 1.52056 -3.12039  1.28951
 1.52099 -3.11804  1.28995
 1.52142 -3.11569  1.29038
 1.52186 -3.11335  1.29081
 1.52229 -3.11101  1.29081
 1.52272 -3.10867  1.29125
 1.52316 -3.10633  1.29168
 1.52359   -3.104  1.29211
 1.52402 -3.10167  1.29211
 1.52446 -3.09934  1.29255
 1.52489 -3.09701  1.29298
 1.52533 -3.09468  1.29341
 1.52576 -3.09236  1.29341
 1.52619 -3.09004  1.29385
 1.52663 -3.08772  1.29428
 1.52706 -3.08541  1.29471
 1.52749 -3.08309  1.29471
 1.52793 -3.08078  1.29515
 1.52836 -3.07847  1.29558
 1.52879 -3.07617  1.29602
 1.52923 -3.07386  1.29602
 1.52966 -3.07156  1.29645
 1.53009 -3.06926  1.29688
 1.53053 -3.06696  1.29732
 1.53096 -3.06467  1.29775
 1.53139 -3.06237  1.29775
 1.53183 -3.06008  1.29818
 1.53226 -3.05779  1.29862
 1.53269  -3.0555  1.29905
 1.53313 -3.05322  1.29905
 1.53356 -3.05094  1.29948
 1.53399 -3.04866  1.29992
 1.53443 -3.04638  1.30035
 1.53486  -3.0441  1.30035
  1.5353 -3.04183  1.30078
 1.53573 -3.03956  1.30122
 1.53616 -3.03729  1.30165
  1.5366 -3.03502  1.30165
 1.53703 -3.03276  1.30208
 1.53746  -3.0305  1.30252
  1.5379 -3.02824  1.30295
 1.53833 -3.02598  1.30295
 1.53876 -3.02372  1.30338
  1.5392 -3.02147  1.30382
 1.53963 -3.01922  1.30425
 1.54006 -3.01697  1.30425
  1.5405 -3.01472  1.30468
 1.54093 -3.01247  1.30512
 1.54136 -3.01023  1.30555
  1.5418 -3.00799  1.30599
 1.54223 -3.00575  1.30599
 1.54266 -3.00352  1.30642
  1.5431 -3.00128  1.30685
 1.54353 -2.99905  1.30729
 1.54396 -2.99682  1.30729
  1.5444 -2.99459  1.30772
 1.54483 -2.99237  1.30815
 1.54527 -2.99014  1.30859
  1.5457 -2.98792  1.30859
 1.54613  -2.9857  1.30902
 1.54657 -2.98349  1.30945
   1.547 -2.98127  1.30989
 1.54743 -2.97906  1.30989
 1.54787 -2.97685  1.31032
  1.5483 -2.97464  1.31075
 1.54873 -2.97244  1.31119
 1.54917 -2.97023  1.31119
  1.5496 -2.96803  1.31162
 1.55003 -2.96583  1.31205
 1.55047 -2.96363  1.31249
  1.5509 -2.96144  1.31292
 1.55133 -2.95924  1.31292
 1.55177 -2.95705  1.31335
  1.5522 -2.95486  1.31379
 1.55263 -2.95267  1.31422
 1.55307 -2.95049  1.31422
  1.5535 -2.94831  1.31465
 1.55393 -2.94613  1.31509
 1.55437 -2.94395  1.31552
  1.5548 -2.94177  1.31552
 1.55524  -2.9396  1.31596
 1.55567 -2.93742  1.31639
  1.5561 -2.93525  1.31682
 1.55654 -2.93308  1.31682
 1.55697 -2.93092  1.31726
  1.5574 -2.92875  1.31769
 1.55784 -2.92659  1.31812
 1.55827 -2.92443  1.31812
  1.5587 -2.92227  1.31856
 1.55914 -2.92012  1.31899
 1.55957 -2.91796  1.31942
    1.56 -2.91581  1.31942
 1.56044 -2.91366  1.31986
 1.56087 -2.91152  1.32029
  1.5613 -2.90937  1.32072
 1.56174 -2.90723  1.32072
 1.56217 -2.90508  1.32116
  1.5626 -2.90295  1.32159
 1.56304 -2.90081  1.32202
 1.56347 -2.89867  1.32202
  1.5639 -2.89654  1.32246
 1.56434 -2.89441  1.32289
 1.56477 -2.89228  1.32332
 1.56521 -2.89015  1.32376
 1.56564 -2.88803  1.32376
 1.56607  -2.8859  1.32419
 1.56651 -2.88378  1.32462
 1.56694 -2.88166  1.32506
 1.56737 -2.87955  1.32506
 1.56781 -2.87743  1.32549
 1.56824 -2.87532  1.32593
 1.56867 -2.87321  1.32636
 1.56911  -2.8711  1.32636
 1.56954 -2.86899  1.32679
 1.56997 -2.86689  1.32723
 1.57041 -2.86479  1.32766
 1.57084 -2.86268  1.32766
 1.57127 -2.86059  1.32809
 1.57171 -2.85849  1.32853
 1.57214 -2.85639  1.32896
 1.57257  -2.8543  1.32896
 1.57301 -2.85221  1.32939
 1.57344 -2.85012  1.32983
 1.57387 -2.84803  1.33026
 1.57431 -2.84595  1.33026
 1.57474 -2.84387  1.33069
 1.57518 -2.84179  1.33113
 1.57561 -2.83971  1.33156
 1.57604 -2.83763  1.33156
 1.57648 -2.83555  1.33199
 1.57691 -2.83348  1.33243
 1.57734 -2.83141  1.33286
 1.57778 -2.82934  1.33286
 1.57821 -2.82727  1.33329
 1.57864 -2.82521  1.33373
 1.57908 -2.82315  1.33416
 1.57951 -2.82109  1.33459
 1.57994 -2.81903  1.33459
 1.58038 -2.81697  1.33503
 1.58081 -2.81491  1.33546
 1.58124 -2.81286   1.3359
 1.58168 -2.81081   1.3359
 1.58211 -2.80876  1.33633
 1.58254 -2.80671  1.33676
 1.58298 -2.80467   1.3372
 1.58341 -2.80262   1.3372
 1.58384 -2.80058  1.33763
 1.58428 -2.79854  1.33806
 1.58471  -2.7965   1.3385
 1.58515 -2.79447   1.3385
 1.58558 -2.79243  1.33893
 1.58601  -2.7904  1.33936
 1.58645 -2.78837   1.3398
 1.58688 -2.78634   1.3398
 1.58731 -2.78431  1.34023
 1.58775 -2.78229  1.34066
 1.58818 -2.78027   1.3411
 1.58861 -2.77825   1.3411
 1.58905 -2.77623  1.34153
 1.58948 -2.77421  1.34196
 1.58991  -2.7722   1.3424
 1.59035 -2.77018   1.3424
 1.59078 -2.76817  1.34283
 1.59121 -2.76616  1.34326
 1.59165 -2.76416   1.3437
 1.59208 -2.76215  1.34413
 1.59251 -2.76015  1.34413
 1.59295 -2.75814  1.34456
 1.59338 -2.75615    1.345
 1.59381 -2.75415  1.34543
 1.59425 -2.75215  1.34543
 1.59468 -2.75016  1.34587
 1.59512 -2.74817   1.3463
 1.59555 -2.74618  1.34673
 1.59598 -2.74419  1.34673
 1.59642  -2.7422  1.34717
 1.59685 -2.74021   1.3476
 1.59728 -2.73823  1.34803
 1.59772 -2.73625  1.34803
 1.59815 -2.73427  1.34847
 1.59858 -2.73229   1.3489
 1.59902 -2.73032  1.34933
 1.59945 -2.72835  1.34933
 1.59988 -2.72637  1.34977
 1.60032  -2.7244   1.3502
 1.60075 -2.72244  1.35063
 1.60118 -2.72047  1.35063
 1.60162 -2.71851  1.35107
 1.60205 -2.71654   1.3515
 1.60248 -2.71458  1.35193
 1.60292 -2.71262  1.35193
 1.60335 -2.71067  1.35237
 1.60378 -2.70871   1.3528
 1.60422 -2.70676  1.35323
 1.60465 -2.70481  1.35367
 1.60509 -2.70286  1.35367
 1.60552 -2.70091   1.3541
 1.60595 -2.69896  1.35453
 1.60639 -2.69702  1.35497
 1.60682 -2.69508  1.35497
 1.60725 -2.69314   1.3554
 1.60769  -2.6912  1.35584
 1.60812 -2.68926  1.35627
 1.60855 -2.68733  1.35627
 1.60899 -2.68539   1.3567
 1.60942 -2.68346  1.35714
 1.60985 -2.68153  1.35757
 1.61029  -2.6796  1.35757
 1.61072 -2.67768    1.358
 1.61115 -2.67575  1.35844
 1.61159 -2.67383  1.35887
 1.61202 -2.67191  1.35887
 1.61245 -2.66999   1.3593
 1.61289 -2.66807  1.35974
 1.61332 -2.66616  1.36017
 1.61375 -2.66425  1.36017
 1.61419 -2.66233   1.3606
 1.61462 -2.66042  1.36104
 1.61506 -2.65851  1.36147
 1.61549 -2.65661  1.36147
 1.61592  -2.6547   1.3619
 1.61636  -2.6528  1.36234
 1.61679  -2.6509  1.36277
 1.61722   -2.649  1.36277
 1.61766  -2.6471   1.3632
 1.61809 -2.64521  1.36364
 1.61852 -2.64331  1.36407
 1.61896 -2.64142   1.3645
 1.61939 -2.63953   1.3645
 1.61982 -2.63764  1.36494
 1.62026 -2.63575  1.36537
 1.62069 -2.63387  1.36581
 1.62112 -2.63199  1.36581
 1.62156  -2.6301  1.36624
 1.62199 -2.62822  1.36667
 1.62242 -2.62635  1.36711
 1.62286 -2.62447  1.36711
 1.62329 -2.62259  1.36754
 1.62372 -2.62072  1.36797
 1.62416 -2.61885  1.36841
 1.62459 -2.61698  1.36841
 1.62503 -2.61511  1.36884
 1.62546 -2.61325  1.36927
 1.62589 -2.61138  1.36971
 1.62633 -2.60952  1.36971
 1.62676 -2.60766  1.37014
 1.62719  -2.6058  1.37057
 1.62763 -2.60394  1.37101
 1.62806 -2.60209  1.37101
 1.62849 -2.60023  1.37144
 1.62893 -2.59838  1.37187
 1.62936 -2.59653  1.37231
 1.62979 -2.59468  1.37231
 1.63023 -2.59283  1.37274
 1.63066 -2.59099  1.37317
 1.63109 -2.58914  1.37361
 1.63153  -2.5873  1.37404
 1.63196 -2.58546  1.37404
 1.63239 -2.58362  1.37447
 1.63283 -2.58179  1.37491
 1.63326 -2.57995  1.37534
 1.63369 -2.57812  1.37534
 1.63413 -2.57629  1.37578
 1.63456 -2.57446  1.37621
 1.63499 -2.57263  1.37664
 1.63543  -2.5708  1.37664
 1.63586 -2.56898  1.37708
  1.6363 -2.56715  1.37751
 1.63673 -2.56533  1.37794
 1.63716 -2.56351  1.37794
  1.6376 -2.56169  1.37838
 1.63803 -2.55988  1.37881
 1.63846 -2.55806  1.37924
  1.6389 -2.55625  1.37924
 1.63933 -2.55444  1.37968
 1.63976 -2.55263  1.38011
  1.6402 -2.55082  1.38054
 1.64063 -2.54901  1.38054
 1.64106 -2.54721  1.38098
  1.6415  -2.5454  1.38141
 1.64193  -2.5436  1.38184
 1.64236  -2.5418  1.38184
  1.6428    -2.54  1.38228
 1.64323  -2.5382  1.38271
 1.64366 -2.53641  1.38314
  1.6441 -2.53462  1.38314
 1.64453 -2.53282  1.38358
 1.64496 -2.53103  1.38401
  1.6454 -2.52925  1.38444
 1.64583 -2.52746  1.38488
 1.64627 -2.52567  1.38488
  1.6467 -2.52389  1.38531
 1.64713 -2.52211  1.38575
 1.64757 -2.52033  1.38618
   1.648 -2.51855  1.38618
 1.64843 -2.51677  1.38661
 1.64887   -2.515  1.38705
  1.6493 -2.51322  1.38748
 1.64973 -2.51145  1.38748
 1.65017 -2.50968  1.38791
  1.6506 -2.50791  1.38835
 1.65103 -2.50614  1.38878
 1.65147 -2.50438  1.38878
  1.6519 -2.50261  1.38921
 1.65233 -2.50085  1.38965
 1.65277 -2.49909  1.39008
  1.6532 -2.49733  1.39008
 1.65363 -2.49557  1.39051
 1.65407 -2.49382  1.39095
  1.6545 -2.49206  1.39138
 1.65493 -2.49031  1.39138
 1.65537 -2.48856  1.39181
  1.6558 -2.48681  1.39225
 1.65624 -2.48506  1.39268
 1.65667 -2.48332  1.39268
  1.6571 -2.48157  1.39311
 1.65754 -2.47983  1.39355
 1.65797 -2.47809  1.39398
  1.6584 -2.47635  1.39398
 1.65884 -2.47461  1.39441
 1.65927 -2.47287  1.39485
  1.6597 -2.47113  1.39528
 1.66014  -2.4694  1.39572
 1.66057 -2.46767  1.39572
   1.661 -2.46594  1.39615
 1.66144 -2.46421  1.39658
 1.66187 -2.46248  1.39702
  1.6623 -2.46076  1.39702
 1.66274 -2.45903  1.39745
 1.66317 -2.45731  1.39788
  1.6636 -2.45559  1.39832
 1.66404 -2.45387  1.39832
 1.66447 -2.45215  1.39875
  1.6649 -2.45043  1.39918
 1.66534 -2.44872  1.39962
 1.66577 -2.44701  1.39962
 1.66621 -2.44529  1.40005
 1.66664 -2.44358  1.40048
 1.66707 -2.44187  1.40092
 1.66751 -2.44017  1.40092
 1.66794 -2.43846  1.40135
 1.66837 -2.43676  1.40178
 1.66881 -2.43506  1.40222
 1.66924 -2.43335  1.40222
 1.66967 -2.43165  1.40265
 1.67011 -2.42996  1.40308
 1.67054 -2.42826  1.40352
 1.67097 -2.42657  1.40352
 1.67141 -2.42487  1.40395
 1.67184 -2.42318  1.40438
 1.67227 -2.42149  1.40482
 1.67271  -2.4198  1.40482
 1.67314 -2.41811  1.40525
 1.67357 -2.41643  1.40569
 1.67401 -2.41474  1.40612
 1.67444 -2.41306  1.40655
 1.67487 -2.41138  1.40655
 1.67531  -2.4097  1.40699
 1.67574 -2.40802  1.40742
 1.67618 -2.40635  1.40785
 1.67661 -2.40467  1.40785
 1.67704   -2.403  1.40829
 1.67748 -2.40133  1.40872
 1.67791 -2.39966  1.40915
 1.67834 -2.39799  1.40915
 1.67878 -2.39632  1.40959
 1.67921 -2.39465  1.41002
 1.67964 -2.39299  1.41045
 1.68008 -2.39133  1.41045
 1.68051 -2.38967  1.41089
 1.68094 -2.38801  1.41132
 1.68138 -2.38635  1.41175
 1.68181 -2.38469  1.41175
 1.68224 -2.38303  1.41219
 1.68268 -2.38138  1.41262
 1.68311 -2.37973  1.41305
 1.68354 -2.37808  1.41305
 1.68398 -2.37643  1.41349
 1.68441 -2.37478  1.41392
 1.68484 -2.37313  1.41435
 1.68528 -2.37149  1.41435
 1.68571 -2.36984  1.41479
 1.68615  -2.3682  1.41522
 1.68658 -2.36656  1.41566
 1.68701 -2.36492  1.41566
 1.68745 -2.36329  1.41609
 1.68788 -2.36165  1.41652
 1.68831 -2.36001  1.41696
 1.68875 -2.35838  1.41696
 1.68918 -2.35675  1.41739
 1.68961 -2.35512  1.41782
 1.69005 -2.35349  1.41826
 1.69048 -2.35186  1.41869
 1.69091 -2.35024  1.41869
 1.69135 -2.34861  1.41912
 1.69178 -2.34699  1.41956
 1.69221 -2.34537  1.41999
 1.69265 -2.34375  1.41999
 1.69308 -2.34213  1.42042
 1.69351 -2.34051  1.42086
 1.69395  -2.3389  1.42129
 1.69438 -2.33728  1.42129
 1.69481 -2.33567  1.42172
 1.69525 -2.33406  1.42216
 1.69568 -2.33245  1.42259
 1.69612 -2.33084  1.42259
 1.69655 -2.32923  1.42302
 1.69698 -2.32763  1.42346
 1.69742 -2.32602  1.42389
 1.69785 -2.32442  1.42389
 1.69828 -2.32282  1.42432
 1.69872 -2.32122  1.42476
 1.69915 -2.31962  1.42519
 1.69958 -2.31802  1.42519
 1.70002 -2.31643  1.42563
 1.70045 -2.31483  1.42606
 1.70088 -2.31324  1.42649
 1.70132 -2.31165  1.42649
 1.70175 -2.31006  1.42693
 1.70218 -2.30847  1.42736
 1.70262 -2.30688  1.42779
 1.70305  -2.3053  1.42779
 1.70348 -2.30371  1.42823
 1.70392 -2.30213  1.42866
 1.70435 -2.30055  1.42909
 1.70478 -2.29897  1.42909
 1.70522 -2.29739  1.42953
 1.70565 -2.29581  1.42996
 1.70609 -2.29424  1.43039
 1.70652 -2.29266  1.43039
 1.70695 -2.29109  1.43083
 1.70739 -2.28952  1.43126
 1.70782 -2.28795  1.43169
 1.70825 -2.28638  1.43169
 1.70869 -2.28481  1.43213
 1.70912 -2.28325  1.43256
 1.70955 -2.28168  1.43299
 1.70999 -2.28012  1.43343
 1.71042 -2.27856  1.43343
 1.71085   -2.277  1.43386
 1.71129 -2.27544  1.43429
 1.71172 -2.27388  1.43473
 1.71215 -2.27232  1.43473
 1.71259 -2.27077  1.43516
 1.71302 -2.26921   1.4356
 1.71345 -2.26766  1.43603
 1.71389 -2.26611  1.43603
 1.71432 -2.26456  1.43646
 1.71475 -2.26301   1.4369
 1.71519 -2.26147  1.43733
 1.71562 -2.25992  1.43733
 1.71606 -2.25838  1.43776
 1.71649 -2.25683   1.4382
 1.71692 -2.25529  1.43863
 1.71736 -2.25375  1.43863
 1.71779 -2.25222  1.43906
 1.71822 -2.25068   1.4395
 1.71866 -2.24914  1.43993
 1.71909 -2.24761  1.43993
 1.71952 -2.24608  1.44036
 1.71996 -2.24454   1.4408
 1.72039 -2.24301  1.44123
 1.72082 -2.24148  1.44123
 1.72126 -2.23996  1.44166
 1.72169 -2.23843   1.4421
 1.72212 -2.23691  1.44253
 1.72256 -2.23538  1.44253
 1.72299 -2.23386  1.44296
 1.72342 -2.23234   1.4434
 1.72386 -2.23082  1.44383
 1.72429  -2.2293  1.44426
 1.72472 -2.22778  1.44426
 1.72516 -2.22627   1.4447
 1.72559 -2.22475  1.44513
 1.72603 -2.22324  1.44557
 1.72646 -2.22173  1.44557
 1.72689 -2.22022    1.446
 1.72733 -2.21871  1.44643
 1.72776  -2.2172  1.44687
 1.72819  -2.2157  1.44687
 1.72863 -2.21419   1.4473
 1.72906 -2.21269  1.44773
 1.72949 -2.21119  1.44817
 1.72993 -2.20969  1.44817
 1.73036 -2.20819   1.4486
 1.73079 -2.20669  1.44903
 1.73123 -2.20519  1.44947
 1.73166  -2.2037  1.44947
 1.73209  -2.2022   1.4499
 1.73253 -2.20071  1.45033
 1.73296 -2.19922  1.45077
 1.73339 -2.19773  1.45077
 1.73383 -2.19624   1.4512
 1.73426 -2.19475  1.45163
 1.73469 -2.19326  1.45207
 1.73513 -2.19178  1.45207
 1.73556 -2.19029   1.4525
   1.736 -2.18881  1.45293
 1.73643 -2.18733  1.45337
 1.73686 -2.18585   1.4538
  1.7373 -2.18437   1.4538
 1.73773 -2.18289  1.45423
 1.73816 -2.18142  1.45467
  1.7386 -2.17994   1.4551
 1.73903 -2.17847   1.4551
 1.73946   -2.177  1.45554
  1.7399 -2.17553  1.45597
 1.74033 -2.17406   1.4564
 1.74076 -2.17259   1.4564
  1.7412 -2.17112  1.45684
 1.74163 -2.16966  1.45727
 1.74206 -2.16819   1.4577
  1.7425 -2.16673   1.4577
 1.74293 -2.16527  1.45814
 1.74336 -2.16381  1.45857
  1.7438 -2.16235    1.459
 1.74423 -2.16089    1.459
 1.74466 -2.15943  1.45944
  1.7451 -2.15798  1.45987
 1.74553 -2.15652   1.4603
 1.74597 -2.15507   1.4603
  1.7464 -2.15362  1.46074
 1.74683 -2.15217  1.46117
 1.74727 -2.15072   1.4616
  1.7477 -2.14927   1.4616
 1.74813 -2.14782  1.46204
 1.74857 -2.14638  1.46247
   1.749 -2.14493   1.4629
 1.74943 -2.14349  1.46334
 1.74987 -2.14205  1.46334
  1.7503 -2.14061  1.46377
 1.75073 -2.13917   1.4642
 1.75117 -2.13773  1.46464
  1.7516  -2.1363  1.46464
 1.75203 -2.13486  1.46507
 1.75247 -2.13343  1.46551
  1.7529 -2.13199  1.46594
 1.75333 -2.13056  1.46594
 1.75377 -2.12913  1.46637
  1.7542  -2.1277  1.46681
 1.75463 -2.12628  1.46724
 1.75507 -2.12485  1.46724
  1.7555 -2.12342  1.46767
 1.75594   -2.122  1.46811
 1.75637 -2.12058  1.46854
  1.7568 -2.11916  1.46854
 1.75724 -2.11773  1.46897
 1.75767 -2.11632  1.46941
  1.7581  -2.1149  1.46984
 1.75854 -2.11348  1.46984
 1.75897 -2.11207  1.47027
  1.7594 -2.11065  1.47071
 1.75984 -2.10924  1.47114
 1.76027 -2.10783  1.47114
  1.7607 -2.10642  1.47157
 1.76114 -2.10501  1.47201
 1.76157  -2.1036  1.47244
   1.762 -2.10219  1.47244
 1.76244 -2.10079  1.47287
 1.76287 -2.09938  1.47331
  1.7633 -2.09798  1.47374
 1.76374 -2.09658  1.47374
 1.76417 -2.09518  1.47417
  1.7646 -2.09378  1.47461
 1.76504 -2.09238  1.47504
 1.76547 -2.09098  1.47504
 1.76591 -2.08958  1.47548
 1.76634 -2.08819  1.47591
 1.76677  -2.0868  1.47634
 1.76721  -2.0854  1.47678
 1.76764 -2.08401  1.47678
 1.76807 -2.08262  1.47721
 1.76851 -2.08123  1.47764
 1.76894 -2.07985  1.47808
 1.76937 -2.07846  1.47808
 1.76981 -2.07707  1.47851
 1.77024 -2.07569  1.47894
 1.77067 -2.07431  1.47938
 1.77111 -2.07293  1.47938
 1.77154 -2.07155  1.47981
 1.77197 -2.07017  1.48024
 1.77241 -2.06879  1.48068
 1.77284 -2.06741  1.48068
 1.77327 -2.06604  1.48111
 1.77371 -2.06466  1.48154
 1.77414 -2.06329  1.48198
 1.77457 -2.06192  1.48198
 1.77501 -2.06055  1.48241
 1.77544 -2.05918  1.48284
 1.77588 -2.05781  1.48328
 1.77631 -2.05644  1.48328
 1.77674 -2.05507  1.48371
 1.77718 -2.05371  1.48414
 1.77761 -2.05235  1.48458
 1.77804 -2.05098  1.48458
 1.77848 -2.04962  1.48501
 1.77891 -2.04826  1.48545
 1.77934  -2.0469  1.48588
 1.77978 -2.04554  1.48588
 1.78021 -2.04419  1.48631
 1.78064 -2.04283  1.48675
 1.78108 -2.04148  1.48718
 1.78151 -2.04012  1.48718
 1.78194 -2.03877  1.48761
 1.78238 -2.03742  1.48805
 1.78281 -2.03607  1.48848
 1.78324 -2.03472  1.48848
 1.78368 -2.03338  1.48891
 1.78411 -2.03203  1.48935
 1.78454 -2.03068  1.48978
 1.78498 -2.02934  1.49021
 1.78541   -2.028  1.49021
 1.78585 -2.02666  1.49065
 1.78628 -2.02532  1.49108
 1.78671 -2.02398  1.49151
 1.78715 -2.02264  1.49151
 1.78758  -2.0213  1.49195
 1.78801 -2.01996  1.49238
 1.78845 -2.01863  1.49281
 1.78888  -2.0173  1.49281
 1.78931 -2.01596  1.49325
 1.78975 -2.01463  1.49368
 1.79018  -2.0133  1.49411
 1.79061 -2.01197  1.49411
 1.79105 -2.01064  1.49455
 1.79148 -2.00932  1.49498
 1.79191 -2.00799  1.49542
 1.79235 -2.00667  1.49542
 1.79278 -2.00534  1.49585
 1.79321 -2.00402  1.49628
 1.79365  -2.0027  1.49672
 1.79408 -2.00138  1.49672
 1.79451 -2.00006  1.49715
 1.79495 -1.99874  1.49758
 1.79538 -1.99743  1.49802
 1.79582 -1.99611  1.49802
 1.79625  -1.9948  1.49845
 1.79668 -1.99348  1.49888
 1.79712 -1.99217  1.49932
 1.79755 -1.99086  1.49932
 1.79798 -1.98955  1.49975
 1.79842 -1.98824  1.50018
 1.79885 -1.98693  1.50062
 1.79928 -1.98563  1.50062
 1.79972 -1.98432  1.50105
 1.80015 -1.98302  1.50148
 1.80058 -1.98171  1.50192
 1.80102 -1.98041  1.50235
 1.80145 -1.97911  1.50235
 1.80188 -1.97781  1.50278
 1.80232 -1.97651  1.50322
 1.80275 -1.97521  1.50365
 1.80318 -1.97392  1.50365
 1.80362 -1.97262  1.50408
 1.80405 -1.97133  1.50452
 1.80448 -1.97004  1.50495
 1.80492 -1.96874  1.50495
 1.80535 -1.96745  1.50539
 1.80579 -1.96616  1.50582
 1.80622 -1.96487  1.50625
 1.80665 -1.96358  1.50625
 1.80709  -1.9623  1.50669
 1.80752 -1.96101  1.50712
 1.80795 -1.95973  1.50755
 1.80839 -1.95844  1.50755
 1.80882 -1.95716  1.50799
 1.80925 -1.95588  1.50842
 1.80969  -1.9546  1.50885
 1.81012 -1.95332  1.50885
 1.81055 -1.95204  1.50929
 1.81099 -1.95077  1.50972
 1.81142 -1.94949  1.51015
 1.81185 -1.94822  1.51015
 1.81229 -1.94694  1.51059
 1.81272 -1.94567  1.51102
 1.81315  -1.9444  1.51145
 1.81359 -1.94313  1.51145
 1.81402 -1.94186  1.51189
 1.81445 -1.94059  1.51232
 1.81489 -1.93932  1.51275
 1.81532 -1.93806  1.51275
 1.81576 -1.93679  1.51319
 1.81619 -1.93553  1.51362
 1.81662 -1.93426  1.51405
 1.81706   -1.933  1.51405
 1.81749 -1.93174  1.51449
 1.81792 -1.93048  1.51492
 1.81836 -1.92922  1.51536
 1.81879 -1.92797  1.51579
 1.81922 -1.92671  1.51579
 1.81966 -1.92545  1.51622
 1.82009  -1.9242  1.51666
 1.82052 -1.92295  1.51709
 1.82096 -1.92169  1.51709
 1.82139 -1.92044  1.51752
 1.82182 -1.91919  1.51796
 1.82226 -1.91794  1.51839
 1.82269 -1.91669  1.51839
 1.82312 -1.91545  1.51882
 1.82356  -1.9142  1.51926
 1.82399 -1.91296  1.51969
 1.82442 -1.91171  1.51969
 1.82486 -1.91047  1.52012
 1.82529 -1.90923  1.52056
 1.82573 -1.90799  1.52099
 1.82616 -1.90675  1.52099
 1.82659 -1.90551  1.52142
 1.82703 -1.90427  1.52186
 1.82746 -1.90303  1.52229
 1.82789  -1.9018  1.52229
 1.82833 -1.90056  1.52272
 1.82876 -1.89933  1.52316
 1.82919  -1.8981  1.52359
 1.82963 -1.89687  1.52359
 1.83006 -1.89564  1.52402
 1.83049 -1.89441  1.52446
 1.83093 -1.89318  1.52489
 1.83136 -1.89195  1.52489
 1.83179 -1.89072  1.52533
 1.83223  -1.8895  1.52576
 1.83266 -1.88827  1.52619
 1.83309 -1.88705  1.52619
 1.83353 -1.88583  1.52663
 1.83396 -1.88461  1.52706
 1.83439 -1.88339  1.52749
 1.83483 -1.88217  1.52749
 1.83526 -1.88095  1.52793
  1.8357 -1.87973  1.52836
 1.83613 -1.87852  1.52879
 1.83656  -1.8773  1.52879
   1.837 -1.87609  1.52923
 1.83743 -1.87488  1.52966
 1.83786 -1.87366  1.53009
  1.8383 -1.87245  1.53053
 1.83873 -1.87124  1.53053
 1.83916 -1.87003  1.53096
  1.8396 -1.86883  1.53139
 1.84003 -1.86762  1.53183
 1.84046 -1.86641  1.53183
  1.8409 -1.86521  1.53226
 1.84133   -1.864  1.53269
 1.84176  -1.8628  1.53313
  1.8422  -1.8616  1.53313
 1.84263  -1.8604  1.53356
 1.84306  -1.8592  1.53399
  1.8435   -1.858  1.53443
 1.84393  -1.8568  1.53443
 1.84436 -1.85561  1.53486
  1.8448 -1.85441   1.5353
 1.84523 -1.85322  1.53573
 1.84567 -1.85202  1.53573
  1.8461 -1.85083  1.53616
 1.84653 -1.84964   1.5366
 1.84697 -1.84845  1.53703
  1.8474 -1.84726  1.53703
 1.84783 -1.84607  1.53746
 1.84827 -1.84488   1.5379
  1.8487 -1.84369  1.53833
 1.84913 -1.84251  1.53833
 1.84957 -1.84132  1.53876
    1.85 -1.84014   1.5392