 kgrid  ValNew  Policy 
      0.55   -5.61801       0.55
  0.551301   -5.54171       0.55
  0.552603   -5.46673       0.55
  0.553904   -5.39303       0.55
  0.555205    -5.3206       0.55
  0.556507    -5.2494       0.55
  0.557808    -5.1794       0.55
  0.559109   -5.11059       0.55
   0.56041   -5.04294       0.55
  0.561712   -4.97642       0.55
  0.563013   -4.91101       0.55
  0.564314    -4.8467       0.55
  0.565616   -4.78345       0.55
  0.566917   -4.72125       0.55
  0.568218   -4.66007       0.55
   0.56952    -4.5999       0.55
  0.570821   -4.54072       0.55
  0.572122    -4.4825       0.55
  0.573423   -4.42522       0.55
  0.574725   -4.36888       0.55
  0.576026   -4.31344       0.55
  0.577327    -4.2589       0.55
  0.578629   -4.20523       0.55
   0.57993   -4.15241       0.55
  0.581231   -4.10044       0.55
  0.582533    -4.0493       0.55
  0.583834   -3.99896       0.55
  0.585135   -3.94942       0.55
  0.586436   -3.90065       0.55
  0.587738   -3.85265       0.55
  0.589039   -3.80539       0.55
   0.59034   -3.75888       0.55
  0.591642   -3.71308       0.55
  0.592943   -3.66799       0.55
  0.594244   -3.62359       0.55
  0.595546   -3.57988       0.55
  0.596847   -3.53683       0.55
  0.598148   -3.49445       0.55
  0.599449    -3.4527       0.55
  0.600751   -3.41159       0.55
  0.602052    -3.3711       0.55
  0.603353   -3.33121       0.55
  0.604655   -3.29193       0.55
  0.605956   -3.25323       0.55
  0.607257   -3.21511       0.55
  0.608559   -3.17756       0.55
   0.60986   -3.14056       0.55
  0.611161   -3.10411       0.55
  0.612462    -3.0682       0.55
  0.613764   -3.03281       0.55
  0.615065   -2.99794       0.55
  0.616366   -2.96358       0.55
  0.617668   -2.92972       0.55
  0.618969   -2.89635       0.55
   0.62027   -2.86346       0.55
  0.621572   -2.83105       0.55
  0.622873    -2.7991       0.55
  0.624174    -2.7676       0.55
  0.625475   -2.73656       0.55
  0.626777   -2.70596       0.55
  0.628078   -2.67579       0.55
  0.629379   -2.64605       0.55
  0.630681   -2.61673       0.55
  0.631982   -2.58782       0.55
  0.633283   -2.55931       0.55
  0.634585   -2.53121       0.55
  0.635886   -2.50349       0.55
  0.637187   -2.47616       0.55
  0.638488   -2.44921       0.55
   0.63979   -2.42263       0.55
  0.641091   -2.39641       0.55
  0.642392   -2.37056       0.55
  0.643694   -2.34506       0.55
  0.644995   -2.31991       0.55
  0.646296    -2.2951       0.55
  0.647598   -2.27062       0.55
  0.648899   -2.24648       0.55
    0.6502   -2.22266       0.55
  0.651502   -2.19916       0.55
  0.652803   -2.17598       0.55
  0.654104   -2.15311       0.55
  0.655405   -2.13054       0.55
  0.656707   -2.10828       0.55
  0.658008    -2.0863       0.55
  0.659309   -2.06462       0.55
  0.660611   -2.04323       0.55
  0.661912   -2.02211       0.55
  0.663213   -2.00127       0.55
  0.664515   -1.98071       0.55
  0.665816   -1.96041       0.55
  0.667117   -1.94038       0.55
  0.668418    -1.9206       0.55
   0.66972   -1.90108       0.55
  0.671021   -1.88182       0.55
  0.672322    -1.8628       0.55
  0.673624   -1.84402       0.55
  0.674925   -1.82549       0.55
  0.676226   -1.80719       0.55
  0.677528   -1.78912       0.55
  0.678829   -1.77128       0.55
   0.68013   -1.75367       0.55
  0.681431   -1.73628       0.55
  0.682733   -1.71911       0.55
  0.684034   -1.70216       0.55
  0.685335   -1.68541       0.55
  0.686637   -1.66888       0.55
  0.687938   -1.65255       0.55
  0.689239   -1.63642       0.55
  0.690541   -1.62049       0.55
  0.691842   -1.60476       0.55
  0.693143   -1.58923       0.55
  0.694444   -1.57388       0.55
  0.695746   -1.55872       0.55
  0.697047   -1.54375       0.55
  0.698348   -1.52896       0.55
   0.69965   -1.51435       0.55
  0.700951   -1.49992       0.55
  0.702252   -1.48566       0.55
  0.703554   -1.47157       0.55
  0.704855   -1.45765       0.55
  0.706156    -1.4439       0.55
  0.707457   -1.43032       0.55
  0.708759   -1.41689       0.55
   0.71006   -1.40363       0.55
  0.711361   -1.39052       0.55
  0.712663   -1.37757       0.55
  0.713964   -1.36477       0.55
  0.715265   -1.35212       0.55
  0.716567   -1.33963       0.55
  0.717868   -1.32727       0.55
  0.719169   -1.31506       0.55
   0.72047     -1.303       0.55
  0.721772   -1.29107       0.55
  0.723073   -1.27929       0.55
  0.724374   -1.26764       0.55
  0.725676   -1.25612       0.55
  0.726977   -1.24474       0.55
  0.728278   -1.23349       0.55
   0.72958   -1.22236       0.55
  0.730881   -1.21137       0.55
  0.732182    -1.2005       0.55
  0.733483   -1.18975       0.55
  0.734785   -1.17912       0.55
  0.736086   -1.16862       0.55
  0.737387   -1.15823       0.55
  0.738689   -1.14796       0.55
   0.73999   -1.13781       0.55
  0.741291   -1.12777       0.55
  0.742593   -1.11784       0.55
  0.743894   -1.10803       0.55
  0.745195   -1.09832       0.55
  0.746496   -1.08872       0.55
  0.747798   -1.07923       0.55
  0.749099   -1.06984       0.55
    0.7504   -1.06056       0.55
  0.751702   -1.05138       0.55
  0.753003   -1.04229       0.55
  0.754304   -1.03331       0.55
  0.755606   -1.02443       0.55
  0.756907   -1.01564       0.55
  0.758208   -1.00695       0.55
   0.75951  -0.998355       0.55
  0.760811  -0.989851       0.55
  0.762112  -0.981439       0.55
  0.763413  -0.973118       0.55
  0.764715  -0.964886       0.55
  0.766016  -0.956743       0.55
  0.767317  -0.948686       0.55
  0.768619  -0.940716       0.55
   0.76992  -0.932831       0.55
  0.771221  -0.925029       0.55
  0.772523  -0.917311       0.55
  0.773824  -0.909674       0.55
  0.775125  -0.902117       0.55
  0.776426   -0.89464       0.55
  0.777728  -0.887242       0.55
  0.779029  -0.879921       0.55
   0.78033  -0.872677       0.55
  0.781632  -0.865509       0.55
  0.782933  -0.858415       0.55
  0.784234  -0.851395       0.55
  0.785536  -0.844448       0.55
  0.786837  -0.837572       0.55
  0.788138  -0.830768       0.55
  0.789439  -0.824034       0.55
  0.790741  -0.817369       0.55
  0.792042  -0.810772       0.55
  0.793343  -0.804243       0.55
  0.794645   -0.79778       0.55
  0.795946  -0.791384       0.55
  0.797247  -0.785052       0.55
  0.798549  -0.778785       0.55
   0.79985  -0.772581       0.55
  0.801151   -0.76644       0.55
  0.802452   -0.76036       0.55
  0.803754  -0.754342       0.55
  0.805055  -0.748384       0.55
  0.806356  -0.742486       0.55
  0.807658  -0.736647       0.55
  0.808959  -0.730866       0.55
   0.81026  -0.725142       0.55
  0.811562  -0.719476       0.55
  0.812863  -0.713865       0.55
  0.814164   -0.70831       0.55
  0.815465   -0.70281       0.55
  0.816767  -0.697364       0.55
  0.818068  -0.691972       0.55
  0.819369  -0.686632       0.55
  0.820671  -0.681345       0.55
  0.821972  -0.676109       0.55
  0.823273  -0.670924       0.55
  0.824575   -0.66579       0.55
  0.825876  -0.660705       0.55
  0.827177   -0.65567       0.55
  0.828478  -0.650683       0.55
   0.82978  -0.645745       0.55
  0.831081  -0.640854       0.55
  0.832382   -0.63601       0.55
  0.833684  -0.631212       0.55
  0.834985  -0.626461       0.55
  0.836286  -0.621754       0.55
  0.837588  -0.617093       0.55
  0.838889  -0.612475       0.55
   0.84019  -0.607902       0.55
  0.841491  -0.603372       0.55
  0.842793  -0.598885       0.55
  0.844094   -0.59444       0.55
  0.845395  -0.590036       0.55
  0.846697  -0.585675       0.55
  0.847998  -0.581354       0.55
  0.849299  -0.577073       0.55
  0.850601  -0.572833       0.55
  0.851902  -0.568632       0.55
  0.853203   -0.56447       0.55
  0.854505  -0.560346       0.55
  0.855806  -0.556261       0.55
  0.857107  -0.552214       0.55
  0.858408  -0.548203       0.55
   0.85971   -0.54423       0.55
  0.861011  -0.540294       0.55
  0.862312  -0.536393       0.55
  0.863614  -0.532528       0.55
  0.864915  -0.528699       0.55
  0.866216  -0.524904       0.55
  0.867518  -0.521144       0.55
  0.868819  -0.517418       0.55
   0.87012  -0.513726       0.55
  0.871421  -0.510067       0.55
  0.872723  -0.506441       0.55
  0.874024  -0.502848       0.55
  0.875325  -0.499287       0.55
  0.876627  -0.495759       0.55
  0.877928  -0.492261       0.55
  0.879229  -0.488795       0.55
  0.880531  -0.485361       0.55
  0.881832  -0.481956       0.55
  0.883133  -0.478582       0.55
  0.884434  -0.475238       0.55
  0.885736  -0.471923       0.55
  0.887037  -0.468638       0.55
  0.888338  -0.465382       0.55
   0.88964  -0.462154       0.55
  0.890941  -0.458955       0.55
  0.892242  -0.455784       0.55
  0.893544  -0.452641       0.55
  0.894845  -0.449525       0.55
  0.896146  -0.446436       0.55
  0.897447  -0.443375       0.55
  0.898749  -0.440339       0.55
   0.90005  -0.437331       0.55
  0.901351  -0.434348       0.55
  0.902653  -0.431391       0.55
  0.903954  -0.428459       0.55
  0.905255  -0.425553       0.55
  0.906557  -0.422672       0.55
  0.907858  -0.419816       0.55
  0.909159  -0.416984       0.55
   0.91046  -0.414176       0.55
  0.911762  -0.411392       0.55
  0.913063  -0.408632       0.55
  0.914364  -0.405895       0.55
  0.915666  -0.403182       0.55
  0.916967  -0.400491       0.55
  0.918268  -0.397824       0.55
   0.91957  -0.395179       0.55
  0.920871  -0.392556       0.55
  0.922172  -0.389955       0.55
  0.923473  -0.387376       0.55
  0.924775  -0.384819       0.55
  0.926076  -0.382283       0.55
  0.927377  -0.379768       0.55
  0.928679  -0.377274       0.55
   0.92998  -0.374801       0.55
  0.931281  -0.372349       0.55
  0.932583  -0.369917       0.55
  0.933884  -0.367505       0.55
  0.935185  -0.365113       0.55
  0.936486  -0.362741       0.55
  0.937788  -0.360388       0.55
  0.939089  -0.358054       0.55
   0.94039   -0.35574       0.55
  0.941692  -0.353445       0.55
  0.942993  -0.351168       0.55
  0.944294   -0.34891       0.55
  0.945596  -0.346671       0.55
  0.946897  -0.344449       0.55
  0.948198  -0.342246       0.55
  0.949499   -0.34006       0.55
  0.950801  -0.337893       0.55
  0.952102  -0.335742       0.55
  0.953403  -0.333609       0.55
  0.954705  -0.331494       0.55
  0.956006  -0.329395       0.55
  0.957307  -0.327313       0.55
  0.958609  -0.325248       0.55
   0.95991  -0.323199       0.55
  0.961211  -0.321167       0.55
  0.962513  -0.319151       0.55
  0.963814  -0.317151       0.55
  0.965115  -0.315166       0.55
  0.966416  -0.313198       0.55
  0.967718  -0.311245       0.55
  0.969019  -0.309307       0.55
   0.97032  -0.307385       0.55
  0.971622  -0.305478       0.55
  0.972923  -0.303586       0.55
  0.974224  -0.301709       0.55
  0.975526  -0.299846       0.55
  0.976827  -0.297998       0.55
  0.978128  -0.296165       0.55
  0.979429  -0.294346       0.55
  0.980731  -0.292541       0.55
  0.982032   -0.29075       0.55
  0.983333  -0.288972       0.55
  0.984635  -0.287209       0.55
  0.985936  -0.285459       0.55
  0.987237  -0.283723       0.55
  0.988539     -0.282       0.55
   0.98984  -0.280291       0.55
  0.991141  -0.278594       0.55
  0.992442  -0.276911       0.55
  0.993744   -0.27524       0.55
  0.995045  -0.273582       0.55
  0.996346  -0.271937       0.55
  0.997648  -0.270305       0.55
  0.998949  -0.268685       0.55
   1.00025  -0.267077       0.55
   1.00155  -0.265481       0.55
   1.00285  -0.263897       0.55
   1.00415  -0.262326       0.55
   1.00546  -0.260766       0.55
   1.00676  -0.259218       0.55
   1.00806  -0.257682       0.55
   1.00936  -0.256157       0.55
   1.01066  -0.254643       0.55
   1.01196  -0.253141       0.55
   1.01326   -0.25165       0.55
   1.01456  -0.250171       0.55
   1.01587  -0.248702       0.55
   1.01717  -0.247244       0.55
   1.01847  -0.245797       0.55
   1.01977  -0.244361       0.55
   1.02107  -0.242936       0.55
   1.02237   -0.24152       0.55
   1.02367  -0.240116       0.55
   1.02497  -0.238722       0.55
   1.02628  -0.237338       0.55
   1.02758  -0.235964       0.55
   1.02888    -0.2346       0.55
   1.03018  -0.233246       0.55
   1.03148  -0.231902       0.55
   1.03278  -0.230568       0.55
   1.03408  -0.229244       0.55
   1.03539  -0.227929       0.55
   1.03669  -0.226624       0.55
   1.03799  -0.225328       0.55
   1.03929  -0.224042       0.55
   1.04059  -0.222765       0.55
   1.04189  -0.221497       0.55
   1.04319  -0.220239       0.55
   1.04449  -0.218989       0.55
    1.0458  -0.217749       0.55
    1.0471  -0.216517       0.55
    1.0484  -0.215294       0.55
    1.0497   -0.21408       0.55
     1.051  -0.212874       0.55
    1.0523  -0.211678       0.55
    1.0536  -0.210489       0.55
    1.0549  -0.209309       0.55
   1.05621  -0.208138       0.55
   1.05751  -0.206975       0.55
   1.05881   -0.20582       0.55
   1.06011  -0.204673       0.55
   1.06141  -0.203534       0.55
   1.06271  -0.202404       0.55
   1.06401  -0.201281       0.55
   1.06532  -0.200166       0.55
   1.06662  -0.199059       0.55
   1.06792   -0.19796       0.55
   1.06922  -0.196868       0.55
   1.07052  -0.195784       0.55
   1.07182  -0.194708       0.55
   1.07312  -0.193639       0.55
   1.07442  -0.192578       0.55
   1.07573  -0.191524       0.55
   1.07703  -0.190477       0.55
   1.07833  -0.189437       0.55
   1.07963  -0.188405       0.55
   1.08093   -0.18738       0.55
   1.08223  -0.186362       0.55
   1.08353  -0.185351       0.55
   1.08483  -0.184346       0.55
   1.08614  -0.183349       0.55
   1.08744  -0.182359       0.55
   1.08874  -0.181375       0.55
   1.09004  -0.180398       0.55
   1.09134  -0.179428       0.55
   1.09264  -0.178464       0.55
   1.09394  -0.177507       0.55
   1.09525  -0.176556       0.55
   1.09655  -0.175612       0.55
   1.09785  -0.174674       0.55
   1.09915  -0.173743       0.55
   1.10045  -0.172818       0.55
   1.10175  -0.171899       0.55
   1.10305  -0.170986       0.55
   1.10435  -0.170079       0.55
   1.10566  -0.169179       0.55
   1.10696  -0.168284       0.55
   1.10826  -0.167396       0.55
   1.10956  -0.166513       0.55
   1.11086  -0.165637       0.55
   1.11216  -0.164766       0.55
   1.11346  -0.163901       0.55
   1.11476  -0.163042       0.55
   1.11607  -0.162188       0.55
   1.11737   -0.16134       0.55
   1.11867  -0.160498       0.55
   1.11997  -0.159661       0.55
   1.12127   -0.15883       0.55
   1.12257  -0.158005       0.55
   1.12387  -0.157184       0.55
   1.12518  -0.156369       0.55
   1.12648   -0.15556       0.55
   1.12778  -0.154756       0.55
   1.12908  -0.153957       0.55
   1.13038  -0.153163       0.55
   1.13168  -0.152375       0.55
   1.13298  -0.151591       0.55
   1.13428  -0.150813       0.55
   1.13559   -0.15004       0.55
   1.13689  -0.149271       0.55
   1.13819  -0.148508       0.55
   1.13949   -0.14775       0.55
   1.14079  -0.146996       0.55
   1.14209  -0.146248       0.55
   1.14339  -0.145504       0.55
   1.14469  -0.144765       0.55
     1.146  -0.144031       0.55
    1.1473  -0.143302       0.55
    1.1486  -0.142577       0.55
    1.1499  -0.141857       0.55
    1.1512  -0.141141       0.55
    1.1525   -0.14043       0.55
    1.1538  -0.139724       0.55
   1.15511  -0.139022       0.55
   1.15641  -0.138325       0.55
   1.15771  -0.137632       0.55
   1.15901  -0.136943       0.55
   1.16031  -0.136259       0.55
   1.16161  -0.135579       0.55
   1.16291  -0.134903       0.55
   1.16421  -0.134232       0.55
   1.16552  -0.133565       0.55
   1.16682  -0.132902       0.55
   1.16812  -0.132243       0.55
   1.16942  -0.131588       0.55
   1.17072  -0.130938       0.55
   1.17202  -0.130291       0.55
   1.17332  -0.129649       0.55
   1.17462   -0.12901       0.55
   1.17593  -0.128376       0.55
   1.17723  -0.127746       0.55
   1.17853  -0.127119       0.55
   1.17983  -0.126496       0.55
   1.18113  -0.125877       0.55
   1.18243  -0.125263       0.55
   1.18373  -0.124651       0.55
   1.18504  -0.124044       0.55
   1.18634   -0.12344       0.55
   1.18764   -0.12284       0.55
   1.18894  -0.122244       0.55
   1.19024  -0.121652       0.55
   1.19154  -0.121063       0.55
   1.19284  -0.120477       0.55
   1.19414  -0.119896       0.55
   1.19545  -0.119317       0.55
   1.19675  -0.118743       0.55
   1.19805  -0.118172       0.55
   1.19935  -0.117604       0.55
   1.20065   -0.11704       0.55
   1.20195  -0.116479       0.55
   1.20325  -0.115921       0.55
   1.20455  -0.115367       0.55
   1.20586  -0.114817       0.55
   1.20716  -0.114269       0.55
   1.20846  -0.113725       0.55
   1.20976  -0.113185       0.55
   1.21106  -0.112647       0.55
   1.21236  -0.112113       0.55
   1.21366  -0.111582       0.55
   1.21496  -0.111054       0.55
   1.21627  -0.110529       0.55
   1.21757  -0.110008       0.55
   1.21887  -0.109489       0.55
   1.22017  -0.108974       0.55
   1.22147  -0.108461       0.55
   1.22277  -0.107952       0.55
   1.22407  -0.107446       0.55
   1.22538  -0.106943       0.55
   1.22668  -0.106443       0.55
   1.22798  -0.105945       0.55
   1.22928  -0.105451       0.55
   1.23058   -0.10496       0.55
   1.23188  -0.104471       0.55
   1.23318  -0.103985       0.55
   1.23448  -0.103503       0.55
   1.23579  -0.103023       0.55
   1.23709  -0.102546       0.55
   1.23839  -0.102071       0.55
   1.23969    -0.1016       0.55
   1.24099  -0.101131       0.55
   1.24229  -0.100665       0.55
   1.24359  -0.100201       0.55
   1.24489 -0.0997408       0.55
    1.2462 -0.0992828       0.55
    1.2475 -0.0988275       0.55
    1.2488 -0.0983749       0.55
    1.2501 -0.0979249       0.55
    1.2514 -0.0974774       0.55
    1.2527 -0.0970326       0.55
     1.254 -0.0965903       0.55
   1.25531 -0.0961506       0.55
   1.25661 -0.0957134       0.55
   1.25791 -0.0952788       0.55
   1.25921 -0.0948466       0.55
   1.26051 -0.0944169       0.55
   1.26181 -0.0939897       0.55
   1.26311 -0.0935649       0.55
   1.26441 -0.0931426       0.55
   1.26572 -0.0927227       0.55
   1.26702 -0.0923051       0.55
   1.26832   -0.09189       0.55
   1.26962 -0.0914772       0.55
   1.27092 -0.0910667       0.55
   1.27222 -0.0906586       0.55
   1.27352 -0.0902528       0.55
   1.27482 -0.0898493       0.55
   1.27613 -0.0894481       0.55
   1.27743 -0.0890491       0.55
   1.27873 -0.0886524       0.55
   1.28003  -0.088258       0.55
   1.28133 -0.0878657       0.55
   1.28263 -0.0874757       0.55
   1.28393 -0.0870878       0.55
   1.28524 -0.0867022       0.55
   1.28654 -0.0863187       0.55
   1.28784 -0.0859373       0.55
   1.28914 -0.0855581       0.55
   1.29044  -0.085181       0.55
   1.29174  -0.084806       0.55
   1.29304  -0.084433       0.55
   1.29434 -0.0840622       0.55
   1.29565 -0.0836934       0.55
   1.29695 -0.0833267       0.55
   1.29825  -0.082962       0.55
   1.29955 -0.0825993       0.55
   1.30085 -0.0822386       0.55
   1.30215 -0.0818799       0.55
   1.30345 -0.0815232       0.55
   1.30475 -0.0811685       0.55
   1.30606 -0.0808157       0.55
   1.30736 -0.0804649       0.55
   1.30866  -0.080116       0.55
   1.30996  -0.079769       0.55
   1.31126 -0.0794239       0.55
   1.31256 -0.0790807       0.55
   1.31386 -0.0787393       0.55
   1.31517 -0.0783999       0.55
   1.31647 -0.0780623       0.55
   1.31777 -0.0777265       0.55
   1.31907 -0.0773925       0.55
   1.32037 -0.0770604       0.55
   1.32167 -0.0767301       0.55
   1.32297 -0.0764015       0.55
   1.32427 -0.0760748       0.55
   1.32558 -0.0757498       0.55
   1.32688 -0.0754265       0.55
   1.32818 -0.0751051       0.55
   1.32948 -0.0747853       0.55
   1.33078 -0.0744673       0.55
   1.33208  -0.074151       0.55
   1.33338 -0.0738363       0.55
   1.33468 -0.0735234       0.55
   1.33599 -0.0732122       0.55
   1.33729 -0.0729026       0.55
   1.33859 -0.0725946       0.55
   1.33989 -0.0722884       0.55
   1.34119 -0.0719837       0.55
   1.34249 -0.0716807       0.55
   1.34379 -0.0713793       0.55
    1.3451 -0.0710795       0.55
    1.3464 -0.0707813       0.55
    1.3477 -0.0704846       0.55
     1.349 -0.0701896       0.55
    1.3503 -0.0698961       0.55
    1.3516 -0.0696041       0.55
    1.3529 -0.0693137       0.55
    1.3542 -0.0690249       0.55
   1.35551 -0.0687375       0.55
   1.35681 -0.0684517       0.55
   1.35811 -0.0681674       0.55
   1.35941 -0.0678845       0.55
   1.36071 -0.0676032       0.55
   1.36201 -0.0673233       0.55
   1.36331 -0.0670449       0.55
   1.36461  -0.066768       0.55
   1.36592 -0.0664924       0.55
   1.36722 -0.0662184       0.55
   1.36852 -0.0659457       0.55
   1.36982 -0.0656745       0.55
   1.37112 -0.0654047       0.55
   1.37242 -0.0651363       0.55
   1.37372 -0.0648693       0.55
   1.37503 -0.0646037       0.55
   1.37633 -0.0643394       0.55
   1.37763 -0.0640766       0.55
   1.37893  -0.063815       0.55
   1.38023 -0.0635549       0.55
   1.38153  -0.063296       0.55
   1.38283 -0.0630385       0.55
   1.38413 -0.0627824       0.55
   1.38544 -0.0625275       0.55
   1.38674  -0.062274       0.55
   1.38804 -0.0620217       0.55
   1.38934 -0.0617708       0.55
   1.39064 -0.0615211       0.55
   1.39194 -0.0612727       0.55
   1.39324 -0.0610256       0.55
   1.39454 -0.0607797       0.55
   1.39585 -0.0605351       0.55
   1.39715 -0.0602918       0.55
   1.39845 -0.0600496       0.55
   1.39975 -0.0598087       0.55
   1.40105 -0.0595691       0.55
   1.40235 -0.0593306       0.55
   1.40365 -0.0590934       0.55
   1.40495 -0.0588573       0.55
   1.40626 -0.0586224       0.55
   1.40756 -0.0583888       0.55
   1.40886 -0.0581563       0.55
   1.41016  -0.057925       0.55
   1.41146 -0.0576948       0.55
   1.41276 -0.0574658       0.55
   1.41406 -0.0572379       0.55
   1.41537 -0.0570112       0.55
   1.41667 -0.0567857       0.55
   1.41797 -0.0565612       0.55
   1.41927 -0.0563379       0.55
   1.42057 -0.0561157       0.55
   1.42187 -0.0558946       0.55
   1.42317 -0.0556746       0.55
   1.42447 -0.0554557       0.55
   1.42578 -0.0552379       0.55
   1.42708 -0.0550211       0.55
   1.42838 -0.0548055       0.55
   1.42968 -0.0545909       0.55
   1.43098 -0.0543774       0.55
   1.43228 -0.0541649       0.55
   1.43358 -0.0539535       0.55
   1.43488 -0.0537431       0.55
   1.43619 -0.0535338       0.55
   1.43749 -0.0533254       0.55
   1.43879 -0.0531182       0.55
   1.44009 -0.0529119       0.55
   1.44139 -0.0527067       0.55
   1.44269 -0.0525024       0.55
   1.44399 -0.0522992       0.55
    1.4453 -0.0520969       0.55
    1.4466 -0.0518957       0.55
    1.4479 -0.0516954       0.55
    1.4492 -0.0514961       0.55
    1.4505 -0.0512978       0.55
    1.4518 -0.0511004       0.55
    1.4531  -0.050904       0.55
    1.4544 -0.0507086       0.55
   1.45571 -0.0505141       0.55
   1.45701 -0.0503205       0.55
   1.45831 -0.0501279       0.55
   1.45961 -0.0499362       0.55
   1.46091 -0.0497455       0.55
   1.46221 -0.0495556       0.55
   1.46351 -0.0493667       0.55
   1.46481 -0.0491787       0.55
   1.46612 -0.0489916       0.55
   1.46742 -0.0488054       0.55
   1.46872 -0.0486201       0.55
   1.47002 -0.0484357       0.55
   1.47132 -0.0482522       0.55
   1.47262 -0.0480695       0.55
   1.47392 -0.0478877       0.55
   1.47523 -0.0477068       0.55
   1.47653 -0.0475268       0.55
   1.47783 -0.0473476       0.55
   1.47913 -0.0471693       0.55
   1.48043 -0.0469918       0.55
   1.48173 -0.0468152       0.55
   1.48303 -0.0466394       0.55
   1.48433 -0.0464644       0.55
   1.48564 -0.0462903       0.55
   1.48694  -0.046117       0.55
   1.48824 -0.0459445       0.55
   1.48954 -0.0457728       0.55
   1.49084 -0.0456019       0.55
   1.49214 -0.0454319       0.55
   1.49344 -0.0452626       0.55
   1.49474 -0.0450942       0.55
   1.49605 -0.0449265       0.55
   1.49735 -0.0447597       0.55
   1.49865 -0.0445936       0.55
   1.49995 -0.0444283       0.55
   1.50125 -0.0442637       0.55
   1.50255    -0.0441       0.55
   1.50385  -0.043937       0.55
   1.50516 -0.0437747       0.55
   1.50646 -0.0436132       0.55
   1.50776 -0.0434525       0.55
   1.50906 -0.0432925       0.55
   1.51036 -0.0431333       0.55
   1.51166 -0.0429748       0.55
   1.51296 -0.0428171       0.55
   1.51426   -0.04266       0.55
   1.51557 -0.0425037       0.55
   1.51687 -0.0423482       0.55
   1.51817 -0.0421933       0.55
   1.51947 -0.0420392       0.55
   1.52077 -0.0418858       0.55
   1.52207 -0.0417331       0.55
   1.52337  -0.041581       0.55
   1.52467 -0.0414297       0.55
   1.52598 -0.0412791       0.55
   1.52728 -0.0411292       0.55
   1.52858   -0.04098       0.55
   1.52988 -0.0408314       0.55
   1.53118 -0.0406835       0.55
   1.53248 -0.0405363       0.55
   1.53378 -0.0403898       0.55
   1.53509  -0.040244       0.55
   1.53639 -0.0400988       0.55
   1.53769 -0.0399543       0.55
   1.53899 -0.0398104       0.55
   1.54029 -0.0396672       0.55
   1.54159 -0.0395246       0.55
   1.54289 -0.0393827       0.55
   1.54419 -0.0392415       0.55
    1.5455 -0.0391009       0.55
    1.5468 -0.0389609       0.55
    1.5481 -0.0388215       0.55
    1.5494 -0.0386828       0.55
    1.5507 -0.0385447       0.55
     1.552 -0.0384072       0.55
    1.5533 -0.0382704       0.55
    1.5546 -0.0381341       0.55
   1.55591 -0.0379985       0.55
   1.55721 -0.0378635       0.55
   1.55851 -0.0377291       0.55
   1.55981 -0.0375953       0.55
   1.56111 -0.0374621       0.55
   1.56241 -0.0373295       0.55
   1.56371 -0.0371975       0.55
   1.56502  -0.037066       0.55
   1.56632 -0.0369352       0.55
   1.56762 -0.0368049       0.55
   1.56892 -0.0366753       0.55
   1.57022 -0.0365462       0.55
   1.57152 -0.0364177       0.55
   1.57282 -0.0362897       0.55
   1.57412 -0.0361623       0.55
   1.57543 -0.0360355       0.55
   1.57673 -0.0359093       0.55
   1.57803 -0.0357836       0.55
   1.57933 -0.0356584       0.55
   1.58063 -0.0355338       0.55
   1.58193 -0.0354098       0.55
   1.58323 -0.0352863       0.55
   1.58453 -0.0351634       0.55
   1.58584  -0.035041       0.55
   1.58714 -0.0349191       0.55
   1.58844 -0.0347978       0.55
   1.58974  -0.034677       0.55
   1.59104 -0.0345567       0.55
   1.59234  -0.034437       0.55
   1.59364 -0.0343178       0.55
   1.59494 -0.0341991       0.55
   1.59625 -0.0340809       0.55
   1.59755 -0.0339632       0.55
   1.59885 -0.0338461       0.55
   1.60015 -0.0337295       0.55
   1.60145 -0.0336133       0.55
   1.60275 -0.0334977       0.55
   1.60405 -0.0333826       0.55
   1.60536  -0.033268       0.55
   1.60666 -0.0331539       0.55
   1.60796 -0.0330403       0.55
   1.60926 -0.0329271       0.55
   1.61056 -0.0328145       0.55
   1.61186 -0.0327023       0.55
   1.61316 -0.0325907       0.55
   1.61446 -0.0324795       0.55
   1.61577 -0.0323688       0.55
   1.61707 -0.0322585       0.55
   1.61837 -0.0321488       0.55
   1.61967 -0.0320395       0.55
   1.62097 -0.0319307       0.55
   1.62227 -0.0318223       0.55
   1.62357 -0.0317144       0.55
   1.62487  -0.031607       0.55
   1.62618    -0.0315       0.55
   1.62748 -0.0313935       0.55
   1.62878 -0.0312875       0.55
   1.63008 -0.0311819       0.55
   1.63138 -0.0310767       0.55
   1.63268 -0.0309721       0.55
   1.63398 -0.0308678       0.55
   1.63529  -0.030764       0.55
   1.63659 -0.0306606       0.55
   1.63789 -0.0305577       0.55
   1.63919 -0.0304552       0.55
   1.64049 -0.0303531       0.55
   1.64179 -0.0302515       0.55
   1.64309 -0.0301503       0.55
   1.64439 -0.0300496       0.55
    1.6457 -0.0299492       0.55
     1.647 -0.0298493       0.55
    1.6483 -0.0297498       0.55
    1.6496 -0.0296507       0.55
    1.6509 -0.0295521       0.55
    1.6522 -0.0294538       0.55
    1.6535  -0.029356       0.55
    1.6548 -0.0292586       0.55
   1.65611 -0.0291615       0.55
   1.65741 -0.0290649       0.55
   1.65871 -0.0289687       0.55
   1.66001 -0.0288729       0.55
   1.66131 -0.0287775       0.55
   1.66261 -0.0286825       0.55
   1.66391 -0.0285879       0.55
   1.66522 -0.0284937       0.55
   1.66652 -0.0283999       0.55
   1.66782 -0.0283065       0.55
   1.66912 -0.0282134       0.55
   1.67042 -0.0281208       0.55
   1.67172 -0.0280285       0.55
   1.67302 -0.0279366       0.55
   1.67432 -0.0278451       0.55
   1.67563  -0.027754       0.55
   1.67693 -0.0276632       0.55
   1.67823 -0.0275729       0.55
   1.67953 -0.0274829       0.55
   1.68083 -0.0273932       0.55
   1.68213  -0.027304       0.55
   1.68343 -0.0272151       0.55
   1.68473 -0.0271265       0.55
   1.68604 -0.0270384       0.55
   1.68734 -0.0269506       0.55
   1.68864 -0.0268631       0.55
   1.68994  -0.026776       0.55
   1.69124 -0.0266893       0.55
   1.69254 -0.0266029       0.55
   1.69384 -0.0265169       0.55
   1.69515 -0.0264313       0.55
   1.69645 -0.0263459       0.55
   1.69775  -0.026261       0.55
   1.69905 -0.0261763       0.55
   1.70035 -0.0260921       0.55
   1.70165 -0.0260081       0.55
   1.70295 -0.0259245       0.55
   1.70425 -0.0258413       0.55
   1.70556 -0.0257584       0.55
   1.70686 -0.0256758       0.55
   1.70816 -0.0255935       0.55
   1.70946 -0.0255116       0.55
   1.71076   -0.02543       0.55
   1.71206 -0.0253488       0.55
   1.71336 -0.0252679       0.55
   1.71466 -0.0251873       0.55
   1.71597  -0.025107       0.55
   1.71727  -0.025027       0.55
   1.71857 -0.0249474       0.55
   1.71987 -0.0248681       0.55
   1.72117 -0.0247891       0.55
   1.72247 -0.0247104       0.55
   1.72377 -0.0246321       0.55
   1.72508  -0.024554       0.55
   1.72638 -0.0244763       0.55
   1.72768 -0.0243989       0.55
   1.72898 -0.0243218       0.55
   1.73028  -0.024245       0.55
   1.73158 -0.0241685       0.55
   1.73288 -0.0240923       0.55
   1.73418 -0.0240164       0.55
   1.73549 -0.0239408       0.55
   1.73679 -0.0238655       0.55
   1.73809 -0.0237905       0.55
   1.73939 -0.0237158       0.55
   1.74069 -0.0236415       0.55
   1.74199 -0.0235674       0.55
   1.74329 -0.0234935       0.55
   1.74459   -0.02342       0.55
    1.7459 -0.0233468       0.55
    1.7472 -0.0232739       0.55
    1.7485 -0.0232012       0.55
    1.7498 -0.0231289       0.55
    1.7511 -0.0230568       0.55
    1.7524  -0.022985       0.55
    1.7537 -0.0229135       0.55
   1.75501 -0.0228423       0.55
   1.75631 -0.0227713       0.55
   1.75761 -0.0227007       0.55
   1.75891 -0.0226303       0.55
   1.76021 -0.0225602       0.55
   1.76151 -0.0224903       0.55
   1.76281 -0.0224208       0.55
   1.76411 -0.0223515       0.55
   1.76542 -0.0222824       0.55
   1.76672 -0.0222137       0.55
   1.76802 -0.0221452       0.55
   1.76932  -0.022077       0.55
   1.77062  -0.022009       0.55
   1.77192 -0.0219413       0.55
   1.77322 -0.0218739       0.55
   1.77452 -0.0218067       0.55
   1.77583 -0.0217398       0.55
   1.77713 -0.0216732       0.55
   1.77843 -0.0216068       0.55
   1.77973 -0.0215407       0.55
   1.78103 -0.0214748       0.55
   1.78233 -0.0214092       0.55
   1.78363 -0.0213438       0.55
   1.78493 -0.0212787       0.55
   1.78624 -0.0212138       0.55
   1.78754 -0.0211492       0.55
   1.78884 -0.0210848       0.55
   1.79014 -0.0210207       0.55
   1.79144 -0.0209568       0.55
   1.79274 -0.0208932       0.55
   1.79404 -0.0208298       0.55
   1.79535 -0.0207667       0.55
   1.79665 -0.0207038       0.55
   1.79795 -0.0206411       0.55
   1.79925 -0.0205787       0.55
   1.80055 -0.0205165       0.55
   1.80185 -0.0204546       0.55
   1.80315 -0.0203929       0.55
   1.80445 -0.0203314       0.55
   1.80576 -0.0202702       0.55
   1.80706 -0.0202092       0.55
   1.80836 -0.0201484       0.55
   1.80966 -0.0200878       0.55
   1.81096 -0.0200275       0.55
   1.81226 -0.0199674       0.55
   1.81356 -0.0199076       0.55
   1.81486  -0.019848       0.55
   1.81617 -0.0197886       0.55
   1.81747 -0.0197294       0.55
   1.81877 -0.0196704       0.55
   1.82007 -0.0196117       0.55
   1.82137 -0.0195532       0.55
   1.82267 -0.0194949       0.55
   1.82397 -0.0194368       0.55
   1.82528  -0.019379       0.55
   1.82658 -0.0193213       0.55
   1.82788 -0.0192639       0.55
   1.82918 -0.0192067       0.55
   1.83048 -0.0191497       0.55
   1.83178 -0.0190929       0.55
   1.83308 -0.0190364       0.55
   1.83438   -0.01898       0.55
   1.83569 -0.0189239       0.55
   1.83699  -0.018868       0.55
   1.83829 -0.0188122       0.55
   1.83959 -0.0187567       0.55
   1.84089 -0.0187014       0.55
   1.84219 -0.0186463       0.55
   1.84349 -0.0185914       0.55
   1.84479 -0.0185367       0.55
    1.8461 -0.0184822       0.55
    1.8474 -0.0184279       0.55
    1.8487 -0.0183739       0.55
      1.85   -0.01832       0.55