 kgrid  ValNew  Policy 
     0.55  -18.3702  0.553904
 0.551301  -18.2171  0.555205
 0.552603  -18.0649  0.555205
 0.553904  -17.9149  0.556507
 0.555205  -17.7661  0.556507
 0.556507  -17.6192  0.557808
 0.557808  -17.4737  0.557808
 0.559109  -17.3297  0.559109
  0.56041  -17.1876  0.559109
 0.561712  -17.0465   0.56041
 0.563013  -16.9074   0.56041
 0.564314  -16.7692  0.561712
 0.565616  -16.6332  0.561712
 0.566917  -16.4977  0.563013
 0.568218  -16.3645  0.564314
  0.56952  -16.2319  0.564314
 0.570821  -16.1014  0.565616
 0.572122  -15.9717  0.565616
 0.573423  -15.8437  0.566917
 0.574725  -15.7168  0.566917
 0.576026  -15.5914  0.568218
 0.577327  -15.4672  0.568218
 0.578629  -15.3442   0.56952
  0.57993  -15.2227   0.56952
 0.581231  -15.1021  0.570821
 0.582533  -14.9832  0.570821
 0.583834   -14.865  0.572122
 0.585135  -14.7486  0.572122
 0.586436  -14.6326  0.573423
 0.587738  -14.5185  0.574725
 0.589039  -14.4049  0.574725
  0.59034   -14.293  0.576026
 0.591642  -14.1818  0.576026
 0.592943  -14.0721  0.577327
 0.594244  -13.9632  0.577327
 0.595546  -13.8555  0.578629
 0.596847  -13.7489  0.578629
 0.598148  -13.6433   0.57993
 0.599449  -13.5388   0.57993
 0.600751  -13.4352  0.581231
 0.602052  -13.3329  0.581231
 0.603353  -13.2313  0.582533
 0.604655  -13.1311  0.582533
 0.605956  -13.0313  0.583834
 0.607257  -12.9331  0.585135
 0.608559  -12.8352  0.585135
  0.60986  -12.7389  0.586436
 0.611161   -12.643  0.586436
 0.612462  -12.5484  0.587738
 0.613764  -12.4544  0.587738
 0.615065  -12.3616  0.589039
 0.616366  -12.2695  0.589039
 0.617668  -12.1784   0.59034
 0.618969  -12.0881   0.59034
  0.62027  -11.9986  0.591642
 0.621572  -11.9102  0.591642
 0.622873  -11.8223  0.592943
 0.624174  -11.7356  0.592943
 0.625475  -11.6494  0.594244
 0.626777  -11.5644  0.594244
 0.628078  -11.4797  0.595546
 0.629379  -11.3963  0.596847
 0.630681  -11.3132  0.596847
 0.631982  -11.2313  0.598148
 0.633283  -11.1498  0.598148
 0.634585  -11.0693  0.599449
 0.635886  -10.9894  0.599449
 0.637187  -10.9104  0.600751
 0.638488   -10.832  0.600751
  0.63979  -10.7544  0.602052
 0.641091  -10.6776  0.602052
 0.642392  -10.6013  0.603353
 0.643694  -10.5259  0.603353
 0.644995   -10.451  0.604655
 0.646296   -10.377  0.604655
 0.647598  -10.3035  0.605956
 0.648899  -10.2309  0.605956
   0.6502  -10.1586  0.607257
 0.651502  -10.0874  0.608559
 0.652803  -10.0163  0.608559
 0.654104  -9.94636   0.60986
 0.655405  -9.87667   0.60986
 0.656707  -9.80788  0.611161
 0.658008  -9.73949  0.611161
 0.659309  -9.67189  0.612462
 0.660611  -9.60478  0.612462
 0.661912  -9.53833  0.613764
 0.663213  -9.47246  0.613764
 0.664515  -9.40715  0.615065
 0.665816  -9.34249  0.615065
 0.667117  -9.27828  0.616366
 0.668418  -9.21481  0.616366
  0.66972   -9.1517  0.617668
 0.671021  -9.08938  0.617668
 0.672322  -9.02733  0.618969
 0.673624  -8.96615  0.618969
 0.674925  -8.90514   0.62027
 0.676226  -8.84501  0.621572
 0.677528  -8.78508  0.621572
 0.678829  -8.72596  0.622873
  0.68013  -8.66711  0.622873
 0.681431  -8.60896  0.624174
 0.682733  -8.55117  0.624174
 0.684034  -8.49399  0.625475
 0.685335  -8.43723  0.625475
 0.686637  -8.38099  0.626777
 0.687938  -8.32525  0.626777
 0.689239  -8.26993  0.628078
 0.690541  -8.21517  0.628078
 0.691842  -8.16077  0.629379
 0.693143  -8.10697  0.629379
 0.694444  -8.05345  0.630681
 0.695746  -8.00061  0.630681
 0.697047  -7.94796  0.631982
 0.698348  -7.89604  0.631982
  0.69965  -7.84424  0.633283
 0.700951  -7.79317  0.634585
 0.702252  -7.74226  0.634585
 0.703554  -7.69201  0.635886
 0.704855  -7.64199  0.635886
 0.706156  -7.59255  0.637187
 0.707457  -7.54339  0.637187
 0.708759  -7.49474  0.638488
  0.71006  -7.44643  0.638488
 0.711361  -7.39855   0.63979
 0.712663  -7.35107   0.63979
 0.713964  -7.30395  0.641091
 0.715265  -7.25728  0.641091
 0.716567   -7.2109  0.642392
 0.717868  -7.16502  0.642392
 0.719169  -7.11938  0.643694
  0.72047  -7.07428  0.643694
 0.721772  -7.02936  0.644995
 0.723073  -6.98502  0.644995
 0.724374  -6.94079  0.646296
 0.725676  -6.89717  0.647598
 0.726977  -6.85367  0.647598
 0.728278  -6.81072  0.648899
  0.72958  -6.76794  0.648899
 0.730881  -6.72567    0.6502
 0.732182   -6.6836    0.6502
 0.733483  -6.64198  0.651502
 0.734785  -6.60061  0.651502
 0.736086  -6.55963  0.652803
 0.737387  -6.51894  0.652803
 0.738689  -6.47859  0.654104
  0.73999  -6.43858  0.654104
 0.741291  -6.39884  0.655405
 0.742593  -6.35948  0.655405
 0.743894  -6.32035  0.656707
 0.745195  -6.28164  0.656707
 0.746496   -6.2431  0.658008
 0.747798  -6.20502  0.658008
 0.749099  -6.16706  0.659309
   0.7504   -6.1296  0.659309
 0.751702  -6.09221  0.660611
 0.753003  -6.05532  0.661912
 0.754304  -6.01853  0.661912
 0.755606   -5.9822  0.663213
 0.756907    -5.946  0.663213
 0.758208   -5.9102  0.664515
  0.75951  -5.87459  0.664515
 0.760811  -5.83933  0.665816
 0.762112  -5.80428  0.665816
 0.763413  -5.76954  0.667117
 0.764715  -5.73505  0.667117
 0.766016  -5.70083  0.668418
 0.767317  -5.66688  0.668418
 0.768619  -5.63316   0.66972
  0.76992  -5.59976   0.66972
 0.771221  -5.56653  0.671021
 0.772523  -5.53365  0.671021
 0.773824  -5.50092  0.672322
 0.775125  -5.46855  0.672322
 0.776426  -5.43629  0.673624
 0.777728  -5.40443  0.673624
 0.779029  -5.37264  0.674925
  0.78033  -5.34126  0.676226
 0.781632  -5.30995  0.676226
 0.782933  -5.27902  0.677528
 0.784234   -5.2482  0.677528
 0.785536  -5.21771  0.678829
 0.786837  -5.18737  0.678829
 0.788138  -5.15732   0.68013
 0.789439  -5.12744   0.68013
 0.790741  -5.09783  0.681431
 0.792042  -5.06841  0.681431
 0.793343  -5.03922  0.682733
 0.794645  -5.01024  0.682733
 0.795946  -4.98147  0.684034
 0.797247  -4.95294  0.684034
 0.798549  -4.92457  0.685335
  0.79985  -4.89647  0.685335
 0.801151  -4.86851  0.686637
 0.802452  -4.84083  0.686637
 0.803754  -4.81327  0.687938
 0.805055  -4.78601  0.687938
 0.806356  -4.75883  0.689239
 0.807658  -4.73198  0.689239
 0.808959  -4.70518  0.690541
  0.81026  -4.67871  0.691842
 0.811562  -4.65231  0.691842
 0.812863   -4.6262  0.693143
 0.814164   -4.6002  0.693143
 0.815465  -4.57446  0.694444
 0.816767  -4.54884  0.694444
 0.818068  -4.52346  0.695746
 0.819369  -4.49821  0.695746
 0.820671  -4.47318  0.697047
 0.821972  -4.44831  0.697047
 0.823273  -4.42363  0.698348
 0.824575  -4.39912  0.698348
 0.825876  -4.37478   0.69965
 0.827177  -4.35063   0.69965
 0.828478  -4.32662  0.700951
  0.82978  -4.30282  0.700951
 0.831081  -4.27914  0.702252
 0.832382  -4.25569  0.702252
 0.833684  -4.23233  0.703554
 0.834985  -4.20922  0.703554
 0.836286  -4.18617  0.704855
 0.837588   -4.1634  0.704855
 0.838889  -4.14067  0.706156
  0.84019   -4.1182  0.707457
 0.841491  -4.09579  0.707457
 0.842793  -4.07363  0.708759
 0.844094  -4.05154  0.708759
 0.845395  -4.02968   0.71006
 0.846697  -4.00791   0.71006
 0.847998  -3.98634  0.711361
 0.849299  -3.96488  0.711361
 0.850601  -3.94359  0.712663
 0.851902  -3.92244  0.712663
 0.853203  -3.90144  0.713964
 0.854505  -3.88058  0.713964
 0.855806  -3.85986  0.715265
 0.857107  -3.83929  0.715265
 0.858408  -3.81885  0.716567
  0.85971  -3.79857  0.716567
 0.861011   -3.7784  0.717868
 0.862312   -3.7584  0.717868
 0.863614   -3.7385  0.719169
 0.864915  -3.71878  0.719169
 0.866216  -3.69913   0.72047
 0.867518  -3.67969   0.72047
 0.868819   -3.6603  0.721772
  0.87012  -3.64113  0.721772
 0.871421    -3.622  0.723073
 0.872723  -3.60308  0.724374
 0.874024   -3.5842  0.724374
 0.875325  -3.56553  0.725676
 0.876627  -3.54691  0.725676
 0.877928  -3.52848  0.726977
 0.879229  -3.51012  0.726977
 0.880531  -3.49193  0.728278
 0.881832  -3.47382  0.728278
 0.883133  -3.45586   0.72958
 0.884434    -3.438   0.72958
 0.885736  -3.42027  0.730881
 0.887037  -3.40266  0.730881
 0.888338  -3.38515  0.732182
  0.88964  -3.36777  0.732182
 0.890941   -3.3505  0.733483
 0.892242  -3.33335  0.733483
 0.893544  -3.31629  0.734785
 0.894845  -3.29938  0.734785
 0.896146  -3.28254  0.736086
 0.897447  -3.26585  0.736086
 0.898749  -3.24922  0.737387
  0.90005  -3.23276  0.737387
 0.901351  -3.21634  0.738689
 0.902653   -3.2001  0.738689
 0.903954  -3.18389   0.73999
 0.905255  -3.16786  0.741291
 0.906557  -3.15185  0.741291
 0.907858  -3.13602  0.742593
 0.909159  -3.12023  0.742593
  0.91046   -3.1046  0.743894
 0.911762  -3.08901  0.743894
 0.913063  -3.07358  0.745195
 0.914364   -3.0582  0.745195
 0.915666  -3.04295  0.746496
 0.916967  -3.02778  0.746496
 0.918268  -3.01272  0.747798
  0.91957  -2.99774  0.747798
 0.920871  -2.98287  0.749099
 0.922172  -2.96809  0.749099
 0.923473   -2.9534    0.7504
 0.924775  -2.93882    0.7504
 0.926076  -2.92431  0.751702
 0.927377  -2.90991  0.751702
 0.928679  -2.89558  0.753003
  0.92998  -2.88137  0.753003
 0.931281  -2.86721  0.754304
 0.932583  -2.85318  0.754304
 0.933884   -2.8392  0.755606
 0.935185  -2.82535  0.755606
 0.936486  -2.81154  0.756907
 0.937788  -2.79787  0.756907
 0.939089  -2.78422  0.758208
  0.94039  -2.77072   0.75951
 0.941692  -2.75725   0.75951
 0.942993  -2.74391  0.760811
 0.944294  -2.73061  0.760811
 0.945596  -2.71743  0.762112
 0.946897   -2.7043  0.762112
 0.948198  -2.69128  0.763413
 0.949499  -2.67831  0.763413
 0.950801  -2.66545  0.764715
 0.952102  -2.65264  0.764715
 0.953403  -2.63993  0.766016
 0.954705  -2.62729  0.766016
 0.956006  -2.61473  0.767317
 0.957307  -2.60225  0.767317
 0.958609  -2.58984  0.768619
  0.95991  -2.57751  0.768619
 0.961211  -2.56525   0.76992
 0.962513  -2.55308   0.76992
 0.963814  -2.54096  0.771221
 0.965115  -2.52894  0.771221
 0.966416  -2.51697  0.772523
 0.967718  -2.50509  0.772523
 0.969019  -2.49326  0.773824
  0.97032  -2.48154  0.773824
 0.971622  -2.46984  0.775125
 0.972923  -2.45826  0.775125
 0.974224   -2.4467  0.776426
 0.975526  -2.43527  0.776426
 0.976827  -2.42384  0.777728
 0.978128  -2.41254  0.779029
 0.979429  -2.40126  0.779029
 0.980731  -2.39009   0.78033
 0.982032  -2.37894   0.78033
 0.983333   -2.3679  0.781632
 0.984635  -2.35689  0.781632
 0.985936  -2.34597  0.782933
 0.987237   -2.3351  0.782933
 0.988539  -2.32431  0.784234
  0.98984  -2.31356  0.784234
 0.991141   -2.3029  0.785536
 0.992442  -2.29229  0.785536
 0.993744  -2.28174  0.786837
 0.995045  -2.27126  0.786837
 0.996346  -2.26084  0.788138
 0.997648  -2.25048  0.788138
 0.998949  -2.24017  0.789439
  1.00025  -2.22994  0.789439
  1.00155  -2.21975  0.790741
  1.00285  -2.20964  0.790741
  1.00415  -2.19957  0.792042
  1.00546  -2.18958  0.792042
  1.00676  -2.17962  0.793343
  1.00806  -2.16975  0.793343
  1.00936  -2.15991  0.794645
  1.01066  -2.15015  0.794645
  1.01196  -2.14042  0.795946
  1.01326  -2.13078  0.795946
  1.01456  -2.12116  0.797247
  1.01587  -2.11163  0.798549
  1.01717  -2.10212  0.798549
  1.01847   -2.0927   0.79985
  1.01977  -2.08329   0.79985
  1.02107  -2.07398  0.801151
  1.02237  -2.06469  0.801151
  1.02367  -2.05548  0.802452
  1.02497  -2.04629  0.802452
  1.02628  -2.03718  0.803754
  1.02758  -2.02811  0.803754
  1.02888   -2.0191  0.805055
  1.03018  -2.01013  0.805055
  1.03148  -2.00122  0.806356
  1.03278  -1.99236  0.806356
  1.03408  -1.98355  0.807658
  1.03539  -1.97478  0.807658
  1.03669  -1.96607  0.808959
  1.03799  -1.95741  0.808959
  1.03929  -1.94879   0.81026
  1.04059  -1.94023   0.81026
  1.04189  -1.93171  0.811562
  1.04319  -1.92324  0.811562
  1.04449  -1.91481  0.812863
   1.0458  -1.90645  0.812863
   1.0471  -1.89811  0.814164
   1.0484  -1.88984  0.814164
   1.0497  -1.88159  0.815465
    1.051  -1.87342  0.815465
   1.0523  -1.86526  0.816767
   1.0536  -1.85717  0.816767
   1.0549  -1.84911  0.818068
  1.05621  -1.84111  0.818068
  1.05751  -1.83313  0.819369
  1.05881  -1.82523  0.820671
  1.06011  -1.81733  0.820671
  1.06141  -1.80952  0.821972
  1.06271  -1.80171  0.821972
  1.06401  -1.79398  0.823273
  1.06532  -1.78626  0.823273
  1.06662  -1.77861  0.824575
  1.06792  -1.77098  0.824575
  1.06922  -1.76341  0.825876
  1.07052  -1.75586  0.825876
  1.07182  -1.74837  0.827177
  1.07312  -1.74091  0.827177
  1.07442   -1.7335  0.828478
  1.07573  -1.72613  0.828478
  1.07703  -1.71879   0.82978
  1.07833   -1.7115   0.82978
  1.07963  -1.70424  0.831081
  1.08093  -1.69703  0.831081
  1.08223  -1.68985  0.832382
  1.08353  -1.68272  0.832382
  1.08483  -1.67562  0.833684
  1.08614  -1.66856  0.833684
  1.08744  -1.66153  0.834985
  1.08874  -1.65455  0.834985
  1.09004   -1.6476  0.836286
  1.09134   -1.6407  0.836286
  1.09264  -1.63382  0.837588
  1.09394  -1.62699  0.837588
  1.09525  -1.62018  0.838889
  1.09655  -1.61343  0.838889
  1.09785  -1.60669   0.84019
  1.09915  -1.60002   0.84019
  1.10045  -1.59335  0.841491
  1.10175  -1.58674  0.842793
  1.10305  -1.58014  0.842793
  1.10435  -1.57361  0.844094
  1.10566  -1.56708  0.844094
  1.10696  -1.56061  0.845395
  1.10826  -1.55415  0.845395
  1.10956  -1.54775  0.846697
  1.11086  -1.54136  0.846697
  1.11216  -1.53502  0.847998
  1.11346  -1.52871  0.847998
  1.11476  -1.52243  0.849299
  1.11607  -1.51618  0.849299
  1.11737  -1.50998  0.850601
  1.11867  -1.50379  0.850601
  1.11997  -1.49765  0.851902
  1.12127  -1.49153  0.851902
  1.12257  -1.48545  0.853203
  1.12387  -1.47939  0.853203
  1.12518  -1.47337  0.854505
  1.12648  -1.46739  0.854505
  1.12778  -1.46143  0.855806
  1.12908   -1.4555  0.855806
  1.13038   -1.4496  0.857107
  1.13168  -1.44374  0.857107
  1.13298   -1.4379  0.858408
  1.13428   -1.4321  0.858408
  1.13559  -1.42632   0.85971
  1.13689  -1.42058   0.85971
  1.13819  -1.41486  0.861011
  1.13949  -1.40918  0.861011
  1.14079  -1.40352  0.862312
  1.14209   -1.3979  0.862312
  1.14339  -1.39229  0.863614
  1.14469  -1.38673  0.863614
    1.146  -1.38117  0.864915
   1.1473  -1.37567  0.864915
   1.1486  -1.37017  0.866216
   1.1499  -1.36473  0.867518
   1.1512  -1.35929  0.867518
   1.1525  -1.35389  0.868819
   1.1538  -1.34851  0.868819
  1.15511  -1.34317   0.87012
  1.15641  -1.33784   0.87012
  1.15771  -1.33255  0.871421
  1.15901  -1.32728  0.871421
  1.16031  -1.32205  0.872723
  1.16161  -1.31683  0.872723
  1.16291  -1.31164  0.874024
  1.16421  -1.30648  0.874024
  1.16552  -1.30135  0.875325
  1.16682  -1.29623  0.875325
  1.16812  -1.29115  0.876627
  1.16942  -1.28609  0.876627
  1.17072  -1.28106  0.877928
  1.17202  -1.27605  0.877928
  1.17332  -1.27107  0.879229
  1.17462  -1.26611  0.879229
  1.17593  -1.26117  0.880531
  1.17723  -1.25627  0.880531
  1.17853  -1.25138  0.881832
  1.17983  -1.24652  0.881832
  1.18113  -1.24168  0.883133
  1.18243  -1.23688  0.883133
  1.18373  -1.23208  0.884434
  1.18504  -1.22732  0.884434
  1.18634  -1.22258  0.885736
  1.18764  -1.21786  0.885736
  1.18894  -1.21316  0.887037
  1.19024   -1.2085  0.887037
  1.19154  -1.20384  0.888338
  1.19284  -1.19923  0.888338
  1.19414  -1.19462   0.88964
  1.19545  -1.19004   0.88964
  1.19675  -1.18548  0.890941
  1.19805  -1.18095  0.892242
  1.19935  -1.17643  0.892242
  1.20065  -1.17194  0.893544
  1.20195  -1.16747  0.893544
  1.20325  -1.16303  0.894845
  1.20455  -1.15859  0.894845
  1.20586   -1.1542  0.896146
  1.20716  -1.14981  0.896146
  1.20846  -1.14545  0.897447
  1.20976   -1.1411  0.897447
  1.21106  -1.13679  0.898749
  1.21236  -1.13249  0.898749
  1.21366  -1.12821   0.90005
  1.21496  -1.12395   0.90005
  1.21627  -1.11972  0.901351
  1.21757   -1.1155  0.901351
  1.21887   -1.1113  0.902653
  1.22017  -1.10712  0.902653
  1.22147  -1.10297  0.903954
  1.22277  -1.09883  0.903954
  1.22407  -1.09472  0.905255
  1.22538  -1.09062  0.905255
  1.22668  -1.08654  0.906557
  1.22798  -1.08249  0.906557
  1.22928  -1.07845  0.907858
  1.23058  -1.07443  0.907858
  1.23188  -1.07043  0.909159
  1.23318  -1.06645  0.909159
  1.23448  -1.06248   0.91046
  1.23579  -1.05854   0.91046
  1.23709  -1.05462  0.911762
  1.23839  -1.05071  0.911762
  1.23969  -1.04682  0.913063
  1.24099  -1.04296  0.913063
  1.24229   -1.0391  0.914364
  1.24359  -1.03528  0.914364
  1.24489  -1.03146  0.915666
   1.2462  -1.02766  0.915666
   1.2475  -1.02388  0.916967
   1.2488  -1.02013  0.916967
   1.2501  -1.01638  0.918268
   1.2514  -1.01266   0.91957
   1.2527  -1.00894   0.91957
    1.254  -1.00526  0.920871
  1.25531  -1.00158  0.920871
  1.25661 -0.997924  0.922172
  1.25791 -0.994279  0.922172
  1.25921 -0.990661  0.923473
  1.26051 -0.987051  0.923473
  1.26181 -0.983466  0.924775
  1.26311 -0.979889  0.924775
  1.26441 -0.976337  0.926076
  1.26572 -0.972794  0.926076
  1.26702 -0.969274  0.927377
  1.26832 -0.965765  0.927377
  1.26962 -0.962276  0.928679
  1.27092   -0.9588  0.928679
  1.27222 -0.955343   0.92998
  1.27352 -0.951899   0.92998
  1.27482 -0.948473  0.931281
  1.27613 -0.945061  0.931281
  1.27743 -0.941666  0.932583
  1.27873 -0.938287  0.932583
  1.28003 -0.934922  0.933884
  1.28133 -0.931574  0.933884
  1.28263 -0.928239  0.935185
  1.28393 -0.924922  0.935185
  1.28524 -0.921618  0.936486
  1.28654 -0.918331  0.936486
  1.28784 -0.915056  0.937788
  1.28914   -0.9118  0.937788
  1.29044 -0.908554  0.939089
  1.29174 -0.905328  0.939089
  1.29304 -0.902111   0.94039
  1.29434 -0.898915   0.94039
  1.29565 -0.895727  0.941692
  1.29695  -0.89256  0.941692
  1.29825 -0.889399  0.942993
  1.29955 -0.886262  0.942993
  1.30085 -0.883129  0.944294
  1.30215 -0.880021  0.944294
  1.30345 -0.876916  0.945596
  1.30475 -0.873835  0.945596
  1.30606 -0.870758  0.946897
  1.30736 -0.867705  0.948198
  1.30866 -0.864655  0.948198
  1.30996 -0.861629  0.949499
  1.31126 -0.858607  0.949499
  1.31256 -0.855607  0.950801
  1.31386 -0.852612  0.950801
  1.31517 -0.849639  0.952102
  1.31647 -0.846672  0.952102
  1.31777 -0.843724  0.953403
  1.31907 -0.840783  0.953403
  1.32037 -0.837862  0.954705
  1.32167 -0.834948  0.954705
  1.32297 -0.832051  0.956006
  1.32427 -0.829163  0.956006
  1.32558 -0.826292  0.957307
  1.32688  -0.82343  0.957307
  1.32818 -0.820584  0.958609
  1.32948 -0.817748  0.958609
  1.33078 -0.814926   0.95991
  1.33208 -0.812115   0.95991
  1.33338 -0.809318  0.961211
  1.33468 -0.806532  0.961211
  1.33599 -0.803759  0.962513
  1.33729 -0.800998  0.962513
  1.33859 -0.798248  0.963814
  1.33989 -0.795512  0.963814
  1.34119 -0.792786  0.965115
  1.34249 -0.790074  0.965115
  1.34379 -0.787371  0.966416
   1.3451 -0.784683  0.966416
   1.3464 -0.782004  0.967718
   1.3477  -0.77934  0.967718
    1.349 -0.776683  0.969019
   1.3503 -0.774043  0.969019
   1.3516 -0.771409   0.97032
   1.3529 -0.768791   0.97032
   1.3542  -0.76618  0.971622
  1.35551 -0.763585  0.971622
  1.35681 -0.760996  0.972923
  1.35811 -0.758424  0.972923
  1.35941 -0.755857  0.974224
  1.36071 -0.753308  0.974224
  1.36201 -0.750762  0.975526
  1.36331 -0.748235  0.975526
  1.36461 -0.745711  0.976827
  1.36592 -0.743206  0.976827
  1.36722 -0.740703  0.978128
  1.36852  -0.73822  0.979429
  1.36982 -0.735739  0.979429
  1.37112 -0.733276  0.980731
  1.37242 -0.730816  0.980731
  1.37372 -0.728374  0.982032
  1.37503 -0.725936  0.982032
  1.37633 -0.723514  0.983333
  1.37763 -0.721097  0.983333
  1.37893 -0.718695  0.984635
  1.38023 -0.716299  0.984635
  1.38153 -0.713918  0.985936
  1.38283 -0.711542  0.985936
  1.38413  -0.70918  0.987237
  1.38544 -0.706825  0.987237
  1.38674 -0.704483  0.988539
  1.38804 -0.702148  0.988539
  1.38934 -0.699826   0.98984
  1.39064  -0.69751   0.98984
  1.39194 -0.695207  0.991141
  1.39324 -0.692912  0.991141
  1.39454 -0.690628  0.992442
  1.39585 -0.688352  0.992442
  1.39715 -0.686087  0.993744
  1.39845  -0.68383  0.993744
  1.39975 -0.681584  0.995045
  1.40105 -0.679347  0.995045
  1.40235 -0.677118  0.996346
  1.40365   -0.6749  0.996346
  1.40495  -0.67269  0.997648
  1.40626 -0.670491  0.997648
  1.40756 -0.668299  0.998949
  1.40886 -0.666118  0.998949
  1.41016 -0.663944   1.00025
  1.41146 -0.661782   1.00025
  1.41276 -0.659626   1.00155
  1.41406 -0.657482   1.00155
  1.41537 -0.655343   1.00285
  1.41667 -0.653217   1.00285
  1.41797 -0.651096   1.00415
  1.41927 -0.648988   1.00415
  1.42057 -0.646884   1.00546
  1.42187 -0.644793   1.00546
  1.42317 -0.642706   1.00676
  1.42447 -0.640633   1.00676
  1.42578 -0.638563   1.00806
  1.42708 -0.636508   1.00806
  1.42838 -0.634454   1.00936
  1.42968 -0.632416   1.00936
  1.43098 -0.630379   1.01066
  1.43228 -0.628357   1.01196
  1.43358 -0.626337   1.01196
  1.43488 -0.624331   1.01326
  1.43619 -0.622328   1.01326
  1.43749 -0.620338   1.01456
  1.43879 -0.618352   1.01456
  1.44009 -0.616378   1.01587
  1.44139 -0.614408   1.01587
  1.44269  -0.61245   1.01717
  1.44399 -0.610496   1.01717
   1.4453 -0.608554   1.01847
   1.4466 -0.606615   1.01847
   1.4479 -0.604689   1.01977
   1.4492 -0.602767   1.01977
   1.4505 -0.600855   1.02107
   1.4518 -0.598949   1.02107
   1.4531 -0.597053   1.02237
   1.4544 -0.595162   1.02237
  1.45571 -0.593281   1.02367
  1.45701 -0.591406   1.02367
  1.45831  -0.58954   1.02497
  1.45961  -0.58768   1.02497
  1.46091 -0.585828   1.02628
  1.46221 -0.583983   1.02628
  1.46351 -0.582147   1.02758
  1.46481 -0.580317   1.02758
  1.46612 -0.578494   1.02888
  1.46742 -0.576679   1.02888
  1.46872 -0.574871   1.03018
  1.47002 -0.573071   1.03018
  1.47132 -0.571277   1.03148
  1.47262 -0.569491   1.03148
  1.47392 -0.567712   1.03278
  1.47523  -0.56594   1.03278
  1.47653 -0.564175   1.03408
  1.47783 -0.562418   1.03408
  1.47913 -0.560666   1.03539
  1.48043 -0.558923   1.03539
  1.48173 -0.557184   1.03669
  1.48303 -0.555455   1.03669
  1.48433  -0.55373   1.03799
  1.48564 -0.552015   1.03799
  1.48694 -0.550304   1.03929
  1.48824 -0.548603   1.03929
  1.48954 -0.546904   1.04059
  1.49084 -0.545217   1.04059
  1.49214 -0.543532   1.04189
  1.49344 -0.541857   1.04189
  1.49474 -0.540185   1.04319
  1.49605 -0.538524   1.04319
  1.49735 -0.536865   1.04449
  1.49865 -0.535218   1.04449
  1.49995 -0.533571    1.0458
  1.50125 -0.531937    1.0458
  1.50255 -0.530303    1.0471
  1.50385 -0.528681    1.0484
  1.50516  -0.52706    1.0484
  1.50646 -0.525451    1.0497
  1.50776 -0.523843    1.0497
  1.50906 -0.522245     1.051
  1.51036  -0.52065     1.051
  1.51166 -0.519065    1.0523
  1.51296 -0.517482    1.0523
  1.51426 -0.515909    1.0536
  1.51557 -0.514339    1.0536
  1.51687 -0.512778    1.0549
  1.51817  -0.51122    1.0549
  1.51947 -0.509671   1.05621
  1.52077 -0.508125   1.05621
  1.52207 -0.506588   1.05751
  1.52337 -0.505054   1.05751
  1.52467 -0.503529   1.05881
  1.52598 -0.502007   1.05881
  1.52728 -0.500493   1.06011
  1.52858 -0.498983   1.06011
  1.52988  -0.49748   1.06141
  1.53118 -0.495982   1.06141
  1.53248 -0.494491   1.06271
  1.53378 -0.493004   1.06271
  1.53509 -0.491524   1.06401
  1.53639 -0.490049   1.06401
  1.53769  -0.48858   1.06532
  1.53899 -0.487117   1.06532
  1.54029 -0.485659   1.06662
  1.54159 -0.484207   1.06662
  1.54289  -0.48276   1.06792
  1.54419 -0.481318   1.06792
   1.5455 -0.479882   1.06922
   1.5468 -0.478452   1.06922
   1.5481 -0.477027   1.07052
   1.5494 -0.475608   1.07052
   1.5507 -0.474193   1.07182
    1.552 -0.472785   1.07182
   1.5533 -0.471381   1.07312
   1.5546 -0.469984   1.07312
  1.55591  -0.46859   1.07442
  1.55721 -0.467203   1.07442
  1.55851  -0.46582   1.07573
  1.55981 -0.464444   1.07573
  1.56111 -0.463071   1.07703
  1.56241 -0.461705   1.07703
  1.56371 -0.460342   1.07833
  1.56502 -0.458987   1.07833
  1.56632 -0.457634   1.07963
  1.56762 -0.456289   1.07963
  1.56892 -0.454946   1.08093
  1.57022 -0.453611   1.08093
  1.57152 -0.452278   1.08223
  1.57282 -0.450954   1.08223
  1.57412  -0.44963   1.08353
  1.57543 -0.448316   1.08353
  1.57673 -0.447002   1.08483
  1.57803 -0.445698   1.08483
  1.57933 -0.444394   1.08614
  1.58063 -0.443099   1.08744
  1.58193 -0.441805   1.08744
  1.58323 -0.440519   1.08874
  1.58453 -0.439235   1.08874
  1.58584 -0.437958   1.09004
  1.58714 -0.436684   1.09004
  1.58844 -0.435417   1.09134
  1.58974 -0.434152   1.09134
  1.59104 -0.432894   1.09264
  1.59234 -0.431638   1.09264
  1.59364  -0.43039   1.09394
  1.59494 -0.429143   1.09394
  1.59625 -0.427904   1.09525
  1.59755 -0.426667   1.09525
  1.59885 -0.425436   1.09655
  1.60015 -0.424208   1.09655
  1.60145 -0.422987   1.09785
  1.60275 -0.421768   1.09785
  1.60405 -0.420555   1.09915
  1.60536 -0.419346   1.09915
  1.60666 -0.418142   1.10045
  1.60796 -0.416941   1.10045
  1.60926 -0.415745   1.10175
  1.61056 -0.414554   1.10175
  1.61186 -0.413367   1.10305
  1.61316 -0.412184   1.10305
  1.61446 -0.411005   1.10435
  1.61577 -0.409831   1.10435
  1.61707 -0.408661   1.10566
  1.61837 -0.407496   1.10566
  1.61967 -0.406334   1.10696
  1.62097 -0.405177   1.10696
  1.62227 -0.404024   1.10826
  1.62357 -0.402875   1.10826
  1.62487  -0.40173   1.10956
  1.62618  -0.40059   1.10956
  1.62748 -0.399453   1.11086
  1.62878 -0.398321   1.11086
  1.63008 -0.397193   1.11216
  1.63138 -0.396069   1.11216
  1.63268 -0.394948   1.11346
  1.63398 -0.393833   1.11346
  1.63529  -0.39272   1.11476
  1.63659 -0.391613   1.11476
  1.63789 -0.390508   1.11607
  1.63919 -0.389409   1.11607
  1.64049 -0.388312   1.11737
  1.64179  -0.38722   1.11737
  1.64309 -0.386131   1.11867
  1.64439 -0.385048   1.11867
   1.6457 -0.383966   1.11997
    1.647  -0.38289   1.11997
   1.6483 -0.381816   1.12127
   1.6496 -0.380749   1.12127
   1.6509 -0.379682   1.12257
   1.6522 -0.378622   1.12257
   1.6535 -0.377563   1.12387
   1.6548  -0.37651   1.12387
  1.65611 -0.375459   1.12518
  1.65741 -0.374414   1.12518
  1.65871  -0.37337   1.12648
  1.66001 -0.372332   1.12648
  1.66131 -0.371295   1.12778
  1.66261 -0.370265   1.12908
  1.66391 -0.369236   1.12908
  1.66522 -0.368213   1.13038
  1.66652  -0.36719   1.13038
  1.66782 -0.366175   1.13168
  1.66912  -0.36516   1.13168
  1.67042 -0.364151   1.13298
  1.67172 -0.363143   1.13298
  1.67302 -0.362141   1.13428
  1.67432 -0.361141   1.13428
  1.67563 -0.360146   1.13559
  1.67693 -0.359153   1.13559
  1.67823 -0.358165   1.13689
  1.67953 -0.357178   1.13689
  1.68083 -0.356197   1.13819
  1.68213 -0.355218   1.13819
  1.68343 -0.354243   1.13949
  1.68473 -0.353271   1.13949
  1.68604 -0.352303   1.14079
  1.68734 -0.351337   1.14079
  1.68864 -0.350376   1.14209
  1.68994 -0.349418   1.14209
  1.69124 -0.348463   1.14339
  1.69254 -0.347511   1.14339
  1.69384 -0.346563   1.14469
  1.69515 -0.345618   1.14469
  1.69645 -0.344676     1.146
  1.69775 -0.343738     1.146
  1.69905 -0.342803    1.1473
  1.70035 -0.341871    1.1473
  1.70165 -0.340942    1.1486
  1.70295 -0.340016    1.1486
  1.70425 -0.339094    1.1499
  1.70556 -0.338175    1.1499
  1.70686 -0.337259    1.1512
  1.70816 -0.336346    1.1512
  1.70946 -0.335436    1.1525
  1.71076  -0.33453    1.1525
  1.71206 -0.333626    1.1538
  1.71336 -0.332726    1.1538
  1.71466 -0.331829   1.15511
  1.71597 -0.330935   1.15511
  1.71727 -0.330043   1.15641
  1.71857 -0.329156   1.15641
  1.71987  -0.32827   1.15771
  1.72117 -0.327389   1.15771
  1.72247 -0.326509   1.15901
  1.72377 -0.325634   1.15901
  1.72508  -0.32476   1.16031
  1.72638 -0.323891   1.16031
  1.72768 -0.323023   1.16161
  1.72898  -0.32216   1.16161
  1.73028 -0.321298   1.16291
  1.73158  -0.32044   1.16291
  1.73288 -0.319584   1.16421
  1.73418 -0.318733   1.16421
  1.73549 -0.317882   1.16552
  1.73679 -0.317037   1.16552
  1.73809 -0.316192   1.16682
  1.73939 -0.315352   1.16682
  1.74069 -0.314513   1.16812
  1.74199 -0.313679   1.16812
  1.74329 -0.312845   1.16942
  1.74459 -0.312017   1.16942
   1.7459 -0.311189   1.17072
   1.7472 -0.310366   1.17072
   1.7485 -0.309544   1.17202
   1.7498 -0.308726   1.17202
   1.7511  -0.30791   1.17332
   1.7524 -0.307098   1.17332
   1.7537 -0.306286   1.17462
  1.75501  -0.30548   1.17593
  1.75631 -0.304674   1.17593
  1.75761 -0.303873   1.17723
  1.75891 -0.303073   1.17723
  1.76021 -0.302277   1.17853
  1.76151 -0.301482   1.17853
  1.76281 -0.300691   1.17983
  1.76411 -0.299902   1.17983
  1.76542 -0.299116   1.18113
  1.76672 -0.298332   1.18113
  1.76802 -0.297552   1.18243
  1.76932 -0.296773   1.18243
  1.77062 -0.295998   1.18373
  1.77192 -0.295224   1.18373
  1.77322 -0.294454   1.18504
  1.77452 -0.293685   1.18504
  1.77583  -0.29292   1.18634
  1.77713 -0.292157   1.18634
  1.77843 -0.291397   1.18764
  1.77973 -0.290638   1.18764
  1.78103 -0.289883   1.18894
  1.78233  -0.28913   1.18894
  1.78363  -0.28838   1.19024
  1.78493 -0.287632   1.19024
  1.78624 -0.286887   1.19154
  1.78754 -0.286143   1.19154
  1.78884 -0.285403   1.19284
  1.79014 -0.284664   1.19284
  1.79144 -0.283929   1.19414
  1.79274 -0.283196   1.19414
  1.79404 -0.282465   1.19545
  1.79535 -0.281736   1.19545
  1.79665  -0.28101   1.19675
  1.79795 -0.280286   1.19675
  1.79925 -0.279565   1.19805
  1.80055 -0.278846   1.19805
  1.80185  -0.27813   1.19935
  1.80315 -0.277415   1.19935
  1.80445 -0.276703   1.20065
  1.80576 -0.275994   1.20065
  1.80706 -0.275286   1.20195
  1.80836 -0.274581   1.20195
  1.80966 -0.273879   1.20325
  1.81096 -0.273178   1.20325
  1.81226  -0.27248   1.20455
  1.81356 -0.271784   1.20455
  1.81486  -0.27109   1.20586
  1.81617 -0.270399   1.20586
  1.81747  -0.26971   1.20716
  1.81877 -0.269023   1.20716
  1.82007 -0.268338   1.20846
  1.82137 -0.267656   1.20846
  1.82267 -0.266976   1.20976
  1.82397 -0.266298   1.20976
  1.82528 -0.265622   1.21106
  1.82658 -0.264948   1.21106
  1.82788 -0.264276   1.21236
  1.82918 -0.263608   1.21236
  1.83048  -0.26294   1.21366
  1.83178 -0.262275   1.21366
  1.83308 -0.261612   1.21496
  1.83438 -0.260952   1.21496
  1.83569 -0.260292   1.21627
  1.83699 -0.259637   1.21627
  1.83829 -0.258982   1.21757
  1.83959  -0.25833   1.21757
  1.84089 -0.257679   1.21887
  1.84219 -0.257031   1.21887
  1.84349 -0.256385   1.22017
  1.84479 -0.255741   1.22017
   1.8461 -0.255099   1.22147
   1.8474 -0.254459   1.22147
   1.8487 -0.253821   1.22277
     1.85 -0.253186   1.22277