 kgrid  ValNew  Policy 
     0.55  -14.9889  0.570821
 0.551301  -14.8681  0.572122
 0.552603  -14.7492  0.572122
 0.553904  -14.6308  0.573423
 0.555205  -14.5143  0.574725
 0.556507  -14.3984  0.574725
 0.557808  -14.2842  0.576026
 0.559109  -14.1708  0.576026
  0.56041  -14.0588  0.577327
 0.561712  -13.9478  0.577327
 0.563013   -13.838  0.578629
 0.564314  -13.7294  0.578629
 0.565616  -13.6217   0.57993
 0.566917  -13.5155   0.57993
 0.568218  -13.4098  0.581231
  0.56952  -13.3058  0.582533
 0.570821  -13.2022  0.582533
 0.572122  -13.1001  0.583834
 0.573423  -12.9987  0.583834
 0.574725  -12.8986  0.585135
 0.576026  -12.7994  0.585135
 0.577327  -12.7011  0.586436
 0.578629  -12.6039  0.586436
  0.57993  -12.5076  0.587738
 0.581231  -12.4124  0.587738
 0.582533  -12.3178  0.589039
 0.583834  -12.2246  0.589039
 0.585135  -12.1318   0.59034
 0.586436  -12.0404  0.591642
 0.587738  -11.9494  0.591642
 0.589039  -11.8597  0.592943
  0.59034  -11.7706  0.592943
 0.591642  -11.6825  0.594244
 0.592943  -11.5952  0.594244
 0.594244  -11.5088  0.595546
 0.595546  -11.4233  0.595546
 0.596847  -11.3384  0.596847
 0.598148  -11.2546  0.596847
 0.599449  -11.1713  0.598148
 0.600751  -11.0892  0.599449
 0.602052  -11.0073  0.599449
 0.603353  -10.9267  0.600751
 0.604655  -10.8465  0.600751
 0.605956  -10.7673  0.602052
 0.607257  -10.6888  0.602052
 0.608559   -10.611  0.603353
  0.60986   -10.534  0.603353
 0.611161  -10.4576  0.604655
 0.612462  -10.3821  0.604655
 0.613764   -10.307  0.605956
 0.615065   -10.233  0.605956
 0.616366  -10.1593  0.607257
 0.617668  -10.0867  0.608559
 0.618969  -10.0143  0.608559
  0.62027  -9.94297   0.60986
 0.621572    -9.872   0.60986
 0.622873   -9.8019  0.611161
 0.624174   -9.7323  0.611161
 0.625475  -9.66342  0.612462
 0.626777  -9.59517  0.612462
 0.628078  -9.52748  0.613764
 0.629379  -9.46053  0.613764
 0.630681  -9.39401  0.615065
 0.631982  -9.32834  0.615065
 0.633283  -9.26296  0.616366
 0.634585  -9.19853  0.617668
 0.635886  -9.13428  0.617668
 0.637187  -9.07095  0.618969
 0.638488  -9.00792  0.618969
  0.63979  -8.94565   0.62027
 0.641091  -8.88381   0.62027
 0.642392   -8.8226  0.621572
 0.643694  -8.76192  0.621572
 0.644995  -8.70174  0.622873
 0.646296  -8.64219  0.622873
 0.647598  -8.58302  0.624174
 0.648899  -8.52458  0.624174
   0.6502   -8.4664  0.625475
 0.651502  -8.40903  0.625475
 0.652803  -8.35183  0.626777
 0.654104  -8.29542  0.628078
 0.655405  -8.23926  0.628078
 0.656707  -8.18379  0.629379
 0.658008  -8.12865  0.629379
 0.659309   -8.0741  0.630681
 0.660611  -8.01997  0.630681
 0.661912  -7.96631  0.631982
 0.663213  -7.91316  0.631982
 0.664515  -7.86038  0.633283
 0.665816  -7.80819  0.633283
 0.667117  -7.75627  0.634585
 0.668418  -7.70502  0.634585
  0.66972  -7.65395  0.635886
 0.671021  -7.60358  0.637187
 0.672322  -7.55337  0.637187
 0.673624  -7.50381  0.638488
 0.674925   -7.4545  0.638488
 0.676226  -7.40574   0.63979
 0.677528   -7.3573   0.63979
 0.678829  -7.30932  0.641091
  0.68013  -7.26174  0.641091
 0.681431  -7.21453  0.642392
 0.682733  -7.16778  0.642392
 0.684034  -7.12132  0.643694
 0.685335   -7.0754  0.643694
 0.686637  -7.02967  0.644995
 0.687938  -6.98455  0.644995
 0.689239  -6.93955  0.646296
 0.690541  -6.89515  0.647598
 0.691842  -6.85092  0.647598
 0.693143  -6.80722  0.648899
 0.694444  -6.76375  0.648899
 0.695746  -6.72073    0.6502
 0.697047  -6.67801    0.6502
 0.698348  -6.63566  0.651502
  0.69965  -6.59367  0.651502
 0.700951  -6.55199  0.652803
 0.702252  -6.51072  0.652803
 0.703554  -6.46968  0.654104
 0.704855   -6.4291  0.654104
 0.706156   -6.3887  0.655405
 0.707457  -6.34881  0.655405
 0.708759  -6.30903  0.656707
  0.71006  -6.26977  0.658008
 0.711361  -6.23064  0.658008
 0.712663  -6.19198  0.659309
 0.713964  -6.15352  0.659309
 0.715265  -6.11544  0.660611
 0.716567  -6.07762  0.660611
 0.717868  -6.04012  0.661912
 0.719169  -6.00293  0.661912
  0.72047    -5.966  0.663213
 0.721772  -5.92943  0.663213
 0.723073  -5.89306  0.664515
 0.724374  -5.85709  0.664515
 0.725676  -5.82126  0.665816
 0.726977  -5.78588  0.665816
 0.728278   -5.7506  0.667117
  0.72958  -5.71576  0.668418
 0.730881  -5.68104  0.668418
 0.732182  -5.64672   0.66972
 0.733483  -5.61256   0.66972
 0.734785  -5.57876  0.671021
 0.736086  -5.54516  0.671021
 0.737387  -5.51185  0.672322
 0.738689  -5.47879  0.672322
  0.73999  -5.44597  0.673624
 0.741291  -5.41345  0.673624
 0.742593  -5.38112  0.674925
 0.743894  -5.34912  0.674925
 0.745195  -5.31726  0.676226
 0.746496  -5.28577  0.676226
 0.747798  -5.25437  0.677528
 0.749099  -5.22337  0.678829
   0.7504  -5.19245  0.678829
 0.751702   -5.1619   0.68013
 0.753003  -5.13147   0.68013
 0.754304  -5.10136  0.681431
 0.755606  -5.07141  0.681431
 0.756907  -5.04173  0.682733
 0.758208  -5.01225  0.682733
  0.75951  -4.98301  0.684034
 0.760811  -4.95399  0.684034
 0.762112  -4.92516  0.685335
 0.763413   -4.8966  0.685335
 0.764715  -4.86818  0.686637
 0.766016  -4.84007  0.686637
 0.767317  -4.81205  0.687938
 0.768619  -4.78438  0.687938
  0.76992  -4.75676  0.689239
 0.771221  -4.72948  0.690541
 0.772523  -4.70229  0.690541
 0.773824  -4.67539  0.691842
 0.775125  -4.64861  0.691842
 0.776426   -4.6221  0.693143
 0.777728  -4.59573  0.693143
 0.779029  -4.56959  0.694444
  0.78033  -4.54363  0.694444
 0.781632  -4.51785  0.695746
 0.782933  -4.49228  0.695746
 0.784234  -4.46686  0.697047
 0.785536  -4.44168  0.697047
 0.786837  -4.41662  0.698348
 0.788138  -4.39182  0.698348
 0.789439   -4.3671   0.69965
 0.790741  -4.34268   0.69965
 0.792042   -4.3183  0.700951
 0.793343  -4.29422  0.702252
 0.794645   -4.2702  0.702252
 0.795946  -4.24645  0.703554
 0.797247   -4.2228  0.703554
 0.798549  -4.19937  0.704855
  0.79985  -4.17607  0.704855
 0.801151  -4.15296  0.706156
 0.802452     -4.13  0.706156
 0.803754  -4.10721  0.707457
 0.805055  -4.08459  0.707457
 0.806356  -4.06211  0.708759
 0.807658  -4.03983  0.708759
 0.808959  -4.01765   0.71006
  0.81026  -3.99569   0.71006
 0.811562  -3.97381  0.711361
 0.812863  -3.95218  0.711361
 0.814164  -3.93059  0.712663
 0.815465  -3.90925  0.713964
 0.816767  -3.88798  0.713964
 0.818068  -3.86693  0.715265
 0.819369  -3.84596  0.715265
 0.820671  -3.82519  0.716567
 0.821972  -3.80452  0.716567
 0.823273  -3.78403  0.717868
 0.824575  -3.76366  0.717868
 0.825876  -3.74344  0.719169
 0.827177  -3.72337  0.719169
 0.828478  -3.70341   0.72047
  0.82978  -3.68363   0.72047
 0.831081  -3.66394  0.721772
 0.832382  -3.64443  0.721772
 0.833684    -3.625  0.723073
 0.834985  -3.60578  0.723073
 0.836286   -3.5866  0.724374
 0.837588  -3.56764  0.725676
 0.838889  -3.54872  0.725676
  0.84019  -3.53001  0.726977
 0.841491  -3.51135  0.726977
 0.842793  -3.49289  0.728278
 0.844094   -3.4745  0.728278
 0.845395  -3.45627   0.72958
 0.846697  -3.43814   0.72958
 0.847998  -3.42014  0.730881
 0.849299  -3.40227  0.730881
 0.850601   -3.3845  0.732182
 0.851902  -3.36688  0.732182
 0.853203  -3.34934  0.733483
 0.854505  -3.33196  0.733483
 0.855806  -3.31465  0.734785
 0.857107  -3.29751  0.734785
 0.858408  -3.28042  0.736086
  0.85971  -3.26352  0.736086
 0.861011  -3.24665  0.737387
 0.862312  -3.22997  0.738689
 0.863614  -3.21332  0.738689
 0.864915  -3.19685   0.73999
 0.866216  -3.18044   0.73999
 0.867518  -3.16418  0.741291
 0.868819  -3.14798  0.741291
  0.87012  -3.13193  0.742593
 0.871421  -3.11596  0.742593
 0.872723   -3.1001  0.743894
 0.874024  -3.08435  0.743894
 0.875325  -3.06869  0.745195
 0.876627  -3.05315  0.745195
 0.877928  -3.03769  0.746496
 0.879229  -3.02236  0.746496
 0.880531  -3.00709  0.747798
 0.881832  -2.99197  0.747798
 0.883133  -2.97689  0.749099
 0.884434  -2.96197  0.749099
 0.885736  -2.94708    0.7504
 0.887037  -2.93235  0.751702
 0.888338  -2.91765  0.751702
  0.88964   -2.9031  0.753003
 0.890941   -2.8886  0.753003
 0.892242  -2.87423  0.754304
 0.893544  -2.85992  0.754304
 0.894845  -2.84573  0.755606
 0.896146  -2.83161  0.755606
 0.897447  -2.81759  0.756907
 0.898749  -2.80366  0.756907
  0.90005  -2.78981  0.758208
 0.901351  -2.77606  0.758208
 0.902653  -2.76238   0.75951
 0.903954  -2.74881   0.75951
 0.905255   -2.7353  0.760811
 0.906557  -2.72191  0.760811
 0.907858  -2.70856  0.762112
 0.909159  -2.69534  0.762112
  0.91046  -2.68216  0.763413
 0.911762  -2.66911  0.764715
 0.913063  -2.65608  0.764715
 0.914364  -2.64319  0.766016
 0.915666  -2.63033  0.766016
 0.916967   -2.6176  0.767317
 0.918268  -2.60491  0.767317
  0.91957  -2.59232  0.768619
 0.920871  -2.57979  0.768619
 0.922172  -2.56736   0.76992
 0.923473  -2.55499   0.76992
 0.924775  -2.54271  0.771221
 0.926076   -2.5305  0.771221
 0.927377  -2.51836  0.772523
 0.928679  -2.50631  0.772523
  0.92998  -2.49431  0.773824
 0.931281  -2.48241  0.773824
 0.932583  -2.47056  0.775125
 0.933884  -2.45881  0.775125
 0.935185  -2.44709  0.776426
 0.936486  -2.43549  0.776426
 0.937788  -2.42392  0.777728
 0.939089  -2.41246  0.779029
  0.94039  -2.40102  0.779029
 0.941692   -2.3897   0.78033
 0.942993   -2.3784   0.78033
 0.944294  -2.36721  0.781632
 0.945596  -2.35606  0.781632
 0.946897    -2.345  0.782933
 0.948198  -2.33398  0.782933
 0.949499  -2.32305  0.784234
 0.950801  -2.31218  0.784234
 0.952102  -2.30137  0.785536
 0.953403  -2.29063  0.785536
 0.954705  -2.27995  0.786837
 0.956006  -2.26934  0.786837
 0.957307  -2.25878  0.788138
 0.958609   -2.2483  0.788138
  0.95991  -2.23786  0.789439
 0.961211  -2.22752  0.789439
 0.962513   -2.2172  0.790741
 0.963814  -2.20698  0.790741
 0.965115  -2.19678  0.792042
 0.966416  -2.18668  0.793343
 0.967718   -2.1766  0.793343
 0.969019  -2.16662  0.794645
  0.97032  -2.15666  0.794645
 0.971622  -2.14679  0.795946
 0.972923  -2.13695  0.795946
 0.974224  -2.12719  0.797247
 0.975526  -2.11748  0.797247
 0.976827  -2.10783  0.798549
 0.978128  -2.09823  0.798549
 0.979429  -2.08869   0.79985
 0.980731  -2.07921   0.79985
 0.982032  -2.06977  0.801151
 0.983333   -2.0604  0.801151
 0.984635  -2.05108  0.802452
 0.985936  -2.04182  0.802452
 0.987237   -2.0326  0.803754
 0.988539  -2.02345  0.803754
  0.98984  -2.01433  0.805055
 0.991141   -2.0053  0.805055
 0.992442  -1.99628  0.806356
 0.993744  -1.98735  0.807658
 0.995045  -1.97843  0.807658
 0.996346   -1.9696  0.808959
 0.997648  -1.96079  0.808959
 0.998949  -1.95205   0.81026
  1.00025  -1.94335   0.81026
  1.00155  -1.93471  0.811562
  1.00285  -1.92611  0.811562
  1.00415  -1.91756  0.812863
  1.00546  -1.90906  0.812863
  1.00676  -1.90061  0.814164
  1.00806  -1.89221  0.814164
  1.00936  -1.88385  0.815465
  1.01066  -1.87555  0.815465
  1.01196  -1.86728  0.816767
  1.01326  -1.85907  0.816767
  1.01456   -1.8509  0.818068
  1.01587  -1.84279  0.818068
  1.01717   -1.8347  0.819369
  1.01847  -1.82668  0.819369
  1.01977  -1.81868  0.820671
  1.02107  -1.81076  0.820671
  1.02237  -1.80285  0.821972
  1.02367  -1.79501  0.823273
  1.02497  -1.78719  0.823273
  1.02628  -1.77943  0.824575
  1.02758   -1.7717  0.824575
  1.02888  -1.76403  0.825876
  1.03018  -1.75639  0.825876
  1.03148   -1.7488  0.827177
  1.03278  -1.74124  0.827177
  1.03408  -1.73374  0.828478
  1.03539  -1.72627  0.828478
  1.03669  -1.71884   0.82978
  1.03799  -1.71145   0.82978
  1.03929  -1.70411  0.831081
  1.04059   -1.6968  0.831081
  1.04189  -1.68954  0.832382
  1.04319  -1.68232  0.832382
  1.04449  -1.67513  0.833684
   1.0458  -1.66799  0.833684
   1.0471  -1.66087  0.834985
   1.0484  -1.65381  0.834985
   1.0497  -1.64677  0.836286
    1.051   -1.6398  0.836286
   1.0523  -1.63283  0.837588
   1.0536  -1.62593  0.838889
   1.0549  -1.61904  0.838889
  1.05621  -1.61221   0.84019
  1.05751  -1.60539   0.84019
  1.05881  -1.59864  0.841491
  1.06011   -1.5919  0.841491
  1.06141  -1.58521  0.842793
  1.06271  -1.57855  0.842793
  1.06401  -1.57193  0.844094
  1.06532  -1.56534  0.844094
  1.06662  -1.55879  0.845395
  1.06792  -1.55227  0.845395
  1.06922  -1.54579  0.846697
  1.07052  -1.53935  0.846697
  1.07182  -1.53293  0.847998
  1.07312  -1.52656  0.847998
  1.07442  -1.52021  0.849299
  1.07573  -1.51391  0.849299
  1.07703  -1.50763  0.850601
  1.07833  -1.50139  0.850601
  1.07963  -1.49517  0.851902
  1.08093  -1.48901  0.851902
  1.08223  -1.48285  0.853203
  1.08353  -1.47675  0.853203
  1.08483  -1.47066  0.854505
  1.08614  -1.46462  0.855806
  1.08744   -1.4586  0.855806
  1.08874  -1.45262  0.857107
  1.09004  -1.44666  0.857107
  1.09134  -1.44075  0.858408
  1.09264  -1.43485  0.858408
  1.09394    -1.429   0.85971
  1.09525  -1.42316   0.85971
  1.09655  -1.41737  0.861011
  1.09785   -1.4116  0.861011
  1.09915  -1.40586  0.862312
  1.10045  -1.40015  0.862312
  1.10175  -1.39448  0.863614
  1.10305  -1.38883  0.863614
  1.10435  -1.38321  0.864915
  1.10566  -1.37762  0.864915
  1.10696  -1.37205  0.866216
  1.10826  -1.36653  0.866216
  1.10956  -1.36102  0.867518
  1.11086  -1.35555  0.867518
  1.11216  -1.35009  0.868819
  1.11346  -1.34468  0.868819
  1.11476  -1.33928   0.87012
  1.11607  -1.33393   0.87012
  1.11737  -1.32858  0.871421
  1.11867  -1.32328  0.872723
  1.11997  -1.31799  0.872723
  1.12127  -1.31275  0.874024
  1.12257  -1.30751  0.874024
  1.12387  -1.30231  0.875325
  1.12518  -1.29713  0.875325
  1.12648  -1.29199  0.876627
  1.12778  -1.28686  0.876627
  1.12908  -1.28177  0.877928
  1.13038   -1.2767  0.877928
  1.13168  -1.27165  0.879229
  1.13298  -1.26663  0.879229
  1.13428  -1.26164  0.880531
  1.13559  -1.25667  0.880531
  1.13689  -1.25173  0.881832
  1.13819  -1.24681  0.881832
  1.13949  -1.24191  0.883133
  1.14079  -1.23705  0.883133
  1.14209   -1.2322  0.884434
  1.14339  -1.22738  0.884434
  1.14469  -1.22258  0.885736
    1.146  -1.21781  0.885736
   1.1473  -1.21306  0.887037
   1.1486  -1.20834  0.887037
   1.1499  -1.20363  0.888338
   1.1512  -1.19896  0.888338
   1.1525   -1.1943   0.88964
   1.1538  -1.18968  0.890941
  1.15511  -1.18506  0.890941
  1.15641  -1.18048  0.892242
  1.15771  -1.17591  0.892242
  1.15901  -1.17138  0.893544
  1.16031  -1.16685  0.893544
  1.16161  -1.16236  0.894845
  1.16291  -1.15788  0.894845
  1.16421  -1.15344  0.896146
  1.16552    -1.149  0.896146
  1.16682   -1.1446  0.897447
  1.16812  -1.14021  0.897447
  1.16942  -1.13585  0.898749
  1.17072   -1.1315  0.898749
  1.17202  -1.12718   0.90005
  1.17332  -1.12288   0.90005
  1.17462   -1.1186  0.901351
  1.17593  -1.11434  0.901351
  1.17723   -1.1101  0.902653
  1.17853  -1.10589  0.902653
  1.17983  -1.10169  0.903954
  1.18113  -1.09751  0.903954
  1.18243  -1.09335  0.905255
  1.18373  -1.08922  0.905255
  1.18504   -1.0851  0.906557
  1.18634  -1.08101  0.906557
  1.18764  -1.07693  0.907858
  1.18894  -1.07288  0.909159
  1.19024  -1.06883  0.909159
  1.19154  -1.06482   0.91046
  1.19284  -1.06082   0.91046
  1.19414  -1.05684  0.911762
  1.19545  -1.05288  0.911762
  1.19675  -1.04894  0.913063
  1.19805  -1.04501  0.913063
  1.19935  -1.04111  0.914364
  1.20065  -1.03722  0.914364
  1.20195  -1.03336  0.915666
  1.20325  -1.02951  0.915666
  1.20455  -1.02568  0.916967
  1.20586  -1.02187  0.916967
  1.20716  -1.01808  0.918268
  1.20846   -1.0143  0.918268
  1.20976  -1.01054   0.91957
  1.21106  -1.00681   0.91957
  1.21236  -1.00308  0.920871
  1.21366  -0.99938  0.920871
  1.21496  -0.99569  0.922172
  1.21627 -0.992024  0.922172
  1.21757 -0.988368  0.923473
  1.21887 -0.984738  0.923473
  1.22017 -0.981115  0.924775
  1.22147  -0.97752  0.924775
  1.22277 -0.973931  0.926076
  1.22407  -0.97037  0.926076
  1.22538 -0.966813  0.927377
  1.22668 -0.963285  0.928679
  1.22798 -0.959762  0.928679
  1.22928 -0.956266   0.92998
  1.23058 -0.952777   0.92998
  1.23188 -0.949313  0.931281
  1.23318 -0.945857  0.931281
  1.23448 -0.942424  0.932583
  1.23579 -0.939001  0.932583
  1.23709 -0.935599  0.933884
  1.23839 -0.932209  0.933884
  1.23969 -0.928837  0.935185
  1.24099 -0.925479  0.935185
  1.24229 -0.922138  0.936486
  1.24359 -0.918812  0.936486
  1.24489   -0.9155  0.937788
   1.2462 -0.912206  0.937788
   1.2475 -0.908924  0.939089
   1.2488  -0.90566  0.939089
   1.2501 -0.902408   0.94039
   1.2514 -0.899175   0.94039
   1.2527 -0.895952  0.941692
    1.254 -0.892749  0.941692
  1.25531 -0.889555  0.942993
  1.25661 -0.886382  0.942993
  1.25791 -0.883216  0.944294
  1.25921 -0.880073  0.944294
  1.26051 -0.876935  0.945596
  1.26181 -0.873821  0.945596
  1.26311 -0.870711  0.946897
  1.26441 -0.867625  0.948198
  1.26572 -0.864544  0.948198
  1.26702 -0.861485  0.949499
  1.26832 -0.858432  0.949499
  1.26962   -0.8554  0.950801
  1.27092 -0.852376  0.950801
  1.27222 -0.849371  0.952102
  1.27352 -0.846374  0.952102
  1.27482 -0.843395  0.953403
  1.27613 -0.840426  0.953403
  1.27743 -0.837474  0.954705
  1.27873 -0.834532  0.954705
  1.28003 -0.831605  0.956006
  1.28133  -0.82869  0.956006
  1.28263 -0.825789  0.957307
  1.28393 -0.822901  0.957307
  1.28524 -0.820025  0.958609
  1.28654 -0.817164  0.958609
  1.28784 -0.814313   0.95991
  1.28914 -0.811477   0.95991
  1.29044 -0.808651  0.961211
  1.29174 -0.805841  0.961211
  1.29304  -0.80304  0.962513
  1.29434 -0.800256  0.962513
  1.29565 -0.797478  0.963814
  1.29695 -0.794719  0.963814
  1.29825 -0.791966  0.965115
  1.29955 -0.789232  0.965115
  1.30085 -0.786502  0.966416
  1.30215 -0.783793  0.966416
  1.30345 -0.781086  0.967718
  1.30475 -0.778401  0.969019
  1.30606 -0.775719  0.969019
  1.30736 -0.773056   0.97032
  1.30866 -0.770398   0.97032
  1.30996 -0.767758  0.971622
  1.31126 -0.765124  0.971622
  1.31256 -0.762506  0.972923
  1.31386 -0.759896  0.972923
  1.31517 -0.757301  0.974224
  1.31647 -0.754713  0.974224
  1.31777  -0.75214  0.975526
  1.31907 -0.749576  0.975526
  1.32037 -0.747025  0.976827
  1.32167 -0.744484  0.976827
  1.32297 -0.741954  0.978128
  1.32427 -0.739435  0.978128
  1.32558 -0.736927  0.979429
  1.32688 -0.734431  0.979429
  1.32818 -0.731944  0.980731
  1.32948  -0.72947  0.980731
  1.33078 -0.727003  0.982032
  1.33208 -0.724551  0.982032
  1.33338 -0.722106  0.983333
  1.33468 -0.719675  0.983333
  1.33599  -0.71725  0.984635
  1.33729 -0.714841  0.984635
  1.33859 -0.712436  0.985936
  1.33989 -0.710048  0.985936
  1.34119 -0.707663  0.987237
  1.34249 -0.705296  0.987237
  1.34379 -0.702932  0.988539
   1.3451 -0.700585   0.98984
   1.3464  -0.69824   0.98984
   1.3477 -0.695913  0.991141
    1.349 -0.693589  0.991141
   1.3503 -0.691281  0.992442
   1.3516 -0.688977  0.992442
   1.3529 -0.686688  0.993744
   1.3542 -0.684405  0.993744
  1.35551 -0.682135  0.995045
  1.35681 -0.679871  0.995045
  1.35811 -0.677619  0.996346
  1.35941 -0.675375  0.996346
  1.36071 -0.673142  0.997648
  1.36201 -0.670918  0.997648
  1.36331 -0.668703  0.998949
  1.36461 -0.666498  0.998949
  1.36592 -0.664301   1.00025
  1.36722 -0.662115   1.00025
  1.36852 -0.659937   1.00155
  1.36982 -0.657769   1.00155
  1.37112 -0.655608   1.00285
  1.37242 -0.653459   1.00285
  1.37372 -0.651317   1.00415
  1.37503 -0.649186   1.00415
  1.37633  -0.64706   1.00546
  1.37763 -0.644948   1.00546
  1.37893  -0.64284   1.00676
  1.38023 -0.640745   1.00676
  1.38153 -0.638655   1.00806
  1.38283 -0.636578   1.00806
  1.38413 -0.634504   1.00936
  1.38544 -0.632445   1.00936
  1.38674 -0.630388   1.01066
  1.38804 -0.628346   1.01196
  1.38934 -0.626306   1.01196
  1.39064  -0.62428   1.01326
  1.39194 -0.622257   1.01326
  1.39324 -0.620248   1.01456
  1.39454 -0.618243   1.01456
  1.39585  -0.61625   1.01587
  1.39715 -0.614261   1.01587
  1.39845 -0.612284   1.01717
  1.39975 -0.610312   1.01717
  1.40105 -0.608351   1.01847
  1.40235 -0.606395   1.01847
  1.40365  -0.60445   1.01977
  1.40495  -0.60251   1.01977
  1.40626 -0.600581   1.02107
  1.40756 -0.598658   1.02107
  1.40886 -0.596743   1.02237
  1.41016 -0.594836   1.02237
  1.41146 -0.592937   1.02367
  1.41276 -0.591046   1.02367
  1.41406 -0.589162   1.02497
  1.41537 -0.587287   1.02497
  1.41667 -0.585417   1.02628
  1.41797 -0.583558   1.02628
  1.41927 -0.581703   1.02758
  1.42057 -0.579859   1.02758
  1.42187 -0.578019   1.02888
  1.42317  -0.57619   1.02888
  1.42447 -0.574365   1.03018
  1.42578 -0.572551   1.03018
  1.42708  -0.57074   1.03148
  1.42838 -0.568941   1.03148
  1.42968 -0.567145   1.03278
  1.43098 -0.565361   1.03278
  1.43228 -0.563578   1.03408
  1.43358 -0.561808   1.03539
  1.43488  -0.56004   1.03539
  1.43619 -0.558284   1.03669
  1.43749  -0.55653   1.03669
  1.43879 -0.554788   1.03799
  1.44009 -0.553049   1.03799
  1.44139  -0.55132   1.03929
  1.44269 -0.549595   1.03929
  1.44399  -0.54788   1.04059
   1.4453 -0.546169   1.04059
   1.4466 -0.544467   1.04189
   1.4479  -0.54277   1.04189
   1.4492 -0.541081   1.04319
   1.4505 -0.539398   1.04319
   1.4518 -0.537722   1.04449
   1.4531 -0.536052   1.04449
   1.4544  -0.53439    1.0458
  1.45571 -0.532733    1.0458
  1.45701 -0.531084    1.0471
  1.45831 -0.529441    1.0471
  1.45961 -0.527804    1.0484
  1.46091 -0.526174    1.0484
  1.46221  -0.52455    1.0497
  1.46351 -0.522933    1.0497
  1.46481 -0.521321     1.051
  1.46612 -0.519718     1.051
  1.46742 -0.518118    1.0523
  1.46872 -0.516528    1.0523
  1.47002  -0.51494    1.0536
  1.47132 -0.513362    1.0536
  1.47262 -0.511787    1.0549
  1.47392 -0.510222    1.0549
  1.47523 -0.508659   1.05621
  1.47653 -0.507106   1.05621
  1.47783 -0.505555   1.05751
  1.47913 -0.504014   1.05751
  1.48043 -0.502475   1.05881
  1.48173 -0.500946   1.06011
  1.48303 -0.499419   1.06011
  1.48433 -0.497902   1.06141
  1.48564 -0.496386   1.06141
  1.48694 -0.494881   1.06271
  1.48824 -0.493378   1.06271
  1.48954 -0.491883   1.06401
  1.49084 -0.490392   1.06401
  1.49214 -0.488909   1.06532
  1.49344  -0.48743   1.06532
  1.49474 -0.485958   1.06662
  1.49605  -0.48449   1.06662
  1.49735 -0.483029   1.06792
  1.49865 -0.481573   1.06792
  1.49995 -0.480123   1.06922
  1.50125 -0.478678   1.06922
  1.50255 -0.477239   1.07052
  1.50385 -0.475806   1.07052
  1.50516 -0.474378   1.07182
  1.50646 -0.472955   1.07182
  1.50776 -0.471538   1.07312
  1.50906 -0.470127   1.07312
  1.51036  -0.46872   1.07442
  1.51166  -0.46732   1.07442
  1.51296 -0.465923   1.07573
  1.51426 -0.464534   1.07573
  1.51557 -0.463148   1.07703
  1.51687 -0.461769   1.07703
  1.51817 -0.460394   1.07833
  1.51947 -0.459026   1.07833
  1.52077  -0.45766   1.07963
  1.52207 -0.456303   1.07963
  1.52337 -0.454948   1.08093
  1.52467 -0.453601   1.08093
  1.52598 -0.452255   1.08223
  1.52728 -0.450919   1.08223
  1.52858 -0.449584   1.08353
  1.52988 -0.448257   1.08483
  1.53118 -0.446932   1.08483
  1.53248 -0.445615   1.08614
  1.53378   -0.4443   1.08614
  1.53509 -0.442993   1.08744
  1.53639 -0.441688   1.08744
  1.53769 -0.440391   1.08874
  1.53899 -0.439096   1.08874
  1.54029 -0.437808   1.09004
  1.54159 -0.436522   1.09004
  1.54289 -0.435244   1.09134
  1.54419 -0.433969   1.09134
   1.5455   -0.4327   1.09264
   1.5468 -0.431434   1.09264
   1.5481 -0.430174   1.09394
   1.5494 -0.428918   1.09394
   1.5507 -0.427667   1.09525
    1.552 -0.426421   1.09525
   1.5533 -0.425179   1.09655
   1.5546 -0.423942   1.09655
  1.55591  -0.42271   1.09785
  1.55721 -0.421482   1.09785
  1.55851 -0.420258   1.09915
  1.55981  -0.41904   1.09915
  1.56111 -0.417825   1.10045
  1.56241 -0.416616   1.10045
  1.56371  -0.41541   1.10175
  1.56502  -0.41421   1.10175
  1.56632 -0.413012   1.10305
  1.56762 -0.411821   1.10305
  1.56892 -0.410632   1.10435
  1.57022  -0.40945   1.10435
  1.57152  -0.40827   1.10566
  1.57282 -0.407097   1.10566
  1.57412 -0.405925   1.10696
  1.57543  -0.40476   1.10696
  1.57673 -0.403597   1.10826
  1.57803 -0.402441   1.10826
  1.57933 -0.401286   1.10956
  1.58063 -0.400139   1.10956
  1.58193 -0.398992   1.11086
  1.58323 -0.397853   1.11216
  1.58453 -0.396715   1.11216
  1.58584 -0.395584   1.11346
  1.58714 -0.394454   1.11346
  1.58844 -0.393332   1.11476
  1.58974  -0.39221   1.11476
  1.59104 -0.391095   1.11607
  1.59234 -0.389982   1.11607
  1.59364 -0.388875   1.11737
  1.59494  -0.38777   1.11737
  1.59625 -0.386671   1.11867
  1.59755 -0.385574   1.11867
  1.59885 -0.384483   1.11997
  1.60015 -0.383394   1.11997
  1.60145 -0.382311   1.12127
  1.60275  -0.38123   1.12127
  1.60405 -0.380154   1.12257
  1.60536 -0.379081   1.12257
  1.60666 -0.378013   1.12387
  1.60796 -0.376948   1.12387
  1.60926 -0.375887   1.12518
  1.61056  -0.37483   1.12518
  1.61186 -0.373776   1.12648
  1.61316 -0.372727   1.12648
  1.61446 -0.371681   1.12778
  1.61577 -0.370639   1.12778
  1.61707   -0.3696   1.12908
  1.61837 -0.368566   1.12908
  1.61967 -0.367535   1.13038
  1.62097 -0.366508   1.13038
  1.62227 -0.365484   1.13168
  1.62357 -0.364465   1.13168
  1.62487 -0.363447   1.13298
  1.62618 -0.362436   1.13298
  1.62748 -0.361426   1.13428
  1.62878 -0.360421   1.13428
  1.63008 -0.359418   1.13559
  1.63138 -0.358421   1.13559
  1.63268 -0.357425   1.13689
  1.63398 -0.356435   1.13689
  1.63529 -0.355445   1.13819
  1.63659 -0.354462   1.13949
  1.63789  -0.35348   1.13949
  1.63919 -0.352504   1.14079
  1.64049 -0.351528   1.14079
  1.64179 -0.350559   1.14209
  1.64309 -0.349591   1.14209
  1.64439 -0.348628   1.14339
   1.6457 -0.347667   1.14339
    1.647  -0.34671   1.14469
   1.6483 -0.345756   1.14469
   1.6496 -0.344806     1.146
   1.6509 -0.343859     1.146
   1.6522 -0.342916    1.1473
   1.6535 -0.341975    1.1473
   1.6548 -0.341038    1.1486
  1.65611 -0.340104    1.1486
  1.65741 -0.339174    1.1499
  1.65871 -0.338246    1.1499
  1.66001 -0.337322    1.1512
  1.66131 -0.336401    1.1512
  1.66261 -0.335484    1.1525
  1.66391 -0.334569    1.1525
  1.66522 -0.333658    1.1538
  1.66652  -0.33275    1.1538
  1.66782 -0.331845   1.15511
  1.66912 -0.330943   1.15511
  1.67042 -0.330044   1.15641
  1.67172 -0.329149   1.15641
  1.67302 -0.328256   1.15771
  1.67432 -0.327367   1.15771
  1.67563  -0.32648   1.15901
  1.67693 -0.325597   1.15901
  1.67823 -0.324716   1.16031
  1.67953  -0.32384   1.16031
  1.68083 -0.322965   1.16161
  1.68213 -0.322094   1.16161
  1.68343 -0.321225   1.16291
  1.68473 -0.320361   1.16291
  1.68604 -0.319498   1.16421
  1.68734  -0.31864   1.16421
  1.68864 -0.317782   1.16552
  1.68994  -0.31693   1.16552
  1.69124 -0.316078   1.16682
  1.69254 -0.315232   1.16682
  1.69384 -0.314386   1.16812
  1.69515 -0.313545   1.16942
  1.69645 -0.312705   1.16942
  1.69775  -0.31187   1.17072
  1.69905 -0.311036   1.17072
  1.70035 -0.310206   1.17202
  1.70165 -0.309378   1.17202
  1.70295 -0.308554   1.17332
  1.70425 -0.307731   1.17332
  1.70556 -0.306913   1.17462
  1.70686 -0.306096   1.17462
  1.70816 -0.305283   1.17593
  1.70946 -0.304471   1.17593
  1.71076 -0.303664   1.17723
  1.71206 -0.302858   1.17723
  1.71336 -0.302055   1.17853
  1.71466 -0.301255   1.17853
  1.71597 -0.300458   1.17983
  1.71727 -0.299663   1.17983
  1.71857 -0.298872   1.18113
  1.71987 -0.298082   1.18113
  1.72117 -0.297296   1.18243
  1.72247 -0.296512   1.18243
  1.72377  -0.29573   1.18373
  1.72508 -0.294952   1.18373
  1.72638 -0.294176   1.18504
  1.72768 -0.293402   1.18504
  1.72898 -0.292631   1.18634
  1.73028 -0.291863   1.18634
  1.73158 -0.291097   1.18764
  1.73288 -0.290334   1.18764
  1.73418 -0.289573   1.18894
  1.73549 -0.288816   1.18894
  1.73679  -0.28806   1.19024
  1.73809 -0.287307   1.19024
  1.73939 -0.286556   1.19154
  1.74069 -0.285809   1.19154
  1.74199 -0.285062   1.19284
  1.74329  -0.28432   1.19284
  1.74459 -0.283579   1.19414
   1.7459 -0.282841   1.19414
   1.7472 -0.282105   1.19545
   1.7485 -0.281372   1.19545
   1.7498 -0.280641   1.19675
   1.7511 -0.279913   1.19675
   1.7524 -0.279186   1.19805
   1.7537 -0.278464   1.19935
  1.75501 -0.277741   1.19935
  1.75631 -0.277023   1.20065
  1.75761 -0.276306   1.20065
  1.75891 -0.275593   1.20195
  1.76021  -0.27488   1.20195
  1.76151 -0.274172   1.20325
  1.76281 -0.273464   1.20325
  1.76411  -0.27276   1.20455
  1.76542 -0.272056   1.20455
  1.76672 -0.271357   1.20586
  1.76802 -0.270658   1.20586
  1.76932 -0.269963   1.20716
  1.77062  -0.26927   1.20716
  1.77192 -0.268579   1.20846
  1.77322  -0.26789   1.20846
  1.77452 -0.267204   1.20976
  1.77583 -0.266519   1.20976
  1.77713 -0.265837   1.21106
  1.77843 -0.265157   1.21106
  1.77973  -0.26448   1.21236
  1.78103 -0.263804   1.21236
  1.78233 -0.263131   1.21366
  1.78363  -0.26246   1.21366
  1.78493 -0.261791   1.21496
  1.78624 -0.261124   1.21496
  1.78754  -0.26046   1.21627
  1.78884 -0.259798   1.21627
  1.79014 -0.259137   1.21757
  1.79144 -0.258479   1.21757
  1.79274 -0.257823   1.21887
  1.79404  -0.25717   1.21887
  1.79535 -0.256518   1.22017
  1.79665 -0.255868   1.22017
  1.79795  -0.25522   1.22147
  1.79925 -0.254575   1.22147
  1.80055 -0.253932   1.22277
  1.80185 -0.253291   1.22277
  1.80315 -0.252651   1.22407
  1.80445 -0.252014   1.22407
  1.80576 -0.251379   1.22538
  1.80706 -0.250746   1.22538
  1.80836 -0.250114   1.22668
  1.80966 -0.249486   1.22668
  1.81096 -0.248858   1.22798
  1.81226 -0.248234   1.22798
  1.81356  -0.24761   1.22928
  1.81486  -0.24699   1.22928
  1.81617  -0.24637   1.23058
  1.81747 -0.245754   1.23188
  1.81877 -0.245138   1.23188
  1.82007 -0.244526   1.23318
  1.82137 -0.243914   1.23318
  1.82267 -0.243305   1.23448
  1.82397 -0.242697   1.23448
  1.82528 -0.242092   1.23579
  1.82658 -0.241488   1.23579
  1.82788 -0.240887   1.23709
  1.82918 -0.240287   1.23709
  1.83048  -0.23969   1.23839
  1.83178 -0.239094   1.23839
  1.83308   -0.2385   1.23969
  1.83438 -0.237907   1.23969
  1.83569 -0.237318   1.24099
  1.83699 -0.236729   1.24099
  1.83829 -0.236143   1.24229
  1.83959 -0.235558   1.24229
  1.84089 -0.234975   1.24359
  1.84219 -0.234394   1.24359
  1.84349 -0.233815   1.24489
  1.84479 -0.233238   1.24489
   1.8461 -0.232662    1.2462
   1.8474 -0.232088    1.2462
   1.8487 -0.231517    1.2475
     1.85 -0.230946    1.2475