 kgrid  ValNew  Policy 
    0.55 -38.3987 0.561712
0.551301 -38.2287 0.563013
0.552603 -38.0605 0.564314
0.553904 -37.8931 0.564314
0.555205 -37.7272 0.565616
0.556507 -37.5632 0.566917
0.557808 -37.4002 0.566917
0.559109 -37.2383 0.568218
 0.56041 -37.0779  0.56952
0.561712  -36.919 0.570821
0.563013 -36.7607 0.570821
0.564314 -36.6038 0.572122
0.565616 -36.4483 0.573423
0.566917 -36.2941 0.573423
0.568218 -36.1404 0.574725
 0.56952 -35.9882 0.576026
0.570821 -35.8374 0.577327
0.572122 -35.6876 0.577327
0.573423 -35.5384 0.578629
0.574725 -35.3907  0.57993
0.576026 -35.2443 0.581231
0.577327 -35.0987 0.581231
0.578629  -34.954 0.582533
 0.57993 -34.8106 0.583834
0.581231  -34.668 0.585135
0.582533 -34.5265 0.585135
0.583834 -34.3856 0.586436
0.585135 -34.2455 0.587738
0.586436 -34.1064 0.589039
0.587738 -33.9685  0.59034
0.589039 -33.8313 0.591642
 0.59034 -33.6945 0.591642
0.591642 -33.5587 0.592943
0.592943 -33.4239 0.594244
0.594244 -33.2899 0.595546
0.595546 -33.1569 0.595546
0.596847 -33.0244 0.596847
0.598148 -32.8926 0.598148
0.599449 -32.7617 0.599449
0.600751 -32.6316 0.600751
0.602052 -32.5025 0.602052
0.603353 -32.3739 0.602052
0.604655 -32.2461 0.603353
0.605956 -32.1189 0.604655
0.607257 -31.9926 0.605956
0.608559 -31.8672 0.607257
 0.60986 -31.7425 0.607257
0.611161 -31.6182 0.608559
0.612462 -31.4947  0.60986
0.613764  -31.372 0.611161
0.615065   -31.25 0.612462
0.616366 -31.1289 0.613764
0.617668 -31.0082 0.613764
0.618969 -30.8882 0.615065
 0.62027 -30.7689 0.616366
0.621572 -30.6503 0.617668
0.622873 -30.5325 0.618969
0.624174 -30.4153 0.618969
0.625475 -30.2986  0.62027
0.626777 -30.1825 0.621572
0.628078 -30.0671 0.622873
0.629379 -29.9525 0.624174
0.630681 -29.8386 0.625475
0.631982 -29.7251 0.625475
0.633283 -29.6121 0.626777
0.634585 -29.4998 0.628078
0.635886 -29.3881 0.629379
0.637187 -29.2772 0.630681
0.638488  -29.167 0.631982
 0.63979  -29.057 0.631982
0.641091 -28.9477 0.633283
0.642392 -28.8389 0.634585
0.643694 -28.7309 0.635886
0.644995 -28.6235 0.637187
0.646296 -28.5166 0.638488
0.647598 -28.4101 0.638488
0.648899 -28.3042  0.63979
  0.6502  -28.199 0.641091
0.651502 -28.0943 0.642392
0.652803 -27.9901 0.643694
0.654104 -27.8866 0.643694
0.655405 -27.7834 0.644995
0.656707 -27.6808 0.646296
0.658008 -27.5787 0.647598
0.659309 -27.4772 0.648899
0.660611 -27.3763   0.6502
0.661912 -27.2759   0.6502
0.663213 -27.1758 0.651502
0.664515 -27.0763 0.652803
0.665816 -26.9773 0.654104
0.667117 -26.8789 0.655405
0.668418  -26.781 0.656707
 0.66972 -26.6836 0.656707
0.671021 -26.5866 0.658008
0.672322   -26.49 0.659309
0.673624  -26.394 0.660611
0.674925 -26.2985 0.661912
0.676226 -26.2036 0.663213
0.677528 -26.1091 0.663213
0.678829 -26.0149 0.664515
 0.68013 -25.9212 0.665816
0.681431 -25.8281 0.667117
0.682733 -25.7355 0.668418
0.684034 -25.6433  0.66972
0.685335 -25.5516  0.66972
0.686637 -25.4602 0.671021
0.687938 -25.3693 0.672322
0.689239 -25.2788 0.673624
0.690541 -25.1889 0.674925
0.691842 -25.0994 0.676226
0.693143 -25.0104 0.676226
0.694444 -24.9217 0.677528
0.695746 -24.8333 0.678829
0.697047 -24.7456  0.68013
0.698348 -24.6582 0.681431
 0.69965 -24.5714 0.682733
0.700951 -24.4849 0.682733
0.702252 -24.3987 0.684034
0.703554  -24.313 0.685335
0.704855 -24.2277 0.686637
0.706156 -24.1428 0.687938
0.707457 -24.0585 0.689239
0.708759 -23.9745 0.689239
 0.71006 -23.8908 0.690541
0.711361 -23.8075 0.691842
0.712663 -23.7246 0.693143
0.713964 -23.6422 0.694444
0.715265 -23.5602 0.695746
0.716567 -23.4786 0.695746
0.717868 -23.3972 0.697047
0.719169 -23.3163 0.698348
 0.72047 -23.2358  0.69965
0.721772 -23.1556 0.700951
0.723073  -23.076 0.702252
0.724374 -22.9967 0.702252
0.725676 -22.9176 0.703554
0.726977 -22.8389 0.704855
0.728278 -22.7606 0.706156
 0.72958 -22.6828 0.707457
0.730881 -22.6053 0.708759
0.732182 -22.5282 0.708759
0.733483 -22.4513  0.71006
0.734785 -22.3748 0.711361
0.736086 -22.2987 0.712663
0.737387  -22.223 0.713964
0.738689 -22.1477 0.715265
 0.73999 -22.0727 0.715265
0.741291 -21.9979 0.716567
0.742593 -21.9235 0.717868
0.743894 -21.8495 0.719169
0.745195 -21.7759  0.72047
0.746496 -21.7026 0.721772
0.747798 -21.6296 0.721772
0.749099 -21.5569 0.723073
  0.7504 -21.4845 0.724374
0.751702 -21.4126 0.725676
0.753003 -21.3409 0.726977
0.754304 -21.2696 0.728278
0.755606 -21.1986 0.728278
0.756907 -21.1279  0.72958
0.758208 -21.0575 0.730881
 0.75951 -20.9874 0.732182
0.760811 -20.9177 0.733483
0.762112 -20.8484 0.734785
0.763413 -20.7793 0.734785
0.764715 -20.7104 0.736086
0.766016 -20.6419 0.737387
0.767317 -20.5738 0.738689
0.768619 -20.5059  0.73999
 0.76992 -20.4384 0.741291
0.771221 -20.3711 0.741291
0.772523 -20.3042 0.742593
0.773824 -20.2375 0.743894
0.775125 -20.1711 0.745195
0.776426  -20.105 0.746496
0.777728 -20.0394 0.747798
0.779029 -19.9739 0.747798
 0.78033 -19.9086 0.749099
0.781632 -19.8437   0.7504
0.782933 -19.7791 0.751702
0.784234 -19.7148 0.753003
0.785536 -19.6508 0.754304
0.786837  -19.587 0.754304
0.788138 -19.5235 0.755606
0.789439 -19.4603 0.756907
0.790741 -19.3974 0.758208
0.792042 -19.3347  0.75951
0.793343 -19.2724 0.760811
0.794645 -19.2103 0.760811
0.795946 -19.1484 0.762112
0.797247 -19.0869 0.763413
0.798549 -19.0256 0.764715
 0.79985 -18.9646 0.766016
0.801151 -18.9039 0.767317
0.802452 -18.8433 0.767317
0.803754 -18.7831 0.768619
0.805055 -18.7232  0.76992
0.806356 -18.6634 0.771221
0.807658  -18.604 0.772523
0.808959 -18.5448 0.773824
 0.81026 -18.4858 0.773824
0.811562 -18.4272 0.775125
0.812863 -18.3688 0.776426
0.814164 -18.3105 0.777728
0.815465 -18.2526 0.779029
0.816767  -18.195 0.779029
0.818068 -18.1375  0.78033
0.819369 -18.0803 0.781632
0.820671 -18.0234 0.782933
0.821972 -17.9667 0.784234
0.823273 -17.9102 0.785536
0.824575  -17.854 0.785536
0.825876  -17.798 0.786837
0.827177 -17.7423 0.788138
0.828478 -17.6868 0.789439
 0.82978 -17.6315 0.790741
0.831081 -17.5765 0.792042
0.832382 -17.5217 0.792042
0.833684 -17.4671 0.793343
0.834985 -17.4128 0.794645
0.836286 -17.3586 0.795946
0.837588 -17.3047 0.797247
0.838889 -17.2511 0.798549
 0.84019 -17.1977 0.798549
0.841491 -17.1445  0.79985
0.842793 -17.0914 0.801151
0.844094 -17.0387 0.802452
0.845395 -16.9861 0.803754
0.846697 -16.9339 0.805055
0.847998 -16.8818 0.805055
0.849299 -16.8298 0.806356
0.850601 -16.7781 0.807658
0.851902 -16.7267 0.808959
0.853203 -16.6755  0.81026
0.854505 -16.6245 0.811562
0.855806 -16.5736 0.811562
0.857107  -16.523 0.812863
0.858408 -16.4725 0.814164
 0.85971 -16.4224 0.815465
0.861011 -16.3724 0.816767
0.862312 -16.3227 0.816767
0.863614  -16.273 0.818068
0.864915 -16.2236 0.819369
0.866216 -16.1744 0.820671
0.867518 -16.1255 0.821972
0.868819 -16.0767 0.823273
 0.87012 -16.0282 0.823273
0.871421 -15.9797 0.824575
0.872723 -15.9316 0.825876
0.874024 -15.8836 0.827177
0.875325 -15.8358 0.828478
0.876627 -15.7883  0.82978
0.877928 -15.7408  0.82978
0.879229 -15.6936 0.831081
0.880531 -15.6466 0.832382
0.881832 -15.5997 0.833684
0.883133 -15.5531 0.834985
0.884434 -15.5067 0.836286
0.885736 -15.4604 0.836286
0.887037 -15.4143 0.837588
0.888338 -15.3684 0.838889
 0.88964 -15.3227  0.84019
0.890941 -15.2772 0.841491
0.892242 -15.2319 0.841491
0.893544 -15.1867 0.842793
0.894845 -15.1417 0.844094
0.896146 -15.0969 0.845395
0.897447 -15.0523 0.846697
0.898749 -15.0079 0.847998
 0.90005 -14.9637 0.847998
0.901351 -14.9195 0.849299
0.902653 -14.8756 0.850601
0.903954 -14.8318 0.851902
0.905255 -14.7883 0.853203
0.906557  -14.745 0.854505
0.907858 -14.7017 0.854505
0.909159 -14.6586 0.855806
 0.91046 -14.6157 0.857107
0.911762  -14.573 0.858408
0.913063 -14.5305  0.85971
0.914364 -14.4882 0.861011
0.915666 -14.4459 0.861011
0.916967 -14.4038 0.862312
0.918268  -14.362 0.863614
 0.91957 -14.3202 0.864915
0.920871 -14.2787 0.866216
0.922172 -14.2374 0.866216
0.923473 -14.1961 0.867518
0.924775  -14.155 0.868819
0.926076 -14.1141  0.87012
0.927377 -14.0733 0.871421
0.928679 -14.0328 0.872723
 0.92998 -13.9924 0.872723
0.931281 -13.9521 0.874024
0.932583 -13.9119 0.875325
0.933884 -13.8719 0.876627
0.935185 -13.8322 0.877928
0.936486 -13.7925 0.879229
0.937788  -13.753 0.879229
0.939089 -13.7136 0.880531
 0.94039 -13.6744 0.881832
0.941692 -13.6354 0.883133
0.942993 -13.5965 0.884434
0.944294 -13.5578 0.884434
0.945596 -13.5191 0.885736
0.946897 -13.4807 0.887037
0.948198 -13.4424 0.888338
0.949499 -13.4042  0.88964
0.950801 -13.3662 0.890941
0.952102 -13.3284 0.890941
0.953403 -13.2906 0.892242
0.954705  -13.253 0.893544
0.956006 -13.2156 0.894845
0.957307 -13.1783 0.896146
0.958609 -13.1412 0.897447
 0.95991 -13.1041 0.897447
0.961211 -13.0672 0.898749
0.962513 -13.0305  0.90005
0.963814 -12.9939 0.901351
0.965115 -12.9575 0.902653
0.966416 -12.9212 0.903954
0.967718  -12.885 0.903954
0.969019 -12.8489 0.905255
 0.97032  -12.813 0.906557
0.971622 -12.7772 0.907858
0.972923 -12.7416 0.909159
0.974224 -12.7061 0.909159
0.975526 -12.6707  0.91046
0.976827 -12.6354 0.911762
0.978128 -12.6003 0.913063
0.979429 -12.5653 0.914364
0.980731 -12.5305 0.915666
0.982032 -12.4958 0.915666
0.983333 -12.4611 0.916967
0.984635 -12.4267 0.918268
0.985936 -12.3923  0.91957
0.987237 -12.3582 0.920871
0.988539 -12.3241 0.922172
 0.98984 -12.2901 0.922172
0.991141 -12.2563 0.923473
0.992442 -12.2225 0.924775
0.993744  -12.189 0.926076
0.995045 -12.1555 0.927377
0.996346 -12.1222 0.927377
0.997648  -12.089 0.928679
0.998949 -12.0559  0.92998
 1.00025 -12.0229 0.931281
 1.00155 -11.9901 0.932583
 1.00285 -11.9574 0.933884
 1.00415 -11.9247 0.933884
 1.00546 -11.8922 0.935185
 1.00676 -11.8598 0.936486
 1.00806 -11.8276 0.937788
 1.00936 -11.7955 0.939089
 1.01066 -11.7635 0.939089
 1.01196 -11.7316  0.94039
 1.01326 -11.6998 0.941692
 1.01456 -11.6681 0.942993
 1.01587 -11.6365 0.944294
 1.01717 -11.6051 0.945596
 1.01847 -11.5738 0.945596
 1.01977 -11.5426 0.946897
 1.02107 -11.5115 0.948198
 1.02237 -11.4805 0.949499
 1.02367 -11.4496 0.950801
 1.02497 -11.4189 0.952102
 1.02628 -11.3882 0.952102
 1.02758 -11.3576 0.953403
 1.02888 -11.3272 0.954705
 1.03018 -11.2969 0.956006
 1.03148 -11.2667 0.957307
 1.03278 -11.2366 0.957307
 1.03408 -11.2066 0.958609
 1.03539 -11.1766  0.95991
 1.03669 -11.1468 0.961211
 1.03799 -11.1172 0.962513
 1.03929 -11.0876 0.963814
 1.04059 -11.0582 0.963814
 1.04189 -11.0288 0.965115
 1.04319 -10.9995 0.966416
 1.04449 -10.9704 0.967718
  1.0458 -10.9413 0.969019
  1.0471 -10.9124 0.969019
  1.0484 -10.8835  0.97032
  1.0497 -10.8547 0.971622
   1.051 -10.8261 0.972923
  1.0523 -10.7976 0.974224
  1.0536 -10.7692 0.975526
  1.0549 -10.7408 0.975526
 1.05621 -10.7125 0.976827
 1.05751 -10.6844 0.978128
 1.05881 -10.6564 0.979429
 1.06011 -10.6284 0.980731
 1.06141 -10.6006 0.982032
 1.06271 -10.5728 0.982032
 1.06401 -10.5452 0.983333
 1.06532 -10.5176 0.984635
 1.06662 -10.4901 0.985936
 1.06792 -10.4628 0.987237
 1.06922 -10.4355 0.987237
 1.07052 -10.4083 0.988539
 1.07182 -10.3813  0.98984
 1.07312 -10.3543 0.991141
 1.07442 -10.3274 0.992442
 1.07573 -10.3006 0.993744
 1.07703 -10.2739 0.993744
 1.07833 -10.2473 0.995045
 1.07963 -10.2207 0.996346
 1.08093 -10.1943 0.997648
 1.08223  -10.168 0.998949
 1.08353 -10.1418 0.998949
 1.08483 -10.1156  1.00025
 1.08614 -10.0895  1.00155
 1.08744 -10.0635  1.00285
 1.08874 -10.0377  1.00415
 1.09004 -10.0119  1.00546
 1.09134 -9.98616  1.00546
 1.09264 -9.96052  1.00676
 1.09394 -9.93498  1.00806
 1.09525 -9.90954  1.00936
 1.09655 -9.88419  1.01066
 1.09785 -9.85894  1.01066
 1.09915 -9.83373  1.01196
 1.10045 -9.80862  1.01326
 1.10175  -9.7836  1.01456
 1.10305 -9.75868  1.01587
 1.10435 -9.73386  1.01717
 1.10566 -9.70909  1.01717
 1.10696  -9.6844  1.01847
 1.10826  -9.6598  1.01977
 1.10956 -9.63529  1.02107
 1.11086 -9.61088  1.02237
 1.11216 -9.58656  1.02367
 1.11346 -9.56227  1.02367
 1.11476 -9.53808  1.02497
 1.11607 -9.51398  1.02628
 1.11737 -9.48997  1.02758
 1.11867 -9.46605  1.02888
 1.11997  -9.4422  1.02888
 1.12127  -9.4184  1.03018
 1.12257 -9.39471  1.03148
 1.12387  -9.3711  1.03278
 1.12518 -9.34756  1.03408
 1.12648 -9.32412  1.03539
 1.12778 -9.30072  1.03539
 1.12908 -9.27741  1.03669
 1.13038  -9.2542  1.03799
 1.13168 -9.23105  1.03929
 1.13298 -9.20799  1.04059
 1.13428   -9.185  1.04059
 1.13559 -9.16207  1.04189
 1.13689 -9.13924  1.04319
 1.13819 -9.11648  1.04449
 1.13949 -9.09378   1.0458
 1.14079 -9.07119   1.0471
 1.14209 -9.04863   1.0471
 1.14339 -9.02617   1.0484
 1.14469  -9.0038   1.0497
   1.146 -8.98147    1.051
  1.1473 -8.95923   1.0523
  1.1486 -8.93707   1.0523
  1.1499 -8.91496   1.0536
  1.1512 -8.89295   1.0549
  1.1525   -8.871  1.05621
  1.1538 -8.84911  1.05751
 1.15511 -8.82733  1.05881
 1.15641 -8.80558  1.05881
 1.15771 -8.78392  1.06011
 1.15901 -8.76233  1.06141
 1.16031  -8.7408  1.06271
 1.16161 -8.71936  1.06401
 1.16291 -8.69799  1.06401
 1.16421 -8.67667  1.06532
 1.16552 -8.65543  1.06662
 1.16682 -8.63425  1.06792
 1.16812 -8.61315  1.06922
 1.16942 -8.59214  1.07052
 1.17072 -8.57116  1.07052
 1.17202 -8.55026  1.07182
 1.17332 -8.52942  1.07312
 1.17462 -8.50866  1.07442
 1.17593 -8.48797  1.07573
 1.17723 -8.46735  1.07573
 1.17853 -8.44679  1.07703
 1.17983 -8.42628  1.07833
 1.18113 -8.40585  1.07963
 1.18243 -8.38549  1.08093
 1.18373 -8.36522  1.08093
 1.18504 -8.34498  1.08223
 1.18634  -8.3248  1.08353
 1.18764 -8.30469  1.08483
 1.18894 -8.28465  1.08614
 1.19024  -8.2647  1.08744
 1.19154  -8.2448  1.08744
 1.19284 -8.22494  1.08874
 1.19414 -8.20515  1.09004
 1.19545 -8.18543  1.09134
 1.19675 -8.16578  1.09264
 1.19805 -8.14621  1.09394
 1.19935 -8.12667  1.09394
 1.20065 -8.10719  1.09525
 1.20195 -8.08777  1.09655
 1.20325 -8.06844  1.09785
 1.20455 -8.04917  1.09915
 1.20586 -8.02996  1.09915
 1.20716 -8.01078  1.10045
 1.20846 -7.99167  1.10175
 1.20976 -7.97263  1.10305
 1.21106 -7.95367  1.10435
 1.21236 -7.93477  1.10566
 1.21366 -7.91589  1.10566
 1.21496 -7.89708  1.10696
 1.21627 -7.87834  1.10826
 1.21757 -7.85967  1.10956
 1.21887 -7.84106  1.11086
 1.22017  -7.8225  1.11086
 1.22147 -7.80397  1.11216
 1.22277 -7.78552  1.11346
 1.22407 -7.76714  1.11476
 1.22538 -7.74882  1.11607
 1.22668 -7.73056  1.11737
 1.22798 -7.71233  1.11737
 1.22928 -7.69416  1.11867
 1.23058 -7.67606  1.11997
 1.23188 -7.65802  1.12127
 1.23318 -7.64004  1.12257
 1.23448  -7.6221  1.12257
 1.23579 -7.60421  1.12387
 1.23709 -7.58639  1.12518
 1.23839 -7.56862  1.12648
 1.23969 -7.55092  1.12778
 1.24099 -7.53328  1.12778
 1.24229 -7.51566  1.12908
 1.24359 -7.49811  1.13038
 1.24489 -7.48061  1.13168
  1.2462 -7.46318  1.13298
  1.2475 -7.44581  1.13428
  1.2488 -7.42848  1.13428
  1.2501 -7.41119  1.13559
  1.2514 -7.39396  1.13689
  1.2527 -7.37679  1.13819
   1.254 -7.35969  1.13949
 1.25531 -7.34263  1.13949
 1.25661 -7.32561  1.14079
 1.25791 -7.30864  1.14209
 1.25921 -7.29173  1.14339
 1.26051 -7.27488  1.14469
 1.26181 -7.25809    1.146
 1.26311 -7.24133    1.146
 1.26441 -7.22462   1.1473
 1.26572 -7.20796   1.1486
 1.26702 -7.19137   1.1499
 1.26832 -7.17484   1.1512
 1.26962 -7.15834   1.1512
 1.27092 -7.14188   1.1525
 1.27222 -7.12548   1.1538
 1.27352 -7.10913  1.15511
 1.27482 -7.09284  1.15641
 1.27613 -7.07661  1.15771
 1.27743  -7.0604  1.15771
 1.27873 -7.04424  1.15901
 1.28003 -7.02813  1.16031
 1.28133 -7.01209  1.16161
 1.28263  -6.9961  1.16291
 1.28393 -6.98014  1.16291
 1.28524 -6.96422  1.16421
 1.28654 -6.94836  1.16552
 1.28784 -6.93255  1.16682
 1.28914  -6.9168  1.16812
 1.29044 -6.90109  1.16942
 1.29174 -6.88541  1.16942
 1.29304 -6.86978  1.17072
 1.29434 -6.85421  1.17202
 1.29565 -6.83868  1.17332
 1.29695 -6.82321  1.17462
 1.29825 -6.80778  1.17462
 1.29955 -6.79238  1.17593
 1.30085 -6.77704  1.17723
 1.30215 -6.76174  1.17853
 1.30345  -6.7465  1.17983
 1.30475  -6.7313  1.17983
 1.30606 -6.71613  1.18113
 1.30736 -6.70101  1.18243
 1.30866 -6.68594  1.18373
 1.30996 -6.67092  1.18504
 1.31126 -6.65596  1.18634
 1.31256 -6.64102  1.18634
 1.31386 -6.62612  1.18764
 1.31517 -6.61127  1.18894
 1.31647 -6.59647  1.19024
 1.31777 -6.58172  1.19154
 1.31907 -6.56701  1.19154
 1.32037 -6.55233  1.19284
 1.32167  -6.5377  1.19414
 1.32297 -6.52311  1.19545
 1.32427 -6.50858  1.19675
 1.32558 -6.49409  1.19805
 1.32688 -6.47962  1.19805
 1.32818 -6.46521  1.19935
 1.32948 -6.45083  1.20065
 1.33078 -6.43651  1.20195
 1.33208 -6.42223  1.20325
 1.33338 -6.40799  1.20325
 1.33468 -6.39378  1.20455
 1.33599 -6.37961  1.20586
 1.33729  -6.3655  1.20716
 1.33859 -6.35143  1.20846
 1.33989  -6.3374  1.20846
 1.34119 -6.32339  1.20976
 1.34249 -6.30943  1.21106
 1.34379 -6.29552  1.21236
  1.3451 -6.28165  1.21366
  1.3464 -6.26783  1.21496
  1.3477 -6.25403  1.21496
   1.349 -6.24027  1.21627
  1.3503 -6.22655  1.21757
  1.3516 -6.21289  1.21887
  1.3529 -6.19926  1.22017
  1.3542 -6.18567  1.22017
 1.35551 -6.17211  1.22147
 1.35681 -6.15859  1.22277
 1.35811 -6.14512  1.22407
 1.35941 -6.13169  1.22538
 1.36071  -6.1183  1.22538
 1.36201 -6.10493  1.22668
 1.36331  -6.0916  1.22798
 1.36461 -6.07832  1.22928
 1.36592 -6.06508  1.23058
 1.36722 -6.05189  1.23188
 1.36852 -6.03872  1.23188
 1.36982 -6.02558  1.23318
 1.37112 -6.01249  1.23448
 1.37242 -5.99944  1.23579
 1.37372 -5.98643  1.23709
 1.37503 -5.97346  1.23709
 1.37633  -5.9605  1.23839
 1.37763 -5.94759  1.23969
 1.37893 -5.93472  1.24099
 1.38023  -5.9219  1.24229
 1.38153 -5.90912  1.24359
 1.38283 -5.89635  1.24359
 1.38413 -5.88362  1.24489
 1.38544 -5.87093   1.2462
 1.38674 -5.85829   1.2475
 1.38804 -5.84569   1.2488
 1.38934 -5.83311   1.2488
 1.39064 -5.82056   1.2501
 1.39194 -5.80805   1.2514
 1.39324 -5.79558   1.2527
 1.39454 -5.78316    1.254
 1.39585 -5.77077  1.25531
 1.39715 -5.75839  1.25531
 1.39845 -5.74605  1.25661
 1.39975 -5.73376  1.25791
 1.40105 -5.72151  1.25921
 1.40235 -5.70929  1.26051
 1.40365 -5.69709  1.26051
 1.40495 -5.68493  1.26181
 1.40626 -5.67281  1.26311
 1.40756 -5.66072  1.26441
 1.40886 -5.64867  1.26572
 1.41016 -5.63666  1.26572
 1.41146 -5.62466  1.26702
 1.41276 -5.61271  1.26832
 1.41406 -5.60079  1.26962
 1.41537 -5.58891  1.27092
 1.41667 -5.57707  1.27222
 1.41797 -5.56524  1.27222
 1.41927 -5.55345  1.27352
 1.42057  -5.5417  1.27482
 1.42187 -5.52998  1.27613
 1.42317  -5.5183  1.27743
 1.42447 -5.50664  1.27743
 1.42578 -5.49501  1.27873
 1.42708 -5.48343  1.28003
 1.42838 -5.47187  1.28133
 1.42968 -5.46035  1.28263
 1.43098 -5.44886  1.28263
 1.43228 -5.43739  1.28393
 1.43358 -5.42596  1.28524
 1.43488 -5.41456  1.28654
 1.43619  -5.4032  1.28784
 1.43749 -5.39187  1.28914
 1.43879 -5.38056  1.28914
 1.44009 -5.36929  1.29044
 1.44139 -5.35804  1.29174
 1.44269 -5.34683  1.29304
 1.44399 -5.33566  1.29434
  1.4453 -5.32452  1.29434
  1.4466 -5.31339  1.29565
  1.4479  -5.3023  1.29695
  1.4492 -5.29125  1.29825
  1.4505 -5.28023  1.29955
  1.4518 -5.26924  1.29955
  1.4531 -5.25827  1.30085
  1.4544 -5.24733  1.30215
 1.45571 -5.23642  1.30345
 1.45701 -5.22555  1.30475
 1.45831 -5.21472  1.30606
 1.45961 -5.20389  1.30606
 1.46091  -5.1931  1.30736
 1.46221 -5.18234  1.30866
 1.46351 -5.17162  1.30996
 1.46481 -5.16093  1.31126
 1.46612 -5.15026  1.31126
 1.46742 -5.13961  1.31256
 1.46872   -5.129  1.31386
 1.47002 -5.11842  1.31517
 1.47132 -5.10787  1.31647
 1.47262 -5.09736  1.31647
 1.47392 -5.08685  1.31777
 1.47523 -5.07638  1.31907
 1.47653 -5.06594  1.32037
 1.47783 -5.05553  1.32167
 1.47913 -5.04516  1.32297
 1.48043  -5.0348  1.32297
 1.48173 -5.02447  1.32427
 1.48303 -5.01417  1.32558
 1.48433  -5.0039  1.32688
 1.48564 -4.99367  1.32818
 1.48694 -4.98345  1.32818
 1.48824 -4.97326  1.32948
 1.48954 -4.96309  1.33078
 1.49084 -4.95296  1.33208
 1.49214 -4.94286  1.33338
 1.49344 -4.93279  1.33468
 1.49474 -4.92273  1.33468
 1.49605  -4.9127  1.33599
 1.49735  -4.9027  1.33729
 1.49865 -4.89274  1.33859
 1.49995  -4.8828  1.33989
 1.50125 -4.87288  1.33989
 1.50255 -4.86298  1.34119
 1.50385 -4.85312  1.34249
 1.50516 -4.84329  1.34379
 1.50646 -4.83348   1.3451
 1.50776  -4.8237   1.3451
 1.50906 -4.81393   1.3464
 1.51036 -4.80419   1.3477
 1.51166 -4.79449    1.349
 1.51296 -4.78481   1.3503
 1.51426 -4.77516   1.3503
 1.51557 -4.76552   1.3516
 1.51687 -4.75592   1.3529
 1.51817 -4.74634   1.3542
 1.51947 -4.73679  1.35551
 1.52077 -4.72727  1.35681
 1.52207 -4.71776  1.35681
 1.52337 -4.70828  1.35811
 1.52467 -4.69882  1.35941
 1.52598  -4.6894  1.36071
 1.52728    -4.68  1.36201
 1.52858 -4.67063  1.36201
 1.52988 -4.66127  1.36331
 1.53118 -4.65193  1.36461
 1.53248 -4.64263  1.36592
 1.53378 -4.63336  1.36722
 1.53509 -4.62411  1.36722
 1.53639 -4.61487  1.36852
 1.53769 -4.60566  1.36982
 1.53899 -4.59647  1.37112
 1.54029 -4.58732  1.37242
 1.54159  -4.5782  1.37372
 1.54289 -4.56908  1.37372
 1.54419 -4.55999  1.37503
  1.5455 -4.55092  1.37633
  1.5468 -4.54189  1.37763
  1.5481 -4.53288  1.37893
  1.5494 -4.52389  1.37893
  1.5507 -4.51492  1.38023
   1.552 -4.50597  1.38153
  1.5533 -4.49705  1.38283
  1.5546 -4.48816  1.38413
 1.55591 -4.47929  1.38413
 1.55721 -4.47043  1.38544
 1.55851 -4.46159  1.38674
 1.55981 -4.45279  1.38804
 1.56111 -4.44401  1.38934
 1.56241 -4.43526  1.38934
 1.56371 -4.42652  1.39064
 1.56502 -4.41779  1.39194
 1.56632  -4.4091  1.39324
 1.56762 -4.40043  1.39454
 1.56892  -4.3918  1.39585
 1.57022 -4.38317  1.39585
 1.57152 -4.37456  1.39715
 1.57282 -4.36597  1.39845
 1.57412 -4.35742  1.39975
 1.57543 -4.34889  1.40105
 1.57673 -4.34038  1.40105
 1.57803 -4.33188  1.40235
 1.57933  -4.3234  1.40365
 1.58063 -4.31495  1.40495
 1.58193 -4.30653  1.40626
 1.58323 -4.29814  1.40626
 1.58453 -4.28975  1.40756
 1.58584 -4.28138  1.40886
 1.58714 -4.27304  1.41016
 1.58844 -4.26472  1.41146
 1.58974 -4.25643  1.41146
 1.59104 -4.24815  1.41276
 1.59234 -4.23989  1.41406
 1.59364 -4.23165  1.41537
 1.59494 -4.22344  1.41667
 1.59625 -4.21526  1.41797
 1.59755 -4.20709  1.41797
 1.59885 -4.19893  1.41927
 1.60015 -4.19079  1.42057
 1.60145 -4.18268  1.42187
 1.60275  -4.1746  1.42317
 1.60405 -4.16654  1.42317
 1.60536 -4.15849  1.42447
 1.60666 -4.15045  1.42578
 1.60796 -4.14245  1.42708
 1.60926 -4.13446  1.42838
 1.61056  -4.1265  1.42968
 1.61186 -4.11855  1.42968
 1.61316 -4.11062  1.43098
 1.61446 -4.10271  1.43228
 1.61577 -4.09483  1.43358
 1.61707 -4.08697  1.43488
 1.61837 -4.07912  1.43488
 1.61967 -4.07129  1.43619
 1.62097 -4.06348  1.43749
 1.62227  -4.0557  1.43879
 1.62357 -4.04794  1.44009
 1.62487 -4.04019  1.44009
 1.62618 -4.03245  1.44139
 1.62748 -4.02474  1.44269
 1.62878 -4.01706  1.44399
 1.63008 -4.00939   1.4453
 1.63138 -4.00174   1.4466
 1.63268  -3.9941   1.4466
 1.63398 -3.98649   1.4479
 1.63529  -3.9789   1.4492
 1.63659 -3.97132   1.4505
 1.63789 -3.96377   1.4518
 1.63919 -3.95623   1.4518
 1.64049 -3.94871   1.4531
 1.64179 -3.94121   1.4544
 1.64309 -3.93373  1.45571
 1.64439 -3.92627  1.45701
  1.6457 -3.91883  1.45701
   1.647  -3.9114  1.45831
  1.6483 -3.90399  1.45961
  1.6496 -3.89661  1.46091
  1.6509 -3.88924  1.46221
  1.6522 -3.88189  1.46221
  1.6535 -3.87455  1.46351
  1.6548 -3.86724  1.46481
 1.65611 -3.85994  1.46612
 1.65741 -3.85266  1.46742
 1.65871 -3.84541  1.46872
 1.66001 -3.83816  1.46872
 1.66131 -3.83093  1.47002
 1.66261 -3.82373  1.47132
 1.66391 -3.81654  1.47262
 1.66522 -3.80937  1.47392
 1.66652 -3.80222  1.47392
 1.66782 -3.79508  1.47523
 1.66912 -3.78796  1.47653
 1.67042 -3.78086  1.47783
 1.67172 -3.77378  1.47913
 1.67302 -3.76671  1.47913
 1.67432 -3.75966  1.48043
 1.67563 -3.75263  1.48173
 1.67693 -3.74561  1.48303
 1.67823 -3.73862  1.48433
 1.67953 -3.73165  1.48433
 1.68083 -3.72468  1.48564
 1.68213 -3.71773  1.48694
 1.68343  -3.7108  1.48824
 1.68473 -3.70389  1.48954
 1.68604   -3.697  1.49084
 1.68734 -3.69012  1.49084
 1.68864 -3.68326  1.49214
 1.68994 -3.67641  1.49344
 1.69124 -3.66959  1.49474
 1.69254 -3.66278  1.49605
 1.69384 -3.65598  1.49605
 1.69515  -3.6492  1.49735
 1.69645 -3.64244  1.49865
 1.69775  -3.6357  1.49995
 1.69905 -3.62897  1.50125
 1.70035 -3.62226  1.50125
 1.70165 -3.61556  1.50255
 1.70295 -3.60888  1.50385
 1.70425 -3.60221  1.50516
 1.70556 -3.59557  1.50646
 1.70686 -3.58895  1.50646
 1.70816 -3.58233  1.50776
 1.70946 -3.57572  1.50906
 1.71076 -3.56914  1.51036
 1.71206 -3.56257  1.51166
 1.71336 -3.55603  1.51296
 1.71466 -3.54949  1.51296
 1.71597 -3.54296  1.51426
 1.71727 -3.53646  1.51557
 1.71857 -3.52997  1.51687
 1.71987  -3.5235  1.51817
 1.72117 -3.51705  1.51817
 1.72247  -3.5106  1.51947
 1.72377 -3.50417  1.52077
 1.72508 -3.49776  1.52207
 1.72638 -3.49137  1.52337
 1.72768 -3.48499  1.52337
 1.72898 -3.47862  1.52467
 1.73028 -3.47227  1.52598
 1.73158 -3.46594  1.52728
 1.73288 -3.45962  1.52858
 1.73418 -3.45332  1.52988
 1.73549 -3.44703  1.52988
 1.73679 -3.44075  1.53118
 1.73809 -3.43449  1.53248
 1.73939 -3.42825  1.53378
 1.74069 -3.42202  1.53509
 1.74199 -3.41581  1.53509
 1.74329  -3.4096  1.53639
 1.74459 -3.40342  1.53769
  1.7459 -3.39725  1.53899
  1.7472  -3.3911  1.54029
  1.7485 -3.38496  1.54029
  1.7498 -3.37882  1.54159
  1.7511 -3.37271  1.54289
  1.7524 -3.36661  1.54419
  1.7537 -3.36054   1.5455
 1.75501 -3.35447   1.5455
 1.75631 -3.34841   1.5468
 1.75761 -3.34237   1.5481
 1.75891 -3.33634   1.5494
 1.76021 -3.33033   1.5507
 1.76151 -3.32434    1.552
 1.76281 -3.31835    1.552
 1.76411 -3.31238   1.5533
 1.76542 -3.30643   1.5546
 1.76672 -3.30049  1.55591
 1.76802 -3.29457  1.55721
 1.76932 -3.28865  1.55721
 1.77062 -3.28275  1.55851
 1.77192 -3.27686  1.55981
 1.77322 -3.27099  1.56111
 1.77452 -3.26514  1.56241
 1.77583 -3.25929  1.56241
 1.77713 -3.25346  1.56371
 1.77843 -3.24764  1.56502
 1.77973 -3.24184  1.56632
 1.78103 -3.23605  1.56762
 1.78233 -3.23028  1.56762
 1.78363 -3.22451  1.56892
 1.78493 -3.21876  1.57022
 1.78624 -3.21303  1.57152
 1.78754 -3.20731  1.57282
 1.78884  -3.2016  1.57282
 1.79014 -3.19591  1.57412
 1.79144 -3.19022  1.57543
 1.79274 -3.18455  1.57673
 1.79404  -3.1789  1.57803
 1.79535 -3.17326  1.57933
 1.79665 -3.16763  1.57933
 1.79795 -3.16201  1.58063
 1.79925 -3.15641  1.58193
 1.80055 -3.15082  1.58323
 1.80185 -3.14524  1.58453
 1.80315 -3.13968  1.58453
 1.80445 -3.13412  1.58584
 1.80576 -3.12858  1.58714
 1.80706 -3.12306  1.58844
 1.80836 -3.11755  1.58974
 1.80966 -3.11205  1.58974
 1.81096 -3.10656  1.59104
 1.81226 -3.10108  1.59234
 1.81356 -3.09562  1.59364
 1.81486 -3.09017  1.59494
 1.81617 -3.08474  1.59494
 1.81747 -3.07931  1.59625
 1.81877  -3.0739  1.59755
 1.82007  -3.0685  1.59885
 1.82137 -3.06311  1.60015
 1.82267 -3.05774  1.60145
 1.82397 -3.05238  1.60145
 1.82528 -3.04702  1.60275
 1.82658 -3.04168  1.60405
 1.82788 -3.03636  1.60536
 1.82918 -3.03105  1.60666
 1.83048 -3.02575  1.60666
 1.83178 -3.02046  1.60796
 1.83308 -3.01518  1.60926
 1.83438 -3.00991  1.61056
 1.83569 -3.00466  1.61186
 1.83699 -2.99942  1.61186
 1.83829 -2.99419  1.61316
 1.83959 -2.98897  1.61446
 1.84089 -2.98377  1.61577
 1.84219 -2.97858  1.61707
 1.84349  -2.9734  1.61707
 1.84479 -2.96823  1.61837
  1.8461 -2.96307  1.61967
  1.8474 -2.95792  1.62097
  1.8487 -2.95279  1.62227
    1.85 -2.94767  1.62357