 kgrid  ValNew  Policy 
    0.55 -48.5091     0.55
0.551301  -48.273     0.55
0.552603 -48.0418     0.55
0.553904 -47.8154     0.55
0.555205 -47.5937     0.55
0.556507 -47.3765     0.55
0.557808 -47.1638     0.55
0.559109 -46.9554     0.55
 0.56041 -46.7512     0.55
0.561712 -46.5511     0.55
0.563013  -46.355     0.55
0.564314 -46.1629     0.55
0.565616 -45.9721 0.551301
0.566917 -45.7834 0.552603
0.568218 -45.5963 0.552603
 0.56952 -45.4102 0.553904
0.570821 -45.2264 0.555205
0.572122 -45.0441 0.555205
0.573423 -44.8628 0.556507
0.574725 -44.6835 0.557808
0.576026 -44.5058 0.557808
0.577327  -44.329 0.559109
0.578629 -44.1541  0.56041
 0.57993 -43.9809  0.56041
0.581231 -43.8085 0.561712
0.582533 -43.6379 0.563013
0.583834  -43.469 0.563013
0.585135 -43.3006 0.564314
0.586436 -43.1341 0.565616
0.587738  -42.969 0.566917
0.589039 -42.8048 0.566917
 0.59034 -42.6416 0.568218
0.591642   -42.48  0.56952
0.592943 -42.3198 0.570821
0.594244 -42.1601 0.570821
0.595546 -42.0017 0.572122
0.596847 -41.8446 0.573423
0.598148 -41.6888 0.573423
0.599449 -41.5335 0.574725
0.600751 -41.3797 0.576026
0.602052  -41.227 0.577327
0.603353 -41.0755 0.577327
0.604655 -40.9245 0.578629
0.605956 -40.7749  0.57993
0.607257 -40.6264 0.581231
0.608559  -40.479 0.581231
 0.60986 -40.3321 0.582533
0.611161 -40.1862 0.583834
0.612462 -40.0412 0.585135
0.613764 -39.8971 0.586436
0.615065  -39.754 0.586436
0.616366 -39.6113 0.587738
0.617668 -39.4696 0.589039
0.618969 -39.3287  0.59034
 0.62027 -39.1886 0.591642
0.621572 -39.0495 0.592943
0.622873 -38.9109 0.592943
0.624174  -38.773 0.594244
0.625475  -38.636 0.595546
0.626777 -38.4999 0.596847
0.628078 -38.3645 0.598148
0.629379 -38.2298 0.598148
0.630681 -38.0957 0.599449
0.631982 -37.9624 0.600751
0.633283 -37.8298 0.602052
0.634585  -37.698 0.603353
0.635886 -37.5671 0.604655
0.637187 -37.4366 0.604655
0.638488 -37.3068 0.605956
 0.63979 -37.1777 0.607257
0.641091 -37.0493 0.608559
0.642392 -36.9218  0.60986
0.643694  -36.795  0.60986
0.644995 -36.6684 0.611161
0.646296 -36.5427 0.612462
0.647598 -36.4176 0.613764
0.648899 -36.2932 0.615065
  0.6502 -36.1696 0.616366
0.651502 -36.0466 0.616366
0.652803 -35.9239 0.617668
0.654104  -35.802 0.618969
0.655405 -35.6806  0.62027
0.656707   -35.56 0.621572
0.658008 -35.4401 0.622873
0.659309 -35.3207 0.624174
0.660611 -35.2017 0.624174
0.661912 -35.0833 0.625475
0.663213 -34.9656 0.626777
0.664515 -34.8486 0.628078
0.665816 -34.7322 0.629379
0.667117 -34.6164 0.630681
0.668418 -34.5009 0.630681
 0.66972 -34.3859 0.631982
0.671021 -34.2716 0.633283
0.672322 -34.1579 0.634585
0.673624 -34.0448 0.635886
0.674925 -33.9323 0.637187
0.676226 -33.8202 0.637187
0.677528 -33.7086 0.638488
0.678829 -33.5975  0.63979
 0.68013 -33.4869 0.641091
0.681431  -33.377 0.642392
0.682733 -33.2676 0.643694
0.684034 -33.1587 0.643694
0.685335 -33.0502 0.644995
0.686637 -32.9423 0.646296
0.687938 -32.8348 0.647598
0.689239 -32.7279 0.648899
0.690541 -32.6215   0.6502
0.691842 -32.5156 0.651502
0.693143 -32.4102 0.651502
0.694444 -32.3051 0.652803
0.695746 -32.2007 0.654104
0.697047 -32.0967 0.655405
0.698348 -31.9932 0.656707
 0.69965 -31.8902 0.658008
0.700951 -31.7878 0.659309
0.702252 -31.6856 0.659309
0.703554 -31.5839 0.660611
0.704855 -31.4828 0.661912
0.706156 -31.3821 0.663213
0.707457 -31.2818 0.664515
0.708759 -31.1821 0.665816
 0.71006 -31.0828 0.665816
0.711361 -30.9838 0.667117
0.712663 -30.8854 0.668418
0.713964 -30.7874  0.66972
0.715265 -30.6898 0.671021
0.716567 -30.5927 0.672322
0.717868 -30.4961 0.673624
0.719169 -30.3998 0.673624
 0.72047 -30.3039 0.674925
0.721772 -30.2085 0.676226
0.723073 -30.1135 0.677528
0.724374  -30.019 0.678829
0.725676 -29.9249  0.68013
0.726977 -29.8312  0.68013
0.728278 -29.7378 0.681431
 0.72958 -29.6449 0.682733
0.730881 -29.5523 0.684034
0.732182 -29.4603 0.685335
0.733483 -29.3686 0.686637
0.734785 -29.2774 0.687938
0.736086 -29.1865 0.687938
0.737387 -29.0959 0.689239
0.738689 -29.0058 0.690541
 0.73999 -28.9161 0.691842
0.741291 -28.8268 0.693143
0.742593 -28.7379 0.694444
0.743894 -28.6494 0.694444
0.745195 -28.5612 0.695746
0.746496 -28.4733 0.697047
0.747798 -28.3859 0.698348
0.749099 -28.2988  0.69965
  0.7504 -28.2122 0.700951
0.751702  -28.126 0.702252
0.753003 -28.0401 0.702252
0.754304 -27.9545 0.703554
0.755606 -27.8692 0.704855
0.756907 -27.7843 0.706156
0.758208 -27.6999 0.707457
 0.75951 -27.6158 0.708759
0.760811 -27.5322  0.71006
0.762112 -27.4487  0.71006
0.763413 -27.3656 0.711361
0.764715 -27.2828 0.712663
0.766016 -27.2005 0.713964
0.767317 -27.1185 0.715265
0.768619 -27.0369 0.716567
 0.76992 -26.9556 0.716567
0.771221 -26.8746 0.717868
0.772523 -26.7938 0.719169
0.773824 -26.7135  0.72047
0.775125 -26.6335 0.721772
0.776426  -26.554 0.723073
0.777728 -26.4747 0.724374
0.779029 -26.3957 0.724374
 0.78033  -26.317 0.725676
0.781632 -26.2386 0.726977
0.782933 -26.1606 0.728278
0.784234 -26.0829  0.72958
0.785536 -26.0056 0.730881
0.786837 -25.9287 0.732182
0.788138 -25.8519 0.732182
0.789439 -25.7754 0.733483
0.790741 -25.6992 0.734785
0.792042 -25.6235 0.736086
0.793343  -25.548 0.737387
0.794645 -25.4729 0.738689
0.795946 -25.3981 0.738689
0.797247 -25.3234  0.73999
0.798549 -25.2491 0.741291
 0.79985 -25.1751 0.742593
0.801151 -25.1015 0.743894
0.802452 -25.0282 0.745195
0.803754 -24.9552 0.746496
0.805055 -24.8824 0.746496
0.806356 -24.8099 0.747798
0.807658 -24.7376 0.749099
0.808959 -24.6657   0.7504
 0.81026 -24.5941 0.751702
0.811562 -24.5229 0.753003
0.812863 -24.4519 0.753003
0.814164 -24.3811 0.754304
0.815465 -24.3106 0.755606
0.816767 -24.2404 0.756907
0.818068 -24.1705 0.758208
0.819369 -24.1009  0.75951
0.820671 -24.0316 0.760811
0.821972 -23.9625 0.760811
0.823273 -23.8937 0.762112
0.824575 -23.8251 0.763413
0.825876 -23.7569 0.764715
0.827177 -23.6889 0.766016
0.828478 -23.6212 0.767317
 0.82978 -23.5538 0.768619
0.831081 -23.4866 0.768619
0.832382 -23.4196  0.76992
0.833684  -23.353 0.771221
0.834985 -23.2866 0.772523
0.836286 -23.2204 0.773824
0.837588 -23.1546 0.775125
0.838889  -23.089 0.775125
 0.84019 -23.0236 0.776426
0.841491 -22.9585 0.777728
0.842793 -22.8936 0.779029
0.844094  -22.829  0.78033
0.845395 -22.7647 0.781632
0.846697 -22.7006 0.782933
0.847998 -22.6368 0.782933
0.849299 -22.5731 0.784234
0.850601 -22.5098 0.785536
0.851902 -22.4466 0.786837
0.853203 -22.3838 0.788138
0.854505 -22.3212 0.789439
0.855806 -22.2589 0.790741
0.857107 -22.1967 0.790741
0.858408 -22.1347 0.792042
 0.85971  -22.073 0.793343
0.861011 -22.0116 0.794645
0.862312 -21.9504 0.795946
0.863614 -21.8895 0.797247
0.864915 -21.8288 0.797247
0.866216 -21.7682 0.798549
0.867518 -21.7079  0.79985
0.868819 -21.6479 0.801151
 0.87012 -21.5881 0.802452
0.871421 -21.5285 0.803754
0.872723 -21.4692 0.805055
0.874024 -21.4101 0.805055
0.875325 -21.3511 0.806356
0.876627 -21.2924 0.807658
0.877928 -21.2339 0.808959
0.879229 -21.1757  0.81026
0.880531 -21.1177 0.811562
0.881832 -21.0599 0.811562
0.883133 -21.0023 0.812863
0.884434 -20.9449 0.814164
0.885736 -20.8877 0.815465
0.887037 -20.8308 0.816767
0.888338 -20.7741 0.818068
 0.88964 -20.7176 0.819369
0.890941 -20.6613 0.819369
0.892242 -20.6051 0.820671
0.893544 -20.5492 0.821972
0.894845 -20.4935 0.823273
0.896146 -20.4381 0.824575
0.897447 -20.3828 0.825876
0.898749 -20.3278 0.825876
 0.90005 -20.2729 0.827177
0.901351 -20.2182 0.828478
0.902653 -20.1637  0.82978
0.903954 -20.1095 0.831081
0.905255 -20.0554 0.832382
0.906557 -20.0016 0.833684
0.907858  -19.948 0.833684
0.909159 -19.8944 0.834985
 0.91046 -19.8411 0.836286
0.911762 -19.7881 0.837588
0.913063 -19.7353 0.838889
0.914364 -19.6826  0.84019
0.915666 -19.6301 0.841491
0.916967 -19.5778 0.841491
0.918268 -19.5256 0.842793
 0.91957 -19.4737 0.844094
0.920871  -19.422 0.845395
0.922172 -19.3705 0.846697
0.923473 -19.3192 0.847998
0.924775  -19.268 0.847998
0.926076  -19.217 0.849299
0.927377 -19.1661 0.850601
0.928679 -19.1155 0.851902
 0.92998 -19.0651 0.853203
0.931281  -19.015 0.854505
0.932583 -18.9649 0.855806
0.933884  -18.915 0.855806
0.935185 -18.8652 0.857107
0.936486 -18.8156 0.858408
0.937788 -18.7663  0.85971
0.939089 -18.7172 0.861011
 0.94039 -18.6683 0.862312
0.941692 -18.6194 0.862312
0.942993 -18.5707 0.863614
0.944294 -18.5222 0.864915
0.945596 -18.4739 0.866216
0.946897 -18.4258 0.867518
0.948198 -18.3779 0.868819
0.949499 -18.3301 0.868819
0.950801 -18.2825  0.87012
0.952102  -18.235 0.871421
0.953403 -18.1877 0.872723
0.954705 -18.1406 0.874024
0.956006 -18.0937 0.875325
0.957307 -18.0469 0.876627
0.958609 -18.0003 0.876627
 0.95991 -17.9538 0.877928
0.961211 -17.9075 0.879229
0.962513 -17.8614 0.880531
0.963814 -17.8154 0.881832
0.965115 -17.7697 0.883133
0.966416 -17.7241 0.883133
0.967718 -17.6785 0.884434
0.969019 -17.6332 0.885736
 0.97032  -17.588 0.887037
0.971622  -17.543 0.888338
0.972923 -17.4982  0.88964
0.974224 -17.4535 0.890941
0.975526  -17.409 0.890941
0.976827 -17.3646 0.892242
0.978128 -17.3203 0.893544
0.979429 -17.2763 0.894845
0.980731 -17.2324 0.896146
0.982032 -17.1886 0.897447
0.983333  -17.145 0.897447
0.984635 -17.1015 0.898749
0.985936 -17.0582  0.90005
0.987237  -17.015 0.901351
0.988539  -16.972 0.902653
 0.98984 -16.9292 0.903954
0.991141 -16.8865 0.905255
0.992442 -16.8439 0.905255
0.993744 -16.8014 0.906557
0.995045 -16.7591 0.907858
0.996346  -16.717 0.909159
0.997648  -16.675  0.91046
0.998949 -16.6332 0.911762
 1.00025 -16.5915 0.911762
 1.00155 -16.5499 0.913063
 1.00285 -16.5085 0.914364
 1.00415 -16.4672 0.915666
 1.00546  -16.426 0.916967
 1.00676 -16.3851 0.918268
 1.00806 -16.3442  0.91957
 1.00936 -16.3035  0.91957
 1.01066 -16.2629 0.920871
 1.01196 -16.2224 0.922172
 1.01326 -16.1821 0.923473
 1.01456  -16.142 0.924775
 1.01587  -16.102 0.926076
 1.01717 -16.0621 0.926076
 1.01847 -16.0223 0.927377
 1.01977 -15.9826 0.928679
 1.02107 -15.9431  0.92998
 1.02237 -15.9037 0.931281
 1.02367 -15.8645 0.932583
 1.02497 -15.8255 0.932583
 1.02628 -15.7865 0.933884
 1.02758 -15.7476 0.935185
 1.02888 -15.7089 0.936486
 1.03018 -15.6703 0.937788
 1.03148 -15.6319 0.939089
 1.03278 -15.5936  0.94039
 1.03408 -15.5553  0.94039
 1.03539 -15.5172 0.941692
 1.03669 -15.4793 0.942993
 1.03799 -15.4415 0.944294
 1.03929 -15.4038 0.945596
 1.04059 -15.3663 0.946897
 1.04189 -15.3288 0.946897
 1.04319 -15.2915 0.948198
 1.04449 -15.2543 0.949499
  1.0458 -15.2172 0.950801
  1.0471 -15.1802 0.952102
  1.0484 -15.1434 0.953403
  1.0497 -15.1068 0.954705
   1.051 -15.0701 0.954705
  1.0523 -15.0336 0.956006
  1.0536 -14.9973 0.957307
  1.0549 -14.9611 0.958609
 1.05621  -14.925  0.95991
 1.05751  -14.889 0.961211
 1.05881 -14.8531 0.961211
 1.06011 -14.8174 0.962513
 1.06141 -14.7817 0.963814
 1.06271 -14.7462 0.965115
 1.06401 -14.7108 0.966416
 1.06532 -14.6755 0.967718
 1.06662 -14.6404 0.967718
 1.06792 -14.6053 0.969019
 1.06922 -14.5703  0.97032
 1.07052 -14.5355 0.971622
 1.07182 -14.5007 0.972923
 1.07312 -14.4662 0.974224
 1.07442 -14.4317 0.975526
 1.07573 -14.3973 0.975526
 1.07703  -14.363 0.976827
 1.07833 -14.3288 0.978128
 1.07963 -14.2948 0.979429
 1.08093 -14.2608 0.980731
 1.08223  -14.227 0.982032
 1.08353 -14.1933 0.982032
 1.08483 -14.1597 0.983333
 1.08614 -14.1261 0.984635
 1.08744 -14.0927 0.985936
 1.08874 -14.0594 0.987237
 1.09004 -14.0263 0.988539
 1.09134 -13.9932  0.98984
 1.09264 -13.9602  0.98984
 1.09394 -13.9273 0.991141
 1.09525 -13.8946 0.992442
 1.09655 -13.8619 0.993744
 1.09785 -13.8293 0.995045
 1.09915 -13.7969 0.996346
 1.10045 -13.7646 0.996346
 1.10175 -13.7323 0.997648
 1.10305 -13.7001 0.998949
 1.10435 -13.6681  1.00025
 1.10566 -13.6362  1.00155
 1.10696 -13.6043  1.00285
 1.10826 -13.5726  1.00285
 1.10956 -13.5409  1.00415
 1.11086 -13.5094  1.00546
 1.11216 -13.4779  1.00676
 1.11346 -13.4466  1.00806
 1.11476 -13.4154  1.00936
 1.11607 -13.3843  1.01066
 1.11737 -13.3532  1.01066
 1.11867 -13.3222  1.01196
 1.11997 -13.2914  1.01326
 1.12127 -13.2606  1.01456
 1.12257   -13.23  1.01587
 1.12387 -13.1994  1.01717
 1.12518 -13.1689  1.01717
 1.12648 -13.1385  1.01847
 1.12778 -13.1083  1.01977
 1.12908 -13.0781  1.02107
 1.13038  -13.048  1.02237
 1.13168  -13.018  1.02367
 1.13298 -12.9881  1.02367
 1.13428 -12.9583  1.02497
 1.13559 -12.9285  1.02628
 1.13689 -12.8989  1.02758
 1.13819 -12.8694  1.02888
 1.13949   -12.84  1.03018
 1.14079 -12.8106  1.03148
 1.14209 -12.7814  1.03148
 1.14339 -12.7522  1.03278
 1.14469 -12.7231  1.03408
   1.146 -12.6941  1.03539
  1.1473 -12.6652  1.03669
  1.1486 -12.6364  1.03799
  1.1499 -12.6077  1.03799
  1.1512  -12.579  1.03929
  1.1525 -12.5505  1.04059
  1.1538  -12.522  1.04189
 1.15511 -12.4936  1.04319
 1.15641 -12.4654  1.04449
 1.15771 -12.4372  1.04449
 1.15901  -12.409   1.0458
 1.16031  -12.381   1.0471
 1.16161  -12.353   1.0484
 1.16291 -12.3252   1.0497
 1.16421 -12.2974    1.051
 1.16552 -12.2698   1.0523
 1.16682 -12.2421   1.0523
 1.16812 -12.2146   1.0536
 1.16942 -12.1872   1.0549
 1.17072 -12.1598  1.05621
 1.17202 -12.1326  1.05751
 1.17332 -12.1054  1.05881
 1.17462 -12.0783  1.05881
 1.17593 -12.0512  1.06011
 1.17723 -12.0243  1.06141
 1.17853 -11.9974  1.06271
 1.17983 -11.9706  1.06401
 1.18113  -11.944  1.06532
 1.18243 -11.9174  1.06532
 1.18373 -11.8908  1.06662
 1.18504 -11.8643  1.06792
 1.18634 -11.8379  1.06922
 1.18764 -11.8116  1.07052
 1.18894 -11.7854  1.07182
 1.19024 -11.7593  1.07312
 1.19154 -11.7332  1.07312
 1.19284 -11.7072  1.07442
 1.19414 -11.6813  1.07573
 1.19545 -11.6555  1.07703
 1.19675 -11.6297  1.07833
 1.19805 -11.6041  1.07963
 1.19935 -11.5785  1.07963
 1.20065 -11.5529  1.08093
 1.20195 -11.5274  1.08223
 1.20325 -11.5021  1.08353
 1.20455 -11.4768  1.08483
 1.20586 -11.4516  1.08614
 1.20716 -11.4264  1.08614
 1.20846 -11.4013  1.08744
 1.20976 -11.3763  1.08874
 1.21106 -11.3514  1.09004
 1.21236 -11.3265  1.09134
 1.21366 -11.3018  1.09264
 1.21496 -11.2771  1.09394
 1.21627 -11.2524  1.09394
 1.21757 -11.2278  1.09525
 1.21887 -11.2034  1.09655
 1.22017 -11.1789  1.09785
 1.22147 -11.1546  1.09915
 1.22277 -11.1303  1.10045
 1.22407 -11.1061  1.10045
 1.22538  -11.082  1.10175
 1.22668 -11.0579  1.10305
 1.22798 -11.0339  1.10435
 1.22928   -11.01  1.10566
 1.23058 -10.9862  1.10696
 1.23188 -10.9624  1.10696
 1.23318 -10.9386  1.10826
 1.23448  -10.915  1.10956
 1.23579 -10.8914  1.11086
 1.23709 -10.8679  1.11216
 1.23839 -10.8445  1.11346
 1.23969 -10.8211  1.11476
 1.24099 -10.7978  1.11476
 1.24229 -10.7746  1.11607
 1.24359 -10.7514  1.11737
 1.24489 -10.7283  1.11867
  1.2462 -10.7053  1.11997
  1.2475 -10.6823  1.12127
  1.2488 -10.6594  1.12127
  1.2501 -10.6365  1.12257
  1.2514 -10.6138  1.12387
  1.2527 -10.5911  1.12518
   1.254 -10.5685  1.12648
 1.25531 -10.5459  1.12778
 1.25661 -10.5234  1.12778
 1.25791 -10.5009  1.12908
 1.25921 -10.4785  1.13038
 1.26051 -10.4562  1.13168
 1.26181  -10.434  1.13298
 1.26311 -10.4118  1.13428
 1.26441 -10.3897  1.13428
 1.26572 -10.3676  1.13559
 1.26702 -10.3456  1.13689
 1.26832 -10.3236  1.13819
 1.26962 -10.3018  1.13949
 1.27092   -10.28  1.14079
 1.27222 -10.2582  1.14209
 1.27352 -10.2365  1.14209
 1.27482 -10.2149  1.14339
 1.27613 -10.1933  1.14469
 1.27743 -10.1718    1.146
 1.27873 -10.1504   1.1473
 1.28003  -10.129   1.1486
 1.28133 -10.1077   1.1486
 1.28263 -10.0864   1.1499
 1.28393 -10.0652   1.1512
 1.28524 -10.0441   1.1525
 1.28654  -10.023   1.1538
 1.28784  -10.002  1.15511
 1.28914 -9.98101  1.15511
 1.29044 -9.96009  1.15641
 1.29174 -9.93924  1.15771
 1.29304 -9.91846  1.15901
 1.29434 -9.89773  1.16031
 1.29565 -9.87708  1.16161
 1.29695 -9.85647  1.16161
 1.29825 -9.83589  1.16291
 1.29955 -9.81539  1.16421
 1.30085 -9.79495  1.16552
 1.30215 -9.77457  1.16682
 1.30345 -9.75426  1.16812
 1.30475   -9.734  1.16812
 1.30606 -9.71377  1.16942
 1.30736  -9.6936  1.17072
 1.30866  -9.6735  1.17202
 1.30996 -9.65346  1.17332
 1.31126 -9.63348  1.17462
 1.31256 -9.61356  1.17593
 1.31386 -9.59367  1.17593
 1.31517 -9.57383  1.17723
 1.31647 -9.55407  1.17853
 1.31777 -9.53436  1.17983
 1.31907 -9.51471  1.18113
 1.32037 -9.49511  1.18243
 1.32167 -9.47556  1.18243
 1.32297 -9.45605  1.18373
 1.32427  -9.4366  1.18504
 1.32558 -9.41722  1.18634
 1.32688 -9.39789  1.18764
 1.32818 -9.37862  1.18894
 1.32948 -9.35939  1.18894
 1.33078  -9.3402  1.19024
 1.33208 -9.32107  1.19154
 1.33338   -9.302  1.19284
 1.33468 -9.28299  1.19414
 1.33599 -9.26403  1.19545
 1.33729 -9.24512  1.19545
 1.33859 -9.22624  1.19675
 1.33989 -9.20742  1.19805
 1.34119 -9.18867  1.19935
 1.34249 -9.16996  1.20065
 1.34379 -9.15131  1.20195
  1.3451 -9.13272  1.20325
  1.3464 -9.11415  1.20325
  1.3477 -9.09563  1.20455
   1.349 -9.07717  1.20586
  1.3503 -9.05877  1.20716
  1.3516 -9.04043  1.20846
  1.3529 -9.02213  1.20976
  1.3542 -9.00387  1.20976
 1.35551 -8.98565  1.21106
 1.35681 -8.96749  1.21236
 1.35811 -8.94938  1.21366
 1.35941 -8.93133  1.21496
 1.36071 -8.91333  1.21627
 1.36201 -8.89537  1.21627
 1.36331 -8.87744  1.21757
 1.36461 -8.85957  1.21887
 1.36592 -8.84176  1.22017
 1.36722   -8.824  1.22147
 1.36852 -8.80629  1.22277
 1.36982 -8.78862  1.22277
 1.37112 -8.77098  1.22407
 1.37242 -8.75339  1.22538
 1.37372 -8.73586  1.22668
 1.37503 -8.71838  1.22798
 1.37633 -8.70096  1.22928
 1.37763 -8.68358  1.22928
 1.37893 -8.66622  1.23058
 1.38023 -8.64891  1.23188
 1.38153 -8.63166  1.23318
 1.38283 -8.61445  1.23448
 1.38413  -8.5973  1.23579
 1.38544  -8.5802  1.23709
 1.38674 -8.56312  1.23709
 1.38804 -8.54609  1.23839
 1.38934 -8.52911  1.23969
 1.39064 -8.51218  1.24099
 1.39194  -8.4953  1.24229
 1.39324 -8.47847  1.24359
 1.39454 -8.46166  1.24359
 1.39585  -8.4449  1.24489
 1.39715 -8.42819   1.2462
 1.39845 -8.41152   1.2475
 1.39975  -8.3949   1.2488
 1.40105 -8.37834   1.2501
 1.40235 -8.36181   1.2501
 1.40365 -8.34531   1.2514
 1.40495 -8.32885   1.2527
 1.40626 -8.31245    1.254
 1.40756 -8.29609  1.25531
 1.40886 -8.27979  1.25661
 1.41016 -8.26352  1.25661
 1.41146 -8.24728  1.25791
 1.41276 -8.23108  1.25921
 1.41406 -8.21493  1.26051
 1.41537 -8.19884  1.26181
 1.41667 -8.18278  1.26311
 1.41797 -8.16677  1.26441
 1.41927 -8.15078  1.26441
 1.42057 -8.13484  1.26572
 1.42187 -8.11894  1.26702
 1.42317 -8.10309  1.26832
 1.42447 -8.08729  1.26962
 1.42578 -8.07153  1.27092
 1.42708 -8.05579  1.27092
 1.42838  -8.0401  1.27222
 1.42968 -8.02445  1.27352
 1.43098 -8.00884  1.27482
 1.43228 -7.99328  1.27613
 1.43358 -7.97777  1.27743
 1.43488 -7.96228  1.27743
 1.43619 -7.94682  1.27873
 1.43749 -7.93142  1.28003
 1.43879 -7.91605  1.28133
 1.44009 -7.90073  1.28263
 1.44139 -7.88546  1.28393
 1.44269 -7.87021  1.28393
 1.44399 -7.85499  1.28524
  1.4453 -7.83982  1.28654
  1.4466 -7.82469  1.28784
  1.4479  -7.8096  1.28914
  1.4492 -7.79456  1.29044
  1.4505 -7.77956  1.29044
  1.4518 -7.76457  1.29174
  1.4531 -7.74963  1.29304
  1.4544 -7.73473  1.29434
 1.45571 -7.71988  1.29565
 1.45701 -7.70506  1.29695
 1.45831 -7.69029  1.29695
 1.45961 -7.67553  1.29825
 1.46091 -7.66082  1.29955
 1.46221 -7.64615  1.30085
 1.46351 -7.63152  1.30215
 1.46481 -7.61693  1.30345
 1.46612 -7.60239  1.30475
 1.46742 -7.58786  1.30475
 1.46872 -7.57337  1.30606
 1.47002 -7.55892  1.30736
 1.47132 -7.54451  1.30866
 1.47262 -7.53014  1.30996
 1.47392 -7.51582  1.31126
 1.47523 -7.50151  1.31126
 1.47653 -7.48724  1.31256
 1.47783 -7.47301  1.31386
 1.47913 -7.45882  1.31517
 1.48043 -7.44467  1.31647
 1.48173 -7.43056  1.31777
 1.48303 -7.41647  1.31777
 1.48433 -7.40242  1.31907
 1.48564  -7.3884  1.32037
 1.48694 -7.37442  1.32167
 1.48824 -7.36049  1.32297
 1.48954 -7.34659  1.32427
 1.49084 -7.33272  1.32427
 1.49214 -7.31887  1.32558
 1.49344 -7.30506  1.32688
 1.49474 -7.29129  1.32818
 1.49605 -7.27757  1.32948
 1.49735 -7.26388  1.33078
 1.49865 -7.25022  1.33078
 1.49995 -7.23658  1.33208
 1.50125 -7.22298  1.33338
 1.50255 -7.20941  1.33468
 1.50385 -7.19589  1.33599
 1.50516  -7.1824  1.33729
 1.50646 -7.16895  1.33729
 1.50776 -7.15551  1.33859
 1.50906 -7.14212  1.33989
 1.51036 -7.12875  1.34119
 1.51166 -7.11543  1.34249
 1.51296 -7.10214  1.34379
 1.51426 -7.08889  1.34379
 1.51557 -7.07566   1.3451
 1.51687 -7.06246   1.3464
 1.51817 -7.04929   1.3477
 1.51947 -7.03616    1.349
 1.52077 -7.02307   1.3503
 1.52207 -7.01002   1.3516
 1.52337 -6.99698   1.3516
 1.52467 -6.98398   1.3529
 1.52598 -6.97101   1.3542
 1.52728 -6.95807  1.35551
 1.52858 -6.94517  1.35681
 1.52988 -6.93231  1.35811
 1.53118 -6.91947  1.35811
 1.53248 -6.90666  1.35941
 1.53378 -6.89388  1.36071
 1.53509 -6.88113  1.36201
 1.53639 -6.86842  1.36331
 1.53769 -6.85575  1.36461
 1.53899  -6.8431  1.36461
 1.54029 -6.83047  1.36592
 1.54159 -6.81788  1.36722
 1.54289 -6.80532  1.36852
 1.54419  -6.7928  1.36982
  1.5455 -6.78031  1.37112
  1.5468 -6.76785  1.37112
  1.5481  -6.7554  1.37242
  1.5494 -6.74299  1.37372
  1.5507 -6.73061  1.37503
   1.552 -6.71827  1.37633
  1.5533 -6.70597  1.37763
  1.5546 -6.69369  1.37763
 1.55591 -6.68143  1.37893
 1.55721  -6.6692  1.38023
 1.55851   -6.657  1.38153
 1.55981 -6.64484  1.38283
 1.56111 -6.63271  1.38413
 1.56241 -6.62061  1.38413
 1.56371 -6.60853  1.38544
 1.56502 -6.59647  1.38674
 1.56632 -6.58445  1.38804
 1.56762 -6.57247  1.38934
 1.56892 -6.56051  1.39064
 1.57022 -6.54859  1.39194
 1.57152 -6.53668  1.39194
 1.57282  -6.5248  1.39324
 1.57412 -6.51295  1.39454
 1.57543 -6.50114  1.39585
 1.57673 -6.48936  1.39715
 1.57803 -6.47761  1.39845
 1.57933 -6.46587  1.39845
 1.58063 -6.45416  1.39975
 1.58193 -6.44248  1.40105
 1.58323 -6.43084  1.40235
 1.58453 -6.41923  1.40365
 1.58584 -6.40764  1.40495
 1.58714 -6.39608  1.40495
 1.58844 -6.38454  1.40626
 1.58974 -6.37303  1.40756
 1.59104 -6.36155  1.40886
 1.59234  -6.3501  1.41016
 1.59364 -6.33868  1.41146
 1.59494 -6.32729  1.41146
 1.59625 -6.31591  1.41276
 1.59755 -6.30456  1.41406
 1.59885 -6.29325  1.41537
 1.60015 -6.28196  1.41667
 1.60145 -6.27071  1.41797
 1.60275 -6.25947  1.41797
 1.60405 -6.24825  1.41927
 1.60536 -6.23707  1.42057
 1.60666 -6.22591  1.42187
 1.60796 -6.21479  1.42317
 1.60926  -6.2037  1.42447
 1.61056 -6.19262  1.42447
 1.61186 -6.18156  1.42578
 1.61316 -6.17053  1.42708
 1.61446 -6.15954  1.42838
 1.61577 -6.14857  1.42968
 1.61707 -6.13763  1.43098
 1.61837 -6.12672  1.43228
 1.61967 -6.11582  1.43228
 1.62097 -6.10494  1.43358
 1.62227 -6.09409  1.43488
 1.62357 -6.08328  1.43619
 1.62487  -6.0725  1.43749
 1.62618 -6.06174  1.43879
 1.62748   -6.051  1.43879
 1.62878 -6.04027  1.44009
 1.63008 -6.02958  1.44139
 1.63138 -6.01891  1.44269
 1.63268 -6.00829  1.44399
 1.63398 -5.99768   1.4453
 1.63529 -5.98709   1.4453
 1.63659 -5.97651   1.4466
 1.63789 -5.96596   1.4479
 1.63919 -5.95545   1.4492
 1.64049 -5.94497   1.4505
 1.64179 -5.93451   1.4505
 1.64309 -5.92407   1.4518
 1.64439 -5.91364   1.4531
  1.6457 -5.90324   1.4544
   1.647 -5.89287  1.45571
  1.6483 -5.88253  1.45701
  1.6496 -5.87222  1.45701
  1.6509 -5.86193  1.45831
  1.6522 -5.85164  1.45961
  1.6535 -5.84139  1.46091
  1.6548 -5.83116  1.46221
 1.65611 -5.82096  1.46351
 1.65741  -5.8108  1.46481
 1.65871 -5.80064  1.46481
 1.66001 -5.79051  1.46612
 1.66131 -5.78039  1.46742
 1.66261 -5.77031  1.46872
 1.66391 -5.76025  1.47002
 1.66522 -5.75022  1.47132
 1.66652 -5.74021  1.47132
 1.66782 -5.73022  1.47262
 1.66912 -5.72024  1.47392
 1.67042  -5.7103  1.47523
 1.67172 -5.70038  1.47653
 1.67302 -5.69049  1.47783
 1.67432 -5.68061  1.47783
 1.67563 -5.67075  1.47913
 1.67693 -5.66092  1.48043
 1.67823 -5.65111  1.48173
 1.67953 -5.64132  1.48303
 1.68083 -5.63157  1.48433
 1.68213 -5.62183  1.48433
 1.68343 -5.61211  1.48564
 1.68473 -5.60241  1.48694
 1.68604 -5.59273  1.48824
 1.68734 -5.58308  1.48954
 1.68864 -5.57346  1.49084
 1.68994 -5.56386  1.49084
 1.69124 -5.55426  1.49214
 1.69254  -5.5447  1.49344
 1.69384 -5.53515  1.49474
 1.69515 -5.52563  1.49605
 1.69645 -5.51614  1.49735
 1.69775 -5.50667  1.49735
 1.69905 -5.49721  1.49865
 1.70035 -5.48777  1.49995
 1.70165 -5.47836  1.50125
 1.70295 -5.46897  1.50255
 1.70425  -5.4596  1.50385
 1.70556 -5.45026  1.50516
 1.70686 -5.44093  1.50516
 1.70816 -5.43162  1.50646
 1.70946 -5.42233  1.50776
 1.71076 -5.41307  1.50906
 1.71206 -5.40383  1.51036
 1.71336 -5.39462  1.51166
 1.71466 -5.38541  1.51166
 1.71597 -5.37623  1.51296
 1.71727 -5.36706  1.51426
 1.71857 -5.35793  1.51557
 1.71987 -5.34881  1.51687
 1.72117 -5.33972  1.51817
 1.72247 -5.33064  1.51817
 1.72377 -5.32158  1.51947
 1.72508 -5.31254  1.52077
 1.72638 -5.30352  1.52207
 1.72768 -5.29453  1.52337
 1.72898 -5.28556  1.52467
 1.73028 -5.27661  1.52467
 1.73158 -5.26767  1.52598
 1.73288 -5.25875  1.52728
 1.73418 -5.24985  1.52858
 1.73549 -5.24098  1.52988
 1.73679 -5.23213  1.53118
 1.73809  -5.2233  1.53118
 1.73939 -5.21447  1.53248
 1.74069 -5.20568  1.53378
 1.74199  -5.1969  1.53509
 1.74329 -5.18814  1.53639
 1.74459 -5.17941  1.53769
  1.7459  -5.1707  1.53769
  1.7472 -5.16199  1.53899
  1.7485 -5.15331  1.54029
  1.7498 -5.14465  1.54159
  1.7511 -5.13601  1.54289
  1.7524  -5.1274  1.54419
  1.7537  -5.1188  1.54419
 1.75501 -5.11021   1.5455
 1.75631 -5.10164   1.5468
 1.75761 -5.09309   1.5481
 1.75891 -5.08457   1.5494
 1.76021 -5.07607   1.5507
 1.76151 -5.06758   1.5507
 1.76281 -5.05911    1.552
 1.76411 -5.05065   1.5533
 1.76542 -5.04222   1.5546
 1.76672 -5.03381  1.55591
 1.76802 -5.02542  1.55721
 1.76932 -5.01705  1.55721
 1.77062 -5.00868  1.55851
 1.77192 -5.00034  1.55981
 1.77322 -4.99202  1.56111
 1.77452 -4.98372  1.56241
 1.77583 -4.97544  1.56371
 1.77713 -4.96718  1.56371
 1.77843 -4.95892  1.56502
 1.77973 -4.95069  1.56632
 1.78103 -4.94248  1.56762
 1.78233 -4.93428  1.56892
 1.78363 -4.92611  1.57022
 1.78493 -4.91796  1.57022
 1.78624 -4.90981  1.57152
 1.78754 -4.90169  1.57282
 1.78884 -4.89358  1.57412
 1.79014  -4.8855  1.57543
 1.79144 -4.87743  1.57673
 1.79274 -4.86938  1.57803
 1.79404 -4.86135  1.57803
 1.79535 -4.85333  1.57933
 1.79665 -4.84532  1.58063
 1.79795 -4.83734  1.58193
 1.79925 -4.82938  1.58323
 1.80055 -4.82144  1.58453
 1.80185 -4.81351  1.58453
 1.80315 -4.80559  1.58584
 1.80445  -4.7977  1.58714
 1.80576 -4.78982  1.58844
 1.80706 -4.78196  1.58974
 1.80836 -4.77412  1.59104
 1.80966 -4.76629  1.59104
 1.81096 -4.75848  1.59234
 1.81226 -4.75068  1.59364
 1.81356 -4.74291  1.59494
 1.81486 -4.73515  1.59625
 1.81617 -4.72742  1.59755
 1.81747 -4.71969  1.59755
 1.81877 -4.71198  1.59885
 1.82007 -4.70428  1.60015
 1.82137 -4.69661  1.60145
 1.82267 -4.68895  1.60275
 1.82397 -4.68131  1.60405
 1.82528 -4.67368  1.60405
 1.82658 -4.66607  1.60536
 1.82788 -4.65847  1.60666
 1.82918  -4.6509  1.60796
 1.83048 -4.64334  1.60926
 1.83178  -4.6358  1.61056
 1.83308 -4.62827  1.61056
 1.83438 -4.62075  1.61186
 1.83569 -4.61326  1.61316
 1.83699 -4.60578  1.61446
 1.83829 -4.59832  1.61577
 1.83959 -4.59087  1.61707
 1.84089 -4.58344  1.61707
 1.84219 -4.57602  1.61837
 1.84349 -4.56862  1.61967
 1.84479 -4.56123  1.62097
  1.8461 -4.55387  1.62227
  1.8474 -4.54652  1.62357
  1.8487 -4.53918  1.62357
    1.85 -4.53185  1.62487