 kgrid  ValNew  Policy 
    0.55  -46.746     0.55
0.551301  -46.439     0.55
0.552603 -46.1388     0.55
0.553904 -45.8451     0.55
0.555205 -45.5576     0.55
0.556507 -45.2764     0.55
0.557808 -45.0012     0.55
0.559109 -44.7318     0.55
 0.56041 -44.4681     0.55
0.561712   -44.21     0.55
0.563013 -43.9573     0.55
0.564314 -43.7098     0.55
0.565616 -43.4675     0.55
0.566917 -43.2303     0.55
0.568218 -42.9979     0.55
 0.56952 -42.7703     0.55
0.570821 -42.5474     0.55
0.572122  -42.329     0.55
0.573423  -42.115     0.55
0.574725 -41.9053     0.55
0.576026 -41.6999     0.55
0.577327 -41.4986     0.55
0.578629 -41.3012     0.55
 0.57993 -41.1078     0.55
0.581231 -40.9183     0.55
0.582533 -40.7324     0.55
0.583834 -40.5472 0.551301
0.585135 -40.3642 0.552603
0.586436  -40.183 0.552603
0.587738 -40.0027 0.553904
0.589039 -39.8244 0.555205
 0.59034 -39.6478 0.555205
0.591642  -39.472 0.556507
0.592943 -39.2984 0.557808
0.594244 -39.1261 0.557808
0.595546 -38.9549 0.559109
0.596847 -38.7855  0.56041
0.598148 -38.6174  0.56041
0.599449 -38.4505 0.561712
0.600751 -38.2856 0.563013
0.602052 -38.1216 0.563013
0.603353 -37.9588 0.564314
0.604655 -37.7977 0.565616
0.605956 -37.6377 0.565616
0.607257 -37.4789 0.566917
0.608559 -37.3216 0.568218
 0.60986 -37.1654 0.568218
0.611161 -37.0101  0.56952
0.612462 -36.8561 0.570821
0.613764 -36.7036 0.572122
0.615065 -36.5516 0.572122
0.616366 -36.4009 0.573423
0.617668 -36.2514 0.574725
0.618969  -36.103 0.574725
 0.62027 -35.9554 0.576026
0.621572 -35.8092 0.577327
0.622873 -35.6641 0.578629
0.624174 -35.5195 0.578629
0.625475 -35.3762  0.57993
0.626777 -35.2341 0.581231
0.628078 -35.0929 0.581231
0.629379 -34.9524 0.582533
0.630681 -34.8132 0.583834
0.631982 -34.6748 0.585135
0.633283 -34.5373 0.585135
0.634585 -34.4004 0.586436
0.635886 -34.2642 0.587738
0.637187 -34.1292 0.589039
0.638488 -33.9951 0.589039
 0.63979 -33.8614  0.59034
0.641091 -33.7285 0.591642
0.642392 -33.5964 0.592943
0.643694 -33.4654 0.594244
0.644995  -33.335 0.594244
0.646296 -33.2051 0.595546
0.647598 -33.0762 0.596847
0.648899  -32.948 0.598148
  0.6502 -32.8207 0.599449
0.651502 -32.6939 0.599449
0.652803 -32.5677 0.600751
0.654104 -32.4424 0.602052
0.655405  -32.318 0.603353
0.656707 -32.1942 0.604655
0.658008 -32.0709 0.604655
0.659309 -31.9482 0.605956
0.660611 -31.8265 0.607257
0.661912 -31.7055 0.608559
0.663213 -31.5852  0.60986
0.664515 -31.4652  0.60986
0.665816  -31.346 0.611161
0.667117 -31.2275 0.612462
0.668418 -31.1098 0.613764
 0.66972 -30.9927 0.613764
0.671021 -30.8761 0.615065
0.672322 -30.7601 0.616366
0.673624 -30.6448 0.617668
0.674925 -30.5303 0.618969
0.676226 -30.4163 0.618969
0.677528 -30.3028  0.62027
0.678829 -30.1898 0.621572
 0.68013 -30.0776 0.622873
0.681431 -29.9661 0.624174
0.682733 -29.8551 0.624174
0.684034 -29.7445 0.625475
0.685335 -29.6345 0.626777
0.686637 -29.5253 0.628078
0.687938 -29.4165 0.629379
0.689239 -29.3085 0.629379
0.690541 -29.2008 0.630681
0.691842 -29.0936 0.631982
0.693143 -28.9871 0.633283
0.694444 -28.8812 0.634585
0.695746  -28.776 0.634585
0.697047  -28.671 0.635886
0.698348 -28.5666 0.637187
 0.69965 -28.4627 0.638488
0.700951 -28.3595  0.63979
0.702252  -28.257 0.641091
0.703554 -28.1546 0.641091
0.704855 -28.0528 0.642392
0.706156 -27.9515 0.643694
0.707457 -27.8509 0.644995
0.708759 -27.7508 0.646296
 0.71006 -27.6511 0.646296
0.711361 -27.5517 0.647598
0.712663 -27.4529 0.648899
0.713964 -27.3547   0.6502
0.715265 -27.2571 0.651502
0.716567 -27.1599 0.651502
0.717868  -27.063 0.652803
0.719169 -26.9666 0.654104
 0.72047 -26.8708 0.655405
0.721772 -26.7755 0.656707
0.723073 -26.6807 0.656707
0.724374 -26.5862 0.658008
0.725676 -26.4921 0.659309
0.726977 -26.3985 0.660611
0.728278 -26.3056 0.661912
 0.72958 -26.2131 0.663213
0.730881 -26.1208 0.663213
0.732182  -26.029 0.664515
0.733483 -25.9377 0.665816
0.734785 -25.8469 0.667117
0.736086 -25.7566 0.668418
0.737387 -25.6666 0.668418
0.738689  -25.577  0.66972
 0.73999 -25.4878 0.671021
0.741291 -25.3991 0.672322
0.742593 -25.3109 0.673624
0.743894 -25.2232 0.673624
0.745195 -25.1356 0.674925
0.746496 -25.0486 0.676226
0.747798  -24.962 0.677528
0.749099 -24.8758 0.678829
  0.7504 -24.7901  0.68013
0.751702 -24.7047  0.68013
0.753003 -24.6196 0.681431
0.754304  -24.535 0.682733
0.755606 -24.4509 0.684034
0.756907 -24.3672 0.685335
0.758208 -24.2838 0.685335
 0.75951 -24.2007 0.686637
0.760811  -24.118 0.687938
0.762112 -24.0358 0.689239
0.763413  -23.954 0.690541
0.764715 -23.8726 0.690541
0.766016 -23.7914 0.691842
0.767317 -23.7106 0.693143
0.768619 -23.6303 0.694444
 0.76992 -23.5503 0.695746
0.771221 -23.4708 0.697047
0.772523 -23.3915 0.697047
0.773824 -23.3126 0.698348
0.775125  -23.234  0.69965
0.776426 -23.1558 0.700951
0.777728 -23.0782 0.702252
0.779029 -23.0007 0.702252
 0.78033 -22.9235 0.703554
0.781632 -22.8468 0.704855
0.782933 -22.7704 0.706156
0.784234 -22.6944 0.707457
0.785536 -22.6187 0.707457
0.786837 -22.5433 0.708759
0.788138 -22.4682  0.71006
0.789439 -22.3935 0.711361
0.790741 -22.3192 0.712663
0.792042 -22.2453 0.713964
0.793343 -22.1715 0.713964
0.794645 -22.0981 0.715265
0.795946 -22.0251 0.716567
0.797247 -21.9524 0.717868
0.798549 -21.8801 0.719169
 0.79985 -21.8081 0.719169
0.801151 -21.7363  0.72047
0.802452 -21.6649 0.721772
0.803754 -21.5938 0.723073
0.805055  -21.523 0.724374
0.806356 -21.4527 0.724374
0.807658 -21.3824 0.725676
0.808959 -21.3125 0.726977
 0.81026  -21.243 0.728278
0.811562 -21.1738  0.72958
0.812863  -21.105 0.730881
0.814164 -21.0363 0.730881
0.815465  -20.968 0.732182
0.816767 -20.8999 0.733483
0.818068 -20.8322 0.734785
0.819369 -20.7649 0.736086
0.820671 -20.6978 0.736086
0.821972 -20.6309 0.737387
0.823273 -20.5643 0.738689
0.824575  -20.498  0.73999
0.825876 -20.4321 0.741291
0.827177 -20.3665 0.741291
0.828478 -20.3011 0.742593
 0.82978 -20.2359 0.743894
0.831081 -20.1711 0.745195
0.832382 -20.1066 0.746496
0.833684 -20.0424 0.747798
0.834985 -19.9784 0.747798
0.836286 -19.9146 0.749099
0.837588 -19.8511   0.7504
0.838889  -19.788 0.751702
 0.84019 -19.7252 0.753003
0.841491 -19.6625 0.753003
0.842793 -19.6001 0.754304
0.844094  -19.538 0.755606
0.845395 -19.4762 0.756907
0.846697 -19.4147 0.758208
0.847998 -19.3534 0.758208
0.849299 -19.2923  0.75951
0.850601 -19.2315 0.760811
0.851902  -19.171 0.762112
0.853203 -19.1107 0.763413
0.854505 -19.0508 0.763413
0.855806  -18.991 0.764715
0.857107 -18.9315 0.766016
0.858408 -18.8722 0.767317
 0.85971 -18.8132 0.768619
0.861011 -18.7546  0.76992
0.862312 -18.6961  0.76992
0.863614 -18.6377 0.771221
0.864915 -18.5796 0.772523
0.866216 -18.5219 0.773824
0.867518 -18.4644 0.775125
0.868819 -18.4072 0.775125
 0.87012 -18.3501 0.776426
0.871421 -18.2932 0.777728
0.872723 -18.2366 0.779029
0.874024 -18.1803  0.78033
0.875325 -18.1243  0.78033
0.876627 -18.0684 0.781632
0.877928 -18.0127 0.782933
0.879229 -17.9573 0.784234
0.880531 -17.9021 0.785536
0.881832 -17.8472 0.786837
0.883133 -17.7924 0.786837
0.884434  -17.738 0.788138
0.885736 -17.6837 0.789439
0.887037 -17.6296 0.790741
0.888338 -17.5758 0.792042
 0.88964 -17.5222 0.792042
0.890941 -17.4688 0.793343
0.892242 -17.4156 0.794645
0.893544 -17.3626 0.795946
0.894845 -17.3099 0.797247
0.896146 -17.2575 0.797247
0.897447 -17.2051 0.798549
0.898749  -17.153  0.79985
 0.90005 -17.1011 0.801151
0.901351 -17.0495 0.802452
0.902653  -16.998 0.803754
0.903954 -16.9468 0.803754
0.905255 -16.8957 0.805055
0.906557 -16.8448 0.806356
0.907858 -16.7942 0.807658
0.909159 -16.7438 0.808959
 0.91046 -16.6936 0.808959
0.911762 -16.6436  0.81026
0.913063 -16.5937 0.811562
0.914364 -16.5441 0.812863
0.915666 -16.4947 0.814164
0.916967 -16.4455 0.814164
0.918268 -16.3965 0.815465
 0.91957 -16.3476 0.816767
0.920871  -16.299 0.818068
0.922172 -16.2506 0.819369
0.923473 -16.2024 0.819369
0.924775 -16.1543 0.820671
0.926076 -16.1064 0.821972
0.927377 -16.0587 0.823273
0.928679 -16.0112 0.824575
 0.92998  -15.964 0.825876
0.931281 -15.9169 0.825876
0.932583 -15.8699 0.827177
0.933884 -15.8232 0.828478
0.935185 -15.7766  0.82978
0.936486 -15.7303 0.831081
0.937788 -15.6841 0.831081
0.939089 -15.6381 0.832382
 0.94039 -15.5922 0.833684
0.941692 -15.5466 0.834985
0.942993 -15.5012 0.836286
0.944294 -15.4559 0.836286
0.945596 -15.4108 0.837588
0.946897 -15.3658 0.838889
0.948198 -15.3211  0.84019
0.949499 -15.2765 0.841491
0.950801 -15.2322 0.841491
0.952102 -15.1879 0.842793
0.953403 -15.1438 0.844094
0.954705 -15.0999 0.845395
0.956006 -15.0562 0.846697
0.957307 -15.0127 0.847998
0.958609 -14.9693 0.847998
 0.95991 -14.9261 0.849299
0.961211  -14.883 0.850601
0.962513 -14.8401 0.851902
0.963814 -14.7975 0.853203
0.965115 -14.7549 0.853203
0.966416 -14.7125 0.854505
0.967718 -14.6703 0.855806
0.969019 -14.6282 0.857107
 0.97032 -14.5863 0.858408
0.971622 -14.5446 0.858408
0.972923  -14.503  0.85971
0.974224 -14.4616 0.861011
0.975526 -14.4203 0.862312
0.976827 -14.3792 0.863614
0.978128 -14.3383 0.863614
0.979429 -14.2975 0.864915
0.980731 -14.2568 0.866216
0.982032 -14.2164 0.867518
0.983333 -14.1761 0.868819
0.984635 -14.1359  0.87012
0.985936 -14.0959  0.87012
0.987237  -14.056 0.871421
0.988539 -14.0163 0.872723
 0.98984 -13.9767 0.874024
0.991141 -13.9373 0.875325
0.992442 -13.8981 0.875325
0.993744 -13.8589 0.876627
0.995045 -13.8199 0.877928
0.996346 -13.7811 0.879229
0.997648 -13.7425 0.880531
0.998949 -13.7039 0.880531
 1.00025 -13.6655 0.881832
 1.00155 -13.6272 0.883133
 1.00285 -13.5891 0.884434
 1.00415 -13.5512 0.885736
 1.00546 -13.5134 0.885736
 1.00676 -13.4757 0.887037
 1.00806 -13.4381 0.888338
 1.00936 -13.4007  0.88964
 1.01066 -13.3635 0.890941
 1.01196 -13.3264 0.890941
 1.01326 -13.2894 0.892242
 1.01456 -13.2525 0.893544
 1.01587 -13.2158 0.894845
 1.01717 -13.1793 0.896146
 1.01847 -13.1429 0.897447
 1.01977 -13.1065 0.897447
 1.02107 -13.0703 0.898749
 1.02237 -13.0343  0.90005
 1.02367 -12.9984 0.901351
 1.02497 -12.9627 0.902653
 1.02628  -12.927 0.902653
 1.02758 -12.8915 0.903954
 1.02888 -12.8561 0.905255
 1.03018 -12.8209 0.906557
 1.03148 -12.7858 0.907858
 1.03278 -12.7508 0.907858
 1.03408 -12.7159 0.909159
 1.03539 -12.6811  0.91046
 1.03669 -12.6465 0.911762
 1.03799 -12.6121 0.913063
 1.03929 -12.5777 0.913063
 1.04059 -12.5435 0.914364
 1.04189 -12.5093 0.915666
 1.04319 -12.4754 0.916967
 1.04449 -12.4415 0.918268
  1.0458 -12.4078 0.918268
  1.0471 -12.3742  0.91957
  1.0484 -12.3407 0.920871
  1.0497 -12.3073 0.922172
   1.051  -12.274 0.923473
  1.0523 -12.2409 0.924775
  1.0536 -12.2079 0.924775
  1.0549  -12.175 0.926076
 1.05621 -12.1422 0.927377
 1.05751 -12.1096 0.928679
 1.05881  -12.077  0.92998
 1.06011 -12.0446  0.92998
 1.06141 -12.0123 0.931281
 1.06271 -11.9801 0.932583
 1.06401  -11.948 0.933884
 1.06532 -11.9161 0.935185
 1.06662 -11.8842 0.935185
 1.06792 -11.8524 0.936486
 1.06922 -11.8208 0.937788
 1.07052 -11.7893 0.939089
 1.07182 -11.7579  0.94039
 1.07312 -11.7267  0.94039
 1.07442 -11.6954 0.941692
 1.07573 -11.6644 0.942993
 1.07703 -11.6334 0.944294
 1.07833 -11.6026 0.945596
 1.07963 -11.5719 0.945596
 1.08093 -11.5412 0.946897
 1.08223 -11.5107 0.948198
 1.08353 -11.4803 0.949499
 1.08483   -11.45 0.950801
 1.08614 -11.4198 0.950801
 1.08744 -11.3897 0.952102
 1.08874 -11.3597 0.953403
 1.09004 -11.3298 0.954705
 1.09134    -11.3 0.956006
 1.09264 -11.2704 0.957307
 1.09394 -11.2408 0.957307
 1.09525 -11.2113 0.958609
 1.09655 -11.1819  0.95991
 1.09785 -11.1527 0.961211
 1.09915 -11.1235 0.962513
 1.10045 -11.0945 0.962513
 1.10175 -11.0655 0.963814
 1.10305 -11.0366 0.965115
 1.10435 -11.0079 0.966416
 1.10566 -10.9793 0.967718
 1.10696 -10.9507 0.967718
 1.10826 -10.9222 0.969019
 1.10956 -10.8938  0.97032
 1.11086 -10.8656 0.971622
 1.11216 -10.8374 0.972923
 1.11346 -10.8094 0.972923
 1.11476 -10.7814 0.974224
 1.11607 -10.7535 0.975526
 1.11737 -10.7257 0.976827
 1.11867 -10.6981 0.978128
 1.11997 -10.6705 0.978128
 1.12127  -10.643 0.979429
 1.12257 -10.6156 0.980731
 1.12387 -10.5883 0.982032
 1.12518 -10.5611 0.983333
 1.12648  -10.534 0.983333
 1.12778 -10.5069 0.984635
 1.12908   -10.48 0.985936
 1.13038 -10.4531 0.987237
 1.13168 -10.4264 0.988539
 1.13298 -10.3998  0.98984
 1.13428 -10.3732  0.98984
 1.13559 -10.3467 0.991141
 1.13689 -10.3203 0.992442
 1.13819  -10.294 0.993744
 1.13949 -10.2678 0.995045
 1.14079 -10.2417 0.995045
 1.14209 -10.2156 0.996346
 1.14339 -10.1897 0.997648
 1.14469 -10.1638 0.998949
   1.146 -10.1381  1.00025
  1.1473 -10.1124  1.00025
  1.1486 -10.0868  1.00155
  1.1499 -10.0612  1.00285
  1.1512 -10.0358  1.00415
  1.1525 -10.0105  1.00546
  1.1538 -9.98525  1.00546
 1.15511 -9.96006  1.00676
 1.15641 -9.93497  1.00806
 1.15771 -9.90997  1.00936
 1.15901 -9.88506  1.01066
 1.16031 -9.86024  1.01066
 1.16161 -9.83547  1.01196
 1.16291 -9.81079  1.01326
 1.16421  -9.7862  1.01456
 1.16552 -9.76171  1.01587
 1.16682 -9.73731  1.01587
 1.16812 -9.71294  1.01717
 1.16942 -9.68866  1.01847
 1.17072 -9.66449  1.01977
 1.17202  -9.6404  1.02107
 1.17332  -9.6164  1.02107
 1.17462 -9.59243  1.02237
 1.17593 -9.56855  1.02367
 1.17723 -9.54477  1.02497
 1.17853 -9.52108  1.02628
 1.17983 -9.49748  1.02758
 1.18113 -9.47391  1.02758
 1.18243 -9.45041  1.02888
 1.18373 -9.42701  1.03018
 1.18504 -9.40372  1.03148
 1.18634  -9.3805  1.03278
 1.18764 -9.35732  1.03278
 1.18894 -9.33421  1.03408
 1.19024 -9.31118  1.03539
 1.19154 -9.28826  1.03669
 1.19284 -9.26543  1.03799
 1.19414 -9.24263  1.03799
 1.19545 -9.21989  1.03929
 1.19675 -9.19723  1.04059
 1.19805 -9.17468  1.04189
 1.19935 -9.15222  1.04319
 1.20065  -9.1298  1.04319
 1.20195 -9.10744  1.04449
 1.20325 -9.08514   1.0458
 1.20455 -9.06293   1.0471
 1.20586 -9.04083   1.0484
 1.20716 -9.01878   1.0484
 1.20846 -8.99679   1.0497
 1.20976 -8.97485    1.051
 1.21106 -8.95299   1.0523
 1.21236 -8.93124   1.0536
 1.21366 -8.90955   1.0536
 1.21496 -8.88791   1.0549
 1.21627 -8.86633  1.05621
 1.21757 -8.84482  1.05751
 1.21887 -8.82341  1.05881
 1.22017 -8.80207  1.05881
 1.22147 -8.78077  1.06011
 1.22277 -8.75955  1.06141
 1.22407 -8.73837  1.06271
 1.22538  -8.7173  1.06401
 1.22668  -8.6963  1.06401
 1.22798 -8.67534  1.06532
 1.22928 -8.65445  1.06662
 1.23058 -8.63363  1.06792
 1.23188 -8.61288  1.06922
 1.23318 -8.59221  1.07052
 1.23448 -8.57158  1.07052
 1.23579 -8.55103  1.07182
 1.23709 -8.53053  1.07312
 1.23839 -8.51011  1.07442
 1.23969 -8.48977  1.07573
 1.24099 -8.46946  1.07573
 1.24229 -8.44923  1.07703
 1.24359 -8.42906  1.07833
 1.24489 -8.40896  1.07963
  1.2462 -8.38894  1.08093
  1.2475 -8.36896  1.08093
  1.2488 -8.34904  1.08223
  1.2501 -8.32919  1.08353
  1.2514  -8.3094  1.08483
  1.2527 -8.28969  1.08614
   1.254 -8.27002  1.08614
 1.25531 -8.25041  1.08744
 1.25661 -8.23087  1.08874
 1.25791 -8.21139  1.09004
 1.25921 -8.19199  1.09134
 1.26051 -8.17264  1.09134
 1.26181 -8.15333  1.09264
 1.26311 -8.13409  1.09394
 1.26441 -8.11491  1.09525
 1.26572 -8.09581  1.09655
 1.26702 -8.07676  1.09655
 1.26832 -8.05775  1.09785
 1.26962 -8.03881  1.09915
 1.27092 -8.01993  1.10045
 1.27222 -8.00112  1.10175
 1.27352 -7.98237  1.10175
 1.27482 -7.96365  1.10305
 1.27613   -7.945  1.10435
 1.27743 -7.92641  1.10566
 1.27873 -7.90789  1.10696
 1.28003 -7.88943  1.10696
 1.28133   -7.871  1.10826
 1.28263 -7.85264  1.10956
 1.28393 -7.83434  1.11086
 1.28524  -7.8161  1.11216
 1.28654 -7.79793  1.11216
 1.28784 -7.77977  1.11346
 1.28914 -7.76169  1.11476
 1.29044 -7.74367  1.11607
 1.29174 -7.72571  1.11737
 1.29304 -7.70781  1.11867
 1.29434 -7.68994  1.11867
 1.29565 -7.67213  1.11997
 1.29695 -7.65439  1.12127
 1.29825  -7.6367  1.12257
 1.29955 -7.61907  1.12387
 1.30085 -7.60148  1.12387
 1.30215 -7.58394  1.12518
 1.30345 -7.56646  1.12648
 1.30475 -7.54904  1.12778
 1.30606 -7.53168  1.12908
 1.30736 -7.51436  1.12908
 1.30866 -7.49708  1.13038
 1.30996 -7.47986  1.13168
 1.31126 -7.46271  1.13298
 1.31256 -7.44561  1.13428
 1.31386 -7.42855  1.13428
 1.31517 -7.41153  1.13559
 1.31647 -7.39457  1.13689
 1.31777 -7.37767  1.13819
 1.31907 -7.36084  1.13949
 1.32037 -7.34403  1.13949
 1.32167 -7.32727  1.14079
 1.32297 -7.31057  1.14209
 1.32427 -7.29392  1.14339
 1.32558 -7.27733  1.14469
 1.32688 -7.26079  1.14469
 1.32818 -7.24428    1.146
 1.32948 -7.22782   1.1473
 1.33078 -7.21142   1.1486
 1.33208 -7.19508   1.1499
 1.33338 -7.17878   1.1499
 1.33468 -7.16252   1.1512
 1.33599  -7.1463   1.1525
 1.33729 -7.13015   1.1538
 1.33859 -7.11405  1.15511
 1.33989   -7.098  1.15511
 1.34119 -7.08197  1.15641
 1.34249   -7.066  1.15771
 1.34379 -7.05008  1.15901
  1.3451 -7.03422  1.16031
  1.3464 -7.01841  1.16031
  1.3477 -7.00262  1.16161
   1.349 -6.98688  1.16291
  1.3503  -6.9712  1.16421
  1.3516 -6.95557  1.16552
  1.3529    -6.94  1.16552
  1.3542 -6.92444  1.16682
 1.35551 -6.90893  1.16812
 1.35681 -6.89348  1.16942
 1.35811 -6.87808  1.17072
 1.35941 -6.86274  1.17072
 1.36071 -6.84741  1.17202
 1.36201 -6.83213  1.17332
 1.36331  -6.8169  1.17462
 1.36461 -6.80173  1.17593
 1.36592 -6.78661  1.17723
 1.36722 -6.77151  1.17723
 1.36852 -6.75645  1.17853
 1.36982 -6.74144  1.17983
 1.37112 -6.72649  1.18113
 1.37242 -6.71159  1.18243
 1.37372 -6.69671  1.18243
 1.37503 -6.68187  1.18373
 1.37633 -6.66708  1.18504
 1.37763 -6.65235  1.18634
 1.37893 -6.63766  1.18764
 1.38023   -6.623  1.18764
 1.38153 -6.60838  1.18894
 1.38283  -6.5938  1.19024
 1.38413 -6.57928  1.19154
 1.38544 -6.56481  1.19284
 1.38674 -6.55036  1.19284
 1.38804 -6.53594  1.19414
 1.38934 -6.52158  1.19545
 1.39064 -6.50727  1.19675
 1.39194   -6.493  1.19805
 1.39324 -6.47876  1.19805
 1.39454 -6.46456  1.19935
 1.39585  -6.4504  1.20065
 1.39715 -6.43629  1.20195
 1.39845 -6.42223  1.20325
 1.39975  -6.4082  1.20325
 1.40105  -6.3942  1.20455
 1.40235 -6.38024  1.20586
 1.40365 -6.36634  1.20716
 1.40495 -6.35247  1.20846
 1.40626 -6.33864  1.20846
 1.40756 -6.32484  1.20976
 1.40886 -6.31109  1.21106
 1.41016 -6.29738  1.21236
 1.41146 -6.28371  1.21366
 1.41276 -6.27008  1.21366
 1.41406 -6.25647  1.21496
 1.41537 -6.24292  1.21627
 1.41667  -6.2294  1.21757
 1.41797 -6.21593  1.21887
 1.41927  -6.2025  1.21887
 1.42057 -6.18908  1.22017
 1.42187 -6.17572  1.22147
 1.42317 -6.16239  1.22277
 1.42447 -6.14911  1.22407
 1.42578 -6.13587  1.22407
 1.42708 -6.12264  1.22538
 1.42838 -6.10946  1.22668
 1.42968 -6.09632  1.22798
 1.43098 -6.08323  1.22928
 1.43228 -6.07018  1.22928
 1.43358 -6.05714  1.23058
 1.43488 -6.04414  1.23188
 1.43619 -6.03119  1.23318
 1.43749 -6.01828  1.23448
 1.43879 -6.00541  1.23448
 1.44009 -5.99256  1.23579
 1.44139 -5.97974  1.23709
 1.44269 -5.96697  1.23839
 1.44399 -5.95424  1.23969
  1.4453 -5.94155  1.23969
  1.4466 -5.92888  1.24099
  1.4479 -5.91625  1.24229
  1.4492 -5.90365  1.24359
  1.4505  -5.8911  1.24489
  1.4518 -5.87859  1.24489
  1.4531 -5.86609   1.2462
  1.4544 -5.85363   1.2475
 1.45571 -5.84121   1.2488
 1.45701 -5.82883   1.2501
 1.45831  -5.8165   1.2501
 1.45961 -5.80417   1.2514
 1.46091 -5.79189   1.2527
 1.46221 -5.77964    1.254
 1.46351 -5.76743  1.25531
 1.46481 -5.75527  1.25661
 1.46612 -5.74311  1.25661
 1.46742   -5.731  1.25791
 1.46872 -5.71892  1.25921
 1.47002 -5.70688  1.26051
 1.47132 -5.69489  1.26181
 1.47262  -5.6829  1.26181
 1.47392 -5.67095  1.26311
 1.47523 -5.65904  1.26441
 1.47653 -5.64717  1.26572
 1.47783 -5.63533  1.26702
 1.47913 -5.62352  1.26702
 1.48043 -5.61173  1.26832
 1.48173 -5.59998  1.26962
 1.48303 -5.58827  1.27092
 1.48433  -5.5766  1.27222
 1.48564 -5.56494  1.27222
 1.48694 -5.55332  1.27352
 1.48824 -5.54173  1.27482
 1.48954 -5.53018  1.27613
 1.49084 -5.51867  1.27743
 1.49214 -5.50717  1.27743
 1.49344 -5.49571  1.27873
 1.49474 -5.48428  1.28003
 1.49605 -5.47288  1.28133
 1.49735 -5.46153  1.28263
 1.49865 -5.45019  1.28263
 1.49995 -5.43888  1.28393
 1.50125 -5.42761  1.28524
 1.50255 -5.41636  1.28654
 1.50385 -5.40516  1.28784
 1.50516 -5.39398  1.28784
 1.50646 -5.38282  1.28914
 1.50776  -5.3717  1.29044
 1.50906 -5.36061  1.29174
 1.51036 -5.34956  1.29304
 1.51166 -5.33853  1.29304
 1.51296 -5.32752  1.29434
 1.51426 -5.31655  1.29565
 1.51557 -5.30561  1.29695
 1.51687 -5.29471  1.29825
 1.51817 -5.28383  1.29825
 1.51947 -5.27297  1.29955
 1.52077 -5.26214  1.30085
 1.52207 -5.25135  1.30215
 1.52337 -5.24059  1.30345
 1.52467 -5.22986  1.30345
 1.52598 -5.21914  1.30475
 1.52728 -5.20847  1.30606
 1.52858 -5.19782  1.30736
 1.52988  -5.1872  1.30866
 1.53118 -5.17661  1.30866
 1.53248 -5.16604  1.30996
 1.53378 -5.15551  1.31126
 1.53509   -5.145  1.31256
 1.53639 -5.13453  1.31386
 1.53769 -5.12408  1.31386
 1.53899 -5.11365  1.31517
 1.54029 -5.10325  1.31647
 1.54159 -5.09289  1.31777
 1.54289 -5.08255  1.31907
 1.54419 -5.07224  1.31907
  1.5455 -5.06195  1.32037
  1.5468 -5.05169  1.32167
  1.5481 -5.04147  1.32297
  1.5494 -5.03127  1.32427
  1.5507 -5.02109  1.32427
   1.552 -5.01094  1.32558
  1.5533 -5.00082  1.32688
  1.5546 -4.99072  1.32818
 1.55591 -4.98066  1.32948
 1.55721 -4.97062  1.32948
 1.55851  -4.9606  1.33078
 1.55981 -4.95061  1.33208
 1.56111 -4.94065  1.33338
 1.56241 -4.93072  1.33468
 1.56371 -4.92082  1.33468
 1.56502 -4.91092  1.33599
 1.56632 -4.90106  1.33729
 1.56762 -4.89124  1.33859
 1.56892 -4.88144  1.33989
 1.57022 -4.87166  1.33989
 1.57152  -4.8619  1.34119
 1.57282 -4.85217  1.34249
 1.57412 -4.84247  1.34379
 1.57543  -4.8328   1.3451
 1.57673 -4.82315   1.3451
 1.57803 -4.81352   1.3464
 1.57933 -4.80391   1.3477
 1.58063 -4.79434    1.349
 1.58193 -4.78479   1.3503
 1.58323 -4.77527   1.3503
 1.58453 -4.76576   1.3516
 1.58584 -4.75628   1.3529
 1.58714 -4.74683   1.3542
 1.58844 -4.73741  1.35551
 1.58974 -4.72802  1.35551
 1.59104 -4.71863  1.35681
 1.59234 -4.70927  1.35811
 1.59364 -4.69995  1.35941
 1.59494 -4.69065  1.36071
 1.59625 -4.68137  1.36071
 1.59755 -4.67211  1.36201
 1.59885 -4.66287  1.36331
 1.60015 -4.65366  1.36461
 1.60145 -4.64448  1.36592
 1.60275 -4.63533  1.36592
 1.60405 -4.62619  1.36722
 1.60536 -4.61707  1.36852
 1.60666 -4.60798  1.36982
 1.60796 -4.59892  1.37112
 1.60926 -4.58988  1.37112
 1.61056 -4.58086  1.37242
 1.61186 -4.57186  1.37372
 1.61316 -4.56288  1.37503
 1.61446 -4.55393  1.37633
 1.61577 -4.54502  1.37633
 1.61707 -4.53611  1.37763
 1.61837 -4.52722  1.37893
 1.61967 -4.51837  1.38023
 1.62097 -4.50953  1.38153
 1.62227 -4.50072  1.38153
 1.62357 -4.49193  1.38283
 1.62487 -4.48316  1.38413
 1.62618 -4.47442  1.38544
 1.62748 -4.46569  1.38674
 1.62878   -4.457  1.38804
 1.63008 -4.44831  1.38804
 1.63138 -4.43965  1.38934
 1.63268 -4.43103  1.39064
 1.63398 -4.42241  1.39194
 1.63529 -4.41383  1.39324
 1.63659 -4.40525  1.39324
 1.63789  -4.3967  1.39454
 1.63919 -4.38818  1.39585
 1.64049 -4.37968  1.39715
 1.64179  -4.3712  1.39845
 1.64309 -4.36274  1.39845
 1.64439 -4.35429  1.39975
  1.6457 -4.34588  1.40105
   1.647 -4.33749  1.40235
  1.6483 -4.32912  1.40365
  1.6496 -4.32076  1.40365
  1.6509 -4.31242  1.40495
  1.6522 -4.30411  1.40626
  1.6535 -4.29583  1.40756
  1.6548 -4.28756  1.40886
 1.65611 -4.27931  1.40886
 1.65741 -4.27108  1.41016
 1.65871 -4.26287  1.41146
 1.66001 -4.25469  1.41276
 1.66131 -4.24653  1.41406
 1.66261 -4.23838  1.41406
 1.66391 -4.23025  1.41537
 1.66522 -4.22214  1.41667
 1.66652 -4.21407  1.41797
 1.66782 -4.20601  1.41927
 1.66912 -4.19796  1.41927
 1.67042 -4.18993  1.42057
 1.67172 -4.18193  1.42187
 1.67302 -4.17395  1.42317
 1.67432 -4.16599  1.42447
 1.67563 -4.15805  1.42447
 1.67693 -4.15012  1.42578
 1.67823 -4.14221  1.42708
 1.67953 -4.13433  1.42838
 1.68083 -4.12648  1.42968
 1.68213 -4.11863  1.42968
 1.68343  -4.1108  1.43098
 1.68473 -4.10299  1.43228
 1.68604 -4.09521  1.43358
 1.68734 -4.08745  1.43488
 1.68864  -4.0797  1.43488
 1.68994 -4.07196  1.43619
 1.69124 -4.06425  1.43749
 1.69254 -4.05657  1.43879
 1.69384  -4.0489  1.44009
 1.69515 -4.04125  1.44009
 1.69645 -4.03361  1.44139
 1.69775   -4.026  1.44269
 1.69905  -4.0184  1.44399
 1.70035 -4.01083   1.4453
 1.70165 -4.00327   1.4453
 1.70295 -3.99573   1.4466
 1.70425 -3.98821   1.4479
 1.70556 -3.98071   1.4492
 1.70686 -3.97323   1.4505
 1.70816 -3.96576   1.4505
 1.70946 -3.95831   1.4518
 1.71076 -3.95088   1.4531
 1.71206 -3.94347   1.4544
 1.71336 -3.93609  1.45571
 1.71466 -3.92871  1.45571
 1.71597 -3.92135  1.45701
 1.71727 -3.91401  1.45831
 1.71857  -3.9067  1.45961
 1.71987  -3.8994  1.46091
 1.72117 -3.89211  1.46091
 1.72247 -3.88484  1.46221
 1.72377 -3.87759  1.46351
 1.72508 -3.87037  1.46481
 1.72638 -3.86316  1.46612
 1.72768 -3.85596  1.46612
 1.72898 -3.84878  1.46742
 1.73028 -3.84162  1.46872
 1.73158 -3.83448  1.47002
 1.73288 -3.82736  1.47132
 1.73418 -3.82025  1.47132
 1.73549 -3.81315  1.47262
 1.73679 -3.80607  1.47392
 1.73809 -3.79902  1.47523
 1.73939 -3.79199  1.47653
 1.74069 -3.78496  1.47653
 1.74199 -3.77795  1.47783
 1.74329 -3.77096  1.47913
 1.74459 -3.76399  1.48043
  1.7459 -3.75705  1.48173
  1.7472 -3.75011  1.48173
  1.7485 -3.74318  1.48303
  1.7498 -3.73628  1.48433
  1.7511 -3.72939  1.48564
  1.7524 -3.72252  1.48694
  1.7537 -3.71567  1.48694
 1.75501 -3.70882  1.48824
 1.75631   -3.702  1.48954
 1.75761  -3.6952  1.49084
 1.75891 -3.68842  1.49214
 1.76021 -3.68164  1.49214
 1.76151 -3.67488  1.49344
 1.76281 -3.66814  1.49474
 1.76411 -3.66142  1.49605
 1.76542 -3.65472  1.49735
 1.76672 -3.64802  1.49735
 1.76802 -3.64134  1.49865
 1.76932 -3.63468  1.49995
 1.77062 -3.62804  1.50125
 1.77192 -3.62142  1.50255
 1.77322  -3.6148  1.50255
 1.77452  -3.6082  1.50385
 1.77583 -3.60162  1.50516
 1.77713 -3.59506  1.50646
 1.77843 -3.58852  1.50776
 1.77973 -3.58198  1.50776
 1.78103 -3.57546  1.50906
 1.78233 -3.56896  1.51036
 1.78363 -3.56247  1.51166
 1.78493 -3.55601  1.51296
 1.78624 -3.54955  1.51296
 1.78754  -3.5431  1.51426
 1.78884 -3.53668  1.51557
 1.79014 -3.53027  1.51687
 1.79144 -3.52388  1.51817
 1.79274  -3.5175  1.51817
 1.79404 -3.51113  1.51947
 1.79535 -3.50478  1.52077
 1.79665 -3.49844  1.52207
 1.79795 -3.49213  1.52337
 1.79925 -3.48582  1.52337
 1.80055 -3.47953  1.52467
 1.80185 -3.47325  1.52598
 1.80315 -3.46699  1.52728
 1.80445 -3.46075  1.52858
 1.80576 -3.45452  1.52858
 1.80706  -3.4483  1.52988
 1.80836  -3.4421  1.53118
 1.80966 -3.43591  1.53248
 1.81096 -3.42975  1.53378
 1.81226 -3.42358  1.53378
 1.81356 -3.41744  1.53509
 1.81486 -3.41131  1.53639
 1.81617 -3.40519  1.53769
 1.81747  -3.3991  1.53899
 1.81877 -3.39301  1.53899
 1.82007 -3.38693  1.54029
 1.82137 -3.38088  1.54159
 1.82267 -3.37483  1.54289
 1.82397 -3.36881  1.54419
 1.82528 -3.36279  1.54419
 1.82658 -3.35679   1.5455
 1.82788  -3.3508   1.5468
 1.82918 -3.34483   1.5481
 1.83048 -3.33887   1.5494
 1.83178 -3.33293   1.5494
 1.83308 -3.32699   1.5507
 1.83438 -3.32107    1.552
 1.83569 -3.31517   1.5533
 1.83699 -3.30928   1.5546
 1.83829  -3.3034   1.5546
 1.83959 -3.29754  1.55591
 1.84089 -3.29169  1.55721
 1.84219 -3.28585  1.55851
 1.84349 -3.28004  1.55981
 1.84479 -3.27422  1.55981
  1.8461 -3.26842  1.56111
  1.8474 -3.26264  1.56241
  1.8487 -3.25687  1.56371
    1.85 -3.25112  1.56502