 kgrid  ValNew  Policy 
     0.55  -20.4581      0.55
 0.551301   -20.274      0.55
 0.552603  -20.0935      0.55
 0.553904  -19.9167      0.55
 0.555205  -19.7433      0.55
 0.556507  -19.5733      0.55
 0.557808  -19.4067      0.55
 0.559109  -19.2433      0.55
  0.56041  -19.0822  0.551301
 0.561712  -18.9225  0.551301
 0.563013  -18.7648  0.552603
 0.564314  -18.6086  0.552603
 0.565616  -18.4541  0.553904
 0.566917  -18.3015  0.553904
 0.568218  -18.1501  0.555205
  0.56952  -18.0008  0.555205
 0.570821  -17.8526  0.556507
 0.572122  -17.7066  0.556507
 0.573423  -17.5613  0.557808
 0.574725  -17.4185  0.557808
 0.576026  -17.2761  0.559109
 0.577327  -17.1362   0.56041
 0.578629   -16.997   0.56041
  0.57993  -16.8599  0.561712
 0.581231  -16.7236  0.561712
 0.582533  -16.5892  0.563013
 0.583834  -16.4559  0.563013
 0.585135  -16.3242  0.564314
 0.586436  -16.1937  0.564314
 0.587738  -16.0646  0.565616
 0.589039  -15.9369  0.565616
  0.59034  -15.8103  0.566917
 0.591642  -15.6853  0.566917
 0.592943  -15.5612  0.568218
 0.594244  -15.4388  0.568218
 0.595546  -15.3172   0.56952
 0.596847  -15.1974   0.56952
 0.598148  -15.0781  0.570821
 0.599449  -14.9607  0.572122
 0.600751  -14.8438  0.572122
 0.602052  -14.7287  0.573423
 0.603353  -14.6142  0.573423
 0.604655  -14.5013  0.574725
 0.605956  -14.3891  0.574725
 0.607257  -14.2784  0.576026
 0.608559  -14.1685  0.576026
  0.60986  -14.0599  0.577327
 0.611161  -13.9523  0.577327
 0.612462  -13.8457  0.578629
 0.613764  -13.7403  0.578629
 0.615065  -13.6358   0.57993
 0.616366  -13.5325   0.57993
 0.617668  -13.4299  0.581231
 0.618969  -13.3287  0.581231
  0.62027   -13.228  0.582533
 0.621572  -13.1288  0.582533
 0.622873    -13.03  0.583834
 0.624174  -12.9328  0.585135
 0.625475  -12.8359  0.585135
 0.626777  -12.7405  0.586436
 0.628078  -12.6455  0.586436
 0.629379  -12.5518  0.587738
 0.630681  -12.4587  0.587738
 0.631982  -12.3667  0.589039
 0.633283  -12.2754  0.589039
 0.634585  -12.1851   0.59034
 0.635886  -12.0956   0.59034
 0.637187   -12.007  0.591642
 0.638488  -11.9192  0.591642
  0.63979  -11.8322  0.592943
 0.641091  -11.7461  0.592943
 0.642392  -11.6607  0.594244
 0.643694  -11.5763  0.594244
 0.644995  -11.4923  0.595546
 0.646296  -11.4096  0.595546
 0.647598  -11.3272  0.596847
 0.648899   -11.246  0.596847
   0.6502   -11.165  0.598148
 0.651502  -11.0853  0.599449
 0.652803  -11.0058  0.599449
 0.654104  -10.9275  0.600751
 0.655405  -10.8496  0.600751
 0.656707  -10.7727  0.602052
 0.658008  -10.6962  0.602052
 0.659309  -10.6206  0.603353
 0.660611  -10.5456  0.603353
 0.661912  -10.4714  0.604655
 0.663213  -10.3977  0.604655
 0.664515  -10.3248  0.605956
 0.665816  -10.2525  0.605956
 0.667117  -10.1808  0.607257
 0.668418  -10.1099  0.607257
  0.66972  -10.0395  0.608559
 0.671021  -9.96987  0.608559
 0.672322  -9.90063   0.60986
 0.673624  -9.83231   0.60986
 0.674925  -9.76425  0.611161
 0.676226  -9.69718  0.611161
 0.677528  -9.63029  0.612462
 0.678829  -9.56439  0.613764
  0.68013  -9.49869  0.613764
 0.681431  -9.43391  0.615065
 0.682733  -9.36941  0.615065
 0.684034  -9.30572  0.616366
 0.685335  -9.24238  0.616366
 0.686637  -9.17977  0.617668
 0.687938  -9.11757  0.617668
 0.689239    -9.056  0.618969
 0.690541  -8.99492  0.618969
 0.691842  -8.93438   0.62027
 0.693143  -8.87439   0.62027
 0.694444  -8.81486  0.621572
 0.695746  -8.75593  0.621572
 0.697047  -8.69739  0.622873
 0.698348  -8.63951  0.622873
  0.69965  -8.58194  0.624174
 0.700951  -8.52507  0.624174
 0.702252  -8.46845  0.625475
 0.703554  -8.41258  0.625475
 0.704855  -8.35689  0.626777
 0.706156  -8.30199  0.628078
 0.707457  -8.24722  0.628078
 0.708759  -8.19322  0.629379
  0.71006  -8.13939  0.629379
 0.711361  -8.08627  0.630681
 0.712663  -8.03338  0.630681
 0.713964  -7.98112  0.631982
 0.715265  -7.92914  0.631982
 0.716567  -7.87772  0.633283
 0.717868  -7.82663  0.633283
 0.719169  -7.77604  0.634585
  0.72047  -7.72583  0.634585
 0.721772  -7.67605  0.635886
 0.723073  -7.62669  0.635886
 0.724374  -7.57771  0.637187
 0.725676  -7.52919  0.637187
 0.726977  -7.48098  0.638488
 0.728278  -7.43329  0.638488
  0.72958  -7.38584   0.63979
 0.730881  -7.33895   0.63979
 0.732182  -7.29226  0.641091
 0.733483  -7.24615  0.641091
 0.734785  -7.20019  0.642392
 0.736086  -7.15486  0.642392
 0.737387  -7.10962  0.643694
 0.738689    -7.065  0.644995
  0.73999  -7.02051  0.644995
 0.741291  -6.97659  0.646296
 0.742593  -6.93284  0.646296
 0.743894   -6.8896  0.647598
 0.745195  -6.84657  0.647598
 0.746496    -6.804  0.648899
 0.747798  -6.76167  0.648899
 0.749099  -6.71976    0.6502
   0.7504  -6.67813    0.6502
 0.751702  -6.63686  0.651502
 0.753003  -6.59591  0.651502
 0.754304  -6.55527  0.652803
 0.755606  -6.51499  0.652803
 0.756907  -6.47497  0.654104
 0.758208  -6.43534  0.654104
  0.75951  -6.39594  0.655405
 0.760811  -6.35695  0.655405
 0.762112  -6.31814  0.656707
 0.763413  -6.27977  0.656707
 0.764715  -6.24155  0.658008
 0.766016   -6.2038  0.658008
 0.767317  -6.16616  0.659309
 0.768619  -6.12901  0.660611
  0.76992  -6.09193  0.660611
 0.771221  -6.05534  0.661912
 0.772523  -6.01885  0.661912
 0.773824  -5.98281  0.663213
 0.775125   -5.9469  0.663213
 0.776426  -5.91139  0.664515
 0.777728  -5.87604  0.664515
 0.779029  -5.84106  0.665816
  0.78033  -5.80627  0.665816
 0.781632  -5.77181  0.667117
 0.782933  -5.73756  0.667117
 0.784234  -5.70361  0.668418
 0.785536   -5.6699  0.668418
 0.786837  -5.63644   0.66972
 0.788138  -5.60326   0.66972
 0.789439  -5.57029  0.671021
 0.790741  -5.53762  0.671021
 0.792042  -5.50513  0.672322
 0.793343  -5.47297  0.672322
 0.794645  -5.44096  0.673624
 0.795946  -5.40928  0.673624
 0.797247  -5.37773  0.674925
 0.798549  -5.34655  0.674925
  0.79985  -5.31546  0.676226
 0.801151  -5.28475  0.676226
 0.802452   -5.2541  0.677528
 0.803754  -5.22385  0.678829
 0.805055  -5.19366  0.678829
 0.806356  -5.16384   0.68013
 0.807658   -5.1341   0.68013
 0.808959  -5.10471  0.681431
  0.81026  -5.07542  0.681431
 0.811562  -5.04645  0.682733
 0.812863   -5.0176  0.682733
 0.814164  -4.98904  0.684034
 0.815465  -4.96063  0.684034
 0.816767  -4.93247  0.685335
 0.818068  -4.90448  0.685335
 0.819369  -4.87672  0.686637
 0.820671  -4.84915  0.686637
 0.821972  -4.82178  0.687938
 0.823273  -4.79462  0.687938
 0.824575  -4.76763  0.689239
 0.825876  -4.74087  0.689239
 0.827177  -4.71426  0.690541
 0.828478   -4.6879  0.690541
  0.82978  -4.66166  0.691842
 0.831081  -4.63568  0.691842
 0.832382  -4.60981  0.693143
 0.833684  -4.58421  0.693143
 0.834985  -4.55869  0.694444
 0.836286  -4.53347  0.694444
 0.837588  -4.50831  0.695746
 0.838889  -4.48345  0.697047
  0.84019  -4.45863  0.697047
 0.841491  -4.43412  0.698348
 0.842793  -4.40966  0.698348
 0.844094  -4.38548   0.69965
 0.845395  -4.36138   0.69965
 0.846697  -4.33753  0.700951
 0.847998  -4.31377  0.700951
 0.849299  -4.29025  0.702252
 0.850601  -4.26683  0.702252
 0.851902  -4.24363  0.703554
 0.853203  -4.22055  0.703554
 0.854505  -4.19766  0.704855
 0.855806  -4.17491  0.704855
 0.857107  -4.15232  0.706156
 0.858408   -4.1299  0.706156
  0.85971  -4.10762  0.707457
 0.861011  -4.08551  0.707457
 0.862312  -4.06353  0.708759
 0.863614  -4.04173  0.708759
 0.864915  -4.02004   0.71006
 0.866216  -3.99855   0.71006
 0.867518  -3.97715  0.711361
 0.868819  -3.95596  0.711361
  0.87012  -3.93485  0.712663
 0.871421  -3.91396  0.712663
 0.872723  -3.89313  0.713964
 0.874024  -3.87252  0.713964
 0.875325  -3.85197  0.715265
 0.876627  -3.83165  0.715265
 0.877928  -3.81136  0.716567
 0.879229  -3.79132  0.717868
 0.880531  -3.77131  0.717868
 0.881832  -3.75153  0.719169
 0.883133  -3.73179  0.719169
 0.884434  -3.71227   0.72047
 0.885736  -3.69281   0.72047
 0.887037  -3.67354  0.721772
 0.888338  -3.65434  0.721772
  0.88964  -3.63532  0.723073
 0.890941  -3.61639  0.723073
 0.892242  -3.59762  0.724374
 0.893544  -3.57895  0.724374
 0.894845  -3.56042  0.725676
 0.896146    -3.542  0.725676
 0.897447   -3.5237  0.726977
 0.898749  -3.50553  0.726977
  0.90005  -3.48748  0.728278
 0.901351  -3.46955  0.728278
 0.902653  -3.45173   0.72958
 0.903954  -3.43404   0.72958
 0.905255  -3.41645  0.730881
 0.906557    -3.399  0.730881
 0.907858  -3.38163  0.732182
 0.909159  -3.36441  0.732182
  0.91046  -3.34726  0.733483
 0.911762  -3.33028  0.733483
 0.913063  -3.31334  0.734785
 0.914364  -3.29658  0.734785
 0.915666  -3.27986  0.736086
 0.916967  -3.26333  0.736086
 0.918268  -3.24682  0.737387
  0.91957  -3.23049  0.738689
 0.920871   -3.2142  0.738689
 0.922172  -3.19808   0.73999
 0.923473    -3.182   0.73999
 0.924775  -3.16608  0.741291
 0.926076  -3.15021  0.741291
 0.927377  -3.13449  0.742593
 0.928679  -3.11883  0.742593
  0.92998   -3.1033  0.743894
 0.931281  -3.08784  0.743894
 0.932583  -3.07251  0.745195
 0.933884  -3.05726  0.745195
 0.935185  -3.04212  0.746496
 0.936486  -3.02706  0.746496
 0.937788   -3.0121  0.747798
 0.939089  -2.99724  0.747798
  0.94039  -2.98247  0.749099
 0.941692  -2.96779  0.749099
 0.942993  -2.95321    0.7504
 0.944294  -2.93872    0.7504
 0.945596  -2.92431  0.751702
 0.946897  -2.91001  0.751702
 0.948198  -2.89578  0.753003
 0.949499  -2.88166  0.753003
 0.950801   -2.8676  0.754304
 0.952102  -2.85367  0.754304
 0.953403  -2.83978  0.755606
 0.954705  -2.82602  0.755606
 0.956006   -2.8123  0.756907
 0.957307  -2.79871  0.756907
 0.958609  -2.78516  0.758208
  0.95991  -2.77174  0.758208
 0.961211  -2.75835   0.75951
 0.962513   -2.7451  0.760811
 0.963814  -2.73187  0.760811
 0.965115  -2.71879  0.762112
 0.966416  -2.70572  0.762112
 0.967718  -2.69279  0.763413
 0.969019  -2.67989  0.763413
  0.97032  -2.66712  0.764715
 0.971622  -2.65438  0.764715
 0.972923  -2.64175  0.766016
 0.974224  -2.62917  0.766016
 0.975526   -2.6167  0.767317
 0.976827  -2.60427  0.767317
 0.978128  -2.59195  0.768619
 0.979429  -2.57968  0.768619
 0.980731  -2.56749   0.76992
 0.982032  -2.55538   0.76992
 0.983333  -2.54334  0.771221
 0.984635  -2.53137  0.771221
 0.985936  -2.51947  0.772523
 0.987237  -2.50765  0.772523
 0.988539  -2.49589  0.773824
  0.98984  -2.48421  0.773824
 0.991141  -2.47259  0.775125
 0.992442  -2.46106  0.775125
 0.993744  -2.44957  0.776426
 0.995045  -2.43818  0.776426
 0.996346  -2.42683  0.777728
 0.997648  -2.41557  0.777728
 0.998949  -2.40435  0.779029
  1.00025  -2.39323  0.779029
  1.00155  -2.38214   0.78033
  1.00285  -2.37116   0.78033
  1.00415   -2.3602  0.781632
  1.00546  -2.34934  0.781632
  1.00676  -2.33851  0.782933
  1.00806  -2.32778  0.782933
  1.00936  -2.31707  0.784234
  1.01066  -2.30647  0.785536
  1.01196  -2.29589  0.785536
  1.01326  -2.28541  0.786837
  1.01456  -2.27495  0.786837
  1.01587  -2.26459  0.788138
  1.01717  -2.25426  0.788138
  1.01847  -2.24402  0.789439
  1.01977  -2.23381  0.789439
  1.02107  -2.22369  0.790741
  1.02237   -2.2136  0.790741
  1.02367  -2.20359  0.792042
  1.02497  -2.19362  0.792042
  1.02628  -2.18372  0.793343
  1.02758  -2.17387  0.793343
  1.02888  -2.16408  0.794645
  1.03018  -2.15434  0.794645
  1.03148  -2.14467  0.795946
  1.03278  -2.13504  0.795946
  1.03408  -2.12548  0.797247
  1.03539  -2.11597  0.797247
  1.03669  -2.10651  0.798549
  1.03799  -2.09711  0.798549
  1.03929  -2.08775   0.79985
  1.04059  -2.07846   0.79985
  1.04189  -2.06921  0.801151
  1.04319  -2.06003  0.801151
  1.04449  -2.05088  0.802452
   1.0458   -2.0418  0.802452
   1.0471  -2.03276  0.803754
   1.0484  -2.02378  0.803754
   1.0497  -2.01484  0.805055
    1.051  -2.00597  0.805055
   1.0523  -1.99712  0.806356
   1.0536  -1.98835  0.806356
   1.0549   -1.9796  0.807658
  1.05621  -1.97093  0.807658
  1.05751  -1.96228  0.808959
  1.05881  -1.95371  0.808959
  1.06011  -1.94515   0.81026
  1.06141  -1.93668  0.811562
  1.06271  -1.92821  0.811562
  1.06401  -1.91983  0.812863
  1.06532  -1.91146  0.812863
  1.06662  -1.90317  0.814164
  1.06792   -1.8949  0.814164
  1.06922   -1.8867  0.815465
  1.07052  -1.87852  0.815465
  1.07182  -1.87041  0.816767
  1.07312  -1.86232  0.816767
  1.07442   -1.8543  0.818068
  1.07573   -1.8463  0.818068
  1.07703  -1.83836  0.819369
  1.07833  -1.83046  0.819369
  1.07963   -1.8226  0.820671
  1.08093  -1.81479  0.820671
  1.08223  -1.80702  0.821972
  1.08353  -1.79929  0.821972
  1.08483   -1.7916  0.823273
  1.08614  -1.78396  0.823273
  1.08744  -1.77635  0.824575
  1.08874  -1.76879  0.824575
  1.09004  -1.76127  0.825876
  1.09134  -1.75379  0.825876
  1.09264  -1.74635  0.827177
  1.09394  -1.73896  0.827177
  1.09525  -1.73159  0.828478
  1.09655  -1.72428  0.828478
  1.09785  -1.71699   0.82978
  1.09915  -1.70976   0.82978
  1.10045  -1.70255  0.831081
  1.10175   -1.6954  0.831081
  1.10305  -1.68827  0.832382
  1.10435  -1.68119  0.832382
  1.10566  -1.67413  0.833684
  1.10696  -1.66713  0.833684
  1.10826  -1.66015  0.834985
  1.10956  -1.65323  0.834985
  1.11086  -1.64632  0.836286
  1.11216  -1.63947  0.836286
  1.11346  -1.63263  0.837588
  1.11476  -1.62586  0.838889
  1.11607  -1.61909  0.838889
  1.11737  -1.61239   0.84019
  1.11867  -1.60569   0.84019
  1.11997  -1.59906  0.841491
  1.12127  -1.59244  0.841491
  1.12257  -1.58587  0.842793
  1.12387  -1.57932  0.842793
  1.12518  -1.57282  0.844094
  1.12648  -1.56634  0.844094
  1.12778  -1.55991  0.845395
  1.12908   -1.5535  0.845395
  1.13038  -1.54713  0.846697
  1.13168  -1.54079  0.846697
  1.13298  -1.53449  0.847998
  1.13428  -1.52821  0.847998
  1.13559  -1.52198  0.849299
  1.13689  -1.51577  0.849299
  1.13819   -1.5096  0.850601
  1.13949  -1.50345  0.850601
  1.14079  -1.49735  0.851902
  1.14209  -1.49127  0.851902
  1.14339  -1.48522  0.853203
  1.14469  -1.47921  0.853203
    1.146  -1.47322  0.854505
   1.1473  -1.46727  0.854505
   1.1486  -1.46134  0.855806
   1.1499  -1.45546  0.855806
   1.1512  -1.44959  0.857107
   1.1525  -1.44376  0.857107
   1.1538  -1.43796  0.858408
  1.15511  -1.43219  0.858408
  1.15641  -1.42644   0.85971
  1.15771  -1.42074   0.85971
  1.15901  -1.41505  0.861011
  1.16031   -1.4094  0.861011
  1.16161  -1.40377  0.862312
  1.16291  -1.39818  0.862312
  1.16421   -1.3926  0.863614
  1.16552  -1.38707  0.863614
  1.16682  -1.38155  0.864915
  1.16812  -1.37607  0.864915
  1.16942  -1.37061  0.866216
  1.17072  -1.36519  0.866216
  1.17202  -1.35978  0.867518
  1.17332  -1.35441  0.868819
  1.17462  -1.34906  0.868819
  1.17593  -1.34375   0.87012
  1.17723  -1.33844   0.87012
  1.17853  -1.33318  0.871421
  1.17983  -1.32794  0.871421
  1.18113  -1.32273  0.872723
  1.18243  -1.31753  0.872723
  1.18373  -1.31238  0.874024
  1.18504  -1.30724  0.874024
  1.18634  -1.30213  0.875325
  1.18764  -1.29704  0.875325
  1.18894  -1.29199  0.876627
  1.19024  -1.28695  0.876627
  1.19154  -1.28194  0.877928
  1.19284  -1.27696  0.877928
  1.19414    -1.272  0.879229
  1.19545  -1.26706  0.879229
  1.19675  -1.26215  0.880531
  1.19805  -1.25727  0.880531
  1.19935   -1.2524  0.881832
  1.20065  -1.24757  0.881832
  1.20195  -1.24275  0.883133
  1.20325  -1.23796  0.883133
  1.20455  -1.23319  0.884434
  1.20586  -1.22845  0.884434
  1.20716  -1.22373  0.885736
  1.20846  -1.21903  0.885736
  1.20976  -1.21436  0.887037
  1.21106  -1.20971  0.887037
  1.21236  -1.20508  0.888338
  1.21366  -1.20048  0.888338
  1.21496  -1.19589   0.88964
  1.21627  -1.19133   0.88964
  1.21757  -1.18679  0.890941
  1.21887  -1.18228  0.890941
  1.22017  -1.17778  0.892242
  1.22147  -1.17331  0.892242
  1.22277  -1.16885  0.893544
  1.22407  -1.16443  0.893544
  1.22538  -1.16001  0.894845
  1.22668  -1.15563  0.894845
  1.22798  -1.15126  0.896146
  1.22928  -1.14692  0.896146
  1.23058  -1.14259  0.897447
  1.23188   -1.1383  0.897447
  1.23318  -1.13401  0.898749
  1.23448  -1.12975  0.898749
  1.23579   -1.1255   0.90005
  1.23709  -1.12129   0.90005
  1.23839  -1.11708  0.901351
  1.23969  -1.11291  0.902653
  1.24099  -1.10874  0.902653
  1.24229   -1.1046  0.903954
  1.24359  -1.10048  0.903954
  1.24489  -1.09638  0.905255
   1.2462  -1.09229  0.905255
   1.2475  -1.08824  0.906557
   1.2488  -1.08419  0.906557
   1.2501  -1.08017  0.907858
   1.2514  -1.07616  0.907858
   1.2527  -1.07217  0.909159
    1.254   -1.0682  0.909159
  1.25531  -1.06426   0.91046
  1.25661  -1.06032   0.91046
  1.25791  -1.05642  0.911762
  1.25921  -1.05252  0.911762
  1.26051  -1.04865  0.913063
  1.26181  -1.04479  0.913063
  1.26311  -1.04095  0.914364
  1.26441  -1.03713  0.914364
  1.26572  -1.03333  0.915666
  1.26702  -1.02954  0.915666
  1.26832  -1.02577  0.916967
  1.26962  -1.02202  0.916967
  1.27092  -1.01829  0.918268
  1.27222  -1.01458  0.918268
  1.27352  -1.01088   0.91957
  1.27482   -1.0072   0.91957
  1.27613  -1.00353  0.920871
  1.27743  -0.99989  0.920871
  1.27873 -0.996259  0.922172
  1.28003 -0.992648  0.922172
  1.28133  -0.98905  0.923473
  1.28263 -0.985473  0.923473
  1.28393 -0.981908  0.924775
  1.28524 -0.978364  0.924775
  1.28654 -0.974831  0.926076
  1.28784  -0.97132  0.926076
  1.28914  -0.96782  0.927377
  1.29044 -0.964342  0.927377
  1.29174 -0.960873  0.928679
  1.29304 -0.957427  0.928679
  1.29434 -0.953989   0.92998
  1.29565 -0.950575   0.92998
  1.29695 -0.947168  0.931281
  1.29825 -0.943785  0.931281
  1.29955 -0.940409  0.932583
  1.30085 -0.937058  0.932583
  1.30215 -0.933712  0.933884
  1.30345 -0.930391  0.933884
  1.30475 -0.927075  0.935185
  1.30606 -0.923785  0.935185
  1.30736 -0.920499  0.936486
  1.30866 -0.917239  0.937788
  1.30996 -0.913982  0.937788
  1.31126 -0.910751  0.939089
  1.31256 -0.907524  0.939089
  1.31386 -0.904322   0.94039
  1.31517 -0.901124   0.94039
  1.31647  -0.89795  0.941692
  1.31777 -0.894781  0.941692
  1.31907 -0.891635  0.942993
  1.32037 -0.888495  0.942993
  1.32167 -0.885378  0.944294
  1.32297 -0.882266  0.944294
  1.32427 -0.879176  0.945596
  1.32558 -0.876092  0.945596
  1.32688 -0.873029  0.946897
  1.32818 -0.869974  0.946897
  1.32948 -0.866937  0.948198
  1.33078 -0.863909  0.948198
  1.33208 -0.860899  0.949499
  1.33338 -0.857899  0.949499
  1.33468 -0.854915  0.950801
  1.33599 -0.851942  0.950801
  1.33729 -0.848984  0.952102
  1.33859 -0.846037  0.952102
  1.33989 -0.843105  0.953403
  1.34119 -0.840185  0.953403
  1.34249 -0.837279  0.954705
  1.34379 -0.834384  0.954705
   1.3451 -0.831503  0.956006
   1.3464 -0.828634  0.956006
   1.3477 -0.825778  0.957307
    1.349 -0.822935  0.957307
   1.3503 -0.820103  0.958609
   1.3516 -0.817285  0.958609
   1.3529 -0.814479   0.95991
   1.3542 -0.811685   0.95991
  1.35551 -0.808903  0.961211
  1.35681 -0.806134  0.961211
  1.35811 -0.803376  0.962513
  1.35941 -0.800632  0.962513
  1.36071 -0.797896  0.963814
  1.36201 -0.795177  0.963814
  1.36331 -0.792465  0.965115
  1.36461 -0.789769  0.965115
  1.36592  -0.78708  0.966416
  1.36722 -0.784408  0.966416
  1.36852 -0.781743  0.967718
  1.36982 -0.779094  0.967718
  1.37112 -0.776451  0.969019
  1.37242 -0.773825  0.969019
  1.37372 -0.771205   0.97032
  1.37503 -0.768602   0.97032
  1.37633 -0.766004  0.971622
  1.37763 -0.763424  0.971622
  1.37893 -0.760848  0.972923
  1.38023  -0.75829  0.972923
  1.38153 -0.755736  0.974224
  1.38283   -0.7532  0.974224
  1.38413 -0.750667  0.975526
  1.38544 -0.748154  0.975526
  1.38674 -0.745642  0.976827
  1.38804  -0.74315  0.978128
  1.38934  -0.74066  0.978128
  1.39064 -0.738189  0.979429
  1.39194  -0.73572  0.979429
  1.39324  -0.73327  0.980731
  1.39454 -0.730822  0.980731
  1.39585 -0.728392  0.982032
  1.39715 -0.725966  0.982032
  1.39845 -0.723556  0.983333
  1.39975  -0.72115  0.983333
  1.40105 -0.718761  0.984635
  1.40235 -0.716376  0.984635
  1.40365 -0.714006  0.985936
  1.40495 -0.711641  0.985936
  1.40626 -0.709291  0.987237
  1.40756 -0.706947  0.987237
  1.40886 -0.704616  0.988539
  1.41016 -0.702292  0.988539
  1.41146 -0.699981   0.98984
  1.41276 -0.697676   0.98984
  1.41406 -0.695384  0.991141
  1.41537 -0.693098  0.991141
  1.41667 -0.690825  0.992442
  1.41797 -0.688559  0.992442
  1.41927 -0.686304  0.993744
  1.42057 -0.684058  0.993744
  1.42187 -0.681822  0.995045
  1.42317 -0.679594  0.995045
  1.42447 -0.677376  0.996346
  1.42578 -0.675167  0.996346
  1.42708 -0.672967  0.997648
  1.42838 -0.670777  0.997648
  1.42968 -0.668595  0.998949
  1.43098 -0.666423  0.998949
  1.43228 -0.664259   1.00025
  1.43358 -0.662105   1.00025
  1.43488 -0.659959   1.00155
  1.43619 -0.657823   1.00155
  1.43749 -0.655694   1.00285
  1.43879 -0.653576   1.00285
  1.44009 -0.651465   1.00415
  1.44139 -0.649364   1.00415
  1.44269  -0.64727   1.00546
  1.44399 -0.645186   1.00546
   1.4453 -0.643109   1.00676
   1.4466 -0.641043   1.00676
   1.4479 -0.638983   1.00806
   1.4492 -0.636934   1.00806
   1.4505  -0.63489   1.00936
   1.4518 -0.632858   1.00936
   1.4531  -0.63083   1.01066
   1.4544 -0.628815   1.01066
  1.45571 -0.626804   1.01196
  1.45701 -0.624805   1.01196
  1.45831  -0.62281   1.01326
  1.45961 -0.620828   1.01326
  1.46091 -0.618849   1.01456
  1.46221 -0.616883   1.01456
  1.46351 -0.614919   1.01587
  1.46481 -0.612969   1.01587
  1.46612 -0.611022   1.01717
  1.46742 -0.609088   1.01717
  1.46872 -0.607156   1.01847
  1.47002 -0.605237   1.01847
  1.47132 -0.603321   1.01977
  1.47262 -0.601418   1.01977
  1.47392 -0.599517   1.02107
  1.47523 -0.597629   1.02237
  1.47653 -0.595743   1.02237
  1.47783 -0.593871   1.02367
  1.47913    -0.592   1.02367
  1.48043 -0.590142   1.02497
  1.48173 -0.588286   1.02497
  1.48303 -0.586443   1.02628
  1.48433 -0.584603   1.02628
  1.48564 -0.582774   1.02758
  1.48694 -0.580948   1.02758
  1.48824 -0.579134   1.02888
  1.48954 -0.577323   1.02888
  1.49084 -0.575523   1.03018
  1.49214 -0.573726   1.03018
  1.49344  -0.57194   1.03148
  1.49474 -0.570158   1.03148
  1.49605 -0.568386   1.03278
  1.49735 -0.566618   1.03278
  1.49865  -0.56486   1.03408
  1.49995 -0.563106   1.03408
  1.50125 -0.561362   1.03539
  1.50255 -0.559622   1.03539
  1.50385 -0.557891   1.03669
  1.50516 -0.556165   1.03669
  1.50646 -0.554448   1.03799
  1.50776 -0.552736   1.03799
  1.50906 -0.551032   1.03929
  1.51036 -0.549333   1.03929
  1.51166 -0.547642   1.04059
  1.51296 -0.545957   1.04059
  1.51426 -0.544279   1.04189
  1.51557 -0.542607   1.04189
  1.51687 -0.540943   1.04319
  1.51817 -0.539284   1.04319
  1.51947 -0.537632   1.04449
  1.52077 -0.535986   1.04449
  1.52207 -0.534347    1.0458
  1.52337 -0.532714    1.0458
  1.52467 -0.531088    1.0471
  1.52598 -0.529468    1.0471
  1.52728 -0.527854    1.0484
  1.52858 -0.526246    1.0484
  1.52988 -0.524645    1.0497
  1.53118  -0.52305    1.0497
  1.53248  -0.52146     1.051
  1.53378 -0.519878     1.051
  1.53509 -0.518301    1.0523
  1.53639 -0.516731    1.0523
  1.53769 -0.515165    1.0536
  1.53899 -0.513608    1.0536
  1.54029 -0.512054    1.0549
  1.54159 -0.510509    1.0549
  1.54289 -0.508967   1.05621
  1.54419 -0.507433   1.05621
   1.5455 -0.505903   1.05751
   1.5468 -0.504382   1.05751
   1.5481 -0.502863   1.05881
   1.5494 -0.501353   1.05881
   1.5507 -0.499846   1.06011
    1.552 -0.498348   1.06011
   1.5533 -0.496853   1.06141
   1.5546 -0.495366   1.06141
  1.55591 -0.493882   1.06271
  1.55721 -0.492406   1.06271
  1.55851 -0.490933   1.06401
  1.55981 -0.489469   1.06401
  1.56111 -0.488007   1.06532
  1.56241 -0.486554   1.06532
  1.56371 -0.485103   1.06662
  1.56502 -0.483661   1.06662
  1.56632 -0.482221   1.06792
  1.56762  -0.48079   1.06792
  1.56892 -0.479361   1.06922
  1.57022 -0.477941   1.06922
  1.57152 -0.476522   1.07052
  1.57282 -0.475113   1.07052
  1.57412 -0.473705   1.07182
  1.57543 -0.472307   1.07312
  1.57673 -0.470909   1.07312
  1.57803 -0.469521   1.07442
  1.57933 -0.468134   1.07442
  1.58063 -0.466756   1.07573
  1.58193  -0.46538   1.07573
  1.58323 -0.464012   1.07703
  1.58453 -0.462646   1.07703
  1.58584 -0.461289   1.07833
  1.58714 -0.459933   1.07833
  1.58844 -0.458586   1.07963
  1.58974  -0.45724   1.07963
  1.59104 -0.455903   1.08093
  1.59234 -0.454567   1.08093
  1.59364  -0.45324   1.08223
  1.59494 -0.451914   1.08223
  1.59625 -0.450596   1.08353
  1.59755 -0.449281   1.08353
  1.59885 -0.447973   1.08483
  1.60015 -0.446667   1.08483
  1.60145 -0.445368   1.08614
  1.60275 -0.444072   1.08614
  1.60405 -0.442783   1.08744
  1.60536 -0.441497   1.08744
  1.60666 -0.440217   1.08874
  1.60796 -0.438941   1.08874
  1.60926  -0.43767   1.09004
  1.61056 -0.436403   1.09004
  1.61186 -0.435142   1.09134
  1.61316 -0.433884   1.09134
  1.61446 -0.432632   1.09264
  1.61577 -0.431384   1.09264
  1.61707 -0.430141   1.09394
  1.61837 -0.428902   1.09394
  1.61967 -0.427668   1.09525
  1.62097 -0.426438   1.09525
  1.62227 -0.425213   1.09655
  1.62357 -0.423992   1.09655
  1.62487 -0.422776   1.09785
  1.62618 -0.421564   1.09785
  1.62748 -0.420356   1.09915
  1.62878 -0.419153   1.09915
  1.63008 -0.417955   1.10045
  1.63138  -0.41676   1.10045
  1.63268  -0.41557   1.10175
  1.63398 -0.414385   1.10175
  1.63529 -0.413203   1.10305
  1.63659 -0.412027   1.10305
  1.63789 -0.410854   1.10435
  1.63919 -0.409685   1.10435
  1.64049 -0.408521   1.10566
  1.64179 -0.407361   1.10566
  1.64309 -0.406205   1.10696
  1.64439 -0.405053   1.10696
   1.6457 -0.403905   1.10826
    1.647 -0.402762   1.10826
   1.6483 -0.401622   1.10956
   1.6496 -0.400488   1.10956
   1.6509 -0.399356   1.11086
   1.6522  -0.39823   1.11086
   1.6535 -0.397106   1.11216
   1.6548 -0.395988   1.11216
  1.65611 -0.394872   1.11346
  1.65741 -0.393762   1.11346
  1.65871 -0.392654   1.11476
  1.66001 -0.391552   1.11476
  1.66131 -0.390452   1.11607
  1.66261 -0.389357   1.11607
  1.66391 -0.388265   1.11737
  1.66522 -0.387179   1.11737
  1.66652 -0.386094   1.11867
  1.66782 -0.385016   1.11867
  1.66912 -0.383939   1.11997
  1.67042 -0.382868   1.11997
  1.67172 -0.381798   1.12127
  1.67302 -0.380735   1.12127
  1.67432 -0.379673   1.12257
  1.67563 -0.378618   1.12257
  1.67693 -0.377563   1.12387
  1.67823 -0.376515   1.12387
  1.67953 -0.375468   1.12518
  1.68083 -0.374428   1.12518
  1.68213 -0.373388   1.12648
  1.68343 -0.372355   1.12648
  1.68473 -0.371322   1.12778
  1.68604 -0.370296   1.12778
  1.68734 -0.369271   1.12908
  1.68864 -0.368252   1.12908
  1.68994 -0.367234   1.13038
  1.69124 -0.366223   1.13168
  1.69254 -0.365212   1.13168
  1.69384 -0.364207   1.13298
  1.69515 -0.363203   1.13298
  1.69645 -0.362206   1.13428
  1.69775 -0.361209   1.13428
  1.69905 -0.360218   1.13559
  1.70035 -0.359229   1.13559
  1.70165 -0.358245   1.13689
  1.70295 -0.357262   1.13689
  1.70425 -0.356285   1.13819
  1.70556 -0.355309   1.13819
  1.70686 -0.354339   1.13949
  1.70816  -0.35337   1.13949
  1.70946 -0.352406   1.14079
  1.71076 -0.351444   1.14079
  1.71206 -0.350487   1.14209
  1.71336 -0.349531   1.14209
  1.71466 -0.348581   1.14339
  1.71597 -0.347632   1.14339
  1.71727 -0.346688   1.14469
  1.71857 -0.345746   1.14469
  1.71987 -0.344808     1.146
  1.72117 -0.343872     1.146
  1.72247 -0.342941    1.1473
  1.72377 -0.342012    1.1473
  1.72508 -0.341087    1.1486
  1.72638 -0.340164    1.1486
  1.72768 -0.339246    1.1499
  1.72898  -0.33833    1.1499
  1.73028 -0.337417    1.1512
  1.73158 -0.336507    1.1512
  1.73288 -0.335601    1.1525
  1.73418 -0.334698    1.1525
  1.73549 -0.333798    1.1538
  1.73679   -0.3329    1.1538
  1.73809 -0.332006   1.15511
  1.73939 -0.331115   1.15511
  1.74069 -0.330227   1.15641
  1.74199 -0.329342   1.15641
  1.74329  -0.32846   1.15771
  1.74459 -0.327581   1.15771
   1.7459 -0.326705   1.15901
   1.7472 -0.325832   1.15901
   1.7485 -0.324962   1.16031
   1.7498 -0.324095   1.16031
   1.7511 -0.323231   1.16161
   1.7524 -0.322369   1.16161
   1.7537 -0.321511   1.16291
  1.75501 -0.320656   1.16291
  1.75631 -0.319803   1.16421
  1.75761 -0.318953   1.16421
  1.75891 -0.318107   1.16552
  1.76021 -0.317263   1.16552
  1.76151 -0.316422   1.16682
  1.76281 -0.315584   1.16682
  1.76411 -0.314748   1.16812
  1.76542 -0.313916   1.16812
  1.76672 -0.313086   1.16942
  1.76802 -0.312259   1.16942
  1.76932 -0.311434   1.17072
  1.77062 -0.310613   1.17072
  1.77192 -0.309794   1.17202
  1.77322 -0.308978   1.17202
  1.77452 -0.308165   1.17332
  1.77583 -0.307355   1.17332
  1.77713 -0.306547   1.17462
  1.77843 -0.305742   1.17462
  1.77973 -0.304939   1.17593
  1.78103  -0.30414   1.17593
  1.78233 -0.303342   1.17723
  1.78363 -0.302548   1.17723
  1.78493 -0.301756   1.17853
  1.78624 -0.300967   1.17853
  1.78754  -0.30018   1.17983
  1.78884 -0.299397   1.17983
  1.79014 -0.298615   1.18113
  1.79144 -0.297837   1.18113
  1.79274  -0.29706   1.18243
  1.79404 -0.296287   1.18243
  1.79535 -0.295516   1.18373
  1.79665 -0.294748   1.18373
  1.79795 -0.293981   1.18504
  1.79925 -0.293218   1.18504
  1.80055 -0.292457   1.18634
  1.80185 -0.291699   1.18634
  1.80315 -0.290943   1.18764
  1.80445  -0.29019   1.18764
  1.80576 -0.289438   1.18894
  1.80706 -0.288691   1.18894
  1.80836 -0.287944   1.19024
  1.80966 -0.287201   1.19024
  1.81096 -0.286459   1.19154
  1.81226 -0.285722   1.19154
  1.81356 -0.284985   1.19284
  1.81486 -0.284252   1.19284
  1.81617 -0.283519   1.19414
  1.81747 -0.282791   1.19414
  1.81877 -0.282064   1.19545
  1.82007  -0.28134   1.19545
  1.82137 -0.280617   1.19675
  1.82267 -0.279899   1.19675
  1.82397 -0.279181   1.19805
  1.82528 -0.278467   1.19935
  1.82658 -0.277753   1.19935
  1.82788 -0.277044   1.20065
  1.82918 -0.276335   1.20065
  1.83048  -0.27563   1.20195
  1.83178 -0.274926   1.20195
  1.83308 -0.274226   1.20325
  1.83438 -0.273526   1.20325
  1.83569 -0.272831   1.20455
  1.83699 -0.272136   1.20455
  1.83829 -0.271444   1.20586
  1.83959 -0.270754   1.20586
  1.84089 -0.270067   1.20716
  1.84219 -0.269381   1.20716
  1.84349 -0.268699   1.20846
  1.84479 -0.268017   1.20846
   1.8461 -0.267339   1.20976
   1.8474 -0.266662   1.20976
   1.8487 -0.265988   1.21106
     1.85 -0.265315   1.21106