 kgrid  ValNew  Policy 
    0.55 -39.6418 0.587738
0.551301  -39.494 0.589039
0.552603 -39.3472  0.59034
0.553904 -39.2012 0.591642
0.555205 -39.0562 0.591642
0.556507 -38.9118 0.592943
0.557808 -38.7682 0.594244
0.559109 -38.6256 0.595546
 0.56041 -38.4838 0.596847
0.561712 -38.3429 0.598148
0.563013 -38.2029 0.599449
0.564314 -38.0636 0.599449
0.565616  -37.925 0.600751
0.566917 -37.7872 0.602052
0.568218 -37.6501 0.603353
 0.56952  -37.514 0.604655
0.570821 -37.3787 0.605956
0.572122 -37.2441 0.607257
0.573423 -37.1102 0.607257
0.574725 -36.9769 0.608559
0.576026 -36.8445  0.60986
0.577327 -36.7127 0.611161
0.578629 -36.5818 0.612462
 0.57993 -36.4516 0.613764
0.581231 -36.3221 0.615065
0.582533 -36.1934 0.615065
0.583834 -36.0651 0.616366
0.585135 -35.9376 0.617668
0.586436 -35.8107 0.618969
0.587738 -35.6846  0.62027
0.589039 -35.5592 0.621572
 0.59034 -35.4345 0.622873
0.591642 -35.3104 0.624174
0.592943 -35.1869 0.624174
0.594244 -35.0639 0.625475
0.595546 -34.9417 0.626777
0.596847 -34.8202 0.628078
0.598148 -34.6992 0.629379
0.599449  -34.579 0.630681
0.600751 -34.4593 0.631982
0.602052 -34.3404 0.633283
0.603353 -34.2219 0.633283
0.604655 -34.1039 0.634585
0.605956 -33.9866 0.635886
0.607257 -33.8699 0.637187
0.608559 -33.7538 0.638488
 0.60986 -33.6383  0.63979
0.611161 -33.5234 0.641091
0.612462 -33.4091 0.642392
0.613764 -33.2953 0.642392
0.615065 -33.1819 0.643694
0.616366 -33.0692 0.644995
0.617668 -32.9571 0.646296
0.618969 -32.8455 0.647598
 0.62027 -32.7345 0.648899
0.621572  -32.624   0.6502
0.622873 -32.5142 0.651502
0.624174 -32.4048 0.651502
0.625475 -32.2959 0.652803
0.626777 -32.1875 0.654104
0.628078 -32.0797 0.655405
0.629379 -31.9723 0.656707
0.630681 -31.8655 0.658008
0.631982 -31.7593 0.659309
0.633283 -31.6536 0.660611
0.634585 -31.5485 0.660611
0.635886 -31.4437 0.661912
0.637187 -31.3394 0.663213
0.638488 -31.2355 0.664515
 0.63979 -31.1322 0.665816
0.641091 -31.0295 0.667117
0.642392 -30.9273 0.668418
0.643694 -30.8256  0.66972
0.644995 -30.7243 0.671021
0.646296 -30.6234 0.671021
0.647598 -30.5229 0.672322
0.648899  -30.423 0.673624
  0.6502 -30.3236 0.674925
0.651502 -30.2246 0.676226
0.652803 -30.1261 0.677528
0.654104 -30.0281 0.678829
0.655405 -29.9306  0.68013
0.656707 -29.8334  0.68013
0.658008 -29.7367 0.681431
0.659309 -29.6404 0.682733
0.660611 -29.5446 0.684034
0.661912 -29.4492 0.685335
0.663213 -29.3543 0.686637
0.664515 -29.2598 0.687938
0.665816 -29.1658 0.689239
0.667117 -29.0722 0.689239
0.668418 -28.9789 0.690541
 0.66972 -28.8861 0.691842
0.671021 -28.7937 0.693143
0.672322 -28.7017 0.694444
0.673624 -28.6102 0.695746
0.674925 -28.5192 0.697047
0.676226 -28.4285 0.698348
0.677528 -28.3383  0.69965
0.678829 -28.2483  0.69965
 0.68013 -28.1588 0.700951
0.681431 -28.0697 0.702252
0.682733  -27.981 0.703554
0.684034 -27.8927 0.704855
0.685335 -27.8048 0.706156
0.686637 -27.7173 0.707457
0.687938 -27.6303 0.708759
0.689239 -27.5435 0.708759
0.690541 -27.4571  0.71006
0.691842 -27.3711 0.711361
0.693143 -27.2855 0.712663
0.694444 -27.2003 0.713964
0.695746 -27.1154 0.715265
0.697047  -27.031 0.716567
0.698348  -26.947 0.717868
 0.69965 -26.8633 0.717868
0.700951 -26.7798 0.719169
0.702252 -26.6968  0.72047
0.703554 -26.6141 0.721772
0.704855 -26.5319 0.723073
0.706156 -26.4499 0.724374
0.707457 -26.3684 0.725676
0.708759 -26.2872 0.726977
 0.71006 -26.2064 0.726977
0.711361 -26.1258 0.728278
0.712663 -26.0456  0.72958
0.713964 -25.9658 0.730881
0.715265 -25.8863 0.732182
0.716567 -25.8072 0.733483
0.717868 -25.7284 0.734785
0.719169   -25.65 0.736086
 0.72047 -25.5719 0.737387
0.721772 -25.4941 0.737387
0.723073 -25.4166 0.738689
0.724374 -25.3394  0.73999
0.725676 -25.2626 0.741291
0.726977 -25.1861 0.742593
0.728278   -25.11 0.743894
 0.72958 -25.0342 0.745195
0.730881 -24.9588 0.746496
0.732182 -24.8835 0.746496
0.733483 -24.8086 0.747798
0.734785  -24.734 0.749099
0.736086 -24.6598   0.7504
0.737387 -24.5858 0.751702
0.738689 -24.5122 0.753003
 0.73999  -24.439 0.754304
0.741291  -24.366 0.755606
0.742593 -24.2933 0.755606
0.743894 -24.2208 0.756907
0.745195 -24.1487 0.758208
0.746496 -24.0769  0.75951
0.747798 -24.0054 0.760811
0.749099 -23.9342 0.762112
  0.7504 -23.8633 0.763413
0.751702 -23.7927 0.764715
0.753003 -23.7224 0.764715
0.754304 -23.6523 0.766016
0.755606 -23.5825 0.767317
0.756907 -23.5131 0.768619
0.758208 -23.4439  0.76992
 0.75951  -23.375 0.771221
0.760811 -23.3064 0.772523
0.762112 -23.2381 0.773824
0.763413 -23.1701 0.773824
0.764715 -23.1022 0.775125
0.766016 -23.0347 0.776426
0.767317 -22.9675 0.777728
0.768619 -22.9005 0.779029
 0.76992 -22.8339  0.78033
0.771221 -22.7675 0.781632
0.772523 -22.7014 0.782933
0.773824 -22.6355 0.782933
0.775125 -22.5699 0.784234
0.776426 -22.5045 0.785536
0.777728 -22.4394 0.786837
0.779029 -22.3746 0.788138
 0.78033   -22.31 0.789439
0.781632 -22.2458 0.790741
0.782933 -22.1818 0.792042
0.784234  -22.118 0.792042
0.785536 -22.0544 0.793343
0.786837 -21.9911 0.794645
0.788138 -21.9281 0.795946
0.789439 -21.8653 0.797247
0.790741 -21.8028 0.798549
0.792042 -21.7406  0.79985
0.793343 -21.6786 0.801151
0.794645 -21.6168 0.801151
0.795946 -21.5552 0.802452
0.797247 -21.4939 0.803754
0.798549 -21.4328 0.805055
 0.79985  -21.372 0.806356
0.801151 -21.3114 0.807658
0.802452 -21.2511 0.808959
0.803754 -21.1911  0.81026
0.805055 -21.1312  0.81026
0.806356 -21.0715 0.811562
0.807658 -21.0121 0.812863
0.808959 -20.9529 0.814164
 0.81026  -20.894 0.815465
0.811562 -20.8353 0.816767
0.812863 -20.7769 0.818068
0.814164 -20.7187 0.819369
0.815465 -20.6606 0.819369
0.816767 -20.6028 0.820671
0.818068 -20.5452 0.821972
0.819369 -20.4879 0.823273
0.820671 -20.4307 0.824575
0.821972 -20.3739 0.825876
0.823273 -20.3172 0.827177
0.824575 -20.2608 0.828478
0.825876 -20.2045 0.828478
0.827177 -20.1484  0.82978
0.828478 -20.0926 0.831081
 0.82978  -20.037 0.832382
0.831081 -19.9816 0.833684
0.832382 -19.9264 0.834985
0.833684 -19.8715 0.836286
0.834985 -19.8167 0.836286
0.836286 -19.7622 0.837588
0.837588 -19.7078 0.838889
0.838889 -19.6537  0.84019
 0.84019 -19.5997 0.841491
0.841491  -19.546 0.842793
0.842793 -19.4925 0.844094
0.844094 -19.4392 0.845395
0.845395 -19.3861 0.845395
0.846697 -19.3332 0.846697
0.847998 -19.2804 0.847998
0.849299 -19.2278 0.849299
0.850601 -19.1755 0.850601
0.851902 -19.1234 0.851902
0.853203 -19.0715 0.853203
0.854505 -19.0199 0.854505
0.855806 -18.9683 0.854505
0.857107 -18.9169 0.855806
0.858408 -18.8657 0.857107
 0.85971 -18.8147 0.858408
0.861011 -18.7639  0.85971
0.862312 -18.7134 0.861011
0.863614  -18.663 0.862312
0.864915 -18.6129 0.863614
0.866216 -18.5628 0.863614
0.867518 -18.5129 0.864915
0.868819 -18.4632 0.866216
 0.87012 -18.4138 0.867518
0.871421 -18.3645 0.868819
0.872723 -18.3154  0.87012
0.874024 -18.2665 0.871421
0.875325 -18.2178 0.872723
0.876627 -18.1692 0.872723
0.877928 -18.1208 0.874024
0.879229 -18.0725 0.875325
0.880531 -18.0245 0.876627
0.881832 -17.9767 0.877928
0.883133  -17.929 0.879229
0.884434 -17.8815 0.880531
0.885736 -17.8342 0.880531
0.887037  -17.787 0.881832
0.888338   -17.74 0.883133
 0.88964 -17.6932 0.884434
0.890941 -17.6465 0.885736
0.892242    -17.6 0.887037
0.893544 -17.5538 0.888338
0.894845 -17.5077  0.88964
0.896146 -17.4617  0.88964
0.897447 -17.4158 0.890941
0.898749 -17.3701 0.892242
 0.90005 -17.3247 0.893544
0.901351 -17.2793 0.894845
0.902653 -17.2342 0.896146
0.903954 -17.1893 0.897447
0.905255 -17.1444 0.897447
0.906557 -17.0997 0.898749
0.907858 -17.0552  0.90005
0.909159 -17.0108 0.901351
 0.91046 -16.9667 0.902653
0.911762 -16.9226 0.903954
0.913063 -16.8788 0.905255
0.914364 -16.8351 0.906557
0.915666 -16.7915 0.906557
0.916967 -16.7481 0.907858
0.918268 -16.7048 0.909159
 0.91957 -16.6617  0.91046
0.920871 -16.6187 0.911762
0.922172  -16.576 0.913063
0.923473 -16.5333 0.914364
0.924775 -16.4909 0.914364
0.926076 -16.4485 0.915666
0.927377 -16.4063 0.916967
0.928679 -16.3642 0.918268
 0.92998 -16.3223  0.91957
0.931281 -16.2806 0.920871
0.932583  -16.239 0.922172
0.933884 -16.1976 0.923473
0.935185 -16.1563 0.923473
0.936486 -16.1151 0.924775
0.937788  -16.074 0.926076
0.939089 -16.0331 0.927377
 0.94039 -15.9924 0.928679
0.941692 -15.9518  0.92998
0.942993 -15.9114 0.931281
0.944294 -15.8711 0.932583
0.945596 -15.8309 0.932583
0.946897 -15.7908 0.933884
0.948198 -15.7509 0.935185
0.949499 -15.7112 0.936486
0.950801 -15.6715 0.937788
0.952102 -15.6321 0.939089
0.953403 -15.5928  0.94039
0.954705 -15.5535  0.94039
0.956006 -15.5144 0.941692
0.957307 -15.4755 0.942993
0.958609 -15.4367 0.944294
 0.95991  -15.398 0.945596
0.961211 -15.3595 0.946897
0.962513 -15.3211 0.948198
0.963814 -15.2828 0.949499
0.965115 -15.2447 0.949499
0.966416 -15.2066 0.950801
0.967718 -15.1687 0.952102
0.969019  -15.131 0.953403
 0.97032 -15.0933 0.954705
0.971622 -15.0558 0.956006
0.972923 -15.0185 0.957307
0.974224 -14.9813 0.957307
0.975526 -14.9441 0.958609
0.976827 -14.9071  0.95991
0.978128 -14.8702 0.961211
0.979429 -14.8335 0.962513
0.980731 -14.7969 0.963814
0.982032 -14.7604 0.965115
0.983333 -14.7241 0.965115
0.984635 -14.6878 0.966416
0.985936 -14.6516 0.967718
0.987237 -14.6156 0.969019
0.988539 -14.5797  0.97032
 0.98984  -14.544 0.971622
0.991141 -14.5083 0.972923
0.992442 -14.4728 0.974224
0.993744 -14.4374 0.974224
0.995045 -14.4021 0.975526
0.996346 -14.3669 0.976827
0.997648 -14.3319 0.978128
0.998949 -14.2969 0.979429
 1.00025 -14.2621 0.980731
 1.00155 -14.2274 0.982032
 1.00285 -14.1929 0.982032
 1.00415 -14.1584 0.983333
 1.00546  -14.124 0.984635
 1.00676 -14.0897 0.985936
 1.00806 -14.0556 0.987237
 1.00936 -14.0216 0.988539
 1.01066 -13.9877  0.98984
 1.01196 -13.9539 0.991141
 1.01326 -13.9202 0.991141
 1.01456 -13.8867 0.992442
 1.01587 -13.8532 0.993744
 1.01717 -13.8198 0.995045
 1.01847 -13.7866 0.996346
 1.01977 -13.7535 0.997648
 1.02107 -13.7205 0.998949
 1.02237 -13.6876 0.998949
 1.02367 -13.6547  1.00025
 1.02497  -13.622  1.00155
 1.02628 -13.5894  1.00285
 1.02758 -13.5569  1.00415
 1.02888 -13.5246  1.00546
 1.03018 -13.4923  1.00676
 1.03148 -13.4601  1.00676
 1.03278  -13.428  1.00806
 1.03408 -13.3961  1.00936
 1.03539 -13.3642  1.01066
 1.03669 -13.3324  1.01196
 1.03799 -13.3008  1.01326
 1.03929 -13.2693  1.01456
 1.04059 -13.2378  1.01587
 1.04189 -13.2065  1.01587
 1.04319 -13.1752  1.01717
 1.04449 -13.1441  1.01847
  1.0458  -13.113  1.01977
  1.0471 -13.0821  1.02107
  1.0484 -13.0512  1.02237
  1.0497 -13.0205  1.02367
   1.051 -12.9899  1.02367
  1.0523 -12.9593  1.02497
  1.0536 -12.9288  1.02628
  1.0549 -12.8985  1.02758
 1.05621 -12.8682  1.02888
 1.05751 -12.8381  1.03018
 1.05881  -12.808  1.03148
 1.06011 -12.7781  1.03148
 1.06141 -12.7482  1.03278
 1.06271 -12.7184  1.03408
 1.06401 -12.6887  1.03539
 1.06532 -12.6591  1.03669
 1.06662 -12.6296  1.03799
 1.06792 -12.6003  1.03929
 1.06922  -12.571  1.04059
 1.07052 -12.5417  1.04059
 1.07182 -12.5126  1.04189
 1.07312 -12.4835  1.04319
 1.07442 -12.4546  1.04449
 1.07573 -12.4258   1.0458
 1.07703  -12.397   1.0471
 1.07833 -12.3684   1.0484
 1.07963 -12.3398   1.0484
 1.08093 -12.3113   1.0497
 1.08223 -12.2829    1.051
 1.08353 -12.2546   1.0523
 1.08483 -12.2264   1.0536
 1.08614 -12.1982   1.0549
 1.08744 -12.1702  1.05621
 1.08874 -12.1423  1.05621
 1.09004 -12.1144  1.05751
 1.09134 -12.0866  1.05881
 1.09264 -12.0589  1.06011
 1.09394 -12.0313  1.06141
 1.09525 -12.0038  1.06271
 1.09655 -11.9764  1.06401
 1.09785  -11.949  1.06401
 1.09915 -11.9217  1.06532
 1.10045 -11.8945  1.06662
 1.10175 -11.8674  1.06792
 1.10305 -11.8404  1.06922
 1.10435 -11.8135  1.07052
 1.10566 -11.7867  1.07182
 1.10696 -11.7599  1.07182
 1.10826 -11.7332  1.07312
 1.10956 -11.7066  1.07442
 1.11086 -11.6801  1.07573
 1.11216 -11.6536  1.07703
 1.11346 -11.6273  1.07833
 1.11476  -11.601  1.07963
 1.11607 -11.5749  1.08093
 1.11737 -11.5487  1.08093
 1.11867 -11.5227  1.08223
 1.11997 -11.4967  1.08353
 1.12127 -11.4708  1.08483
 1.12257  -11.445  1.08614
 1.12387 -11.4193  1.08744
 1.12518 -11.3937  1.08874
 1.12648 -11.3682  1.08874
 1.12778 -11.3427  1.09004
 1.12908 -11.3173  1.09134
 1.13038 -11.2919  1.09264
 1.13168 -11.2667  1.09394
 1.13298 -11.2415  1.09525
 1.13428 -11.2164  1.09655
 1.13559 -11.1914  1.09655
 1.13689 -11.1665  1.09785
 1.13819 -11.1416  1.09915
 1.13949 -11.1168  1.10045
 1.14079  -11.092  1.10175
 1.14209 -11.0674  1.10305
 1.14339 -11.0429  1.10435
 1.14469 -11.0184  1.10435
   1.146 -10.9939  1.10566
  1.1473 -10.9695  1.10696
  1.1486 -10.9453  1.10826
  1.1499 -10.9211  1.10956
  1.1512 -10.8969  1.11086
  1.1525 -10.8729  1.11216
  1.1538 -10.8489  1.11346
 1.15511  -10.825  1.11346
 1.15641 -10.8011  1.11476
 1.15771 -10.7773  1.11607
 1.15901 -10.7536  1.11737
 1.16031   -10.73  1.11867
 1.16161 -10.7065  1.11997
 1.16291  -10.683  1.12127
 1.16421 -10.6596  1.12127
 1.16552 -10.6362  1.12257
 1.16682 -10.6129  1.12387
 1.16812 -10.5897  1.12518
 1.16942 -10.5666  1.12648
 1.17072 -10.5435  1.12778
 1.17202 -10.5205  1.12908
 1.17332 -10.4975  1.12908
 1.17462 -10.4746  1.13038
 1.17593 -10.4518  1.13168
 1.17723 -10.4291  1.13298
 1.17853 -10.4064  1.13428
 1.17983 -10.3838  1.13559
 1.18113 -10.3613  1.13689
 1.18243 -10.3388  1.13689
 1.18373 -10.3164  1.13819
 1.18504 -10.2941  1.13949
 1.18634 -10.2718  1.14079
 1.18764 -10.2496  1.14209
 1.18894 -10.2274  1.14339
 1.19024 -10.2054  1.14469
 1.19154 -10.1834  1.14469
 1.19284 -10.1614    1.146
 1.19414 -10.1395   1.1473
 1.19545 -10.1177   1.1486
 1.19675 -10.0959   1.1499
 1.19805 -10.0742   1.1512
 1.19935 -10.0526   1.1525
 1.20065  -10.031   1.1525
 1.20195 -10.0095   1.1538
 1.20325 -9.98805  1.15511
 1.20455 -9.96666  1.15641
 1.20586 -9.94535  1.15771
 1.20716  -9.9241  1.15901
 1.20846 -9.90291  1.16031
 1.20976 -9.88177  1.16031
 1.21106 -9.86068  1.16161
 1.21236 -9.83965  1.16291
 1.21366 -9.81869  1.16421
 1.21496 -9.79781  1.16552
 1.21627 -9.77698  1.16682
 1.21757 -9.75621  1.16812
 1.21887 -9.73549  1.16812
 1.22017 -9.71482  1.16942
 1.22147 -9.69422  1.17072
 1.22277 -9.67368  1.17202
 1.22407 -9.65321  1.17332
 1.22538 -9.63279  1.17462
 1.22668 -9.61244  1.17593
 1.22798 -9.59213  1.17593
 1.22928 -9.57187  1.17723
 1.23058 -9.55168  1.17853
 1.23188 -9.53155  1.17983
 1.23318 -9.51147  1.18113
 1.23448 -9.49146  1.18243
 1.23579 -9.47151  1.18373
 1.23709  -9.4516  1.18373
 1.23839 -9.43175  1.18504
 1.23969 -9.41195  1.18634
 1.24099 -9.39221  1.18764
 1.24229 -9.37253  1.18894
 1.24359 -9.35291  1.19024
 1.24489 -9.33336  1.19154
  1.2462 -9.31385  1.19154
  1.2475 -9.29438  1.19284
  1.2488 -9.27497  1.19414
  1.2501 -9.25561  1.19545
  1.2514 -9.23632  1.19675
  1.2527 -9.21709  1.19805
   1.254 -9.19792  1.19935
 1.25531 -9.17879  1.19935
 1.25661  -9.1597  1.20065
 1.25791 -9.14066  1.20195
 1.25921 -9.12168  1.20325
 1.26051 -9.10277  1.20455
 1.26181 -9.08391  1.20586
 1.26311 -9.06511  1.20716
 1.26441 -9.04636  1.20716
 1.26572 -9.02763  1.20846
 1.26702 -9.00897  1.20976
 1.26832 -8.99036  1.21106
 1.26962 -8.97181  1.21236
 1.27092 -8.95332  1.21366
 1.27222 -8.93488  1.21496
 1.27352 -8.91649  1.21496
 1.27482 -8.89812  1.21627
 1.27613 -8.87982  1.21757
 1.27743 -8.86157  1.21887
 1.27873 -8.84338  1.22017
 1.28003 -8.82524  1.22147
 1.28133 -8.80716  1.22277
 1.28263 -8.78911  1.22277
 1.28393 -8.77111  1.22407
 1.28524 -8.75315  1.22538
 1.28654 -8.73526  1.22668
 1.28784 -8.71741  1.22798
 1.28914 -8.69962  1.22928
 1.29044 -8.68189  1.23058
 1.29174 -8.66419  1.23058
 1.29304 -8.64652  1.23188
 1.29434 -8.62891  1.23318
 1.29565 -8.61136  1.23448
 1.29695 -8.59385  1.23579
 1.29825  -8.5764  1.23709
 1.29955   -8.559  1.23839
 1.30085 -8.54164  1.23839
 1.30215 -8.52431  1.23969
 1.30345 -8.50704  1.24099
 1.30475 -8.48981  1.24229
 1.30606 -8.47264  1.24359
 1.30736 -8.45552  1.24489
 1.30866 -8.43845   1.2462
 1.30996 -8.42141   1.2462
 1.31126 -8.40441   1.2475
 1.31256 -8.38746   1.2488
 1.31386 -8.37057   1.2501
 1.31517 -8.35372   1.2514
 1.31647 -8.33692   1.2527
 1.31777 -8.32017    1.254
 1.31907 -8.30346    1.254
 1.32037 -8.28677  1.25531
 1.32167 -8.27014  1.25661
 1.32297 -8.25356  1.25791
 1.32427 -8.23703  1.25921
 1.32558 -8.22055  1.26051
 1.32688 -8.20412  1.26181
 1.32818 -8.18771  1.26181
 1.32948 -8.17134  1.26311
 1.33078 -8.15502  1.26441
 1.33208 -8.13875  1.26572
 1.33338 -8.12253  1.26702
 1.33468 -8.10635  1.26832
 1.33599 -8.09023  1.26962
 1.33729 -8.07413  1.26962
 1.33859 -8.05806  1.27092
 1.33989 -8.04205  1.27222
 1.34119 -8.02608  1.27352
 1.34249 -8.01015  1.27482
 1.34379 -7.99428  1.27613
  1.3451 -7.97845  1.27743
  1.3464 -7.96265  1.27743
  1.3477 -7.94688  1.27873
   1.349 -7.93117  1.28003
  1.3503 -7.91549  1.28133
  1.3516 -7.89986  1.28263
  1.3529 -7.88428  1.28393
  1.3542 -7.86875  1.28524
 1.35551 -7.85323  1.28524
 1.35681 -7.83776  1.28654
 1.35811 -7.82233  1.28784
 1.35941 -7.80694  1.28914
 1.36071  -7.7916  1.29044
 1.36201 -7.77631  1.29174
 1.36331 -7.76106  1.29174
 1.36461 -7.74582  1.29304
 1.36592 -7.73063  1.29434
 1.36722 -7.71549  1.29565
 1.36852 -7.70038  1.29695
 1.36982 -7.68533  1.29825
 1.37112 -7.67031  1.29955
 1.37242 -7.65534  1.29955
 1.37372 -7.64038  1.30085
 1.37503 -7.62547  1.30215
 1.37633  -7.6106  1.30345
 1.37763 -7.59577  1.30475
 1.37893 -7.58099  1.30606
 1.38023 -7.56625  1.30736
 1.38153 -7.55154  1.30736
 1.38283 -7.53686  1.30866
 1.38413 -7.52221  1.30996
 1.38544 -7.50762  1.31126
 1.38674 -7.49306  1.31256
 1.38804 -7.47854  1.31386
 1.38934 -7.46407  1.31517
 1.39064 -7.44962  1.31517
 1.39194 -7.43521  1.31647
 1.39324 -7.42083  1.31777
 1.39454 -7.40649  1.31907
 1.39585  -7.3922  1.32037
 1.39715 -7.37795  1.32167
 1.39845 -7.36373  1.32297
 1.39975 -7.34955  1.32297
 1.40105 -7.33539  1.32427
 1.40235 -7.32127  1.32558
 1.40365 -7.30719  1.32688
 1.40495 -7.29316  1.32818
 1.40626 -7.27916  1.32948
 1.40756  -7.2652  1.33078
 1.40886 -7.25126  1.33078
 1.41016 -7.23736  1.33208
 1.41146  -7.2235  1.33338
 1.41276 -7.20967  1.33468
 1.41406 -7.19588  1.33599
 1.41537 -7.18214  1.33729
 1.41667 -7.16843  1.33859
 1.41797 -7.15474  1.33859
 1.41927 -7.14108  1.33989
 1.42057 -7.12746  1.34119
 1.42187 -7.11388  1.34249
 1.42317 -7.10034  1.34379
 1.42447 -7.08684   1.3451
 1.42578 -7.07337   1.3451
 1.42708 -7.05992   1.3464
 1.42838 -7.04651   1.3477
 1.42968 -7.03313    1.349
 1.43098 -7.01979   1.3503
 1.43228 -7.00649   1.3516
 1.43358 -6.99323   1.3529
 1.43488    -6.98   1.3529
 1.43619 -6.96679   1.3542
 1.43749 -6.95361  1.35551
 1.43879 -6.94047  1.35681
 1.44009 -6.92737  1.35811
 1.44139  -6.9143  1.35941
 1.44269 -6.90127  1.36071
 1.44399 -6.88827  1.36071
  1.4453 -6.87529  1.36201
  1.4466 -6.86234  1.36331
  1.4479 -6.84944  1.36461
  1.4492 -6.83656  1.36592
  1.4505 -6.82373  1.36722
  1.4518 -6.81092  1.36852
  1.4531 -6.79815  1.36852
  1.4544 -6.78539  1.36982
 1.45571 -6.77268  1.37112
 1.45701 -6.75999  1.37242
 1.45831 -6.74735  1.37372
 1.45961 -6.73473  1.37503
 1.46091 -6.72216  1.37633
 1.46221  -6.7096  1.37633
 1.46351 -6.69707  1.37763
 1.46481 -6.68457  1.37893
 1.46612 -6.67211  1.38023
 1.46742 -6.65968  1.38153
 1.46872 -6.64729  1.38283
 1.47002 -6.63493  1.38283
 1.47132 -6.62258  1.38413
 1.47262 -6.61027  1.38544
 1.47392 -6.59799  1.38674
 1.47523 -6.58574  1.38804
 1.47653 -6.57353  1.38934
 1.47783 -6.56136  1.39064
 1.47913 -6.54921  1.39064
 1.48043 -6.53707  1.39194
 1.48173 -6.52497  1.39324
 1.48303 -6.51291  1.39454
 1.48433 -6.50087  1.39585
 1.48564 -6.48887  1.39715
 1.48694  -6.4769  1.39845
 1.48824 -6.46496  1.39845
 1.48954 -6.45303  1.39975
 1.49084 -6.44114  1.40105
 1.49214 -6.42928  1.40235
 1.49344 -6.41746  1.40365
 1.49474 -6.40566  1.40495
 1.49605  -6.3939  1.40626
 1.49735 -6.38215  1.40626
 1.49865 -6.37043  1.40756
 1.49995 -6.35875  1.40886
 1.50125 -6.34709  1.41016
 1.50255 -6.33547  1.41146
 1.50385 -6.32387  1.41276
 1.50516 -6.31231  1.41406
 1.50646 -6.30076  1.41406
 1.50776 -6.28924  1.41537
 1.50906 -6.27776  1.41667
 1.51036  -6.2663  1.41797
 1.51166 -6.25487  1.41927
 1.51296 -6.24347  1.42057
 1.51426  -6.2321  1.42057
 1.51557 -6.22075  1.42187
 1.51687 -6.20943  1.42317
 1.51817 -6.19814  1.42447
 1.51947 -6.18687  1.42578
 1.52077 -6.17563  1.42708
 1.52207 -6.16443  1.42838
 1.52337 -6.15325  1.42838
 1.52467 -6.14209  1.42968
 1.52598 -6.13096  1.43098
 1.52728 -6.11986  1.43228
 1.52858 -6.10878  1.43358
 1.52988 -6.09774  1.43488
 1.53118 -6.08673  1.43619
 1.53248 -6.07573  1.43619
 1.53378 -6.06476  1.43749
 1.53509 -6.05382  1.43879
 1.53639 -6.04289  1.44009
 1.53769   -6.032  1.44139
 1.53899 -6.02115  1.44269
 1.54029 -6.01032  1.44269
 1.54159 -5.99951  1.44399
 1.54289 -5.98872   1.4453
 1.54419 -5.97795   1.4466
  1.5455 -5.96722   1.4479
  1.5468 -5.95651   1.4492
  1.5481 -5.94584   1.4505
  1.5494 -5.93519   1.4505
  1.5507 -5.92456   1.4518
   1.552 -5.91395   1.4531
  1.5533 -5.90336   1.4544
  1.5546  -5.8928  1.45571
 1.55591 -5.88228  1.45701
 1.55721 -5.87179  1.45831
 1.55851 -5.86131  1.45831
 1.55981 -5.85085  1.45961
 1.56111 -5.84041  1.46091
 1.56241    -5.83  1.46221
 1.56371 -5.81963  1.46351
 1.56502 -5.80928  1.46481
 1.56632 -5.79896  1.46612
 1.56762 -5.78865  1.46612
 1.56892 -5.77836  1.46742
 1.57022 -5.76809  1.46872
 1.57152 -5.75786  1.47002
 1.57282 -5.74766  1.47132
 1.57412 -5.73748  1.47262
 1.57543 -5.72732  1.47392
 1.57673 -5.71718  1.47392
 1.57803 -5.70706  1.47523
 1.57933 -5.69697  1.47653
 1.58063 -5.68691  1.47783
 1.58193 -5.67687  1.47913
 1.58323 -5.66686  1.48043
 1.58453 -5.65687  1.48043
 1.58584 -5.64689  1.48173
 1.58714 -5.63693  1.48303
 1.58844 -5.62701  1.48433
 1.58974 -5.61711  1.48564
 1.59104 -5.60724  1.48694
 1.59234 -5.59739  1.48824
 1.59364 -5.58756  1.48824
 1.59494 -5.57774  1.48954
 1.59625 -5.56795  1.49084
 1.59755 -5.55819  1.49214
 1.59885 -5.54845  1.49344
 1.60015 -5.53874  1.49474
 1.60145 -5.52905  1.49605
 1.60275 -5.51937  1.49605
 1.60405 -5.50972  1.49735
 1.60536 -5.50009  1.49865
 1.60666 -5.49049  1.49995
 1.60796 -5.48091  1.50125
 1.60926 -5.47135  1.50255
 1.61056 -5.46182  1.50255
 1.61186  -5.4523  1.50385
 1.61316  -5.4428  1.50516
 1.61446 -5.43333  1.50646
 1.61577 -5.42388  1.50776
 1.61707 -5.41445  1.50906
 1.61837 -5.40505  1.51036
 1.61967 -5.39567  1.51036
 1.62097 -5.38631  1.51166
 1.62227 -5.37696  1.51296
 1.62357 -5.36764  1.51426
 1.62487 -5.35834  1.51557
 1.62618 -5.34907  1.51687
 1.62748 -5.33982  1.51817
 1.62878 -5.33059  1.51817
 1.63008 -5.32137  1.51947
 1.63138 -5.31218  1.52077
 1.63268 -5.30301  1.52207
 1.63398 -5.29386  1.52337
 1.63529 -5.28474  1.52467
 1.63659 -5.27564  1.52467
 1.63789 -5.26654  1.52598
 1.63919 -5.25747  1.52728
 1.64049 -5.24843  1.52858
 1.64179  -5.2394  1.52988
 1.64309  -5.2304  1.53118
 1.64439 -5.22143  1.53248
  1.6457 -5.21247  1.53248
   1.647 -5.20352  1.53378
  1.6483 -5.19459  1.53509
  1.6496 -5.18569  1.53639
  1.6509 -5.17682  1.53769
  1.6522 -5.16796  1.53899
  1.6535 -5.15912  1.54029
  1.6548  -5.1503  1.54029
 1.65611  -5.1415  1.54159
 1.65741 -5.13271  1.54289
 1.65871 -5.12396  1.54419
 1.66001 -5.11522   1.5455
 1.66131  -5.1065   1.5468
 1.66261 -5.09781   1.5468
 1.66391 -5.08912   1.5481
 1.66522 -5.08045   1.5494
 1.66652 -5.07181   1.5507
 1.66782 -5.06319    1.552
 1.66912 -5.05459   1.5533
 1.67042 -5.04601   1.5546
 1.67172 -5.03745   1.5546
 1.67302  -5.0289  1.55591
 1.67432 -5.02037  1.55721
 1.67563 -5.01187  1.55851
 1.67693 -5.00338  1.55981
 1.67823 -4.99492  1.56111
 1.67953 -4.98647  1.56241
 1.68083 -4.97804  1.56241
 1.68213 -4.96963  1.56371
 1.68343 -4.96123  1.56502
 1.68473 -4.95286  1.56632
 1.68604 -4.94451  1.56762
 1.68734 -4.93618  1.56892
 1.68864 -4.92786  1.56892
 1.68994 -4.91956  1.57022
 1.69124 -4.91128  1.57152
 1.69254 -4.90301  1.57282
 1.69384 -4.89477  1.57412
 1.69515 -4.88655  1.57543
 1.69645 -4.87835  1.57673
 1.69775 -4.87016  1.57673
 1.69905 -4.86199  1.57803
 1.70035 -4.85384  1.57933
 1.70165  -4.8457  1.58063
 1.70295 -4.83759  1.58193
 1.70425  -4.8295  1.58323
 1.70556 -4.82142  1.58453
 1.70686 -4.81336  1.58453
 1.70816 -4.80531  1.58584
 1.70946 -4.79728  1.58714
 1.71076 -4.78928  1.58844
 1.71206 -4.78129  1.58974
 1.71336 -4.77332  1.59104
 1.71466 -4.76537  1.59104
 1.71597 -4.75743  1.59234
 1.71727 -4.74951  1.59364
 1.71857 -4.74161  1.59494
 1.71987 -4.73372  1.59625
 1.72117 -4.72586  1.59755
 1.72247 -4.71801  1.59885
 1.72377 -4.71018  1.59885
 1.72508 -4.70236  1.60015
 1.72638 -4.69456  1.60145
 1.72768 -4.68678  1.60275
 1.72898 -4.67902  1.60405
 1.73028 -4.67128  1.60536
 1.73158 -4.66355  1.60666
 1.73288 -4.65584  1.60666
 1.73418 -4.64814  1.60796
 1.73549 -4.64046  1.60926
 1.73679  -4.6328  1.61056
 1.73809 -4.62516  1.61186
 1.73939 -4.61753  1.61316
 1.74069 -4.60992  1.61316
 1.74199 -4.60232  1.61446
 1.74329 -4.59474  1.61577
 1.74459 -4.58718  1.61707
  1.7459 -4.57964  1.61837
  1.7472 -4.57211  1.61967
  1.7485  -4.5646  1.62097
  1.7498 -4.55711  1.62097
  1.7511 -4.54962  1.62227
  1.7524 -4.54216  1.62357
  1.7537 -4.53471  1.62487
 1.75501 -4.52728  1.62618
 1.75631 -4.51987  1.62748
 1.75761 -4.51248  1.62748
 1.75891 -4.50509  1.62878
 1.76021 -4.49772  1.63008
 1.76151 -4.49037  1.63138
 1.76281 -4.48304  1.63268
 1.76411 -4.47572  1.63398
 1.76542 -4.46842  1.63529
 1.76672 -4.46114  1.63529
 1.76802 -4.45386  1.63659
 1.76932  -4.4466  1.63789
 1.77062 -4.43936  1.63919
 1.77192 -4.43214  1.64049
 1.77322 -4.42494  1.64179
 1.77452 -4.41775  1.64309
 1.77583 -4.41056  1.64309
 1.77713  -4.4034  1.64439
 1.77843 -4.39625   1.6457
 1.77973 -4.38912    1.647
 1.78103 -4.38201   1.6483
 1.78233 -4.37491   1.6496
 1.78363 -4.36783   1.6496
 1.78493 -4.36075   1.6509
 1.78624  -4.3537   1.6522
 1.78754 -4.34666   1.6535
 1.78884 -4.33963   1.6548
 1.79014 -4.33262  1.65611
 1.79144 -4.32563  1.65741
 1.79274 -4.31865  1.65741
 1.79404 -4.31168  1.65871
 1.79535 -4.30473  1.66001
 1.79665  -4.2978  1.66131
 1.79795 -4.29088  1.66261
 1.79925 -4.28398  1.66391
 1.80055 -4.27709  1.66391
 1.80185 -4.27021  1.66522
 1.80315 -4.26335  1.66652
 1.80445  -4.2565  1.66782
 1.80576 -4.24967  1.66912
 1.80706 -4.24285  1.67042
 1.80836 -4.23605  1.67172
 1.80966 -4.22926  1.67172
 1.81096 -4.22249  1.67302
 1.81226 -4.21572  1.67432
 1.81356 -4.20898  1.67563
 1.81486 -4.20225  1.67693
 1.81617 -4.19553  1.67823
 1.81747 -4.18884  1.67823
 1.81877 -4.18214  1.67953
 1.82007 -4.17547  1.68083
 1.82137  -4.1688  1.68213
 1.82267 -4.16216  1.68343
 1.82397 -4.15553  1.68473
 1.82528 -4.14891  1.68604
 1.82658 -4.14231  1.68604
 1.82788 -4.13572  1.68734
 1.82918 -4.12914  1.68864
 1.83048 -4.12257  1.68994
 1.83178 -4.11603  1.69124
 1.83308 -4.10949  1.69254
 1.83438 -4.10298  1.69384
 1.83569 -4.09647  1.69384
 1.83699 -4.08997  1.69515
 1.83829 -4.08349  1.69645
 1.83959 -4.07702  1.69775
 1.84089 -4.07057  1.69905
 1.84219 -4.06413  1.70035
 1.84349 -4.05771  1.70035
 1.84479 -4.05129  1.70165
  1.8461 -4.04489  1.70295
  1.8474 -4.03851  1.70425
  1.8487 -4.03213  1.70556
    1.85 -4.02578  1.70686